8909.143009334943	300.0	2000.0	150.190534367234	0	0.0	8909.143009334943	1	0	tensor(5, device='cuda:0')	-5.178074446937961
9049.16702073858	300.0	2824.9699857454543	0.0	0	0.0	8874.137006484034	1	0	tensor(5, device='cuda:0')	-3.847653229540957
10230.680738629118	3000.0	2348.0778383822794	0.0	0	0.0	8578.758577011398	1	0	tensor(5, device='cuda:0')	-4.316899325210803
11186.776453116137	3000.0	2152.9581952735057	0.0	0	0.0	8339.734648389644	1	0	tensor(5, device='cuda:0')	-1.8322355947180848
12151.640225515997	3000.0	1946.87847977368	0.0	0	0.0	8098.518705289678	1	0	tensor(5, device='cuda:0')	-1.7600262747117035
13199.40707085616	3000.0	1637.169923098478	0.0	0	0.0	7836.576993954639	1	0	tensor(5, device='cuda:0')	-1.6927520451292712
14137.478102017594	3000.0	1464.5811341466874	0.0	0	0.0	7602.059236164284	1	0	tensor(5, device='cuda:0')	-1.5197725585374797
14963.12736138425	3000.0	1432.5195599383692	0.0	0	0.0	7395.646921322621	1	0	tensor(5, device='cuda:0')	-1.3387905830844904
15978.071507715678	3000.0	1163.8393770240841	0.0	0	0.0	7141.910884739764	1	0	tensor(5, device='cuda:0')	-1.2712018548247157
16959.889748713496	3000.0	936.5665757768168	0.0	0	0.0	6896.456324490315	1	0	tensor(5, device='cuda:0')	-1.0663866701554867
17735.617604232048	3000.0	966.9067563786288	0.0	0	0.0	6702.524360610678	1	0	tensor(5, device='cuda:0')	-0.7950983332248017
18446.118553794407	3000.0	1078.7805694256826	0.0	0	0.0	6524.899123220093	1	0	tensor(5, device='cuda:0')	-0.5948330975576159
19767.924727951126	3000.0	426.5228517297848	0.0	0	0.0	6194.447579680915	1	0	tensor(5, device='cuda:0')	-0.6195272299324499
20451.12420697725	3000.0	577.7769899135087	4.202789573108191	0	0.0	6028.901196890762	1	0	tensor(5, device='cuda:0')	-0.12340351660616294
21215.616341517034	3000.0	622.1618217387796	0.0	0	0.0	5837.778163255816	1	0	tensor(5, device='cuda:0')	0.04018647430732636
21583.84851920702	1000.0	1161.8715996262995	0.0	0	0.0	5745.72011883332	1	0	tensor(5, device='cuda:0')	-1.8386888481653447
22614.52031571834	3000.0	873.5318539871457	0.0	0	0.0	5488.052169705486	1	0	tensor(5, device='cuda:0')	-0.8644258298832737
23838.845260904287	3000.0	343.12567250471	0.0	0	0.0	5181.970933408997	1	0	tensor(5, device='cuda:0')	0.40608220940398376
24279.86180205028	1000.0	791.8549960722223	0.0	0	0.0	5071.716798122503	1	0	tensor(5, device='cuda:0')	-1.260766136863497
24674.48731583025	1000.0	1298.57310384726	0.0	0	0.0	4973.060419677517	1	0	tensor(5, device='cuda:0')	-0.05449648323406919
25662.582983510925	3000.0	1063.4535192464186	0.0	0	0.0	4726.03650275735	1	0	tensor(5, device='cuda:0')	-0.19528704194507068
26363.67602759418	3000.0	1187.0872141423476	0.0	0	0.0	4550.763241736535	1	0	tensor(5, device='cuda:0')	1.175137851401786
26960.67775121458	3000.0	1440.8350596168507	0.0	0	0.0	4401.512810831438	1	0	tensor(5, device='cuda:0')	1.3177769590028943
27795.175075020044	3000.0	1397.7134048600212	0.0	0	0.0	4192.8884798800755	1	0	tensor(5, device='cuda:0')	1.3050887832179021
28491.84377657382	3000.0	1526.8775279178021	0.0	0	0.0	4018.7213044916316	1	0	tensor(5, device='cuda:0')	1.4608933541943414
29296.869887951	3000.0	1520.5948886963292	0.0	0	0.0	3817.464776647339	1	0	tensor(5, device='cuda:0')	1.4841754527748279
30007.330717474837	3000.0	1632.5188517915353	0.0	0	0.0	3639.849569266382	1	0	tensor(5, device='cuda:0')	1.59421781221249
31062.540166719322	3000.0	1313.5070402359327	0.0	0	0.0	3376.0472069552598	1	0	tensor(5, device='cuda:0')	1.499102441897785
31860.86563421703	3000.0	1315.600205863796	0.0	0	0.0	3176.4658400808257	1	0	tensor(5, device='cuda:0')	1.6788833346208578
32519.809961896135	3000.0	1491.919796264909	0.0	0	0.0	3011.7297581610437	1	0	tensor(5, device='cuda:0')	1.783542259158949
33085.556530373455	3000.0	1784.7365856682547	0.0	0	0.0	2870.29311604171	1	0	tensor(5, device='cuda:0')	1.8565180480119359
34307.487758092735	6000.0	1257.3225510191555	0.0	0	0.0	2564.8103091118865	1	0	tensor(5, device='cuda:0')	1.565826103394353
35000.9321258654	3000.0	1390.5170913033146	0.0	0	0.0	2391.4492171687125	1	0	tensor(5, device='cuda:0')	1.1623044103261586
36363.84702238646	6000.0	686.8734706520013	0.0	0	0.0	2050.720493038454	1	0	tensor(5, device='cuda:0')	1.5484471549188128
37035.172166807395	3000.0	847.7170401258289	0.0	0	0.0	1882.8892069332142	1	0	tensor(5, device='cuda:0')	1.216817551946126
37555.97854044695	3000.0	1196.7090730763916	0.0	0	0.0	1752.6876135233324	1	0	tensor(5, device='cuda:0')	1.99375493460603
38482.338217674886	6000.0	1038.759476541481	0.0	0	0.0	1521.0976942163616	1	0	tensor(5, device='cuda:0')	1.8015368411690287
39428.29927170767	6000.0	856.3081590005127	0.0	0	0.0	1284.60743070818	1	0	tensor(5, device='cuda:0')	2.494798635158534
40200.0	3000.0	891.6822486351043	0.0	0	382.9174478474815	1091.6822486350939	1	0	tensor(5, device='cuda:0')	1.2015735805258334
41200.0	3000.0	641.6822486351083	0.0	0	373.53233173584886	841.6822486350939	1	0	tensor(5, device='cuda:0')	1.787273598722407
42200.0	3000.0	391.682248635105	0.0	0	367.90460670109314	591.6822486350939	1	0	tensor(5, device='cuda:0')	1.7928167927724703
43200.0	2000.0	391.68224863509954	0.0	0	396.35323662012524	591.6822486350939	1	0	tensor(3, device='cuda:0')	0.9837085875524546
44200.0	2000.0	391.68224863509164	0.0	0	465.2054387916505	591.6822486350939	1	0	tensor(3, device='cuda:0')	1.8891736956606193
45200.0	2000.0	391.68224863508567	0.0	0	313.7702699186484	591.6822486350939	1	0	tensor(3, device='cuda:0')	1.8891736956606193
46200.0	2000.0	391.6822486350859	0.0	0	517.8045634814043	591.6822486350939	1	0	tensor(3, device='cuda:0')	1.8891736956606193
47200.0	2000.0	391.68224863509204	0.0	0	285.08377242440474	591.6822486350939	1	0	tensor(3, device='cuda:0')	1.8891736956606193
48200.0	2000.0	391.68224863509477	0.0	0	444.0446376736654	591.6822486350939	1	0	tensor(3, device='cuda:0')	1.8891736956606193
49200.0	2000.0	391.6822486350944	0.0	0	554.4559759708281	591.6822486350866	1	0	tensor(3, device='cuda:0')	1.8891736956606193
50200.0	2000.0	391.6822486350909	0.0	0	623.0772408227858	591.6822486350866	1	0	tensor(3, device='cuda:0')	1.8891736956606193
51200.0	2000.0	391.68224863509215	0.0	0	585.9222417115452	591.6822486350866	1	0	tensor(3, device='cuda:0')	1.8891736956606193
52200.0	2000.0	391.68224863508476	0.0	0	620.3817352921178	591.6822486350793	1	0	tensor(3, device='cuda:0')	1.8891736956606195
53200.0	2000.0	391.68224863507703	0.0	0	613.8807518352914	591.6822486350793	1	0	tensor(3, device='cuda:0')	1.8891736956606195
54200.0	2000.0	391.6822486350769	0.0	0	518.423712306263	591.6822486350793	1	0	tensor(3, device='cuda:0')	1.8891736956606195
55200.0	2000.0	391.68224863507794	0.0	0	631.226979891253	591.6822486350793	1	0	tensor(3, device='cuda:0')	1.8891736956606195
56200.0	2000.0	391.6822486350742	0.0	0	250.11930629765266	591.6822486350793	1	0	tensor(3, device='cuda:0')	1.8891736956606195
57200.0	2000.0	391.68224863507675	0.0	0	301.43441247454757	591.6822486350793	1	0	tensor(3, device='cuda:0')	1.8891736956606195
58200.0	2000.0	391.6822486350759	0.0	0	364.68948105230083	591.6822486350793	1	0	tensor(3, device='cuda:0')	1.8891736956606195
59200.0	2000.0	391.6822486350802	0.0	0	401.4282845673006	591.6822486350793	1	0	tensor(3, device='cuda:0')	1.8891736956606195
60200.0	2000.0	391.68224863508806	0.0	0	458.57356687846914	591.6822486350866	1	0	tensor(3, device='cuda:0')	1.8891736956606193
61200.0	2000.0	391.6822486350932	0.0	0	47.44061320301262	591.6822486350939	1	0	tensor(3, device='cuda:0')	1.8891736956606193
62200.0	2000.0	486.07298908753273	94.39074045244693	0	180.90907138347393	686.0729890875373	1	0	tensor(3, device='cuda:0')	1.3210722552159306
63200.0	2000.0	486.0729890875251	0.0	0	643.3742693347231	686.07298908753	1	0	tensor(3, device='cuda:0')	1.8874166979306126
64200.0	2000.0	486.0729890875225	0.0	0	450.05531335730484	686.0729890875373	1	0	tensor(3, device='cuda:0')	1.8874166979306124
65200.0	2000.0	486.0729890875242	0.0	0	251.0900860732727	686.0729890875373	1	0	tensor(3, device='cuda:0')	1.8874166979306124
66200.0	2000.0	486.0729890875284	0.0	0	417.58997384433314	686.0729890875373	1	0	tensor(3, device='cuda:0')	1.8874166979306124
67200.0	2000.0	486.0729890875251	0.0	0	313.96522108392674	686.0729890875518	1	0	tensor(3, device='cuda:0')	1.887416697930612
68200.0	2000.0	486.07298908752	0.0	0	387.66320354118943	686.0729890875664	1	0	tensor(3, device='cuda:0')	1.8874166979306117
69200.0	2000.0	486.07298908751295	0.0	0	435.9809843952971	686.0729890875664	1	0	tensor(3, device='cuda:0')	1.8874166979306117
70200.0	2000.0	486.0729890875243	0.0	0	518.268408401098	686.0729890875664	1	0	tensor(3, device='cuda:0')	1.8874166979306117
71200.0	2000.0	486.0729890875325	0.0	0	597.0798211199872	686.0729890875664	1	0	tensor(3, device='cuda:0')	1.8874166979306117
72200.0	2000.0	486.07298908753194	0.0	0	538.7708898966666	686.0729890875664	1	0	tensor(3, device='cuda:0')	1.8874166979306117
73200.0	2000.0	486.07298908753023	0.0	0	271.78554730210453	686.0729890875809	1	0	tensor(3, device='cuda:0')	1.8874166979306115
74200.0	2000.0	486.07298908753535	0.0	0	487.7992974381341	686.0729890875809	1	0	tensor(3, device='cuda:0')	1.8874166979306115
75200.0	2000.0	486.07298908753285	0.0	0	551.5738231543073	686.0729890875664	1	0	tensor(3, device='cuda:0')	1.8874166979306117
76200.0	2000.0	486.0729890875285	0.0	0	408.4813701076637	686.0729890875664	1	0	tensor(3, device='cuda:0')	1.8874166979306117
77200.0	2000.0	486.07298908753114	0.0	0	593.5871878581238	686.0729890875518	1	0	tensor(3, device='cuda:0')	1.887416697930612
78200.0	2000.0	486.0729890875307	0.0	0	657.8078365677502	686.0729890875518	1	0	tensor(3, device='cuda:0')	1.887416697930612
79200.0	2000.0	486.07298908753705	0.0	0	474.37352263648063	686.0729890875518	1	0	tensor(3, device='cuda:0')	1.887416697930612
80200.0	2000.0	486.0729890875243	0.0	0	530.8511180464266	686.0729890875518	1	0	tensor(3, device='cuda:0')	1.887416697930612
81200.0	2000.0	486.07298908753637	0.0	0	635.5917039436317	686.0729890875518	1	0	tensor(3, device='cuda:0')	1.887416697930612
82200.0	2000.0	486.0729890875267	0.0	0	598.6139023354772	686.0729890875518	1	0	tensor(3, device='cuda:0')	1.887416697930612
83200.0	2000.0	486.07298908752455	0.0	0	453.44893825535837	686.0729890875518	1	0	tensor(3, device='cuda:0')	1.887416697930612
84200.0	2000.0	486.0729890875143	0.0	0	386.9393126050418	686.0729890875373	1	0	tensor(3, device='cuda:0')	1.8874166979306124
85200.0	2000.0	486.0729890875034	0.0	0	408.3138068934204	686.0729890875373	1	0	tensor(3, device='cuda:0')	1.8874166979306124
86200.0	2000.0	486.0729890875083	0.0	0	130.5877054501616	686.0729890875518	1	0	tensor(3, device='cuda:0')	1.887416697930612
87348.14716741159	2000.0	350.36147262421935	12.435650948284518	0	0.0	698.5086400358414	1	0	tensor(3, device='cuda:0')	1.8125588254617149
88427.65403903338	2000.0	438.9568242210032	168.10222321858134	0	0.0	866.6108632544201	1	0	tensor(3, device='cuda:0')	0.8749492302544821
89303.22730632909	2000.0	570.2643856279096	6.880828702606891	0	0.0	873.4916919570242	1	0	tensor(3, device='cuda:0')	1.8421166555097725
90200.0	2000.0	673.4916919570157	0.0	0	222.7339343924832	873.4916919570242	1	0	tensor(3, device='cuda:0')	1.8834016277254138
91200.0	2000.0	673.4916919570182	0.0	0	238.66021379840095	873.4916919570242	1	0	tensor(3, device='cuda:0')	1.8834016277254138
92200.0	2000.0	673.491691957012	0.0	0	408.47945007246744	873.4916919570242	1	0	tensor(3, device='cuda:0')	1.8834016277254138
93200.0	2000.0	673.491691957023	0.0	0	422.5667156773852	873.4916919570242	1	0	tensor(3, device='cuda:0')	1.8834016277254138
94200.0	2000.0	673.4916919570254	0.0	0	290.4934137966484	873.4916919570242	1	0	tensor(3, device='cuda:0')	1.8834016277254138
95200.0	2000.0	673.4916919570276	0.0	0	499.5522012822039	873.4916919570242	1	0	tensor(3, device='cuda:0')	1.8834016277254138
96200.0	2000.0	673.4916919570276	0.0	0	456.09379004937364	873.4916919570242	1	0	tensor(3, device='cuda:0')	1.8834016277254138
97200.0	2000.0	673.4916919570259	0.0	0	556.2428080356476	873.4916919570242	1	0	tensor(3, device='cuda:0')	1.8834016277254138
98200.0	2000.0	673.4916919570126	0.0	0	452.76361989756697	873.4916919570242	1	0	tensor(3, device='cuda:0')	1.8834016277254138
99200.0	2000.0	673.4916919570215	0.0	0	110.01924001077714	873.4916919570242	1	0	tensor(3, device='cuda:0')	1.8834016277254138
100200.0	2000.0	673.4916919570221	0.0	0	296.788089525915	873.4916919570242	1	0	tensor(3, device='cuda:0')	1.8834016277254138
101200.0	2000.0	673.4916919570242	0.0	0	372.38148673409887	873.4916919570387	1	0	tensor(3, device='cuda:0')	1.8834016277254135
102200.0	2000.0	673.491691957033	0.0	0	511.2552510050009	873.4916919570387	1	0	tensor(3, device='cuda:0')	1.8834016277254135
103200.0	2000.0	673.491691957026	0.0	0	347.0108210999024	873.4916919570387	1	0	tensor(3, device='cuda:0')	1.8834016277254135
104200.0	2000.0	673.4916919570397	0.0	0	447.45754010020755	873.4916919570242	1	0	tensor(3, device='cuda:0')	1.8834016277254138
105200.0	2000.0	673.491691957041	0.0	0	469.77738445429713	873.4916919570096	1	0	tensor(3, device='cuda:0')	1.8834016277254142
106200.0	3000.0	423.4916919570712	0.0	0	172.9222234365152	623.4916919570242	1	0	tensor(5, device='cuda:0')	0.8869347759151232
107200.0	2000.0	423.4916919570867	0.0	0	429.48063043071306	623.4916919570242	1	0	tensor(3, device='cuda:0')	0.9831347424367324
108200.0	2000.0	423.4916919570828	0.0	0	388.7829492629244	623.4916919570387	1	0	tensor(3, device='cuda:0')	1.8885998505448967
109200.0	2000.0	423.49169195709317	0.0	0	268.08203288316145	623.4916919570533	1	0	tensor(3, device='cuda:0')	1.8885998505448964
110200.0	2000.0	423.49169195708623	0.0	0	406.73692573937296	623.4916919570533	1	0	tensor(3, device='cuda:0')	1.8885998505448964
111200.0	2000.0	423.4916919571086	0.0	0	325.05767739775183	623.4916919570678	1	0	tensor(3, device='cuda:0')	1.8885998505448962
112200.0	2000.0	423.4916919571182	0.0	0	453.495093977137	623.4916919570824	1	0	tensor(3, device='cuda:0')	1.888599850544896
113200.0	2000.0	423.49169195711704	0.0	0	408.4969922146702	623.4916919570678	1	0	tensor(3, device='cuda:0')	1.8885998505448962
114200.0	2000.0	423.4916919571215	0.0	0	257.0934115284326	623.4916919570678	1	0	tensor(3, device='cuda:0')	1.8885998505448962
115200.0	2000.0	423.4916919571226	0.0	0	340.400363518449	623.4916919570678	1	0	tensor(3, device='cuda:0')	1.8885998505448962
116200.0	2000.0	423.4916919571167	0.0	0	533.672631644833	623.4916919570533	1	0	tensor(3, device='cuda:0')	1.8885998505448964
117200.0	2000.0	423.49169195712295	0.0	0	695.107149375719	623.4916919570533	1	0	tensor(3, device='cuda:0')	1.8885998505448964
118200.0	2000.0	423.49169195710965	0.0	0	723.3200156334933	623.4916919570533	1	0	tensor(3, device='cuda:0')	1.8885998505448964
119200.0	2000.0	423.49169195710033	0.0	0	488.17078551175655	623.4916919570533	1	0	tensor(3, device='cuda:0')	1.8885998505448964
120200.0	2000.0	423.49169195709226	0.0	0	337.8533865754289	623.4916919570387	1	0	tensor(3, device='cuda:0')	1.8885998505448967
121200.0	2000.0	423.4916919570844	0.0	0	404.3721578477853	623.4916919570533	1	0	tensor(3, device='cuda:0')	1.8885998505448964
122200.0	2000.0	423.4916919570944	0.0	0	536.4371208530356	623.4916919570678	1	0	tensor(3, device='cuda:0')	1.8885998505448962
123200.0	2000.0	423.4916919571018	0.0	0	80.17447753169108	623.4916919570678	1	0	tensor(3, device='cuda:0')	1.8885998505448962
124200.0	2000.0	455.7026934891114	32.21100153201988	0	82.31170888268389	655.7026934890891	1	0	tensor(3, device='cuda:0')	1.6947340265780628
125378.71332805528	2000.0	296.5465218263823	19.557156392558625	0	0.0	675.2598498816515	1	0	tensor(3, device='cuda:0')	1.7702834672717558
126200.0	2000.0	551.3579317126162	76.09808183094873	0	77.24421543641074	751.3579317126132	1	0	tensor(3, device='cuda:0')	1.429513258509033
127200.0	2000.0	551.357931712605	0.0	0	238.8478757319681	751.3579317126132	1	0	tensor(3, device='cuda:0')	1.8861017494947254
128200.0	2000.0	551.3579317126021	0.0	0	424.09417812693573	751.3579317126132	1	0	tensor(3, device='cuda:0')	1.8861017494947254
129200.0	2000.0	551.357931712615	0.0	0	537.0248341790139	751.3579317126278	1	0	tensor(3, device='cuda:0')	1.8861017494947252
130200.0	2000.0	551.3579317126331	0.0	0	467.3234114112129	751.3579317126423	1	0	tensor(3, device='cuda:0')	1.886101749494725
131200.0	2000.0	551.357931712623	0.0	0	228.0082822515542	751.3579317126278	1	0	tensor(3, device='cuda:0')	1.886101749494725
132200.0	2000.0	551.357931712617	0.0	0	288.6144990620087	751.3579317126423	1	0	tensor(3, device='cuda:0')	1.8861017494947252
133200.0	2000.0	551.3579317126121	0.0	0	474.35343932700926	751.3579317126423	1	0	tensor(3, device='cuda:0')	1.886101749494725
134200.0	2000.0	551.357931712612	0.0	0	418.5693086832762	751.3579317126423	1	0	tensor(3, device='cuda:0')	1.886101749494725
135200.0	2000.0	551.3579317126279	0.0	0	410.85803180464427	751.3579317126423	1	0	tensor(3, device='cuda:0')	1.886101749494725
136200.0	2000.0	551.3579317126148	0.0	0	592.2008826078963	751.3579317126423	1	0	tensor(3, device='cuda:0')	1.886101749494725
137200.0	2000.0	551.3579317126272	0.0	0	627.7805058322847	751.3579317126714	1	0	tensor(3, device='cuda:0')	1.8861017494947243
138200.0	2000.0	551.3579317126243	0.0	0	631.9278435098531	751.3579317126714	1	0	tensor(3, device='cuda:0')	1.8861017494947243
139200.0	2000.0	551.3579317126164	0.0	0	652.0407091838715	751.3579317126714	1	0	tensor(3, device='cuda:0')	1.8861017494947243
140200.0	2000.0	551.3579317125689	0.0	0	489.12639215774834	751.3579317126714	1	0	tensor(3, device='cuda:0')	1.8861017494947243
141200.0	2000.0	551.3579317125642	0.0	0	470.13068317977013	751.3579317126714	1	0	tensor(3, device='cuda:0')	1.8861017494947243
142200.0	2000.0	551.3579317125527	0.0	0	395.0032387477695	751.3579317126714	1	0	tensor(3, device='cuda:0')	1.8861017494947243
143200.0	2000.0	551.3579317125387	0.0	0	374.522678658308	751.3579317126714	1	0	tensor(3, device='cuda:0')	1.8861017494947243
144200.0	2000.0	551.3579317125262	0.0	0	321.8167121836159	751.3579317126423	1	0	tensor(3, device='cuda:0')	1.886101749494725
145200.0	2000.0	551.3579317125451	0.0	0	248.08371385830105	751.3579317126423	1	0	tensor(3, device='cuda:0')	1.886101749494725
146200.0	2000.0	551.3579317125563	0.0	0	404.1985429105407	751.3579317126423	1	0	tensor(3, device='cuda:0')	1.886101749494725
147200.0	2000.0	551.3579317125482	0.0	0	309.6528359349468	751.3579317126423	1	0	tensor(3, device='cuda:0')	1.886101749494725
148200.0	2000.0	551.3579317125515	0.0	0	352.8584352538455	751.3579317126423	1	0	tensor(3, device='cuda:0')	1.886101749494725
149200.0	2000.0	551.3579317125333	0.0	0	393.91640307259513	751.3579317126423	1	0	tensor(3, device='cuda:0')	1.886101749494725
150200.0	2000.0	551.3579317125312	0.0	0	351.48565631365636	751.3579317126132	1	0	tensor(3, device='cuda:0')	1.8861017494947254
151200.0	2000.0	551.3579317125482	0.0	0	631.0228403279616	751.3579317126132	1	0	tensor(3, device='cuda:0')	1.8861017494947254
152200.0	2000.0	551.3579317125533	0.0	0	207.71283054735977	751.3579317125841	1	0	tensor(3, device='cuda:0')	1.886101749494726
153200.0	2000.0	551.3579317125104	0.0	0	86.58861182269175	751.3579317125841	1	0	tensor(3, device='cuda:0')	1.886101749494726
154200.0	2000.0	551.3579317124942	0.0	0	262.8581566631037	751.357931712555	1	0	tensor(3, device='cuda:0')	1.8861017494947268
155200.0	2000.0	551.357931712493	0.0	0	56.76699253960396	751.3579317125259	1	0	tensor(3, device='cuda:0')	1.8861017494947274
156200.0	2000.0	551.3579317125184	0.0	0	95.35872473096242	751.3579317125259	1	0	tensor(3, device='cuda:0')	1.8861017494947274
157200.0	2000.0	551.357931712535	0.0	0	471.1889494926727	751.3579317125259	1	0	tensor(3, device='cuda:0')	1.8861017494947274
158200.0	2000.0	551.3579317125659	0.0	0	545.4777390956006	751.3579317125259	1	0	tensor(3, device='cuda:0')	1.8861017494947274
159200.0	2000.0	551.3579317125651	0.0	0	587.2487841904222	751.3579317125259	1	0	tensor(3, device='cuda:0')	1.8861017494947274
160200.0	2000.0	551.3579317125732	0.0	0	542.2988463704824	751.357931712555	1	0	tensor(3, device='cuda:0')	1.8861017494947268
161200.0	2000.0	551.3579317125962	0.0	0	140.7749792780378	751.357931712555	1	0	tensor(3, device='cuda:0')	1.8861017494947268
162200.0	2000.0	551.3579317125948	0.0	0	202.52744714939035	751.357931712555	1	0	tensor(3, device='cuda:0')	1.8861017494947268
163200.0	2000.0	551.3579317126255	0.0	0	463.1096892048663	751.357931712555	1	0	tensor(3, device='cuda:0')	1.8861017494947268
164200.0	2000.0	551.3579317126256	0.0	0	536.9324023519875	751.357931712555	1	0	tensor(3, device='cuda:0')	1.8861017494947268
165200.0	2000.0	551.3579317126411	0.0	0	676.9498424328631	751.357931712555	1	0	tensor(3, device='cuda:0')	1.8861017494947268
166200.0	2000.0	551.3579317126143	0.0	0	644.2149989538011	751.357931712555	1	0	tensor(3, device='cuda:0')	1.8861017494947268
167200.0	2000.0	551.3579317126175	0.0	0	599.4803416847426	751.357931712555	1	0	tensor(3, device='cuda:0')	1.8861017494947268
168200.0	2000.0	551.3579317126341	0.0	0	628.5504347166861	751.357931712555	1	0	tensor(3, device='cuda:0')	1.8861017494947268
169200.0	2000.0	551.3579317126454	0.0	0	499.7392106328625	751.3579317125259	1	0	tensor(3, device='cuda:0')	1.8861017494947274
170200.0	2000.0	551.3579317126123	0.0	0	662.2704518399842	751.3579317125259	1	0	tensor(3, device='cuda:0')	1.8861017494947274
171200.0	2000.0	551.3579317126068	0.0	0	551.3312461058958	751.3579317124968	1	0	tensor(3, device='cuda:0')	1.886101749494728
172200.0	2000.0	551.3579317125952	0.0	0	611.5461407827388	751.3579317124968	1	0	tensor(3, device='cuda:0')	1.886101749494728
173200.0	2000.0	551.3579317125639	0.0	0	625.6875308284361	751.3579317124968	1	0	tensor(3, device='cuda:0')	1.886101749494728
174200.0	2000.0	551.3579317125614	0.0	0	453.04930855179555	751.3579317124677	1	0	tensor(3, device='cuda:0')	1.8861017494947285
175268.161027923	2000.0	483.1969037895748	0.0	0	0.0	751.3579317124677	1	0	tensor(3, device='cuda:0')	1.8861017494947285
176369.3618053192	2000.0	456.0445333817124	74.04840698835201	0	0.0	825.4063387007918	1	0	tensor(3, device='cuda:0')	1.4402133272619597
177318.1219850098	2000.0	543.6634749688376	36.37912127770028	0	0.0	861.785459978506	1	0	tensor(3, device='cuda:0')	1.6654000564707427
178200.0	2000.0	661.7854599786567	0.0	0	376.24242800381035	861.7854599784769	1	0	tensor(3, device='cuda:0')	1.8836747841369452
179200.0	2000.0	661.7854599786882	0.0	0	361.1953068174189	861.785459978506	1	0	tensor(3, device='cuda:0')	1.8836747841369443
180200.0	2000.0	661.7854599786835	0.0	0	471.7020077287161	861.785459978506	1	0	tensor(3, device='cuda:0')	1.8836747841369443
181200.0	2000.0	661.785459978698	0.0	0	452.926408566942	861.785459978506	1	0	tensor(3, device='cuda:0')	1.8836747841369443
182200.0	2000.0	661.7854599786967	0.0	0	309.59287731567747	861.785459978506	1	0	tensor(3, device='cuda:0')	1.8836747841369443
183200.0	2000.0	661.7854599786962	0.0	0	496.3672881529201	861.785459978506	1	0	tensor(3, device='cuda:0')	1.8836747841369443
184200.0	2000.0	661.7854599786937	0.0	0	65.56191018974641	861.785459978506	1	0	tensor(3, device='cuda:0')	1.8836747841369443
185200.0	2000.0	661.7854599786758	0.0	0	410.18882304395083	861.785459978506	1	0	tensor(3, device='cuda:0')	1.8836747841369443
186200.0	2000.0	661.7854599786756	0.0	0	82.78457179255201	861.785459978506	1	0	tensor(3, device='cuda:0')	1.8836747841369443
187200.0	2000.0	661.7854599786796	0.0	0	340.1002893464174	861.7854599785351	1	0	tensor(3, device='cuda:0')	1.883674784136944
188200.0	2000.0	661.7854599786943	0.0	0	615.5846682786068	861.7854599785351	1	0	tensor(3, device='cuda:0')	1.883674784136944
189200.0	2000.0	661.7854599786905	0.0	0	604.9626006629551	861.7854599785351	1	0	tensor(3, device='cuda:0')	1.883674784136944
190200.0	3000.0	411.78545997870617	0.0	0	546.0272833429917	611.7854599785642	1	0	tensor(5, device='cuda:0')	0.8868723869662005
191200.0	2000.0	411.78545997872493	0.0	0	726.2731811569538	611.7854599785642	1	0	tensor(3, device='cuda:0')	0.9833480302047646
192200.0	2000.0	411.78545997873675	0.0	0	703.857761338324	611.7854599785642	1	0	tensor(3, device='cuda:0')	1.8888131383129292
193200.0	2000.0	411.785459978722	0.0	0	495.1418882361904	611.7854599785351	1	0	tensor(3, device='cuda:0')	1.8888131383129299
194200.0	2000.0	411.7854599787536	0.0	0	441.36560263534193	611.7854599785351	1	0	tensor(3, device='cuda:0')	1.8888131383129299
195200.0	2000.0	411.7854599787729	0.0	0	468.8869104340847	611.7854599785351	1	0	tensor(3, device='cuda:0')	1.8888131383129299
196200.0	2000.0	411.7854599787547	0.0	0	518.1370729750197	611.7854599785351	1	0	tensor(3, device='cuda:0')	1.8888131383129299
197200.0	2000.0	411.7854599787714	0.0	0	515.0808541898732	611.7854599785351	1	0	tensor(3, device='cuda:0')	1.8888131383129299
198200.0	2000.0	411.7854599787968	0.0	0	566.4948807845067	611.7854599785351	1	0	tensor(3, device='cuda:0')	1.8888131383129299
199200.0	2000.0	411.7854599788103	0.0	0	393.61359029173036	611.7854599785351	1	0	tensor(3, device='cuda:0')	1.8888131383129299
200200.0	2000.0	434.7870684485863	23.00160846976639	0	88.57699426071486	634.7870684482914	1	0	tensor(3, device='cuda:0')	1.750382039318666
201200.0	2000.0	434.7870684486097	0.0	0	487.17884324508486	634.7870684483205	1	0	tensor(3, device='cuda:0')	1.8883916901372637
202200.0	2000.0	434.7870684486064	0.0	0	576.3592348868842	634.7870684483205	1	0	tensor(3, device='cuda:0')	1.8883916901372637
203200.0	2000.0	434.78706844861927	0.0	0	463.1237731593719	634.7870684483496	1	0	tensor(3, device='cuda:0')	1.8883916901372633
204215.07922530625	2000.0	419.7078431423482	0.0	0	0.0	634.7870684483496	1	0	tensor(3, device='cuda:0')	1.8883916901372633
205470.1004765957	2000.0	298.0409147830671	133.35432293013665	0	0.0	768.1413913785073	1	0	tensor(3, device='cuda:0')	1.0856238106921303
206637.82693966356	2000.0	397.09723507295496	266.7827833577606	0	0.0	1034.924174736254	1	0	tensor(3, device='cuda:0')	0.27859747916742356
207326.1430993731	2000.0	708.7810753634265	0.0	0	0.0	1034.924174736254	1	0	tensor(3, device='cuda:0')	1.879294179313987
208200.0	2000.0	834.9241747364945	0.0	0	244.55821848640335	1034.924174736254	1	0	tensor(3, device='cuda:0')	1.879294179313987
209200.0	2000.0	834.9241747365018	0.0	0	646.1676873489632	1034.924174736254	1	0	tensor(3, device='cuda:0')	1.879294179313987
210200.0	3000.0	584.9241747365186	0.0	0	415.2356146434322	784.9241747362539	1	0	tensor(5, device='cuda:0')	0.8831242569824622
211200.0	2000.0	584.924174736521	0.0	0	90.13099659213913	784.9241747362539	1	0	tensor(3, device='cuda:0')	0.9799267596935912
212200.0	2000.0	584.9241747364861	0.0	0	253.7881849098194	784.9241747362539	1	0	tensor(3, device='cuda:0')	1.8853918678017558
213200.0	2000.0	584.9241747364663	0.0	0	401.8190352044476	784.9241747362539	1	0	tensor(3, device='cuda:0')	1.8853918678017558
214200.0	2000.0	584.9241747364968	0.0	0	266.6996642833983	784.9241747362539	1	0	tensor(3, device='cuda:0')	1.8853918678017558
215200.0	2000.0	584.9241747364978	0.0	0	640.4500199846807	784.9241747362539	1	0	tensor(3, device='cuda:0')	1.8853918678017558
216200.0	2000.0	584.9241747365251	0.0	0	631.7063014646992	784.9241747362539	1	0	tensor(3, device='cuda:0')	1.8853918678017558
217200.0	2000.0	584.9241747365056	0.0	0	186.79307735653128	784.9241747362539	1	0	tensor(3, device='cuda:0')	1.8853918678017558
218200.0	2000.0	584.9241747365103	0.0	0	253.3324064454937	784.9241747362539	1	0	tensor(3, device='cuda:0')	1.8853918678017558
219200.0	2000.0	584.9241747364797	0.0	0	463.3327418676636	784.9241747362248	1	0	tensor(3, device='cuda:0')	1.8853918678017567
220200.0	2000.0	584.9241747364769	0.0	0	402.17651371483225	784.9241747362248	1	0	tensor(3, device='cuda:0')	1.8853918678017567
221200.0	2000.0	584.9241747365278	0.0	0	509.5310888684762	784.9241747362248	1	0	tensor(3, device='cuda:0')	1.8853918678017567
222200.0	2000.0	584.9241747365041	0.0	0	528.4725483233924	784.9241747362248	1	0	tensor(3, device='cuda:0')	1.8853918678017567
223200.0	2000.0	584.9241747365213	0.0	0	627.6570005854883	784.9241747362248	1	0	tensor(3, device='cuda:0')	1.8853918678017567
224200.0	2000.0	584.9241747365272	0.0	0	404.1851162723033	784.9241747362248	1	0	tensor(3, device='cuda:0')	1.8853918678017567
225200.0	2000.0	584.9241747365023	0.0	0	530.3108041598462	784.9241747362248	1	0	tensor(3, device='cuda:0')	1.8853918678017567
226200.0	2000.0	584.9241747365069	0.0	0	609.353771701688	784.9241747362248	1	0	tensor(3, device='cuda:0')	1.8853918678017567
227200.0	2000.0	584.9241747365144	0.0	0	573.1630241135717	784.9241747362248	1	0	tensor(3, device='cuda:0')	1.8853918678017567
228200.0	2000.0	584.9241747365287	0.0	0	550.92826184156	784.9241747362248	1	0	tensor(3, device='cuda:0')	1.8853918678017567
229200.0	2000.0	584.9241747365272	0.0	0	402.0181354570959	784.9241747362248	1	0	tensor(3, device='cuda:0')	1.8853918678017567
230200.0	2000.0	584.9241747365297	0.0	0	306.7594237291196	784.9241747362248	1	0	tensor(3, device='cuda:0')	1.8853918678017567
231200.0	2000.0	584.9241747365459	0.0	0	538.502264004841	784.9241747362248	1	0	tensor(3, device='cuda:0')	1.8853918678017567
232200.0	2000.0	584.9241747365643	0.0	0	440.215650592756	784.9241747362248	1	0	tensor(3, device='cuda:0')	1.8853918678017567
233200.0	2000.0	584.9241747365575	0.0	0	517.0859467713744	784.9241747362248	1	0	tensor(3, device='cuda:0')	1.8853918678017567
234200.0	2000.0	584.9241747365513	0.0	0	354.7138138334849	784.9241747361957	1	0	tensor(3, device='cuda:0')	1.8853918678017574
235200.0	2000.0	584.9241747365779	0.0	0	617.8658269110019	784.9241747361957	1	0	tensor(3, device='cuda:0')	1.8853918678017574
236200.0	2000.0	584.9241747365834	0.0	0	540.7606398103526	784.9241747361957	1	0	tensor(3, device='cuda:0')	1.8853918678017574
237200.0	2000.0	584.9241747365609	0.0	0	546.6733111096837	784.9241747361957	1	0	tensor(3, device='cuda:0')	1.8853918678017574
238200.0	2000.0	584.9241747365834	0.0	0	421.41823883898905	784.9241747361957	1	0	tensor(3, device='cuda:0')	1.8853918678017574
239200.0	2000.0	584.9241747365916	0.0	0	373.3147529742273	784.9241747362248	1	0	tensor(3, device='cuda:0')	1.8853918678017567
240200.0	2000.0	584.9241747365822	0.0	0	433.92478082628804	784.9241747362248	1	0	tensor(3, device='cuda:0')	1.8853918678017567
241200.0	2000.0	584.9241747365847	0.0	0	564.2316387046594	784.9241747362248	1	0	tensor(3, device='cuda:0')	1.8853918678017567
242200.0	2000.0	584.9241747366059	0.0	0	509.48262126982445	784.9241747362539	1	0	tensor(3, device='cuda:0')	1.8853918678017558
243200.0	2000.0	584.9241747366015	0.0	0	377.26907186268363	784.924174736283	1	0	tensor(3, device='cuda:0')	1.8853918678017554
244200.0	2000.0	584.9241747365819	0.0	0	382.1094762351713	784.924174736283	1	0	tensor(3, device='cuda:0')	1.8853918678017554
245200.0	2000.0	584.9241747365962	0.0	0	408.4192181976978	784.924174736283	1	0	tensor(3, device='cuda:0')	1.8853918678017554
246200.0	2000.0	584.9241747366009	0.0	0	581.0042985121254	784.924174736283	1	0	tensor(3, device='cuda:0')	1.8853918678017554
247200.0	2000.0	584.9241747365772	0.0	0	327.52472149350797	784.924174736283	1	0	tensor(3, device='cuda:0')	1.8853918678017554
248200.0	2000.0	584.9241747365891	0.0	0	439.1498711176391	784.924174736283	1	0	tensor(3, device='cuda:0')	1.8853918678017554
249200.0	2000.0	584.9241747365975	0.0	0	366.07455333299004	784.924174736283	1	0	tensor(3, device='cuda:0')	1.8853918678017554
250200.0	2000.0	584.9241747365761	0.0	0	627.5670797624916	784.9241747362539	1	0	tensor(3, device='cuda:0')	1.8853918678017558
251200.0	2000.0	584.924174736604	0.0	0	551.8446782316314	784.9241747362539	1	0	tensor(3, device='cuda:0')	1.8853918678017558
252200.0	2000.0	584.9241747365992	0.0	0	325.06235050517716	784.9241747362539	1	0	tensor(3, device='cuda:0')	1.8853918678017558
253200.0	2000.0	584.9241747365992	0.0	0	325.9152142723324	784.9241747362539	1	0	tensor(3, device='cuda:0')	1.8853918678017558
254200.0	2000.0	584.9241747366233	0.0	0	393.8206620536221	784.9241747362539	1	0	tensor(3, device='cuda:0')	1.8853918678017558
255200.0	2000.0	584.9241747366397	0.0	0	637.3918844280706	784.9241747362539	1	0	tensor(3, device='cuda:0')	1.8853918678017558
256200.0	2000.0	584.9241747366341	0.0	0	503.3875920759747	784.9241747362539	1	0	tensor(3, device='cuda:0')	1.8853918678017558
257200.0	2000.0	584.924174736628	0.0	0	563.4434169964516	784.9241747362539	1	0	tensor(3, device='cuda:0')	1.8853918678017558
258200.0	2000.0	584.9241747366092	0.0	0	443.9891928911966	784.9241747362539	1	0	tensor(3, device='cuda:0')	1.8853918678017558
259200.0	2000.0	584.9241747366257	0.0	0	422.0301385484054	784.9241747362248	1	0	tensor(3, device='cuda:0')	1.8853918678017567
260200.0	2000.0	584.9241747366297	0.0	0	556.2925364126568	784.9241747362248	1	0	tensor(3, device='cuda:0')	1.8853918678017567
261200.0	2000.0	584.924174736612	0.0	0	330.6802740599378	784.9241747362539	1	0	tensor(3, device='cuda:0')	1.8853918678017558
262200.0	2000.0	584.9241747365837	0.0	0	671.5185473531892	784.9241747362248	1	0	tensor(3, device='cuda:0')	1.8853918678017567
263200.0	2000.0	584.9241747365762	0.0	0	584.5501470717136	784.9241747362539	1	0	tensor(3, device='cuda:0')	1.8853918678017563
264200.0	2000.0	584.9241747365844	0.0	0	519.9008895723382	784.9241747363121	1	0	tensor(3, device='cuda:0')	1.8853918678017547
265200.0	2000.0	584.9241747366165	0.0	0	320.0492905129213	784.9241747363121	1	0	tensor(3, device='cuda:0')	1.8853918678017547
266200.0	2000.0	584.9241747365636	0.0	0	441.17343465361046	784.9241747362539	1	0	tensor(3, device='cuda:0')	1.8853918678017558
267200.0	2000.0	584.9241747365755	0.0	0	482.82322894234676	784.9241747362539	1	0	tensor(3, device='cuda:0')	1.8853918678017558
268200.0	2000.0	584.9241747366744	0.0	0	108.10557670600247	784.9241747363121	1	0	tensor(3, device='cuda:0')	1.8853918678017547
269200.0	2000.0	584.9241747367284	0.0	0	335.07469549571397	784.9241747363121	1	0	tensor(3, device='cuda:0')	1.8853918678017547
270200.0	2000.0	584.9241747366985	0.0	0	479.6549844298861	784.9241747363121	1	0	tensor(3, device='cuda:0')	1.8853918678017547
271200.0	2000.0	584.9241747367249	0.0	0	445.91712132579414	784.9241747363121	1	0	tensor(3, device='cuda:0')	1.8853918678017547
272200.0	2000.0	584.9241747367017	0.0	0	552.6153100908268	784.9241747363121	1	0	tensor(3, device='cuda:0')	1.8853918678017547
273200.0	2000.0	584.9241747366964	0.0	0	374.81064932292793	784.9241747363121	1	0	tensor(3, device='cuda:0')	1.8853918678017547
274200.0	2000.0	584.9241747367344	0.0	0	609.8926113346824	784.9241747363121	1	0	tensor(3, device='cuda:0')	1.8853918678017547
275200.0	2000.0	584.924174736784	0.0	0	567.2276160650654	784.9241747363121	1	0	tensor(3, device='cuda:0')	1.8853918678017547
276200.0	2000.0	584.9241747367913	0.0	0	615.2088260482997	784.9241747362539	1	0	tensor(3, device='cuda:0')	1.8853918678017558
277200.0	2000.0	584.9241747367887	0.0	0	493.0273612625897	784.9241747362539	1	0	tensor(3, device='cuda:0')	1.8853918678017558
278200.0	2000.0	584.9241747367797	0.0	0	561.3893289909465	784.9241747363121	1	0	tensor(3, device='cuda:0')	1.8853918678017547
279200.0	3000.0	334.92417473671776	0.0	0	573.5575217076694	534.9241747363121	1	0	tensor(5, device='cuda:0')	0.8883889798346452
280200.0	2000.0	334.924174736678	0.0	0	559.933923344186	534.9241747362539	1	0	tensor(3, device='cuda:0')	0.9846886269146877
281200.0	2000.0	334.92417473666234	0.0	0	516.8191131943022	534.9241747362539	1	0	tensor(3, device='cuda:0')	1.8901537350228523
282200.0	2000.0	334.92417473664136	0.0	0	427.5191715565743	534.9241747362539	1	0	tensor(3, device='cuda:0')	1.8901537350228523
283200.0	2000.0	334.92417473662084	0.0	0	583.5425727538532	534.9241747362539	1	0	tensor(3, device='cuda:0')	1.8901537350228523
284200.0	2000.0	334.92417473665245	0.0	0	485.58365969819715	534.9241747362539	1	0	tensor(3, device='cuda:0')	1.8901537350228523
285200.0	2000.0	334.9241747366801	0.0	0	594.1803577440442	534.9241747362539	1	0	tensor(3, device='cuda:0')	1.8901537350228523
286200.0	2000.0	334.92417473666313	0.0	0	471.3487477793824	534.9241747363121	1	0	tensor(3, device='cuda:0')	1.8901537350228514
287200.0	2000.0	334.92417473671264	0.0	0	539.9843540961156	534.9241747363121	1	0	tensor(3, device='cuda:0')	1.8901537350228514
288200.0	2000.0	334.92417473672003	0.0	0	356.0996885972563	534.9241747363121	1	0	tensor(3, device='cuda:0')	1.8901537350228514
289200.0	2000.0	359.3525081107921	24.428333374116107	0	405.31367193569895	559.3525081104017	1	0	tensor(3, device='cuda:0')	1.7431686818209804
290200.0	2000.0	359.35250811086854	0.0	0	469.42795100971125	559.3525081104017	1	0	tensor(3, device='cuda:0')	1.8897386820656772
291200.0	2000.0	359.35250811078765	0.0	0	616.691459406924	559.3525081104017	1	0	tensor(3, device='cuda:0')	1.8897386820656772
292200.0	2000.0	359.3525081107722	0.0	0	477.33997792750597	559.3525081103435	1	0	tensor(3, device='cuda:0')	1.889738682065678
293200.0	2000.0	359.35250811077503	0.0	0	535.4760774516035	559.3525081103435	1	0	tensor(3, device='cuda:0')	1.889738682065678
294200.0	2000.0	359.3525081107408	0.0	0	550.9052618789137	559.3525081103435	1	0	tensor(3, device='cuda:0')	1.889738682065678
295200.0	2000.0	359.3525081108067	0.0	0	523.2187565470813	559.3525081104017	1	0	tensor(3, device='cuda:0')	1.8897386820656772
296200.0	2000.0	359.3525081108365	0.0	0	536.156735649507	559.3525081104017	1	0	tensor(3, device='cuda:0')	1.8897386820656772
297200.0	2000.0	359.35250811085047	0.0	0	410.6194733133889	559.3525081104599	1	0	tensor(3, device='cuda:0')	1.889738682065676
298200.0	2000.0	359.35250811084836	0.0	0	446.633803991077	559.3525081104599	1	0	tensor(3, device='cuda:0')	1.889738682065676
299200.0	2000.0	403.66357923685746	44.311071125997614	0	268.20048268995015	603.6635792364832	1	0	tensor(3, device='cuda:0')	1.6230932453432678
300200.0	2000.0	403.6635792368538	0.0	0	619.4401641386794	603.6635792364832	1	0	tensor(3, device='cuda:0')	1.8889596720992534
2.97	3.42	4.54	3.78	3.2	2.97	2.79	3.54	3.8	3.7	2.48	3.76	3.23	4.04	3.04	2.66	3.67	5.86	3.97	3.34	4.48	3.0	3.88	4.22	5.55	5.17	5.1	5.22	5.56	5.75	5.49	6.49	5.97	3.85	5.25	2.98	3.93	3.83	4.02	4.69	3.81	5.63	5.24	5.83	6.94	4.59	4.1	2.73	2.95	2.85	3.63	4.07	2.28	4.34	6.12	3.82	3.56	2.63	3.66	5.72	3.73	4.78	5.44	3.46	3.96	3.53	4.3	5.41	5.48	4.37	5.79	5.34	5.46	5.09	5.18	3.73	2.76	2.56	2.25	2.54	3.04	3.14	2.27	3.7	3.74	3.58	3.1	5.2	3.98	2.84	2.88	3.08	2.93	4.12	3.48	4.52	5.4	4.26	2.65	3.88	3.31	4.18	3.08	4.76	3.74	3.78	5.17	6.04	7.07	4.47	5.0	3.28	4.32	3.26	2.51	2.7	2.03	2.43	3.96	5.06	4.19	3.36	3.45	4.02	4.99	4.44	4.98	4.87	5.29	5.39	4.37	2.81	3.5	4.4	4.63	1.91	3.09	2.83	3.56	2.78	3.24	4.77	4.39	2.35	2.7	3.74	2.19	3.57	4.6	5.87	4.69	2.44	2.26	3.43	4.71	4.74	6.78	5.21	3.83	5.35	5.31	4.61	3.97	5.84	3.8	2.86	1.85	2.4	3.06	3.97	4.25	3.29	3.54	4.01	3.85	2.31	3.23	2.78	4.41	5.18	7.59	6.51	6.1	5.72	2.87	3.51	3.82	4.76	5.63	2.94	2.95	2.94	4.88	4.09	2.44	2.14	1.48	2.1	3.74	4.74	6.16	4.18	1.73	2.84	2.91	4.29	5.4	3.73	2.73	3.53	3.63	3.54	5.56	5.91	3.97	3.83	6.21	6.57	4.34	4.14	3.28	3.95	3.67	3.67	3.68	5.63	4.68	3.51	4.29	4.32	3.45	5.28	4.61	2.92	4.23	3.72	3.9	3.5	4.33	3.38	4.46	5.12	3.22	2.55	3.41	5.05	4.23	4.33	4.51	3.76	5.53	3.27	4.81	6.24	4.95	2.58	4.12	4.71	3.58	2.77	3.75	5.2	4.26	3.19	3.63	5.15	4.39	5.83	4.81	6.78	8.18	4.62	2.9	3.7	5.66	5.0	3.42	3.92	3.89	3.37	4.89	5.84	3.06	3.14	4.62	5.62	5.1	4.61	2.98	3.36	4.29	4.17
836.0	837.0	838.0	839.0	840.0	841.0	842.0	843.0	844.0	845.0	846.0	847.0	848.0	849.0	850.0	851.0	852.0	853.0	854.0	855.0	856.0	857.0	858.0	859.0	860.0	861.0	862.0	863.0	864.0	865.0	866.0	867.0	868.0	869.0	870.0	871.0	872.0	873.0	874.0	875.0	876.0	877.0	878.0	879.0	880.0	881.0	882.0	883.0	884.0	885.0	886.0	887.0	888.0	889.0	890.0	891.0	892.0	893.0	894.0	895.0	896.0	897.0	898.0	899.0	900.0	901.0	902.0	903.0	904.0	905.0	906.0	907.0	908.0	909.0	910.0	911.0	912.0	913.0	914.0	915.0	916.0	917.0	918.0	919.0	920.0	921.0	922.0	923.0	924.0	925.0	926.0	927.0	928.0	929.0	930.0	931.0	932.0	933.0	934.0	935.0	936.0	937.0	938.0	939.0	940.0	941.0	942.0	943.0	944.0	945.0	946.0	947.0	948.0	949.0	950.0	951.0	952.0	953.0	954.0	955.0	956.0	957.0	958.0	959.0	960.0	961.0	962.0	963.0	964.0	965.0	966.0	967.0	968.0	969.0	970.0	971.0	972.0	973.0	974.0	975.0	976.0	977.0	978.0	979.0	980.0	981.0	982.0	983.0	984.0	985.0	986.0	987.0	988.0	989.0	990.0	991.0	992.0	993.0	994.0	995.0	996.0	997.0	998.0	999.0	1000.0	1001.0	1002.0	1003.0	1004.0	1005.0	1006.0	1007.0	1008.0	1009.0	1010.0	1011.0	1012.0	1013.0	1014.0	1015.0	1016.0	1017.0	1018.0	1019.0	1020.0	1021.0	1022.0	1023.0	1024.0	1025.0	1026.0	1027.0	1028.0	1029.0	1030.0	1031.0	1032.0	1033.0	1034.0	1035.0	1036.0	1037.0	1038.0	1039.0	1040.0	1041.0	1042.0	1043.0	1044.0	1045.0	1046.0	1047.0	1048.0	1049.0	1050.0	1051.0	1052.0	1053.0	1054.0	1055.0	1056.0	1057.0	1058.0	1059.0	1060.0	1061.0	1062.0	1063.0	1064.0	1065.0	1066.0	1067.0	1068.0	1069.0	1070.0	1071.0	1072.0	1073.0	1074.0	1075.0	1076.0	1077.0	1078.0	1079.0	1080.0	1081.0	1082.0	1083.0	1084.0	1085.0	1086.0	1087.0	1088.0	1089.0	1090.0	1091.0	1092.0	1093.0	1094.0	1095.0	1096.0	1097.0	1098.0	1099.0	1100.0	1101.0	1102.0	1103.0	1104.0	1105.0	1106.0	1107.0	1108.0	1109.0	1110.0	1111.0	1112.0	1113.0	1114.0	1115.0	1116.0	1117.0	1118.0	1119.0	1120.0	1121.0	1122.0	1123.0	1124.0	1125.0	1126.0	1127.0
8606.0
