3543.3247530215367	300.0	2000.0	243.5128842171951	0	0.0	3543.3247530215367	1	0	tensor(5, device='cuda:0')	-2.251088458691944
4053.5991662485458	1000.0	2362.156983466238	0.0	0	0.0	3415.7561497147844	1	0	tensor(5, device='cuda:0')	-0.5339611131033596
4622.132759157888	1000.0	2651.4899923295607	0.0	0	0.0	3273.622751487449	1	0	tensor(5, device='cuda:0')	0.6749211792700883
6150.879435994191	3000.0	1740.556646284182	0.0	0	0.0	2891.4360822783738	1	0	tensor(5, device='cuda:0')	0.25815909208653354
7089.641919149786	1000.0	1567.1035423396884	0.0	0	0.0	2656.745461489475	1	0	tensor(5, device='cuda:0')	-0.4991877291702086
8152.938751084838	1000.0	1237.9825024208724	0.0	0	0.0	2390.9212535057095	1	0	tensor(5, device='cuda:0')	0.5696438976145378
9365.570150050555	1000.0	722.1932537137276	0.0	0	0.0	2087.76340376428	1	0	tensor(5, device='cuda:0')	0.5223399041642105
10564.520489316728	1000.0	233.52670232567385	8.017098155727467	0	0.0	1798.0471916424012	1	0	tensor(5, device='cuda:0')	0.5065744597547943
11500.220007210251	1000.0	522.329913173845	366.74208657206077	0	0.0	2022.5499203840955	1	0	tensor(5, device='cuda:0')	-1.348231199441781
12295.239398568647	1000.0	536.284416551982	6.182994060905401	0	0.0	1831.5238151206268	1	0	tensor(5, device='cuda:0')	0.7186371073132579
12781.989036695162	1000.0	927.8473688938388	0.0	0	0.0	1709.8364055889997	1	0	tensor(5, device='cuda:0')	0.9147366550711244
13310.711966753473	1000.0	1266.9437063209493	0.0	0	0.0	1577.6556730744232	1	0	tensor(5, device='cuda:0')	0.900240413592506
14200.0	1000.0	1155.3336647627912	0.0	0	313.72339222979645	1355.3336647627912	1	0	tensor(5, device='cuda:0')	0.727640272136731
15200.0	1000.0	1155.3336647627907	0.0	0	94.25629555390515	1355.3336647627912	1	0	tensor(3, device='cuda:0')	0.6757784503255253
16480.14110838886	1000.0	875.1925563739298	0.0	0	0.0	1355.3336647627893	1	0	tensor(3, device='cuda:0')	1.1757784503255253
17446.888065336185	1000.0	908.4455994266062	0.0	0	0.0	1355.3336647627912	1	0	tensor(3, device='cuda:0')	1.1757784503255253
18312.056919366965	1000.0	1043.2767453958245	0.0	0	0.0	1355.3336647627912	1	0	tensor(3, device='cuda:0')	1.1757784503255253
19560.21281873126	2000.0	483.08187119046	0.0	0	0.0	1043.2946899217204	1	0	tensor(5, device='cuda:0')	0.058842510705877205
20200.0	1000.0	843.2946899217199	0.0	0	20.54988219678853	1043.2946899217204	1	0	tensor(3, device='cuda:0')	-0.007231527429899354
21707.72510145645	2000.0	335.5695884652727	0.0	0	0.0	1043.294689921724	1	0	tensor(3, device='cuda:0')	1.1859156531300457
22371.526781145574	1000.0	671.7679087761462	0.0	0	0.0	1043.294689921724	1	0	tensor(3, device='cuda:0')	0.4927684725701006
23257.812051293244	2000.0	785.4826386284761	0.0	0	0.0	1043.294689921724	1	0	tensor(3, device='cuda:0')	1.1859156531300457
24384.564313121246	2000.0	658.7303768004765	0.0	0	0.0	1043.294689921724	1	0	tensor(3, device='cuda:0')	1.8790628336899908
25461.58603191388	2000.0	581.7086580078424	0.0	0	0.0	1043.294689921724	1	0	tensor(3, device='cuda:0')	1.8790628336899908
26432.027382548356	1000.0	611.2673073733685	0.0	0	0.0	1043.294689921724	1	0	tensor(3, device='cuda:0')	0.4927684725701006
27200.0	1000.0	843.294689921723	0.0	0	188.63571006629354	1043.294689921724	1	0	tensor(3, device='cuda:0')	1.1859156531300457
28200.0	1000.0	843.2946899217211	0.0	0	395.026718577461	1043.294689921724	1	0	tensor(3, device='cuda:0')	1.1859156531300457
29398.618644055012	2000.0	644.6760458667115	0.0	0	0.0	1043.294689921724	1	0	tensor(3, device='cuda:0')	1.1859156531300457
30839.349756405732	2000.0	203.94493351599232	0.0	0	0.0	1043.2946899217277	1	0	tensor(3, device='cuda:0')	1.8790628336899908
31999.764614292413	1000.0	275.8490851408279	232.3190095115212	0	0.0	1275.6136994332446	1	0	tensor(3, device='cuda:0')	-0.9083902066409518
32798.47249106247	1000.0	601.1892704749771	124.04806210420298	0	0.0	1399.6617615374525	1	0	tensor(3, device='cuda:0')	0.42978104498465575
33423.138915726544	1000.0	976.5228458109102	0.0	0	0.0	1399.6617615374598	1	0	tensor(3, device='cuda:0')	1.1740694176098732
34200.0	1000.0	1199.6617615374555	0.0	0	75.90052945374919	1399.6617615374635	1	0	tensor(3, device='cuda:0')	1.1740694176098732
35200.0	1000.0	1199.6617615374578	0.0	0	167.15288612987206	1399.6617615374707	1	0	tensor(3, device='cuda:0')	1.1740694176098727
36271.228200829006	1000.0	1128.4335607084595	0.0	0	0.0	1399.6617615374707	1	0	tensor(3, device='cuda:0')	1.1740694176098727
37200.0	1000.0	1199.661761537468	0.0	0	272.7125069093381	1399.6617615374707	1	0	tensor(3, device='cuda:0')	1.1740694176098727
38200.0	1000.0	1199.661761537465	0.0	0	286.7892893754688	1399.6617615374707	1	0	tensor(3, device='cuda:0')	1.1740694176098727
39200.0	1000.0	1199.6617615374596	0.0	0	334.1708587911053	1399.6617615374635	1	0	tensor(3, device='cuda:0')	1.174069417609873
40200.0	1000.0	1199.6617615374532	0.0	0	407.65232505081076	1399.6617615374635	1	0	tensor(3, device='cuda:0')	1.174069417609873
41200.0	1000.0	949.6617615374544	0.0	0	257.7506095685603	1149.6617615374707	1	0	tensor(5, device='cuda:0')	0.179833516685397
42200.0	1000.0	949.6617615374576	0.0	0	458.62839001406974	1149.6617615374707	1	0	tensor(3, device='cuda:0')	0.6828034424376812
44022.910432284756	2000.0	200.0	73.24867074729136	0	0.0	1222.9104322847706	1	0	tensor(3, device='cuda:0')	0.7424095642818895
44713.158782640996	1000.0	653.4144882296688	143.66283858591567	0	0.0	1366.5732708706855	1	0	tensor(3, device='cuda:0')	-0.3797720905598254
45626.45524729537	2000.0	740.1180235752936	0.0	0	0.0	1366.5732708706855	1	0	tensor(3, device='cuda:0')	1.1753521215156137
46681.32287417666	2000.0	685.2503966940103	0.0	0	0.0	1366.5732708706855	1	0	tensor(3, device='cuda:0')	1.868499302075559
47404.3256271269	2000.0	962.2476437437648	0.0	0	0.0	1366.5732708706855	1	0	tensor(3, device='cuda:0')	1.868499302075559
48200.0	1000.0	1166.5732708706669	0.0	0	160.04932892698707	1366.5732708706782	1	0	tensor(3, device='cuda:0')	0.48220494095566885
49296.37585956443	2000.0	1070.1974113062279	0.0	0	0.0	1366.5732708706782	1	0	tensor(3, device='cuda:0')	1.175352121515614
50200.0	1000.0	1166.573270870661	0.0	0	202.1471695861983	1366.5732708706782	1	0	tensor(3, device='cuda:0')	0.48220494095566885
51200.0	1000.0	1166.5732708706603	0.0	0	487.36968479378265	1366.5732708706782	1	0	tensor(3, device='cuda:0')	1.175352121515614
52868.12249059374	2000.0	498.4507802769234	0.0	0	0.0	1366.5732708706782	1	0	tensor(3, device='cuda:0')	1.175352121515614
53402.35030494327	1000.0	964.2229659273871	0.0	0	0.0	1366.573270870671	1	0	tensor(3, device='cuda:0')	0.4822049409556691
54200.0	1000.0	1166.5732708706628	0.0	0	200.9832705142835	1366.573270870671	1	0	tensor(3, device='cuda:0')	1.1753521215156142
55200.0	1000.0	1166.5732708706612	0.0	0	336.13484598416835	1366.573270870671	1	0	tensor(3, device='cuda:0')	1.1753521215156142
56200.0	1000.0	1166.5732708706644	0.0	0	524.3844313714872	1366.573270870671	1	0	tensor(3, device='cuda:0')	1.1753521215156142
57340.42522670744	2000.0	741.0417374863696	0.0	0	0.0	1081.466964193809	1	0	tensor(5, device='cuda:0')	0.11273379600473449
58200.0	2000.0	881.4669641938123	0.0	0	63.27730640718801	1081.466964193809	1	0	tensor(3, device='cuda:0')	1.377983276814971
59200.0	2000.0	881.466964193815	0.0	0	100.52023676012323	1081.466964193809	1	0	tensor(3, device='cuda:0')	1.877983276814971
61431.2073599128	2000.0	200.0	549.7403957189821	0	0.0	1631.207359912798	1	0	tensor(3, device='cuda:0')	-1.4310719405551897
62338.83418493213	1000.0	497.65349919733046	345.7496243771942	0	0.0	1836.4876841294536	1	0	tensor(5, device='cuda:0')	-2.3989826831970067
63125.36096960025	1000.0	521.4908750543974	5.596685353781766	0	0.0	1646.851844654644	1	0	tensor(5, device='cuda:0')	0.736526312258174
63902.32401553213	1000.0	550.2870676395542	0.0	0	0.0	1452.6110831716796	1	0	tensor(5, device='cuda:0')	0.7814498810763911
64760.34621701618	1000.0	692.2648661554941	0.0	0	0.0	1452.6110831716796	1	0	tensor(3, device='cuda:0')	0.6719282624615752
65835.62081994105	1000.0	616.9902632306396	0.0	0	0.0	1452.611083171687	1	0	tensor(3, device='cuda:0')	1.1719282624615752
66737.45410884086	1000.0	715.1569743308173	0.0	0	0.0	1452.6110831716796	1	0	tensor(3, device='cuda:0')	1.1719282624615752
67480.83722642982	1000.0	971.7738567418335	0.0	0	0.0	1452.6110831716942	1	0	tensor(3, device='cuda:0')	1.1719282624615748
68200.0	1000.0	1252.6110831716683	0.0	0	178.0075468824798	1452.6110831716942	1	0	tensor(3, device='cuda:0')	1.1719282624615748
69200.0	1000.0	1002.6110831716605	0.0	0	300.1835676625342	1202.6110831716796	1	0	tensor(5, device='cuda:0')	0.17801728695869903
70200.0	1000.0	1002.6110831716535	0.0	0	76.40519047848647	1202.611083171665	1	0	tensor(3, device='cuda:0')	0.6811283469299938
71210.7752385563	1000.0	991.8358446153667	0.0	0	0.0	1202.611083171665	1	0	tensor(3, device='cuda:0')	1.1811283469299938
72200.0	1000.0	1002.6110831716614	0.0	0	131.5518066909426	1202.611083171665	1	0	tensor(3, device='cuda:0')	1.1811283469299938
73200.0	1000.0	1002.611083171671	0.0	0	189.58882254027412	1202.611083171665	1	0	tensor(3, device='cuda:0')	1.1811283469299938
74200.0	1000.0	1002.611083171671	0.0	0	345.17326578985376	1202.6110831716796	1	0	tensor(3, device='cuda:0')	1.1811283469299934
75200.0	1000.0	1002.6110831716696	0.0	0	75.2560828801943	1202.6110831716796	1	0	tensor(3, device='cuda:0')	1.1811283469299934
76322.2938777274	1000.0	880.3172054442824	0.0	0	0.0	1202.6110831716796	1	0	tensor(3, device='cuda:0')	1.1811283469299934
77247.82481752045	1000.0	954.7862656512391	0.0	0	0.0	1202.6110831716942	1	0	tensor(3, device='cuda:0')	1.181128346929993
78233.78730149564	1000.0	968.8237816760454	0.0	0	0.0	1202.6110831716942	1	0	tensor(3, device='cuda:0')	1.181128346929993
79404.99878239284	1000.0	797.6123007788588	0.0	0	0.0	1202.6110831716942	1	0	tensor(3, device='cuda:0')	1.181128346929993
80280.89617828195	1000.0	921.7149048897426	0.0	0	0.0	1202.6110831716942	1	0	tensor(3, device='cuda:0')	1.181128346929993
81200.0	1000.0	1002.6110831716915	0.0	0	49.11676943344355	1202.6110831716942	1	0	tensor(3, device='cuda:0')	1.181128346929993
82200.0	1000.0	1002.6110831717033	0.0	0	158.2136797975836	1202.6110831716942	1	0	tensor(3, device='cuda:0')	1.181128346929993
83200.0	1000.0	1002.6110831717128	0.0	0	339.2062074274145	1202.6110831716942	1	0	tensor(3, device='cuda:0')	1.181128346929993
84200.0	1000.0	1002.6110831716969	0.0	0	92.08256004432042	1202.6110831716796	1	0	tensor(3, device='cuda:0')	1.1811283469299934
85200.0	1000.0	1002.6110831716926	0.0	0	156.0968497552385	1202.6110831716796	1	0	tensor(3, device='cuda:0')	1.1811283469299934
86200.0	1000.0	1002.611083171704	0.0	0	136.7279271781881	1202.6110831716796	1	0	tensor(3, device='cuda:0')	1.1811283469299934
87200.0	1000.0	1002.6110831717003	0.0	0	38.62831503927009	1202.611083171665	1	0	tensor(3, device='cuda:0')	1.1811283469299938
88200.0	1000.0	1002.6110831716878	0.0	0	311.56637044348463	1202.611083171665	1	0	tensor(3, device='cuda:0')	1.1811283469299938
89200.0	1000.0	1002.6110831716869	0.0	0	154.2914428995573	1202.6110831716505	1	0	tensor(3, device='cuda:0')	1.1811283469299942
90200.0	1000.0	1002.6110831717056	0.0	0	424.8550946047035	1202.6110831716505	1	0	tensor(3, device='cuda:0')	1.1811283469299942
91235.15450618378	2000.0	967.4565769879125	0.0	0	0.0	1202.6110831716505	1	0	tensor(3, device='cuda:0')	1.1811283469299942
92200.0	2000.0	1002.6110831717042	0.0	0	39.54130924619676	1202.6110831716505	1	0	tensor(3, device='cuda:0')	1.8742755274899394
93769.92992074045	2000.0	432.6811624312587	0.0	0	0.0	1202.6110831716505	1	0	tensor(3, device='cuda:0')	1.8742755274899394
94296.76430163822	1000.0	905.8467815334865	0.0	0	0.0	1202.6110831716505	1	0	tensor(3, device='cuda:0')	0.4879811663700492
95226.64029591113	2000.0	975.9707872605729	0.0	0	0.0	1202.6110831716505	1	0	tensor(3, device='cuda:0')	1.1811283469299942
96200.0	2000.0	1002.611083171699	0.0	0	173.35194124857662	1202.611083171636	1	0	tensor(3, device='cuda:0')	1.8742755274899396
97200.0	2000.0	752.6110831716973	0.0	0	185.37049185663636	952.6110831716214	1	0	tensor(5, device='cuda:0')	0.879110076939983
98593.49573023395	2000.0	359.1153529377482	0.0	0	0.0	952.6110831716214	1	0	tensor(3, device='cuda:0')	1.3814702389334135
99390.10897501293	2000.0	592.2366217151857	29.734513556418904	0	0.0	982.3455967280461	1	0	tensor(3, device='cuda:0')	1.7022973970539288
100655.78209480042	2000.0	357.94790042641193	31.384398498716678	0	0.0	1013.729995226764	1	0	tensor(3, device='cuda:0')	1.6915650876918842
101430.56785004788	2000.0	658.1133129911049	74.9511678121502	0	0.0	1088.6811630389857	1	0	tensor(3, device='cuda:0')	1.4280676408574482
102200.0	2000.0	888.6811630389848	0.0	0	150.53963121879497	1088.6811630389857	1	0	tensor(3, device='cuda:0')	1.8777746477303494
103200.0	2000.0	888.6811630389909	0.0	0	139.3600270658353	1088.6811630389857	1	0	tensor(3, device='cuda:0')	1.8777746477303494
104201.48612590226	2000.0	887.1950371367235	0.0	0	0.0	1088.6811630389857	1	0	tensor(3, device='cuda:0')	1.8777746477303494
105200.0	2000.0	888.6811630389799	0.0	0	28.703740552358795	1088.6811630389857	1	0	tensor(3, device='cuda:0')	1.8777746477303494
106200.0	2000.0	888.6811630389774	0.0	0	123.24005739594577	1088.6811630389857	1	0	tensor(3, device='cuda:0')	1.8777746477303494
107200.0	2000.0	888.6811630389946	0.0	0	238.825146559524	1088.6811630390002	1	0	tensor(3, device='cuda:0')	1.8777746477303492
108757.96446424346	2000.0	330.71669879553156	0.0	0	0.0	1088.6811630390002	1	0	tensor(3, device='cuda:0')	1.8777746477303492
109586.85081189794	1000.0	637.7689473536918	135.93859621263792	0	0.0	1224.61975925164	1	0	tensor(3, device='cuda:0')	-0.32837275750438544
111170.75482843176	2000.0	200.0	146.1350691801317	0	0.0	1370.7548284317745	1	0	tensor(3, device='cuda:0')	0.3015550520993791
112236.90121121374	1000.0	490.7532463158926	356.8996290978646	0	0.0	1727.654457529643	1	0	tensor(3, device='cuda:0')	-1.6757101708729136
113041.34750013903	1000.0	686.3069573905901	0.0	0	0.0	1727.654457529643	1	0	tensor(3, device='cuda:0')	1.1588347842742195
113932.83974216222	1000.0	794.8147153674147	0.0	0	0.0	1727.6544575296284	1	0	tensor(3, device='cuda:0')	1.1588347842742204
114940.61152825464	1000.0	535.0999827518922	0.0	0	0.0	1475.7115110065351	1	0	tensor(5, device='cuda:0')	0.1638954725114079
115572.73472649031	1000.0	902.9767845162218	0.0	0	0.0	1475.7115110065351	1	0	tensor(3, device='cuda:0')	0.6709587812052864
116234.44494121762	1000.0	1241.2665697889158	0.0	0	0.0	1475.7115110065351	1	0	tensor(3, device='cuda:0')	1.1709587812052864
117200.0	1000.0	1275.7115110065213	0.0	0	122.1877097189572	1475.7115110065351	1	0	tensor(3, device='cuda:0')	1.1709587812052864
118200.0	1000.0	1275.7115110065051	0.0	0	372.0632266238099	1475.7115110065351	1	0	tensor(3, device='cuda:0')	1.1709587812052864
119200.0	1000.0	1025.711511006515	0.0	0	16.35737055973732	1225.7115110065497	1	0	tensor(5, device='cuda:0')	0.17813447270735214
120200.0	1000.0	1025.7115110065106	0.0	0	267.2103341576003	1225.7115110065497	1	0	tensor(3, device='cuda:0')	0.6803697593447398
121200.0	1000.0	1025.7115110065015	0.0	0	536.9549711061409	1225.7115110065497	1	0	tensor(3, device='cuda:0')	1.1803697593447398
122200.0	1000.0	1025.7115110064817	0.0	0	501.9679881541815	1225.7115110065351	1	0	tensor(3, device='cuda:0')	1.1803697593447402
123200.0	1000.0	1025.7115110064856	0.0	0	41.46398476084869	1225.7115110065351	1	0	tensor(3, device='cuda:0')	1.1803697593447402
124200.0	1000.0	1025.7115110064838	0.0	0	449.8199531860737	1225.7115110065351	1	0	tensor(3, device='cuda:0')	1.1803697593447402
125200.0	1000.0	1025.7115110064942	0.0	0	414.4872354428371	1225.7115110065351	1	0	tensor(3, device='cuda:0')	1.1803697593447402
126200.0	1000.0	1025.7115110064842	0.0	0	439.174198017834	1225.7115110065351	1	0	tensor(3, device='cuda:0')	1.1803697593447402
127697.55417302238	2000.0	528.157337984111	0.0	0	0.0	1225.7115110065497	1	0	tensor(3, device='cuda:0')	1.1803697593447395
128704.31544441165	2000.0	521.3960665948456	0.0	0	0.0	1225.7115110065351	1	0	tensor(3, device='cuda:0')	1.8735169399046852
129814.3862400469	2000.0	411.3252709595919	0.0	0	0.0	1225.7115110065351	1	0	tensor(3, device='cuda:0')	1.8735169399046852
131070.39485689618	2000.0	391.8368126080582	236.52015849775972	0	0.0	1462.2316695042828	1	0	tensor(3, device='cuda:0')	0.4455533961381528
132367.97588103975	2000.0	270.7622084946187	176.50642003012382	0	0.0	1638.738089534425	1	0	tensor(3, device='cuda:0')	0.7975661593148586
133241.99427401976	1000.0	562.247513141446	165.50369762681092	0	0.0	1804.2417871612415	1	0	tensor(3, device='cuda:0')	-0.5316496748754905
133877.0792814927	1000.0	927.1625056685183	0.0	0	0.0	1804.2417871612415	1	0	tensor(3, device='cuda:0')	1.1545196914453197
134751.4201611375	1000.0	1052.8216260237336	0.0	0	0.0	1804.2417871612415	1	0	tensor(3, device='cuda:0')	1.1545196914453197
135816.6021484073	1000.0	721.3441419364801	0.0	0	0.0	1537.9462903437961	1	0	tensor(5, device='cuda:0')	0.1323625042278799
136604.58630113734	1000.0	933.359989206426	0.0	0	0.0	1537.9462903437961	1	0	tensor(3, device='cuda:0')	0.6682352153788061
137382.96634356485	1000.0	1154.9799467788891	0.0	0	0.0	1537.9462903437961	1	0	tensor(3, device='cuda:0')	1.168235215378806
138200.0	1000.0	1337.9462903437452	0.0	0	365.1283636155713	1537.946290343767	1	0	tensor(3, device='cuda:0')	1.1682352153788074
139200.0	1000.0	1087.946290343719	0.0	0	491.9513134123699	1287.946290343767	1	0	tensor(5, device='cuda:0')	0.17453733809361596
140200.0	1000.0	837.9462903436615	0.0	0	624.3202009258675	1037.9462903437088	1	0	tensor(5, device='cuda:0')	0.683101263792053
141200.0	2000.0	837.9462903436878	0.0	0	375.785526658874	1037.9462903437088	1	0	tensor(3, device='cuda:0')	0.6860636932172086
142780.23496866072	2000.0	257.71132168297805	0.0	0	0.0	1037.9462903437088	1	0	tensor(3, device='cuda:0')	1.8792108737771538
143609.04516535057	1000.0	610.9188448459697	182.0177198528431	0	0.0	1219.9640101965342	1	0	tensor(3, device='cuda:0')	-0.6046933865012831
144743.33002670418	2000.0	476.6339834923839	0.0	0	0.0	1219.9640101965342	1	0	tensor(3, device='cuda:0')	1.1805601131757206
145794.19145748686	1000.0	426.9952442980851	1.2226915883881873	0	0.0	1221.186701784929	1	0	tensor(3, device='cuda:0')	0.4800363783002665
146607.92225772733	1000.0	613.264444057633	0.0	0	0.0	1221.186701784929	1	0	tensor(3, device='cuda:0')	1.1805197083905408
147204.47386045172	1000.0	1016.7128413332282	0.0	0	0.0	1221.186701784929	1	0	tensor(3, device='cuda:0')	1.1805197083905408
148200.0	1000.0	1021.1867017849186	0.0	0	370.9268153524026	1221.186701784929	1	0	tensor(3, device='cuda:0')	1.1805197083905408
149200.0	1000.0	1021.1867017849208	0.0	0	342.7570460886054	1221.186701784929	1	0	tensor(3, device='cuda:0')	1.1805197083905408
150200.0	1000.0	1021.1867017849227	0.0	0	500.9844344278681	1221.186701784929	1	0	tensor(3, device='cuda:0')	1.1805197083905408
151200.0	2000.0	1021.1867017848922	0.0	0	218.01023390781484	1221.186701784929	1	0	tensor(3, device='cuda:0')	1.1805197083905408
152200.0	2000.0	771.1867017849205	0.0	0	62.69236065563746	971.1867017849872	1	0	tensor(5, device='cuda:0')	0.878955914811513
153200.0	2000.0	771.18670178495	0.0	0	239.57153068084153	971.1867017849872	1	0	tensor(3, device='cuda:0')	1.3809944939160006
154200.0	2000.0	771.1867017849455	0.0	0	59.1022902817931	971.1867017849872	1	0	tensor(3, device='cuda:0')	1.8809944939160006
155200.0	2000.0	771.1867017849471	0.0	0	5.984358015615726	971.1867017849872	1	0	tensor(3, device='cuda:0')	1.8809944939160006
156288.52428540663	2000.0	682.6624163783231	0.0	0	0.0	971.1867017849872	1	0	tensor(3, device='cuda:0')	1.8809944939160006
158115.45762101293	2000.0	200.0	344.2709192280024	0	0.0	1315.4576210129308	1	0	tensor(3, device='cuda:0')	-0.1899082888563315
159213.20603346094	1000.0	480.01277149290763	377.7611839409335	0	0.0	1693.2188049538527	1	0	tensor(3, device='cuda:0')	-1.7990415820364343
159964.07698609814	1000.0	729.1418188556966	0.0	0	0.0	1693.2188049538527	1	0	tensor(3, device='cuda:0')	1.160672702169111
160401.2868359763	1000.0	1291.9319689775612	0.0	0	0.0	1693.2188049538527	1	0	tensor(3, device='cuda:0')	1.160672702169111
161200.0	1000.0	1293.5405139479146	0.0	0	449.72474497405346	1493.5405139478971	1	0	tensor(5, device='cuda:0')	0.26664237468339314
162200.0	1000.0	1043.5405139479017	0.0	0	579.4579350714048	1243.5405139478971	1	0	tensor(5, device='cuda:0')	0.6761980517760309
163462.17472939132	2000.0	465.82210220879875	0.0	0	0.0	927.9968316000886	1	0	tensor(5, device='cuda:0')	0.5560023856359466
164500.96071155896	2000.0	454.98990796682017	27.953787925661516	0	0.0	955.9506195257418	1	0	tensor(3, device='cuda:0')	1.2136626235682706
165447.80177479074	1000.0	508.1488447350381	0.0	0	0.0	955.9506195257418	1	0	tensor(3, device='cuda:0')	0.49509099000234946
166576.3946619515	1000.0	438.5775488752487	59.021591300945374	0	0.0	1014.9722108266724	1	0	tensor(3, device='cuda:0')	0.8325612460385647
167283.402541625	1000.0	731.5696692017505	0.0	0	0.0	1014.9722108266433	1	0	tensor(3, device='cuda:0')	1.1866907938442377
168200.0	2000.0	814.9722108267679	0.0	0	76.38648808779544	1014.9722108266724	1	0	tensor(3, device='cuda:0')	1.186690793844237
169200.0	2000.0	814.9722108267644	0.0	0	98.64499152763165	1014.9722108266724	1	0	tensor(3, device='cuda:0')	1.879837974404182
170200.0	2000.0	814.9722108267732	0.0	0	177.40637143095955	1014.9722108266724	1	0	tensor(3, device='cuda:0')	1.879837974404182
171456.7248386686	2000.0	558.2473721581388	0.0	0	0.0	1014.9722108266433	1	0	tensor(3, device='cuda:0')	1.8798379744041829
172954.9038691317	2000.0	326.2872161174216	266.2188744223661	0	0.0	1281.1910852490983	1	0	tensor(3, device='cuda:0')	0.274309877099218
173518.58376101364	1000.0	762.6073242354994	0.0	0	0.0	1281.1910852491274	1	0	tensor(3, device='cuda:0')	0.48532876251352364
174434.55563629186	2000.0	846.635448957292	0.0	0	0.0	1281.1910852491565	1	0	tensor(3, device='cuda:0')	1.178475943073468
175554.1982144875	2000.0	726.9928707616356	0.0	0	0.0	1281.1910852491565	1	0	tensor(3, device='cuda:0')	1.8716231236334129
176216.66329299478	1000.0	1064.5277922543596	0.0	0	0.0	1281.1910852491565	1	0	tensor(3, device='cuda:0')	0.4853287625135227
177200.0	1000.0	1081.1910852491487	0.0	0	531.9845942606626	1281.1910852491565	1	0	tensor(3, device='cuda:0')	1.178475943073468
178200.0	1000.0	1081.1910852491478	0.0	0	285.5694294567511	1281.1910852491274	1	0	tensor(3, device='cuda:0')	1.1784759430734688
179249.48020171106	2000.0	1031.7108835381125	0.0	0	0.0	1281.1910852491565	1	0	tensor(3, device='cuda:0')	1.178475943073468
180200.0	1000.0	1081.191085249159	0.0	0	415.5562512525066	1281.1910852491565	1	0	tensor(3, device='cuda:0')	0.4853287625135227
181200.0	1000.0	1081.191085249145	0.0	0	623.4910906044242	1281.1910852491565	1	0	tensor(3, device='cuda:0')	1.178475943073468
182200.0	2000.0	831.1910852491471	0.0	0	399.9616745490348	1031.1910852491856	1	0	tensor(5, device='cuda:0')	0.18344773531287373
183200.0	2000.0	581.1910852491092	0.0	0	259.7469443252485	781.1910852491274	1	0	tensor(5, device='cuda:0')	1.3834222511560985
184333.29553931524	2000.0	491.11091676078127	43.21537082693385	0	0.0	824.4064560760744	1	0	tensor(3, device='cuda:0')	1.1252339106160318
185215.103036641	2000.0	609.3034194350274	0.0	0	0.0	824.4064560760744	1	0	tensor(3, device='cuda:0')	1.884526135577635
186280.41500620582	2000.0	543.9914498701999	0.0	0	0.0	824.4064560760744	1	0	tensor(3, device='cuda:0')	1.884526135577635
187618.30784685016	2000.0	335.54850998831137	129.44990076242533	0	0.0	953.8563568385143	1	0	tensor(3, device='cuda:0')	1.1047392134136387
188381.75709071016	1000.0	596.401717616668	24.302451488370536	0	0.0	978.1588083269016	1	0	tensor(3, device='cuda:0')	0.34870459594829883
189958.78597073533	2000.0	202.7884775260498	183.41563993456677	0	0.0	1161.574448261381	1	0	tensor(3, device='cuda:0')	0.08205501790116954
190828.43773787696	1000.0	544.7977852408812	211.66107485645665	0	0.0	1373.2355231178517	1	0	tensor(3, device='cuda:0')	-0.7880164410523686
191399.28497982436	1000.0	973.9505432934918	0.0	0	0.0	1373.2355231178517	1	0	tensor(3, device='cuda:0')	1.1750971886463164
192200.0	1000.0	1173.2355231178383	0.0	0	104.41206060387776	1373.2355231178226	1	0	tensor(3, device='cuda:0')	1.1750971886463175
193200.0	1000.0	1173.2355231178333	0.0	0	468.3088780513208	1373.2355231178226	1	0	tensor(3, device='cuda:0')	1.1750971886463175
194200.0	1000.0	1173.2355231178292	0.0	0	560.5539697675849	1373.2355231178226	1	0	tensor(3, device='cuda:0')	1.1750971886463175
195672.99272606045	2000.0	331.99461554223626	0.0	0	0.0	1004.9873416026821	1	0	tensor(5, device='cuda:0')	-0.05223487438012586
196557.12515380405	1000.0	447.8621877986287	0.0	0	0.0	1004.9873416026821	1	0	tensor(3, device='cuda:0')	-0.006188238646498367
197976.49310795986	1000.0	373.2506508935257	344.75641725069727	0	0.0	1349.7437588533794	1	0	tensor(3, device='cuda:0')	-0.8925497665437446
198695.2791884096	1000.0	654.4645704438037	0.0	0	0.0	1349.7437588533794	1	0	tensor(3, device='cuda:0')	1.1759887369604387
199435.90404196677	1000.0	913.8397168866411	0.0	0	0.0	1349.7437588533794	1	0	tensor(3, device='cuda:0')	1.1759887369604387
200403.1907791895	1000.0	946.5529796639461	0.0	0	0.0	1349.7437588534085	1	0	tensor(3, device='cuda:0')	1.1759887369604378
201572.62720647955	1000.0	777.1165523738772	0.0	0	0.0	1349.7437588534085	1	0	tensor(3, device='cuda:0')	1.1759887369604378
202950.51033954835	1000.0	399.2334193050879	0.0	0	0.0	1349.7437588534085	1	0	tensor(3, device='cuda:0')	1.1759887369604378
204225.32170805088	1000.0	337.8134747370213	213.39142393449657	0	0.0	1563.135182787897	1	0	tensor(3, device='cuda:0')	-0.11326363487857513
205288.45585825547	1000.0	427.67087232009214	152.9915477876795	0	0.0	1716.1267305755755	1	0	tensor(3, device='cuda:0')	0.24150763021801325
206377.25047683195	1000.0	507.2011005360459	168.32484679247466	0	0.0	1884.4515773680469	1	0	tensor(3, device='cuda:0')	0.1396941371477171
207061.64404494816	1000.0	651.7091403908063	0.0	0	0.0	1713.353185339045	1	0	tensor(5, device='cuda:0')	0.31498473150115625
207738.7658158387	1000.0	805.3069267776099	0.0	0	0.0	1544.0727426164085	1	0	tensor(5, device='cuda:0')	0.8274571026137895
208258.58393026298	1000.0	1155.5342837472383	0.0	0	0.0	1414.1182140103192	1	0	tensor(5, device='cuda:0')	0.9123491426618002
209200.0	1000.0	978.7641965759808	0.0	0	292.0291415868851	1178.764196576085	1	0	tensor(5, device='cuda:0')	0.7082196086235613
210320.37550667947	2000.0	858.3886898965227	0.0	0	0.0	1178.764196576085	1	0	tensor(3, device='cuda:0')	0.6818935740608518
211200.0	2000.0	978.7641965759894	0.0	0	80.46585261155269	1178.764196576085	1	0	tensor(3, device='cuda:0')	1.875040754620797
212200.0	2000.0	978.764196575974	0.0	0	76.13234232261311	1178.764196576085	1	0	tensor(3, device='cuda:0')	1.875040754620797
213648.81202489013	2000.0	529.9521716858644	0.0	0	0.0	1178.764196576085	1	0	tensor(3, device='cuda:0')	1.875040754620797
214294.10793248028	1000.0	884.656264095727	0.0	0	0.0	1178.764196576085	1	0	tensor(3, device='cuda:0')	0.4887463935009067
215200.6704449845	2000.0	978.0937515914849	0.0	0	0.0	1178.764196576085	1	0	tensor(3, device='cuda:0')	1.1818935740608518
216200.0	2000.0	978.7641965759854	0.0	0	294.69252137860167	1178.764196576085	1	0	tensor(3, device='cuda:0')	1.875040754620797
217200.0	2000.0	978.7641965759815	0.0	0	219.77972670720192	1178.764196576085	1	0	tensor(3, device='cuda:0')	1.875040754620797
218200.0	2000.0	978.7641965759558	0.0	0	167.29053981602192	1178.764196576085	1	0	tensor(3, device='cuda:0')	1.875040754620797
219258.2799858886	2000.0	920.4842106873476	0.0	0	0.0	1178.764196576085	1	0	tensor(3, device='cuda:0')	1.875040754620797
220200.0	1000.0	978.7641965759524	0.0	0	440.63715485765715	1178.764196576085	1	0	tensor(3, device='cuda:0')	0.4887463935009067
221200.0	1000.0	978.7641965759558	0.0	0	354.4831098630384	1178.764196576085	1	0	tensor(3, device='cuda:0')	1.1818935740608518
222200.0	1000.0	978.7641965759224	0.0	0	552.467548630957	1178.764196576085	1	0	tensor(3, device='cuda:0')	1.1818935740608518
223692.033390588	2000.0	486.730805987912	0.0	0	0.0	1178.764196576085	1	0	tensor(3, device='cuda:0')	1.1818935740608518
224876.2334655301	1000.0	432.9116508283121	130.380919782461	0	0.0	1309.1451163585589	1	0	tensor(3, device='cuda:0')	-0.29795080721244227
225565.6197403481	1000.0	743.5253760102889	0.0	0	0.0	1309.1451163585298	1	0	tensor(3, device='cuda:0')	1.1774818920422696
226356.23366081755	1000.0	952.9114555408703	0.0	0	0.0	1309.1451163585298	1	0	tensor(3, device='cuda:0')	1.1774818920422696
227200.0	1000.0	1109.145116358409	0.0	0	122.87790670944378	1309.1451163585298	1	0	tensor(3, device='cuda:0')	1.1774818920422696
228200.0	1000.0	1109.1451163584172	0.0	0	327.7810029461689	1309.1451163585298	1	0	tensor(3, device='cuda:0')	1.1774818920422696
229200.0	1000.0	1109.1451163584272	0.0	0	337.3750383691804	1309.1451163585298	1	0	tensor(3, device='cuda:0')	1.1774818920422696
230200.0	1000.0	1109.1451163584513	0.0	0	355.4611045959464	1309.1451163585298	1	0	tensor(3, device='cuda:0')	1.1774818920422696
231200.0	2000.0	1109.1451163584727	0.0	0	353.927739396313	1309.1451163585298	1	0	tensor(3, device='cuda:0')	1.1774818920422696
232200.0	2000.0	859.1451163584777	0.0	0	102.02497679827502	1059.1451163585589	1	0	tensor(5, device='cuda:0')	0.876303400567239
233932.51503617654	2000.0	200.0	73.36991981811121	0	0.0	1132.5150361766282	1	0	tensor(3, device='cuda:0')	0.9374584676342052
235166.21988212722	1000.0	332.39345995771737	366.0983059084223	0	0.0	1498.6133420850383	1	0	tensor(3, device='cuda:0')	-1.7197612594579015
236569.97434471775	1000.0	478.63858656223533	549.999589195049	0	0.0	2048.6129312800767	1	0	tensor(3, device='cuda:0')	-2.1615953223145006
237466.4007224461	1000.0	433.8566002345808	60.60078866623559	0	0.0	1900.257322680758	1	0	tensor(5, device='cuda:0')	-0.1365832652479902
238367.6141451244	1000.0	380.34043394281616	58.400489644885226	0	0.0	1747.954579067271	1	0	tensor(5, device='cuda:0')	0.3821134328818865
239490.93000367226	1000.0	369.7283696495898	314.8262071132979	0	0.0	1860.6583733218722	1	0	tensor(5, device='cuda:0')	-1.146048102225953
240229.60956243516	1000.0	535.2772556758453	71.11866758388737	0	0.0	1764.886818111001	1	0	tensor(5, device='cuda:0')	0.39373752084631997
240762.39790906612	1000.0	869.2918223871496	0.0	0	0.0	1631.6897314532835	1	0	tensor(5, device='cuda:0')	0.8958452321262309
241480.05032810755	1000.0	972.2262985853049	0.0	0	0.0	1452.2766266929102	1	0	tensor(5, device='cuda:0')	0.8112501054275537
242214.1925571437	1000.0	1238.0840695491625	0.0	0	0.0	1452.2766266929102	1	0	tensor(3, device='cuda:0')	0.6719421385942231
243200.0	1000.0	1005.8247659787794	0.0	0	489.1611970254453	1205.8247659788176	1	0	tensor(5, device='cuda:0')	0.18475386034907398
244470.69400532814	2000.0	417.457259318606	0.0	0	0.0	888.1512646467891	1	0	tensor(5, device='cuda:0')	0.5524749515180688
245200.0	1000.0	688.1512646467802	0.0	0	8.057342582527781	888.1512646467891	1	0	tensor(3, device='cuda:0')	-0.0032392903103665716
246200.0	2000.0	688.1512646467477	0.0	0	295.7291034843656	888.15126464676	1	0	tensor(3, device='cuda:0')	1.1899078902495792
247383.47019303977	2000.0	504.68107160696195	0.0	0	0.0	888.15126464676	1	0	tensor(3, device='cuda:0')	1.8830550708095246
248756.30116565427	2000.0	236.18116002785047	104.33106103539512	0	0.0	992.4823256821546	1	0	tensor(3, device='cuda:0')	1.2544518797301643
249706.57119997847	1000.0	514.7437292879713	228.8326035843213	0	0.0	1221.3149292664311	1	0	tensor(3, device='cuda:0')	-0.8856273338663695
250427.69427281158	1000.0	793.6206564548302	0.0	0	0.0	1221.3149292664311	1	0	tensor(3, device='cuda:0')	1.1805154681995038
251200.0	1000.0	1021.3149292664086	0.0	0	166.07019138580654	1221.3149292664311	1	0	tensor(3, device='cuda:0')	1.1805154681995038
252200.0	1000.0	1021.3149292664091	0.0	0	566.2708296578785	1221.314929266402	1	0	tensor(3, device='cuda:0')	1.1805154681995047
253570.42245030342	2000.0	650.8924789629953	0.0	0	0.0	1221.314929266402	1	0	tensor(3, device='cuda:0')	1.1805154681995047
254252.31781536934	1000.0	968.9971138970723	0.0	0	0.0	1221.314929266402	1	0	tensor(3, device='cuda:0')	0.4873682876395596
255411.3174244137	2000.0	809.9975048527378	0.0	0	0.0	1221.314929266402	1	0	tensor(3, device='cuda:0')	1.1805154681995047
256415.0060818858	2000.0	806.3088473806182	0.0	0	0.0	1221.314929266402	1	0	tensor(3, device='cuda:0')	1.8736626487594499
257200.0	2000.0	1021.31492926639	0.0	0	203.85736735738465	1221.314929266402	1	0	tensor(3, device='cuda:0')	1.8736626487594499
258321.09208034232	2000.0	900.2228489240542	0.0	0	0.0	1221.3149292664311	1	0	tensor(3, device='cuda:0')	1.873662648759449
259362.8907126463	2000.0	597.9745585440644	0.0	0	0.0	960.8652711904142	1	0	tensor(5, device='cuda:0')	0.8581722209462203
260872.03170427072	2000.0	200.0	111.16643308033264	0	0.0	1072.0317042707466	1	0	tensor(3, device='cuda:0')	0.711371844555472
262110.93138395145	1000.0	282.1055413252467	321.0052210059723	0	0.0	1393.0369252766832	1	0	tensor(3, device='cuda:0')	-1.4448489293084303
263514.3986582835	1000.0	474.11911009185934	595.4808430987066	0	0.0	1988.5177683753427	1	0	tensor(3, device='cuda:0')	-2.4301598462788636
264413.4587646284	1000.0	423.2199132828673	58.34074889769505	0	0.0	1836.67867791123	1	0	tensor(5, device='cuda:0')	-0.12142606446959966
265190.2059498639	1000.0	646.4727280473498	0.0	0	0.0	1836.67867791123	1	0	tensor(3, device='cuda:0')	0.6525931783117307
266367.34067294514	1000.0	272.277370646259	77.77843716037745	0	0.0	1639.6180435913848	1	0	tensor(5, device='cuda:0')	-0.3567678773975159
267075.2976656801	1000.0	638.0488534891795	73.7284755778673	0	0.0	1713.3465191692812	1	0	tensor(3, device='cuda:0')	0.21723506573076487
267709.2361224181	1000.0	1004.1103967512223	0.0	0	0.0	1713.346519169223	1	0	tensor(3, device='cuda:0')	1.1596059191979717
268314.29558384186	1000.0	1247.7860699715245	0.0	0	0.0	1562.0816538133076	1	0	tensor(5, device='cuda:0')	0.36234266731717346
269200.0	1000.0	1140.6555497738534	0.0	0	212.57923675660277	1340.6555497737136	1	0	tensor(5, device='cuda:0')	0.7303138506128861
270200.0	1000.0	890.6555497739009	0.0	0	361.2560323548969	1090.6555497737136	1	0	tensor(5, device='cuda:0')	0.6815859795626125
271200.0	2000.0	890.6555497738946	0.0	0	89.49533760437043	1090.6555497737136	1	0	tensor(3, device='cuda:0')	0.684570110453805
272468.26919917675	2000.0	622.3863505971456	0.0	0	0.0	1090.6555497737136	1	0	tensor(3, device='cuda:0')	1.87771729101375
273255.43962623243	1000.0	835.2159235414184	0.0	0	0.0	1090.6555497737136	1	0	tensor(3, device='cuda:0')	0.49142292989386005
274503.4914093138	2000.0	587.164140459994	0.0	0	0.0	1090.6555497737136	1	0	tensor(3, device='cuda:0')	1.1845701104538051
275249.117567612	1000.0	841.5379821618754	0.0	0	0.0	1090.6555497737718	1	0	tensor(3, device='cuda:0')	0.4914229298938584
276200.0	1000.0	890.6555497738128	0.0	0	213.56056793633616	1090.6555497737718	1	0	tensor(3, device='cuda:0')	1.1845701104538036
277216.17799096054	1000.0	874.4775588132303	0.0	0	0.0	1090.6555497737718	1	0	tensor(3, device='cuda:0')	1.1845701104538036
278258.8069805378	1000.0	831.8485692360589	0.0	0	0.0	1090.6555497737718	1	0	tensor(3, device='cuda:0')	1.1845701104538036
279200.0	1000.0	890.6555497739101	0.0	0	369.55005845986307	1090.6555497737718	1	0	tensor(3, device='cuda:0')	1.1845701104538036
281126.6241670018	2000.0	200.0	235.9686172279603	0	0.0	1326.6241670018062	1	0	tensor(3, device='cuda:0')	-0.23529330817206653
281713.3166050497	1000.0	709.8455618852115	96.53799993320479	0	0.0	1423.1621669349843	1	0	tensor(3, device='cuda:0')	-0.09924237461626981
282204.65507113317	1000.0	1218.507095801703	0.0	0	0.0	1423.1621669349843	1	0	tensor(3, device='cuda:0')	1.1731328055429042
283338.61252617405	2000.0	1084.5496407608302	0.0	0	0.0	1423.1621669349843	1	0	tensor(3, device='cuda:0')	1.1731328055429042
284200.0	1000.0	1223.1621669348735	0.0	0	338.07785755820805	1423.1621669349843	1	0	tensor(3, device='cuda:0')	0.4799856249829591
285384.95816887397	2000.0	741.9644558425205	0.0	0	0.0	1126.9226247166516	1	0	tensor(5, device='cuda:0')	0.08819427589781054
286353.9513994539	1000.0	772.97122526259	0.0	0	0.0	1126.9226247166516	1	0	tensor(3, device='cuda:0')	-0.009650734682898288
287304.5075600311	1000.0	822.4150646853822	0.0	0	0.0	1126.9226247166516	1	0	tensor(3, device='cuda:0')	1.1834964458770467
288756.27790643414	2000.0	370.6447182822823	0.0	0	0.0	1126.9226247165934	1	0	tensor(3, device='cuda:0')	1.1834964458770485
289384.07596990763	1000.0	742.846654808777	0.0	0	0.0	1126.9226247165352	1	0	tensor(3, device='cuda:0')	0.4903492653171052
290200.0	1000.0	926.9226247164062	0.0	0	56.43621615489246	1126.9226247165352	1	0	tensor(3, device='cuda:0')	1.1834964458770505
291200.0	1000.0	926.9226247163715	0.0	0	474.11116664943984	1126.9226247165352	1	0	tensor(3, device='cuda:0')	1.1834964458770505
292200.0	1000.0	926.9226247163297	0.0	0	160.16408422403038	1126.9226247165352	1	0	tensor(3, device='cuda:0')	1.1834964458770505
293200.0	1000.0	926.9226247163215	0.0	0	354.4601668326068	1126.9226247165352	1	0	tensor(3, device='cuda:0')	1.1834964458770505
294407.6738760753	1000.0	719.2487486410281	0.0	0	0.0	1126.9226247165352	1	0	tensor(3, device='cuda:0')	1.1834964458770505
295210.71326821606	1000.0	916.2093565003319	0.0	0	0.0	1126.922624716477	1	0	tensor(3, device='cuda:0')	1.183496445877052
296200.0	2000.0	926.9226247163757	0.0	0	96.77712423342746	1126.922624716477	1	0	tensor(3, device='cuda:0')	1.183496445877052
297200.0	1000.0	926.9226247163685	0.0	0	441.943740646122	1126.922624716477	1	0	tensor(3, device='cuda:0')	0.4903492653171069
298223.9946565213	1000.0	902.9279681951299	0.0	0	0.0	1126.922624716477	1	0	tensor(3, device='cuda:0')	1.183496445877052
299205.31292460096	1000.0	921.6097001154565	0.0	0	0.0	1126.922624716477	1	0	tensor(3, device='cuda:0')	1.183496445877052
300272.2929434753	1000.0	854.6296812411056	0.0	0	0.0	1126.922624716477	1	0	tensor(3, device='cuda:0')	1.183496445877052
1.9	2.24	1.8	0.904	1.18	1.12	0.846	0.892	1.39	1.85	1.64	1.1	0.811	1.26	1.22	2.4	1.4	1.63	1.73	1.7	2.09	1.83	1.14	1.47	2.15	1.49	2.13	1.39	0.822	0.973	1.66	1.39	1.01	1.42	1.63	1.33	1.82	1.81	1.92	1.37	1.49	1.95	1.87	2.33	1.89	1.6	1.34	1.99	1.16	1.2	1.6	1.98	2.9	1.7	2.39	2.61	1.48	0.544	1.27	1.68	1.56	1.58	1.12	0.95	1.99	1.97	1.09	0.799	0.95	1.24	1.78	1.51	1.16	1.22	1.2	0.799	1.41	1.49	1.52	1.49	1.37	1.4	1.26	1.24	1.54	1.51	2.07	2.54	2.06	1.78	1.4	2.21	3.41	3.02	1.75	1.9	1.84	2.02	2.53	2.63	2.28	2.7	2.49	2.54	1.04	1.17	1.88	1.07	1.24	1.63	1.51	1.11	1.6	1.61	1.45	0.95	1.08	1.85	1.49	1.05	1.56	1.54	1.99	1.19	2.14	2.29	1.9	1.91	1.23	1.11	1.33	0.962	1.07	1.32	1.82	2.2	2.83	3.1	1.66	1.15	1.54	1.32	1.23	1.4	1.49	1.82	2.42	3.19	2.92	2.28	1.7	1.81	1.64	1.67	1.03	1.08	1.55	2.4	2.4	1.51	1.84	1.66	1.12	1.29	2.4	2.31	2.04	1.48	1.52	1.88	1.8	1.74	1.55	1.74	1.92	2.48	1.92	2.27	3.21	2.25	1.54	2.15	2.49	1.32	1.34	1.38	1.29	1.17	1.53	1.69	2.07	1.54	1.37	0.73	0.973	1.09	1.26	1.03	0.695	0.776	0.927	1.04	1.01	1.45	1.91	2.15	2.05	2.44	2.37	1.76	1.4	1.76	2.79	2.28	1.93	1.96	1.7	1.27	1.76	1.4	0.857	1.12	1.22	1.33	1.52	1.45	2.13	2.46	2.07	1.37	1.47	1.03	0.707	1.19	1.3	0.985	1.23	1.63	1.78	2.28	1.74	1.53	2.18	2.07	1.55	1.49	1.18	1.49	2.22	1.25	1.11	1.64	2.07	2.95	2.43	2.88	1.87	1.6	1.01	0.463	0.985	1.01	1.05	1.07	2.25	1.51	2.06	2.78	1.95	1.01	1.3	1.34	1.1	1.33	1.26	1.54	1.34	1.36	1.44	2.42	2.13	1.36	1.08	1.07	1.58	1.52	1.33	1.48	1.49	1.24	0.822	1.42	2.04	1.56	1.38	1.07	0.869	1.88	2.41
1055.0	1056.0	1057.0	1058.0	1059.0	1060.0	1061.0	1062.0	1063.0	1064.0	1065.0	1066.0	1067.0	1068.0	1069.0	1070.0	1071.0	1072.0	1073.0	1074.0	1075.0	1076.0	1077.0	1078.0	1079.0	1080.0	1081.0	1082.0	1083.0	1084.0	1085.0	1086.0	1087.0	1088.0	1089.0	1090.0	1091.0	1092.0	1093.0	1094.0	1095.0	1096.0	1097.0	1098.0	1099.0	1100.0	1101.0	1102.0	1103.0	1104.0	1105.0	1106.0	1107.0	1108.0	1109.0	1110.0	1111.0	1112.0	1113.0	1114.0	1115.0	1116.0	1117.0	1118.0	1119.0	1120.0	1121.0	1122.0	1123.0	1124.0	1125.0	1126.0	1127.0	1128.0	1129.0	1130.0	1131.0	1132.0	1133.0	1134.0	1135.0	1136.0	1137.0	1138.0	1139.0	1140.0	1141.0	1142.0	1143.0	1144.0	1145.0	1146.0	1147.0	1148.0	1149.0	1150.0	1151.0	1152.0	1153.0	1154.0	1155.0	1156.0	1157.0	1158.0	1159.0	1160.0	1161.0	1162.0	1163.0	1164.0	1165.0	1166.0	1167.0	1168.0	1169.0	1170.0	1171.0	1172.0	1173.0	1174.0	1175.0	1176.0	1177.0	1178.0	1179.0	1180.0	1181.0	1182.0	1183.0	1184.0	1185.0	1186.0	1187.0	1188.0	1189.0	1190.0	1191.0	1192.0	1193.0	1194.0	1195.0	1196.0	1197.0	1198.0	1199.0	1200.0	1201.0	1202.0	1203.0	1204.0	1205.0	1206.0	1207.0	1208.0	1209.0	1210.0	1211.0	1212.0	1213.0	1214.0	1215.0	1216.0	1217.0	1218.0	1219.0	1220.0	1221.0	1222.0	1223.0	1224.0	1225.0	1226.0	1227.0	1228.0	1229.0	1230.0	1231.0	1232.0	1233.0	1234.0	1235.0	1236.0	1237.0	1238.0	1239.0	1240.0	1241.0	1242.0	1243.0	1244.0	1245.0	1246.0	1247.0	1248.0	1249.0	1250.0	1251.0	1252.0	1253.0	1254.0	1255.0	1256.0	1257.0	1258.0	1259.0	1260.0	1261.0	1262.0	1263.0	1264.0	1265.0	1266.0	1267.0	1268.0	1269.0	1270.0	1271.0	1272.0	1273.0	1274.0	1275.0	1276.0	1277.0	1278.0	1279.0	1280.0	1281.0	1282.0	1283.0	1284.0	1285.0	1286.0	1287.0	1288.0	1289.0	1290.0	1291.0	1292.0	1293.0	1294.0	1295.0	1296.0	1297.0	1298.0	1299.0	1300.0	1301.0	1302.0	1303.0	1304.0	1305.0	1306.0	1307.0	1308.0	1309.0	1310.0	1311.0	1312.0	1313.0	1314.0	1315.0	1316.0	1317.0	1318.0	1319.0	1320.0	1321.0	1322.0	1323.0	1324.0	1325.0	1326.0	1327.0	1328.0	1329.0	1330.0	1331.0	1332.0	1333.0	1334.0	1335.0	1336.0	1337.0	1338.0	1339.0	1340.0	1341.0	1342.0	1343.0	1344.0	1345.0	1346.0	1347.0	1348.0	1349.0	1350.0	1351.0	1352.0	1353.0
3075.0
