5743.331146204488	1000.0	2000.0	238.33297052098862	0	0.0	5743.331146204488	1	0	tensor(5, device='cuda:0')	-3.610952035032906
6145.696052017297	1000.0	2497.0438677339876	0.0	0	0.0	5642.739919751284	1	0	tensor(5, device='cuda:0')	-0.6582466667810545
7720.134729426942	3000.0	1528.995520971931	0.0	0	0.0	5249.130250398872	1	0	tensor(5, device='cuda:0')	-0.9375750613231126
8774.579207167884	3000.0	1210.9399237957507	0.0	0	0.0	4985.519130963635	1	0	tensor(5, device='cuda:0')	0.6598133584856947
9164.173185029047	1000.0	1723.9474514692954	0.0	0	0.0	4888.120636498343	1	0	tensor(5, device='cuda:0')	-1.0860978390243858
9662.321276888933	1000.0	2101.262336644437	0.0	0	0.0	4763.583613533369	1	0	tensor(5, device='cuda:0')	0.046224665761969576
10633.94200712198	3000.0	1886.7364238531284	0.0	0	0.0	4520.6784309751065	1	0	tensor(5, device='cuda:0')	-0.06342254718816542
11226.427294385889	1000.0	2146.129814773242	0.0	0	0.0	4372.55710915913	1	0	tensor(5, device='cuda:0')	-0.8570916352628809
11613.027222440192	1000.0	2662.879904705363	0.0	0	0.0	4275.907127145554	1	0	tensor(5, device='cuda:0')	0.4052814439539047
12533.199602922137	3000.0	2512.6644291029324	0.0	0	0.0	4045.864032025067	1	0	tensor(5, device='cuda:0')	0.23117410774750558
13216.391354149871	3000.0	2658.6747400682666	0.0	0	0.0	3875.066094218133	1	0	tensor(5, device='cuda:0')	1.5268397555216924
14729.29782664523	3000.0	1767.5416494490694	0.0	0	0.0	3496.8394760942956	1	0	tensor(5, device='cuda:0')	1.2279507974725339
16085.525094631423	3000.0	1072.2575644663307	0.0	0	0.0	3157.7826590977493	1	0	tensor(5, device='cuda:0')	1.3880491704545044
16529.42254054836	1000.0	1517.3857570701591	0.0	0	0.0	3046.808297618516	1	0	tensor(5, device='cuda:0')	-0.3084819921680898
17174.129772085136	3000.0	1711.501717649189	0.0	0	0.0	2885.631489734322	1	0	tensor(5, device='cuda:0')	0.7146391370263584
18088.084675334107	3000.0	1569.0580885879729	0.0	0	0.0	2657.1427639220765	1	0	tensor(5, device='cuda:0')	1.7111897968514764
19124.51253358141	3000.0	1273.5232657788513	0.0	0	0.0	2398.0357993602556	1	0	tensor(5, device='cuda:0')	1.6789402292579974
20032.429418010215	3000.0	1138.6271602428442	0.0	0	0.0	2171.056578253054	1	0	tensor(5, device='cuda:0')	1.7688638147746039
20900.294023581897	3000.0	1053.7964032782438	0.0	0	0.0	1954.0904268601334	1	0	tensor(5, device='cuda:0')	1.8059577811028218
21417.90994815943	3000.0	1406.7764975563286	0.0	0	0.0	1824.6864457157535	1	0	tensor(5, device='cuda:0')	1.9912477511695514
22200.0	3000.0	1429.1639327556172	0.0	0	95.0790287862219	1629.1639327556113	1	0	tensor(5, device='cuda:0')	1.868260064436155
23200.0	3000.0	1179.1639327556163	0.0	0	522.8845860054789	1379.1639327556113	1	0	tensor(5, device='cuda:0')	1.7694031517206517
24200.0	3000.0	929.1639327556202	0.0	0	54.49009051470421	1129.163932755615	1	0	tensor(5, device='cuda:0')	1.7796070220345803
25513.627491173163	3000.0	287.1295687891659	0.0	0	0.0	800.757059962325	1	0	tensor(5, device='cuda:0')	1.631987058749811
26200.0	3000.0	576.7106597240218	118.03738157472262	0	14.985080222151737	776.7106597240199	1	0	tensor(5, device='cuda:0')	1.297687956209721
27200.0	2000.0	326.71065972402357	0.0	0	494.8100165984797	526.7106597240199	1	0	tensor(5, device='cuda:0')	0.9830480146572127
28200.0	2000.0	326.71065972402494	0.0	0	256.3278506423012	526.7106597240199	1	0	tensor(3, device='cuda:0')	1.390291044746325
29200.0	2000.0	329.72139493802985	3.010735214003944	0	335.1634331111345	529.7213949380239	1	0	tensor(3, device='cuda:0')	1.8721764311789155
30200.0	2000.0	347.39428410949165	17.67288917146024	0	290.8404715961624	547.3942841094831	1	0	tensor(3, device='cuda:0')	1.7839057809928902
31200.0	2000.0	347.39428410949085	0.0	0	582.4013427102691	547.3942841094868	1	0	tensor(3, device='cuda:0')	1.8899431160216515
32200.0	2000.0	347.3942841094869	0.0	0	498.72746427320817	547.3942841094831	1	0	tensor(3, device='cuda:0')	1.8899431160216518
33200.0	2000.0	347.39428410948426	0.0	0	290.58309588916745	547.3942841094758	1	0	tensor(3, device='cuda:0')	1.8899431160216518
34200.0	2000.0	347.39428410947875	0.0	0	375.6970456212148	547.3942841094758	1	0	tensor(3, device='cuda:0')	1.8899431160216518
35200.0	2000.0	347.3942841094726	0.0	0	294.52240045576036	547.3942841094758	1	0	tensor(3, device='cuda:0')	1.8899431160216518
36200.0	2000.0	347.3942841094735	0.0	0	396.3394072317169	547.3942841094831	1	0	tensor(3, device='cuda:0')	1.8899431160216518
37200.0	2000.0	347.39428410947755	0.0	0	276.655066094645	547.3942841094977	1	0	tensor(3, device='cuda:0')	1.8899431160216515
38200.0	2000.0	470.50169447009944	123.10741036062439	0	102.08499468833907	670.5016944701274	1	0	tensor(3, device='cuda:0')	1.1490735130174774
39200.0	2000.0	470.5016944701065	0.0	0	328.81502774242836	670.5016944701274	1	0	tensor(3, device='cuda:0')	1.8877179751812236
40200.0	2000.0	470.5016944701009	0.0	0	365.02848725378135	670.5016944701274	1	0	tensor(3, device='cuda:0')	1.8877179751812236
41200.0	2000.0	470.5016944701098	0.0	0	428.99820096714393	670.5016944701347	1	0	tensor(3, device='cuda:0')	1.8877179751812234
42200.0	2000.0	470.5016944701157	0.0	0	250.76305242977833	670.5016944701347	1	0	tensor(3, device='cuda:0')	1.8877179751812234
43200.0	2000.0	470.5016944701109	0.0	0	441.17516310275096	670.5016944701347	1	0	tensor(3, device='cuda:0')	1.8877179751812234
44200.0	2000.0	470.5016944701074	0.0	0	398.94018196449906	670.5016944701347	1	0	tensor(3, device='cuda:0')	1.8877179751812234
45200.0	2000.0	470.5016944701043	0.0	0	555.7632588226043	670.5016944701274	1	0	tensor(3, device='cuda:0')	1.8877179751812236
46200.0	2000.0	470.50169447009694	0.0	0	606.6662009888314	670.5016944701274	1	0	tensor(3, device='cuda:0')	1.8877179751812236
47200.0	2000.0	470.50169447009216	0.0	0	206.03015869639057	670.5016944701274	1	0	tensor(3, device='cuda:0')	1.8877179751812236
48200.0	2000.0	470.50169447009944	0.0	0	297.9987544975811	670.5016944701347	1	0	tensor(3, device='cuda:0')	1.8877179751812234
49200.0	2000.0	470.5016944700991	0.0	0	52.95507891593297	670.5016944701347	1	0	tensor(3, device='cuda:0')	1.8877179751812234
50200.0	2000.0	470.501694470099	0.0	0	402.4924617615907	670.5016944701347	1	0	tensor(3, device='cuda:0')	1.8877179751812234
51200.0	2000.0	470.50169447010194	0.0	0	297.9900682552179	670.5016944701347	1	0	tensor(3, device='cuda:0')	1.8877179751812234
52200.0	2000.0	470.5016944701009	0.0	0	161.6851419472223	670.5016944701347	1	0	tensor(3, device='cuda:0')	1.8877179751812234
53200.0	2000.0	496.2463394120118	25.744644941913293	0	46.53910432600969	696.2463394120496	1	0	tensor(3, device='cuda:0')	1.7327494678965305
54255.86922286259	2000.0	440.37711654942734	0.0	0	0.0	696.2463394120496	1	0	tensor(3, device='cuda:0')	1.8872173375480101
55200.0	2000.0	496.24633941200386	0.0	0	215.9805580615357	696.2463394120496	1	0	tensor(3, device='cuda:0')	1.8872173375480101
56200.0	2000.0	496.2463394120077	0.0	0	474.91549509674223	696.2463394120423	1	0	tensor(3, device='cuda:0')	1.8872173375480104
57200.0	2000.0	496.2463394120066	0.0	0	429.45274379332113	696.246339412035	1	0	tensor(3, device='cuda:0')	1.8872173375480106
58200.0	2000.0	496.2463394120099	0.0	0	138.66806973506027	696.246339412035	1	0	tensor(3, device='cuda:0')	1.8872173375480106
59200.0	2000.0	496.2463394120058	0.0	0	448.5261107534752	696.246339412035	1	0	tensor(3, device='cuda:0')	1.8872173375480106
60200.0	2000.0	496.2463394120049	0.0	0	305.8156439159793	696.246339412035	1	0	tensor(3, device='cuda:0')	1.8872173375480106
61200.0	2000.0	496.2463394120116	0.0	0	378.31407416184084	696.246339412035	1	0	tensor(3, device='cuda:0')	1.8872173375480106
62200.0	2000.0	496.2463394120173	0.0	0	311.140217734217	696.2463394120423	1	0	tensor(3, device='cuda:0')	1.8872173375480104
63200.0	2000.0	496.2463394120167	0.0	0	299.610190430074	696.2463394120423	1	0	tensor(3, device='cuda:0')	1.8872173375480104
64200.0	2000.0	496.24633941201307	0.0	0	321.22452284078463	696.2463394120423	1	0	tensor(3, device='cuda:0')	1.8872173375480104
65200.0	2000.0	496.24633941200864	0.0	0	296.6083071395842	696.2463394120496	1	0	tensor(3, device='cuda:0')	1.8872173375480101
66200.0	2000.0	496.2463394120058	0.0	0	440.01658162455715	696.2463394120496	1	0	tensor(3, device='cuda:0')	1.8872173375480101
67200.0	2000.0	496.2463394119861	0.0	0	633.357898671471	696.2463394120277	1	0	tensor(3, device='cuda:0')	1.8872173375480106
68200.0	2000.0	496.2463394119958	0.0	0	446.4591228976642	696.2463394120277	1	0	tensor(3, device='cuda:0')	1.8872173375480106
69200.0	2000.0	496.24633941200057	0.0	0	334.6405997839174	696.2463394120277	1	0	tensor(3, device='cuda:0')	1.8872173375480106
70200.0	2000.0	496.2463394120073	0.0	0	323.7381310100318	696.2463394120132	1	0	tensor(3, device='cuda:0')	1.8872173375480108
71200.0	2000.0	496.2463394120126	0.0	0	527.7318274446297	696.2463394120132	1	0	tensor(3, device='cuda:0')	1.8872173375480108
72200.0	2000.0	496.24633941202023	0.0	0	92.21258554742963	696.2463394120132	1	0	tensor(3, device='cuda:0')	1.8872173375480108
73200.0	2000.0	496.2463394120389	0.0	0	544.8004730141984	696.2463394120132	1	0	tensor(3, device='cuda:0')	1.8872173375480108
74200.0	2000.0	496.2463394120407	0.0	0	520.2234697853419	696.2463394120132	1	0	tensor(3, device='cuda:0')	1.8872173375480108
75200.0	2000.0	246.24633941203774	0.0	0	433.9302833008842	446.24633941202774	1	0	tensor(5, device='cuda:0')	0.8899426483134123
76200.0	2000.0	345.5089546339324	99.26261522189259	0	326.37426973792026	545.508954633915	1	0	tensor(3, device='cuda:0')	0.7943994350662734
77200.0	2000.0	345.50895463394517	0.0	0	326.23177929957455	545.508954633915	1	0	tensor(3, device='cuda:0')	1.889975126397629
78200.0	2000.0	345.508954633921	0.0	0	473.90097545838216	545.5089546339004	1	0	tensor(3, device='cuda:0')	1.8899751263976292
79245.9789386213	2000.0	373.5461928192321	74.01617680661542	0	0.0	619.5251314405177	1	0	tensor(3, device='cuda:0')	1.4445753377997868
80200.0	2000.0	421.62423766203096	2.09910622148837	0	248.47406824227073	621.6242376620066	1	0	tensor(3, device='cuda:0')	1.8760394043351778
81200.0	2000.0	421.6242376620486	0.0	0	313.66922532704484	621.6242376620066	1	0	tensor(3, device='cuda:0')	1.888634041664108
82200.0	2000.0	421.62423766204665	0.0	0	185.6524360734329	621.6242376620212	1	0	tensor(3, device='cuda:0')	1.8886340416641079
83200.0	2000.0	421.62423766204313	0.0	0	271.9564424396958	621.6242376620212	1	0	tensor(3, device='cuda:0')	1.8886340416641079
84200.0	2000.0	421.6242376620528	0.0	0	555.0528142162511	621.6242376620357	1	0	tensor(3, device='cuda:0')	1.8886340416641076
85386.46161042691	2000.0	315.15186693308556	79.9892396979368	0	0.0	701.613477359977	1	0	tensor(3, device='cuda:0')	1.407175911159151
86377.9878141478	2000.0	449.5839659694906	125.95830275729992	0	0.0	827.5717801172577	1	0	tensor(3, device='cuda:0')	1.12870543799931
87200.0	2000.0	627.5717801172854	0.0	0	156.5113972617837	827.5717801172577	1	0	tensor(3, device='cuda:0')	1.8844552545431095
88200.0	2000.0	627.5717801172902	0.0	0	386.979537141975	827.5717801172723	1	0	tensor(3, device='cuda:0')	1.884455254543109
89338.28789893213	2000.0	489.28388118515943	0.0	0	0.0	827.5717801172723	1	0	tensor(3, device='cuda:0')	1.884455254543109
90265.82333654028	2000.0	561.7484435770167	0.0	0	0.0	827.5717801172723	1	0	tensor(3, device='cuda:0')	1.884455254543109
91200.0	2000.0	627.571780117306	0.0	0	361.10616331863275	827.5717801172723	1	0	tensor(3, device='cuda:0')	1.884455254543109
92200.0	2000.0	627.5717801173064	0.0	0	493.620624355317	827.5717801172723	1	0	tensor(3, device='cuda:0')	1.884455254543109
93200.0	2000.0	377.57178011731025	0.0	0	562.1512520696415	577.5717801172868	1	0	tensor(5, device='cuda:0')	0.8875432955405349
94200.0	2000.0	377.5717801173172	0.0	0	618.0725779351051	577.5717801173014	1	0	tensor(3, device='cuda:0')	1.389422514745907
95200.0	2000.0	377.5717801173288	0.0	0	440.3466422794154	577.5717801173014	1	0	tensor(3, device='cuda:0')	1.889422514745907
96200.0	2000.0	377.5717801173362	0.0	0	440.722393420976	577.5717801173159	1	0	tensor(3, device='cuda:0')	1.889422514745907
97200.0	2000.0	377.57178011734277	0.0	0	513.5653948903782	577.5717801173159	1	0	tensor(3, device='cuda:0')	1.889422514745907
98200.0	2000.0	377.57178011733254	0.0	0	614.0547625210602	577.5717801173159	1	0	tensor(3, device='cuda:0')	1.889422514745907
99200.0	2000.0	377.57178011733697	0.0	0	464.82768163335277	577.5717801173305	1	0	tensor(3, device='cuda:0')	1.8894225147459067
100200.0	2000.0	377.5717801173356	0.0	0	533.6561826940451	577.5717801173305	1	0	tensor(3, device='cuda:0')	1.8894225147459067
101200.0	2000.0	377.57178011731673	0.0	0	464.7095130382222	577.5717801173305	1	0	tensor(3, device='cuda:0')	1.8894225147459067
102200.0	2000.0	377.5717801173255	0.0	0	345.5088193192787	577.5717801173305	1	0	tensor(3, device='cuda:0')	1.8894225147459067
103207.53071647632	2000.0	462.89393049626096	92.85286685525091	0	0.0	670.4246469725913	1	0	tensor(3, device='cuda:0')	1.3306022532630262
104200.0	2000.0	470.42464697257424	0.0	0	245.18411592853954	670.4246469725913	1	0	tensor(3, device='cuda:0')	1.8877194543945317
105200.0	2000.0	470.4246469725799	0.0	0	525.5386823758163	670.4246469725913	1	0	tensor(3, device='cuda:0')	1.8877194543945317
106200.0	2000.0	470.4246469725672	0.0	0	283.68816643107857	670.4246469725913	1	0	tensor(3, device='cuda:0')	1.8877194543945317
107200.0	2000.0	470.42464697256946	0.0	0	371.8767080228281	670.4246469725913	1	0	tensor(3, device='cuda:0')	1.8877194543945317
108200.0	2000.0	470.4246469725649	0.0	0	623.3120617846289	670.4246469725767	1	0	tensor(3, device='cuda:0')	1.887719454394532
109200.0	2000.0	470.4246469725647	0.0	0	566.648025178205	670.4246469725767	1	0	tensor(3, device='cuda:0')	1.887719454394532
110200.0	2000.0	470.4246469725475	0.0	0	515.6090911113133	670.4246469725767	1	0	tensor(3, device='cuda:0')	1.887719454394532
111200.0	2000.0	470.4246469725423	0.0	0	540.9905123087956	670.4246469725767	1	0	tensor(3, device='cuda:0')	1.887719454394532
112200.0	2000.0	220.42464697252194	0.0	0	369.5839106661879	420.4246469725622	1	0	tensor(5, device='cuda:0')	0.8904371030877
113200.0	2000.0	276.22155741349354	55.796910440974756	0	424.4202684860211	476.2215574135189	1	0	tensor(3, device='cuda:0')	1.0563295031554232
114200.0	2000.0	276.22155741349343	0.0	0	542.9752718630625	476.2215574135189	1	0	tensor(3, device='cuda:0')	1.8911109658012717
115200.0	2000.0	283.4295028503055	7.2079454368061135	0	384.47571045423683	483.4295028503111	1	0	tensor(3, device='cuda:0')	1.8477487368198384
116200.0	2000.0	283.4295028503016	0.0	0	552.7019086641958	483.4295028503111	1	0	tensor(3, device='cuda:0')	1.8909964094406753
117257.8641571786	2000.0	429.42230650396795	203.85696083227793	0	0.0	687.286463682598	1	0	tensor(3, device='cuda:0')	0.6642512586308833
118200.0	2000.0	487.2864636825577	0.0	0	377.9883821790427	687.286463682598	1	0	tensor(3, device='cuda:0')	1.8873930236245509
119200.0	2000.0	487.2864636825732	0.0	0	491.6918948775419	687.286463682598	1	0	tensor(3, device='cuda:0')	1.8873930236245509
120200.0	2000.0	487.2864636825734	0.0	0	380.4761980732437	687.286463682598	1	0	tensor(3, device='cuda:0')	1.8873930236245509
121200.0	2000.0	487.2864636825732	0.0	0	358.3106996076385	687.286463682598	1	0	tensor(3, device='cuda:0')	1.8873930236245509
122200.0	2000.0	487.2864636825592	0.0	0	478.43851417260885	687.286463682598	1	0	tensor(3, device='cuda:0')	1.8873930236245509
123200.0	2000.0	487.28646368256193	0.0	0	274.95064511529927	687.286463682598	1	0	tensor(3, device='cuda:0')	1.8873930236245509
124200.0	2000.0	487.28646368256796	0.0	0	618.7919866108859	687.2864636826125	1	0	tensor(3, device='cuda:0')	1.8873930236245506
125200.0	2000.0	487.286463682565	0.0	0	570.450102585688	687.2864636826125	1	0	tensor(3, device='cuda:0')	1.8873930236245506
126200.0	2000.0	237.28646368254851	0.0	0	448.13603444062755	437.2864636826125	1	0	tensor(5, device='cuda:0')	0.8901124691007403
127200.0	2000.0	347.21446758447996	109.92800390192014	0	353.1924532655539	547.2144675845338	1	0	tensor(3, device='cuda:0')	0.7303781482364685
128200.0	2000.0	347.21446758447183	0.0	0	524.4820609577582	547.2144675845338	1	0	tensor(3, device='cuda:0')	1.8899461716479893
129200.0	2000.0	347.2144675844663	0.0	0	447.180687606422	547.2144675845338	1	0	tensor(3, device='cuda:0')	1.8899461716479893
130200.0	2000.0	429.99392777666253	82.77946019218933	0	128.70280014537275	629.9939277767116	1	0	tensor(3, device='cuda:0')	1.391803545486273
131200.0	2000.0	429.9939277766691	0.0	0	270.4109032708657	629.9939277767116	1	0	tensor(3, device='cuda:0')	1.888480306639409
132200.0	2000.0	429.993927776668	0.0	0	172.79435212313547	629.9939277766971	1	0	tensor(3, device='cuda:0')	1.8884803066394094
133200.0	2000.0	429.99392777667936	0.0	0	428.5671231004526	629.9939277766971	1	0	tensor(3, device='cuda:0')	1.8884803066394094
134200.0	2000.0	429.9939277766907	0.0	0	402.1085474039428	629.9939277766971	1	0	tensor(3, device='cuda:0')	1.8884803066394094
135200.0	2000.0	429.9939277766864	0.0	0	335.13997597814887	629.993927776668	1	0	tensor(3, device='cuda:0')	1.8884803066394098
136200.0	2000.0	429.9939277766698	0.0	0	502.3132239182596	629.993927776668	1	0	tensor(3, device='cuda:0')	1.8884803066394098
137200.0	2000.0	429.9939277766491	0.0	0	316.42879867128795	629.993927776668	1	0	tensor(3, device='cuda:0')	1.8884803066394098
138200.0	2000.0	429.9939277766505	0.0	0	352.1714725299098	629.993927776668	1	0	tensor(3, device='cuda:0')	1.8884803066394098
139221.91574861683	2000.0	427.30046995303974	19.222290793190325	0	0.0	649.2162185698398	1	0	tensor(3, device='cuda:0')	1.7727886223094549
140200.0	2000.0	449.21621856987724	0.0	0	161.4263809111435	649.2162185698689	1	0	tensor(3, device='cuda:0')	1.8881223670685965
141200.0	2000.0	449.21621856987986	0.0	0	315.8379306627903	649.2162185698689	1	0	tensor(3, device='cuda:0')	1.8881223670685965
142200.0	2000.0	449.21621856987326	0.0	0	579.8124826331332	649.2162185698689	1	0	tensor(3, device='cuda:0')	1.8881223670685965
143200.0	2000.0	449.21621856990873	0.0	0	599.4129752474255	649.2162185698689	1	0	tensor(3, device='cuda:0')	1.8881223670685965
144200.0	2000.0	449.21621856992454	0.0	0	426.93530575584737	649.2162185698689	1	0	tensor(3, device='cuda:0')	1.8881223670685965
145200.0	2000.0	449.2162185699334	0.0	0	425.4357329416089	649.216218569898	1	0	tensor(3, device='cuda:0')	1.888122367068596
146200.0	2000.0	449.2162185699177	0.0	0	162.18810479401145	649.216218569898	1	0	tensor(3, device='cuda:0')	1.888122367068596
147200.0	2000.0	449.2162185698967	0.0	0	520.363896566414	649.2162185698689	1	0	tensor(3, device='cuda:0')	1.8881223670685965
148200.0	2000.0	449.21621856988696	0.0	0	190.63899579865392	649.216218569898	1	0	tensor(3, device='cuda:0')	1.888122367068596
149200.0	2000.0	449.216218569886	0.0	0	359.5746398390911	649.2162185699272	1	0	tensor(3, device='cuda:0')	1.8881223670685954
150200.0	2000.0	449.2162185698962	0.0	0	347.25356420702883	649.216218569898	1	0	tensor(3, device='cuda:0')	1.888122367068596
151200.0	2000.0	449.2162185698862	0.0	0	502.22938195217284	649.216218569898	1	0	tensor(3, device='cuda:0')	1.888122367068596
152200.0	2000.0	449.21621856988406	0.0	0	219.89741368812975	649.216218569898	1	0	tensor(3, device='cuda:0')	1.888122367068596
153200.0	2000.0	449.2162185698984	0.0	0	432.07595424036845	649.216218569898	1	0	tensor(3, device='cuda:0')	1.888122367068596
154200.0	2000.0	449.2162185698735	0.0	0	575.3358545521914	649.216218569898	1	0	tensor(3, device='cuda:0')	1.888122367068596
155200.0	2000.0	449.21621856985894	0.0	0	262.9222915979044	649.216218569898	1	0	tensor(3, device='cuda:0')	1.888122367068596
156420.72159192985	2000.0	359.2622327840781	130.76760614409073	0	0.0	779.9838247139705	1	0	tensor(3, device='cuda:0')	1.1008921980569424
157200.0	2000.0	579.9838247139154	0.0	0	97.38994094351074	779.9838247139705	1	0	tensor(3, device='cuda:0')	1.8854978349214868
158200.0	2000.0	579.9838247139352	0.0	0	480.40703291387763	779.9838247139996	1	0	tensor(3, device='cuda:0')	1.885497834921486
159200.0	2000.0	579.9838247139581	0.0	0	474.83238121299655	779.9838247139996	1	0	tensor(3, device='cuda:0')	1.885497834921486
160200.0	2000.0	329.9838247139853	0.0	0	490.4156913039333	529.9838247140287	1	0	tensor(5, device='cuda:0')	0.8884601044433844
161200.0	2000.0	329.9838247139796	0.0	0	620.0970590925717	529.9838247140287	1	0	tensor(3, device='cuda:0')	1.3902364594912746
162200.0	2000.0	329.9838247139718	0.0	0	552.5799580541789	529.9838247140287	1	0	tensor(3, device='cuda:0')	1.8902364594912746
163200.0	2000.0	329.98382471395905	0.0	0	557.968128248438	529.9838247140287	1	0	tensor(3, device='cuda:0')	1.8902364594912746
164200.0	2000.0	329.98382471397184	0.0	0	478.77954695376684	529.9838247140287	1	0	tensor(3, device='cuda:0')	1.8902364594912746
165200.0	2000.0	329.9838247139879	0.0	0	321.86420873348834	529.9838247140578	1	0	tensor(3, device='cuda:0')	1.8902364594912742
166200.0	2000.0	329.9838247140246	0.0	0	347.3039570070978	529.9838247140578	1	0	tensor(3, device='cuda:0')	1.8902364594912742
167200.0	2000.0	329.98382471400737	0.0	0	541.0779586388671	529.9838247140578	1	0	tensor(3, device='cuda:0')	1.8902364594912742
168200.0	2000.0	329.98382471398685	0.0	0	450.4729990559281	529.9838247140578	1	0	tensor(3, device='cuda:0')	1.8902364594912742
169200.0	2000.0	329.9838247139767	0.0	0	686.7190162832558	529.983824714087	1	0	tensor(3, device='cuda:0')	1.8902364594912735
170200.0	2000.0	329.98382471394535	0.0	0	565.8617426840356	529.983824714087	1	0	tensor(3, device='cuda:0')	1.8902364594912735
171200.0	2000.0	329.9838247139535	0.0	0	448.3917789934494	529.983824714087	1	0	tensor(3, device='cuda:0')	1.8902364594912735
172200.0	2000.0	342.7897466091064	12.805921895150163	0	265.3850522582652	542.7897466092545	1	0	tensor(3, device='cuda:0')	1.8131856582867403
173200.0	2000.0	342.7897466091494	0.0	0	463.2538652314397	542.7897466092545	1	0	tensor(3, device='cuda:0')	1.890021189657641
174200.0	2000.0	417.2923668568815	74.5026202477294	0	183.95666710205842	617.2923668569711	1	0	tensor(3, device='cuda:0')	1.4416973890045843
175200.0	2000.0	417.2923668568593	0.0	0	433.6737673834432	617.2923668569711	1	0	tensor(3, device='cuda:0')	1.8887131104909607
176200.0	2000.0	417.29236685687397	0.0	0	459.0048283188662	617.2923668569711	1	0	tensor(3, device='cuda:0')	1.8887131104909607
177200.0	2000.0	417.2923668568844	0.0	0	353.6902024394367	617.2923668569711	1	0	tensor(3, device='cuda:0')	1.8887131104909607
178200.0	2000.0	417.292366856885	0.0	0	187.18700202164473	617.2923668569711	1	0	tensor(3, device='cuda:0')	1.8887131104909607
179200.0	2000.0	462.945845164764	45.65347830789557	0	26.713216135074617	662.9458451648534	1	0	tensor(3, device='cuda:0')	1.6139416320694355
180200.0	2000.0	462.94584516474856	0.0	0	535.0326931691088	662.9458451648534	1	0	tensor(3, device='cuda:0')	1.8878625019168087
181200.0	2000.0	462.94584516473196	0.0	0	286.2478545807535	662.9458451648825	1	0	tensor(3, device='cuda:0')	1.8878625019168083
182200.0	2000.0	475.8660146564886	12.920169491773152	0	130.31981613326934	675.8660146566399	1	0	tensor(3, device='cuda:0')	1.8100936921650337
183200.0	2000.0	475.86601465645435	0.0	0	226.5913360514969	675.8660146566399	1	0	tensor(3, device='cuda:0')	1.8876147091156725
184392.00750608213	2000.0	394.85762586624793	110.99911729188142	0	0.0	786.8651319485216	1	0	tensor(3, device='cuda:0')	1.2193553899480112
185200.0	2000.0	586.8651319483554	0.0	0	105.42610988602974	786.8651319484925	1	0	tensor(3, device='cuda:0')	1.8853500936993004
186200.0	2000.0	586.8651319483747	0.0	0	472.7432659055048	786.8651319484925	1	0	tensor(3, device='cuda:0')	1.8853500936993004
187200.0	2000.0	586.865131948374	0.0	0	435.4481236836873	786.8651319484925	1	0	tensor(3, device='cuda:0')	1.8853500936993004
188200.0	2000.0	586.8651319483818	0.0	0	366.6177860806056	786.8651319484925	1	0	tensor(3, device='cuda:0')	1.8853500936993004
189200.0	3000.0	336.8651319483692	0.0	0	186.65346117538866	536.8651319484925	1	0	tensor(5, device='cuda:0')	0.8886010939715009
190200.0	2000.0	336.86513194834765	0.0	0	351.8446694899758	536.8651319484925	1	0	tensor(3, device='cuda:0')	0.9846560152074361
191200.0	2000.0	447.96038973814416	111.09525778981299	0	188.7751059816801	647.9603897383204	1	0	tensor(3, device='cuda:0')	1.2215744138778704
192200.0	2000.0	447.9603897381676	0.0	0	440.11175226335763	647.9603897383204	1	0	tensor(3, device='cuda:0')	1.8881459606167483
193200.0	2000.0	447.9603897381562	0.0	0	553.5473263011081	647.9603897382913	1	0	tensor(3, device='cuda:0')	1.888145960616749
194200.0	2000.0	447.96038973815325	0.0	0	506.7268947001139	647.9603897382622	1	0	tensor(3, device='cuda:0')	1.8881459606167494
195200.0	2000.0	447.9603897381771	0.0	0	406.421199427743	647.9603897382622	1	0	tensor(3, device='cuda:0')	1.8881459606167494
196200.0	2000.0	447.96038973821237	0.0	0	267.7718068562972	647.9603897382622	1	0	tensor(3, device='cuda:0')	1.8881459606167494
197200.0	2000.0	447.96038973821214	0.0	0	294.19668838000507	647.9603897382622	1	0	tensor(3, device='cuda:0')	1.8881459606167494
198200.0	2000.0	447.9603897381967	0.0	0	266.6972256372974	647.9603897382622	1	0	tensor(3, device='cuda:0')	1.8881459606167494
199200.0	2000.0	447.9603897381985	0.0	0	364.15679533954244	647.9603897382622	1	0	tensor(3, device='cuda:0')	1.8881459606167494
200200.0	2000.0	447.96038973820237	0.0	0	407.3216213749547	647.9603897382622	1	0	tensor(3, device='cuda:0')	1.8881459606167494
201200.0	2000.0	447.96038973820896	0.0	0	525.7600178798311	647.9603897382913	1	0	tensor(3, device='cuda:0')	1.888145960616749
202200.0	2000.0	447.9603897381978	0.0	0	406.984953608684	647.9603897382913	1	0	tensor(3, device='cuda:0')	1.888145960616749
203200.0	2000.0	447.96038973816553	0.0	0	516.601774888084	647.9603897382913	1	0	tensor(3, device='cuda:0')	1.888145960616749
204231.29904225943	2000.0	416.6613474787451	0.0	0	0.0	647.9603897382913	1	0	tensor(3, device='cuda:0')	1.888145960616749
205386.6330136878	2000.0	387.91114666073133	126.58377061031928	0	0.0	774.5441603486252	1	0	tensor(3, device='cuda:0')	1.1261112908468776
206200.0	2000.0	574.5441603485449	0.0	0	205.55300047650235	774.5441603486252	1	0	tensor(3, device='cuda:0')	1.8856139145087933
207200.0	2000.0	574.5441603485676	0.0	0	523.8778942167119	774.5441603486252	1	0	tensor(3, device='cuda:0')	1.8856139145087933
208200.0	2000.0	574.5441603485679	0.0	0	483.05762948209303	774.5441603486252	1	0	tensor(3, device='cuda:0')	1.8856139145087933
209200.0	2000.0	574.5441603485817	0.0	0	420.2641193192685	774.5441603486252	1	0	tensor(3, device='cuda:0')	1.8856139145087933
210200.0	2000.0	574.5441603485792	0.0	0	555.8107043886848	774.5441603486252	1	0	tensor(3, device='cuda:0')	1.8856139145087933
211200.0	2000.0	574.544160348561	0.0	0	320.66657495015534	774.5441603486252	1	0	tensor(3, device='cuda:0')	1.8856139145087933
212200.0	2000.0	574.5441603485635	0.0	0	240.31840135660605	774.5441603486252	1	0	tensor(3, device='cuda:0')	1.8856139145087933
213200.0	2000.0	574.5441603485598	0.0	0	428.58609925885685	774.5441603486252	1	0	tensor(3, device='cuda:0')	1.8856139145087933
214200.0	2000.0	324.5441603485399	0.0	0	488.8955519980809	524.544160348596	1	0	tensor(5, device='cuda:0')	0.8885786478352802
215200.0	2000.0	324.5441603485375	0.0	0	527.3893041023985	524.544160348567	1	0	tensor(3, device='cuda:0')	1.390327077261463
216200.0	2000.0	324.54416034855416	0.0	0	356.048155098164	524.5441603485378	1	0	tensor(3, device='cuda:0')	1.8903270772614635
217200.0	2000.0	324.5441603485347	0.0	0	380.093426790816	524.5441603485378	1	0	tensor(3, device='cuda:0')	1.8903270772614635
218200.0	2000.0	324.5441603485529	0.0	0	572.5536567248637	524.5441603485378	1	0	tensor(3, device='cuda:0')	1.8903270772614635
219200.0	2000.0	324.5441603485514	0.0	0	433.88256303803064	524.5441603485378	1	0	tensor(3, device='cuda:0')	1.8903270772614635
220200.0	2000.0	324.5441603485028	0.0	0	402.89165899102227	524.5441603485378	1	0	tensor(3, device='cuda:0')	1.8903270772614635
221200.0	2000.0	324.54416034849197	0.0	0	519.8933837007498	524.5441603485087	1	0	tensor(3, device='cuda:0')	1.8903270772614642
222200.0	2000.0	348.3610985595052	23.81693821099219	0	295.54730667656986	548.3610985595151	1	0	tensor(3, device='cuda:0')	1.747025048313629
223200.0	2000.0	442.8830040167204	94.52190545719048	0	50.270272628666135	642.8830040167377	1	0	tensor(3, device='cuda:0')	1.321109619244973
224200.0	2000.0	442.88300401673945	0.0	0	42.03988590987865	642.8830040167377	1	0	tensor(3, device='cuda:0')	1.8882410519881159
225200.0	2000.0	453.13748217073703	10.254478153979221	0	173.85570107927197	653.1374821707141	1	0	tensor(3, device='cuda:0')	1.8265216392751369
226200.0	2000.0	453.13748217071543	0.0	0	373.6214521086076	653.1374821707141	1	0	tensor(3, device='cuda:0')	1.8880485081990122
227200.0	2000.0	453.13748217075204	0.0	0	175.36539650365012	653.1374821707141	1	0	tensor(3, device='cuda:0')	1.8880485081990122
228200.0	2000.0	453.1374821707352	0.0	0	420.3448605478043	653.1374821707141	1	0	tensor(3, device='cuda:0')	1.8880485081990122
229231.19696443074	2000.0	464.3991120773529	42.458594337334716	0	0.0	695.5960765080526	1	0	tensor(3, device='cuda:0')	1.6324785744586698
230200.0	2000.0	495.5960765081045	0.0	0	314.45710090594366	695.5960765080526	1	0	tensor(3, device='cuda:0')	1.8872301404826781
231200.0	2000.0	495.5960765081163	0.0	0	531.3682974429394	695.5960765080526	1	0	tensor(3, device='cuda:0')	1.8872301404826781
232200.0	2000.0	495.59607650813666	0.0	0	577.5910473896947	695.5960765080818	1	0	tensor(3, device='cuda:0')	1.8872301404826775
233200.0	3000.0	245.59607650815525	0.0	0	396.47612425877014	445.59607650816906	1	0	tensor(5, device='cuda:0')	0.8900222269555297
234200.0	2000.0	13.722373846685514	14.501037870807579	0	587.009465445677	213.72237384671462	1	0	tensor(5, device='cuda:0')	0.9084051329485587
235200.0	2000.0	214.52426441169638	200.80189056499088	0	526.9935017610842	414.52426441168063	1	0	tensor(3, device='cuda:0')	0.1872473749819984
236200.0	2000.0	237.14286422254833	22.618599810842085	0	539.3017291572178	437.142864222551	1	0	tensor(3, device='cuda:0')	1.756006385649425
237200.0	2000.0	266.89984497992396	29.756980757366463	0	440.2688135173521	466.89984497995465	1	0	tensor(3, device='cuda:0')	1.7127160223230842
238200.0	2000.0	266.89984497989667	0.0	0	511.71957617092994	466.89984497995465	1	0	tensor(3, device='cuda:0')	1.8912579068672828
239200.0	2000.0	394.0427651017359	127.14292012185072	0	116.4237063145556	594.0427651017962	1	0	tensor(3, device='cuda:0')	1.1262742095935636
240200.0	2000.0	394.04276510173713	0.0	0	320.51268919633003	594.0427651017671	1	0	tensor(3, device='cuda:0')	1.8891317303246686
241200.0	2000.0	394.04276510174327	0.0	0	302.8495506043546	594.0427651017671	1	0	tensor(3, device='cuda:0')	1.8891317303246686
242200.0	2000.0	394.04276510176055	0.0	0	276.25316551790456	594.0427651017671	1	0	tensor(3, device='cuda:0')	1.8891317303246686
243200.0	2000.0	394.0427651017494	0.0	0	462.2385563449643	594.0427651017962	1	0	tensor(3, device='cuda:0')	1.889131730324668
244200.0	2000.0	394.0427651017342	0.0	0	473.3557753296918	594.0427651017962	1	0	tensor(3, device='cuda:0')	1.889131730324668
245200.0	2000.0	394.0427651017691	0.0	0	631.5770378107263	594.0427651017962	1	0	tensor(3, device='cuda:0')	1.889131730324668
246200.0	2000.0	394.04276510177203	0.0	0	701.6208949743886	594.0427651018254	1	0	tensor(3, device='cuda:0')	1.8891317303246673
247200.0	2000.0	394.0427651018151	0.0	0	706.9386568323534	594.0427651018254	1	0	tensor(3, device='cuda:0')	1.8891317303246673
248200.0	2000.0	394.0427651018142	0.0	0	688.3284569070092	594.0427651018254	1	0	tensor(3, device='cuda:0')	1.8891317303246673
249200.0	2000.0	394.04276510182035	0.0	0	385.02289887564257	594.0427651018254	1	0	tensor(3, device='cuda:0')	1.8891317303246673
250200.0	2000.0	394.04276510181637	0.0	0	426.2039675755659	594.0427651018254	1	0	tensor(3, device='cuda:0')	1.8891317303246673
251200.0	2000.0	394.0427651018265	0.0	0	625.2763485891046	594.0427651018254	1	0	tensor(3, device='cuda:0')	1.8891317303246673
252200.0	2000.0	394.04276510182285	0.0	0	418.82815183207276	594.0427651018254	1	0	tensor(3, device='cuda:0')	1.8891317303246673
253200.0	2000.0	394.04276510184815	0.0	0	216.439439102076	594.0427651018545	1	0	tensor(3, device='cuda:0')	1.8891317303246669
254200.0	2000.0	450.622285785685	56.5795206838651	0	97.61375822548871	650.6222857857065	1	0	tensor(3, device='cuda:0')	1.5486187920039924
255200.0	2000.0	450.6222857857158	0.0	0	451.3674350467627	650.6222857857065	1	0	tensor(3, device='cuda:0')	1.888095916107183
256265.04888968295	2000.0	455.2438350508795	69.67043894809603	0	0.0	720.292724733823	1	0	tensor(3, device='cuda:0')	1.4687154231816963
257458.67999602683	2000.0	410.4446603627001	148.83193165568537	0	0.0	869.1246563895256	1	0	tensor(3, device='cuda:0')	0.9905123091181383
258200.0	2000.0	669.1246563895313	0.0	0	308.5456314701296	869.1246563895256	1	0	tensor(3, device='cuda:0')	1.8835038990522504
259200.0	2000.0	669.1246563894938	0.0	0	414.07267575585865	869.1246563895256	1	0	tensor(3, device='cuda:0')	1.8835038990522504
260200.0	2000.0	669.1246563895016	0.0	0	293.15908503948594	869.1246563895256	1	0	tensor(3, device='cuda:0')	1.8835038990522504
261200.0	2000.0	669.1246563894653	0.0	0	85.79232065516408	869.1246563894965	1	0	tensor(3, device='cuda:0')	1.883503899052251
262200.0	2000.0	669.1246563894813	0.0	0	28.055553546000738	869.1246563894965	1	0	tensor(3, device='cuda:0')	1.883503899052251
263200.0	2000.0	669.1246563894821	0.0	0	499.1564054741175	869.1246563894674	1	0	tensor(3, device='cuda:0')	1.8835038990522515
264200.0	2000.0	419.12465638941774	0.0	0	572.2456888313754	619.1246563894092	1	0	tensor(5, device='cuda:0')	0.8867117136298449
265200.0	2000.0	419.1246563894447	0.0	0	539.0671821142896	619.124656389351	1	0	tensor(3, device='cuda:0')	1.3886797074639228
266200.0	2000.0	419.1246563894858	0.0	0	53.20405421772739	619.1246563894092	1	0	tensor(3, device='cuda:0')	1.8886797074639217
267200.0	2000.0	419.1246563894772	0.0	0	373.5717745916336	619.1246563894092	1	0	tensor(3, device='cuda:0')	1.8886797074639217
268200.0	2000.0	419.1246563894855	0.0	0	555.1471357725677	619.1246563894092	1	0	tensor(3, device='cuda:0')	1.8886797074639217
269200.0	2000.0	419.1246563894606	0.0	0	381.03141930431593	619.1246563894674	1	0	tensor(3, device='cuda:0')	1.8886797074639206
270200.0	2000.0	419.12465638940057	0.0	0	387.57354502141243	619.1246563894674	1	0	tensor(3, device='cuda:0')	1.8886797074639206
271200.0	2000.0	419.12465638938374	0.0	0	430.91452793439385	619.1246563894674	1	0	tensor(3, device='cuda:0')	1.8886797074639206
272200.0	2000.0	419.1246563893437	0.0	0	374.10779637278756	619.1246563894674	1	0	tensor(3, device='cuda:0')	1.8886797074639206
273200.0	2000.0	419.12465638933986	0.0	0	389.30910175002646	619.1246563894674	1	0	tensor(3, device='cuda:0')	1.8886797074639206
274200.0	2000.0	419.1246563893578	0.0	0	187.56513280054787	619.1246563894674	1	0	tensor(3, device='cuda:0')	1.8886797074639206
275200.0	2000.0	419.1246563893094	0.0	0	553.2968891553464	619.1246563894674	1	0	tensor(3, device='cuda:0')	1.8886797074639206
276200.0	2000.0	419.124656389316	0.0	0	612.4126295709866	619.1246563894674	1	0	tensor(3, device='cuda:0')	1.8886797074639206
277200.0	2000.0	419.1246563893011	0.0	0	492.5061576355947	619.1246563894092	1	0	tensor(3, device='cuda:0')	1.8886797074639217
278200.0	2000.0	419.124656389352	0.0	0	427.83336823177524	619.1246563894092	1	0	tensor(3, device='cuda:0')	1.8886797074639217
279204.1831534316	2000.0	442.71471412340543	27.773211165673388	0	0.0	646.8978675550898	1	0	tensor(3, device='cuda:0')	1.721526632565697
280200.0	2000.0	446.89786755497994	0.0	0	462.81398074916797	646.897867555148	1	0	tensor(3, device='cuda:0')	1.8881658995597368
281200.0	2000.0	446.89786755507635	0.0	0	350.193545922637	646.8978675552062	1	0	tensor(3, device='cuda:0')	1.8881658995597355
282200.0	2000.0	446.8978675550436	0.0	0	318.9175522052101	646.8978675552062	1	0	tensor(3, device='cuda:0')	1.8881658995597355
283200.0	2000.0	446.89786755505804	0.0	0	211.67828598601045	646.8978675552062	1	0	tensor(3, device='cuda:0')	1.8881658995597355
284200.0	2000.0	468.2320941231387	21.334226568071188	0	113.69407385546947	668.232094123261	1	0	tensor(3, device='cuda:0')	1.7597561419203989
285200.0	2000.0	468.23209412320057	0.0	0	595.7898587582749	668.232094123261	1	0	tensor(3, device='cuda:0')	1.8877615013288258
286200.0	2000.0	468.2320941231386	0.0	0	660.8125746654696	668.232094123261	1	0	tensor(3, device='cuda:0')	1.8877615013288258
287200.0	2000.0	468.23209412311064	0.0	0	496.40189672861015	668.2320941232028	1	0	tensor(3, device='cuda:0')	1.8877615013288267
288200.0	2000.0	468.23209412320966	0.0	0	455.68533503549406	668.232094123261	1	0	tensor(3, device='cuda:0')	1.8877615013288258
289200.0	2000.0	468.23209412325946	0.0	0	564.838263501937	668.232094123261	1	0	tensor(3, device='cuda:0')	1.8877615013288258
290200.0	2000.0	468.2320941232922	0.0	0	468.85755732737016	668.232094123261	1	0	tensor(3, device='cuda:0')	1.8877615013288258
291200.0	2000.0	468.2320941233486	0.0	0	292.4865869139321	668.2320941233193	1	0	tensor(3, device='cuda:0')	1.8877615013288245
292200.0	2000.0	468.23209412332994	0.0	0	194.01366640540073	668.2320941233193	1	0	tensor(3, device='cuda:0')	1.8877615013288245
293200.0	2000.0	468.23209412333995	0.0	0	438.38029471208574	668.2320941233193	1	0	tensor(3, device='cuda:0')	1.8877615013288245
294200.0	2000.0	468.2320941233386	0.0	0	344.1241610785364	668.2320941233193	1	0	tensor(3, device='cuda:0')	1.8877615013288245
295200.0	2000.0	468.23209412335837	0.0	0	558.5537788884831	668.2320941233193	1	0	tensor(3, device='cuda:0')	1.8877615013288245
296359.9041511735	2000.0	308.327942949951	0.0	0	0.0	668.2320941233193	1	0	tensor(3, device='cuda:0')	1.8877615013288245
297200.0	2000.0	468.2320941234127	0.0	0	249.499156122969	668.2320941233193	1	0	tensor(3, device='cuda:0')	1.8877615013288245
298200.0	2000.0	468.2320941234499	0.0	0	328.6188433857169	668.2320941233775	1	0	tensor(3, device='cuda:0')	1.8877615013288236
299200.0	2000.0	468.2320941234333	0.0	0	248.5704483341542	668.2320941233775	1	0	tensor(3, device='cuda:0')	1.8877615013288236
300200.0	2000.0	468.2320941234584	0.0	0	465.42581992509076	668.2320941233775	1	0	tensor(3, device='cuda:0')	1.8877615013288236
3.64	2.04	3.26	2.27	3.12	2.03	4.14	4.63	1.91	3.57	2.13	4.41	4.48	2.39	3.96	4.36	5.73	4.71	3.21	2.73	5.48	3.48	2.28	2.69	3.28	5.68	4.2	3.39	4.52	2.48	3.13	2.32	2.81	4.36	3.43	2.66	3.95	2.88	3.89	3.86	4.15	3.26	2.06	2.72	3.0	2.13	1.89	2.93	2.41	3.61	4.45	2.99	2.4	3.32	2.07	4.15	3.7	3.5	4.11	3.49	3.51	4.75	4.39	2.94	2.65	4.03	2.69	4.53	4.84	2.99	3.09	3.2	3.67	2.0	3.92	3.46	3.05	3.41	4.11	2.11	1.81	3.93	3.24	1.59	2.17	3.24	4.46	3.49	5.85	3.16	4.04	4.38	4.01	4.54	2.93	3.46	3.22	2.69	2.66	4.41	2.69	3.58	5.53	4.37	4.6	5.64	4.29	4.32	3.85	3.27	3.78	2.31	3.72	2.98	2.41	3.19	3.76	3.34	5.11	5.97	3.95	4.21	4.97	3.59	2.95	3.79	3.07	3.5	2.94	2.69	4.0	2.56	3.23	2.61	2.04	2.99	5.24	3.85	3.44	4.09	2.88	4.89	1.84	2.79	4.44	3.27	2.8	3.64	4.43	2.79	1.95	3.86	3.88	4.05	3.49	6.2	3.44	4.59	4.8	2.57	2.97	4.26	4.41	6.68	3.3	2.88	2.14	3.58	3.29	2.95	4.22	3.16	2.95	2.35	4.41	1.75	3.28	3.29	2.24	2.42	3.37	3.97	4.39	4.68	1.99	3.13	3.79	4.49	3.61	4.58	3.14	3.15	3.27	4.02	3.17	3.71	4.25	4.08	2.19	1.96	3.16	4.45	3.56	3.24	3.8	3.54	2.78	5.24	4.07	4.52	2.91	4.17	3.95	2.65	4.0	3.32	3.83	2.8	1.95	3.32	3.8	3.12	2.76	2.05	4.65	3.48	5.93	5.37	3.82	3.43	4.17	4.23	4.4	2.44	2.71	3.63	3.75	3.66	4.03	5.94	6.02	5.94	4.97	3.44	4.71	5.7	3.88	2.43	3.07	2.85	2.54	1.9	4.67	3.29	2.2	2.53	2.63	4.97	3.48	3.95	2.05	3.43	4.07	4.24	3.23	3.96	3.6	2.41	2.66	4.29	4.04	2.87	3.72	2.18	3.53	4.09	3.56	2.53	2.91	5.07	4.95	2.56	3.49	4.31	3.38	2.85	2.25	3.22	4.3	4.36	1.59	1.15	2.83	4.19	2.27	3.5	5.11
1711.0	1712.0	1713.0	1714.0	1715.0	1716.0	1717.0	1718.0	1719.0	1720.0	1721.0	1722.0	1723.0	1724.0	1725.0	1726.0	1727.0	1728.0	1729.0	1730.0	1731.0	1732.0	1733.0	1734.0	1735.0	1736.0	1737.0	1738.0	1739.0	1740.0	1741.0	1742.0	1743.0	1744.0	1745.0	1746.0	1747.0	1748.0	1749.0	1750.0	1751.0	1752.0	1753.0	1754.0	1755.0	1756.0	1757.0	1758.0	1759.0	1760.0	1761.0	1762.0	1763.0	1764.0	1765.0	1766.0	1767.0	1768.0	1769.0	1770.0	1771.0	1772.0	1773.0	1774.0	1775.0	1776.0	1777.0	1778.0	1779.0	1780.0	1781.0	1782.0	1783.0	1784.0	1785.0	1786.0	1787.0	1788.0	1789.0	1790.0	1791.0	1792.0	1793.0	1794.0	1795.0	1796.0	1797.0	1798.0	1799.0	1800.0	1801.0	1802.0	1803.0	1804.0	1805.0	1806.0	1807.0	1808.0	1809.0	1810.0	1811.0	1812.0	1813.0	1814.0	1815.0	1816.0	1817.0	1818.0	1819.0	1820.0	1821.0	1822.0	1823.0	1824.0	1825.0	1826.0	1827.0	1828.0	1829.0	1830.0	1831.0	1832.0	1833.0	1834.0	1835.0	1836.0	1837.0	1838.0	1839.0	1840.0	1841.0	1842.0	1843.0	1844.0	1845.0	1846.0	1847.0	1848.0	1849.0	1850.0	1851.0	1852.0	1853.0	1854.0	1855.0	1856.0	1857.0	1858.0	1859.0	1860.0	1861.0	1862.0	1863.0	1864.0	1865.0	1866.0	1867.0	1868.0	1869.0	1870.0	1871.0	1872.0	1873.0	1874.0	1875.0	1876.0	1877.0	1878.0	1879.0	1880.0	1881.0	1882.0	1883.0	1884.0	1885.0	1886.0	1887.0	1888.0	1889.0	1890.0	1891.0	1892.0	1893.0	1894.0	1895.0	1896.0	1897.0	1898.0	1899.0	1900.0	1901.0	1902.0	1903.0	1904.0	1905.0	1906.0	1907.0	1908.0	1909.0	1910.0	1911.0	1912.0	1913.0	1914.0	1915.0	1916.0	1917.0	1918.0	1919.0	1920.0	1921.0	1922.0	1923.0	1924.0	1925.0	1926.0	1927.0	1928.0	1929.0	1930.0	1931.0	1932.0	1933.0	1934.0	1935.0	1936.0	1937.0	1938.0	1939.0	1940.0	1941.0	1942.0	1943.0	1944.0	1945.0	1946.0	1947.0	1948.0	1949.0	1950.0	1951.0	1952.0	1953.0	1954.0	1955.0	1956.0	1957.0	1958.0	1959.0	1960.0	1961.0	1962.0	1963.0	1964.0	1965.0	1966.0	1967.0	1968.0	1969.0	1970.0	1971.0	1972.0	1973.0	1974.0	1975.0	1976.0	1977.0	1978.0	1979.0	1980.0	1981.0	1982.0	1983.0	1984.0	1985.0	1986.0	1987.0	1988.0	1989.0	1990.0	1991.0	1992.0	1993.0	1994.0	1995.0	1996.0	1997.0	1998.0	1999.0	2000.0	2000.0	2001.0	2002.0	2003.0	2004.0	2005.0	2006.0
5369.0
