2916.4773898950257	3000.0	2000.0	189.7202504397843	0	0.0	2916.4773898950257	1	0	tensor(5, device='cuda:0')	-1.796521239410117
3200.8353901794785	3000.0	2644.552499644434	0.0	0	0.0	2845.3878898239122	1	0	tensor(5, device='cuda:0')	2.0038139194022606
4200.0	3000.0	2395.5967373687827	0.0	0	747.8622941665194	2595.5967373687827	1	0	tensor(5, device='cuda:0')	1.6708939331340906
5200.0	3000.0	2145.5967373687827	0.0	0	800.5653135351413	2345.5967373687827	1	0	tensor(5, device='cuda:0')	1.7010069730243593
6200.0	3000.0	1895.5967373687827	0.0	0	716.398644091867	2095.5967373687827	1	0	tensor(5, device='cuda:0')	1.7251227262230167
7200.0	3000.0	1645.5967373687836	0.0	0	717.2141453735712	1845.5967373687827	1	0	tensor(5, device='cuda:0')	1.7441132942761732
8200.0	3000.0	1395.5967373687843	0.0	0	629.5698494342505	1595.5967373687836	1	0	tensor(5, device='cuda:0')	1.7590319617786851
9200.0	3000.0	1145.596737368782	0.0	0	692.8040871632111	1345.59673736878	1	0	tensor(5, device='cuda:0')	1.7707296712217844
10200.0	3000.0	895.596737368782	0.0	0	727.4469404705706	1095.59673736878	1	0	tensor(5, device='cuda:0')	1.7798882368593198
11200.0	3000.0	645.5967373687814	0.0	0	653.0423871565672	845.5967373687781	1	0	tensor(5, device='cuda:0')	1.7870504894953756
12200.0	3000.0	395.5967373687838	0.0	0	701.3953407580084	595.5967373687799	1	0	tensor(5, device='cuda:0')	1.792646483426626
13200.0	3000.0	145.59673736878494	0.0	0	630.4397094205178	345.59673736878176	1	0	tensor(5, device='cuda:0')	1.7970156288507664
14200.0	2000.0	0.0	97.76578871504066	0	838.4636853194734	200.0	2	0	tensor(5, device='cuda:0')	0.4514061389852643
15200.0	2000.0	83.24349453590298	83.24349453590281	0	854.2839535109179	283.24349453590366	1	0	tensor(3, device='cuda:0')	0.8944312107141701
16200.0	2000.0	93.06048850057232	9.816993964671624	0	838.5602021337454	293.06048850057414	1	0	tensor(3, device='cuda:0')	1.8348612262770267
17200.0	2000.0	93.0604885005726	0.0	0	851.3877452072247	293.06048850057414	1	0	tensor(3, device='cuda:0')	1.8937631900650564
18200.0	2000.0	116.51459897020106	23.45411046963151	0	767.711746529556	316.5145989702032	1	0	tensor(3, device='cuda:0')	1.752725217395234
19200.0	2000.0	116.51459897020356	0.0	0	796.7204905341168	316.51459897020686	1	0	tensor(3, device='cuda:0')	1.893449880213023
20200.0	2000.0	129.3486799130817	12.834080942876383	0	755.1020381426824	329.3486799130842	1	0	tensor(3, device='cuda:0')	1.8162708366120626
21200.0	2000.0	129.34867991308397	0.0	0	847.6786453761051	329.34867991308056	1	0	tensor(3, device='cuda:0')	1.893275322269321
22200.0	2000.0	132.3660970623166	3.0174171492288764	0	748.4520256914584	332.36609706230956	1	0	tensor(3, device='cuda:0')	1.8751294550465447
23200.0	2000.0	132.36609706231695	0.0	0	813.8921092806122	332.36609706230956	1	0	tensor(3, device='cuda:0')	1.8932339579419182
24200.0	2000.0	132.36609706231525	0.0	0	811.3731260473323	332.36609706230956	1	0	tensor(3, device='cuda:0')	1.8932339579419182
25200.0	2000.0	186.94029299623912	54.57419593392382	0	643.0822755007866	386.9402929962307	1	0	tensor(3, device='cuda:0')	1.5650188560474505
26200.0	2000.0	186.940292996243	0.0	0	762.5128049965024	386.9402929962307	1	0	tensor(3, device='cuda:0')	1.8924640316509935
27200.0	2000.0	186.9402929962439	0.0	0	769.6991852941755	386.9402929962307	1	0	tensor(3, device='cuda:0')	1.8924640316509935
28200.0	2000.0	186.94029299624657	0.0	0	733.3104464345924	386.94029299623435	1	0	tensor(3, device='cuda:0')	1.8924640316509935
29200.0	2000.0	187.25196608150065	0.31167308524950954	0	653.803922238425	387.2519660814869	1	0	tensor(3, device='cuda:0')	1.8905894751923666
30200.0	2000.0	187.25196608150043	0.0	0	792.9771785437952	387.2519660814869	1	0	tensor(3, device='cuda:0')	1.8924595137038636
31200.0	2000.0	187.25196608150475	0.0	0	817.6519256635329	387.25196608149054	1	0	tensor(3, device='cuda:0')	1.8924595137038636
32200.0	2000.0	187.2519660815026	0.0	0	813.980386958443	387.25196608149054	1	0	tensor(3, device='cuda:0')	1.8924595137038636
33200.0	2000.0	187.2519660815002	0.0	0	798.5382992735795	387.2519660814869	1	0	tensor(3, device='cuda:0')	1.8924595137038636
34200.0	2000.0	187.2519660815015	0.0	0	821.6612674302669	387.2519660814869	1	0	tensor(3, device='cuda:0')	1.8924595137038636
35200.0	2000.0	187.251966081501	0.0	0	829.0002935804514	387.2519660814869	1	0	tensor(3, device='cuda:0')	1.8924595137038636
36200.0	2000.0	187.2519660815001	0.0	0	780.1011631260772	387.2519660814869	1	0	tensor(3, device='cuda:0')	1.8924595137038636
37200.0	2000.0	187.25196608150236	0.0	0	636.5091091896247	387.2519660814942	1	0	tensor(3, device='cuda:0')	1.8924595137038636
38200.0	2000.0	227.85816557885613	40.60619949735411	0	585.6573433082522	427.8581655788512	1	0	tensor(3, device='cuda:0')	1.648221581261227
39200.0	2000.0	227.85816557884948	0.0	0	767.0532029267488	427.8581655788512	1	0	tensor(3, device='cuda:0')	1.8918587782453518
40200.0	2000.0	227.85816557885062	0.0	0	738.3010502425386	427.8581655788439	1	0	tensor(3, device='cuda:0')	1.8918587782453518
41200.0	2000.0	227.85816557885067	0.0	0	730.271158155876	427.8581655788439	1	0	tensor(3, device='cuda:0')	1.8918587782453518
42200.0	2000.0	227.85816557885107	0.0	0	735.5978928469194	427.8581655788439	1	0	tensor(3, device='cuda:0')	1.8918587782453518
43200.0	2000.0	227.8581655788568	0.0	0	734.9587290874842	427.8581655788439	1	0	tensor(3, device='cuda:0')	1.8918587782453518
44200.0	2000.0	227.85816557885607	0.0	0	818.7503306135404	427.8581655788439	1	0	tensor(3, device='cuda:0')	1.8918587782453518
45200.0	2000.0	227.85816557885954	0.0	0	803.8219134176616	427.8581655788439	1	0	tensor(3, device='cuda:0')	1.8918587782453518
46200.0	2000.0	227.85816557886528	0.0	0	833.2949886773713	427.8581655788439	1	0	tensor(3, device='cuda:0')	1.8918587782453518
47200.0	2000.0	227.8581655788637	0.0	0	873.6619510749078	427.8581655788512	1	0	tensor(3, device='cuda:0')	1.8918587782453518
48200.0	2000.0	227.85816557886415	0.0	0	799.4349628529963	427.8581655788512	1	0	tensor(3, device='cuda:0')	1.8918587782453518
49200.0	2000.0	227.85816557887136	0.0	0	732.1442467156376	427.8581655788512	1	0	tensor(3, device='cuda:0')	1.8918587782453518
50200.0	2000.0	227.8581655788638	0.0	0	826.4264331329832	427.8581655788512	1	0	tensor(3, device='cuda:0')	1.8918587782453518
51200.0	2000.0	227.85816557886244	0.0	0	762.4818978298499	427.8581655788512	1	0	tensor(3, device='cuda:0')	1.8918587782453518
52200.0	2000.0	227.85816557885903	0.0	0	753.6767142346653	427.8581655788512	1	0	tensor(3, device='cuda:0')	1.8918587782453518
53200.0	2000.0	227.8581655788588	0.0	0	654.1132975022629	427.8581655788512	1	0	tensor(3, device='cuda:0')	1.8918587782453518
54200.0	2000.0	227.85816557885687	0.0	0	631.60236062068	427.8581655788439	1	0	tensor(3, device='cuda:0')	1.8918587782453518
55200.0	2000.0	227.858165578848	0.0	0	621.949741285418	427.85816557883663	1	0	tensor(3, device='cuda:0')	1.891858778245352
56200.0	2000.0	227.85816557884812	0.0	0	780.4270345209079	427.85816557883663	1	0	tensor(3, device='cuda:0')	1.891858778245352
57200.0	2000.0	227.8581655788475	0.0	0	696.4980487108696	427.85816557883663	1	0	tensor(3, device='cuda:0')	1.891858778245352
58200.0	2000.0	227.85816557884147	0.0	0	790.8649536094308	427.85816557883663	1	0	tensor(3, device='cuda:0')	1.891858778245352
59200.0	2000.0	227.85816557885033	0.0	0	735.1716866982533	427.8581655788439	1	0	tensor(3, device='cuda:0')	1.8918587782453518
60200.0	2000.0	227.8581655788555	0.0	0	748.1618338433109	427.8581655788439	1	0	tensor(3, device='cuda:0')	1.8918587782453518
61200.0	2000.0	227.85816557886045	0.0	0	774.6197496863533	427.8581655788439	1	0	tensor(3, device='cuda:0')	1.8918587782453518
62200.0	2000.0	227.85816557885795	0.0	0	838.4404663171954	427.8581655788439	1	0	tensor(3, device='cuda:0')	1.8918587782453518
63200.0	2000.0	227.85816557885357	0.0	0	828.3325113109022	427.8581655788512	1	0	tensor(3, device='cuda:0')	1.8918587782453518
64200.0	2000.0	227.85816557884334	0.0	0	741.4932249075864	427.8581655788512	1	0	tensor(3, device='cuda:0')	1.8918587782453518
65200.0	2000.0	227.85816557884476	0.0	0	757.5338892243162	427.8581655788512	1	0	tensor(3, device='cuda:0')	1.8918587782453518
66200.0	2000.0	227.8581655788347	0.0	0	680.2777265892291	427.85816557885846	1	0	tensor(3, device='cuda:0')	1.8918587782453518
67200.0	2000.0	227.8581655788155	0.0	0	674.825840065474	427.85816557885846	1	0	tensor(3, device='cuda:0')	1.8918587782453518
68200.0	2000.0	227.85816557880617	0.0	0	727.6219202817156	427.85816557885846	1	0	tensor(3, device='cuda:0')	1.8918587782453518
69200.0	2000.0	227.85816557880844	0.0	0	730.2522089361591	427.85816557885846	1	0	tensor(3, device='cuda:0')	1.8918587782453518
70200.0	2000.0	227.85816557882094	0.0	0	782.8910405134229	427.858165578873	1	0	tensor(3, device='cuda:0')	1.8918587782453513
71200.0	2000.0	227.85816557880605	0.0	0	809.4862397658726	427.85816557888757	1	0	tensor(3, device='cuda:0')	1.891858778245351
72200.0	2000.0	227.8581655787982	0.0	0	738.6831561911822	427.858165578873	1	0	tensor(3, device='cuda:0')	1.8918587782453513
73200.0	2000.0	227.8581655787914	0.0	0	768.2472623665526	427.858165578873	1	0	tensor(3, device='cuda:0')	1.8918587782453513
74200.0	2000.0	227.85816557878712	0.0	0	805.1446803771541	427.858165578873	1	0	tensor(3, device='cuda:0')	1.8918587782453513
75200.0	2000.0	227.8581655788019	0.0	0	846.9594232209784	427.858165578873	1	0	tensor(3, device='cuda:0')	1.8918587782453513
76200.0	2000.0	227.85816557880412	0.0	0	734.316597091034	427.85816557885846	1	0	tensor(3, device='cuda:0')	1.8918587782453518
77200.0	2000.0	227.85816557878684	0.0	0	744.0991429858404	427.85816557885846	1	0	tensor(3, device='cuda:0')	1.8918587782453518
78200.0	2000.0	227.8581655787882	0.0	0	779.5295390720275	427.85816557885846	1	0	tensor(3, device='cuda:0')	1.8918587782453518
79200.0	2000.0	227.85816557879468	0.0	0	735.1952748293261	427.858165578873	1	0	tensor(3, device='cuda:0')	1.8918587782453513
80200.0	2000.0	227.85816557878132	0.0	0	814.7331823440909	427.858165578873	1	0	tensor(3, device='cuda:0')	1.8918587782453513
81200.0	2000.0	227.85816557878343	0.0	0	853.1367000994505	427.85816557888757	1	0	tensor(3, device='cuda:0')	1.891858778245351
82200.0	2000.0	227.8581655787899	0.0	0	764.1562165201758	427.85816557888757	1	0	tensor(3, device='cuda:0')	1.891858778245351
83200.0	2000.0	227.85816557878042	0.0	0	698.4718571876729	427.85816557888757	1	0	tensor(3, device='cuda:0')	1.891858778245351
84200.0	2000.0	227.85816557876865	0.0	0	669.9760320673086	427.85816557888757	1	0	tensor(3, device='cuda:0')	1.891858778245351
85200.0	2000.0	227.85816557876853	0.0	0	738.4935832548217	427.85816557888757	1	0	tensor(3, device='cuda:0')	1.891858778245351
86200.0	2000.0	227.85816557878195	0.0	0	775.018972169797	427.85816557888757	1	0	tensor(3, device='cuda:0')	1.891858778245351
87200.0	2000.0	227.85816557878616	0.0	0	764.0850985612633	427.85816557888757	1	0	tensor(3, device='cuda:0')	1.891858778245351
88200.0	2000.0	227.85816557878945	0.0	0	802.342147203919	427.8581655789021	1	0	tensor(3, device='cuda:0')	1.8918587782453509
89200.0	2000.0	227.85816557879622	0.0	0	824.0205827929603	427.8581655789021	1	0	tensor(3, device='cuda:0')	1.8918587782453509
90200.0	2000.0	227.85816557880264	0.0	0	855.4781347593089	427.8581655789021	1	0	tensor(3, device='cuda:0')	1.8918587782453509
91200.0	2000.0	227.8581655788107	0.0	0	748.8408571907785	427.8581655789021	1	0	tensor(3, device='cuda:0')	1.8918587782453509
92200.0	2000.0	227.85816557879787	0.0	0	797.6498818714608	427.8581655789021	1	0	tensor(3, device='cuda:0')	1.8918587782453509
93200.0	2000.0	227.858165578797	0.0	0	786.8232924424665	427.8581655789021	1	0	tensor(3, device='cuda:0')	1.8918587782453509
94200.0	2000.0	227.85816557879457	0.0	0	750.0028685804573	427.8581655789021	1	0	tensor(3, device='cuda:0')	1.8918587782453509
95200.0	2000.0	227.85816557880736	0.0	0	713.8026043978025	427.85816557891667	1	0	tensor(3, device='cuda:0')	1.8918587782453504
96200.0	2000.0	227.85816557881026	0.0	0	659.431037580609	427.8581655789021	1	0	tensor(3, device='cuda:0')	1.8918587782453509
97200.0	2000.0	227.85816557880145	0.0	0	722.5165276334301	427.8581655789021	1	0	tensor(3, device='cuda:0')	1.8918587782453509
98200.0	2000.0	227.85816557881213	0.0	0	623.2076812690211	427.8581655789021	1	0	tensor(3, device='cuda:0')	1.8918587782453509
99200.0	2000.0	256.8932474744604	29.035081895657214	0	539.6939283421962	456.8932474745525	1	0	tensor(3, device='cuda:0')	1.7172036475369352
100200.0	2000.0	256.89324747444243	0.0	0	757.1600302368024	456.8932474745525	1	0	tensor(3, device='cuda:0')	1.8914141389108785
101200.0	2000.0	256.89324747444226	0.0	0	786.6500689709064	456.8932474745525	1	0	tensor(3, device='cuda:0')	1.8914141389108785
102200.0	2000.0	256.8932474744417	0.0	0	760.8376901782904	456.8932474745525	1	0	tensor(3, device='cuda:0')	1.8914141389108785
103200.0	2000.0	256.89324747445227	0.0	0	646.5004587012518	456.89324747456703	1	0	tensor(3, device='cuda:0')	1.8914141389108783
104200.0	2000.0	256.89324747446926	0.0	0	764.7238778632891	456.89324747456703	1	0	tensor(3, device='cuda:0')	1.8914141389108783
105200.0	2000.0	256.893247474462	0.0	0	830.3721834431635	456.89324747456703	1	0	tensor(3, device='cuda:0')	1.8914141389108783
106200.0	2000.0	256.89324747446597	0.0	0	709.4548627276963	456.8932474745816	1	0	tensor(3, device='cuda:0')	1.891414138910878
107200.0	2000.0	256.8932474744583	0.0	0	800.5964339512284	456.8932474745816	1	0	tensor(3, device='cuda:0')	1.891414138910878
108200.0	2000.0	256.8932474744488	0.0	0	781.6020566294028	456.8932474745816	1	0	tensor(3, device='cuda:0')	1.891414138910878
109200.0	2000.0	256.8932474744413	0.0	0	809.0173834525194	456.8932474745816	1	0	tensor(3, device='cuda:0')	1.891414138910878
110200.0	2000.0	256.89324747445824	0.0	0	837.0116974606208	456.89324747459614	1	0	tensor(3, device='cuda:0')	1.8914141389108776
111200.0	2000.0	256.8932474744628	0.0	0	823.661736662034	456.8932474745816	1	0	tensor(3, device='cuda:0')	1.891414138910878
112200.0	2000.0	256.89324747445926	0.0	0	842.9568365915766	456.8932474745816	1	0	tensor(3, device='cuda:0')	1.891414138910878
113200.0	2000.0	256.89324747445056	0.0	0	829.5904291883198	456.8932474745816	1	0	tensor(3, device='cuda:0')	1.891414138910878
114200.0	2000.0	256.89324747444584	0.0	0	832.5313559269125	456.8932474745816	1	0	tensor(3, device='cuda:0')	1.891414138910878
115200.0	2000.0	256.89324747445846	0.0	0	780.9395340990013	456.8932474745816	1	0	tensor(3, device='cuda:0')	1.891414138910878
116200.0	2000.0	256.89324747445016	0.0	0	770.1145894037036	456.8932474745816	1	0	tensor(3, device='cuda:0')	1.891414138910878
117200.0	2000.0	256.89324747445767	0.0	0	816.4541441442561	456.8932474745816	1	0	tensor(3, device='cuda:0')	1.891414138910878
118200.0	2000.0	256.89324747445164	0.0	0	771.7913393849012	456.8932474745816	1	0	tensor(3, device='cuda:0')	1.891414138910878
119200.0	2000.0	256.8932474744463	0.0	0	753.0135255156492	456.8932474745816	1	0	tensor(3, device='cuda:0')	1.891414138910878
120200.0	2000.0	256.8932474744546	0.0	0	757.6965936727065	456.8932474745816	1	0	tensor(3, device='cuda:0')	1.891414138910878
121200.0	2000.0	256.8932474744685	0.0	0	738.6134467717056	456.8932474745816	1	0	tensor(3, device='cuda:0')	1.891414138910878
122200.0	2000.0	256.8932474744629	0.0	0	801.6469008366694	456.8932474745816	1	0	tensor(3, device='cuda:0')	1.891414138910878
123200.0	2000.0	256.89324747446125	0.0	0	809.6990809830168	456.8932474745816	1	0	tensor(3, device='cuda:0')	1.891414138910878
124200.0	2000.0	256.8932474744492	0.0	0	597.9534805228614	456.89324747456703	1	0	tensor(3, device='cuda:0')	1.8914141389108783
125200.0	2000.0	256.89324747443607	0.0	0	785.6209297800815	456.89324747456703	1	0	tensor(3, device='cuda:0')	1.8914141389108783
126200.0	2000.0	256.89324747444357	0.0	0	753.8904678147373	456.89324747456703	1	0	tensor(3, device='cuda:0')	1.8914141389108783
127200.0	2000.0	256.8932474744349	0.0	0	730.2134618201089	456.89324747456703	1	0	tensor(3, device='cuda:0')	1.8914141389108783
128200.0	2000.0	256.893247474439	0.0	0	736.1580534287496	456.89324747456703	1	0	tensor(3, device='cuda:0')	1.8914141389108783
129200.0	2000.0	256.8932474744402	0.0	0	711.7731464167446	456.89324747456703	1	0	tensor(3, device='cuda:0')	1.8914141389108783
130200.0	2000.0	256.89324747445266	0.0	0	729.1606352207164	456.89324747456703	1	0	tensor(3, device='cuda:0')	1.8914141389108783
131200.0	2000.0	256.89324747443993	0.0	0	638.7382585771265	456.89324747456703	1	0	tensor(3, device='cuda:0')	1.8914141389108783
132200.0	2000.0	256.8932474744032	0.0	0	719.3525516049122	456.89324747453793	1	0	tensor(3, device='cuda:0')	1.8914141389108785
133200.0	2000.0	256.89324747438155	0.0	0	689.0340144857764	456.8932474745088	1	0	tensor(3, device='cuda:0')	1.891414138910879
134200.0	2000.0	256.89324747438206	0.0	0	853.0297661924851	456.8932474745088	1	0	tensor(3, device='cuda:0')	1.891414138910879
135200.0	2000.0	256.89324747440355	0.0	0	766.4720964948356	456.89324747453793	1	0	tensor(3, device='cuda:0')	1.8914141389108787
136200.0	2000.0	256.89324747437536	0.0	0	710.1373319452978	456.89324747453793	1	0	tensor(3, device='cuda:0')	1.8914141389108787
137200.0	2000.0	256.89324747434483	0.0	0	813.8162281636032	456.89324747453793	1	0	tensor(3, device='cuda:0')	1.8914141389108787
138200.0	2000.0	256.89324747436194	0.0	0	737.1326544106123	456.89324747453793	1	0	tensor(3, device='cuda:0')	1.8914141389108787
139200.0	2000.0	256.89324747438104	0.0	0	829.5585063117614	456.89324747453793	1	0	tensor(3, device='cuda:0')	1.8914141389108787
140200.0	2000.0	256.89324747438485	0.0	0	791.3608697025047	456.89324747453793	1	0	tensor(3, device='cuda:0')	1.8914141389108787
141200.0	2000.0	256.8932474744096	0.0	0	845.4545714328706	456.89324747453793	1	0	tensor(3, device='cuda:0')	1.8914141389108787
142200.0	2000.0	256.8932474744056	0.0	0	838.3215780559694	456.89324747453793	1	0	tensor(3, device='cuda:0')	1.8914141389108787
143200.0	2000.0	256.89324747442504	0.0	0	858.7053262612899	456.89324747453793	1	0	tensor(3, device='cuda:0')	1.8914141389108787
144200.0	2000.0	256.89324747443993	0.0	0	799.7364199557051	456.89324747453793	1	0	tensor(3, device='cuda:0')	1.8914141389108787
145200.0	2000.0	256.8932474744147	0.0	0	846.4113144068106	456.89324747453793	1	0	tensor(3, device='cuda:0')	1.8914141389108787
146200.0	2000.0	256.89324747439406	0.0	0	823.2273473442765	456.89324747453793	1	0	tensor(3, device='cuda:0')	1.8914141389108787
147200.0	2000.0	256.89324747436	0.0	0	851.1507295394258	456.89324747453793	1	0	tensor(3, device='cuda:0')	1.8914141389108787
148200.0	2000.0	256.89324747439514	0.0	0	859.2995371334837	456.89324747453793	1	0	tensor(3, device='cuda:0')	1.8914141389108787
149200.0	2000.0	256.89324747438104	0.0	0	807.6708866261179	456.89324747453793	1	0	tensor(3, device='cuda:0')	1.8914141389108787
150200.0	2000.0	256.8932474744032	0.0	0	818.2643324156525	456.89324747453793	1	0	tensor(3, device='cuda:0')	1.8914141389108787
151200.0	2000.0	256.8932474743683	0.0	0	810.0117540309438	456.89324747453793	1	0	tensor(3, device='cuda:0')	1.8914141389108787
152200.0	2000.0	256.8932474743765	0.0	0	812.5427850104752	456.89324747453793	1	0	tensor(3, device='cuda:0')	1.8914141389108787
153200.0	2000.0	256.89324747437666	0.0	0	678.5336164439796	456.89324747453793	1	0	tensor(3, device='cuda:0')	1.8914141389108787
154200.0	2000.0	256.8932474744147	0.0	0	812.2154100625776	456.89324747453793	1	0	tensor(3, device='cuda:0')	1.8914141389108787
155200.0	2000.0	256.89324747437	0.0	0	832.2662892306398	456.8932474745088	1	0	tensor(3, device='cuda:0')	1.891414138910879
156200.0	2000.0	256.89324747438525	0.0	0	828.8697014467034	456.8932474745088	1	0	tensor(3, device='cuda:0')	1.891414138910879
157200.0	2000.0	256.8932474743808	0.0	0	831.6137712882482	456.8932474745088	1	0	tensor(3, device='cuda:0')	1.891414138910879
158200.0	2000.0	256.89324747437706	0.0	0	769.3491449037974	456.8932474745088	1	0	tensor(3, device='cuda:0')	1.891414138910879
159200.0	2000.0	256.8932474743626	0.0	0	788.4034796636552	456.8932474745088	1	0	tensor(3, device='cuda:0')	1.891414138910879
160200.0	2000.0	256.89324747433045	0.0	0	800.2514286086371	456.8932474745088	1	0	tensor(3, device='cuda:0')	1.891414138910879
161200.0	2000.0	256.89324747434	0.0	0	788.2467571599409	456.8932474745088	1	0	tensor(3, device='cuda:0')	1.891414138910879
162200.0	2000.0	256.89324747433886	0.0	0	678.4076341866166	456.89324747453793	1	0	tensor(3, device='cuda:0')	1.8914141389108787
163200.0	2000.0	256.8932474743422	0.0	0	701.5065144188702	456.89324747453793	1	0	tensor(3, device='cuda:0')	1.8914141389108787
164200.0	2000.0	318.95892977321625	62.065682298846895	0	456.38642113335663	518.958929773391	1	0	tensor(3, device='cuda:0')	1.5180255189621372
165200.0	2000.0	318.9589297732188	0.0	0	805.0385212060355	518.9589297733619	1	0	tensor(3, device='cuda:0')	1.890419612755219
166200.0	2000.0	318.9589297732346	0.0	0	846.4814372423862	518.9589297733619	1	0	tensor(3, device='cuda:0')	1.890419612755219
167200.0	2000.0	68.95892977322984	0.0	0	746.7595402948209	268.9589297733328	1	0	tensor(5, device='cuda:0')	0.8926869705352733
168200.0	2000.0	119.81321297585959	50.854283202603014	0	796.5839577020088	319.81321297591785	1	0	tensor(3, device='cuda:0')	1.0882795283605167
169200.0	2000.0	119.8132129758626	0.0	0	807.78825944665	319.81321297591785	1	0	tensor(3, device='cuda:0')	1.8934052275761348
170200.0	2000.0	119.81321297585453	0.0	0	841.5107471046504	319.81321297591785	1	0	tensor(3, device='cuda:0')	1.8934052275761348
171200.0	2000.0	119.81321297587112	0.0	0	829.4615594227507	319.81321297591785	1	0	tensor(3, device='cuda:0')	1.8934052275761348
172200.0	2000.0	133.69759378230685	13.8843808064278	0	760.1291529948357	333.69759378232993	1	0	tensor(3, device='cuda:0')	1.809909380798266
173200.0	2000.0	133.6975937823022	0.0	0	761.3452455509105	333.69759378232993	1	0	tensor(3, device='cuda:0')	1.8932156656368329
174200.0	2000.0	133.69759378229713	0.0	0	834.7666139368957	333.69759378232993	1	0	tensor(3, device='cuda:0')	1.8932156656368329
175200.0	2000.0	133.69759378229924	0.0	0	757.7114898282744	333.6975937823008	1	0	tensor(3, device='cuda:0')	1.8932156656368333
176200.0	2000.0	220.97253273875106	87.27493895643063	0	587.6621784516901	420.97253273872775	1	0	tensor(3, device='cuda:0')	1.3683127240412967
177200.0	2000.0	220.9725327387727	0.0	0	741.8345203017816	420.97253273872775	1	0	tensor(3, device='cuda:0')	1.8919623577798805
178200.0	2000.0	220.9725327387821	0.0	0	609.5512112754514	420.97253273875685	1	0	tensor(3, device='cuda:0')	1.8919623577798799
179200.0	2000.0	220.97253273881324	0.0	0	647.7600206477509	420.97253273875685	1	0	tensor(3, device='cuda:0')	1.8919623577798799
180200.0	2000.0	220.97253273883115	0.0	0	769.2907964557235	420.97253273878596	1	0	tensor(3, device='cuda:0')	1.8919623577798794
181200.0	2000.0	220.97253273881773	0.0	0	654.486989049823	420.97253273878596	1	0	tensor(3, device='cuda:0')	1.8919623577798794
182200.0	2000.0	285.0746247818387	64.1020920430283	0	457.6080596826214	485.07462478181696	1	0	tensor(3, device='cuda:0')	1.506357596138518
183200.0	2000.0	285.07462478183646	0.0	0	682.8412881601835	485.07462478178786	1	0	tensor(3, device='cuda:0')	1.8909701483966885
184200.0	2000.0	285.07462478186505	0.0	0	562.2328040763387	485.07462478178786	1	0	tensor(3, device='cuda:0')	1.8909701483966885
185200.0	2000.0	285.0746247818876	0.0	0	671.0207799525233	485.07462478178786	1	0	tensor(3, device='cuda:0')	1.8909701483966885
186200.0	2000.0	285.07462478187256	0.0	0	727.7003829757159	485.07462478175876	1	0	tensor(3, device='cuda:0')	1.890970148396689
187200.0	2000.0	285.0746247818684	0.0	0	768.325955394248	485.07462478175876	1	0	tensor(3, device='cuda:0')	1.890970148396689
188200.0	2000.0	285.07462478191354	0.0	0	803.593421792204	485.07462478175876	1	0	tensor(3, device='cuda:0')	1.890970148396689
189200.0	2000.0	285.07462478189814	0.0	0	746.8147853560804	485.07462478175876	1	0	tensor(3, device='cuda:0')	1.890970148396689
190200.0	2000.0	285.07462478189706	0.0	0	826.8434636057063	485.07462478178786	1	0	tensor(3, device='cuda:0')	1.8909701483966885
191200.0	2000.0	285.0746247818688	0.0	0	813.903782102192	485.07462478178786	1	0	tensor(3, device='cuda:0')	1.8909701483966885
192200.0	2000.0	285.07462478186767	0.0	0	714.1522090635262	485.07462478178786	1	0	tensor(3, device='cuda:0')	1.8909701483966885
193200.0	2000.0	285.0746247818606	0.0	0	809.7464941517392	485.07462478175876	1	0	tensor(3, device='cuda:0')	1.890970148396689
194200.0	2000.0	285.07462478184243	0.0	0	651.5491232141212	485.07462478172965	1	0	tensor(3, device='cuda:0')	1.8909701483966892
195200.0	2000.0	285.07462478186574	0.0	0	695.2078482262441	485.07462478172965	1	0	tensor(3, device='cuda:0')	1.8909701483966892
196200.0	2000.0	285.07462478183436	0.0	0	743.1006641316926	485.07462478172965	1	0	tensor(3, device='cuda:0')	1.8909701483966892
197200.0	2000.0	285.0746247818369	0.0	0	745.9412405330513	485.07462478172965	1	0	tensor(3, device='cuda:0')	1.8909701483966892
198200.0	2000.0	285.07462478179934	0.0	0	708.9514817061427	485.07462478172965	1	0	tensor(3, device='cuda:0')	1.8909701483966892
199200.0	2000.0	285.0746247818047	0.0	0	526.8015163665987	485.07462478172965	1	0	tensor(3, device='cuda:0')	1.8909701483966892
200200.0	2000.0	285.07462478182623	0.0	0	575.8999363517796	485.07462478172965	1	0	tensor(3, device='cuda:0')	1.8909701483966892
201200.0	2000.0	285.07462478181515	0.0	0	650.5328780386772	485.07462478170055	1	0	tensor(3, device='cuda:0')	1.8909701483966899
202200.0	2000.0	285.0746247817997	0.0	0	506.8753044588666	485.07462478170055	1	0	tensor(3, device='cuda:0')	1.8909701483966899
203200.0	2000.0	285.0746247817822	0.0	0	630.3325337620918	485.07462478167145	1	0	tensor(3, device='cuda:0')	1.8909701483966903
204200.0	2000.0	285.0746247817426	0.0	0	767.6176461576542	485.07462478164234	1	0	tensor(3, device='cuda:0')	1.8909701483966908
205200.0	2000.0	285.07462478175836	0.0	0	804.663310035161	485.07462478164234	1	0	tensor(3, device='cuda:0')	1.8909701483966908
206200.0	2000.0	285.0746247817543	0.0	0	744.6458839855623	485.07462478164234	1	0	tensor(3, device='cuda:0')	1.8909701483966908
207200.0	2000.0	285.0746247817576	0.0	0	688.8328806438367	485.07462478164234	1	0	tensor(3, device='cuda:0')	1.8909701483966908
208200.0	2000.0	285.0746247817766	0.0	0	801.665789762279	485.07462478164234	1	0	tensor(3, device='cuda:0')	1.8909701483966908
209200.0	2000.0	285.07462478180844	0.0	0	864.5978996017657	485.07462478164234	1	0	tensor(3, device='cuda:0')	1.8909701483966908
210200.0	2000.0	285.07462478178354	0.0	0	764.3190050536941	485.07462478164234	1	0	tensor(3, device='cuda:0')	1.8909701483966908
211200.0	2000.0	285.0746247817832	0.0	0	783.1533574476489	485.07462478167145	1	0	tensor(3, device='cuda:0')	1.8909701483966903
212200.0	2000.0	285.07462478177104	0.0	0	774.0614107321599	485.07462478167145	1	0	tensor(3, device='cuda:0')	1.8909701483966903
213200.0	2000.0	285.0746247818123	0.0	0	783.5074721053243	485.07462478170055	1	0	tensor(3, device='cuda:0')	1.8909701483966899
214200.0	2000.0	285.07462478182305	0.0	0	798.0146634111006	485.07462478170055	1	0	tensor(3, device='cuda:0')	1.8909701483966899
215200.0	2000.0	285.07462478185016	0.0	0	791.5664466052549	485.07462478172965	1	0	tensor(3, device='cuda:0')	1.8909701483966892
216200.0	2000.0	285.0746247818363	0.0	0	726.787984931434	485.07462478172965	1	0	tensor(3, device='cuda:0')	1.8909701483966892
217200.0	2000.0	285.0746247818406	0.0	0	704.6032592220872	485.07462478172965	1	0	tensor(3, device='cuda:0')	1.8909701483966892
218200.0	2000.0	285.0746247818517	0.0	0	717.1267398335622	485.07462478172965	1	0	tensor(3, device='cuda:0')	1.8909701483966892
219200.0	2000.0	285.07462478185766	0.0	0	716.6897710505582	485.07462478172965	1	0	tensor(3, device='cuda:0')	1.8909701483966892
220200.0	2000.0	285.07462478186807	0.0	0	774.6073276188399	485.07462478175876	1	0	tensor(3, device='cuda:0')	1.890970148396689
221200.0	2000.0	285.07462478188216	0.0	0	795.294407804904	485.07462478175876	1	0	tensor(3, device='cuda:0')	1.890970148396689
222200.0	2000.0	285.07462478184937	0.0	0	776.7963503471983	485.07462478175876	1	0	tensor(3, device='cuda:0')	1.890970148396689
223200.0	2000.0	285.0746247818435	0.0	0	779.8100917543634	485.07462478175876	1	0	tensor(3, device='cuda:0')	1.890970148396689
224200.0	2000.0	285.0746247818472	0.0	0	852.9189409583341	485.07462478175876	1	0	tensor(3, device='cuda:0')	1.890970148396689
225200.0	2000.0	35.07462478186105	0.0	0	824.2789927071135	235.07462478181696	1	0	tensor(5, device='cuda:0')	0.8931625216746828
226200.0	2000.0	133.77297866457167	98.69835388272094	0	738.672149185004	333.77297866457957	1	0	tensor(3, device='cuda:0')	0.801024505967821
227200.0	2000.0	174.56446385807095	40.791485193500634	0	701.8946858883428	374.5644638581143	1	0	tensor(3, device='cuda:0')	1.6478933927544346
228200.0	2000.0	174.56446385806282	0.0	0	793.4102665260434	374.5644638581143	1	0	tensor(3, device='cuda:0')	1.8926423039154383
229200.0	2000.0	174.56446385807868	0.0	0	707.7764263603021	374.5644638581143	1	0	tensor(3, device='cuda:0')	1.8926423039154383
230200.0	2000.0	174.56446385809102	0.0	0	790.2215814357041	374.5644638581143	1	0	tensor(3, device='cuda:0')	1.8926423039154383
231200.0	2000.0	174.56446385808397	0.0	0	827.5611353308486	374.5644638581143	1	0	tensor(3, device='cuda:0')	1.8926423039154383
232200.0	2000.0	174.5644638580959	0.0	0	839.0657158578397	374.5644638581143	1	0	tensor(3, device='cuda:0')	1.8926423039154383
233200.0	2000.0	174.56446385810875	0.0	0	824.1868042305287	374.5644638581143	1	0	tensor(3, device='cuda:0')	1.8926423039154383
234200.0	2000.0	174.5644638581049	0.0	0	856.0321831394685	374.5644638581143	1	0	tensor(3, device='cuda:0')	1.8926423039154383
235200.0	2000.0	174.5644638580913	0.0	0	823.4642216926732	374.5644638581143	1	0	tensor(3, device='cuda:0')	1.8926423039154383
236200.0	2000.0	174.56446385807817	0.0	0	777.1410050397099	374.5644638581143	1	0	tensor(3, device='cuda:0')	1.8926423039154383
237200.0	2000.0	174.5644638580618	0.0	0	651.0138499705354	374.5644638581143	1	0	tensor(3, device='cuda:0')	1.8926423039154383
238200.0	2000.0	224.38573403934225	49.82127018128759	0	593.868172381277	424.385734039417	1	0	tensor(3, device='cuda:0')	1.5929834808914083
239200.0	2000.0	224.38573403936607	0.0	0	638.6177392341779	424.385734039417	1	0	tensor(3, device='cuda:0')	1.891911101979134
240200.0	2000.0	224.3857340393406	0.0	0	794.4498755215027	424.385734039417	1	0	tensor(3, device='cuda:0')	1.891911101979134
241200.0	2000.0	224.38573403931815	0.0	0	713.231474358472	424.385734039417	1	0	tensor(3, device='cuda:0')	1.891911101979134
242200.0	2000.0	224.3857340393207	0.0	0	655.7012562882446	424.3857340394461	1	0	tensor(3, device='cuda:0')	1.8919111019791335
243200.0	2000.0	224.38573403932963	0.0	0	752.1448211072129	424.3857340394461	1	0	tensor(3, device='cuda:0')	1.8919111019791335
244200.0	2000.0	224.38573403930286	0.0	0	859.1116462953505	424.385734039417	1	0	tensor(3, device='cuda:0')	1.891911101979134
245200.0	2000.0	224.38573403927256	0.0	0	763.5747383476992	424.385734039417	1	0	tensor(3, device='cuda:0')	1.891911101979134
246200.0	2000.0	224.3857340392451	0.0	0	780.9543669210107	424.385734039417	1	0	tensor(3, device='cuda:0')	1.891911101979134
247200.0	2000.0	235.2645437736685	10.878809734432593	0	577.6211212692724	435.26454377383925	1	0	tensor(3, device='cuda:0')	1.826473713842448
248200.0	2000.0	235.26454377365997	0.0	0	770.0578486456943	435.26454377383925	1	0	tensor(3, device='cuda:0')	1.8917465722490436
249200.0	2000.0	235.26454377366417	0.0	0	675.4004148922686	435.26454377383925	1	0	tensor(3, device='cuda:0')	1.8917465722490436
250200.0	2000.0	235.2645437736236	0.0	0	789.6970013172249	435.26454377381015	1	0	tensor(3, device='cuda:0')	1.891746572249044
251200.0	2000.0	235.26454377363825	0.0	0	800.2578892727033	435.26454377381015	1	0	tensor(3, device='cuda:0')	1.891746572249044
252200.0	2000.0	235.2645437736394	0.0	0	728.1707253411587	435.26454377381015	1	0	tensor(3, device='cuda:0')	1.891746572249044
253200.0	2000.0	235.26454377366298	0.0	0	784.7031041785376	435.26454377381015	1	0	tensor(3, device='cuda:0')	1.891746572249044
254200.0	2000.0	235.26454377364877	0.0	0	777.7856568643765	435.26454377381015	1	0	tensor(3, device='cuda:0')	1.891746572249044
255200.0	2000.0	235.26454377366952	0.0	0	666.1368634684768	435.26454377381015	1	0	tensor(3, device='cuda:0')	1.891746572249044
256200.0	2000.0	235.26454377368793	0.0	0	635.9193454968918	435.26454377381015	1	0	tensor(3, device='cuda:0')	1.891746572249044
257200.0	2000.0	235.2645437737193	0.0	0	747.990785604401	435.26454377381015	1	0	tensor(3, device='cuda:0')	1.891746572249044
258200.0	2000.0	235.26454377375944	0.0	0	708.4846616943832	435.26454377381015	1	0	tensor(3, device='cuda:0')	1.891746572249044
259200.0	2000.0	235.26454377372715	0.0	0	767.6432426201354	435.26454377381015	1	0	tensor(3, device='cuda:0')	1.891746572249044
260200.0	2000.0	235.264543773701	0.0	0	752.006402335217	435.26454377378104	1	0	tensor(3, device='cuda:0')	1.8917465722490445
261200.0	2000.0	235.26454377367605	0.0	0	727.2128358552291	435.26454377378104	1	0	tensor(3, device='cuda:0')	1.8917465722490445
262200.0	2000.0	235.26454377365178	0.0	0	603.650670216477	435.26454377378104	1	0	tensor(3, device='cuda:0')	1.8917465722490445
263200.0	2000.0	235.26454377373386	0.0	0	573.6137718886603	435.26454377378104	1	0	tensor(3, device='cuda:0')	1.8917465722490445
264200.0	2000.0	241.147908123771	5.883364350068348	0	576.5554646016099	441.14790812385036	1	0	tensor(3, device='cuda:0')	1.8563566640583893
265200.0	2000.0	241.14790812370939	0.0	0	739.2954514355515	441.14790812385036	1	0	tensor(3, device='cuda:0')	1.8916568501587994
266200.0	2000.0	241.14790812376168	0.0	0	758.5939895208576	441.14790812385036	1	0	tensor(3, device='cuda:0')	1.8916568501587994
267200.0	2000.0	241.14790812375418	0.0	0	549.2608286496834	441.14790812385036	1	0	tensor(3, device='cuda:0')	1.8916568501587994
268200.0	2000.0	241.14790812374957	0.0	0	602.9132246709778	441.14790812385036	1	0	tensor(3, device='cuda:0')	1.8916568501587994
269200.0	2000.0	241.14790812377828	0.0	0	769.6690054938081	441.14790812379215	1	0	tensor(3, device='cuda:0')	1.8916568501588003
270200.0	2000.0	241.14790812380875	0.0	0	619.6400354072684	441.14790812385036	1	0	tensor(3, device='cuda:0')	1.8916568501587994
271200.0	2000.0	241.14790812376305	0.0	0	687.2853077473701	441.14790812385036	1	0	tensor(3, device='cuda:0')	1.8916568501587994
272200.0	2000.0	241.1479081238058	0.0	0	805.7813859758899	441.14790812385036	1	0	tensor(3, device='cuda:0')	1.8916568501587994
273200.0	2000.0	241.14790812381125	0.0	0	770.633324941562	441.14790812385036	1	0	tensor(3, device='cuda:0')	1.8916568501587994
274200.0	2000.0	241.14790812386786	0.0	0	647.992543338798	441.14790812390856	1	0	tensor(3, device='cuda:0')	1.8916568501587985
275200.0	2000.0	241.14790812387605	0.0	0	648.518698473752	441.14790812390856	1	0	tensor(3, device='cuda:0')	1.8916568501587985
276200.0	2000.0	241.14790812387542	0.0	0	786.4292175591108	441.14790812390856	1	0	tensor(3, device='cuda:0')	1.8916568501587985
277200.0	2000.0	241.14790812388236	0.0	0	758.7366729666828	441.14790812390856	1	0	tensor(3, device='cuda:0')	1.8916568501587985
278200.0	2000.0	241.14790812387758	0.0	0	732.0970300685731	441.14790812390856	1	0	tensor(3, device='cuda:0')	1.8916568501587985
279200.0	2000.0	241.14790812391055	0.0	0	791.2421604299452	441.14790812390856	1	0	tensor(3, device='cuda:0')	1.8916568501587985
280200.0	2000.0	241.14790812390515	0.0	0	691.9237443749444	441.14790812390856	1	0	tensor(3, device='cuda:0')	1.8916568501587985
281200.0	2000.0	241.14790812387002	0.0	0	652.6787345255143	441.14790812390856	1	0	tensor(3, device='cuda:0')	1.8916568501587985
282200.0	2000.0	241.14790812380562	0.0	0	615.5958824870177	441.14790812390856	1	0	tensor(3, device='cuda:0')	1.8916568501587985
283200.0	2000.0	241.14790812381239	0.0	0	640.183372577012	441.14790812385036	1	0	tensor(3, device='cuda:0')	1.8916568501587994
284200.0	2000.0	241.14790812389958	0.0	0	687.351907013217	441.14790812385036	1	0	tensor(3, device='cuda:0')	1.8916568501587994
285200.0	2000.0	241.14790812385218	0.0	0	826.4469566123444	441.14790812379215	1	0	tensor(3, device='cuda:0')	1.8916568501588003
286200.0	2000.0	241.14790812390083	0.0	0	765.5953191737644	441.14790812379215	1	0	tensor(3, device='cuda:0')	1.8916568501588003
287200.0	2000.0	241.147908123972	0.0	0	847.8613258866826	441.14790812379215	1	0	tensor(3, device='cuda:0')	1.8916568501588003
288200.0	2000.0	241.14790812399957	0.0	0	749.5122813170892	441.14790812379215	1	0	tensor(3, device='cuda:0')	1.8916568501588003
289200.0	2000.0	241.14790812397882	0.0	0	766.1241168463603	441.14790812373394	1	0	tensor(3, device='cuda:0')	1.8916568501588014
290200.0	2000.0	241.1479081239628	0.0	0	730.8349671245669	441.14790812373394	1	0	tensor(3, device='cuda:0')	1.8916568501588014
291200.0	2000.0	241.14790812392397	0.0	0	576.2586813294911	441.14790812373394	1	0	tensor(3, device='cuda:0')	1.8916568501588014
292200.0	2000.0	241.14790812391266	0.0	0	779.0559152195347	441.14790812373394	1	0	tensor(3, device='cuda:0')	1.8916568501588014
293200.0	2000.0	241.14790812388856	0.0	0	734.0587558226543	441.14790812379215	1	0	tensor(3, device='cuda:0')	1.8916568501588003
294200.0	2000.0	241.1479081238686	0.0	0	791.4665493353386	441.14790812379215	1	0	tensor(3, device='cuda:0')	1.8916568501588003
295200.0	2000.0	241.14790812387042	0.0	0	840.7983062812709	441.14790812379215	1	0	tensor(3, device='cuda:0')	1.8916568501588003
296200.0	2000.0	241.1479081238134	0.0	0	809.3071710063377	441.14790812379215	1	0	tensor(3, device='cuda:0')	1.8916568501588003
297200.0	2000.0	241.1479081238831	0.0	0	724.7640605987399	441.14790812379215	1	0	tensor(3, device='cuda:0')	1.8916568501588003
298200.0	2000.0	241.14790812392323	0.0	0	773.5724143892294	441.14790812379215	1	0	tensor(3, device='cuda:0')	1.8916568501588003
299200.0	2000.0	241.14790812391936	0.0	0	660.768837282958	441.14790812373394	1	0	tensor(3, device='cuda:0')	1.8916568501588014
300200.0	2000.0	241.1479081239118	0.0	0	674.7112604414579	441.14790812373394	1	0	tensor(3, device='cuda:0')	1.8916568501588014
14.1	19.1	10.1	11.2	10.3	8.94	9.42	10.5	11.2	11.7	11.0	14.2	15.5	13.3	15.5	10.1	10.9	12.7	10.3	9.9	13.4	7.31	8.99	7.81	10.8	8.09	8.55	10.6	11.9	8.62	13.0	16.2	12.1	9.07	5.97	8.4	9.13	9.07	7.58	10.6	15.5	13.1	14.8	19.0	13.5	9.92	12.1	9.89	9.86	6.97	3.87	5.49	9.8	9.27	8.47	10.5	10.5	10.3	13.7	12.8	10.7	13.7	9.05	7.25	10.6	11.5	9.52	15.3	12.6	9.53	14.5	13.2	8.86	8.84	7.75	7.14	14.1	14.3	11.8	8.86	6.16	9.22	9.19	8.38	12.7	14.0	14.4	11.6	10.3	13.6	11.2	6.6	6.89	6.13	9.2	5.66	7.33	11.7	9.27	6.72	9.95	14.3	9.09	12.7	13.6	9.61	13.4	15.7	12.1	10.5	14.6	11.4	10.3	15.4	14.2	12.9	8.36	9.44	10.8	11.0	6.05	10.1	8.53	9.9	11.2	11.1	9.5	8.16	7.18	7.32	12.8	13.9	10.5	10.1	10.1	11.9	12.8	10.8	16.0	17.0	15.2	14.8	13.0	13.9	18.8	11.6	13.0	16.7	12.3	7.66	8.76	10.7	15.2	13.6	13.4	12.8	10.8	9.21	6.96	6.26	4.29	10.0	12.3	11.5	8.9	14.1	19.6	13.0	8.62	11.4	12.4	9.59	5.71	10.4	9.55	4.45	8.71	5.48	4.98	5.79	6.26	5.63	9.33	6.77	9.05	9.3	10.9	15.1	9.65	11.5	8.71	5.57	6.71	11.8	9.17	5.56	5.86	8.24	3.75	5.18	11.1	17.5	10.6	7.52	10.6	15.4	12.6	10.8	13.1	15.4	11.0	10.0	11.9	8.69	10.3	9.89	8.44	8.58	9.78	14.3	12.1	18.5	11.8	7.94	13.5	9.9	10.4	10.4	16.6	14.2	12.6	15.2	9.72	7.54	5.86	6.32	8.16	11.5	6.51	10.7	16.8	12.1	11.3	6.1	9.51	9.34	9.04	11.8	6.89	11.0	8.64	7.87	5.19	7.6	7.9	11.6	13.6	7.05	7.11	7.46	5.03	8.28	13.6	6.02	5.51	10.4	6.39	7.6	11.8	7.76	7.96	7.97	9.29	11.2	10.6	9.6	8.99	8.25	9.42	5.02	8.53	12.7	10.6	12.1	12.1	11.6	7.69	4.41	7.97	11.3	11.1	11.6	18.2	10.6	10.1	5.72	6.65	9.15
662.0	663.0	664.0	665.0	666.0	667.0	668.0	669.0	670.0	671.0	672.0	673.0	674.0	675.0	676.0	677.0	678.0	679.0	680.0	681.0	682.0	683.0	684.0	685.0	686.0	687.0	688.0	689.0	690.0	691.0	692.0	693.0	694.0	695.0	696.0	697.0	698.0	699.0	700.0	701.0	702.0	703.0	704.0	705.0	706.0	707.0	708.0	709.0	710.0	711.0	712.0	713.0	714.0	715.0	716.0	717.0	718.0	719.0	720.0	721.0	722.0	723.0	724.0	725.0	726.0	727.0	728.0	729.0	730.0	731.0	732.0	733.0	734.0	735.0	736.0	737.0	738.0	739.0	740.0	741.0	742.0	743.0	744.0	745.0	746.0	747.0	748.0	749.0	750.0	751.0	752.0	753.0	754.0	755.0	756.0	757.0	758.0	759.0	760.0	761.0	762.0	763.0	764.0	765.0	766.0	767.0	768.0	769.0	770.0	771.0	772.0	773.0	774.0	775.0	776.0	777.0	778.0	779.0	780.0	781.0	782.0	783.0	784.0	785.0	786.0	787.0	788.0	789.0	790.0	791.0	792.0	793.0	794.0	795.0	796.0	797.0	798.0	799.0	800.0	801.0	802.0	803.0	804.0	805.0	806.0	807.0	808.0	809.0	810.0	811.0	812.0	813.0	814.0	815.0	816.0	817.0	818.0	819.0	820.0	821.0	822.0	823.0	824.0	825.0	826.0	827.0	828.0	829.0	830.0	831.0	832.0	833.0	834.0	835.0	836.0	837.0	838.0	839.0	840.0	841.0	842.0	843.0	844.0	845.0	846.0	847.0	848.0	849.0	850.0	851.0	852.0	853.0	854.0	855.0	856.0	857.0	858.0	859.0	860.0	861.0	862.0	863.0	864.0	865.0	866.0	867.0	868.0	869.0	870.0	871.0	872.0	873.0	874.0	875.0	876.0	877.0	878.0	879.0	880.0	881.0	882.0	883.0	884.0	885.0	886.0	887.0	888.0	889.0	890.0	891.0	892.0	893.0	894.0	895.0	896.0	897.0	898.0	899.0	900.0	901.0	902.0	903.0	904.0	905.0	906.0	907.0	908.0	909.0	910.0	911.0	912.0	913.0	914.0	915.0	916.0	917.0	918.0	919.0	920.0	921.0	922.0	923.0	924.0	925.0	926.0	927.0	928.0	929.0	930.0	931.0	932.0	933.0	934.0	935.0	936.0	937.0	938.0	939.0	940.0	941.0	942.0	943.0	944.0	945.0	946.0	947.0	948.0	949.0	950.0	951.0	952.0	953.0	954.0	955.0	956.0	957.0	958.0	959.0
2669.0
