3048.7151721619352	3000.0	2000.0	365.23806875210636	0	0.0	3048.7151721619352	1	0	tensor(5, device='cuda:0')	-2.8647170877597374
3310.735485743846	3000.0	2672.474608022612	0.0	0	0.0	2983.2100937664572	1	0	tensor(5, device='cuda:0')	1.9918316631613862
4200.0	3000.0	2560.893965202419	0.0	0	534.7949346404016	2760.893965202419	1	0	tensor(5, device='cuda:0')	1.7021264959498215
5200.0	3000.0	2310.89396520242	0.0	0	616.9484822918039	2510.89396520242	1	0	tensor(5, device='cuda:0')	1.6816679648182074
6200.0	3000.0	2060.8939652024196	0.0	0	499.61834741091843	2260.8939652024196	1	0	tensor(5, device='cuda:0')	1.7098289316175805
7200.0	3000.0	1810.8939652024196	0.0	0	508.54309875864965	2010.8939652024192	1	0	tensor(5, device='cuda:0')	1.7322714451948
8200.0	3000.0	1560.8939652024187	0.0	0	476.3103396383931	1760.8939652024155	1	0	tensor(5, device='cuda:0')	1.749712880491975
9200.0	3000.0	1310.8939652024194	0.0	0	403.3938413139149	1510.8939652024155	1	0	tensor(5, device='cuda:0')	1.76360805875609
10200.0	3000.0	1060.8939652024185	0.0	0	289.7500397920103	1260.8939652024146	1	0	tensor(5, device='cuda:0')	1.7745111980805204
11200.0	3000.0	810.8939652024187	0.0	0	528.5042495903708	1010.8939652024128	1	0	tensor(5, device='cuda:0')	1.7825402012020177
12200.0	3000.0	560.8939652024206	0.0	0	580.3986194864683	760.8939652024164	1	0	tensor(5, device='cuda:0')	1.7891554527066482
13200.0	3000.0	310.893965202421	0.0	0	692.0290997801658	510.89396520241644	1	0	tensor(5, device='cuda:0')	1.794249523199758
14200.0	3000.0	60.89396520242292	0.0	0	607.9256589816541	260.8939652024201	1	0	tensor(5, device='cuda:0')	1.7982797265244153
15200.0	2000.0	140.91087492868633	80.01690972626247	0	747.8863552765488	340.91087492868246	1	0	tensor(3, device='cuda:0')	0.5075495804597758
16200.0	2000.0	140.91087492868706	0.0	0	813.0220581986305	340.9108749286843	1	0	tensor(3, device='cuda:0')	1.8931161469255153
17200.0	2000.0	140.910874928684	0.0	0	788.9160369347392	340.91087492868246	1	0	tensor(3, device='cuda:0')	1.8931161469255153
18200.0	2000.0	140.9108749286852	0.0	0	773.2137868631544	340.91087492868246	1	0	tensor(3, device='cuda:0')	1.8931161469255153
19200.0	2000.0	140.91087492868274	0.0	0	741.8627044293389	340.9108749286861	1	0	tensor(3, device='cuda:0')	1.8931161469255153
20200.0	2000.0	160.61755611128615	19.706681182604967	0	727.486518983882	360.61755611129047	1	0	tensor(3, device='cuda:0')	1.7746005125102084
21200.0	2000.0	160.61755611128922	0.0	0	724.2010279418864	360.61755611129047	1	0	tensor(3, device='cuda:0')	1.8928405996058382
22200.0	2000.0	160.61755611129075	0.0	0	816.8675622923074	360.61755611129047	1	0	tensor(3, device='cuda:0')	1.8928405996058382
23200.0	2000.0	190.6115486585594	29.993992547266203	0	586.0172785246141	390.6115486585586	1	0	tensor(3, device='cuda:0')	1.7124467697747479
24200.0	2000.0	190.61154865855633	0.0	0	687.6274039281889	390.6115486585586	1	0	tensor(3, device='cuda:0')	1.8924107250583448
25200.0	2000.0	190.6115486585552	0.0	0	670.8583981812153	390.61154865855497	1	0	tensor(3, device='cuda:0')	1.8924107250583453
26200.0	2000.0	190.61154865855832	0.0	0	734.7369482872709	390.61154865855497	1	0	tensor(3, device='cuda:0')	1.8924107250583453
27200.0	2000.0	190.61154865855906	0.0	0	724.5236741011613	390.61154865855497	1	0	tensor(3, device='cuda:0')	1.8924107250583453
28200.0	2000.0	190.61154865855593	0.0	0	787.8645906675629	390.61154865855497	1	0	tensor(3, device='cuda:0')	1.8924107250583453
29200.0	2000.0	190.61154865855872	0.0	0	699.0485755872251	390.61154865855497	1	0	tensor(3, device='cuda:0')	1.8924107250583453
30200.0	2000.0	249.9043364858573	59.29278782730083	0	546.589733631743	449.9043364858553	1	0	tensor(3, device='cuda:0')	1.5357656127686714
31200.0	2000.0	249.9043364858577	0.0	0	615.4766035129251	449.9043364858553	1	0	tensor(3, device='cuda:0')	1.8915223397324763
32200.0	2000.0	249.90433648585918	0.0	0	540.1667882255861	449.90433648585895	1	0	tensor(3, device='cuda:0')	1.8915223397324763
33200.0	2000.0	249.9043364858578	0.0	0	695.728937123411	449.9043364858626	1	0	tensor(3, device='cuda:0')	1.8915223397324763
34200.0	2000.0	249.90433648586395	0.0	0	696.050452098425	449.90433648585895	1	0	tensor(3, device='cuda:0')	1.8915223397324763
35200.0	2000.0	258.4576790335287	8.553342547666858	0	555.6785516425443	458.4576790335341	1	0	tensor(3, device='cuda:0')	1.8400697604832903
36200.0	2000.0	258.4576790335278	0.0	0	612.3731158799637	458.4576790335341	1	0	tensor(3, device='cuda:0')	1.8913898157692914
37200.0	2000.0	258.4576790335324	0.0	0	567.7767228662269	458.4576790335268	1	0	tensor(3, device='cuda:0')	1.8913898157692919
38200.0	2000.0	280.56467041345144	22.106991379913524	0	487.6909226266216	480.5646704134415	1	0	tensor(3, device='cuda:0')	1.7584000902433068
39200.0	2000.0	280.5646704134447	0.0	0	660.6521766795995	480.5646704134342	1	0	tensor(3, device='cuda:0')	1.8910420385227882
40200.0	2000.0	280.5646704134407	0.0	0	730.9934999096149	480.5646704134342	1	0	tensor(3, device='cuda:0')	1.8910420385227882
41200.0	2000.0	280.56467041344285	0.0	0	652.3683520740888	480.5646704134342	1	0	tensor(3, device='cuda:0')	1.8910420385227882
42200.0	2000.0	280.56467041345417	0.0	0	613.5311061900502	480.5646704134342	1	0	tensor(3, device='cuda:0')	1.8910420385227882
43200.0	2000.0	323.38389557631706	42.819225162858004	0	396.5857015723741	523.3838955762913	1	0	tensor(3, device='cuda:0')	1.6334309916247107
44200.0	2000.0	323.3838955763189	0.0	0	520.5531740466176	523.383895576284	1	0	tensor(3, device='cuda:0')	1.890346342601859
45200.0	2000.0	323.38389557632263	0.0	0	690.7397426948519	523.383895576284	1	0	tensor(3, device='cuda:0')	1.890346342601859
46200.0	2000.0	323.3838955763201	0.0	0	617.7436214301852	523.3838955762767	1	0	tensor(3, device='cuda:0')	1.890346342601859
47200.0	2000.0	73.38389557632877	0.0	0	658.5118579623377	273.3838955762767	1	0	tensor(5, device='cuda:0')	0.8926236786705432
48200.0	2000.0	107.06630770963335	33.68241213330591	0	795.0483825768606	307.0663077095742	1	0	tensor(3, device='cuda:0')	1.1914825002454568
49200.0	2000.0	187.728172982707	80.66186527307103	0	606.6352157481524	387.7281729826427	1	0	tensor(3, device='cuda:0')	1.4084814163707642
50200.0	2000.0	209.18626982572084	21.458096843015312	0	615.9542818519112	409.1862698256591	1	0	tensor(3, device='cuda:0')	1.7633894411216158
51200.0	2000.0	209.186269825723	0.0	0	677.255704765812	409.1862698256664	1	0	tensor(3, device='cuda:0')	1.8921380221797075
52200.0	2000.0	209.1862698257276	0.0	0	673.0542200393538	409.1862698256664	1	0	tensor(3, device='cuda:0')	1.8921380221797075
53200.0	2000.0	235.84779800670515	26.661528180984334	0	460.66841488449427	435.84779800664546	1	0	tensor(3, device='cuda:0')	1.7317685318312939
54200.0	2000.0	235.84779800671492	0.0	0	639.4170468237935	435.84779800665274	1	0	tensor(3, device='cuda:0')	1.8917377009171998
55200.0	2000.0	235.84779800670873	0.0	0	595.0323127518495	435.84779800665274	1	0	tensor(3, device='cuda:0')	1.8917377009171998
56200.0	2000.0	235.84779800669867	0.0	0	762.660035404173	435.84779800664546	1	0	tensor(3, device='cuda:0')	1.8917377009171998
57200.0	2000.0	235.847798006699	0.0	0	701.8301651298898	435.84779800664546	1	0	tensor(3, device='cuda:0')	1.8917377009171998
58200.0	2000.0	235.84779800670032	0.0	0	683.7635039380402	435.84779800664546	1	0	tensor(3, device='cuda:0')	1.8917377009171998
59200.0	2000.0	235.84779800669958	0.0	0	579.4420280168633	435.84779800664546	1	0	tensor(3, device='cuda:0')	1.8917377009171998
60200.0	2000.0	235.8477980066986	0.0	0	670.665420597601	435.84779800665274	1	0	tensor(3, device='cuda:0')	1.8917377009171998
61200.0	2000.0	235.8477980067031	0.0	0	724.0662579187701	435.84779800665274	1	0	tensor(3, device='cuda:0')	1.8917377009171998
62200.0	2000.0	235.84779800671663	0.0	0	764.5463460353785	435.84779800666	1	0	tensor(3, device='cuda:0')	1.8917377009171996
63200.0	2000.0	235.84779800670975	0.0	0	729.9100418521775	435.84779800666	1	0	tensor(3, device='cuda:0')	1.8917377009171996
64200.0	2000.0	235.84779800670498	0.0	0	723.5883015983491	435.84779800666	1	0	tensor(3, device='cuda:0')	1.8917377009171996
65200.0	2000.0	235.8477980067051	0.0	0	675.5973152761871	435.84779800666	1	0	tensor(3, device='cuda:0')	1.8917377009171996
66200.0	2000.0	235.84779800671407	0.0	0	805.3067306991361	435.8477980066673	1	0	tensor(3, device='cuda:0')	1.8917377009171996
67200.0	2000.0	235.84779800673402	0.0	0	788.798353285325	435.84779800668184	1	0	tensor(3, device='cuda:0')	1.8917377009171994
68200.0	2000.0	235.8477980067305	0.0	0	712.7290823969088	435.8477980066673	1	0	tensor(3, device='cuda:0')	1.8917377009171996
69200.0	2000.0	235.8477980067497	0.0	0	794.9819708066498	435.84779800668184	1	0	tensor(3, device='cuda:0')	1.8917377009171994
70200.0	2000.0	235.84779800674755	0.0	0	706.7426169241808	435.84779800668184	1	0	tensor(3, device='cuda:0')	1.8917377009171994
71200.0	2000.0	248.60301397530077	12.755215968531417	0	494.35106923338026	448.6030139752256	1	0	tensor(3, device='cuda:0')	1.8150111079858902
72200.0	2000.0	248.6030139752944	0.0	0	663.5255666102748	448.6030139752256	1	0	tensor(3, device='cuda:0')	1.8915424037970787
73200.0	2000.0	248.60301397530935	0.0	0	576.6179084089963	448.6030139752256	1	0	tensor(3, device='cuda:0')	1.8915424037970787
74200.0	2000.0	248.60301397530696	0.0	0	748.2330648297502	448.6030139752256	1	0	tensor(3, device='cuda:0')	1.8915424037970787
75200.0	2000.0	248.60301397531828	0.0	0	709.2857782537758	448.6030139752256	1	0	tensor(3, device='cuda:0')	1.8915424037970787
76200.0	2000.0	248.60301397531646	0.0	0	688.165680048478	448.60301397521107	1	0	tensor(3, device='cuda:0')	1.8915424037970787
77200.0	2000.0	248.60301397529793	0.0	0	753.0237178689858	448.6030139751965	1	0	tensor(3, device='cuda:0')	1.8915424037970792
78200.0	2000.0	248.60301397529645	0.0	0	639.8496706995938	448.6030139751965	1	0	tensor(3, device='cuda:0')	1.8915424037970792
79200.0	2000.0	248.60301397529042	0.0	0	530.4670774383121	448.60301397518197	1	0	tensor(3, device='cuda:0')	1.8915424037970794
80200.0	2000.0	248.60301397528156	0.0	0	690.128614982139	448.6030139751674	1	0	tensor(3, device='cuda:0')	1.8915424037970796
81200.0	2000.0	248.6030139752719	0.0	0	564.5832677489816	448.60301397515286	1	0	tensor(3, device='cuda:0')	1.8915424037970798
82200.0	2000.0	248.60301397527093	0.0	0	546.7080343488924	448.6030139751383	1	0	tensor(3, device='cuda:0')	1.8915424037970798
83200.0	2000.0	255.39506927924788	6.792055303978856	0	596.0755984836724	455.3950692791259	1	0	tensor(3, device='cuda:0')	1.850685064784469
84200.0	2000.0	255.39506927925027	0.0	0	698.0540016246232	455.3950692791259	1	0	tensor(3, device='cuda:0')	1.8914373966083422
85200.0	2000.0	255.39506927924765	0.0	0	723.4702904262667	455.3950692791259	1	0	tensor(3, device='cuda:0')	1.8914373966083422
86200.0	2000.0	255.39506927924526	0.0	0	732.0580217137176	455.3950692791259	1	0	tensor(3, device='cuda:0')	1.8914373966083422
87200.0	2000.0	255.39506927924123	0.0	0	734.5927594077511	455.3950692791259	1	0	tensor(3, device='cuda:0')	1.8914373966083422
88200.0	2000.0	255.39506927925243	0.0	0	773.3838653089188	455.3950692791259	1	0	tensor(3, device='cuda:0')	1.8914373966083422
89200.0	2000.0	255.39506927926288	0.0	0	650.8967172887351	455.39506927914044	1	0	tensor(3, device='cuda:0')	1.891437396608342
90200.0	2000.0	255.3950692792555	0.0	0	638.670668243125	455.395069279155	1	0	tensor(3, device='cuda:0')	1.8914373966083418
91200.0	2000.0	255.39506927923912	0.0	0	622.398681082952	455.395069279155	1	0	tensor(3, device='cuda:0')	1.8914373966083418
92200.0	2000.0	255.39506927925515	0.0	0	529.8182906612055	455.395069279155	1	0	tensor(3, device='cuda:0')	1.8914373966083418
93200.0	2000.0	255.3950692792481	0.0	0	719.2602833008568	455.39506927916955	1	0	tensor(3, device='cuda:0')	1.8914373966083415
94200.0	2000.0	255.39506927923708	0.0	0	565.3037009608524	455.39506927916955	1	0	tensor(3, device='cuda:0')	1.8914373966083415
95200.0	2000.0	255.3950692792435	0.0	0	576.5305033905461	455.39506927916955	1	0	tensor(3, device='cuda:0')	1.8914373966083415
96200.0	2000.0	255.39506927923026	0.0	0	723.6583640896715	455.39506927916955	1	0	tensor(3, device='cuda:0')	1.8914373966083415
97200.0	2000.0	255.39506927924378	0.0	0	724.2620584538236	455.39506927916955	1	0	tensor(3, device='cuda:0')	1.8914373966083415
98200.0	2000.0	255.39506927922548	0.0	0	772.3466389094101	455.395069279155	1	0	tensor(3, device='cuda:0')	1.8914373966083418
99200.0	2000.0	255.39506927923355	0.0	0	759.6929694416758	455.39506927916955	1	0	tensor(3, device='cuda:0')	1.8914373966083415
100200.0	2000.0	255.39506927924003	0.0	0	476.8238837116951	455.39506927916955	1	0	tensor(3, device='cuda:0')	1.8914373966083415
101200.0	2000.0	265.20180462808776	9.806735348841869	0	539.816286795045	465.20180462801363	1	0	tensor(3, device='cuda:0')	1.8324441155055045
102200.0	2000.0	265.2018046281014	0.0	0	593.9341538884619	465.2018046280282	1	0	tensor(3, device='cuda:0')	1.8912845275985555
103200.0	2000.0	265.2018046280973	0.0	0	733.3725307281711	465.2018046280282	1	0	tensor(3, device='cuda:0')	1.8912845275985555
104200.0	2000.0	265.20180462809566	0.0	0	660.4484471432952	465.2018046280282	1	0	tensor(3, device='cuda:0')	1.8912845275985555
105200.0	2000.0	265.201804628104	0.0	0	751.2464749686769	465.2018046280282	1	0	tensor(3, device='cuda:0')	1.8912845275985555
106200.0	2000.0	265.2018046281084	0.0	0	539.1050401425164	465.2018046280282	1	0	tensor(3, device='cuda:0')	1.8912845275985555
107200.0	2000.0	265.201804628118	0.0	0	618.772521341918	465.2018046280282	1	0	tensor(3, device='cuda:0')	1.8912845275985555
108200.0	2000.0	265.2018046281223	0.0	0	677.4901231302647	465.2018046280282	1	0	tensor(3, device='cuda:0')	1.8912845275985555
109200.0	2000.0	265.20180462814847	0.0	0	719.9668960013223	465.20180462804274	1	0	tensor(3, device='cuda:0')	1.8912845275985553
110200.0	2000.0	265.20180462815335	0.0	0	691.7340206572408	465.20180462804274	1	0	tensor(3, device='cuda:0')	1.8912845275985553
111200.0	2000.0	265.2018046281677	0.0	0	689.3228202367318	465.20180462804274	1	0	tensor(3, device='cuda:0')	1.8912845275985553
112200.0	2000.0	265.20180462817655	0.0	0	576.0042520532879	465.20180462804274	1	0	tensor(3, device='cuda:0')	1.8912845275985553
113200.0	2000.0	274.4037404248778	9.201935796694869	0	373.8376258733915	474.4037404247356	1	0	tensor(3, device='cuda:0')	1.83592811259834
114200.0	2000.0	282.36173453626276	7.95799411138961	0	456.44126379917725	482.3617345361272	1	0	tensor(3, device='cuda:0')	1.8432654666128667
115200.0	2000.0	282.3617345362752	0.0	0	597.1193799723987	482.3617345361272	1	0	tensor(3, device='cuda:0')	1.8910134312812044
116200.0	2000.0	282.3617345362535	0.0	0	611.9720237799047	482.3617345361272	1	0	tensor(3, device='cuda:0')	1.8910134312812044
117200.0	2000.0	282.36173453625287	0.0	0	630.1134584528772	482.36173453614174	1	0	tensor(3, device='cuda:0')	1.8910134312812041
118200.0	2000.0	282.36173453625224	0.0	0	664.4278756915592	482.36173453614174	1	0	tensor(3, device='cuda:0')	1.8910134312812041
119200.0	2000.0	282.3617345362508	0.0	0	594.46658648437	482.3617345361272	1	0	tensor(3, device='cuda:0')	1.8910134312812044
120200.0	2000.0	282.36173453625474	0.0	0	731.7282443029399	482.3617345361272	1	0	tensor(3, device='cuda:0')	1.8910134312812044
121200.0	2000.0	282.3617345362449	0.0	0	690.579707052384	482.3617345361272	1	0	tensor(3, device='cuda:0')	1.8910134312812044
122200.0	2000.0	282.36173453624974	0.0	0	731.0623616765661	482.3617345361272	1	0	tensor(3, device='cuda:0')	1.8910134312812044
123200.0	2000.0	282.3617345362502	0.0	0	696.528079970376	482.36173453614174	1	0	tensor(3, device='cuda:0')	1.8910134312812041
124200.0	2000.0	282.36173453627106	0.0	0	738.0171077430568	482.3617345361563	1	0	tensor(3, device='cuda:0')	1.8910134312812037
125200.0	2000.0	282.3617345362534	0.0	0	766.5299188791105	482.36173453614174	1	0	tensor(3, device='cuda:0')	1.8910134312812041
126200.0	2000.0	282.3617345362627	0.0	0	749.1045281249535	482.3617345361563	1	0	tensor(3, device='cuda:0')	1.8910134312812037
127200.0	2000.0	282.3617345362783	0.0	0	643.7077500751038	482.36173453617084	1	0	tensor(3, device='cuda:0')	1.8910134312812035
128200.0	2000.0	282.3617345362751	0.0	0	685.2985258708941	482.36173453617084	1	0	tensor(3, device='cuda:0')	1.8910134312812035
129200.0	2000.0	282.3617345362811	0.0	0	684.7174336066964	482.36173453617084	1	0	tensor(3, device='cuda:0')	1.8910134312812035
130200.0	2000.0	282.36173453628066	0.0	0	470.5948179636471	482.3617345361854	1	0	tensor(3, device='cuda:0')	1.8910134312812032
131200.0	2000.0	329.34538492519874	46.9836503889091	0	338.265463703312	529.3453849251091	1	0	tensor(3, device='cuda:0')	1.6083452180742677
132200.0	2000.0	329.345384925198	0.0	0	539.7323991584126	529.3453849251091	1	0	tensor(3, device='cuda:0')	1.8902471204077222
133200.0	2000.0	329.3453849252124	0.0	0	376.35812454880215	529.3453849251091	1	0	tensor(3, device='cuda:0')	1.8902471204077222
134200.0	2000.0	329.3453849252184	0.0	0	492.62952047708677	529.3453849251091	1	0	tensor(3, device='cuda:0')	1.8902471204077222
135200.0	2000.0	329.3453849252028	0.0	0	634.3993489056593	529.3453849251091	1	0	tensor(3, device='cuda:0')	1.8902471204077222
136200.0	2000.0	329.3453849252055	0.0	0	627.5847944170528	529.34538492508	1	0	tensor(3, device='cuda:0')	1.890247120407723
137200.0	2000.0	329.34538492519494	0.0	0	592.0311232344538	529.34538492508	1	0	tensor(3, device='cuda:0')	1.890247120407723
138200.0	2000.0	329.345384925235	0.0	0	587.1929585533508	529.3453849251091	1	0	tensor(3, device='cuda:0')	1.8902471204077222
139200.0	2000.0	329.3453849252378	0.0	0	582.60673318521	529.3453849251091	1	0	tensor(3, device='cuda:0')	1.8902471204077222
140200.0	2000.0	329.34538492523734	0.0	0	741.9282848630974	529.3453849251091	1	0	tensor(3, device='cuda:0')	1.8902471204077222
141200.0	2000.0	329.3453849252046	0.0	0	793.3584659297776	529.3453849251091	1	0	tensor(3, device='cuda:0')	1.8902471204077222
142200.0	2000.0	329.34538492519204	0.0	0	748.4437488775293	529.34538492508	1	0	tensor(3, device='cuda:0')	1.890247120407723
143200.0	2000.0	79.34538492522796	0.0	0	741.1045406776539	279.3453849251091	1	0	tensor(5, device='cuda:0')	0.8925379685497679
144200.0	2000.0	167.03290195662458	87.68751703137374	0	705.1068205985066	367.03290195649606	1	0	tensor(3, device='cuda:0')	0.8666246256672281
145200.0	2000.0	167.03290195657144	0.0	0	755.5858149146079	367.03290195649606	1	0	tensor(3, device='cuda:0')	1.8927497278554706
146200.0	2000.0	167.03290195655438	0.0	0	772.6391461300082	367.03290195646696	1	0	tensor(3, device='cuda:0')	1.8927497278554712
147200.0	2000.0	167.03290195652954	0.0	0	768.5598239134124	367.03290195646696	1	0	tensor(3, device='cuda:0')	1.8927497278554712
148200.0	2000.0	167.03290195653233	0.0	0	780.7215400433925	367.03290195643785	1	0	tensor(3, device='cuda:0')	1.8927497278554715
149200.0	2000.0	167.03290195652022	0.0	0	727.5525965418492	367.03290195640875	1	0	tensor(3, device='cuda:0')	1.892749727855472
150200.0	2000.0	204.81800626981885	37.78510431329752	0	633.4482016640832	404.818006269692	1	0	tensor(3, device='cuda:0')	1.6654919814343934
151200.0	2000.0	204.81800626980362	0.0	0	702.0179413699661	404.818006269692	1	0	tensor(3, device='cuda:0')	1.8922026073141784
152200.0	2000.0	204.81800626982732	0.0	0	722.5566460115951	404.8180062697211	1	0	tensor(3, device='cuda:0')	1.8922026073141778
153200.0	2000.0	204.81800626980316	0.0	0	735.0457559238712	404.8180062697211	1	0	tensor(3, device='cuda:0')	1.8922026073141778
154200.0	2000.0	204.81800626981646	0.0	0	773.313695223158	404.8180062697211	1	0	tensor(3, device='cuda:0')	1.8922026073141778
155200.0	2000.0	204.8180062698139	0.0	0	810.4930457358714	404.8180062697211	1	0	tensor(3, device='cuda:0')	1.8922026073141778
156200.0	2000.0	204.81800626978577	0.0	0	668.5336385692353	404.8180062697211	1	0	tensor(3, device='cuda:0')	1.8922026073141778
157200.0	2000.0	242.8286307971971	38.01062452743972	0	549.5622083983035	442.82863079715753	1	0	tensor(3, device='cuda:0')	1.6635673754069296
158200.0	2000.0	242.8286307971755	0.0	0	675.4449887642986	442.82863079715753	1	0	tensor(3, device='cuda:0')	1.8916311225715678
159200.0	2000.0	242.8286307971855	0.0	0	674.8718456861097	442.82863079715753	1	0	tensor(3, device='cuda:0')	1.8916311225715678
160200.0	2000.0	242.82863079719613	0.0	0	730.175192543451	442.82863079715753	1	0	tensor(3, device='cuda:0')	1.8916311225715678
161200.0	2000.0	242.82863079719937	0.0	0	648.926983845915	442.82863079718663	1	0	tensor(3, device='cuda:0')	1.8916311225715676
162200.0	2000.0	242.8286307971806	0.0	0	756.8993467440014	442.82863079718663	1	0	tensor(3, device='cuda:0')	1.8916311225715676
163200.0	2000.0	242.8286307971623	0.0	0	563.7845696592121	442.82863079718663	1	0	tensor(3, device='cuda:0')	1.8916311225715676
164200.0	2000.0	242.82863079718612	0.0	0	667.2078295989777	442.82863079718663	1	0	tensor(3, device='cuda:0')	1.8916311225715676
165200.0	2000.0	242.8286307971813	0.0	0	563.9071811602043	442.82863079718663	1	0	tensor(3, device='cuda:0')	1.8916311225715676
166200.0	2000.0	242.8286307971565	0.0	0	628.8753607826075	442.82863079715753	1	0	tensor(3, device='cuda:0')	1.8916311225715678
167200.0	2000.0	242.82863079714747	0.0	0	559.0165180906188	442.82863079715753	1	0	tensor(3, device='cuda:0')	1.8916311225715678
168200.0	2000.0	242.82863079713684	0.0	0	569.5159957793367	442.82863079715753	1	0	tensor(3, device='cuda:0')	1.8916311225715678
169200.0	2000.0	242.8286307971399	0.0	0	713.6012557906797	442.82863079715753	1	0	tensor(3, device='cuda:0')	1.8916311225715678
170200.0	2000.0	242.82863079714036	0.0	0	637.8748082686216	442.82863079718663	1	0	tensor(3, device='cuda:0')	1.8916311225715676
171200.0	2000.0	266.1553439221605	23.32671312499977	0	472.8809506385878	466.15534392217523	1	0	tensor(3, device='cuda:0')	1.7513093054238356
172200.0	2000.0	266.15534392216165	0.0	0	634.0698505045148	466.15534392217523	1	0	tensor(3, device='cuda:0')	1.891269584173834
173200.0	2000.0	266.1553439221518	0.0	0	754.7874481317704	466.15534392217523	1	0	tensor(3, device='cuda:0')	1.891269584173834
174200.0	2000.0	266.155343922161	0.0	0	707.8076472325192	466.15534392217523	1	0	tensor(3, device='cuda:0')	1.891269584173834
175200.0	2000.0	266.155343922168	0.0	0	661.7180282920599	466.15534392217523	1	0	tensor(3, device='cuda:0')	1.891269584173834
176200.0	2000.0	266.15534392216546	0.0	0	738.883554586675	466.15534392217523	1	0	tensor(3, device='cuda:0')	1.891269584173834
177200.0	2000.0	266.15534392218495	0.0	0	658.4457286747056	466.15534392217523	1	0	tensor(3, device='cuda:0')	1.891269584173834
178200.0	2000.0	266.1553439221857	0.0	0	674.5114246186567	466.15534392217523	1	0	tensor(3, device='cuda:0')	1.891269584173834
179200.0	2000.0	266.15534392215244	0.0	0	651.6580233564891	466.15534392217523	1	0	tensor(3, device='cuda:0')	1.891269584173834
180200.0	2000.0	266.155343922161	0.0	0	754.6405431422463	466.15534392217523	1	0	tensor(3, device='cuda:0')	1.891269584173834
181200.0	2000.0	266.15534392215545	0.0	0	734.9006870770536	466.15534392217523	1	0	tensor(3, device='cuda:0')	1.891269584173834
182200.0	2000.0	266.1553439221111	0.0	0	597.6046146044391	466.15534392217523	1	0	tensor(3, device='cuda:0')	1.891269584173834
183200.0	2000.0	266.15534392208565	0.0	0	656.8707582600473	466.15534392217523	1	0	tensor(3, device='cuda:0')	1.891269584173834
184200.0	2000.0	266.15534392207627	0.0	0	702.2211081381829	466.15534392217523	1	0	tensor(3, device='cuda:0')	1.891269584173834
185200.0	2000.0	266.1553439220777	0.0	0	579.4081472206744	466.15534392220434	1	0	tensor(3, device='cuda:0')	1.8912695841738336
186200.0	2000.0	266.1553439220954	0.0	0	751.1726127431612	466.15534392220434	1	0	tensor(3, device='cuda:0')	1.8912695841738336
187200.0	2000.0	266.1553439220862	0.0	0	731.6882832013653	466.15534392220434	1	0	tensor(3, device='cuda:0')	1.8912695841738336
188200.0	2000.0	266.15534392209827	0.0	0	660.1598889414454	466.15534392220434	1	0	tensor(3, device='cuda:0')	1.8912695841738336
189200.0	2000.0	266.15534392210304	0.0	0	661.3709581104631	466.15534392220434	1	0	tensor(3, device='cuda:0')	1.8912695841738336
190200.0	2000.0	266.1553439220893	0.0	0	768.8163595518563	466.15534392220434	1	0	tensor(3, device='cuda:0')	1.8912695841738336
191200.0	2000.0	266.15534392209975	0.0	0	700.4807619622443	466.15534392220434	1	0	tensor(3, device='cuda:0')	1.8912695841738336
192200.0	2000.0	266.1553439221295	0.0	0	744.7577727205062	466.15534392220434	1	0	tensor(3, device='cuda:0')	1.8912695841738336
193200.0	2000.0	266.1553439221269	0.0	0	701.7495072068414	466.15534392217523	1	0	tensor(3, device='cuda:0')	1.891269584173834
194200.0	2000.0	266.1553439221568	0.0	0	758.3836086009396	466.15534392220434	1	0	tensor(3, device='cuda:0')	1.8912695841738336
195200.0	2000.0	266.15534392216176	0.0	0	729.88043016952	466.15534392220434	1	0	tensor(3, device='cuda:0')	1.8912695841738336
196200.0	2000.0	266.1553439221649	0.0	0	618.688711319759	466.15534392220434	1	0	tensor(3, device='cuda:0')	1.8912695841738336
197200.0	2000.0	266.15534392219325	0.0	0	692.7652335388993	466.15534392220434	1	0	tensor(3, device='cuda:0')	1.8912695841738336
198200.0	2000.0	266.15534392219985	0.0	0	589.5704478739062	466.15534392220434	1	0	tensor(3, device='cuda:0')	1.8912695841738336
199200.0	2000.0	299.63761009512774	33.48226617291067	0	339.5996964368678	499.63761009511654	1	0	tensor(3, device='cuda:0')	1.6898422044493255
200200.0	2000.0	299.6376100951207	0.0	0	541.1598928399908	499.63761009511654	1	0	tensor(3, device='cuda:0')	1.8907358014867897
201200.0	2000.0	313.01180336325837	13.374193268130625	0	472.7529122951091	513.0118033632461	1	0	tensor(3, device='cuda:0')	1.8102724226789286
202200.0	2000.0	313.0118033632548	0.0	0	574.3580393984448	513.011803363217	1	0	tensor(3, device='cuda:0')	1.890517582287713
203200.0	2000.0	313.0118033632319	0.0	0	672.0665671271854	513.011803363217	1	0	tensor(3, device='cuda:0')	1.890517582287713
204200.0	2000.0	313.01180336325945	0.0	0	479.839919151098	513.0118033632461	1	0	tensor(3, device='cuda:0')	1.8905175822877123
205200.0	2000.0	313.01180336328764	0.0	0	549.4907743846707	513.0118033632752	1	0	tensor(3, device='cuda:0')	1.890517582287712
206200.0	2000.0	313.011803363271	0.0	0	569.9157507992641	513.0118033632461	1	0	tensor(3, device='cuda:0')	1.8905175822877123
207200.0	2000.0	313.0118033632356	0.0	0	672.7795881231432	513.0118033632461	1	0	tensor(3, device='cuda:0')	1.8905175822877123
208200.0	2000.0	313.01180336327053	0.0	0	631.3075600664597	513.0118033632461	1	0	tensor(3, device='cuda:0')	1.8905175822877123
209200.0	2000.0	313.011803363286	0.0	0	672.9305296463135	513.0118033632461	1	0	tensor(3, device='cuda:0')	1.8905175822877123
210200.0	2000.0	313.01180336330015	0.0	0	513.1636082994228	513.0118033632461	1	0	tensor(3, device='cuda:0')	1.8905175822877123
211200.0	2000.0	313.01180336331896	0.0	0	583.377048383205	513.0118033632461	1	0	tensor(3, device='cuda:0')	1.8905175822877123
212200.0	2000.0	313.0118033633112	0.0	0	552.1798646503012	513.0118033632461	1	0	tensor(3, device='cuda:0')	1.8905175822877123
213200.0	2000.0	313.0118033633386	0.0	0	696.7218345443252	513.0118033632752	1	0	tensor(3, device='cuda:0')	1.890517582287712
214200.0	2000.0	313.0118033633061	0.0	0	485.5828449233377	513.0118033632752	1	0	tensor(3, device='cuda:0')	1.890517582287712
215200.0	2000.0	313.01180336325234	0.0	0	499.29226991240284	513.0118033632752	1	0	tensor(3, device='cuda:0')	1.890517582287712
216200.0	2000.0	313.01180336326854	0.0	0	595.6282781508344	513.0118033632752	1	0	tensor(3, device='cuda:0')	1.890517582287712
217200.0	2000.0	313.01180336328053	0.0	0	390.9349882923125	513.0118033632752	1	0	tensor(3, device='cuda:0')	1.890517582287712
218200.0	2000.0	313.0118033632833	0.0	0	676.9625498545938	513.0118033632752	1	0	tensor(3, device='cuda:0')	1.890517582287712
219200.0	2000.0	313.0118033632741	0.0	0	684.4856294202327	513.0118033632461	1	0	tensor(3, device='cuda:0')	1.8905175822877123
220200.0	2000.0	313.01180336328724	0.0	0	711.2011286716734	513.0118033632461	1	0	tensor(3, device='cuda:0')	1.8905175822877123
221200.0	2000.0	313.0118033632987	0.0	0	657.2071909199003	513.0118033632461	1	0	tensor(3, device='cuda:0')	1.8905175822877123
222200.0	2000.0	313.01180336328133	0.0	0	805.194854336587	513.0118033632461	1	0	tensor(3, device='cuda:0')	1.8905175822877123
223200.0	2000.0	313.01180336331413	0.0	0	757.8504873668135	513.0118033632461	1	0	tensor(3, device='cuda:0')	1.8905175822877123
224200.0	2000.0	313.0118033633096	0.0	0	625.3304920616793	513.0118033632461	1	0	tensor(3, device='cuda:0')	1.8905175822877123
225200.0	2000.0	313.0118033633103	0.0	0	547.4948182873486	513.0118033632461	1	0	tensor(3, device='cuda:0')	1.8905175822877123
226200.0	2000.0	313.01180336330873	0.0	0	433.5584529864718	513.0118033632461	1	0	tensor(3, device='cuda:0')	1.8905175822877123
227200.0	2000.0	313.0118033632765	0.0	0	428.10576801013667	513.0118033632461	1	0	tensor(3, device='cuda:0')	1.8905175822877123
228200.0	2000.0	313.0118033632527	0.0	0	689.0801141842967	513.0118033632752	1	0	tensor(3, device='cuda:0')	1.890517582287712
229200.0	2000.0	313.0118033632551	0.0	0	559.0015344792046	513.0118033632752	1	0	tensor(3, device='cuda:0')	1.890517582287712
230200.0	2000.0	313.01180336325353	0.0	0	710.699238829111	513.0118033632752	1	0	tensor(3, device='cuda:0')	1.890517582287712
231200.0	2000.0	313.0118033632454	0.0	0	600.773699116864	513.0118033633044	1	0	tensor(3, device='cuda:0')	1.8905175822877116
232200.0	2000.0	313.0118033632406	0.0	0	707.6210300608946	513.0118033633044	1	0	tensor(3, device='cuda:0')	1.8905175822877116
233200.0	2000.0	313.01180336326325	0.0	0	719.4039109794248	513.0118033633044	1	0	tensor(3, device='cuda:0')	1.8905175822877116
234200.0	2000.0	313.01180336324137	0.0	0	643.0785240699479	513.0118033633044	1	0	tensor(3, device='cuda:0')	1.8905175822877116
235200.0	2000.0	313.0118033632059	0.0	0	675.632509416755	513.0118033633044	1	0	tensor(3, device='cuda:0')	1.8905175822877116
236200.0	2000.0	313.01180336319766	0.0	0	654.238055368769	513.0118033633044	1	0	tensor(3, device='cuda:0')	1.8905175822877116
237200.0	2000.0	313.01180336319305	0.0	0	474.2547350725217	513.0118033633335	1	0	tensor(3, device='cuda:0')	1.890517582287711
238200.0	2000.0	313.01180336319936	0.0	0	675.1690560109855	513.0118033633335	1	0	tensor(3, device='cuda:0')	1.890517582287711
239200.0	2000.0	313.01180336319953	0.0	0	603.6198024007899	513.0118033633626	1	0	tensor(3, device='cuda:0')	1.8905175822877105
240200.0	2000.0	313.0118033631936	0.0	0	743.7009609973466	513.0118033633626	1	0	tensor(3, device='cuda:0')	1.8905175822877105
241200.0	2000.0	313.0118033631815	0.0	0	699.8257375099929	513.0118033633626	1	0	tensor(3, device='cuda:0')	1.8905175822877105
242200.0	2000.0	313.01180336318305	0.0	0	786.273561516864	513.0118033633626	1	0	tensor(3, device='cuda:0')	1.8905175822877105
243200.0	2000.0	313.0118033631657	0.0	0	756.3116876394488	513.0118033633626	1	0	tensor(3, device='cuda:0')	1.8905175822877105
244200.0	2000.0	313.0118033631961	0.0	0	767.4299205155985	513.0118033633626	1	0	tensor(3, device='cuda:0')	1.8905175822877105
245200.0	2000.0	313.0118033631955	0.0	0	521.6560443891794	513.0118033633626	1	0	tensor(3, device='cuda:0')	1.8905175822877105
246200.0	2000.0	313.0118033632208	0.0	0	469.19618617388187	513.0118033633626	1	0	tensor(3, device='cuda:0')	1.8905175822877105
247200.0	2000.0	313.0118033632072	0.0	0	596.6758386856527	513.0118033633335	1	0	tensor(3, device='cuda:0')	1.890517582287711
248200.0	2000.0	313.0118033631916	0.0	0	734.3081357582996	513.0118033633044	1	0	tensor(3, device='cuda:0')	1.8905175822877116
249200.0	2000.0	313.01180336322074	0.0	0	726.9471976652567	513.0118033633044	1	0	tensor(3, device='cuda:0')	1.8905175822877116
250200.0	2000.0	313.01180336317873	0.0	0	535.8810500208056	513.0118033632752	1	0	tensor(3, device='cuda:0')	1.890517582287712
251200.0	2000.0	313.01180336317213	0.0	0	582.5407608484966	513.0118033633044	1	0	tensor(3, device='cuda:0')	1.8905175822877116
252200.0	2000.0	313.01180336320283	0.0	0	770.0787645424716	513.0118033633044	1	0	tensor(3, device='cuda:0')	1.8905175822877116
253200.0	2000.0	313.0118033632086	0.0	0	686.0469802138687	513.0118033633335	1	0	tensor(3, device='cuda:0')	1.890517582287711
254200.0	2000.0	313.0118033631882	0.0	0	709.9133879318251	513.0118033633626	1	0	tensor(3, device='cuda:0')	1.8905175822877105
255200.0	2000.0	313.01180336318794	0.0	0	731.1790156973293	513.0118033633626	1	0	tensor(3, device='cuda:0')	1.8905175822877105
256200.0	2000.0	313.0118033631844	0.0	0	739.4428241479618	513.0118033633335	1	0	tensor(3, device='cuda:0')	1.890517582287711
257200.0	2000.0	313.01180336320306	0.0	0	663.6791065523576	513.0118033633335	1	0	tensor(3, device='cuda:0')	1.890517582287711
258200.0	2000.0	313.0118033631922	0.0	0	574.7285752781609	513.0118033633335	1	0	tensor(3, device='cuda:0')	1.890517582287711
259200.0	2000.0	313.01180336317714	0.0	0	638.933115786087	513.0118033633335	1	0	tensor(3, device='cuda:0')	1.890517582287711
260200.0	2000.0	313.0118033631939	0.0	0	740.9964231282356	513.0118033633335	1	0	tensor(3, device='cuda:0')	1.890517582287711
261200.0	2000.0	313.0118033631862	0.0	0	584.284263861482	513.0118033633335	1	0	tensor(3, device='cuda:0')	1.890517582287711
262200.0	2000.0	313.0118033631908	0.0	0	519.9712729348394	513.0118033633335	1	0	tensor(3, device='cuda:0')	1.890517582287711
263200.0	2000.0	313.0118033630837	0.0	0	586.9102736781351	513.011803363217	1	0	tensor(3, device='cuda:0')	1.8905175822877125
264200.0	2000.0	313.0118033630112	0.0	0	675.5587992334622	513.011803363217	1	0	tensor(3, device='cuda:0')	1.890517582287713
265200.0	2000.0	313.01180336305265	0.0	0	537.09778941283	513.0118033631588	1	0	tensor(3, device='cuda:0')	1.890517582287714
266200.0	2000.0	313.0118033630961	0.0	0	656.9670888496912	513.0118033631588	1	0	tensor(3, device='cuda:0')	1.890517582287714
267200.0	2000.0	313.0118033630555	0.0	0	675.2270929260412	513.0118033631588	1	0	tensor(3, device='cuda:0')	1.890517582287714
268200.0	2000.0	313.01180336306214	0.0	0	651.7789895265596	513.0118033631588	1	0	tensor(3, device='cuda:0')	1.890517582287714
269200.0	2000.0	313.0118033630255	0.0	0	684.5514477274264	513.0118033631588	1	0	tensor(3, device='cuda:0')	1.890517582287714
270200.0	2000.0	313.0118033630369	0.0	0	640.09064521041	513.0118033631588	1	0	tensor(3, device='cuda:0')	1.890517582287714
271200.0	2000.0	313.01180336299495	0.0	0	801.8744651952293	513.0118033631588	1	0	tensor(3, device='cuda:0')	1.890517582287714
272200.0	2000.0	313.011803362992	0.0	0	768.4784416854382	513.0118033631588	1	0	tensor(3, device='cuda:0')	1.890517582287714
273200.0	2000.0	313.0118033629743	0.0	0	493.5136333149858	513.0118033631588	1	0	tensor(3, device='cuda:0')	1.890517582287714
274200.0	2000.0	313.0118033629987	0.0	0	603.1060784145375	513.0118033631588	1	0	tensor(3, device='cuda:0')	1.890517582287714
275200.0	2000.0	313.0118033630516	0.0	0	706.9379357270664	513.0118033631588	1	0	tensor(3, device='cuda:0')	1.890517582287714
276200.0	2000.0	313.01180336306845	0.0	0	715.2260475674411	513.0118033631588	1	0	tensor(3, device='cuda:0')	1.890517582287714
277200.0	2000.0	313.01180336309017	0.0	0	655.2964737862349	513.0118033631588	1	0	tensor(3, device='cuda:0')	1.890517582287714
278200.0	2000.0	313.0118033631082	0.0	0	540.9122362490161	513.0118033631588	1	0	tensor(3, device='cuda:0')	1.890517582287714
279200.0	2000.0	313.0118033630946	0.0	0	508.6767010035692	513.0118033631588	1	0	tensor(3, device='cuda:0')	1.890517582287714
280200.0	2000.0	313.0118033631296	0.0	0	595.3159497343586	513.0118033631588	1	0	tensor(3, device='cuda:0')	1.890517582287714
281200.0	2000.0	313.0118033631288	0.0	0	575.8129895911552	513.0118033631588	1	0	tensor(3, device='cuda:0')	1.890517582287714
282200.0	2000.0	313.01180336316884	0.0	0	677.3861194177298	513.0118033631588	1	0	tensor(3, device='cuda:0')	1.890517582287714
283200.0	2000.0	313.0118033631237	0.0	0	593.6861634240486	513.0118033631588	1	0	tensor(3, device='cuda:0')	1.890517582287714
284200.0	2000.0	313.01180336312854	0.0	0	733.8930516908295	513.0118033631588	1	0	tensor(3, device='cuda:0')	1.890517582287714
285200.0	2000.0	313.01180336316145	0.0	0	725.3567374647828	513.0118033631588	1	0	tensor(3, device='cuda:0')	1.890517582287714
286200.0	2000.0	313.01180336311796	0.0	0	785.0141819634009	513.0118033631006	1	0	tensor(3, device='cuda:0')	1.890517582287715
287200.0	2000.0	313.011803363113	0.0	0	701.6840291261324	513.0118033631588	1	0	tensor(3, device='cuda:0')	1.890517582287714
288200.0	2000.0	63.01180336309744	0.0	0	661.0417659706436	263.01180336327525	1	0	tensor(5, device='cuda:0')	0.8927715976149603
289200.0	2000.0	272.99268964326507	209.98088628018036	0	472.7400695014512	472.99268964346265	1	0	tensor(3, device='cuda:0')	0.1312766996726361
290200.0	2000.0	272.9926896433078	0.0	0	538.2385032630991	472.99268964346265	1	0	tensor(3, device='cuda:0')	1.8911620173537182
291200.0	2000.0	272.99268964329633	0.0	0	701.824333931203	472.99268964346265	1	0	tensor(3, device='cuda:0')	1.8911620173537182
292200.0	2000.0	272.99268964328843	0.0	0	670.473413631029	472.99268964346265	1	0	tensor(3, device='cuda:0')	1.8911620173537182
293200.0	2000.0	272.9926896433575	0.0	0	507.8647601151024	472.99268964352086	1	0	tensor(3, device='cuda:0')	1.8911620173537171
294200.0	2000.0	272.9926896433322	0.0	0	589.5182620717096	472.99268964352086	1	0	tensor(3, device='cuda:0')	1.8911620173537171
295200.0	2000.0	272.9926896433275	0.0	0	652.9793475566548	472.99268964352086	1	0	tensor(3, device='cuda:0')	1.8911620173537171
296200.0	2000.0	272.99268964329207	0.0	0	670.6506078574457	472.99268964346265	1	0	tensor(3, device='cuda:0')	1.8911620173537182
297200.0	2000.0	272.99268964327473	0.0	0	671.1151007228182	472.99268964340445	1	0	tensor(3, device='cuda:0')	1.8911620173537191
298200.0	2000.0	272.9926896432597	0.0	0	798.7351026022225	472.99268964340445	1	0	tensor(3, device='cuda:0')	1.8911620173537191
299200.0	2000.0	272.992689643179	0.0	0	800.7504301588051	472.99268964334624	1	0	tensor(3, device='cuda:0')	1.89116201735372
300200.0	2000.0	272.9926896431738	0.0	0	805.1208803453483	472.99268964334624	1	0	tensor(3, device='cuda:0')	1.89116201735372
11.4	11.4	11.2	5.84	5.88	3.87	5.55	6.14	4.9	9.07	9.11	10.0	10.9	13.3	13.2	8.22	5.93	10.2	14.1	7.03	5.14	8.17	10.8	8.29	10.0	6.94	4.05	5.66	5.55	5.29	6.88	6.01	7.58	4.88	3.89	4.82	5.61	8.98	7.71	4.03	5.35	6.38	6.51	8.26	8.94	7.75	5.35	6.49	7.49	4.81	4.11	5.99	6.94	7.15	7.17	4.99	5.88	10.3	10.1	9.12	8.38	6.78	9.68	12.1	5.44	9.74	8.04	4.7	5.0	5.41	7.14	8.48	6.9	6.21	9.38	5.87	6.16	5.31	6.08	5.17	9.51	8.48	7.1	7.16	8.76	6.37	7.29	5.79	5.29	7.26	4.56	4.61	8.33	8.83	9.23	7.27	5.98	4.81	6.87	6.56	9.92	7.29	7.9	4.31	5.94	5.94	9.14	7.74	6.75	4.51	2.95	3.94	6.05	4.74	9.85	4.87	8.1	6.58	6.07	9.33	10.0	7.83	8.61	8.26	6.43	6.58	4.87	4.1	4.33	4.1	3.95	7.92	6.04	3.79	4.53	4.71	5.56	10.9	12.6	12.2	8.36	8.51	7.39	10.3	9.86	7.46	5.25	7.92	8.61	8.16	8.68	11.7	5.71	3.81	4.7	7.71	11.7	6.83	8.16	7.61	5.13	6.22	5.36	6.01	5.43	5.88	5.8	4.45	5.2	10.0	12.3	6.26	8.05	6.45	6.7	5.84	9.97	8.48	5.1	6.29	8.42	6.73	7.17	8.95	8.66	4.76	7.97	5.73	6.2	7.99	9.5	8.51	6.23	6.15	4.67	4.07	3.83	3.92	7.71	5.15	4.43	5.68	5.51	7.56	7.55	6.34	4.59	4.03	5.68	6.42	6.49	4.45	6.83	4.6	4.71	8.38	8.04	8.35	11.0	9.56	7.08	5.28	5.2	4.34	5.49	6.06	5.98	6.8	5.76	8.27	9.38	6.96	8.21	4.9	6.27	6.95	8.26	9.13	10.4	8.19	9.6	6.32	4.7	4.82	9.41	9.45	5.24	6.21	9.3	5.15	7.58	11.1	7.65	5.58	6.66	5.86	9.36	10.1	3.04	4.24	6.39	4.96	8.84	7.91	7.31	5.62	6.23	11.3	11.5	5.36	6.14	6.64	8.38	6.81	6.43	5.18	6.67	7.26	4.85	6.02	6.36	7.27	9.52	9.59	11.5	4.8	5.73	6.38	7.61	5.55	4.93	6.9	6.8	6.06	9.93	12.2	12.7	13.8
630.0	631.0	632.0	633.0	634.0	635.0	636.0	637.0	638.0	639.0	640.0	641.0	642.0	643.0	644.0	645.0	646.0	647.0	648.0	649.0	650.0	651.0	652.0	653.0	654.0	655.0	656.0	657.0	658.0	659.0	660.0	661.0	662.0	663.0	664.0	665.0	666.0	667.0	668.0	669.0	670.0	671.0	672.0	673.0	674.0	675.0	676.0	677.0	678.0	679.0	680.0	681.0	682.0	683.0	684.0	685.0	686.0	687.0	688.0	689.0	690.0	691.0	692.0	693.0	694.0	695.0	696.0	697.0	698.0	699.0	700.0	701.0	702.0	703.0	704.0	705.0	706.0	707.0	708.0	709.0	710.0	711.0	712.0	713.0	714.0	715.0	716.0	717.0	718.0	719.0	720.0	721.0	722.0	723.0	724.0	725.0	726.0	727.0	728.0	729.0	730.0	731.0	732.0	733.0	734.0	735.0	736.0	737.0	738.0	739.0	740.0	741.0	742.0	743.0	744.0	745.0	746.0	747.0	748.0	749.0	750.0	751.0	752.0	753.0	754.0	755.0	756.0	757.0	758.0	759.0	760.0	761.0	762.0	763.0	764.0	765.0	766.0	767.0	768.0	769.0	770.0	771.0	772.0	773.0	774.0	775.0	776.0	777.0	778.0	779.0	780.0	781.0	782.0	783.0	784.0	785.0	786.0	787.0	788.0	789.0	790.0	791.0	792.0	793.0	794.0	795.0	796.0	797.0	798.0	799.0	800.0	801.0	802.0	803.0	804.0	805.0	806.0	807.0	808.0	809.0	810.0	811.0	812.0	813.0	814.0	815.0	816.0	817.0	818.0	819.0	820.0	821.0	822.0	823.0	824.0	825.0	826.0	827.0	828.0	829.0	830.0	831.0	832.0	833.0	834.0	835.0	836.0	837.0	838.0	839.0	840.0	841.0	842.0	843.0	844.0	845.0	846.0	847.0	848.0	849.0	850.0	851.0	852.0	853.0	854.0	855.0	856.0	857.0	858.0	859.0	860.0	861.0	862.0	863.0	864.0	865.0	866.0	867.0	868.0	869.0	870.0	871.0	872.0	873.0	874.0	875.0	876.0	877.0	878.0	879.0	880.0	881.0	882.0	883.0	884.0	885.0	886.0	887.0	888.0	889.0	890.0	891.0	892.0	893.0	894.0	895.0	896.0	897.0	898.0	899.0	900.0	901.0	902.0	903.0	904.0	905.0	906.0	907.0	908.0	909.0	910.0	911.0	912.0	913.0	914.0	915.0	916.0	917.0	918.0	919.0	920.0	921.0	922.0	923.0	924.0	925.0	926.0	927.0
2623.0
