2944.488077727632	1000.0	2000.0	440.1685083881602	0	0.0	2944.488077727632	1	0	tensor(5, device='cuda:0')	-3.2936892594904124
3329.749976543605	1000.0	2518.422626480034	0.0	0	0.0	2848.172603023639	1	0	tensor(5, device='cuda:0')	0.8538889105429451
4665.344992808543	3000.0	1848.928856148862	0.0	0	0.0	2514.273848957405	1	0	tensor(5, device='cuda:0')	0.41601800241174025
5844.391668076943	3000.0	1375.1205120633613	0.0	0	0.0	2219.512180140304	1	0	tensor(5, device='cuda:0')	1.6277369630936975
6818.1874579157475	3000.0	1157.8757747648551	0.0	0	0.0	1976.0632326806026	1	0	tensor(5, device='cuda:0')	1.7506464454285635
8006.08026137738	3000.0	673.0097704378145	0.0	0	0.0	1679.0900318151953	1	0	tensor(5, device='cuda:0')	1.6605095711297642
8986.058647819935	3000.0	452.7603029840077	3.778812479509213	0	0.0	1438.8189508039432	1	0	tensor(5, device='cuda:0')	1.758023341776152
9937.549498492965	3000.0	379.79013057414505	93.11471274513933	0	0.0	1317.3396290671099	1	0	tensor(5, device='cuda:0')	1.285546990898171
10853.977284054563	2000.0	463.3623450125476	0.0	0	0.0	1317.3396290671099	1	0	tensor(3, device='cuda:0')	0.9648673566752434
11792.262080076662	2000.0	578.6919390979418	53.6143901074925	0	0.0	1370.9540191746037	1	0	tensor(3, device='cuda:0')	1.5466455185151033
12787.125238209752	2000.0	583.8287809648525	0.0	0	0.0	1370.9540191746037	1	0	tensor(3, device='cuda:0')	1.8683318591600584
13318.388887654455	2000.0	1052.5651315201494	0.0	0	0.0	1370.9540191746037	1	0	tensor(3, device='cuda:0')	1.8683318591600584
14200.0	2000.0	1170.954019174605	0.0	0	525.2906008127175	1370.9540191746037	1	0	tensor(3, device='cuda:0')	1.8683318591600584
15208.141938309358	3000.0	910.7765962879063	0.0	0	0.0	1118.918534597262	1	0	tensor(5, device='cuda:0')	0.8706789135960786
16200.0	3000.0	670.9540191746049	0.0	0	58.54649697604509	870.9540191746037	1	0	tensor(5, device='cuda:0')	1.7912339641662554
17200.0	3000.0	420.954019174608	0.0	0	485.266791722941	620.9540191746091	1	0	tensor(5, device='cuda:0')	1.792214274043849
18200.0	2000.0	170.95401917461015	0.0	0	429.2277852039115	370.95401917460913	1	0	tensor(5, device='cuda:0')	0.9857695630210919
19200.0	2000.0	284.5462423088834	113.59222313426858	0	434.2347959248182	484.5462423088793	1	0	tensor(3, device='cuda:0')	0.7094252488207893
20200.0	2000.0	284.5462423088844	0.0	0	500.742149848229	484.54624230888294	1	0	tensor(3, device='cuda:0')	1.8909785876264007
21200.0	2000.0	284.54624230888885	0.0	0	570.6055228289151	484.5462423088866	1	0	tensor(3, device='cuda:0')	1.8909785876264007
22200.0	2000.0	284.546242308889	0.0	0	605.0001660904745	484.5462423088866	1	0	tensor(3, device='cuda:0')	1.8909785876264007
23200.0	2000.0	284.54624230889	0.0	0	735.3723803355024	484.5462423088866	1	0	tensor(3, device='cuda:0')	1.8909785876264007
24200.0	2000.0	284.5462423088872	0.0	0	604.7271033027318	484.5462423088902	1	0	tensor(3, device='cuda:0')	1.8909785876264007
25200.0	2000.0	307.0305492875874	22.48430697870029	0	309.04475072821515	507.0305492875923	1	0	tensor(3, device='cuda:0')	1.7557096910535184
26200.0	2000.0	307.030549287591	0.0	0	367.58026634764974	507.0305492875923	1	0	tensor(3, device='cuda:0')	1.89061553292572
27200.0	2000.0	307.03054928758735	0.0	0	403.3888525138973	507.0305492875923	1	0	tensor(3, device='cuda:0')	1.89061553292572
28200.0	2000.0	307.0305492875888	0.0	0	498.10954239568673	507.0305492875923	1	0	tensor(3, device='cuda:0')	1.89061553292572
29299.131267203215	2000.0	426.61210901988227	218.71282693550745	0	0.0	725.7433762231012	1	0	tensor(3, device='cuda:0')	0.5743508602642784
30200.0	2000.0	525.7433762230992	0.0	0	201.41533110624005	725.7433762231012	1	0	tensor(3, device='cuda:0')	1.8866278218773234
31200.0	2000.0	525.7433762230969	0.0	0	368.13405671394867	725.7433762231049	1	0	tensor(3, device='cuda:0')	1.8866278218773234
32200.0	2000.0	525.7433762230976	0.0	0	578.2182827875513	725.7433762231049	1	0	tensor(3, device='cuda:0')	1.8866278218773234
33200.0	2000.0	275.74337622309605	0.0	0	683.0823126750802	475.7433762231012	1	0	tensor(5, device='cuda:0')	0.88941115944262
34200.0	2000.0	290.1500457694792	14.406669546377145	0	445.0937037653057	490.15004576947103	1	0	tensor(3, device='cuda:0')	1.3044488417018538
35200.0	2000.0	290.1500457694772	0.0	0	685.4890992274668	490.15004576946376	1	0	tensor(3, device='cuda:0')	1.8908888589801167
36200.0	2000.0	290.15004576947075	0.0	0	492.69124272426416	490.15004576946376	1	0	tensor(3, device='cuda:0')	1.8908888589801167
37200.0	2000.0	290.15004576947985	0.0	0	542.163758481387	490.15004576946376	1	0	tensor(3, device='cuda:0')	1.8908888589801167
38200.0	2000.0	360.95319155772233	70.80314578823561	0	313.00320960710087	560.9531915576954	1	0	tensor(3, device='cuda:0')	1.464892258183681
39200.0	2000.0	360.9531915577242	0.0	0	378.03658057278517	560.9531915577027	1	0	tensor(3, device='cuda:0')	1.8897111329130947
40200.0	2000.0	360.9531915577284	0.0	0	342.734258118071	560.9531915577027	1	0	tensor(3, device='cuda:0')	1.8897111329130947
41200.0	2000.0	422.2920392434869	61.338847685752796	0	188.1303327974383	622.2920392434535	1	0	tensor(3, device='cuda:0')	1.5205887360725663
42200.0	2000.0	422.29203924348917	0.0	0	437.27615637394047	622.2920392434535	1	0	tensor(3, device='cuda:0')	1.888621822187083
43200.0	2000.0	422.2920392434894	0.0	0	420.98349868602236	622.2920392434462	1	0	tensor(3, device='cuda:0')	1.8886218221870832
44200.0	2000.0	422.292039243482	0.0	0	277.112837870809	622.2920392434462	1	0	tensor(3, device='cuda:0')	1.8886218221870832
45200.0	2000.0	422.2920392434777	0.0	0	505.1016485184373	622.2920392434462	1	0	tensor(3, device='cuda:0')	1.8886218221870832
46200.0	2000.0	422.2920392434744	0.0	0	307.77048539307725	622.2920392434462	1	0	tensor(3, device='cuda:0')	1.8886218221870832
47200.0	2000.0	422.29203924348167	0.0	0	503.119615223819	622.2920392434462	1	0	tensor(3, device='cuda:0')	1.8886218221870832
48200.0	2000.0	432.05302670645074	9.760987462967591	0	40.22328202782228	632.0530267064096	1	0	tensor(3, device='cuda:0')	1.8298763643985843
49200.0	2000.0	432.0530267064463	0.0	0	599.0014361235226	632.0530267064096	1	0	tensor(3, device='cuda:0')	1.8884422891763897
50200.0	2000.0	432.05302670644846	0.0	0	544.8614144851308	632.0530267064096	1	0	tensor(3, device='cuda:0')	1.8884422891763897
51200.0	2000.0	432.0530267064437	0.0	0	197.64029626185948	632.0530267064096	1	0	tensor(3, device='cuda:0')	1.8884422891763897
52200.0	2000.0	432.05302670644744	0.0	0	470.384799071202	632.0530267064096	1	0	tensor(3, device='cuda:0')	1.8884422891763897
53200.0	2000.0	432.0530267064462	0.0	0	596.9875125994877	632.0530267064096	1	0	tensor(3, device='cuda:0')	1.8884422891763897
54200.0	2000.0	432.0530267064539	0.0	0	579.2092268091656	632.0530267064096	1	0	tensor(3, device='cuda:0')	1.8884422891763897
55200.0	2000.0	432.05302670645324	0.0	0	247.56980626965378	632.0530267064096	1	0	tensor(3, device='cuda:0')	1.8884422891763897
56200.0	2000.0	442.3209898600985	10.267963153654478	0	135.1905383491394	642.3209898600617	1	0	tensor(3, device='cuda:0')	1.8266437693287476
57200.0	2000.0	442.32098986010385	0.0	0	431.2162924047807	642.3209898600617	1	0	tensor(3, device='cuda:0')	1.8882515482506743
58200.0	2000.0	442.32098986010044	0.0	0	553.5159394464426	642.3209898600544	1	0	tensor(3, device='cuda:0')	1.8882515482506743
59200.0	2000.0	442.32098986009896	0.0	0	635.4256672589981	642.3209898600544	1	0	tensor(3, device='cuda:0')	1.8882515482506743
60200.0	2000.0	442.3209898601009	0.0	0	261.1454895863062	642.3209898600544	1	0	tensor(3, device='cuda:0')	1.8882515482506743
61334.17344783198	2000.0	409.7271597473441	101.57961771921742	0	0.0	743.900607579264	1	0	tensor(3, device='cuda:0')	1.2767785803934808
62200.0	2000.0	543.900607579315	0.0	0	247.3435646909711	743.900607579264	1	0	tensor(3, device='cuda:0')	1.8862562867087853
63200.0	2000.0	543.9006075793172	0.0	0	233.09433589997934	743.900607579264	1	0	tensor(3, device='cuda:0')	1.8862562867087853
64200.0	2000.0	543.9006075793179	0.0	0	227.27940238827432	743.900607579264	1	0	tensor(3, device='cuda:0')	1.8862562867087853
65200.0	2000.0	543.9006075793172	0.0	0	623.6502458571122	743.900607579264	1	0	tensor(3, device='cuda:0')	1.8862562867087853
66265.5814698214	2000.0	478.3191377579369	0.0	0	0.0	743.9006075792786	1	0	tensor(3, device='cuda:0')	1.8862562867087853
67200.0	2000.0	543.9006075793243	0.0	0	294.1165896365128	743.9006075792859	1	0	tensor(3, device='cuda:0')	1.8862562867087849
68200.0	2000.0	543.9006075793249	0.0	0	447.7061776693008	743.9006075793004	1	0	tensor(3, device='cuda:0')	1.8862562867087846
69200.0	2000.0	543.9006075793297	0.0	0	712.1335618844168	743.9006075793004	1	0	tensor(3, device='cuda:0')	1.8862562867087846
70200.0	3000.0	293.9006075793179	0.0	0	248.89354558048944	493.9006075793004	1	0	tensor(5, device='cuda:0')	0.8893034727419908
71273.11215926822	2000.0	472.47119473974146	251.68274642863355	0	0.0	745.5833540079184	1	0	tensor(3, device='cuda:0')	-0.5293400717508316
72200.0	2000.0	545.5833540079436	0.0	0	456.6817492582777	745.5833540079184	1	0	tensor(3, device='cuda:0')	1.8862215149291344
73200.0	2000.0	545.5833540079414	0.0	0	97.31220136447519	745.5833540079184	1	0	tensor(3, device='cuda:0')	1.8862215149291344
74200.0	2000.0	545.5833540079473	0.0	0	400.9120319275389	745.5833540079329	1	0	tensor(3, device='cuda:0')	1.8862215149291341
75200.0	2000.0	545.5833540079504	0.0	0	572.4847868415964	745.5833540079475	1	0	tensor(3, device='cuda:0')	1.886221514929134
76200.0	2000.0	545.5833540079424	0.0	0	376.03455947084876	745.5833540079475	1	0	tensor(3, device='cuda:0')	1.886221514929134
77200.0	2000.0	545.5833540079495	0.0	0	385.2223173474922	745.5833540079475	1	0	tensor(3, device='cuda:0')	1.886221514929134
78200.0	2000.0	545.5833540079461	0.0	0	575.1147542733815	745.5833540079475	1	0	tensor(3, device='cuda:0')	1.886221514929134
79200.0	3000.0	316.2210102129536	16.51012496401779	0	88.57201217033435	516.2210102129757	1	0	tensor(5, device='cuda:0')	0.7983568848094331
80200.0	2000.0	316.2210102129484	0.0	0	406.45186872401973	516.2210102129757	1	0	tensor(3, device='cuda:0')	0.9849996793349156
81200.0	2000.0	375.0737661721718	58.85275595923133	0	231.2901257370977	575.0737661722087	1	0	tensor(3, device='cuda:0')	1.5363496666760066
82200.0	2000.0	375.0737661721615	0.0	0	620.4160143228801	575.0737661722087	1	0	tensor(3, device='cuda:0')	1.8894662024313946
83200.0	2000.0	375.0737661721748	0.0	0	772.04934660875	575.0737661722233	1	0	tensor(3, device='cuda:0')	1.8894662024313946
84200.0	2000.0	125.0737661721688	0.0	0	654.8355704221613	325.07376617222326	1	0	tensor(5, device='cuda:0')	0.891863376209269
85200.0	2000.0	261.14234532291596	136.06857915074158	0	481.7461015708104	461.1423453229654	1	0	tensor(3, device='cuda:0')	0.5749365126851906
86200.0	2000.0	318.79099005576876	57.64864473285587	0	379.826106756198	518.7909900558152	1	0	tensor(3, device='cuda:0')	1.5445305188355416
87200.0	2000.0	392.21443760051085	73.42344754472737	0	170.18751641531708	592.2144376005454	1	0	tensor(3, device='cuda:0')	1.4486235576902025
88200.0	2000.0	392.2144376005101	0.0	0	490.1034039165679	592.2144376005454	1	0	tensor(3, device='cuda:0')	1.8891642429585667
89200.0	2000.0	392.21443760052034	0.0	0	493.24106563643727	592.2144376005454	1	0	tensor(3, device='cuda:0')	1.8891642429585667
90200.0	2000.0	392.2144376005198	0.0	0	199.39467000197328	592.2144376005454	1	0	tensor(3, device='cuda:0')	1.8891642429585667
91200.0	2000.0	392.2144376005108	0.0	0	419.0521807358891	592.2144376005308	1	0	tensor(3, device='cuda:0')	1.889164242958567
92200.0	2000.0	488.84808444719437	96.63364684667283	0	4.844602436001878	688.8480844471924	1	0	tensor(3, device='cuda:0')	1.3075606341850758
93200.0	2000.0	488.8480844471918	0.0	0	377.6850571961113	688.8480844471778	1	0	tensor(3, device='cuda:0')	1.887362515265113
94200.0	2000.0	488.84808444719954	0.0	0	364.9025330667064	688.8480844471778	1	0	tensor(3, device='cuda:0')	1.887362515265113
95200.0	2000.0	488.84808444719226	0.0	0	216.97660806456406	688.8480844471924	1	0	tensor(3, device='cuda:0')	1.8873625152651128
96200.0	2000.0	488.8480844471932	0.0	0	124.90092893982364	688.8480844471924	1	0	tensor(3, device='cuda:0')	1.8873625152651128
97200.0	2000.0	488.8480844471983	0.0	0	347.1035453007644	688.8480844471924	1	0	tensor(3, device='cuda:0')	1.8873625152651128
98200.0	2000.0	488.8480844471868	0.0	0	358.55781911549275	688.8480844471924	1	0	tensor(3, device='cuda:0')	1.8873625152651128
99200.0	2000.0	488.8480844471758	0.0	0	249.77003956388216	688.8480844471924	1	0	tensor(3, device='cuda:0')	1.8873625152651128
100200.0	2000.0	488.8480844471726	0.0	0	169.0006233836466	688.8480844471924	1	0	tensor(3, device='cuda:0')	1.8873625152651128
101200.0	2000.0	488.8480844471886	0.0	0	409.28892457489565	688.8480844471924	1	0	tensor(3, device='cuda:0')	1.8873625152651128
102200.0	2000.0	488.8480844471926	0.0	0	324.7906299017486	688.8480844471924	1	0	tensor(3, device='cuda:0')	1.8873625152651128
103200.0	2000.0	488.84808444718124	0.0	0	446.9363457792497	688.8480844471924	1	0	tensor(3, device='cuda:0')	1.8873625152651128
104200.0	2000.0	488.8480844471785	0.0	0	591.5262683760811	688.8480844472069	1	0	tensor(3, device='cuda:0')	1.8873625152651123
105200.0	2000.0	238.8480844471601	0.0	0	687.7720616593433	438.84808444720693	1	0	tensor(5, device='cuda:0')	0.8900459416365338
106200.0	2000.0	325.113930475719	86.26584602855712	0	295.5570940858888	525.1139304757671	1	0	tensor(3, device='cuda:0')	0.8727225323591574
107200.0	2000.0	325.1139304757203	0.0	0	523.6374140683474	525.1139304757671	1	0	tensor(3, device='cuda:0')	1.8903176085305002
108200.0	2000.0	325.1139304757055	0.0	0	413.55165104946354	525.1139304757671	1	0	tensor(3, device='cuda:0')	1.8903176085305002
109200.0	2000.0	452.2333685871439	127.11943811143789	0	9.89871617598692	652.2333685872	1	0	tensor(3, device='cuda:0')	1.1253489343966487
110200.0	2000.0	452.2333685871372	0.0	0	479.4761219258362	652.2333685872	1	0	tensor(3, device='cuda:0')	1.8880655630652758
111315.4298365657	2000.0	387.14361717537406	50.34008515394021	0	0.0	702.5734537411336	1	0	tensor(3, device='cuda:0')	1.5850518217263085
112224.67668923215	2000.0	527.7283604443367	49.83159593539892	0	0.0	752.4050496765267	1	0	tensor(3, device='cuda:0')	1.587090383133567
113200.0	2000.0	552.4050496764908	0.0	0	252.82363634300418	752.4050496765267	1	0	tensor(3, device='cuda:0')	1.8860799587459605
114200.0	2000.0	552.405049676503	0.0	0	224.5757807763148	752.4050496765267	1	0	tensor(3, device='cuda:0')	1.8860799587459605
115200.0	2000.0	552.4050496764994	0.0	0	291.71154652608675	752.4050496765412	1	0	tensor(3, device='cuda:0')	1.88607995874596
116200.0	2000.0	552.405049676492	0.0	0	457.3135944737878	752.4050496765412	1	0	tensor(3, device='cuda:0')	1.88607995874596
117200.0	2000.0	552.4050496764949	0.0	0	433.6588100289082	752.4050496765412	1	0	tensor(3, device='cuda:0')	1.88607995874596
118200.0	2000.0	302.4050496765098	0.0	0	502.2102554214507	502.4050496765558	1	0	tensor(5, device='cuda:0')	0.8889966742590542
119200.0	2000.0	302.40504967652987	0.0	0	511.7720382942498	502.4050496765558	1	0	tensor(3, device='cuda:0')	1.3906908839348322
120200.43509972957	2000.0	473.37413937597904	171.4041894290113	0	0.0	673.8092391055688	1	0	tensor(3, device='cuda:0')	0.8592292314430556
121200.0	2000.0	477.9648943850093	4.155655279458074	0	85.02807210110768	677.9648943850189	1	0	tensor(3, device='cuda:0')	1.862640223319783
122200.0	2000.0	477.96489438500384	0.0	0	552.5059858948371	677.9648943850189	1	0	tensor(3, device='cuda:0')	1.8875741549965315
123200.0	2000.0	477.9648943850027	0.0	0	229.07964829214325	677.9648943850189	1	0	tensor(3, device='cuda:0')	1.8875741549965315
124200.0	2000.0	477.9648943850003	0.0	0	607.0577000221529	677.9648943850189	1	0	tensor(3, device='cuda:0')	1.8875741549965315
125200.0	2000.0	477.96489438499543	0.0	0	170.75145472776785	677.9648943850043	1	0	tensor(3, device='cuda:0')	1.8875741549965317
126200.0	2000.0	477.96489438499407	0.0	0	100.26441219108528	677.9648943850043	1	0	tensor(3, device='cuda:0')	1.8875741549965317
127200.0	2000.0	477.96489438497645	0.0	0	63.811901973356726	677.9648943849897	1	0	tensor(3, device='cuda:0')	1.887574154996532
128200.0	2000.0	477.9648943849785	0.0	0	432.51301907190646	677.9648943849897	1	0	tensor(3, device='cuda:0')	1.887574154996532
129200.0	2000.0	477.96489438497906	0.0	0	338.62464992541936	677.9648943849897	1	0	tensor(3, device='cuda:0')	1.887574154996532
130200.0	2000.0	477.9648943849985	0.0	0	427.17576047909097	677.9648943850043	1	0	tensor(3, device='cuda:0')	1.8875741549965317
131200.0	2000.0	477.9648943850093	0.0	0	384.9197518280271	677.9648943850189	1	0	tensor(3, device='cuda:0')	1.8875741549965315
132200.0	2000.0	477.96489438502783	0.0	0	346.1889233356924	677.9648943850189	1	0	tensor(3, device='cuda:0')	1.8875741549965315
133200.0	2000.0	477.9648943850158	0.0	0	367.09505932717	677.9648943850189	1	0	tensor(3, device='cuda:0')	1.8875741549965315
134200.0	2000.0	477.9648943850059	0.0	0	656.6685757935629	677.9648943850189	1	0	tensor(3, device='cuda:0')	1.8875741549965315
135200.0	2000.0	477.9648943850025	0.0	0	132.48343329664203	677.9648943850189	1	0	tensor(3, device='cuda:0')	1.8875741549965315
136200.0	2000.0	477.9648943850233	0.0	0	545.6931397779554	677.9648943850189	1	0	tensor(3, device='cuda:0')	1.8875741549965315
137200.0	2000.0	477.96489438504943	0.0	0	457.2209177854238	677.9648943850189	1	0	tensor(3, device='cuda:0')	1.8875741549965315
138200.0	2000.0	227.96489438508058	0.0	0	392.752469638217	427.96489438504796	1	0	tensor(5, device='cuda:0')	0.8903070351713992
139200.0	2000.0	227.96489438509985	0.0	0	690.1776235866419	427.96489438504796	1	0	tensor(3, device='cuda:0')	1.3918571671627948
140200.0	2000.0	370.5061745406977	142.54128015560372	0	207.00266044490854	570.506174540642	1	0	tensor(3, device='cuda:0')	1.0342981247625795
141200.0	2000.0	370.50617454068924	0.0	0	467.04229566975846	570.506174540642	1	0	tensor(3, device='cuda:0')	1.8895458056962018
142200.0	2000.0	370.50617454067793	0.0	0	396.5693551642762	570.506174540642	1	0	tensor(3, device='cuda:0')	1.8895458056962018
143200.0	2000.0	370.50617454063456	0.0	0	515.3847609964723	570.506174540642	1	0	tensor(3, device='cuda:0')	1.8895458056962018
144200.0	2000.0	370.5061745406068	0.0	0	384.101980673091	570.5061745406128	1	0	tensor(3, device='cuda:0')	1.889545805696202
145282.5128421317	2000.0	400.7459195524415	112.75258714350593	0	0.0	683.2587616841483	1	0	tensor(3, device='cuda:0')	1.2109559699307422
146200.0	2000.0	483.2587616841489	0.0	0	108.92244522055262	683.2587616841483	1	0	tensor(3, device='cuda:0')	1.8874714927917777
147200.0	2000.0	483.2587616841595	0.0	0	317.65299998931005	683.2587616841483	1	0	tensor(3, device='cuda:0')	1.8874714927917777
148200.0	2000.0	483.25876168415937	0.0	0	310.0305775431916	683.2587616841483	1	0	tensor(3, device='cuda:0')	1.8874714927917777
149200.0	2000.0	483.258761684139	0.0	0	229.24378895253176	683.2587616841192	1	0	tensor(3, device='cuda:0')	1.8874714927917782
150200.0	2000.0	483.2587616841381	0.0	0	343.80277212680085	683.2587616841192	1	0	tensor(3, device='cuda:0')	1.8874714927917782
151200.0	2000.0	483.2587616841471	0.0	0	89.74554733297555	683.2587616841192	1	0	tensor(3, device='cuda:0')	1.8874714927917782
152200.0	2000.0	483.25876168414266	0.0	0	705.8631547908299	683.2587616841192	1	0	tensor(3, device='cuda:0')	1.8874714927917782
153200.0	2000.0	483.25876168410264	0.0	0	497.6088423959154	683.2587616841192	1	0	tensor(3, device='cuda:0')	1.8874714927917782
154200.0	2000.0	233.25876168410468	0.0	0	563.9280607557448	433.25876168414834	1	0	tensor(5, device='cuda:0')	0.8901688206831664
155200.0	2000.0	262.16549052234905	28.906728838237854	0	452.31049330095993	462.1654905223695	1	0	tensor(3, device='cuda:0')	1.2178916442020702
156291.20998792935	2000.0	476.7209535085583	305.7654509155641	0	0.0	767.930941437924	1	0	tensor(3, device='cuda:0')	0.0511614928536509
157200.0	2000.0	567.9309414379102	0.0	0	275.2418807303475	767.930941437924	1	0	tensor(3, device='cuda:0')	1.8857541983470356
158200.0	2000.0	567.9309414379375	0.0	0	540.1289082467847	767.930941437924	1	0	tensor(3, device='cuda:0')	1.8857541983470356
159200.0	2000.0	317.930941437958	0.0	0	353.8555492676678	517.9309414379823	1	0	tensor(5, device='cuda:0')	0.8887471757140275
160200.0	2000.0	376.76645186807275	58.83551043013506	0	209.68800903946976	576.7664518680831	1	0	tensor(3, device='cuda:0')	1.036423548342145
161200.0	2000.0	376.766451868088	0.0	0	221.05267804325558	576.766451868054	1	0	tensor(3, device='cuda:0')	1.8894366109229557
162200.0	2000.0	398.76593470260696	21.999482834543585	0	129.5317916154163	598.7659347025619	1	0	tensor(3, device='cuda:0')	1.7570505693410365
163543.534144509	2000.0	407.5390881340911	352.30729794049455	0	0.0	951.0732326430734	1	0	tensor(3, device='cuda:0')	-0.23233451666199234
164256.6287920225	2000.0	694.4444406205497	0.0	0	0.0	951.0732326430734	1	0	tensor(3, device='cuda:0')	1.881509235606087
165200.0	2000.0	751.0732326430841	0.0	0	363.9844401179871	951.0732326430734	1	0	tensor(3, device='cuda:0')	1.881509235606087
166200.0	2000.0	501.0732326430734	0.0	0	622.5024673859589	701.0732326430734	1	0	tensor(5, device='cuda:0')	0.8849877906519901
167200.0	3000.0	251.07323264308832	0.0	0	413.7284298403829	451.0732326430734	1	0	tensor(5, device='cuda:0')	1.3899185814661412
168200.0	2000.0	292.02745903763173	40.95422639455347	0	412.8924780058733	492.0274590376066	1	0	tensor(3, device='cuda:0')	0.7396682194656543
169200.0	2000.0	292.02745903762633	0.0	0	500.85360684333136	492.0274590375775	1	0	tensor(3, device='cuda:0')	1.8908586859411403
170200.0	2000.0	292.0274590376337	0.0	0	468.64627508140984	492.0274590376066	1	0	tensor(3, device='cuda:0')	1.8908586859411396
171200.0	2000.0	441.4528489941291	149.42538995647743	0	130.65825895499438	641.4528489940858	1	0	tensor(3, device='cuda:0')	0.9917154105628846
172200.0	2000.0	441.4528489941075	0.0	0	593.5473392894783	641.4528489940858	1	0	tensor(3, device='cuda:0')	1.888267750301749
173200.0	2000.0	441.4528489941023	0.0	0	423.66719718358945	641.4528489940858	1	0	tensor(3, device='cuda:0')	1.888267750301749
174200.0	2000.0	441.4528489941059	0.0	0	686.0235300620552	641.4528489940858	1	0	tensor(3, device='cuda:0')	1.888267750301749
175200.0	2000.0	441.4528489940965	0.0	0	567.9963847981417	641.4528489940858	1	0	tensor(3, device='cuda:0')	1.888267750301749
176200.0	2000.0	441.4528489941205	0.0	0	408.7076206773345	641.4528489940858	1	0	tensor(3, device='cuda:0')	1.888267750301749
177200.0	2000.0	441.4528489941074	0.0	0	424.116168627399	641.4528489940858	1	0	tensor(3, device='cuda:0')	1.888267750301749
178200.0	2000.0	441.45284899408716	0.0	0	53.18473083441495	641.4528489940858	1	0	tensor(3, device='cuda:0')	1.888267750301749
179200.0	2000.0	441.4528489940676	0.0	0	296.78974327573087	641.4528489940858	1	0	tensor(3, device='cuda:0')	1.888267750301749
180200.0	2000.0	441.45284899408387	0.0	0	590.323860240489	641.4528489940858	1	0	tensor(3, device='cuda:0')	1.888267750301749
181200.0	2000.0	441.45284899410683	0.0	0	588.4397494994337	641.4528489940858	1	0	tensor(3, device='cuda:0')	1.888267750301749
182200.0	2000.0	441.45284899409717	0.0	0	559.2258181733778	641.4528489940858	1	0	tensor(3, device='cuda:0')	1.888267750301749
183200.0	2000.0	441.4528489941297	0.0	0	153.8515590133029	641.4528489940858	1	0	tensor(3, device='cuda:0')	1.888267750301749
184306.854785356	2000.0	424.7734940724779	90.17543043433102	0	0.0	731.6282794284052	1	0	tensor(3, device='cuda:0')	1.3454555523019305
185200.0	2000.0	531.6282794284522	0.0	0	109.7306044488796	731.6282794283761	1	0	tensor(3, device='cuda:0')	1.8865081349079171
186200.0	2000.0	531.6282794284867	0.0	0	523.8247769421141	731.6282794284052	1	0	tensor(3, device='cuda:0')	1.8865081349079165
187200.0	2000.0	531.6282794284903	0.0	0	302.4259490845725	731.6282794284052	1	0	tensor(3, device='cuda:0')	1.8865081349079165
188200.0	2000.0	531.6282794284932	0.0	0	545.1923661681649	731.6282794284052	1	0	tensor(3, device='cuda:0')	1.8865081349079165
189298.66269742715	2000.0	432.9655820013326	0.0	0	0.0	731.6282794284052	1	0	tensor(3, device='cuda:0')	1.8865081349079165
190450.8761542187	2000.0	479.4341342709567	198.68200906120245	0	0.0	930.3102884896216	1	0	tensor(3, device='cuda:0')	0.6899379305747666
191200.0	2000.0	730.3102884896672	0.0	0	13.171598303248174	930.3102884895925	1	0	tensor(3, device='cuda:0')	1.882029984941982
192200.0	2000.0	730.310288489653	0.0	0	604.2562839708407	930.3102884895634	1	0	tensor(3, device='cuda:0')	1.8820299849419828
193200.0	3000.0	480.3102884896871	0.0	0	132.18679309028084	680.3102884895634	1	0	tensor(5, device='cuda:0')	0.8858219349187726
194200.0	2000.0	480.3102884896856	0.0	0	310.74652997098747	680.3102884895634	1	0	tensor(3, device='cuda:0')	0.9820636298353467
195200.0	2000.0	480.31028848969754	0.0	0	215.68868129732437	680.3102884895634	1	0	tensor(3, device='cuda:0')	1.8875287379435113
196200.0	2000.0	480.3102884896755	0.0	0	264.8827625573613	680.3102884895634	1	0	tensor(3, device='cuda:0')	1.8875287379435113
197200.0	2000.0	480.3102884896507	0.0	0	71.41367139772046	680.3102884895634	1	0	tensor(3, device='cuda:0')	1.8875287379435113
198200.0	2000.0	480.3102884896334	0.0	0	371.99698085006094	680.3102884895634	1	0	tensor(3, device='cuda:0')	1.8875287379435113
199200.0	2000.0	480.3102884896198	0.0	0	490.7345913807221	680.3102884895634	1	0	tensor(3, device='cuda:0')	1.8875287379435113
200200.0	2000.0	480.3102884895968	0.0	0	315.21971336755087	680.3102884895634	1	0	tensor(3, device='cuda:0')	1.8875287379435113
201200.0	2000.0	480.3102884896118	0.0	0	456.8529429638875	680.3102884895925	1	0	tensor(3, device='cuda:0')	1.8875287379435108
202200.0	2000.0	480.3102884895958	0.0	0	352.2081814884732	680.3102884895925	1	0	tensor(3, device='cuda:0')	1.8875287379435108
203200.0	2000.0	480.3102884895892	0.0	0	490.75906014160137	680.3102884895925	1	0	tensor(3, device='cuda:0')	1.8875287379435108
204200.0	2000.0	480.31028848958863	0.0	0	295.6086457557685	680.3102884895925	1	0	tensor(3, device='cuda:0')	1.8875287379435108
205200.0	2000.0	480.31028848961	0.0	0	108.55504193701199	680.3102884895925	1	0	tensor(3, device='cuda:0')	1.8875287379435108
206200.0	2000.0	480.3102884896032	0.0	0	367.15678018069593	680.3102884895925	1	0	tensor(3, device='cuda:0')	1.8875287379435108
207200.0	2000.0	480.3102884895834	0.0	0	357.6815584463184	680.3102884895925	1	0	tensor(3, device='cuda:0')	1.8875287379435108
208200.0	2000.0	480.31028848958374	0.0	0	56.117346632498084	680.3102884895925	1	0	tensor(3, device='cuda:0')	1.8875287379435108
209200.0	2000.0	480.31028848957374	0.0	0	411.6735413483402	680.3102884896216	1	0	tensor(3, device='cuda:0')	1.8875287379435102
210200.0	2000.0	480.31028848955907	0.0	0	607.1924765106523	680.3102884896216	1	0	tensor(3, device='cuda:0')	1.8875287379435102
211200.0	2000.0	480.3102884895485	0.0	0	377.7470490077685	680.3102884896216	1	0	tensor(3, device='cuda:0')	1.8875287379435102
212200.0	2000.0	480.3102884895686	0.0	0	488.46288985811407	680.3102884896507	1	0	tensor(3, device='cuda:0')	1.8875287379435095
213200.0	2000.0	230.3102884895573	0.0	0	382.20144069445087	430.3102884896216	1	0	tensor(5, device='cuda:0')	0.890298421637465
214200.0	2000.0	352.3601106257059	122.04982213616609	0	263.5827695625485	552.3601106257702	1	0	tensor(3, device='cuda:0')	0.6575595831901861
215200.0	2000.0	352.36011062568633	0.0	0	551.4101935481012	552.3601106257702	1	0	tensor(3, device='cuda:0')	1.8898585160071826
216200.0	2000.0	356.63342197738575	4.273311351682878	0	215.29169815630303	556.633421977458	1	0	tensor(3, device='cuda:0')	1.864145511700986
217200.0	2000.0	356.63342197737506	0.0	0	489.19977160493727	556.633421977429	1	0	tensor(3, device='cuda:0')	1.889785379811084
218200.0	2000.0	356.6334219773457	0.0	0	380.78184108552523	556.633421977458	1	0	tensor(3, device='cuda:0')	1.8897853798110833
219232.43130973494	2000.0	475.8683484239183	151.66623618151777	0	0.0	708.2996581589687	1	0	tensor(3, device='cuda:0')	0.9769811058418514
220200.0	2000.0	508.2996581588825	0.0	0	188.2427202424442	708.2996581589978	1	0	tensor(3, device='cuda:0')	1.8869785229309577
221200.0	2000.0	508.2996581588601	0.0	0	583.6527206280443	708.2996581589978	1	0	tensor(3, device='cuda:0')	1.8869785229309577
222200.0	2000.0	508.2996581588643	0.0	0	464.751849475957	708.2996581589978	1	0	tensor(3, device='cuda:0')	1.8869785229309577
223200.0	2000.0	258.2996581588609	0.0	0	411.45527646661503	458.2996581589978	1	0	tensor(5, device='cuda:0')	0.8898065332799692
224200.0	2000.0	258.29965815884566	0.0	0	596.9549403137644	458.29965815896867	1	0	tensor(3, device='cuda:0')	1.391392274327708
225200.0	2000.0	258.2996581588593	0.0	0	684.1520375370746	458.29965815896867	1	0	tensor(3, device='cuda:0')	1.891392274327708
226200.0	2000.0	258.29965815888113	0.0	0	510.23157444025856	458.29965815893956	1	0	tensor(3, device='cuda:0')	1.8913922743277087
227200.0	2000.0	384.88758129923036	126.58792314034696	0	116.30521070631221	584.8875812992919	1	0	tensor(3, device='cuda:0')	1.129766406039413
228200.0	2000.0	384.8875812992135	0.0	0	404.8251642003306	584.887581299321	1	0	tensor(3, device='cuda:0')	1.889293944881494
229200.0	2000.0	384.8875812992169	0.0	0	590.1732111439924	584.887581299321	1	0	tensor(3, device='cuda:0')	1.889293944881494
230200.0	2000.0	384.8875812992462	0.0	0	708.567835342983	584.887581299321	1	0	tensor(3, device='cuda:0')	1.889293944881494
231200.0	2000.0	384.8875812992486	0.0	0	461.1197550947254	584.887581299321	1	0	tensor(3, device='cuda:0')	1.889293944881494
232200.0	2000.0	384.88758129926543	0.0	0	146.32388238460408	584.887581299321	1	0	tensor(3, device='cuda:0')	1.889293944881494
233200.0	2000.0	384.8875812992641	0.0	0	377.04754057119135	584.887581299321	1	0	tensor(3, device='cuda:0')	1.889293944881494
234200.0	2000.0	384.88758129925714	0.0	0	529.9347418753605	584.887581299321	1	0	tensor(3, device='cuda:0')	1.889293944881494
235200.0	2000.0	387.88035471103694	2.992773411780263	0	209.6257475685852	587.8803547110874	1	0	tensor(3, device='cuda:0')	1.8712844393161705
236200.0	2000.0	387.88035471102654	0.0	0	356.1569039792521	587.8803547110583	1	0	tensor(3, device='cuda:0')	1.8892410797868529
237200.0	2000.0	387.88035471103785	0.0	0	622.7926817925763	587.8803547110583	1	0	tensor(3, device='cuda:0')	1.8892410797868529
238200.0	2000.0	387.8803547110481	0.0	0	655.89035038976	587.8803547110583	1	0	tensor(3, device='cuda:0')	1.8892410797868529
239200.0	2000.0	387.8803547110323	0.0	0	694.7256416854798	587.8803547110583	1	0	tensor(3, device='cuda:0')	1.8892410797868529
240200.0	2000.0	387.8803547110066	0.0	0	696.5077482716588	587.8803547110583	1	0	tensor(3, device='cuda:0')	1.8892410797868529
241200.0	2000.0	387.8803547109906	0.0	0	424.0175017687725	587.8803547110292	1	0	tensor(3, device='cuda:0')	1.8892410797868533
242200.0	2000.0	387.88035471097317	0.0	0	441.55037112813443	587.8803547110001	1	0	tensor(3, device='cuda:0')	1.889241079786854
243200.0	2000.0	387.8803547109808	0.0	0	373.82399928587256	587.8803547110292	1	0	tensor(3, device='cuda:0')	1.8892410797868533
244200.0	2000.0	387.88035471096623	0.0	0	605.4638602280756	587.8803547110292	1	0	tensor(3, device='cuda:0')	1.8892410797868533
245200.0	2000.0	387.8803547109734	0.0	0	394.2563917932566	587.8803547110292	1	0	tensor(3, device='cuda:0')	1.8892410797868533
246200.0	2000.0	414.82953101430064	26.949176303346178	0	147.54016851310735	614.8295310143731	1	0	tensor(3, device='cuda:0')	1.7270628552581497
247200.0	2000.0	414.8295310143119	0.0	0	597.6933983832714	614.829531014344	1	0	tensor(3, device='cuda:0')	1.8887579130782273
248200.0	2000.0	414.8295310143144	0.0	0	616.6213546039362	614.829531014344	1	0	tensor(3, device='cuda:0')	1.8887579130782273
249200.0	2000.0	414.8295310142937	0.0	0	419.52168270849506	614.829531014344	1	0	tensor(3, device='cuda:0')	1.8887579130782273
250200.0	2000.0	414.82953101428063	0.0	0	118.39246948514483	614.829531014344	1	0	tensor(3, device='cuda:0')	1.8887579130782273
251200.0	2000.0	414.82953101432963	0.0	0	262.43822099576937	614.8295310143731	1	0	tensor(3, device='cuda:0')	1.8887579130782268
252200.0	2000.0	414.82953101432827	0.0	0	560.2373301087355	614.8295310143731	1	0	tensor(3, device='cuda:0')	1.8887579130782268
253200.0	2000.0	414.8295310143044	0.0	0	538.3062874057214	614.8295310143731	1	0	tensor(3, device='cuda:0')	1.8887579130782268
254200.0	2000.0	414.8295310143087	0.0	0	371.5739039510081	614.8295310143731	1	0	tensor(3, device='cuda:0')	1.8887579130782268
255200.0	2000.0	414.8295310143269	0.0	0	233.96707879495807	614.8295310143731	1	0	tensor(3, device='cuda:0')	1.8887579130782268
256200.0	2000.0	414.82953101436	0.0	0	481.6604949491448	614.8295310144022	1	0	tensor(3, device='cuda:0')	1.8887579130782262
257200.0	2000.0	414.8295310143819	0.0	0	427.38334495021263	614.8295310144022	1	0	tensor(3, device='cuda:0')	1.8887579130782262
258200.0	2000.0	414.82953101437784	0.0	0	513.805471217609	614.8295310144022	1	0	tensor(3, device='cuda:0')	1.8887579130782262
259200.0	2000.0	414.82953101436806	0.0	0	244.72237406636123	614.8295310144022	1	0	tensor(3, device='cuda:0')	1.8887579130782262
260200.0	2000.0	414.82953101438716	0.0	0	483.7469990022073	614.8295310144313	1	0	tensor(3, device='cuda:0')	1.8887579130782255
261200.0	2000.0	414.82953101437533	0.0	0	210.1169350935379	614.8295310144313	1	0	tensor(3, device='cuda:0')	1.8887579130782255
262200.0	2000.0	414.829531014399	0.0	0	441.57320078052	614.8295310144313	1	0	tensor(3, device='cuda:0')	1.8887579130782255
263200.0	2000.0	414.8295310143627	0.0	0	416.01842474821024	614.8295310144313	1	0	tensor(3, device='cuda:0')	1.888757913078226
264200.0	2000.0	414.8295310144482	0.0	0	528.1537595784757	614.8295310144313	1	0	tensor(3, device='cuda:0')	1.8887579130782255
265200.0	2000.0	210.6853340649609	36.684642440480104	0	190.38335688918596	410.68533406499773	1	0	tensor(5, device='cuda:0')	0.6889707088572841
266200.0	2000.0	417.71012345650684	207.02478939153156	0	200.7004985670792	617.7101234564907	1	0	tensor(3, device='cuda:0')	0.1465567636865024
267200.0	2000.0	417.7101234565797	0.0	0	334.85075453144964	617.7101234565489	1	0	tensor(3, device='cuda:0')	1.888705500035691
268200.0	2000.0	417.71012345659017	0.0	0	575.0167192770168	617.7101234565489	1	0	tensor(3, device='cuda:0')	1.888705500035691
269200.0	2000.0	417.71012345656845	0.0	0	530.5887962197885	617.7101234565489	1	0	tensor(3, device='cuda:0')	1.888705500035691
270200.0	2000.0	417.71012345662393	0.0	0	567.2589849904762	617.7101234565489	1	0	tensor(3, device='cuda:0')	1.888705500035691
271200.0	2000.0	417.7101234566419	0.0	0	615.1003702681046	617.7101234565489	1	0	tensor(3, device='cuda:0')	1.888705500035691
272200.0	2000.0	417.7101234565645	0.0	0	229.1453274054802	617.7101234565489	1	0	tensor(3, device='cuda:0')	1.888705500035691
273200.0	2000.0	417.7101234566446	0.0	0	423.75808205647627	617.7101234565489	1	0	tensor(3, device='cuda:0')	1.888705500035691
274200.0	2000.0	417.7101234566587	0.0	0	444.7698709575343	617.7101234565489	1	0	tensor(3, device='cuda:0')	1.888705500035691
275200.0	2000.0	417.71012345655413	0.0	0	236.0384400251205	617.7101234565489	1	0	tensor(3, device='cuda:0')	1.888705500035691
276200.0	2000.0	417.71012345655686	0.0	0	471.14127149496926	617.7101234564907	1	0	tensor(3, device='cuda:0')	1.8887055000356918
277200.0	2000.0	417.7101234565655	0.0	0	124.886549721763	617.7101234564907	1	0	tensor(3, device='cuda:0')	1.8887055000356918
278200.0	2000.0	417.7101234565878	0.0	0	212.04836932983017	617.7101234564907	1	0	tensor(3, device='cuda:0')	1.8887055000356918
279200.0	2000.0	417.710123456553	0.0	0	528.9803341262741	617.7101234564907	1	0	tensor(3, device='cuda:0')	1.8887055000356918
280200.0	2000.0	417.7101234564875	0.0	0	563.7856362349121	617.7101234564907	1	0	tensor(3, device='cuda:0')	1.8887055000356918
281200.0	2000.0	417.7101234565341	0.0	0	384.0837985746912	617.7101234564907	1	0	tensor(3, device='cuda:0')	1.8887055000356918
282200.0	2000.0	417.7101234564939	0.0	0	294.11890293617034	617.7101234564907	1	0	tensor(3, device='cuda:0')	1.8887055000356918
283200.0	2000.0	445.1292643395034	27.419140882989893	0	147.45420254359487	645.1292643394554	1	0	tensor(3, device='cuda:0')	1.7236841967867225
284200.0	2000.0	445.1292643394945	0.0	0	487.24282580736326	645.1292643394554	1	0	tensor(3, device='cuda:0')	1.8881990420846617
285200.0	2000.0	445.1292643394952	0.0	0	572.4369397222181	645.1292643394554	1	0	tensor(3, device='cuda:0')	1.8881990420846617
286200.0	2000.0	445.12926433945916	0.0	0	119.04717860685196	645.1292643394554	1	0	tensor(3, device='cuda:0')	1.8881990420846617
287376.92593201186	2000.0	374.89358397766705	106.69025165003194	0	0.0	751.8195159894531	1	0	tensor(3, device='cuda:0')	1.2459506367097677
288238.49897686037	2000.0	554.3750552015636	41.05451607241929	0	0.0	792.8740320618963	1	0	tensor(3, device='cuda:0')	1.6388931615146278
289200.0	2000.0	592.8740320619852	0.0	0	596.4463992179371	792.8740320618963	1	0	tensor(3, device='cuda:0')	1.8852202579491433
290200.0	2000.0	592.8740320620386	0.0	0	440.9208525905851	792.8740320618963	1	0	tensor(3, device='cuda:0')	1.8852202579491433
291200.0	2000.0	342.8740320620716	0.0	0	594.5068778347922	542.8740320618963	1	0	tensor(5, device='cuda:0')	0.8881949239771929
292200.0	2000.0	342.8740320620565	0.0	0	439.39262639312074	542.8740320618963	1	0	tensor(3, device='cuda:0')	1.390019763730195
293200.0	2000.0	359.27546099982686	16.401428937727076	0	272.71942704328103	559.2754609996337	1	0	tensor(3, device='cuda:0')	1.7913314333845745
294200.0	2000.0	359.27546099988376	0.0	0	589.0968548794626	559.2754609996337	1	0	tensor(3, device='cuda:0')	1.889740007010937
295200.0	2000.0	359.27546099990957	0.0	0	381.13223017408745	559.2754609996337	1	0	tensor(3, device='cuda:0')	1.889740007010937
296200.0	2000.0	359.2754609998973	0.0	0	463.29348794789985	559.2754609996337	1	0	tensor(3, device='cuda:0')	1.889740007010937
297200.0	2000.0	359.2754609998987	0.0	0	546.8363737394102	559.2754609996919	1	0	tensor(3, device='cuda:0')	1.889740007010936
298200.0	2000.0	359.27546099988973	0.0	0	462.3399516766076	559.2754609996919	1	0	tensor(3, device='cuda:0')	1.889740007010936
299200.0	2000.0	359.2754609998468	0.0	0	559.9167678587837	559.2754609996919	1	0	tensor(3, device='cuda:0')	1.889740007010936
300200.0	2000.0	359.2754609998154	0.0	0	401.93778546719113	559.2754609996919	1	0	tensor(3, device='cuda:0')	1.889740007010936
2.14	3.22	2.51	3.83	4.3	2.35	3.39	2.97	1.83	2.71	2.79	4.38	3.16	3.6	4.98	4.14	4.61	3.78	4.26	6.48	6.79	4.92	2.97	3.37	3.57	3.85	1.8	4.02	3.89	4.68	5.94	4.89	7.59	5.15	4.1	3.78	4.25	3.16	2.51	4.66	3.58	3.73	5.32	3.75	4.98	2.44	6.06	3.49	3.35	4.15	4.27	3.97	3.16	2.37	3.58	4.26	5.87	3.53	2.15	4.18	3.51	2.63	4.87	2.26	3.35	4.45	6.85	3.12	2.57	5.27	2.8	3.27	4.02	3.02	3.76	6.2	4.6	3.65	3.26	7.9	9.2	5.4	3.93	3.43	3.23	3.36	3.52	2.76	3.72	2.81	3.71	3.64	3.41	2.83	3.83	3.72	2.87	3.12	2.63	2.95	4.51	5.48	6.71	3.19	4.17	2.54	2.14	4.17	2.14	2.78	2.58	2.85	2.98	4.51	4.47	3.64	3.26	2.36	2.83	6.22	3.0	4.67	3.01	2.93	2.46	3.0	3.0	2.86	4.09	3.24	4.33	4.85	2.69	4.19	4.96	3.24	5.64	3.27	3.83	3.78	4.89	3.22	2.14	3.16	2.86	2.27	2.87	4.33	2.91	6.48	5.1	4.9	3.3	2.54	4.14	4.99	2.22	2.87	2.99	2.71	1.75	3.3	3.96	5.86	4.99	4.68	4.21	2.83	2.79	4.14	4.04	6.58	4.62	2.91	4.22	2.84	3.06	3.98	4.98	5.58	2.73	2.06	3.49	3.35	3.83	4.23	2.2	2.0	3.82	4.84	2.65	3.21	3.28	2.93	2.69	3.74	3.41	3.78	4.0	3.74	3.13	2.99	2.75	4.03	3.34	2.47	2.81	4.24	3.63	5.5	4.54	2.62	4.59	3.26	5.27	2.58	2.34	2.9	4.4	4.77	3.07	4.53	7.73	4.93	2.42	3.78	6.04	5.88	3.45	2.69	3.51	3.57	3.27	3.24	4.78	5.42	6.29	5.92	3.23	4.56	3.37	4.46	3.29	2.92	4.38	4.18	4.63	3.07	3.06	5.09	4.46	3.12	2.83	3.57	4.44	4.44	2.63	3.14	1.97	4.18	4.63	6.1	3.22	2.68	3.27	5.03	5.12	4.31	4.03	2.49	4.75	3.89	3.02	3.06	3.24	3.59	3.45	4.54	3.1	3.38	3.04	3.39	4.48	2.49	1.45	2.13	5.12	4.77	4.4	3.83	3.46	5.87	3.88	3.3	6.19	4.32	4.55	2.66	3.52
748.0	749.0	750.0	751.0	752.0	753.0	754.0	755.0	756.0	757.0	758.0	759.0	760.0	761.0	762.0	763.0	764.0	765.0	766.0	767.0	768.0	769.0	770.0	771.0	772.0	773.0	774.0	775.0	776.0	777.0	778.0	779.0	780.0	781.0	782.0	783.0	784.0	785.0	786.0	787.0	788.0	789.0	790.0	791.0	792.0	793.0	794.0	795.0	796.0	797.0	798.0	799.0	800.0	801.0	802.0	803.0	804.0	805.0	806.0	807.0	808.0	809.0	810.0	811.0	812.0	813.0	814.0	815.0	816.0	817.0	818.0	819.0	820.0	821.0	822.0	823.0	824.0	825.0	826.0	827.0	828.0	829.0	830.0	831.0	832.0	833.0	834.0	835.0	836.0	837.0	838.0	839.0	840.0	841.0	842.0	843.0	844.0	845.0	846.0	847.0	848.0	849.0	850.0	851.0	852.0	853.0	854.0	855.0	856.0	857.0	858.0	859.0	860.0	861.0	862.0	863.0	864.0	865.0	866.0	867.0	868.0	869.0	870.0	871.0	872.0	873.0	874.0	875.0	876.0	877.0	878.0	879.0	880.0	881.0	882.0	883.0	884.0	885.0	886.0	887.0	888.0	889.0	890.0	891.0	892.0	893.0	894.0	895.0	896.0	897.0	898.0	899.0	900.0	901.0	902.0	903.0	904.0	905.0	906.0	907.0	908.0	909.0	910.0	911.0	912.0	913.0	914.0	915.0	916.0	917.0	918.0	919.0	920.0	921.0	922.0	923.0	924.0	925.0	926.0	927.0	928.0	929.0	930.0	931.0	932.0	933.0	934.0	935.0	936.0	937.0	938.0	939.0	940.0	941.0	942.0	943.0	944.0	945.0	946.0	947.0	948.0	949.0	950.0	951.0	952.0	953.0	954.0	955.0	956.0	957.0	958.0	959.0	960.0	961.0	962.0	963.0	964.0	965.0	966.0	967.0	968.0	969.0	970.0	971.0	972.0	973.0	974.0	975.0	976.0	977.0	978.0	979.0	980.0	981.0	982.0	983.0	984.0	985.0	986.0	987.0	988.0	989.0	990.0	991.0	992.0	993.0	994.0	995.0	996.0	997.0	998.0	999.0	1000.0	1001.0	1002.0	1003.0	1004.0	1005.0	1006.0	1007.0	1008.0	1009.0	1010.0	1011.0	1012.0	1013.0	1014.0	1015.0	1016.0	1017.0	1018.0	1019.0	1020.0	1021.0	1022.0	1023.0	1024.0	1025.0	1026.0	1027.0	1028.0	1029.0	1030.0	1031.0	1032.0	1033.0	1034.0	1035.0	1036.0	1037.0	1038.0	1039.0	1040.0	1041.0	1042.0	1043.0	1044.0	1045.0	1046.0
2274.0
