5437.6924962274	3000.0	2000.0	229.8107210768477	0	0.0	5437.6924962274	1	0	tensor(5, device='cuda:0')	-3.2703731304648684
5716.889187690449	3000.0	2651.0041356711877	0.0	0	0.0	5367.893323361636	1	0	tensor(5, device='cuda:0')	0.769944467575433
6012.671574877145	3000.0	3281.2761516878177	0.0	0	0.0	5293.947726564963	1	0	tensor(5, device='cuda:0')	0.8278961638865463
6277.760806001579	3000.0	3949.914612782274	0.0	0	0.0	5227.675418783853	1	0	tensor(5, device='cuda:0')	0.9044654668929742
6528.567549242408	3000.0	4636.406183731237	0.0	0	0.0	5164.973732973646	1	0	tensor(5, device='cuda:0')	0.9645818858108367
7200.0	3000.0	4797.115620284247	0.0	0	376.43174680239827	4997.1156202842485	1	0	tensor(5, device='cuda:0')	0.8384218834294428
8200.0	3000.0	4547.115620284247	0.0	0	681.5761532681336	4747.1156202842485	1	0	tensor(5, device='cuda:0')	0.8516773335176935
9200.0	3000.0	4297.115620284247	0.0	0	605.6029448501558	4497.1156202842485	1	0	tensor(5, device='cuda:0')	1.022515073255036
10200.0	3000.0	4047.115620284246	0.0	0	463.7370173251511	4247.115620284248	1	0	tensor(5, device='cuda:0')	1.1704968611972084
11200.0	3000.0	3797.1156202842467	0.0	0	366.9130686873341	3997.1156202842485	1	0	tensor(5, device='cuda:0')	1.2953061265994528
12200.0	3000.0	3547.115620284246	0.0	0	344.3690857712045	3747.1156202842467	1	0	tensor(5, device='cuda:0')	1.3976949366957523
13200.0	3000.0	3297.115620284246	0.0	0	542.5697968165605	3497.1156202842467	1	0	tensor(5, device='cuda:0')	1.4807952801571354
14200.0	3000.0	3047.115620284247	0.0	0	574.6045107149366	3247.1156202842503	1	0	tensor(5, device='cuda:0')	1.5487727783105951
15200.0	3000.0	2797.1156202842485	0.0	0	582.2554297708411	2997.115620284254	1	0	tensor(5, device='cuda:0')	1.604102551425422
16200.0	3000.0	2547.115620284247	0.0	0	708.4870843615845	2747.115620284252	1	0	tensor(5, device='cuda:0')	1.6482035683551968
17200.0	3000.0	2297.1156202842462	0.0	0	632.4467848241075	2497.1156202842503	1	0	tensor(5, device='cuda:0')	1.6833620807018461
18200.0	3000.0	2047.1156202842467	0.0	0	716.1870635036576	2247.1156202842485	1	0	tensor(5, device='cuda:0')	1.7111953449424877
19200.0	3000.0	1797.1156202842476	0.0	0	824.9009926664803	1997.115620284254	1	0	tensor(5, device='cuda:0')	1.7331520620410692
20200.0	3000.0	1547.1156202842426	0.0	0	713.0707081510154	1747.115620284254	1	0	tensor(5, device='cuda:0')	1.7504248616024944
21200.0	3000.0	1297.115620284244	0.0	0	607.8354732592197	1497.1156202842576	1	0	tensor(5, device='cuda:0')	1.7639832287399542
22200.0	3000.0	1047.1156202842403	0.0	0	637.8672105773294	1247.1156202842467	1	0	tensor(5, device='cuda:0')	1.7746076566055442
23200.0	3000.0	797.1156202842417	0.0	0	665.1513660171477	997.115620284254	1	0	tensor(5, device='cuda:0')	1.7829218207814268
24200.0	3000.0	547.1156202842377	0.0	0	729.2643596868002	747.1156202842467	1	0	tensor(5, device='cuda:0')	1.7894212266002134
25200.0	3000.0	297.11562028423924	0.0	0	605.542970778999	497.1156202842467	1	0	tensor(5, device='cuda:0')	1.794498514463858
26200.0	3000.0	47.115620284240464	0.0	0	561.9003843539103	247.1156202842467	1	0	tensor(5, device='cuda:0')	1.7984758108767385
27200.0	2000.0	160.95998861827934	113.84436833403868	0	696.1293577682372	360.95998861828775	1	0	tensor(3, device='cuda:0')	0.3043044456334272
28200.0	2000.0	160.95998861827826	0.0	0	829.60516156214	360.9599886182914	1	0	tensor(3, device='cuda:0')	1.8928357637458237
29200.0	2000.0	160.9599886182785	0.0	0	789.6831995189859	360.9599886182914	1	0	tensor(3, device='cuda:0')	1.8928357637458237
30200.0	2000.0	160.95998861828053	0.0	0	731.967484430781	360.9599886182914	1	0	tensor(3, device='cuda:0')	1.8928357637458237
31200.0	2000.0	203.41469148986084	42.45470287158152	0	614.930712668338	403.4146914898738	1	0	tensor(3, device='cuda:0')	1.6374950788481883
32200.0	2000.0	203.41469148985698	0.0	0	737.738728197317	403.4146914898738	1	0	tensor(3, device='cuda:0')	1.8922232960776775
33200.0	2000.0	203.41469148985698	0.0	0	785.8304854270864	403.4146914898738	1	0	tensor(3, device='cuda:0')	1.8922232960776777
34200.0	2000.0	203.41469148985868	0.0	0	709.8316730144434	403.4146914898665	1	0	tensor(3, device='cuda:0')	1.8922232960776777
35200.0	2000.0	203.41469148985982	0.0	0	677.3037301770455	403.4146914898665	1	0	tensor(3, device='cuda:0')	1.8922232960776777
36200.0	2000.0	203.4146914898571	0.0	0	712.0645170103307	403.4146914898665	1	0	tensor(3, device='cuda:0')	1.8922232960776777
37200.0	2000.0	203.41469148985954	0.0	0	774.1122800029698	403.4146914898665	1	0	tensor(3, device='cuda:0')	1.8922232960776777
38200.0	2000.0	203.41469148986243	0.0	0	800.9030646489773	403.4146914898665	1	0	tensor(3, device='cuda:0')	1.8922232960776777
39200.0	2000.0	203.41469148986516	0.0	0	670.8193233475613	403.4146914898665	1	0	tensor(3, device='cuda:0')	1.8922232960776777
40200.0	2000.0	203.4146914898589	0.0	0	797.0663874781385	403.4146914898665	1	0	tensor(3, device='cuda:0')	1.8922232960776777
41200.0	2000.0	203.4146914898563	0.0	0	792.9927462484848	403.4146914898665	1	0	tensor(3, device='cuda:0')	1.8922232960776777
42200.0	2000.0	203.4146914898563	0.0	0	726.4762129158553	403.4146914898665	1	0	tensor(3, device='cuda:0')	1.8922232960776777
43200.0	2000.0	203.4146914898604	0.0	0	810.4462078740107	403.4146914898665	1	0	tensor(3, device='cuda:0')	1.8922232960776777
44200.0	2000.0	203.4146914898604	0.0	0	785.6901113443819	403.4146914898738	1	0	tensor(3, device='cuda:0')	1.8922232960776775
45200.0	2000.0	203.41469148985243	0.0	0	788.2829331656103	403.4146914898665	1	0	tensor(3, device='cuda:0')	1.8922232960776777
46200.0	2000.0	203.41469148985004	0.0	0	638.6763168463076	403.4146914898665	1	0	tensor(3, device='cuda:0')	1.8922232960776777
47200.0	2000.0	203.41469148985902	0.0	0	724.5562222513254	403.4146914898738	1	0	tensor(3, device='cuda:0')	1.8922232960776775
48200.0	2000.0	203.41469148986283	0.0	0	694.3884078344272	403.4146914898811	1	0	tensor(3, device='cuda:0')	1.8922232960776775
49200.0	2000.0	203.41469148986062	0.0	0	721.7006371491225	403.4146914898738	1	0	tensor(3, device='cuda:0')	1.8922232960776775
50200.0	2000.0	203.4146914898571	0.0	0	674.6857687137308	403.4146914898738	1	0	tensor(3, device='cuda:0')	1.8922232960776775
51200.0	2000.0	203.4146914898647	0.0	0	721.498421074335	403.4146914898811	1	0	tensor(3, device='cuda:0')	1.8922232960776775
52200.0	2000.0	203.41469148986334	0.0	0	841.8788403567378	403.4146914898811	1	0	tensor(3, device='cuda:0')	1.8922232960776775
53200.0	2000.0	203.41469148985544	0.0	0	776.7226096848899	403.41469148988836	1	0	tensor(3, device='cuda:0')	1.8922232960776775
54200.0	2000.0	203.41469148985402	0.0	0	756.7419632147066	403.41469148988836	1	0	tensor(3, device='cuda:0')	1.8922232960776775
55200.0	2000.0	203.41469148985163	0.0	0	650.3164680528862	403.41469148988836	1	0	tensor(3, device='cuda:0')	1.8922232960776775
56200.0	2000.0	203.41469148985124	0.0	0	730.037360491413	403.41469148988836	1	0	tensor(3, device='cuda:0')	1.8922232960776775
57200.0	2000.0	203.41469148986113	0.0	0	754.8155061796278	403.41469148988836	1	0	tensor(3, device='cuda:0')	1.8922232960776775
58200.0	2000.0	203.4146914898629	0.0	0	779.0210968384708	403.41469148988836	1	0	tensor(3, device='cuda:0')	1.8922232960776775
59200.0	2000.0	203.41469148985118	0.0	0	756.4192201472106	403.41469148988836	1	0	tensor(3, device='cuda:0')	1.8922232960776775
60200.0	2000.0	203.41469148985755	0.0	0	822.7431952975094	403.41469148988836	1	0	tensor(3, device='cuda:0')	1.8922232960776775
61200.0	2000.0	203.41469148985414	0.0	0	781.8865518636594	403.41469148989563	1	0	tensor(3, device='cuda:0')	1.8922232960776773
62200.0	2000.0	203.4146914898534	0.0	0	756.2903290086178	403.41469148989563	1	0	tensor(3, device='cuda:0')	1.8922232960776773
63200.0	2000.0	203.41469148984578	0.0	0	819.6680164796708	403.41469148989563	1	0	tensor(3, device='cuda:0')	1.8922232960776773
64200.0	2000.0	203.41469148984459	0.0	0	832.005460430104	403.41469148989563	1	0	tensor(3, device='cuda:0')	1.8922232960776773
65200.0	2000.0	203.41469148984697	0.0	0	775.4888172244755	403.41469148989563	1	0	tensor(3, device='cuda:0')	1.8922232960776773
66200.0	2000.0	203.41469148985271	0.0	0	769.9405302093073	403.41469148988836	1	0	tensor(3, device='cuda:0')	1.8922232960776775
67200.0	2000.0	203.4146914898447	0.0	0	815.2411365153821	403.41469148988836	1	0	tensor(3, device='cuda:0')	1.8922232960776775
68200.0	2000.0	203.41469148983924	0.0	0	853.9342402800685	403.4146914898738	1	0	tensor(3, device='cuda:0')	1.8922232960776775
69200.0	2000.0	203.41469148983475	0.0	0	763.1261421662639	403.4146914898738	1	0	tensor(3, device='cuda:0')	1.8922232960776775
70200.0	2000.0	203.41469148983674	0.0	0	770.4806449694443	403.4146914898738	1	0	tensor(3, device='cuda:0')	1.8922232960776775
71200.0	2000.0	203.41469148983782	0.0	0	817.9416378931201	403.4146914898738	1	0	tensor(3, device='cuda:0')	1.8922232960776775
72200.0	2000.0	266.9811917571317	63.56650026730412	0	503.10241180093726	466.9811917571642	1	0	tensor(3, device='cuda:0')	1.5098576288375145
73200.0	2000.0	266.9811917571355	0.0	0	682.3140185840748	466.9811917571642	1	0	tensor(3, device='cuda:0')	1.8912566304413392
74200.0	2000.0	266.98119175712884	0.0	0	640.9140953232127	466.9811917571642	1	0	tensor(3, device='cuda:0')	1.8912566304413392
75200.0	2000.0	266.9811917571285	0.0	0	817.3024935465219	466.9811917571642	1	0	tensor(3, device='cuda:0')	1.8912566304413392
76200.0	2000.0	266.981191757121	0.0	0	745.7550961649686	466.9811917571642	1	0	tensor(3, device='cuda:0')	1.8912566304413392
77200.0	2000.0	266.9811917571302	0.0	0	847.3787992714642	466.9811917571642	1	0	tensor(3, device='cuda:0')	1.8912566304413392
78200.0	2000.0	266.981191757146	0.0	0	691.6516785977874	466.98119175717875	1	0	tensor(3, device='cuda:0')	1.8912566304413392
79200.0	2000.0	266.98119175714663	0.0	0	608.6219457175903	466.98119175717875	1	0	tensor(3, device='cuda:0')	1.8912566304413392
80200.0	2000.0	266.9811917571528	0.0	0	759.7347695622302	466.9811917571933	1	0	tensor(3, device='cuda:0')	1.891256630441339
81200.0	2000.0	266.98119175715567	0.0	0	842.2033829585998	466.98119175717875	1	0	tensor(3, device='cuda:0')	1.8912566304413392
82200.0	2000.0	266.9811917571569	0.0	0	853.0939184845774	466.9811917571642	1	0	tensor(3, device='cuda:0')	1.8912566304413392
83200.0	2000.0	266.98119175716863	0.0	0	850.8413607332768	466.98119175717875	1	0	tensor(3, device='cuda:0')	1.8912566304413392
84200.0	2000.0	266.9811917571749	0.0	0	816.1705868243007	466.98119175717875	1	0	tensor(3, device='cuda:0')	1.8912566304413392
85200.0	2000.0	266.9811917571841	0.0	0	833.2957135640609	466.98119175717875	1	0	tensor(3, device='cuda:0')	1.8912566304413392
86200.0	2000.0	266.98119175719	0.0	0	775.2131091362535	466.98119175717875	1	0	tensor(3, device='cuda:0')	1.8912566304413392
87200.0	2000.0	266.9811917571851	0.0	0	716.0399269250047	466.98119175717875	1	0	tensor(3, device='cuda:0')	1.8912566304413392
88200.0	2000.0	266.9811917571795	0.0	0	689.5527639542415	466.98119175717875	1	0	tensor(3, device='cuda:0')	1.8912566304413392
89200.0	2000.0	266.98119175717426	0.0	0	679.2399849849899	466.9811917571642	1	0	tensor(3, device='cuda:0')	1.8912566304413392
90200.0	2000.0	266.98119175716863	0.0	0	777.049764305295	466.9811917571642	1	0	tensor(3, device='cuda:0')	1.8912566304413392
91200.0	2000.0	266.9811917571572	0.0	0	881.0185796592123	466.9811917571642	1	0	tensor(3, device='cuda:0')	1.8912566304413392
92200.0	2000.0	266.9811917571649	0.0	0	770.4248719847092	466.9811917571642	1	0	tensor(3, device='cuda:0')	1.8912566304413392
93200.0	2000.0	266.98119175717034	0.0	0	752.8824927083915	466.98119175717875	1	0	tensor(3, device='cuda:0')	1.8912566304413392
94200.0	2000.0	266.98119175717744	0.0	0	758.6681988792843	466.98119175717875	1	0	tensor(3, device='cuda:0')	1.8912566304413392
95200.0	2000.0	266.9811917571801	0.0	0	783.2186813249573	466.98119175717875	1	0	tensor(3, device='cuda:0')	1.8912566304413392
96200.0	2000.0	266.98119175718534	0.0	0	718.222270557395	466.98119175717875	1	0	tensor(3, device='cuda:0')	1.8912566304413392
97200.0	2000.0	266.9811917571793	0.0	0	831.2884319216973	466.98119175717875	1	0	tensor(3, device='cuda:0')	1.8912566304413392
98200.0	2000.0	266.9811917571745	0.0	0	721.9313478241238	466.98119175717875	1	0	tensor(3, device='cuda:0')	1.8912566304413392
99200.0	2000.0	266.9811917571715	0.0	0	676.1495530807733	466.9811917571642	1	0	tensor(3, device='cuda:0')	1.8912566304413392
100200.0	2000.0	266.9811917571693	0.0	0	808.6018773572723	466.9811917571642	1	0	tensor(3, device='cuda:0')	1.8912566304413392
101200.0	2000.0	266.98119175715806	0.0	0	767.0702433281986	466.98119175714965	1	0	tensor(3, device='cuda:0')	1.8912566304413394
102200.0	2000.0	266.9811917571611	0.0	0	754.662660300397	466.98119175714965	1	0	tensor(3, device='cuda:0')	1.8912566304413394
103200.0	2000.0	266.98119175717113	0.0	0	715.7320121138036	466.98119175714965	1	0	tensor(3, device='cuda:0')	1.8912566304413394
104200.0	2000.0	266.9811917571707	0.0	0	626.4127343083965	466.98119175714965	1	0	tensor(3, device='cuda:0')	1.8912566304413394
105200.0	2000.0	266.981191757186	0.0	0	797.0118916921929	466.98119175714965	1	0	tensor(3, device='cuda:0')	1.8912566304413394
106200.0	2000.0	266.981191757189	0.0	0	825.4391245441511	466.98119175714965	1	0	tensor(3, device='cuda:0')	1.8912566304413394
107200.0	2000.0	266.98119175718284	0.0	0	842.5903880254773	466.9811917571351	1	0	tensor(3, device='cuda:0')	1.8912566304413398
108200.0	2000.0	266.9811917571881	0.0	0	697.494705916557	466.98119175714965	1	0	tensor(3, device='cuda:0')	1.8912566304413394
109200.0	2000.0	266.98119175719364	0.0	0	740.9013253005833	466.9811917571642	1	0	tensor(3, device='cuda:0')	1.8912566304413392
110200.0	2000.0	266.9811917571941	0.0	0	778.9729039690574	466.9811917571642	1	0	tensor(3, device='cuda:0')	1.8912566304413392
111200.0	2000.0	266.981191757191	0.0	0	766.432371982999	466.98119175717875	1	0	tensor(3, device='cuda:0')	1.8912566304413392
112200.0	2000.0	266.9811917571918	0.0	0	766.6202985299606	466.98119175717875	1	0	tensor(3, device='cuda:0')	1.8912566304413392
113200.0	2000.0	266.9811917571849	0.0	0	747.7802090004843	466.98119175717875	1	0	tensor(3, device='cuda:0')	1.8912566304413392
114200.0	2000.0	266.9811917571858	0.0	0	677.8351236371527	466.9811917571642	1	0	tensor(3, device='cuda:0')	1.8912566304413392
115200.0	2000.0	266.98119175716846	0.0	0	707.9717920187541	466.9811917571642	1	0	tensor(3, device='cuda:0')	1.8912566304413392
116200.0	2000.0	266.9811917571609	0.0	0	742.3219649280363	466.98119175717875	1	0	tensor(3, device='cuda:0')	1.8912566304413392
117200.0	2000.0	266.9811917571624	0.0	0	773.0894634473079	466.98119175717875	1	0	tensor(3, device='cuda:0')	1.8912566304413392
118200.0	2000.0	266.98119175716863	0.0	0	679.1903030250978	466.9811917571933	1	0	tensor(3, device='cuda:0')	1.891256630441339
119200.0	2000.0	266.9811917571671	0.0	0	728.537859208911	466.9811917571933	1	0	tensor(3, device='cuda:0')	1.891256630441339
120200.0	2000.0	266.9811917571658	0.0	0	824.8500505630655	466.9811917571933	1	0	tensor(3, device='cuda:0')	1.891256630441339
121200.0	2000.0	266.98119175716397	0.0	0	791.7602126645215	466.98119175717875	1	0	tensor(3, device='cuda:0')	1.8912566304413392
122200.0	2000.0	266.98119175715635	0.0	0	794.4639398418949	466.98119175717875	1	0	tensor(3, device='cuda:0')	1.8912566304413392
123200.0	2000.0	266.98119175714896	0.0	0	782.0766720101383	466.9811917571642	1	0	tensor(3, device='cuda:0')	1.8912566304413392
124200.0	2000.0	266.98119175715766	0.0	0	784.3016235826508	466.9811917571642	1	0	tensor(3, device='cuda:0')	1.8912566304413392
125200.0	2000.0	266.9811917571591	0.0	0	771.488274207426	466.98119175717875	1	0	tensor(3, device='cuda:0')	1.8912566304413392
126200.0	2000.0	266.98119175714265	0.0	0	835.3920261853491	466.98119175717875	1	0	tensor(3, device='cuda:0')	1.8912566304413392
127200.0	2000.0	266.98119175713543	0.0	0	726.9274754850776	466.9811917571642	1	0	tensor(3, device='cuda:0')	1.8912566304413392
128200.0	2000.0	266.9811917571356	0.0	0	720.834929254619	466.9811917571642	1	0	tensor(3, device='cuda:0')	1.8912566304413392
129200.0	2000.0	266.98119175713157	0.0	0	696.9268948983809	466.9811917571642	1	0	tensor(3, device='cuda:0')	1.8912566304413392
130200.0	2000.0	266.9811917571434	0.0	0	852.1968884222297	466.9811917571642	1	0	tensor(3, device='cuda:0')	1.8912566304413392
131200.0	2000.0	266.981191757139	0.0	0	831.992678877752	466.9811917571642	1	0	tensor(3, device='cuda:0')	1.8912566304413392
132200.0	2000.0	266.9811917571527	0.0	0	781.4245759619516	466.9811917571351	1	0	tensor(3, device='cuda:0')	1.8912566304413398
133200.0	2000.0	266.9811917571548	0.0	0	743.3473068920139	466.9811917571351	1	0	tensor(3, device='cuda:0')	1.8912566304413398
134200.0	2000.0	266.9811917571735	0.0	0	675.3100933201786	466.9811917571351	1	0	tensor(3, device='cuda:0')	1.8912566304413398
135200.0	2000.0	266.9811917571336	0.0	0	775.151252893178	466.9811917571351	1	0	tensor(3, device='cuda:0')	1.8912566304413398
136200.0	2000.0	266.98119175713765	0.0	0	633.7928893628123	466.9811917571351	1	0	tensor(3, device='cuda:0')	1.8912566304413398
137200.0	2000.0	266.98119175710207	0.0	0	713.5649062414886	466.9811917571351	1	0	tensor(3, device='cuda:0')	1.8912566304413398
138200.0	2000.0	266.9811917570765	0.0	0	747.0696721754211	466.9811917571351	1	0	tensor(3, device='cuda:0')	1.8912566304413398
139200.0	2000.0	266.98119175710286	0.0	0	807.6938825722609	466.9811917571351	1	0	tensor(3, device='cuda:0')	1.8912566304413398
140200.0	2000.0	266.9811917571169	0.0	0	868.2942905914388	466.9811917571351	1	0	tensor(3, device='cuda:0')	1.8912566304413398
141200.0	2000.0	266.98119175710946	0.0	0	737.7641504687199	466.9811917571642	1	0	tensor(3, device='cuda:0')	1.8912566304413392
142200.0	2000.0	266.9811917571244	0.0	0	769.7233733620378	466.9811917571351	1	0	tensor(3, device='cuda:0')	1.8912566304413398
143200.0	2000.0	266.9811917571375	0.0	0	734.8490051367844	466.9811917571642	1	0	tensor(3, device='cuda:0')	1.8912566304413392
144200.0	2000.0	266.98119175713975	0.0	0	858.7498910808354	466.9811917571642	1	0	tensor(3, device='cuda:0')	1.8912566304413392
145200.0	2000.0	266.9811917571311	0.0	0	847.7877754271321	466.9811917571933	1	0	tensor(3, device='cuda:0')	1.891256630441339
146200.0	2000.0	266.98119175714316	0.0	0	831.1124765049317	466.9811917571933	1	0	tensor(3, device='cuda:0')	1.891256630441339
147200.0	2000.0	266.98119175713225	0.0	0	759.6626178319566	466.9811917572224	1	0	tensor(3, device='cuda:0')	1.8912566304413383
148200.0	2000.0	266.98119175713725	0.0	0	833.8346792284283	466.9811917572224	1	0	tensor(3, device='cuda:0')	1.8912566304413383
149200.0	2000.0	266.9811917571366	0.0	0	829.2245281339274	466.9811917572224	1	0	tensor(3, device='cuda:0')	1.8912566304413383
150200.0	2000.0	266.9811917571253	0.0	0	809.5564813060919	466.9811917572224	1	0	tensor(3, device='cuda:0')	1.8912566304413383
151200.0	2000.0	266.9811917571231	0.0	0	772.1132098663657	466.9811917572224	1	0	tensor(3, device='cuda:0')	1.8912566304413383
152200.0	2000.0	266.98119175713185	0.0	0	619.8053382779472	466.9811917572224	1	0	tensor(3, device='cuda:0')	1.8912566304413383
153200.0	2000.0	266.9811917571302	0.0	0	696.1483080249163	466.9811917571933	1	0	tensor(3, device='cuda:0')	1.891256630441339
154200.0	2000.0	266.9811917571497	0.0	0	834.5019580820226	466.9811917571933	1	0	tensor(3, device='cuda:0')	1.891256630441339
155200.0	2000.0	266.98119175714197	0.0	0	715.485580080509	466.9811917571933	1	0	tensor(3, device='cuda:0')	1.891256630441339
156200.0	2000.0	266.98119175716636	0.0	0	692.3180133619462	466.9811917571933	1	0	tensor(3, device='cuda:0')	1.891256630441339
157200.0	2000.0	266.98119175715794	0.0	0	566.8822713629634	466.9811917571933	1	0	tensor(3, device='cuda:0')	1.891256630441339
158200.0	2000.0	266.9811917571302	0.0	0	677.7710546874441	466.9811917571642	1	0	tensor(3, device='cuda:0')	1.8912566304413392
159200.0	2000.0	310.3121968170607	43.3310050598723	0	361.45621650025714	510.31219681704533	1	0	tensor(3, device='cuda:0')	1.6305758333674003
160200.0	2000.0	310.31219681707495	0.0	0	602.9997134290752	510.31219681704533	1	0	tensor(3, device='cuda:0')	1.8905618637266342
161200.0	2000.0	310.3121968170865	0.0	0	765.3288859584427	510.31219681704533	1	0	tensor(3, device='cuda:0')	1.8905618637266342
162200.0	2000.0	310.3121968170785	0.0	0	779.4694601941155	510.31219681707444	1	0	tensor(3, device='cuda:0')	1.8905618637266337
163200.0	2000.0	310.3121968170794	0.0	0	674.8999361776223	510.31219681710354	1	0	tensor(3, device='cuda:0')	1.890561863726633
164200.0	2000.0	310.3121968170795	0.0	0	578.0808957454283	510.31219681710354	1	0	tensor(3, device='cuda:0')	1.890561863726633
165200.0	2000.0	310.31219681707245	0.0	0	787.9943634171505	510.31219681713264	1	0	tensor(3, device='cuda:0')	1.8905618637266328
166200.0	2000.0	310.31219681710246	0.0	0	715.7144295804901	510.31219681716175	1	0	tensor(3, device='cuda:0')	1.8905618637266322
167200.0	2000.0	310.31219681710036	0.0	0	729.3564273997035	510.31219681716175	1	0	tensor(3, device='cuda:0')	1.8905618637266322
168200.0	2000.0	310.3121968171046	0.0	0	791.7518259563367	510.31219681713264	1	0	tensor(3, device='cuda:0')	1.8905618637266328
169200.0	2000.0	310.31219681707296	0.0	0	731.252675816475	510.31219681710354	1	0	tensor(3, device='cuda:0')	1.890561863726633
170200.0	2000.0	310.31219681705863	0.0	0	734.023804956465	510.31219681710354	1	0	tensor(3, device='cuda:0')	1.890561863726633
171200.0	2000.0	310.31219681702703	0.0	0	747.0276914102142	510.31219681710354	1	0	tensor(3, device='cuda:0')	1.890561863726633
172200.0	2000.0	310.3121968170445	0.0	0	777.2556109103316	510.31219681710354	1	0	tensor(3, device='cuda:0')	1.890561863726633
173200.0	2000.0	310.31219681701793	0.0	0	757.381469954882	510.31219681710354	1	0	tensor(3, device='cuda:0')	1.890561863726633
174200.0	2000.0	310.31219681701606	0.0	0	730.8152020499983	510.31219681710354	1	0	tensor(3, device='cuda:0')	1.890561863726633
175200.0	2000.0	310.3121968170128	0.0	0	530.991014801868	510.31219681707444	1	0	tensor(3, device='cuda:0')	1.8905618637266337
176200.0	2000.0	310.31219681700355	0.0	0	747.1206864415144	510.31219681707444	1	0	tensor(3, device='cuda:0')	1.8905618637266337
177200.0	2000.0	310.31219681700367	0.0	0	684.1925248400075	510.31219681707444	1	0	tensor(3, device='cuda:0')	1.8905618637266337
178200.0	2000.0	310.31219681698525	0.0	0	798.47439024286	510.31219681707444	1	0	tensor(3, device='cuda:0')	1.8905618637266337
179200.0	2000.0	310.3121968169895	0.0	0	780.2279552807158	510.31219681707444	1	0	tensor(3, device='cuda:0')	1.8905618637266337
180200.0	2000.0	310.3121968169972	0.0	0	741.2781572426611	510.31219681707444	1	0	tensor(3, device='cuda:0')	1.8905618637266337
181200.0	2000.0	310.31219681698985	0.0	0	830.6782465613505	510.31219681707444	1	0	tensor(3, device='cuda:0')	1.8905618637266337
182200.0	2000.0	310.3121968170335	0.0	0	832.3836714308127	510.31219681710354	1	0	tensor(3, device='cuda:0')	1.890561863726633
183200.0	2000.0	310.3121968170265	0.0	0	783.847453353228	510.31219681710354	1	0	tensor(3, device='cuda:0')	1.890561863726633
184200.0	2000.0	310.31219681702	0.0	0	744.7797746528231	510.31219681710354	1	0	tensor(3, device='cuda:0')	1.890561863726633
185200.0	2000.0	310.31219681700475	0.0	0	777.7030633183313	510.31219681710354	1	0	tensor(3, device='cuda:0')	1.890561863726633
186200.0	2000.0	310.3121968170242	0.0	0	707.4767368143657	510.31219681710354	1	0	tensor(3, device='cuda:0')	1.890561863726633
187200.0	2000.0	60.312196817024585	0.0	0	773.1445408863656	260.31219681710354	1	0	tensor(5, device='cuda:0')	0.8928098481919284
188200.0	2000.0	103.63683889190952	43.324642074854154	0	798.4354864179331	303.6368388919509	1	0	tensor(3, device='cuda:0')	1.1336749575459886
189200.0	2000.0	134.31621001565338	30.679371123773265	0	770.4098993313673	334.316210015706	1	0	tensor(3, device='cuda:0')	1.7091309320169825
190200.0	2000.0	134.31621001564992	0.0	0	811.3532678949414	334.316210015706	1	0	tensor(3, device='cuda:0')	1.893207158759622
191200.0	2000.0	134.31621001565702	0.0	0	773.2056124702212	334.316210015706	1	0	tensor(3, device='cuda:0')	1.893207158759622
192200.0	2000.0	135.01817691554135	0.7019668999156181	0	758.5136016362812	335.0181769156188	1	0	tensor(3, device='cuda:0')	1.8889856979574802
193200.0	2000.0	172.8931406298459	37.87496371428577	0	666.5336505642917	372.89314062992344	1	0	tensor(3, device='cuda:0')	1.6654164293923324
194200.0	2000.0	172.89314062983897	0.0	0	731.6828229159	372.89314062992344	1	0	tensor(3, device='cuda:0')	1.892666211678047
195200.0	2000.0	172.89314062985773	0.0	0	783.44705614759	372.89314062992344	1	0	tensor(3, device='cuda:0')	1.892666211678047
196200.0	2000.0	172.89314062987347	0.0	0	800.9814792151446	372.89314062992344	1	0	tensor(3, device='cuda:0')	1.892666211678047
197200.0	2000.0	172.89314062984607	0.0	0	731.5999292611668	372.89314062992344	1	0	tensor(3, device='cuda:0')	1.892666211678047
198200.0	2000.0	183.23997439469508	10.346833764869217	0	657.3489825772413	383.2399743947899	1	0	tensor(3, device='cuda:0')	1.8304365614158742
199200.0	2000.0	183.23997439469844	0.0	0	771.4850684664561	383.2399743947899	1	0	tensor(3, device='cuda:0')	1.8925175640050895
200200.0	2000.0	183.2399743947435	0.0	0	791.3183530941606	383.2399743947899	1	0	tensor(3, device='cuda:0')	1.8925175640050895
201200.0	2000.0	183.23997439475772	0.0	0	770.1584249366424	383.239974394819	1	0	tensor(3, device='cuda:0')	1.8925175640050893
202200.0	2000.0	183.2399743947267	0.0	0	825.3701848015189	383.239974394819	1	0	tensor(3, device='cuda:0')	1.8925175640050893
203200.0	2000.0	183.23997439472458	0.0	0	698.8600810632342	383.2399743947899	1	0	tensor(3, device='cuda:0')	1.8925175640050895
204200.0	2000.0	183.2399743947534	0.0	0	714.7507545120025	383.2399743947899	1	0	tensor(3, device='cuda:0')	1.8925175640050895
205200.0	2000.0	191.08862793161757	7.848653536869392	0	635.113555831631	391.0886279316619	1	0	tensor(3, device='cuda:0')	1.8453118623769382
206200.0	2000.0	191.08862793161018	0.0	0	668.8437848417379	391.0886279316619	1	0	tensor(3, device='cuda:0')	1.8924037835981546
207200.0	2000.0	191.08862793159489	0.0	0	672.3346961366187	391.0886279316328	1	0	tensor(3, device='cuda:0')	1.892403783598155
208200.0	2000.0	191.08862793160154	0.0	0	648.6049988316081	391.0886279316619	1	0	tensor(3, device='cuda:0')	1.8924037835981546
209200.0	2000.0	191.08862793161472	0.0	0	772.8530921329802	391.0886279316619	1	0	tensor(3, device='cuda:0')	1.8924037835981546
210200.0	2000.0	191.08862793163405	0.0	0	729.7183529447357	391.0886279316619	1	0	tensor(3, device='cuda:0')	1.8924037835981546
211200.0	2000.0	191.08862793165451	0.0	0	745.8291193782352	391.0886279316619	1	0	tensor(3, device='cuda:0')	1.8924037835981546
212200.0	2000.0	195.1559130710861	4.067285139431505	0	621.8050892249739	395.1559130710957	1	0	tensor(3, device='cuda:0')	1.8679407604595666
213200.0	2000.0	195.15591307106297	0.0	0	775.7821168274386	395.1559130710957	1	0	tensor(3, device='cuda:0')	1.8923444712961555
214200.0	2000.0	195.15591307101545	0.0	0	679.3864946895337	395.1559130710957	1	0	tensor(3, device='cuda:0')	1.8923444712961555
215200.0	2000.0	195.155913071015	0.0	0	810.8033359167457	395.1559130710957	1	0	tensor(3, device='cuda:0')	1.8923444712961555
216200.0	2000.0	195.1559130709826	0.0	0	795.0353570116276	395.1559130710957	1	0	tensor(3, device='cuda:0')	1.8923444712961555
217200.0	2000.0	195.15591307094905	0.0	0	723.515349942405	395.1559130710957	1	0	tensor(3, device='cuda:0')	1.8923444712961555
218200.0	2000.0	195.15591307093325	0.0	0	813.3703409079462	395.1559130711248	1	0	tensor(3, device='cuda:0')	1.8923444712961548
219200.0	2000.0	195.15591307095224	0.0	0	768.1808540425845	395.1559130711248	1	0	tensor(3, device='cuda:0')	1.8923444712961548
220200.0	2000.0	195.15591307092745	0.0	0	785.384728765348	395.1559130711248	1	0	tensor(3, device='cuda:0')	1.8923444712961548
221200.0	2000.0	195.15591307092518	0.0	0	788.2990987999656	395.1559130711248	1	0	tensor(3, device='cuda:0')	1.8923444712961548
222200.0	2000.0	195.15591307093172	0.0	0	685.3084155532997	395.1559130711248	1	0	tensor(3, device='cuda:0')	1.8923444712961548
223200.0	2000.0	195.15591307093416	0.0	0	802.6352746075718	395.1559130711539	1	0	tensor(3, device='cuda:0')	1.8923444712961546
224200.0	2000.0	195.15591307095542	0.0	0	759.3159974959854	395.1559130711539	1	0	tensor(3, device='cuda:0')	1.8923444712961546
225200.0	2000.0	195.15591307093052	0.0	0	807.8539308912586	395.1559130711539	1	0	tensor(3, device='cuda:0')	1.8923444712961546
226200.0	2000.0	195.15591307095252	0.0	0	761.5501388222037	395.155913071183	1	0	tensor(3, device='cuda:0')	1.8923444712961541
227200.0	2000.0	195.15591307096884	0.0	0	761.8322292649827	395.155913071183	1	0	tensor(3, device='cuda:0')	1.8923444712961541
228200.0	2000.0	199.97262796950855	4.8167148985496056	0	600.2379832585866	399.97262796972063	1	0	tensor(3, device='cuda:0')	1.8633736304122728
229200.0	2000.0	199.97262796949724	0.0	0	776.4585214399267	399.97262796969153	1	0	tensor(3, device='cuda:0')	1.892273919803571
230200.0	2000.0	199.9726279695214	0.0	0	758.5158483546402	399.97262796969153	1	0	tensor(3, device='cuda:0')	1.892273919803571
231200.0	2000.0	199.97262796956142	0.0	0	805.4986210770439	399.97262796969153	1	0	tensor(3, device='cuda:0')	1.892273919803571
232200.0	2000.0	199.9726279695618	0.0	0	728.6900536738976	399.97262796969153	1	0	tensor(3, device='cuda:0')	1.892273919803571
233200.0	2000.0	199.97262796952816	0.0	0	704.6636743117997	399.97262796969153	1	0	tensor(3, device='cuda:0')	1.892273919803571
234200.0	2000.0	199.9726279695119	0.0	0	790.2308315709524	399.9726279696624	1	0	tensor(3, device='cuda:0')	1.8922739198035714
235200.0	2000.0	199.97262796949934	0.0	0	836.5501533992356	399.9726279696624	1	0	tensor(3, device='cuda:0')	1.8922739198035714
236200.0	2000.0	199.9726279694866	0.0	0	863.8304061395465	399.9726279696624	1	0	tensor(3, device='cuda:0')	1.8922739198035714
237200.0	2000.0	199.97262796947223	0.0	0	777.1493295480905	399.9726279696624	1	0	tensor(3, device='cuda:0')	1.8922739198035714
238200.0	2000.0	199.97262796947894	0.0	0	790.8091066973866	399.9726279696624	1	0	tensor(3, device='cuda:0')	1.8922739198035714
239200.0	2000.0	199.97262796949622	0.0	0	808.2517867375573	399.9726279696624	1	0	tensor(3, device='cuda:0')	1.8922739198035714
240200.0	2000.0	199.9726279695211	0.0	0	764.7490212612611	399.9726279696624	1	0	tensor(3, device='cuda:0')	1.8922739198035714
241200.0	2000.0	199.9726279694995	0.0	0	814.9147017244832	399.97262796969153	1	0	tensor(3, device='cuda:0')	1.892273919803571
242200.0	2000.0	199.9726279694848	0.0	0	734.5931481764128	399.97262796969153	1	0	tensor(3, device='cuda:0')	1.892273919803571
243200.0	2000.0	199.97262796949326	0.0	0	719.4665095414675	399.97262796969153	1	0	tensor(3, device='cuda:0')	1.892273919803571
244200.0	2000.0	199.97262796948422	0.0	0	841.5912841623067	399.97262796969153	1	0	tensor(3, device='cuda:0')	1.892273919803571
245200.0	2000.0	199.97262796948792	0.0	0	804.3824160518125	399.97262796969153	1	0	tensor(3, device='cuda:0')	1.892273919803571
246200.0	2000.0	199.97262796947376	0.0	0	711.0027806322614	399.97262796969153	1	0	tensor(3, device='cuda:0')	1.892273919803571
247200.0	2000.0	199.97262796950838	0.0	0	847.1883737978642	399.97262796972063	1	0	tensor(3, device='cuda:0')	1.8922739198035705
248200.0	2000.0	199.97262796951168	0.0	0	717.0974334745551	399.97262796974974	1	0	tensor(3, device='cuda:0')	1.89227391980357
249200.0	2000.0	199.97262796951338	0.0	0	642.0260189081018	399.97262796972063	1	0	tensor(3, device='cuda:0')	1.8922739198035705
250200.0	2000.0	199.97262796949713	0.0	0	741.7487992828537	399.97262796972063	1	0	tensor(3, device='cuda:0')	1.8922739198035705
251200.0	2000.0	199.97262796950736	0.0	0	763.6848062387144	399.97262796972063	1	0	tensor(3, device='cuda:0')	1.8922739198035705
252200.0	2000.0	199.9726279694837	0.0	0	670.0719486139133	399.97262796972063	1	0	tensor(3, device='cuda:0')	1.8922739198035705
253200.0	2000.0	199.97262796950986	0.0	0	760.1982922639581	399.97262796972063	1	0	tensor(3, device='cuda:0')	1.8922739198035705
254200.0	2000.0	199.972627969531	0.0	0	648.1628964001138	399.97262796972063	1	0	tensor(3, device='cuda:0')	1.8922739198035705
255200.0	2000.0	199.9726279695219	0.0	0	709.8384563167638	399.97262796972063	1	0	tensor(3, device='cuda:0')	1.8922739198035705
256200.0	2000.0	199.97262796954834	0.0	0	615.8274393473403	399.97262796972063	1	0	tensor(3, device='cuda:0')	1.8922739198035705
257200.0	2000.0	199.9726279695392	0.0	0	750.6599222213263	399.97262796972063	1	0	tensor(3, device='cuda:0')	1.8922739198035705
258200.0	2000.0	199.97262796951537	0.0	0	709.459104317415	399.97262796969153	1	0	tensor(3, device='cuda:0')	1.892273919803571
259200.0	2000.0	199.9726279695269	0.0	0	772.24835895453	399.9726279696624	1	0	tensor(3, device='cuda:0')	1.8922739198035714
260200.0	2000.0	199.97262796954215	0.0	0	679.0985440312361	399.9726279696624	1	0	tensor(3, device='cuda:0')	1.8922739198035714
261200.0	2000.0	199.97262796956778	0.0	0	751.6815099922533	399.97262796969153	1	0	tensor(3, device='cuda:0')	1.892273919803571
262200.0	2000.0	199.97262796955715	0.0	0	789.1738342742028	399.97262796969153	1	0	tensor(3, device='cuda:0')	1.892273919803571
263200.0	2000.0	199.9726279695476	0.0	0	806.4523765411577	399.97262796969153	1	0	tensor(3, device='cuda:0')	1.892273919803571
264200.0	2000.0	199.9726279695157	0.0	0	637.0621177684516	399.9726279696333	1	0	tensor(3, device='cuda:0')	1.8922739198035718
265200.0	2000.0	199.9726279695273	0.0	0	714.4446297411923	399.9726279696333	1	0	tensor(3, device='cuda:0')	1.8922739198035718
266200.0	2000.0	205.4906189208159	5.51799095137261	0	564.5833107391372	405.49061892100144	1	0	tensor(3, device='cuda:0')	1.8590847352033395
267200.0	2000.0	205.49061892080118	0.0	0	738.7697839474422	405.49061892100144	1	0	tensor(3, device='cuda:0')	1.892192680911575
268200.0	2000.0	205.49061892087263	0.0	0	719.0368506906088	405.49061892100144	1	0	tensor(3, device='cuda:0')	1.892192680911575
269200.0	2000.0	205.49061892087866	0.0	0	644.8453705820721	405.49061892105965	1	0	tensor(3, device='cuda:0')	1.892192680911574
270200.0	2000.0	205.49061892088457	0.0	0	796.1484870808781	405.49061892105965	1	0	tensor(3, device='cuda:0')	1.892192680911574
271200.0	2000.0	205.4906189208853	0.0	0	787.425048069621	405.49061892105965	1	0	tensor(3, device='cuda:0')	1.892192680911574
272200.0	2000.0	205.4906189208636	0.0	0	781.1689296634868	405.49061892105965	1	0	tensor(3, device='cuda:0')	1.892192680911574
273200.0	2000.0	205.4906189208482	0.0	0	729.7876730115968	405.49061892105965	1	0	tensor(3, device='cuda:0')	1.892192680911574
274200.0	2000.0	205.49061892088662	0.0	0	780.3711106170085	405.49061892105965	1	0	tensor(3, device='cuda:0')	1.892192680911574
275200.0	2000.0	205.49061892089946	0.0	0	739.9861954508233	405.49061892105965	1	0	tensor(3, device='cuda:0')	1.892192680911574
276200.0	2000.0	205.4906189208208	0.0	0	777.7902168100118	405.49061892105965	1	0	tensor(3, device='cuda:0')	1.892192680911574
277200.0	2000.0	205.49061892077032	0.0	0	783.0646526329801	405.49061892100144	1	0	tensor(3, device='cuda:0')	1.892192680911575
278200.0	2000.0	205.49061892082932	0.0	0	655.681380892056	405.49061892105965	1	0	tensor(3, device='cuda:0')	1.892192680911574
279200.0	2000.0	211.70932548202398	6.218706561203021	0	603.2671826080186	411.7093254822539	1	0	tensor(3, device='cuda:0')	1.8547883514488532
280200.0	2000.0	211.7093254820544	0.0	0	704.4316307405243	411.7093254822539	1	0	tensor(3, device='cuda:0')	1.8921005908160713
281200.0	2000.0	211.70932548197817	0.0	0	739.9228519885219	411.7093254821957	1	0	tensor(3, device='cuda:0')	1.8921005908160722
282200.0	2000.0	211.70932548202666	0.0	0	789.8945230785175	411.7093254821957	1	0	tensor(3, device='cuda:0')	1.8921005908160722
283200.0	2000.0	211.70932548201472	0.0	0	797.7180862367968	411.7093254821957	1	0	tensor(3, device='cuda:0')	1.8921005908160722
284200.0	2000.0	211.70932548199374	0.0	0	811.222868439334	411.7093254821957	1	0	tensor(3, device='cuda:0')	1.8921005908160722
285200.0	2000.0	211.70932548202745	0.0	0	867.0284154042602	411.7093254821957	1	0	tensor(3, device='cuda:0')	1.8921005908160722
286200.0	2000.0	211.7093254819871	0.0	0	703.2660474781878	411.7093254822539	1	0	tensor(3, device='cuda:0')	1.8921005908160713
287200.0	2000.0	211.70932548199198	0.0	0	782.2178629164118	411.7093254822539	1	0	tensor(3, device='cuda:0')	1.8921005908160713
288200.0	2000.0	211.70932548193912	0.0	0	801.4363473064732	411.7093254821957	1	0	tensor(3, device='cuda:0')	1.8921005908160722
289200.0	2000.0	211.70932548194025	0.0	0	774.5738627147512	411.7093254821957	1	0	tensor(3, device='cuda:0')	1.8921005908160722
290200.0	2000.0	211.70932548190035	0.0	0	820.734498812817	411.7093254821957	1	0	tensor(3, device='cuda:0')	1.8921005908160722
291200.0	2000.0	211.7093254818917	0.0	0	749.0800008389051	411.7093254821957	1	0	tensor(3, device='cuda:0')	1.8921005908160722
292200.0	2000.0	211.70932548189631	0.0	0	777.491383749526	411.7093254821375	1	0	tensor(3, device='cuda:0')	1.8921005908160728
293200.0	2000.0	211.709325481855	0.0	0	771.8143196483725	411.7093254821375	1	0	tensor(3, device='cuda:0')	1.8921005908160728
294200.0	2000.0	211.70932548183066	0.0	0	834.299121362681	411.7093254821375	1	0	tensor(3, device='cuda:0')	1.8921005908160728
295200.0	2000.0	211.70932548180713	0.0	0	759.5970364661189	411.7093254821375	1	0	tensor(3, device='cuda:0')	1.8921005908160728
296200.0	2000.0	230.33273806540296	18.623412583658023	0	556.4953837344074	430.3327380657429	1	0	tensor(3, device='cuda:0')	1.7800809048874175
297200.0	2000.0	230.33273806535834	0.0	0	822.8032048877212	430.3327380657429	1	0	tensor(3, device='cuda:0')	1.8918213803893658
298200.0	2000.0	230.33273806535828	0.0	0	688.1779206945212	430.3327380657429	1	0	tensor(3, device='cuda:0')	1.8918213803893658
299200.0	2000.0	230.3327380653862	0.0	0	736.0241139223217	430.3327380657429	1	0	tensor(3, device='cuda:0')	1.8918213803893658
300200.0	2000.0	230.3327380653816	0.0	0	824.7618851126754	430.3327380657429	1	0	tensor(3, device='cuda:0')	1.8918213803893658
11.4	15.2	12.1	8.69	5.39	5.97	6.23	6.82	6.68	7.97	8.72	8.86	14.8	15.6	10.2	10.7	8.92	9.73	13.6	7.11	9.31	9.97	13.8	10.2	11.2	7.27	7.98	13.2	8.33	7.41	9.68	10.1	10.0	9.09	14.3	12.4	11.4	11.9	12.2	10.4	7.31	7.82	8.36	10.2	7.38	7.61	12.2	13.0	9.14	8.69	9.41	9.53	9.58	10.7	11.9	10.9	11.2	10.0	12.3	13.6	10.5	14.7	15.0	10.1	10.4	10.3	5.26	6.26	8.21	11.8	11.5	12.8	6.92	6.81	10.1	11.8	13.5	12.6	11.2	11.2	13.1	7.55	7.55	9.49	12.6	17.9	11.6	8.95	12.9	10.9	9.64	12.0	8.27	8.2	12.6	10.8	7.82	8.21	7.07	12.5	15.8	12.2	7.07	7.97	11.1	9.22	7.95	10.5	7.14	6.8	7.23	11.1	8.78	8.88	13.1	8.9	13.6	13.3	11.4	13.4	13.7	7.88	9.44	10.1	13.5	20.5	13.6	8.82	5.56	8.19	7.47	6.3	9.71	11.5	15.6	7.55	7.41	9.49	15.2	19.9	13.1	13.2	10.9	13.3	12.8	12.0	6.49	9.96	11.6	9.16	8.24	6.71	7.53	4.32	5.06	11.0	13.4	8.16	5.49	10.2	8.25	11.1	11.0	9.39	8.55	7.56	11.6	7.32	9.99	6.15	9.29	8.75	11.5	8.27	10.2	10.9	11.4	12.3	10.5	13.6	9.85	11.1	12.2	12.3	11.9	9.37	7.63	6.26	10.7	13.7	15.1	8.73	8.47	9.19	11.6	7.44	11.7	9.75	9.41	7.1	5.37	6.23	5.75	11.6	10.8	9.89	7.66	9.71	8.18	11.2	11.8	9.09	11.1	10.1	11.7	9.29	8.83	12.0	12.6	13.0	8.53	8.25	6.36	11.8	11.0	9.77	8.02	9.3	11.7	14.8	15.2	10.9	11.2	13.1	11.1	10.4	8.83	10.4	13.1	11.2	9.93	13.3	9.99	7.02	9.02	8.78	8.71	9.26	7.9	8.39	7.7	10.0	9.0	10.7	9.23	12.0	14.7	10.6	7.62	6.17	6.04	11.2	10.4	7.12	10.1	9.87	9.81	8.28	8.1	8.33	7.94	8.65	6.26	7.46	7.82	7.41	8.58	11.1	14.6	18.7	8.7	9.95	11.1	12.5	10.4	7.19	8.77	11.5	11.1	9.06	6.24	10.5	8.35	11.0	11.1	4.39
821.0	822.0	823.0	824.0	825.0	826.0	827.0	828.0	829.0	830.0	831.0	832.0	833.0	834.0	835.0	836.0	837.0	838.0	839.0	840.0	841.0	842.0	843.0	844.0	845.0	846.0	847.0	848.0	849.0	850.0	851.0	852.0	853.0	854.0	855.0	856.0	857.0	858.0	859.0	860.0	861.0	862.0	863.0	864.0	865.0	866.0	867.0	868.0	869.0	870.0	871.0	872.0	873.0	874.0	875.0	876.0	877.0	878.0	879.0	880.0	881.0	882.0	883.0	884.0	885.0	886.0	887.0	888.0	889.0	890.0	891.0	892.0	893.0	894.0	895.0	896.0	897.0	898.0	899.0	900.0	901.0	902.0	903.0	904.0	905.0	906.0	907.0	908.0	909.0	910.0	911.0	912.0	913.0	914.0	915.0	916.0	917.0	918.0	919.0	920.0	921.0	922.0	923.0	924.0	925.0	926.0	927.0	928.0	929.0	930.0	931.0	932.0	933.0	934.0	935.0	936.0	937.0	938.0	939.0	940.0	941.0	942.0	943.0	944.0	945.0	946.0	947.0	948.0	949.0	950.0	951.0	952.0	953.0	954.0	955.0	956.0	957.0	958.0	959.0	960.0	961.0	962.0	963.0	964.0	965.0	966.0	967.0	968.0	969.0	970.0	971.0	972.0	973.0	974.0	975.0	976.0	977.0	978.0	979.0	980.0	981.0	982.0	983.0	984.0	985.0	986.0	987.0	988.0	989.0	990.0	991.0	992.0	993.0	994.0	995.0	996.0	997.0	998.0	999.0	1000.0	1001.0	1002.0	1003.0	1004.0	1005.0	1006.0	1007.0	1008.0	1009.0	1010.0	1011.0	1012.0	1013.0	1014.0	1015.0	1016.0	1017.0	1018.0	1019.0	1020.0	1021.0	1022.0	1023.0	1024.0	1025.0	1026.0	1027.0	1028.0	1029.0	1030.0	1031.0	1032.0	1033.0	1034.0	1035.0	1036.0	1037.0	1038.0	1039.0	1040.0	1041.0	1042.0	1043.0	1044.0	1045.0	1046.0	1047.0	1048.0	1049.0	1050.0	1051.0	1052.0	1053.0	1054.0	1055.0	1056.0	1057.0	1058.0	1059.0	1060.0	1061.0	1062.0	1063.0	1064.0	1065.0	1066.0	1067.0	1068.0	1069.0	1070.0	1071.0	1072.0	1073.0	1074.0	1075.0	1076.0	1077.0	1078.0	1079.0	1080.0	1081.0	1082.0	1083.0	1084.0	1085.0	1086.0	1087.0	1088.0	1089.0	1090.0	1091.0	1092.0	1093.0	1094.0	1095.0	1096.0	1097.0	1098.0	1099.0	1100.0	1101.0	1102.0	1103.0	1104.0	1105.0	1106.0	1107.0	1108.0	1109.0	1110.0	1111.0	1112.0	1113.0	1114.0	1115.0	1116.0
5147.0
