4410.249829888487	1000.0	2000.0	467.0659290885511	0	0.0	4410.249829888487	1	0	tensor(5, device='cuda:0')	-3.909301536925348
4837.077462531262	1000.0	2466.4654591965314	0.0	0	0.0	4303.542921727793	1	0	tensor(5, device='cuda:0')	0.36796858999532556
5560.256186349033	3000.0	2562.4920544243187	0.0	0	0.0	4122.748240773351	1	0	tensor(5, device='cuda:0')	0.2994035478391143
6135.192513541837	3000.0	2843.8216454333124	0.0	0	0.0	3979.0141589751497	1	0	tensor(5, device='cuda:0')	1.538832213222126
7144.2398733990685	3000.0	2582.5124456117715	0.0	0	0.0	3726.75231901084	1	0	tensor(5, device='cuda:0')	1.4137052036663624
7790.778462036819	3000.0	2774.339209814584	0.0	0	0.0	3565.1176718514034	1	0	tensor(5, device='cuda:0')	1.6552443513832793
9837.918343232153	3000.0	1215.4143583204182	0.0	0	0.0	3053.332701552572	1	0	tensor(5, device='cuda:0')	1.0580422188519274
10056.040401092461	1000.0	1942.7617859950324	0.0	0	0.0	2998.8021870874927	1	0	tensor(5, device='cuda:0')	-0.1855739300276721
10632.829656073842	3000.0	2221.7752172683067	0.0	0	0.0	2854.6048733421467	1	0	tensor(5, device='cuda:0')	0.7545258652917957
11538.98315142112	3000.0	2089.083348084209	0.0	0	0.0	2628.0664995053266	1	0	tensor(5, device='cuda:0')	1.7184258134349188
12466.66138775399	3000.0	1929.4855526681229	0.0	0	0.0	2396.1469404221116	1	0	tensor(5, device='cuda:0')	1.7371451084951604
13483.920997945146	3000.0	1657.9110399291765	0.0	0	0.0	2141.832037874319	1	0	tensor(5, device='cuda:0')	1.7156432334744816
14210.370815041862	3000.0	1749.8487685582804	0.0	0	0.0	1960.219583600141	1	0	tensor(5, device='cuda:0')	1.8766107209772156
15490.81280282136	3000.0	1149.2962838339113	0.0	0	0.0	1640.1090866552677	1	0	tensor(5, device='cuda:0')	1.6168133255642645
16680.58820366358	3000.0	662.0770327811321	0.0	0	0.0	1342.665236444709	1	0	tensor(5, device='cuda:0')	1.677255042506335
17599.316724145432	3000.0	513.6663821788225	0.0	0	0.0	1112.983106324249	1	0	tensor(5, device='cuda:0')	1.8211996273091708
18200.0	2000.0	912.9831063242573	0.0	0	140.97598514279525	1112.983106324249	1	0	tensor(3, device='cuda:0')	0.9715957335477454
19200.0	2000.0	662.9831063242565	0.0	0	470.9970985823311	862.9831063242491	1	0	tensor(5, device='cuda:0')	0.8812205934264549
20200.0	3000.0	412.9831063242591	0.0	0	459.13156282035925	612.9831063242527	1	0	tensor(5, device='cuda:0')	1.3869303609175019
21200.0	3000.0	162.98310632426336	0.0	0	367.0297659879616	362.98310632426	1	0	tensor(5, device='cuda:0')	1.7968308163417446
22200.0	2000.0	259.66098366034987	96.6778773360897	0	434.3604046032233	459.6609836603493	1	0	tensor(3, device='cuda:0')	0.4058387094519718
23200.0	2000.0	266.8338998199268	7.172916159575749	0	439.29501838478245	466.83389981992514	1	0	tensor(3, device='cuda:0')	1.8482214445908072
24200.0	2000.0	340.265142967449	73.43124314751589	0	373.03018236307616	540.2651429674406	1	0	tensor(3, device='cuda:0')	1.4494763864081692
25200.0	2000.0	340.26514296745245	0.0	0	246.63195161993644	540.2651429674406	1	0	tensor(3, device='cuda:0')	1.8900638452932643
26200.0	2000.0	478.23337042813694	137.9682274606838	0	115.78899652206383	678.2333704281264	1	0	tensor(3, device='cuda:0')	1.0597595967106965
27200.0	2000.0	478.233370428136	0.0	0	371.9080746761647	678.23337042813	1	0	tensor(3, device='cuda:0')	1.8875689614747992
28200.0	2000.0	478.23337042813705	0.0	0	574.5571088214856	678.2333704281264	1	0	tensor(3, device='cuda:0')	1.8875689614747992
29200.0	2000.0	478.2333704281374	0.0	0	281.4471672022082	678.2333704281264	1	0	tensor(3, device='cuda:0')	1.8875689614747992
30200.0	2000.0	478.2333704281384	0.0	0	293.36343713688984	678.2333704281264	1	0	tensor(3, device='cuda:0')	1.8875689614747992
31200.0	2000.0	478.2333704281432	0.0	0	604.7743409471113	678.2333704281264	1	0	tensor(3, device='cuda:0')	1.8875689614747992
32200.0	2000.0	478.2333704281399	0.0	0	448.1589736233109	678.2333704281264	1	0	tensor(3, device='cuda:0')	1.8875689614747992
33200.0	2000.0	478.2333704281384	0.0	0	506.6008515890644	678.2333704281227	1	0	tensor(3, device='cuda:0')	1.8875689614747992
34200.0	2000.0	478.23337042813716	0.0	0	362.5969945035904	678.2333704281191	1	0	tensor(3, device='cuda:0')	1.8875689614747992
35200.0	2000.0	478.2333704281366	0.0	0	589.2585415711146	678.2333704281264	1	0	tensor(3, device='cuda:0')	1.8875689614747992
36200.0	2000.0	478.23337042814364	0.0	0	401.49470001146983	678.2333704281264	1	0	tensor(3, device='cuda:0')	1.8875689614747992
37200.0	2000.0	478.23337042814137	0.0	0	300.84921610250603	678.2333704281264	1	0	tensor(3, device='cuda:0')	1.8875689614747992
38200.0	2000.0	478.23337042813637	0.0	0	424.07679710059165	678.2333704281264	1	0	tensor(3, device='cuda:0')	1.8875689614747992
39291.40155250447	2000.0	602.0703363217939	215.23851839812576	0	0.0	893.4718888262651	1	0	tensor(3, device='cuda:0')	0.5914969324432731
40200.0	2000.0	693.471888826261	0.0	0	458.17198056141933	893.4718888262651	1	0	tensor(3, device='cuda:0')	1.8829280428320279
41200.0	2000.0	693.4718888262561	0.0	0	492.9701398226971	893.4718888262651	1	0	tensor(3, device='cuda:0')	1.8829280428320279
42200.0	2000.0	693.4718888262496	0.0	0	105.69939771709323	893.4718888262651	1	0	tensor(3, device='cuda:0')	1.8829280428320279
43200.0	2000.0	693.4718888262428	0.0	0	267.4355475053744	893.4718888262578	1	0	tensor(3, device='cuda:0')	1.8829280428320279
44200.0	3000.0	443.4718888262447	0.0	0	461.788181123331	643.4718888262578	1	0	tensor(5, device='cuda:0')	0.8863132546381307
45200.0	2000.0	193.4718888262404	0.0	0	504.514910927217	393.4718888262578	1	0	tensor(5, device='cuda:0')	0.9853816200834998
46200.0	2000.0	18.83373702926292	60.43413762551132	0	680.6516173899363	218.83373702926474	1	0	tensor(5, device='cuda:0')	1.061743116598987
47200.0	2000.0	326.064291179359	307.2305541501007	0	207.12093581454246	526.064291179362	1	0	tensor(3, device='cuda:0')	-0.45308152185844935
48200.0	2000.0	396.5642656808045	70.49997450143564	0	283.54828951444506	596.564265680805	1	0	tensor(3, device='cuda:0')	1.466086947421139
49200.0	2000.0	396.5642656808021	0.0	0	301.06083432593005	596.5642656808122	1	0	tensor(3, device='cuda:0')	1.8890867944297531
50200.0	2000.0	396.5642656808044	0.0	0	380.25644110782014	596.5642656808122	1	0	tensor(3, device='cuda:0')	1.8890867944297531
51200.0	2000.0	396.56426568080303	0.0	0	318.31966400772217	596.5642656808122	1	0	tensor(3, device='cuda:0')	1.8890867944297531
52200.0	2000.0	396.5642656808094	0.0	0	308.33842499394814	596.5642656808122	1	0	tensor(3, device='cuda:0')	1.8890867944297531
53200.0	2000.0	433.3755707992707	36.81130511846618	0	174.25311746374064	633.375570799275	1	0	tensor(3, device='cuda:0')	1.6675499991931895
54200.0	2000.0	433.3755707992625	0.0	0	355.5184127274988	633.3755707992677	1	0	tensor(3, device='cuda:0')	1.8884178299039867
55200.0	2000.0	433.37557079925443	0.0	0	415.93215236919787	633.3755707992677	1	0	tensor(3, device='cuda:0')	1.8884178299039867
56200.0	2000.0	433.37557079926273	0.0	0	432.0033449472103	633.3755707992677	1	0	tensor(3, device='cuda:0')	1.8884178299039867
57200.0	2000.0	433.37557079925875	0.0	0	505.4358351243209	633.3755707992677	1	0	tensor(3, device='cuda:0')	1.8884178299039867
58200.0	2000.0	448.91386832854596	15.538297529288684	0	222.96197684332583	648.9138683285564	1	0	tensor(3, device='cuda:0')	1.794898264899884
59200.0	2000.0	448.913868328542	0.0	0	612.8007396249013	648.9138683285491	1	0	tensor(3, device='cuda:0')	1.8881280500756161
60200.0	2000.0	448.91386832853914	0.0	0	456.74768803006737	648.9138683285491	1	0	tensor(3, device='cuda:0')	1.8881280500756161
61200.0	2000.0	448.91386832853766	0.0	0	535.1080664537585	648.9138683285491	1	0	tensor(3, device='cuda:0')	1.8881280500756161
62200.0	2000.0	448.9138683285345	0.0	0	341.7363934806781	648.9138683285491	1	0	tensor(3, device='cuda:0')	1.8881280500756161
63200.0	2000.0	448.91386832853266	0.0	0	180.91786290986784	648.9138683285564	1	0	tensor(3, device='cuda:0')	1.8881280500756161
64200.0	2000.0	448.9138683285314	0.0	0	464.0500081091013	648.9138683285637	1	0	tensor(3, device='cuda:0')	1.888128050075616
65200.0	2000.0	448.91386832853857	0.0	0	348.77761420232855	648.913868328571	1	0	tensor(3, device='cuda:0')	1.888128050075616
66200.0	2000.0	448.9138683285397	0.0	0	489.1899251981231	648.9138683285855	1	0	tensor(3, device='cuda:0')	1.888128050075616
67200.0	2000.0	448.9138683285229	0.0	0	333.69648771500215	648.9138683285855	1	0	tensor(3, device='cuda:0')	1.8881280500756157
68200.0	2000.0	448.9138683285262	0.0	0	527.0558064940706	648.9138683285855	1	0	tensor(3, device='cuda:0')	1.8881280500756157
69200.0	2000.0	448.9138683285237	0.0	0	429.04497611477564	648.9138683285855	1	0	tensor(3, device='cuda:0')	1.8881280500756157
70200.0	2000.0	448.91386832851776	0.0	0	288.5636428442813	648.9138683285855	1	0	tensor(3, device='cuda:0')	1.8881280500756157
71200.0	2000.0	448.9138683285057	0.0	0	507.5945774324646	648.9138683286001	1	0	tensor(3, device='cuda:0')	1.8881280500756152
72200.0	2000.0	448.913868328503	0.0	0	454.653541931184	648.9138683286001	1	0	tensor(3, device='cuda:0')	1.8881280500756152
73200.0	2000.0	448.91386832849673	0.0	0	512.6747256252856	648.9138683285855	1	0	tensor(3, device='cuda:0')	1.8881280500756157
74200.0	2000.0	448.9138683284798	0.0	0	354.8989246287965	648.9138683285855	1	0	tensor(3, device='cuda:0')	1.8881280500756157
75200.0	2000.0	448.9138683284691	0.0	0	256.69048322063463	648.913868328571	1	0	tensor(3, device='cuda:0')	1.888128050075616
76200.0	2000.0	448.9138683284539	0.0	0	357.76039742594	648.9138683285564	1	0	tensor(3, device='cuda:0')	1.8881280500756161
77200.0	2000.0	448.91386832845535	0.0	0	506.21762091713026	648.9138683285564	1	0	tensor(3, device='cuda:0')	1.8881280500756161
78200.0	2000.0	448.9138683284556	0.0	0	478.09582127575413	648.9138683285564	1	0	tensor(3, device='cuda:0')	1.8881280500756161
79200.0	2000.0	448.91386832845444	0.0	0	278.2938990610419	648.913868328571	1	0	tensor(3, device='cuda:0')	1.888128050075616
80200.0	2000.0	448.9138683284473	0.0	0	448.6172058099037	648.9138683285855	1	0	tensor(3, device='cuda:0')	1.8881280500756157
81200.0	2000.0	448.913868328433	0.0	0	246.35889185243286	648.9138683285855	1	0	tensor(3, device='cuda:0')	1.8881280500756157
82204.6436310219	2000.0	457.6963800571837	13.426142750665463	0	0.0	662.3400110792427	1	0	tensor(3, device='cuda:0')	1.8073171869145985
83200.0	2000.0	462.340011079079	0.0	0	380.03210090176435	662.3400110792427	1	0	tensor(3, device='cuda:0')	1.8878740434185912
84200.0	2000.0	462.3400110790799	0.0	0	353.78200483188266	662.3400110792427	1	0	tensor(3, device='cuda:0')	1.8878740434185912
85200.0	2000.0	462.3400110790999	0.0	0	357.95734931553307	662.3400110792427	1	0	tensor(3, device='cuda:0')	1.8878740434185912
86200.0	2000.0	462.34001107909035	0.0	0	173.54643051148742	662.3400110792427	1	0	tensor(3, device='cuda:0')	1.8878740434185912
87200.0	2000.0	584.4779238902308	122.1379128111177	0	91.30007181757537	784.477923890372	1	0	tensor(3, device='cuda:0')	1.152573984000014
88200.0	2000.0	584.4779238902279	0.0	0	313.6203491732449	784.4779238903575	1	0	tensor(3, device='cuda:0')	1.8854014608667204
89200.0	2000.0	584.4779238902349	0.0	0	493.0458836401376	784.4779238903575	1	0	tensor(3, device='cuda:0')	1.8854014608667204
90200.0	2000.0	334.47792389022084	0.0	0	481.20691282555345	534.477923890372	1	0	tensor(5, device='cuda:0')	0.888400837606075
91200.0	2000.0	407.42258690896796	72.94466301876895	0	179.87277127592824	607.4225869091315	1	0	tensor(3, device='cuda:0')	0.9512240211076465
92200.0	2000.0	407.4225869089703	0.0	0	336.0174577381549	607.4225869091315	1	0	tensor(3, device='cuda:0')	1.8888919992202602
93200.0	2000.0	407.4225869089629	0.0	0	417.6280100887234	607.4225869091315	1	0	tensor(3, device='cuda:0')	1.8888919992202602
94200.0	2000.0	407.4225869089603	0.0	0	633.7046800033568	607.4225869091315	1	0	tensor(3, device='cuda:0')	1.8888919992202602
95200.0	2000.0	407.4225869089456	0.0	0	488.7555182014912	607.4225869091315	1	0	tensor(3, device='cuda:0')	1.8888919992202602
96200.0	2000.0	407.4225869089486	0.0	0	566.8764083673595	607.4225869091315	1	0	tensor(3, device='cuda:0')	1.8888919992202602
97200.0	2000.0	407.4225869089513	0.0	0	647.0005317112227	607.4225869091315	1	0	tensor(3, device='cuda:0')	1.8888919992202602
98200.0	2000.0	407.4225869089545	0.0	0	318.7019135707087	607.4225869091315	1	0	tensor(3, device='cuda:0')	1.8888919992202602
99200.0	2000.0	407.4225869089395	0.0	0	191.43394796180655	607.4225869091315	1	0	tensor(3, device='cuda:0')	1.8888919992202602
100273.7153978955	2000.0	392.3364983575715	58.629309344158	0	0.0	666.0518962532806	1	0	tensor(3, device='cuda:0')	1.5360273648300697
101200.0	2000.0	466.05189625306707	0.0	0	147.22358844341943	666.0518962532806	1	0	tensor(3, device='cuda:0')	1.8878032208950177
102200.0	2000.0	598.4987496337748	132.44685338069894	0	83.89853035836131	798.4987496339891	1	0	tensor(3, device='cuda:0')	1.0904169018038639
103200.0	2000.0	598.4987496337624	0.0	0	576.2307431504014	798.4987496339891	1	0	tensor(3, device='cuda:0')	1.8850980220880575
104200.0	2000.0	598.4987496337639	0.0	0	472.04088135318307	798.4987496339891	1	0	tensor(3, device='cuda:0')	1.8850980220880575
105200.0	3000.0	348.4987496337464	0.0	0	339.23990542205865	548.49874963396	1	0	tensor(5, device='cuda:0')	0.8882366880952233
106200.0	2000.0	98.49874963372628	0.0	0	633.2771506399877	298.49874963393086	1	0	tensor(5, device='cuda:0')	0.9867940287660737
107200.0	2000.0	228.25089410245073	129.75214446871206	0	565.3045482693851	428.2508941026608	1	0	tensor(3, device='cuda:0')	0.6133399823132859
108200.0	2000.0	228.25089410245636	0.0	0	457.61784143015393	428.2508941026608	1	0	tensor(3, device='cuda:0')	1.8918528491255582
109200.0	2000.0	307.40316586631195	79.15227176386182	0	378.5285241930833	507.403165866519	1	0	tensor(3, device='cuda:0')	1.4156958172293368
110200.0	2000.0	431.6004333609961	124.19726749469555	0	56.37197864228801	631.6004333612073	1	0	tensor(3, device='cuda:0')	1.143267047160595
111200.0	2000.0	431.600433360999	0.0	0	367.9914846795291	631.6004333611927	1	0	tensor(3, device='cuda:0')	1.8884506521287685
112200.0	2000.0	431.60043336097846	0.0	0	231.63431953580584	631.6004333611781	1	0	tensor(3, device='cuda:0')	1.888450652128769
113200.0	2000.0	583.0689878287694	151.46855446778346	0	98.18313801879412	783.0689878289559	1	0	tensor(3, device='cuda:0')	0.976620394215296
114200.0	2000.0	583.0689878287615	0.0	0	547.9872045204102	783.0689878289559	1	0	tensor(3, device='cuda:0')	1.8854317210219969
115200.0	2000.0	583.0689878287737	0.0	0	343.6217335679539	783.0689878289704	1	0	tensor(3, device='cuda:0')	1.8854317210219962
116200.0	2000.0	333.06898782877425	0.0	0	397.2742062267207	533.0689878289704	1	0	tensor(5, device='cuda:0')	0.8884525949053297
117200.0	2000.0	342.35815760015157	9.289169771389709	0	270.3157961064571	542.3581576003489	1	0	tensor(3, device='cuda:0')	1.334293470714225
118200.0	2000.0	409.6982754285014	67.3401178283554	0	86.14293200087559	609.6982754287019	1	0	tensor(3, device='cuda:0')	1.484810200687927
119362.57503654483	2000.0	302.34528247421764	55.222043590558826	0	0.0	664.9203190192638	1	0	tensor(3, device='cuda:0')	1.55649257736491
120552.55581090768	2000.0	313.5973089587169	201.2328008473534	0	0.0	866.1531198664015	1	0	tensor(3, device='cuda:0')	0.6761764322762266
121345.59032434472	2000.0	663.6368201145933	143.07402459290898	0	0.0	1009.2271444593061	1	0	tensor(3, device='cuda:0')	1.0215484357098783
122200.0	2000.0	809.2271444593246	0.0	0	278.6707323865412	1009.2271444593061	1	0	tensor(3, device='cuda:0')	1.8799925832673323
123200.0	2000.0	559.2271444593275	0.0	0	454.18212441552896	759.2271444593061	1	0	tensor(5, device='cuda:0')	0.8836768441239806
124413.1974574544	2000.0	492.350364111407	146.32067710648607	0	0.0	905.5478215658077	1	0	tensor(3, device='cuda:0')	0.5047131820792041
125348.9424285592	2000.0	621.0559242543407	64.45053124771448	0	0.0	969.9983528135199	1	0	tensor(3, device='cuda:0')	1.4943220034133677
126200.0	2000.0	769.9983528135422	0.0	0	284.35887644010654	969.9983528135199	1	0	tensor(3, device='cuda:0')	1.8810251908996545
127200.0	2000.0	769.9983528135516	0.0	0	330.92296235691174	969.9983528135053	1	0	tensor(3, device='cuda:0')	1.881025190899655
128200.0	2000.0	769.9983528135715	0.0	0	320.048533717345	969.9983528135053	1	0	tensor(3, device='cuda:0')	1.881025190899655
129200.0	2000.0	519.9983528135708	0.0	0	247.4182695076015	719.9983528135053	1	0	tensor(5, device='cuda:0')	0.8847618237320676
130200.0	2000.0	519.9983528135893	0.0	0	202.72463053064712	719.9983528135199	1	0	tensor(3, device='cuda:0')	1.3867439933921237
131200.0	2000.0	519.9983528135747	0.0	0	254.69008986404515	719.9983528135053	1	0	tensor(3, device='cuda:0')	1.8867439933921237
132200.0	2000.0	519.9983528135585	0.0	0	288.3707106682996	719.9983528135053	1	0	tensor(3, device='cuda:0')	1.886743993392124
133200.0	2000.0	519.9983528135975	0.0	0	442.212922224513	719.9983528135344	1	0	tensor(3, device='cuda:0')	1.8867439933921235
134200.0	2000.0	519.998352813595	0.0	0	454.94601521544973	719.9983528135344	1	0	tensor(3, device='cuda:0')	1.8867439933921235
135200.0	2000.0	519.9983528136183	0.0	0	504.8329961313284	719.9983528135344	1	0	tensor(3, device='cuda:0')	1.8867439933921235
136200.0	2000.0	269.99835281360464	0.0	0	574.6930639968487	469.99835281350533	1	0	tensor(5, device='cuda:0')	0.8895347319405507
137200.0	2000.0	335.20068493653554	65.2023321229419	0	294.29470577303437	535.2006849364552	1	0	tensor(3, device='cuda:0')	0.9989351002301886
138200.0	2000.0	396.0893915328338	60.888706596319594	0	211.25582910783123	596.0893915327615	1	0	tensor(3, device='cuda:0')	1.5237630262126922
139419.77389648184	2000.0	309.9055663921697	133.5900713411972	0	0.0	729.6794628739299	1	0	tensor(3, device='cuda:0')	1.0850074190592849
140200.0	2000.0	665.8360417650858	136.15657889107501	0	56.20650764048332	865.8360417650838	1	0	tensor(3, device='cuda:0')	1.0666411507489948
141200.0	2000.0	665.8360417650779	0.0	0	372.3992950084503	865.8360417650838	1	0	tensor(3, device='cuda:0')	1.883580624095445
142200.0	2000.0	665.836041765067	0.0	0	190.65135600141366	865.8360417650547	1	0	tensor(3, device='cuda:0')	1.8835806240954456
143200.0	2000.0	415.83604176504673	0.0	0	463.83626164891757	615.8360417649965	1	0	tensor(5, device='cuda:0')	0.8868157817338892
144200.0	2000.0	415.83604176504457	0.0	0	255.37310107421945	615.8360417649965	1	0	tensor(3, device='cuda:0')	1.3887396163848678
145200.0	2000.0	415.83604176502104	0.0	0	428.7047548161645	615.8360417649674	1	0	tensor(3, device='cuda:0')	1.8887396163848682
146200.0	2000.0	415.83604176505503	0.0	0	254.39997281861724	615.8360417649674	1	0	tensor(3, device='cuda:0')	1.8887396163848682
147200.0	2000.0	415.83604176501376	0.0	0	117.58281145992805	615.8360417649383	1	0	tensor(3, device='cuda:0')	1.8887396163848689
148200.0	2000.0	421.0814503371296	5.2454085721290085	0	250.46849404508248	621.0814503370493	1	0	tensor(3, device='cuda:0')	1.8571715162345208
149200.0	2000.0	421.081450337149	0.0	0	538.0377746447339	621.0814503370493	1	0	tensor(3, device='cuda:0')	1.8886439676672948
150200.0	2000.0	421.08145033715925	0.0	0	221.35022918166942	621.0814503370493	1	0	tensor(3, device='cuda:0')	1.8886439676672948
151200.0	2000.0	421.0814503371646	0.0	0	225.71365705985227	621.0814503370493	1	0	tensor(3, device='cuda:0')	1.8886439676672948
152200.0	2000.0	421.0814503371744	0.0	0	367.06183300109114	621.0814503370493	1	0	tensor(3, device='cuda:0')	1.8886439676672948
153200.0	2000.0	421.081450337168	0.0	0	264.03318498516455	621.0814503370784	1	0	tensor(3, device='cuda:0')	1.8886439676672941
154200.0	2000.0	421.08145033714834	0.0	0	43.324700455908896	621.0814503370784	1	0	tensor(3, device='cuda:0')	1.8886439676672941
155200.0	2000.0	421.0814503371794	0.0	0	349.68551481032046	621.0814503371075	1	0	tensor(3, device='cuda:0')	1.8886439676672937
156200.0	2000.0	421.0814503371513	0.0	0	346.8728631044796	621.0814503371075	1	0	tensor(3, device='cuda:0')	1.8886439676672937
157200.0	2000.0	421.0814503371487	0.0	0	394.22131936703227	621.0814503371366	1	0	tensor(3, device='cuda:0')	1.888643967667293
158200.0	2000.0	421.081450337172	0.0	0	328.0647173006146	621.0814503371366	1	0	tensor(3, device='cuda:0')	1.888643967667293
159200.0	2000.0	421.0814503371612	0.0	0	523.4098844145192	621.0814503371366	1	0	tensor(3, device='cuda:0')	1.888643967667293
160200.0	2000.0	421.0814503371662	0.0	0	560.6592217327561	621.0814503371366	1	0	tensor(3, device='cuda:0')	1.888643967667293
161200.0	2000.0	421.081450337183	0.0	0	560.0674789483019	621.0814503371366	1	0	tensor(3, device='cuda:0')	1.888643967667293
162200.0	2000.0	421.0814503371963	0.0	0	552.2222448488174	621.0814503371366	1	0	tensor(3, device='cuda:0')	1.888643967667293
163200.0	2000.0	421.08145033721905	0.0	0	309.66622994016507	621.0814503371366	1	0	tensor(3, device='cuda:0')	1.888643967667293
164200.0	2000.0	421.0814503372476	0.0	0	385.5861011915258	621.0814503371366	1	0	tensor(3, device='cuda:0')	1.888643967667293
165200.0	2000.0	421.08145033723906	0.0	0	439.2920981042844	621.0814503371366	1	0	tensor(3, device='cuda:0')	1.888643967667293
166200.0	2000.0	421.08145033721314	0.0	0	366.3497486812994	621.0814503371366	1	0	tensor(3, device='cuda:0')	1.888643967667293
167200.0	2000.0	522.6816736315914	101.60022329438095	0	83.21089897770435	722.6816736315086	1	0	tensor(3, device='cuda:0')	1.2770884757582102
168200.0	2000.0	522.68167363158	0.0	0	414.8946617371985	722.6816736314795	1	0	tensor(3, device='cuda:0')	1.8866898155244964
169200.0	2000.0	522.6816736315316	0.0	0	141.3454703541356	722.6816736314795	1	0	tensor(3, device='cuda:0')	1.8866898155244964
170200.0	2000.0	522.6816736315316	0.0	0	264.6463807777909	722.6816736314795	1	0	tensor(3, device='cuda:0')	1.8866898155244964
171200.0	2000.0	522.6816736315529	0.0	0	464.8845277223154	722.6816736315086	1	0	tensor(3, device='cuda:0')	1.886689815524496
172200.0	2000.0	522.6816736315375	0.0	0	466.4881461674522	722.6816736315086	1	0	tensor(3, device='cuda:0')	1.886689815524496
173200.0	2000.0	522.6816736315741	0.0	0	198.32049013709184	722.6816736315377	1	0	tensor(3, device='cuda:0')	1.8866898155244956
174200.0	2000.0	522.68167363156	0.0	0	344.92804396589054	722.6816736315377	1	0	tensor(3, device='cuda:0')	1.8866898155244956
175200.0	2000.0	522.6816736315335	0.0	0	505.76988204589	722.6816736315377	1	0	tensor(3, device='cuda:0')	1.8866898155244956
176200.0	2000.0	522.6816736315524	0.0	0	160.14085207207245	722.6816736315377	1	0	tensor(3, device='cuda:0')	1.8866898155244956
177312.95809892862	2000.0	464.74737902851217	55.02380432558397	0	0.0	777.705477957119	1	0	tensor(3, device='cuda:0')	1.5554037037301094
178200.0	2000.0	577.7054779571538	0.0	0	226.2469248729758	777.705477957119	1	0	tensor(3, device='cuda:0')	1.8855465296836131
179200.0	2000.0	577.9465499951827	0.24107203801702326	0	41.40658451730269	777.946549995133	1	0	tensor(3, device='cuda:0')	1.8840949502496596
180200.0	2000.0	577.9465499951826	0.0	0	345.0453004221781	777.946549995133	1	0	tensor(3, device='cuda:0')	1.8855413824777618
181200.0	2000.0	577.9465499951768	0.0	0	95.1251551360183	777.946549995133	1	0	tensor(3, device='cuda:0')	1.8855413824777618
182200.0	2000.0	577.9465499951832	0.0	0	140.5224395628029	777.946549995133	1	0	tensor(3, device='cuda:0')	1.8855413824777618
183200.0	2000.0	577.9465499951509	0.0	0	499.3854644825333	777.9465499951039	1	0	tensor(3, device='cuda:0')	1.8855413824777623
184200.0	2000.0	577.9465499951372	0.0	0	441.76624163761153	777.9465499951039	1	0	tensor(3, device='cuda:0')	1.8855413824777623
185200.0	2000.0	327.9465499951432	0.0	0	285.9150676361169	527.9465499951039	1	0	tensor(5, device='cuda:0')	0.8885614884885941
186306.6488753001	2000.0	349.8506664391276	128.5529917440835	0	0.0	656.4995417392056	1	0	tensor(3, device='cuda:0')	0.6166670029117929
187619.45105720984	2000.0	339.7129704294293	302.6644859000211	0	0.0	959.1640276392573	1	0	tensor(3, device='cuda:0')	0.0653164893457302
188352.34921732105	2000.0	669.3799129130927	62.56510259489562	0	0.0	1021.7291302341619	1	0	tensor(3, device='cuda:0')	1.5042643946125274
189200.0	2000.0	821.7291302341729	0.0	0	348.2423010505154	1021.7291302341619	1	0	tensor(3, device='cuda:0')	1.8796550101819012
190200.0	2000.0	821.7291302341655	0.0	0	414.14817176561337	1021.7291302341619	1	0	tensor(3, device='cuda:0')	1.8796550101819012
191200.0	3000.0	571.7291302342051	0.0	0	230.79344427702017	771.729130234191	1	0	tensor(5, device='cuda:0')	0.8837374362402215
192200.0	3000.0	321.72913023419136	0.0	0	327.60826561783324	521.7291302341619	1	0	tensor(5, device='cuda:0')	1.7941341470193066
193200.0	2000.0	321.72913023415407	0.0	0	433.63098638126394	521.7291302341328	1	0	tensor(3, device='cuda:0')	0.984908672328552
194200.0	2000.0	321.729130234178	0.0	0	511.43837522229296	521.7291302341328	1	0	tensor(3, device='cuda:0')	1.8903737804367164
195200.0	2000.0	324.5964506634791	2.867320429322149	0	217.86204462245223	524.5964506634336	1	0	tensor(3, device='cuda:0')	1.873122285921321
196200.0	2000.0	375.40280578529433	50.806355121821355	0	225.80994384697988	575.4028057852411	1	0	tensor(3, device='cuda:0')	1.5846223233213377
197200.0	2000.0	443.0758439457927	67.67303816050247	0	181.91822901795967	643.0758439457277	1	0	tensor(3, device='cuda:0')	1.4821992201702592
198200.0	2000.0	443.0758439457634	0.0	0	308.1035996697028	643.0758439457277	1	0	tensor(3, device='cuda:0')	1.888237449133274
199200.0	2000.0	443.07584394573564	0.0	0	398.84387078738655	643.0758439456986	1	0	tensor(3, device='cuda:0')	1.8882374491332745
200200.0	2000.0	443.0758439457279	0.0	0	530.4966620095947	643.0758439456986	1	0	tensor(3, device='cuda:0')	1.8882374491332745
201200.0	2000.0	443.0758439457321	0.0	0	121.92330585350282	643.0758439456986	1	0	tensor(3, device='cuda:0')	1.8882374491332745
202200.0	2000.0	443.0758439457095	0.0	0	275.94076368716196	643.0758439456986	1	0	tensor(3, device='cuda:0')	1.8882374491332745
203200.0	2000.0	443.0758439457139	0.0	0	237.76312260050327	643.0758439456986	1	0	tensor(3, device='cuda:0')	1.8882374491332745
204200.0	2000.0	443.07584394573666	0.0	0	115.20336485665757	643.0758439457277	1	0	tensor(3, device='cuda:0')	1.888237449133274
205200.0	2000.0	443.07584394574565	0.0	0	227.77784156429698	643.0758439457568	1	0	tensor(3, device='cuda:0')	1.8882374491332734
206200.0	2000.0	443.07584394573337	0.0	0	498.41448471695185	643.0758439457568	1	0	tensor(3, device='cuda:0')	1.8882374491332734
207200.0	2000.0	443.07584394572086	0.0	0	525.1408065042342	643.0758439457859	1	0	tensor(3, device='cuda:0')	1.8882374491332734
208200.0	2000.0	443.075843945752	0.0	0	358.7821601165342	643.0758439457859	1	0	tensor(3, device='cuda:0')	1.888237449133273
209288.35153388215	2000.0	406.119101913354	51.39479184974107	0	0.0	694.4706357955292	1	0	tensor(3, device='cuda:0')	1.5788835285580742
210200.0	2000.0	494.4706357954392	0.0	0	152.06468529850827	694.470635795471	1	0	tensor(3, device='cuda:0')	1.8872522796565212
211200.0	2000.0	596.5193961784632	102.04876038305167	0	27.047977187816286	796.5193961785117	1	0	tensor(3, device='cuda:0')	1.272848552489995
212200.0	2000.0	596.5193961784391	0.0	0	271.40040154822054	796.5193961784826	1	0	tensor(3, device='cuda:0')	1.8851411147883057
213200.0	2000.0	596.5193961784597	0.0	0	539.6954281915387	796.5193961784826	1	0	tensor(3, device='cuda:0')	1.8851411147883057
214200.0	2000.0	596.5193961784838	0.0	0	654.5872323401563	796.5193961784826	1	0	tensor(3, device='cuda:0')	1.8851411147883057
215200.0	2000.0	346.5193961784964	0.0	0	443.2364462125988	546.5193961784826	1	0	tensor(5, device='cuda:0')	0.8881907414380028
216200.0	2000.0	346.51939617849865	0.0	0	485.91106409809436	546.5193961784826	1	0	tensor(3, device='cuda:0')	1.389957977890948
217200.0	2000.0	354.65746124025765	8.138065061757288	0	298.5363654824614	554.6574612402474	1	0	tensor(3, device='cuda:0')	1.840990845816068
218200.0	2000.0	392.4213683715125	37.763907131294275	0	272.70306931313826	592.4213683715207	1	0	tensor(3, device='cuda:0')	1.6625771233349549
219200.0	2000.0	392.4213683715153	0.0	0	572.5691353791626	592.4213683715207	1	0	tensor(3, device='cuda:0')	1.8891605661227204
220200.0	2000.0	392.42136837149144	0.0	0	306.5620405151858	592.4213683715207	1	0	tensor(3, device='cuda:0')	1.8891605661227204
221200.0	2000.0	392.4213683714679	0.0	0	371.63090168265626	592.4213683715207	1	0	tensor(3, device='cuda:0')	1.8891605661227204
222200.0	2000.0	429.1300376864548	36.70866931501138	0	76.6031111239572	629.1300376865256	1	0	tensor(3, device='cuda:0')	1.6682442178055765
223200.0	2000.0	429.1300376864581	0.0	0	434.2318964782171	629.1300376864965	1	0	tensor(3, device='cuda:0')	1.8884962336956455
224200.0	2000.0	429.1300376864972	0.0	0	523.7676777658926	629.1300376864965	1	0	tensor(3, device='cuda:0')	1.8884962336956455
225200.0	2000.0	429.1300376865398	0.0	0	381.68323891065666	629.1300376865256	1	0	tensor(3, device='cuda:0')	1.888496233695645
226200.0	2000.0	429.13003768652516	0.0	0	417.9653142519237	629.1300376865256	1	0	tensor(3, device='cuda:0')	1.8884962336956448
227200.0	2000.0	429.13003768653425	0.0	0	271.33312541400664	629.1300376865256	1	0	tensor(3, device='cuda:0')	1.8884962336956448
228200.0	2000.0	429.1300376865504	0.0	0	442.27908568258863	629.1300376865256	1	0	tensor(3, device='cuda:0')	1.8884962336956448
229200.0	2000.0	489.07536760419634	59.94532991765283	0	86.02829203262809	689.0753676041786	1	0	tensor(3, device='cuda:0')	1.527686091543476
230200.0	2000.0	489.0753676041711	0.0	0	253.046232466324	689.0753676041786	1	0	tensor(3, device='cuda:0')	1.887358071049393
231200.0	2000.0	489.0753676042009	0.0	0	548.7023497809423	689.0753676041786	1	0	tensor(3, device='cuda:0')	1.887358071049393
232200.0	2000.0	489.07536760421385	0.0	0	398.77679352703854	689.0753676041495	1	0	tensor(3, device='cuda:0')	1.8873580710493933
233200.0	2000.0	489.07536760421067	0.0	0	465.992230788921	689.0753676041495	1	0	tensor(3, device='cuda:0')	1.8873580710493933
234200.0	2000.0	489.0753676041886	0.0	0	485.6277924675087	689.0753676041204	1	0	tensor(3, device='cuda:0')	1.8873580710493938
235200.0	2000.0	489.0753676041812	0.0	0	491.99903643876314	689.0753676041204	1	0	tensor(3, device='cuda:0')	1.887358071049394
236200.0	2000.0	489.07536760422795	0.0	0	309.9860911836149	689.0753676041204	1	0	tensor(3, device='cuda:0')	1.887358071049394
237200.0	2000.0	489.0753676042109	0.0	0	175.59692688452196	689.0753676041204	1	0	tensor(3, device='cuda:0')	1.887358071049394
238200.0	2000.0	489.0753676042285	0.0	0	88.4627914680168	689.0753676041495	1	0	tensor(3, device='cuda:0')	1.8873580710493936
239200.0	2000.0	489.0753676042568	0.0	0	191.1688565686054	689.0753676041786	1	0	tensor(3, device='cuda:0')	1.887358071049393
240200.0	2000.0	489.0753676042523	0.0	0	273.4024488948344	689.0753676041786	1	0	tensor(3, device='cuda:0')	1.887358071049393
241200.0	2000.0	489.0753676042225	0.0	0	440.2761973408051	689.0753676041495	1	0	tensor(3, device='cuda:0')	1.8873580710493933
242200.0	2000.0	489.07536760420373	0.0	0	287.3036028902279	689.0753676041495	1	0	tensor(3, device='cuda:0')	1.8873580710493933
243200.0	2000.0	509.02545669927235	19.950089095054807	0	121.39379356562858	709.0254566991935	1	0	tensor(3, device='cuda:0')	1.7672635168107227
244200.0	2000.0	509.02545669927804	0.0	0	387.7705782610865	709.0254566991935	1	0	tensor(3, device='cuda:0')	1.8869640513810517
245200.0	2000.0	509.02545669929077	0.0	0	326.17235055254423	709.0254566992226	1	0	tensor(3, device='cuda:0')	1.8869640513810513
246200.0	2000.0	509.02545669929214	0.0	0	537.2739552491985	709.0254566991935	1	0	tensor(3, device='cuda:0')	1.8869640513810517
247200.0	2000.0	509.02545669930737	0.0	0	184.88230150484014	709.0254566991935	1	0	tensor(3, device='cuda:0')	1.8869640513810517
248200.0	2000.0	509.02545669928054	0.0	0	385.5014999397972	709.0254566991935	1	0	tensor(3, device='cuda:0')	1.8869640513810517
249200.0	2000.0	520.912116532186	11.886659832931912	0	101.91012192238122	720.9121165320976	1	0	tensor(3, device='cuda:0')	1.8154056011090587
250200.0	2000.0	520.9121165321694	0.0	0	260.2474725898355	720.9121165320976	1	0	tensor(3, device='cuda:0')	1.8867255601066504
251200.0	2000.0	520.9121165321826	0.0	0	488.8728394236241	720.9121165320976	1	0	tensor(3, device='cuda:0')	1.8867255601066504
252200.0	2000.0	520.9121165321919	0.0	0	458.7299850990239	720.9121165320976	1	0	tensor(3, device='cuda:0')	1.8867255601066504
253200.0	2000.0	270.9121165321834	0.0	0	625.6903069142718	470.91211653209757	1	0	tensor(5, device='cuda:0')	0.8895003502221179
254200.0	2000.0	286.88629041140314	15.974173879223656	0	412.1222235224559	486.88629041131935	1	0	tensor(3, device='cuda:0')	1.295096135917368
255200.0	2000.0	329.0049821621828	42.118691750742556	0	362.9483703834994	529.0049821620923	1	0	tensor(3, device='cuda:0')	1.6375406513232507
256200.0	2000.0	329.00498216219756	0.0	0	690.9446735294187	529.0049821620923	1	0	tensor(3, device='cuda:0')	1.8902528018277056
257200.0	2000.0	329.0049821622087	0.0	0	457.2823570438195	529.0049821621215	1	0	tensor(3, device='cuda:0')	1.8902528018277056
258200.0	2000.0	357.7953999494089	28.790417787184424	0	376.9165115572396	557.7953999493038	1	0	tensor(3, device='cuda:0')	1.717022932611585
259200.0	2000.0	357.7953999494042	0.0	0	516.341646451765	557.7953999493038	1	0	tensor(3, device='cuda:0')	1.8897654393346914
260200.0	2000.0	357.79539994942735	0.0	0	482.73834487755084	557.795399949362	1	0	tensor(3, device='cuda:0')	1.8897654393346908
261200.0	2000.0	357.79539994942706	0.0	0	135.4173151452851	557.795399949362	1	0	tensor(3, device='cuda:0')	1.8897654393346905
262200.0	2000.0	461.1697246099029	103.37432466048017	0	275.3722798914532	661.1697246098483	1	0	tensor(3, device='cuda:0')	1.2676503705130382
263200.0	2000.0	461.16972460993406	0.0	0	530.2416188091156	661.1697246099357	1	0	tensor(3, device='cuda:0')	1.8878963184759185
264200.0	2000.0	461.1697246099436	0.0	0	590.7736317047966	661.1697246099357	1	0	tensor(3, device='cuda:0')	1.8878963184759177
265286.7521685138	2000.0	374.4175560961512	0.0	0	0.0	661.1697246099357	1	0	tensor(3, device='cuda:0')	1.8878963184759177
266200.0	2000.0	490.51402976870963	29.34430515876784	0	106.02202372235479	690.514029768703	1	0	tensor(3, device='cuda:0')	1.7112640857837274
267200.0	2000.0	490.51402976871964	0.0	0	182.0234241617145	690.514029768703	1	0	tensor(3, device='cuda:0')	1.8873299167363342
268200.0	2000.0	490.5140297687442	0.0	0	301.61526832106756	690.514029768703	1	0	tensor(3, device='cuda:0')	1.8873299167363335
269200.0	2000.0	490.51402976873305	0.0	0	248.08097333094338	690.5140297685866	1	0	tensor(3, device='cuda:0')	1.8873299167363358
270200.0	2000.0	490.5140297686869	0.0	0	116.49785691325087	690.5140297685284	1	0	tensor(3, device='cuda:0')	1.8873299167363375
271200.0	2000.0	490.5140297687383	0.0	0	309.65800503385253	690.5140297685866	1	0	tensor(3, device='cuda:0')	1.887329916736337
272200.0	2000.0	490.5140297687269	0.0	0	496.55492336233146	690.5140297685866	1	0	tensor(3, device='cuda:0')	1.8873299167363364
273200.0	2000.0	490.51402976872964	0.0	0	387.72640648885863	690.5140297685866	1	0	tensor(3, device='cuda:0')	1.8873299167363364
274200.0	2000.0	490.5140297687883	0.0	0	504.67559767182684	690.5140297685866	1	0	tensor(3, device='cuda:0')	1.8873299167363364
275200.0	2000.0	490.51402976879353	0.0	0	549.1532496424625	690.5140297685866	1	0	tensor(3, device='cuda:0')	1.8873299167363364
276200.0	2000.0	490.51402976878364	0.0	0	277.7839178975555	690.5140297685866	1	0	tensor(3, device='cuda:0')	1.8873299167363364
277200.0	2000.0	490.5140297688315	0.0	0	530.1995194099145	690.5140297686448	1	0	tensor(3, device='cuda:0')	1.887329916736336
278200.0	2000.0	490.5140297688338	0.0	0	425.6818494308973	690.5140297686448	1	0	tensor(3, device='cuda:0')	1.887329916736336
279200.0	2000.0	490.51402976891006	0.0	0	260.896105538588	690.514029768703	1	0	tensor(3, device='cuda:0')	1.8873299167363349
280200.0	2000.0	490.5140297689494	0.0	0	253.86051022273023	690.514029768703	1	0	tensor(3, device='cuda:0')	1.8873299167363342
281200.0	2000.0	490.5140297689534	0.0	0	507.6203103978769	690.5140297686448	1	0	tensor(3, device='cuda:0')	1.8873299167363347
282227.8682811455	2000.0	462.64574862347604	0.0	0	91.48179336986504	690.514029768703	1	0	tensor(3, device='cuda:0')	1.8873299167363342
283426.42569086124	2000.0	569.877471774153	305.78913286640216	0	0.0	996.3031626354204	1	0	tensor(3, device='cuda:0')	0.04560240468848298
284200.0	2000.0	796.3031626354447	0.0	0	12.77442539652111	996.3031626354204	1	0	tensor(3, device='cuda:0')	1.8803372018868953
285200.0	2000.0	796.3031626354821	0.0	0	280.9937836606405	996.3031626354787	1	0	tensor(3, device='cuda:0')	1.8803372018868951
286200.0	3000.0	546.3031626355263	0.0	0	378.6795226393151	746.3031626354787	1	0	tensor(5, device='cuda:0')	0.8841163299790771
287200.0	2000.0	296.30316263550395	0.0	0	212.96669324696995	496.30316263542045	1	0	tensor(5, device='cuda:0')	0.9837315489939906
288200.0	2000.0	528.766704382187	232.46354174667738	0	168.57873416127404	728.766704382142	1	0	tensor(3, device='cuda:0')	-0.008214829872438378
289200.0	2000.0	528.766704382184	0.0	0	507.2006149266381	728.766704382142	1	0	tensor(3, device='cuda:0')	1.8865664206076258
290200.0	2000.0	528.7667043822248	0.0	0	453.54697154910536	728.7667043820838	1	0	tensor(3, device='cuda:0')	1.8865664206076262
291200.0	2000.0	528.7667043822403	0.0	0	393.1838592363056	728.7667043820838	1	0	tensor(3, device='cuda:0')	1.886566420607627
292200.0	2000.0	528.7667043822269	0.0	0	96.61911297013285	728.7667043820838	1	0	tensor(3, device='cuda:0')	1.886566420607627
293200.0	2000.0	528.7667043821934	0.0	0	413.46195415448165	728.7667043820838	1	0	tensor(3, device='cuda:0')	1.8865664206076278
294200.0	2000.0	528.7667043821255	0.0	0	312.8111061057425	728.766704382142	1	0	tensor(3, device='cuda:0')	1.8865664206076258
295200.0	2000.0	528.7667043821338	0.0	0	510.5676638603909	728.766704382142	1	0	tensor(3, device='cuda:0')	1.8865664206076258
296200.0	2000.0	528.7667043821334	0.0	0	460.44549448409816	728.766704382142	1	0	tensor(3, device='cuda:0')	1.8865664206076258
297200.0	2000.0	528.7667043821634	0.0	0	7.1961267571896315	728.766704382142	1	0	tensor(3, device='cuda:0')	1.8865664206076258
298200.0	2000.0	528.766704382158	0.0	0	462.20861764333677	728.766704382142	1	0	tensor(3, device='cuda:0')	1.8865664206076258
299200.0	2000.0	528.7667043822146	0.0	0	658.0333244906506	728.7667043822003	1	0	tensor(3, device='cuda:0')	1.8865664206076247
300200.0	2000.0	528.7667043821529	0.0	0	449.1126613158267	728.7667043822003	1	0	tensor(3, device='cuda:0')	1.8865664206076247
2.91	4.96	3.59	4.46	2.32	1.63	4.07	2.9	3.85	3.93	3.13	2.28	3.16	3.07	4.2	4.51	6.19	4.07	2.93	2.75	3.12	2.28	3.37	4.9	3.89	2.95	4.59	3.04	3.94	2.72	5.4	3.49	3.78	4.26	1.53	3.45	3.7	2.78	2.88	5.33	5.54	5.7	3.66	2.21	3.16	4.4	4.19	2.94	2.68	4.29	4.66	4.74	4.37	2.72	4.8	2.91	3.59	3.49	2.91	3.41	2.64	4.73	3.07	5.83	4.54	3.3	4.29	3.6	3.08	5.64	2.26	2.8	4.99	5.72	2.58	4.22	4.49	2.7	2.57	2.51	2.49	2.53	2.1	4.34	3.38	4.34	3.22	3.45	3.96	6.08	4.37	4.29	6.09	3.85	3.82	2.43	2.09	2.04	4.24	3.8	4.88	4.88	3.67	4.04	2.49	2.92	2.46	2.8	1.76	4.09	4.26	4.4	3.75	2.66	2.21	1.74	1.29	3.72	5.13	1.29	2.0	3.35	4.48	2.4	3.51	2.26	2.68	2.88	3.73	3.66	4.09	4.39	3.97	2.66	2.31	2.0	3.79	2.33	3.82	3.07	2.98	4.2	2.34	2.46	4.33	2.69	3.19	4.2	3.1	2.97	2.36	4.9	2.72	3.71	3.7	3.44	4.97	4.25	3.29	2.86	4.21	5.02	1.67	3.16	3.0	3.35	4.37	3.15	3.26	2.81	4.07	3.95	2.04	2.75	2.25	3.83	2.78	3.08	3.19	3.8	4.37	2.56	2.04	2.03	3.72	3.2	4.1	5.83	3.5	3.53	3.67	2.15	2.8	3.41	4.27	4.03	2.29	2.35	2.41	2.53	1.89	3.57	3.09	3.85	3.12	2.06	2.21	1.73	2.66	3.28	4.73	4.8	3.09	3.46	3.08	4.56	2.73	3.52	2.98	2.95	3.31	3.79	5.03	2.85	4.01	2.97	3.36	3.68	4.0	3.24	3.7	3.29	2.76	1.73	2.4	2.33	2.22	5.14	3.93	2.09	3.94	2.99	4.1	2.93	3.59	2.05	2.92	5.73	4.54	4.32	4.41	3.23	6.08	4.38	3.41	4.54	3.97	3.58	1.98	5.73	4.93	2.62	1.84	2.14	2.54	3.87	3.12	3.13	4.8	3.8	4.1	4.09	2.97	3.82	3.56	2.68	1.91	3.08	4.0	1.48	3.02	2.98	4.56	3.93	2.07	4.26	5.31	4.03	2.93	3.21	2.22	3.07	3.97	2.57	2.78	5.41	3.87	3.78
1800.0	1801.0	1802.0	1803.0	1804.0	1805.0	1806.0	1807.0	1808.0	1809.0	1810.0	1811.0	1812.0	1813.0	1814.0	1815.0	1816.0	1817.0	1818.0	1819.0	1820.0	1821.0	1822.0	1823.0	1824.0	1825.0	1826.0	1827.0	1828.0	1829.0	1830.0	1831.0	1832.0	1833.0	1834.0	1835.0	1836.0	1837.0	1838.0	1839.0	1840.0	1841.0	1842.0	1843.0	1844.0	1845.0	1846.0	1847.0	1848.0	1849.0	1850.0	1851.0	1852.0	1853.0	1854.0	1855.0	1856.0	1857.0	1858.0	1859.0	1860.0	1861.0	1862.0	1863.0	1864.0	1865.0	1866.0	1867.0	1868.0	1869.0	1870.0	1871.0	1872.0	1873.0	1874.0	1875.0	1876.0	1877.0	1878.0	1879.0	1880.0	1881.0	1882.0	1883.0	1884.0	1885.0	1886.0	1887.0	1888.0	1889.0	1890.0	1891.0	1892.0	1893.0	1894.0	1895.0	1896.0	1897.0	1898.0	1899.0	1900.0	1901.0	1902.0	1903.0	1904.0	1905.0	1906.0	1907.0	1908.0	1909.0	1910.0	1911.0	1912.0	1913.0	1914.0	1915.0	1916.0	1917.0	1918.0	1919.0	1920.0	1921.0	1922.0	1923.0	1924.0	1925.0	1926.0	1927.0	1928.0	1929.0	1930.0	1931.0	1932.0	1933.0	1934.0	1935.0	1936.0	1937.0	1938.0	1939.0	1940.0	1941.0	1942.0	1943.0	1944.0	1945.0	1946.0	1947.0	1948.0	1949.0	1950.0	1951.0	1952.0	1953.0	1954.0	1955.0	1956.0	1957.0	1958.0	1959.0	1960.0	1961.0	1962.0	1963.0	1964.0	1965.0	1966.0	1967.0	1968.0	1969.0	1970.0	1971.0	1972.0	1973.0	1974.0	1975.0	1976.0	1977.0	1978.0	1979.0	1980.0	1981.0	1982.0	1983.0	1984.0	1985.0	1986.0	1987.0	1988.0	1989.0	1990.0	1991.0	1992.0	1993.0	1994.0	1995.0	1996.0	1997.0	1998.0	1999.0	2000.0	2000.0	2001.0	2002.0	2003.0	2004.0	2005.0	2006.0	2007.0	2008.0	2009.0	2010.0	2011.0	2012.0	2013.0	2014.0	2015.0	2016.0	2017.0	2018.0	2019.0	2020.0	2021.0	2022.0	2023.0	2024.0	2025.0	2026.0	2027.0	2028.0	2029.0	2030.0	2031.0	2032.0	2033.0	2034.0	2035.0	2036.0	2037.0	2038.0	2039.0	2040.0	2041.0	2042.0	2043.0	2044.0	2045.0	2046.0	2047.0	2048.0	2049.0	2050.0	2051.0	2052.0	2053.0	2054.0	2055.0	2056.0	2057.0	2058.0	2059.0	2060.0	2061.0	2062.0	2063.0	2064.0	2065.0	2066.0	2067.0	2068.0	2069.0	2070.0	2071.0	2072.0	2073.0	2074.0	2075.0	2076.0	2077.0	2078.0	2079.0	2080.0	2081.0	2082.0	2083.0	2084.0	2085.0	2086.0	2087.0	2088.0	2089.0	2090.0	2091.0	2092.0	2093.0	2094.0	2095.0	2096.0
3827.0
