2200.0	3000.0	1723.7118580149433	446.1589987356911	0	221.03051358804532	1923.7118580149433	0	0	tensor(5, device='cuda:0')	-3.3404749445534674
3200.0	3000.0	1826.097514521075	281.9085252049054	0	558.3261351249726	2026.0975145210755	1	0	tensor(5, device='cuda:0')	0.18166866547704835
4200.0	3000.0	1576.097514521075	0.0	0	424.3530265495124	1776.0975145210755	1	0	tensor(5, device='cuda:0')	1.7489334215681889
5200.0	3000.0	1326.0975145210753	0.0	0	548.8539082256902	1526.097514521076	1	0	tensor(5, device='cuda:0')	1.762603832622655
6200.0	3000.0	1076.0975145210764	0.0	0	462.240554642337	1276.0975145210778	1	0	tensor(5, device='cuda:0')	1.773644143744931
7200.0	3000.0	826.0975145210779	0.0	0	538.1363715755924	1026.0975145210796	1	0	tensor(5, device='cuda:0')	1.7820835833618358
8200.0	3000.0	576.097514521078	0.0	0	176.47503460451117	776.0975145210787	1	0	tensor(5, device='cuda:0')	1.7891207361865917
9200.0	3000.0	326.09751452107736	0.0	0	360.883563447489	526.0975145210759	1	0	tensor(5, device='cuda:0')	1.7941767093559888
10200.0	3000.0	108.4401176509582	25.87408250390415	0	491.90776006244414	308.4401176509564	1	0	tensor(5, device='cuda:0')	1.6553401279973916
11200.0	2000.0	171.78955451464498	63.349436863686265	0	638.1989334473401	371.7895545146421	1	0	tensor(3, device='cuda:0')	0.6071202471143887
12200.0	2000.0	171.78955451464492	0.0	0	573.6907345991003	371.7895545146439	1	0	tensor(3, device='cuda:0')	1.8926819764046707
13200.0	2000.0	252.9519438729559	81.16238935830933	0	569.483894553694	452.95194387295487	1	0	tensor(3, device='cuda:0')	1.4045009134223343
14200.0	2000.0	252.95194387295794	0.0	0	716.7182530384907	452.95194387295487	1	0	tensor(3, device='cuda:0')	1.8914752495721903
15200.0	2000.0	252.95194387295936	0.0	0	699.1279819288284	452.9519438729567	1	0	tensor(3, device='cuda:0')	1.89147524957219
16200.0	2000.0	252.9519438729618	0.0	0	763.1342222855437	452.9519438729567	1	0	tensor(3, device='cuda:0')	1.89147524957219
17200.0	2000.0	252.95194387296146	0.0	0	810.74279336367	452.95194387295487	1	0	tensor(3, device='cuda:0')	1.8914752495721903
18200.0	2000.0	252.95194387295993	0.0	0	753.4527655380407	452.95194387295487	1	0	tensor(3, device='cuda:0')	1.8914752495721903
19200.0	2000.0	252.9519438729588	0.0	0	609.19647467697	452.95194387295487	1	0	tensor(3, device='cuda:0')	1.8914752495721903
20200.0	2000.0	252.95194387295783	0.0	0	678.1120807151019	452.95194387295487	1	0	tensor(3, device='cuda:0')	1.8914752495721903
21200.0	2000.0	252.95194387295487	0.0	0	550.7738324438105	452.95194387295487	1	0	tensor(3, device='cuda:0')	1.8914752495721903
22200.0	2000.0	262.66513310883	9.713189235876737	0	213.0655215140432	462.6651331088324	1	0	tensor(3, device='cuda:0')	1.833045076960219
23200.0	2000.0	262.66513310882624	0.0	0	533.2132507215429	462.6651331088324	1	0	tensor(3, device='cuda:0')	1.8913242123754794
24200.0	2000.0	262.66513310882993	0.0	0	512.224766602274	462.6651331088324	1	0	tensor(3, device='cuda:0')	1.8913242123754794
25200.0	2000.0	262.6651331088278	0.0	0	617.678299211886	462.66513310882874	1	0	tensor(3, device='cuda:0')	1.8913242123754794
26200.0	2000.0	285.20301371332846	22.537880604496593	0	532.2229075761279	485.2030137133261	1	0	tensor(3, device='cuda:0')	1.755740813496737
27200.0	2000.0	285.20301371332806	0.0	0	719.8285858878153	485.2030137133297	1	0	tensor(3, device='cuda:0')	1.8909680971237164
28200.0	2000.0	285.2030137133281	0.0	0	586.996879662107	485.2030137133261	1	0	tensor(3, device='cuda:0')	1.8909680971237166
29200.0	2000.0	285.20301371332846	0.0	0	725.8746146515587	485.2030137133261	1	0	tensor(3, device='cuda:0')	1.8909680971237166
30200.0	2000.0	285.20301371333034	0.0	0	763.6708611035428	485.2030137133297	1	0	tensor(3, device='cuda:0')	1.8909680971237164
31200.0	2000.0	285.203013713331	0.0	0	816.4050599465008	485.2030137133297	1	0	tensor(3, device='cuda:0')	1.8909680971237164
32200.0	2000.0	285.20301371333466	0.0	0	799.5972363378896	485.2030137133297	1	0	tensor(3, device='cuda:0')	1.8909680971237164
33200.0	2000.0	285.20301371333613	0.0	0	759.7956123490294	485.20301371333335	1	0	tensor(3, device='cuda:0')	1.8909680971237164
34200.0	2000.0	285.2030137133396	0.0	0	653.8277288143363	485.2030137133261	1	0	tensor(3, device='cuda:0')	1.8909680971237166
35200.0	2000.0	285.2030137133311	0.0	0	519.3828475061891	485.2030137133261	1	0	tensor(3, device='cuda:0')	1.8909680971237166
36200.0	2000.0	285.2030137133272	0.0	0	623.6690883399133	485.2030137133261	1	0	tensor(3, device='cuda:0')	1.8909680971237166
37200.0	2000.0	285.2030137133379	0.0	0	569.1551858281746	485.2030137133261	1	0	tensor(3, device='cuda:0')	1.8909680971237166
38200.0	2000.0	285.20301371334165	0.0	0	739.7329058904579	485.20301371333335	1	0	tensor(3, device='cuda:0')	1.8909680971237164
39200.0	2000.0	285.20301371333767	0.0	0	653.7979802841073	485.20301371333335	1	0	tensor(3, device='cuda:0')	1.8909680971237164
40200.0	2000.0	285.2030137133311	0.0	0	713.7106265047987	485.20301371333335	1	0	tensor(3, device='cuda:0')	1.8909680971237164
41200.0	2000.0	285.20301371332926	0.0	0	590.7646641686952	485.2030137133406	1	0	tensor(3, device='cuda:0')	1.8909680971237164
42200.0	2000.0	285.20301371333693	0.0	0	584.7484690225174	485.2030137133406	1	0	tensor(3, device='cuda:0')	1.8909680971237164
43200.0	2000.0	285.2030137133286	0.0	0	586.0876908253485	485.20301371333335	1	0	tensor(3, device='cuda:0')	1.8909680971237164
44200.0	2000.0	285.2030137133327	0.0	0	501.4004256365297	485.20301371333335	1	0	tensor(3, device='cuda:0')	1.8909680971237164
45200.0	2000.0	285.20301371333824	0.0	0	763.7739891952078	485.20301371333335	1	0	tensor(3, device='cuda:0')	1.8909680971237164
46200.0	2000.0	285.20301371333414	0.0	0	676.4876181989312	485.20301371333335	1	0	tensor(3, device='cuda:0')	1.8909680971237164
47200.0	2000.0	285.2030137133306	0.0	0	698.3558747719726	485.20301371333335	1	0	tensor(3, device='cuda:0')	1.8909680971237164
48200.0	2000.0	285.2030137133262	0.0	0	813.7358900832915	485.20301371333335	1	0	tensor(3, device='cuda:0')	1.8909680971237164
49200.0	2000.0	285.20301371331993	0.0	0	746.2488773783916	485.20301371333335	1	0	tensor(3, device='cuda:0')	1.8909680971237164
50200.0	2000.0	285.2030137133263	0.0	0	810.3910297513576	485.20301371333335	1	0	tensor(3, device='cuda:0')	1.8909680971237164
51200.0	2000.0	285.20301371333295	0.0	0	740.9862027953641	485.20301371333335	1	0	tensor(3, device='cuda:0')	1.8909680971237164
52200.0	2000.0	285.2030137133245	0.0	0	702.8134368463652	485.20301371333335	1	0	tensor(3, device='cuda:0')	1.8909680971237164
53200.0	2000.0	285.2030137133272	0.0	0	662.3710352473572	485.2030137133406	1	0	tensor(3, device='cuda:0')	1.8909680971237164
54200.0	2000.0	324.1994539341472	38.996440220817206	0	410.8401489320677	524.1994539341613	1	0	tensor(3, device='cuda:0')	1.6563541618468993
55200.0	2000.0	324.19945393415395	0.0	0	537.9278099309668	524.1994539341613	1	0	tensor(3, device='cuda:0')	1.8903328031718025
56200.0	2000.0	324.19945393414685	0.0	0	661.4176402732191	524.1994539341613	1	0	tensor(3, device='cuda:0')	1.8903328031718025
57200.0	2000.0	324.19945393415526	0.0	0	620.0464745675417	524.1994539341686	1	0	tensor(3, device='cuda:0')	1.8903328031718025
58200.0	2000.0	324.19945393415264	0.0	0	666.7228511440044	524.1994539341686	1	0	tensor(3, device='cuda:0')	1.8903328031718025
59200.0	2000.0	324.1994539341464	0.0	0	633.37434758358	524.1994539341686	1	0	tensor(3, device='cuda:0')	1.8903328031718025
60200.0	2000.0	324.1994539341433	0.0	0	779.4725695897214	524.1994539341686	1	0	tensor(3, device='cuda:0')	1.8903328031718025
61200.0	2000.0	324.19945393413724	0.0	0	727.5481727533916	524.1994539341613	1	0	tensor(3, device='cuda:0')	1.8903328031718025
62200.0	2000.0	324.1994539341383	0.0	0	609.1594372992404	524.199453934154	1	0	tensor(3, device='cuda:0')	1.8903328031718027
63200.0	2000.0	324.19945393414207	0.0	0	600.5613157429543	524.199453934154	1	0	tensor(3, device='cuda:0')	1.8903328031718027
64200.0	2000.0	74.19945393414537	0.0	0	735.5347338427819	274.199453934154	1	0	tensor(5, device='cuda:0')	0.8926119830726886
65200.0	2000.0	156.36644689292757	82.16699295878092	0	699.1065480192774	356.3664468929346	1	0	tensor(3, device='cuda:0')	0.8998985396573028
66200.0	2000.0	196.96708648524566	40.60063959233149	0	588.3394087408233	396.9670864852669	1	0	tensor(3, device='cuda:0')	1.6487141446487004
67200.0	2000.0	215.119277121072	18.1521906358316	0	391.9745355333289	415.1192771210917	1	0	tensor(3, device='cuda:0')	1.7831367087071024
68200.0	2000.0	333.55078371675353	118.43150659569874	0	351.30506044154754	533.5507837167679	1	0	tensor(3, device='cuda:0')	1.1795877330950943
69200.0	2000.0	333.55078371675216	0.0	0	649.1350232947152	533.5507837167534	1	0	tensor(3, device='cuda:0')	1.890176772669287
70200.0	2000.0	333.5507837167523	0.0	0	754.3392102945654	533.5507837167679	1	0	tensor(3, device='cuda:0')	1.8901767726692866
71200.0	2000.0	333.5507837167414	0.0	0	755.1593916673883	533.5507837167679	1	0	tensor(3, device='cuda:0')	1.8901767726692866
72200.0	2000.0	333.5507837167483	0.0	0	709.719280438163	533.5507837167679	1	0	tensor(3, device='cuda:0')	1.8901767726692866
73200.0	2000.0	333.5507837167305	0.0	0	666.9899027875072	533.5507837167679	1	0	tensor(3, device='cuda:0')	1.8901767726692866
74200.0	2000.0	83.55078371671766	0.0	0	787.0747913831874	283.5507837167679	1	0	tensor(5, device='cuda:0')	0.8924772004202584
75200.0	2000.0	120.20660025775322	36.65581654102967	0	766.3120589066821	320.2066002578067	1	0	tensor(3, device='cuda:0')	1.173464993359792
76200.0	2000.0	144.628990494354	24.42239023658179	0	728.8150716377568	344.62899049439875	1	0	tensor(3, device='cuda:0')	1.7465302290689584
77200.0	2000.0	176.91606852956852	32.28707803521216	0	682.3379485798214	376.9160685296083	1	0	tensor(3, device='cuda:0')	1.6988861294773168
78200.0	2000.0	176.91606852955954	0.0	0	782.0160321391159	376.91606852959376	1	0	tensor(3, device='cuda:0')	1.8926085976885898
79200.0	2000.0	176.91606852956596	0.0	0	714.2058054836089	376.9160685295792	1	0	tensor(3, device='cuda:0')	1.89260859768859
80200.0	2000.0	223.0745953113883	46.15852678181912	0	590.2427784368192	423.07459531139466	1	0	tensor(3, device='cuda:0')	1.6149796511058208
81200.0	2000.0	223.07459531138613	0.0	0	717.1316387180996	423.07459531139466	1	0	tensor(3, device='cuda:0')	1.8919308117967355
82200.0	2000.0	223.07459531138403	0.0	0	609.7235624662862	423.07459531139466	1	0	tensor(3, device='cuda:0')	1.8919308117967355
83200.0	2000.0	246.38107290607377	23.306477594684765	0	487.1997322807438	446.38107290607877	1	0	tensor(3, device='cuda:0')	1.7517377367573057
84200.0	2000.0	246.3810729060791	0.0	0	629.9094829483511	446.38107290607877	1	0	tensor(3, device='cuda:0')	1.8915766023254141
85200.0	2000.0	346.46673880203286	100.08566589595058	0	380.76042900656466	546.4667388020316	1	0	tensor(3, device='cuda:0')	1.289444876603767
86200.0	2000.0	346.46673880204406	0.0	0	558.2722116871155	546.4667388020316	1	0	tensor(3, device='cuda:0')	1.8899588719794704
87200.0	2000.0	346.4667388020449	0.0	0	661.9132232543197	546.4667388020316	1	0	tensor(3, device='cuda:0')	1.8899588719794704
88200.0	2000.0	346.46673880204526	0.0	0	722.6428379214776	546.4667388020316	1	0	tensor(3, device='cuda:0')	1.8899588719794704
89200.0	2000.0	346.46673880203934	0.0	0	788.2203573369334	546.4667388020316	1	0	tensor(3, device='cuda:0')	1.8899588719794704
90200.0	2000.0	346.46673880204776	0.0	0	772.3304820788762	546.4667388020316	1	0	tensor(3, device='cuda:0')	1.8899588719794704
91200.0	2000.0	346.4667388020547	0.0	0	608.7393677911023	546.4667388020316	1	0	tensor(3, device='cuda:0')	1.8899588719794704
92200.0	2000.0	346.46673880204315	0.0	0	540.1428914883581	546.4667388020316	1	0	tensor(3, device='cuda:0')	1.8899588719794704
93200.0	2000.0	346.46673880204986	0.0	0	498.2050416088314	546.4667388020316	1	0	tensor(3, device='cuda:0')	1.8899588719794704
94200.0	2000.0	346.46673880205435	0.0	0	637.1097193808673	546.4667388020316	1	0	tensor(3, device='cuda:0')	1.8899588719794704
95200.0	2000.0	346.4667388020647	0.0	0	542.5387501954247	546.4667388020316	1	0	tensor(3, device='cuda:0')	1.8899588719794704
96200.0	2000.0	346.4667388020648	0.0	0	454.8023442614649	546.4667388020462	1	0	tensor(3, device='cuda:0')	1.8899588719794702
97200.0	2000.0	346.46673880207555	0.0	0	527.0859461569053	546.4667388020607	1	0	tensor(3, device='cuda:0')	1.88995887197947
98200.0	2000.0	346.46673880206856	0.0	0	601.1255540116545	546.4667388020607	1	0	tensor(3, device='cuda:0')	1.88995887197947
99200.0	2000.0	346.4667388020821	0.0	0	582.5357268405496	546.4667388020607	1	0	tensor(3, device='cuda:0')	1.88995887197947
100200.0	2000.0	96.46673880207732	0.0	0	667.3425311086612	296.4667388020607	1	0	tensor(5, device='cuda:0')	0.8922889705710471
101200.0	2000.0	132.731211058032	36.264472255952406	0	761.3751860711927	332.73121105800965	1	0	tensor(3, device='cuda:0')	1.1756421108211654
102200.0	2000.0	166.82362509446307	34.09241403642913	0	679.1119851345429	366.8236250944319	1	0	tensor(3, device='cuda:0')	1.6881982171327952
103200.0	2000.0	166.82362509448342	0.0	0	609.0827400908893	366.8236250944319	1	0	tensor(3, device='cuda:0')	1.8927527013513699
104200.0	2000.0	239.0553158100874	72.23169071561034	0	527.0121570380434	439.055315810052	1	0	tensor(3, device='cuda:0')	1.4582986782165972
105200.0	2000.0	291.92519644479387	52.86988063469674	0	406.62100798258325	491.92519644479034	1	0	tensor(3, device='cuda:0')	1.5736410471040367
106200.0	2000.0	291.92519644480274	0.0	0	637.7234869166423	491.92519644479034	1	0	tensor(3, device='cuda:0')	1.8908603309122172
107200.0	2000.0	291.9251964448057	0.0	0	593.4712085423962	491.92519644479034	1	0	tensor(3, device='cuda:0')	1.8908603309122172
108200.0	2000.0	291.92519644481973	0.0	0	750.2175541724428	491.9251964448049	1	0	tensor(3, device='cuda:0')	1.8908603309122167
109200.0	2000.0	291.92519644483684	0.0	0	688.2131496361981	491.9251964448049	1	0	tensor(3, device='cuda:0')	1.8908603309122167
110200.0	2000.0	291.9251964448348	0.0	0	785.4752230688173	491.92519644481945	1	0	tensor(3, device='cuda:0')	1.8908603309122165
111200.0	2000.0	291.92519644483133	0.0	0	777.4195803908224	491.92519644481945	1	0	tensor(3, device='cuda:0')	1.8908603309122165
112200.0	2000.0	291.92519644482576	0.0	0	721.2342615425732	491.9251964448049	1	0	tensor(3, device='cuda:0')	1.8908603309122167
113200.0	2000.0	291.9251964448331	0.0	0	719.7575271342357	491.9251964448049	1	0	tensor(3, device='cuda:0')	1.8908603309122167
114200.0	2000.0	291.9251964448362	0.0	0	623.5031914130523	491.9251964448049	1	0	tensor(3, device='cuda:0')	1.8908603309122167
115200.0	2000.0	291.9251964448324	0.0	0	607.4168337247102	491.9251964448049	1	0	tensor(3, device='cuda:0')	1.8908603309122167
116200.0	2000.0	291.92519644484577	0.0	0	731.1725904624473	491.9251964448049	1	0	tensor(3, device='cuda:0')	1.8908603309122167
117200.0	2000.0	291.92519644486305	0.0	0	714.6716294809594	491.9251964448049	1	0	tensor(3, device='cuda:0')	1.8908603309122167
118200.0	2000.0	291.92519644487584	0.0	0	647.0807761766628	491.9251964448049	1	0	tensor(3, device='cuda:0')	1.8908603309122167
119200.0	2000.0	291.92519644487135	0.0	0	730.2614669156173	491.9251964448049	1	0	tensor(3, device='cuda:0')	1.8908603309122167
120200.0	2000.0	291.92519644487305	0.0	0	499.9899833718082	491.9251964448049	1	0	tensor(3, device='cuda:0')	1.8908603309122167
121200.0	2000.0	299.852563962913	7.927367518055796	0	394.24350844290166	499.8525639628497	1	0	tensor(3, device='cuda:0')	1.8431681119359042
122200.0	2000.0	299.85256396291015	0.0	0	588.6139170602546	499.8525639628351	1	0	tensor(3, device='cuda:0')	1.8907323170442392
123200.0	2000.0	299.8525639628955	0.0	0	441.7538011919096	499.8525639628351	1	0	tensor(3, device='cuda:0')	1.8907323170442392
124200.0	2000.0	299.8525639628982	0.0	0	528.5949957192352	499.8525639628351	1	0	tensor(3, device='cuda:0')	1.8907323170442392
125200.0	2000.0	299.8525639629005	0.0	0	514.6062011017784	499.8525639628351	1	0	tensor(3, device='cuda:0')	1.8907323170442392
126200.0	2000.0	299.85256396288514	0.0	0	639.1489803149743	499.8525639628351	1	0	tensor(3, device='cuda:0')	1.8907323170442392
127200.0	2000.0	299.8525639628683	0.0	0	412.32466522768664	499.8525639628351	1	0	tensor(3, device='cuda:0')	1.8907323170442392
128200.0	2000.0	299.8525639628741	0.0	0	594.7987707933789	499.8525639628351	1	0	tensor(3, device='cuda:0')	1.8907323170442392
129200.0	2000.0	299.8525639628958	0.0	0	555.3764558376715	499.8525639628351	1	0	tensor(3, device='cuda:0')	1.8907323170442392
130200.0	2000.0	299.85256396289907	0.0	0	660.9895865581057	499.8525639628351	1	0	tensor(3, device='cuda:0')	1.8907323170442392
131200.0	2000.0	299.8525639628965	0.0	0	587.8099396655161	499.8525639628351	1	0	tensor(3, device='cuda:0')	1.8907323170442392
132200.0	2000.0	299.8525639629287	0.0	0	642.1047297748737	499.8525639628351	1	0	tensor(3, device='cuda:0')	1.8907323170442392
133200.0	2000.0	299.8525639629556	0.0	0	721.3592401970527	499.8525639628351	1	0	tensor(3, device='cuda:0')	1.8907323170442392
134200.0	2000.0	299.8525639629611	0.0	0	736.8470999962592	499.8525639628351	1	0	tensor(3, device='cuda:0')	1.8907323170442392
135200.0	2000.0	299.8525639629479	0.0	0	702.3773099246027	499.8525639628351	1	0	tensor(3, device='cuda:0')	1.8907323170442392
136200.0	2000.0	299.85256396292687	0.0	0	638.4561868862947	499.852563962806	1	0	tensor(3, device='cuda:0')	1.8907323170442394
137200.0	2000.0	299.85256396291163	0.0	0	737.0876138040039	499.8525639628351	1	0	tensor(3, device='cuda:0')	1.8907323170442392
138200.0	2000.0	299.8525639629171	0.0	0	540.6063928572985	499.8525639628351	1	0	tensor(3, device='cuda:0')	1.8907323170442392
139200.0	2000.0	303.4927851692312	3.6402212063129866	0	450.98120499946526	503.4927851691609	1	0	tensor(3, device='cuda:0')	1.868831868179737
140200.0	2000.0	303.492785169224	0.0	0	529.090841504687	503.4927851691609	1	0	tensor(3, device='cuda:0')	1.8906731954176148
141200.0	2000.0	303.4927851692032	0.0	0	515.9864568314515	503.4927851691609	1	0	tensor(3, device='cuda:0')	1.8906731954176148
142200.0	2000.0	303.4927851692186	0.0	0	568.5707819199597	503.4927851691609	1	0	tensor(3, device='cuda:0')	1.8906731954176148
143200.0	2000.0	303.49278516920384	0.0	0	625.7045709748636	503.4927851691318	1	0	tensor(3, device='cuda:0')	1.8906731954176155
144200.0	2000.0	303.4927851691964	0.0	0	712.0654396925529	503.4927851691318	1	0	tensor(3, device='cuda:0')	1.8906731954176155
145200.0	2000.0	303.49278516919674	0.0	0	441.58781880285824	503.4927851691318	1	0	tensor(3, device='cuda:0')	1.8906731954176155
146200.0	2000.0	303.4927851691941	0.0	0	533.36233205194	503.4927851691027	1	0	tensor(3, device='cuda:0')	1.890673195417616
147200.0	2000.0	303.4927851692081	0.0	0	698.8681915638153	503.4927851691027	1	0	tensor(3, device='cuda:0')	1.890673195417616
148200.0	2000.0	303.4927851691848	0.0	0	730.5401543526095	503.4927851691027	1	0	tensor(3, device='cuda:0')	1.890673195417616
149200.0	2000.0	303.49278516919924	0.0	0	696.307881242159	503.4927851691027	1	0	tensor(3, device='cuda:0')	1.890673195417616
150200.0	2000.0	303.49278516919736	0.0	0	530.4041475853301	503.4927851691027	1	0	tensor(3, device='cuda:0')	1.890673195417616
151200.0	2000.0	303.4927851691784	0.0	0	610.1668731881364	503.4927851690736	1	0	tensor(3, device='cuda:0')	1.8906731954176164
152200.0	2000.0	303.49278516919014	0.0	0	608.7702968279482	503.4927851691027	1	0	tensor(3, device='cuda:0')	1.890673195417616
153200.0	2000.0	303.49278516920447	0.0	0	448.1726843545621	503.4927851691027	1	0	tensor(3, device='cuda:0')	1.890673195417616
154200.0	2000.0	303.49278516922027	0.0	0	637.8725119265728	503.4927851691027	1	0	tensor(3, device='cuda:0')	1.890673195417616
155200.0	2000.0	303.49278516922493	0.0	0	700.3321256063937	503.4927851691027	1	0	tensor(3, device='cuda:0')	1.890673195417616
156200.0	2000.0	303.4927851692024	0.0	0	622.1357963446935	503.4927851690736	1	0	tensor(3, device='cuda:0')	1.8906731954176164
157200.0	2000.0	303.4927851692164	0.0	0	678.0588123890338	503.4927851690736	1	0	tensor(3, device='cuda:0')	1.8906731954176164
158200.0	2000.0	303.4927851692145	0.0	0	663.9992903419479	503.4927851691027	1	0	tensor(3, device='cuda:0')	1.890673195417616
159200.0	2000.0	303.4927851692218	0.0	0	735.1398269574565	503.4927851691027	1	0	tensor(3, device='cuda:0')	1.890673195417616
160200.0	2000.0	303.49278516925403	0.0	0	641.6044987071946	503.4927851691027	1	0	tensor(3, device='cuda:0')	1.890673195417616
161200.0	2000.0	303.4927851692385	0.0	0	632.8384359565389	503.4927851691027	1	0	tensor(3, device='cuda:0')	1.890673195417616
162200.0	2000.0	303.4927851692189	0.0	0	672.1709683843364	503.4927851691027	1	0	tensor(3, device='cuda:0')	1.890673195417616
163200.0	2000.0	303.4927851692255	0.0	0	611.4962468890881	503.4927851691027	1	0	tensor(3, device='cuda:0')	1.890673195417616
164200.0	2000.0	303.4927851692389	0.0	0	659.4247874510183	503.4927851691027	1	0	tensor(3, device='cuda:0')	1.890673195417616
165200.0	2000.0	303.49278516923283	0.0	0	628.3807993551309	503.4927851690736	1	0	tensor(3, device='cuda:0')	1.8906731954176164
166200.0	2000.0	315.20687130401916	11.714086134821827	0	323.4978475503158	515.2068713038752	1	0	tensor(3, device='cuda:0')	1.820196972454243
167200.0	2000.0	315.20687130401524	0.0	0	444.00738124828786	515.2068713038752	1	0	tensor(3, device='cuda:0')	1.8904814892631743
168200.0	2000.0	315.2068713040242	0.0	0	468.7979634059593	515.2068713038752	1	0	tensor(3, device='cuda:0')	1.8904814892631743
169200.0	2000.0	315.2068713040054	0.0	0	521.0207505508733	515.2068713038752	1	0	tensor(3, device='cuda:0')	1.8904814892631743
170200.0	2000.0	315.2068713040092	0.0	0	714.1104200813279	515.2068713038752	1	0	tensor(3, device='cuda:0')	1.8904814892631743
171200.0	2000.0	315.20687130400904	0.0	0	597.9868036058033	515.2068713038752	1	0	tensor(3, device='cuda:0')	1.8904814892631743
172200.0	2000.0	315.2068713040256	0.0	0	510.3812434526044	515.2068713038752	1	0	tensor(3, device='cuda:0')	1.8904814892631743
173200.0	2000.0	315.2068713040244	0.0	0	597.1551981322409	515.2068713038461	1	0	tensor(3, device='cuda:0')	1.890481489263175
174200.0	2000.0	315.2068713039955	0.0	0	667.878264426312	515.2068713038461	1	0	tensor(3, device='cuda:0')	1.890481489263175
175200.0	2000.0	315.2068713039512	0.0	0	585.4993466047454	515.2068713038461	1	0	tensor(3, device='cuda:0')	1.890481489263175
176200.0	2000.0	315.2068713039514	0.0	0	688.1229003267945	515.2068713038461	1	0	tensor(3, device='cuda:0')	1.890481489263175
177200.0	2000.0	315.2068713039548	0.0	0	596.1858888109564	515.2068713038461	1	0	tensor(3, device='cuda:0')	1.890481489263175
178200.0	2000.0	315.206871303953	0.0	0	481.5335878020269	515.2068713038461	1	0	tensor(3, device='cuda:0')	1.890481489263175
179200.0	2000.0	315.2068713039507	0.0	0	283.95276654406916	515.206871303817	1	0	tensor(3, device='cuda:0')	1.8904814892631752
180200.0	2000.0	315.2068713038985	0.0	0	448.60738456834224	515.206871303817	1	0	tensor(3, device='cuda:0')	1.8904814892631752
181200.0	2000.0	315.2068713038677	0.0	0	560.5401205031085	515.206871303817	1	0	tensor(3, device='cuda:0')	1.8904814892631752
182200.0	2000.0	315.20687130387034	0.0	0	656.3855542864767	515.206871303817	1	0	tensor(3, device='cuda:0')	1.8904814892631752
183200.0	2000.0	315.20687130386	0.0	0	567.8006386018533	515.2068713037879	1	0	tensor(3, device='cuda:0')	1.8904814892631758
184200.0	2000.0	315.20687130388256	0.0	0	691.4897617101087	515.2068713037879	1	0	tensor(3, device='cuda:0')	1.8904814892631758
185200.0	2000.0	315.20687130390843	0.0	0	575.1947349984839	515.206871303817	1	0	tensor(3, device='cuda:0')	1.8904814892631752
186200.0	2000.0	315.2068713039227	0.0	0	609.9090503100306	515.206871303817	1	0	tensor(3, device='cuda:0')	1.8904814892631752
187200.0	2000.0	315.2068713039301	0.0	0	456.7170360396849	515.206871303817	1	0	tensor(3, device='cuda:0')	1.8904814892631752
188200.0	2000.0	315.2068713039172	0.0	0	433.0246455630404	515.206871303817	1	0	tensor(3, device='cuda:0')	1.8904814892631752
189200.0	2000.0	315.20687130391013	0.0	0	497.1686300886504	515.206871303817	1	0	tensor(3, device='cuda:0')	1.8904814892631752
190200.0	2000.0	315.2068713039199	0.0	0	672.9393823626451	515.206871303817	1	0	tensor(3, device='cuda:0')	1.8904814892631752
191200.0	2000.0	315.2068713039175	0.0	0	642.6108058167156	515.206871303817	1	0	tensor(3, device='cuda:0')	1.8904814892631752
192200.0	2000.0	315.20687130391326	0.0	0	669.8197421096847	515.206871303817	1	0	tensor(3, device='cuda:0')	1.8904814892631752
193200.0	2000.0	315.20687130390445	0.0	0	538.8522140622954	515.206871303817	1	0	tensor(3, device='cuda:0')	1.8904814892631752
194200.0	2000.0	315.2068713039261	0.0	0	606.8726540547214	515.206871303817	1	0	tensor(3, device='cuda:0')	1.8904814892631752
195200.0	2000.0	315.2068713039141	0.0	0	702.8934666387795	515.206871303817	1	0	tensor(3, device='cuda:0')	1.8904814892631752
196200.0	2000.0	315.2068713039108	0.0	0	655.4120181393228	515.206871303817	1	0	tensor(3, device='cuda:0')	1.8904814892631752
197200.0	2000.0	315.2068713039077	0.0	0	737.4460260728083	515.2068713037879	1	0	tensor(3, device='cuda:0')	1.8904814892631758
198200.0	2000.0	315.2068713039202	0.0	0	676.9367528748407	515.2068713037879	1	0	tensor(3, device='cuda:0')	1.8904814892631758
199200.0	2000.0	315.20687130391417	0.0	0	774.9879741223122	515.2068713037588	1	0	tensor(3, device='cuda:0')	1.8904814892631763
200200.0	2000.0	315.2068713039254	0.0	0	721.3532852120406	515.2068713037588	1	0	tensor(3, device='cuda:0')	1.8904814892631763
201200.0	2000.0	316.9723095084959	1.7654382045791124	0	181.2030221800087	516.9723095083318	1	0	tensor(3, device='cuda:0')	1.8798597742562508
202200.0	2000.0	388.46952796693364	71.4972184584191	0	296.7917146484251	588.4695279667503	1	0	tensor(3, device='cuda:0')	1.4602473432468037
203200.0	2000.0	388.4695279669352	0.0	0	552.3936799232033	588.4695279667503	1	0	tensor(3, device='cuda:0')	1.8892306539973183
204200.0	2000.0	388.4695279669793	0.0	0	708.6698508469563	588.4695279667503	1	0	tensor(3, device='cuda:0')	1.8892306539973183
205200.0	2000.0	388.4695279669976	0.0	0	445.2931697103777	588.4695279667503	1	0	tensor(3, device='cuda:0')	1.8892306539973183
206200.0	2000.0	388.4695279669554	0.0	0	598.6548100545187	588.4695279667503	1	0	tensor(3, device='cuda:0')	1.8892306539973183
207200.0	2000.0	388.4695279669861	0.0	0	530.4833878169011	588.4695279667503	1	0	tensor(3, device='cuda:0')	1.8892306539973183
208200.0	2000.0	388.46952796696587	0.0	0	633.4925950537145	588.4695279667212	1	0	tensor(3, device='cuda:0')	1.889230653997319
209200.0	2000.0	388.46952796696763	0.0	0	484.11247768759495	588.4695279667212	1	0	tensor(3, device='cuda:0')	1.889230653997319
210200.0	2000.0	388.46952796694745	0.0	0	423.87446826309315	588.4695279667212	1	0	tensor(3, device='cuda:0')	1.889230653997319
211200.0	2000.0	388.46952796693404	0.0	0	527.0158235811978	588.4695279667212	1	0	tensor(3, device='cuda:0')	1.889230653997319
212200.0	2000.0	388.46952796694063	0.0	0	596.2973010603164	588.4695279667212	1	0	tensor(3, device='cuda:0')	1.889230653997319
213200.0	2000.0	138.46952796692534	0.0	0	700.138675318798	338.4695279666921	1	0	tensor(5, device='cuda:0')	0.8916598919216512
214200.0	2000.0	234.9180393347126	96.44851136778728	0	516.3259478037362	434.91803933447227	1	0	tensor(3, device='cuda:0')	0.8130607719647489
215200.0	2000.0	234.91803933471317	0.0	0	578.1709766153072	434.9180393345014	1	0	tensor(3, device='cuda:0')	1.8917518401714721
216200.0	2000.0	304.59695397091065	69.67891463622172	0	353.3822247234348	504.5969539709331	1	0	tensor(3, device='cuda:0')	1.472581732319645
217200.0	2000.0	309.8808430200562	5.2838890491635055	0	460.202537757199	509.8808430201025	1	0	tensor(3, device='cuda:0')	1.8588655939160037
218200.0	2000.0	309.8808430200892	0.0	0	623.6489964024804	509.8808430201025	1	0	tensor(3, device='cuda:0')	1.8905689282109845
219200.0	2000.0	309.88084302005973	0.0	0	647.669283712079	509.88084302007337	1	0	tensor(3, device='cuda:0')	1.8905689282109848
220200.0	2000.0	309.8808430200779	0.0	0	657.0507851683651	509.88084302007337	1	0	tensor(3, device='cuda:0')	1.8905689282109848
221200.0	2000.0	309.88084302006524	0.0	0	662.4746296030062	509.88084302007337	1	0	tensor(3, device='cuda:0')	1.8905689282109848
222200.0	2000.0	309.880843020071	0.0	0	382.42817651460064	509.88084302007337	1	0	tensor(3, device='cuda:0')	1.8905689282109848
223200.0	2000.0	309.8808430200357	0.0	0	589.4317978424951	509.88084302004427	1	0	tensor(3, device='cuda:0')	1.8905689282109852
224200.0	2000.0	309.8808430200701	0.0	0	558.7755704054725	509.88084302004427	1	0	tensor(3, device='cuda:0')	1.8905689282109852
225200.0	2000.0	309.88084302010594	0.0	0	526.6965229686757	509.88084302007337	1	0	tensor(3, device='cuda:0')	1.8905689282109848
226200.0	2000.0	309.8808430201267	0.0	0	501.6845088127884	509.8808430201025	1	0	tensor(3, device='cuda:0')	1.8905689282109845
227200.0	2000.0	309.88084302013374	0.0	0	733.3645598919829	509.8808430201316	1	0	tensor(3, device='cuda:0')	1.8905689282109839
228200.0	2000.0	309.8808430201642	0.0	0	778.9056063667522	509.8808430201607	1	0	tensor(3, device='cuda:0')	1.8905689282109832
229200.0	2000.0	309.88084302017614	0.0	0	736.3576965630346	509.8808430201898	1	0	tensor(3, device='cuda:0')	1.8905689282109828
230200.0	2000.0	309.8808430201892	0.0	0	804.5774959612463	509.8808430201898	1	0	tensor(3, device='cuda:0')	1.8905689282109828
231200.0	2000.0	309.8808430201939	0.0	0	698.2919343099638	509.8808430201607	1	0	tensor(3, device='cuda:0')	1.8905689282109832
232200.0	2000.0	309.88084302016784	0.0	0	581.3512639518885	509.8808430201316	1	0	tensor(3, device='cuda:0')	1.8905689282109839
233200.0	2000.0	309.8808430201812	0.0	0	702.159163596225	509.8808430201316	1	0	tensor(3, device='cuda:0')	1.8905689282109839
234200.0	2000.0	309.8808430201459	0.0	0	733.3556307434628	509.8808430201316	1	0	tensor(3, device='cuda:0')	1.8905689282109839
235200.0	2000.0	309.88084302012663	0.0	0	674.1006421755301	509.8808430201025	1	0	tensor(3, device='cuda:0')	1.8905689282109845
236200.0	2000.0	309.8808430201759	0.0	0	576.3446776064811	509.8808430201025	1	0	tensor(3, device='cuda:0')	1.8905689282109845
237200.0	2000.0	309.88084302013505	0.0	0	661.4988020938763	509.8808430201025	1	0	tensor(3, device='cuda:0')	1.8905689282109845
238200.0	2000.0	309.8808430201646	0.0	0	719.2169210780703	509.8808430201316	1	0	tensor(3, device='cuda:0')	1.8905689282109839
239200.0	2000.0	59.88084302013269	0.0	0	711.321039741917	259.8808430201607	1	0	tensor(5, device='cuda:0')	0.8928159505261616
240200.0	2000.0	169.5792453575981	109.6984023374655	0	677.072842213267	369.5792453576287	1	0	tensor(3, device='cuda:0')	0.734523084749338
241200.0	2000.0	169.57924535759093	0.0	0	681.4139928775548	369.5792453575996	1	0	tensor(3, device='cuda:0')	1.8927134987741312
242200.0	2000.0	169.57924535757047	0.0	0	675.6194274865557	369.5792453575996	1	0	tensor(3, device='cuda:0')	1.8927134987741312
243200.0	2000.0	170.65916523765185	1.0799198800707757	0	677.1313309952384	370.659165237681	1	0	tensor(3, device='cuda:0')	1.886218586836512
244200.0	2000.0	170.65916523767237	0.0	0	635.4148489957443	370.659165237681	1	0	tensor(3, device='cuda:0')	1.8926981061169366
245200.0	2000.0	262.51224381264404	91.85307857496095	0	532.8157382811769	462.5122438126418	1	0	tensor(3, device='cuda:0')	1.3402081296016328
246200.0	2000.0	286.42995306976536	23.917709257102466	0	507.60808907134924	486.42995306974626	1	0	tensor(3, device='cuda:0')	1.7474422255590392
247200.0	2000.0	286.4299530697816	0.0	0	719.065532906272	486.42995306974626	1	0	tensor(3, device='cuda:0')	1.890948481101654
248200.0	2000.0	286.4299530697697	0.0	0	719.1207201939251	486.42995306974626	1	0	tensor(3, device='cuda:0')	1.890948481101654
249200.0	2000.0	286.4299530697713	0.0	0	723.509704746597	486.42995306974626	1	0	tensor(3, device='cuda:0')	1.890948481101654
250200.0	2000.0	286.42995306975234	0.0	0	772.2344401290757	486.42995306974626	1	0	tensor(3, device='cuda:0')	1.890948481101654
251200.0	2000.0	286.4299530697311	0.0	0	723.7171299712791	486.42995306974626	1	0	tensor(3, device='cuda:0')	1.890948481101654
252200.0	2000.0	286.429953069725	0.0	0	591.8010070810851	486.42995306974626	1	0	tensor(3, device='cuda:0')	1.890948481101654
253200.0	2000.0	286.4299530696968	0.0	0	620.3475312395312	486.42995306974626	1	0	tensor(3, device='cuda:0')	1.890948481101654
254200.0	2000.0	286.4299530696797	0.0	0	636.0734092735511	486.42995306974626	1	0	tensor(3, device='cuda:0')	1.890948481101654
255200.0	2000.0	286.42995306969436	0.0	0	677.771795800305	486.42995306974626	1	0	tensor(3, device='cuda:0')	1.890948481101654
256200.0	2000.0	286.42995306972153	0.0	0	582.8793749730976	486.42995306974626	1	0	tensor(3, device='cuda:0')	1.890948481101654
257200.0	2000.0	286.42995306973535	0.0	0	680.4978629057296	486.42995306974626	1	0	tensor(3, device='cuda:0')	1.890948481101654
258200.0	2000.0	286.42995306972176	0.0	0	603.4751203093329	486.42995306974626	1	0	tensor(3, device='cuda:0')	1.890948481101654
259200.0	2000.0	286.42995306973455	0.0	0	619.467344692297	486.42995306974626	1	0	tensor(3, device='cuda:0')	1.890948481101654
260200.0	2000.0	286.42995306971767	0.0	0	466.7637727020483	486.42995306974626	1	0	tensor(3, device='cuda:0')	1.890948481101654
261200.0	2000.0	286.42995306971153	0.0	0	697.3283300403855	486.42995306974626	1	0	tensor(3, device='cuda:0')	1.890948481101654
262200.0	2000.0	286.4299530696834	0.0	0	692.9539765852678	486.42995306971716	1	0	tensor(3, device='cuda:0')	1.8909484811016544
263200.0	2000.0	286.429953069633	0.0	0	822.1675727365655	486.42995306965895	1	0	tensor(3, device='cuda:0')	1.8909484811016548
264200.0	2000.0	286.4299530697003	0.0	0	723.5868543138495	486.42995306965895	1	0	tensor(3, device='cuda:0')	1.8909484811016553
265200.0	2000.0	286.42995306961336	0.0	0	566.6615557660698	486.42995306960074	1	0	tensor(3, device='cuda:0')	1.8909484811016561
266200.0	2000.0	286.4299530696683	0.0	0	635.3035812426242	486.42995306960074	1	0	tensor(3, device='cuda:0')	1.8909484811016561
267200.0	2000.0	286.42995306963206	0.0	0	655.4301720081712	486.42995306960074	1	0	tensor(3, device='cuda:0')	1.8909484811016561
268200.0	2000.0	286.4299530696486	0.0	0	724.1707978901104	486.42995306960074	1	0	tensor(3, device='cuda:0')	1.8909484811016561
269200.0	2000.0	286.4299530696707	0.0	0	708.1579691551742	486.42995306960074	1	0	tensor(3, device='cuda:0')	1.8909484811016561
270200.0	2000.0	286.42995306964394	0.0	0	760.0946365103591	486.42995306960074	1	0	tensor(3, device='cuda:0')	1.8909484811016561
271200.0	2000.0	286.42995306965156	0.0	0	644.2234775433317	486.42995306960074	1	0	tensor(3, device='cuda:0')	1.8909484811016561
272200.0	2000.0	286.4299530695672	0.0	0	397.41673325921874	486.42995306960074	1	0	tensor(3, device='cuda:0')	1.8909484811016561
273200.0	2000.0	289.10811079953334	2.6781577299695343	0	451.0273360775318	489.10811079957057	1	0	tensor(3, device='cuda:0')	1.8748366339344156
274200.0	2000.0	289.10811079955613	0.0	0	520.925646789372	489.1081107996288	1	0	tensor(3, device='cuda:0')	1.8909055803142323
275200.0	2000.0	289.1081107995451	0.0	0	520.8302117390558	489.10811079957057	1	0	tensor(3, device='cuda:0')	1.890905580314233
276200.0	2000.0	289.1081107995875	0.0	0	690.7452353843837	489.10811079957057	1	0	tensor(3, device='cuda:0')	1.890905580314233
277200.0	2000.0	289.108110799578	0.0	0	579.8738423179602	489.10811079951236	1	0	tensor(3, device='cuda:0')	1.8909055803142338
278200.0	2000.0	289.10811079959274	0.0	0	563.9209490747307	489.10811079951236	1	0	tensor(3, device='cuda:0')	1.8909055803142338
279200.0	2000.0	289.1081107996364	0.0	0	609.2315791590954	489.10811079951236	1	0	tensor(3, device='cuda:0')	1.8909055803142338
280200.0	2000.0	289.1081107996781	0.0	0	768.4377958083642	489.10811079945415	1	0	tensor(3, device='cuda:0')	1.890905580314235
281200.0	2000.0	289.10811079965094	0.0	0	693.4457409011084	489.10811079939594	1	0	tensor(3, device='cuda:0')	1.8909055803142358
282200.0	2000.0	289.1081107996061	0.0	0	724.0693793234532	489.10811079939594	1	0	tensor(3, device='cuda:0')	1.8909055803142358
283200.0	2000.0	289.1081107996054	0.0	0	797.0210447728168	489.10811079939594	1	0	tensor(3, device='cuda:0')	1.8909055803142358
284200.0	2000.0	289.10811079957494	0.0	0	670.5445924309897	489.10811079939594	1	0	tensor(3, device='cuda:0')	1.8909055803142358
285200.0	2000.0	289.10811079957193	0.0	0	802.0788649050519	489.10811079933774	1	0	tensor(3, device='cuda:0')	1.8909055803142367
286200.0	2000.0	289.1081107995452	0.0	0	705.1016165121691	489.10811079933774	1	0	tensor(3, device='cuda:0')	1.8909055803142367
287200.0	2000.0	289.1081107994878	0.0	0	726.3590493273805	489.10811079933774	1	0	tensor(3, device='cuda:0')	1.8909055803142367
288200.0	2000.0	289.10811079944625	0.0	0	623.0990742159192	489.10811079933774	1	0	tensor(3, device='cuda:0')	1.8909055803142367
289200.0	2000.0	289.1081107993803	0.0	0	566.9093769484316	489.10811079927953	1	0	tensor(3, device='cuda:0')	1.8909055803142376
290200.0	2000.0	289.1081107993921	0.0	0	619.4738259571604	489.10811079927953	1	0	tensor(3, device='cuda:0')	1.8909055803142376
291200.0	2000.0	289.1081107993856	0.0	0	440.8320096528041	489.10811079927953	1	0	tensor(3, device='cuda:0')	1.8909055803142376
292200.0	2000.0	355.01072235493984	65.90261155556792	0	339.0676439406816	555.0107223548694	1	0	tensor(3, device='cuda:0')	1.4943975188977123
293200.0	2000.0	355.01072235493916	0.0	0	439.51627223048126	555.0107223548694	1	0	tensor(3, device='cuda:0')	1.8898131882311198
294200.0	2000.0	355.010722354938	0.0	0	607.967370053113	555.0107223548694	1	0	tensor(3, device='cuda:0')	1.8898131882311198
295200.0	2000.0	355.01072235490494	0.0	0	706.954114316788	555.0107223548112	1	0	tensor(3, device='cuda:0')	1.8898131882311209
296200.0	2000.0	355.0107223548946	0.0	0	700.3495840644464	555.0107223548112	1	0	tensor(3, device='cuda:0')	1.8898131882311209
297200.0	2000.0	355.0107223548941	0.0	0	585.0864969810937	555.0107223548112	1	0	tensor(3, device='cuda:0')	1.8898131882311209
298200.0	2000.0	355.01072235483747	0.0	0	500.0372232077643	555.0107223548112	1	0	tensor(3, device='cuda:0')	1.8898131882311209
299200.0	2000.0	355.01072235481803	0.0	0	403.1609607721912	555.0107223548112	1	0	tensor(3, device='cuda:0')	1.8898131882311209
300200.0	2000.0	355.0107223547693	0.0	0	575.361727032694	555.0107223547529	1	0	tensor(3, device='cuda:0')	1.889813188231122
5.86	5.79	5.34	5.15	5.72	4.83	4.34	6.29	8.55	6.68	4.11	5.56	7.95	10.3	10.7	8.34	5.5	6.78	7.02	5.2	2.76	3.88	4.47	4.61	7.08	7.05	6.94	7.9	10.5	12.9	11.8	6.56	5.91	4.83	6.29	6.32	8.17	8.41	8.55	4.76	3.3	5.54	6.35	7.75	9.53	8.88	11.1	10.5	8.48	7.63	8.77	3.79	4.76	7.09	7.23	6.3	6.24	8.21	9.8	9.15	6.27	7.67	8.21	7.3	6.28	3.37	4.46	6.85	6.93	7.33	7.87	10.1	9.04	8.58	7.03	8.16	7.19	6.39	7.23	6.56	6.1	5.11	3.23	4.98	5.97	7.32	9.59	9.79	6.51	4.89	5.76	4.41	4.44	4.26	5.48	6.52	6.27	6.88	7.61	7.73	8.21	4.47	4.41	4.98	4.92	6.78	9.2	9.77	9.88	10.2	8.47	8.03	6.83	7.6	7.62	6.63	6.93	6.7	4.39	4.11	4.52	3.58	5.26	5.4	5.47	4.43	4.56	6.34	6.54	5.54	7.95	10.3	9.79	7.32	7.33	5.28	3.15	4.33	6.58	5.03	6.35	8.72	5.66	4.02	6.17	8.43	7.48	6.99	3.94	4.78	4.6	5.33	6.89	4.93	5.31	7.55	8.58	8.06	5.39	4.87	5.58	7.45	6.94	4.0	3.41	4.04	5.46	6.21	7.89	5.64	5.73	5.71	6.65	5.46	7.02	4.52	4.58	3.2	4.22	6.61	6.43	5.87	5.95	6.74	5.55	4.29	4.51	4.49	6.82	6.68	5.83	5.9	6.21	5.8	7.59	8.77	7.82	8.1	4.38	2.9	3.89	5.83	6.78	3.72	5.19	4.69	4.74	2.49	4.0	6.36	7.27	4.99	3.87	3.98	3.5	5.36	7.53	8.41	8.86	5.69	3.97	4.19	6.54	5.24	6.34	8.69	8.09	9.85	10.3	6.02	7.37	9.88	8.91	5.66	7.46	10.0	10.9	6.79	7.11	7.09	5.25	5.8	3.59	4.81	6.83	8.17	8.27	8.43	8.75	7.46	5.88	5.72	5.29	4.36	5.63	5.63	6.3	4.76	5.57	7.96	10.3	12.5	8.54	4.69	4.99	7.27	9.55	8.77	5.87	4.82	3.83	4.74	5.5	6.01	5.92	3.83	6.06	8.46	9.02	9.63	11.4	9.77	8.86	10.7	8.19	4.91	6.05	5.07	3.41	2.73	4.36	5.15	7.09	6.9	6.49	5.37	4.97	4.55	7.01	9.38
1007.0	1008.0	1009.0	1010.0	1011.0	1012.0	1013.0	1014.0	1015.0	1016.0	1017.0	1018.0	1019.0	1020.0	1021.0	1022.0	1023.0	1024.0	1025.0	1026.0	1027.0	1028.0	1029.0	1030.0	1031.0	1032.0	1033.0	1034.0	1035.0	1036.0	1037.0	1038.0	1039.0	1040.0	1041.0	1042.0	1043.0	1044.0	1045.0	1046.0	1047.0	1048.0	1049.0	1050.0	1051.0	1052.0	1053.0	1054.0	1055.0	1056.0	1057.0	1058.0	1059.0	1060.0	1061.0	1062.0	1063.0	1064.0	1065.0	1066.0	1067.0	1068.0	1069.0	1070.0	1071.0	1072.0	1073.0	1074.0	1075.0	1076.0	1077.0	1078.0	1079.0	1080.0	1081.0	1082.0	1083.0	1084.0	1085.0	1086.0	1087.0	1088.0	1089.0	1090.0	1091.0	1092.0	1093.0	1094.0	1095.0	1096.0	1097.0	1098.0	1099.0	1100.0	1101.0	1102.0	1103.0	1104.0	1105.0	1106.0	1107.0	1108.0	1109.0	1110.0	1111.0	1112.0	1113.0	1114.0	1115.0	1116.0	1117.0	1118.0	1119.0	1120.0	1121.0	1122.0	1123.0	1124.0	1125.0	1126.0	1127.0	1128.0	1129.0	1130.0	1131.0	1132.0	1133.0	1134.0	1135.0	1136.0	1137.0	1138.0	1139.0	1140.0	1141.0	1142.0	1143.0	1144.0	1145.0	1146.0	1147.0	1148.0	1149.0	1150.0	1151.0	1152.0	1153.0	1154.0	1155.0	1156.0	1157.0	1158.0	1159.0	1160.0	1161.0	1162.0	1163.0	1164.0	1165.0	1166.0	1167.0	1168.0	1169.0	1170.0	1171.0	1172.0	1173.0	1174.0	1175.0	1176.0	1177.0	1178.0	1179.0	1180.0	1181.0	1182.0	1183.0	1184.0	1185.0	1186.0	1187.0	1188.0	1189.0	1190.0	1191.0	1192.0	1193.0	1194.0	1195.0	1196.0	1197.0	1198.0	1199.0	1200.0	1201.0	1202.0	1203.0	1204.0	1205.0	1206.0	1207.0	1208.0	1209.0	1210.0	1211.0	1212.0	1213.0	1214.0	1215.0	1216.0	1217.0	1218.0	1219.0	1220.0	1221.0	1222.0	1223.0	1224.0	1225.0	1226.0	1227.0	1228.0	1229.0	1230.0	1231.0	1232.0	1233.0	1234.0	1235.0	1236.0	1237.0	1238.0	1239.0	1240.0	1241.0	1242.0	1243.0	1244.0	1245.0	1246.0	1247.0	1248.0	1249.0	1250.0	1251.0	1252.0	1253.0	1254.0	1255.0	1256.0	1257.0	1258.0	1259.0	1260.0	1261.0	1262.0	1263.0	1264.0	1265.0	1266.0	1267.0	1268.0	1269.0	1270.0	1271.0	1272.0	1273.0	1274.0	1275.0	1276.0	1277.0	1278.0	1279.0	1280.0	1281.0	1282.0	1283.0	1284.0	1285.0	1286.0	1287.0	1288.0	1289.0	1290.0	1291.0	1292.0	1293.0	1294.0	1295.0	1296.0	1297.0	1298.0	1299.0	1300.0	1301.0	1302.0	1303.0	1304.0	1305.0	1306.0
1450.0
