8696.84388643702	300.0	2000.0	582.7191495053572	0	0.0	8696.84388643702	1	0	tensor(5, device='cuda:0')	-7.69838914287365
8974.78267759084	300.0	2652.576511057724	0.0	0	0.0	8627.359188648563	1	0	tensor(5, device='cuda:0')	-3.863499052362254
9918.177108767879	1000.0	2473.3334720864254	0.0	0	0.0	8391.510580854305	1	0	tensor(5, device='cuda:0')	-4.145545064318852
11011.142192238432	1000.0	2107.1271177482336	0.0	0	0.0	8118.2693099866665	1	0	tensor(5, device='cuda:0')	-2.9294619276470577
12406.768410171786	1000.0	1362.594345331541	0.0	0	0.0	7769.362755503328	1	0	tensor(5, device='cuda:0')	-2.9455931505210744
12781.662887913762	300.0	1893.9762481540663	0.0	0	0.0	7675.639136067829	1	0	tensor(5, device='cuda:0')	-4.761186893061652
13486.921556516358	1000.0	2012.4029124008223	0.0	0	0.0	7499.32446891718	1	0	tensor(5, device='cuda:0')	-3.6380272742122597
14177.39305004585	1000.0	2149.313545488956	0.0	0	0.0	7326.706595534805	1	0	tensor(5, device='cuda:0')	-2.3197672339304685
15000.695838447658	1000.0	2120.1850599866953	0.0	0	0.0	7120.880898434353	1	0	tensor(5, device='cuda:0')	-2.253261310383366
15812.376997099456	1000.0	2105.5836116719483	0.0	0	0.0	6917.9606087714055	1	0	tensor(5, device='cuda:0')	-2.099305091023599
17556.562299130845	1000.0	925.3519841327151	0.0	0	0.0	6481.9142832635625	1	0	tensor(5, device='cuda:0')	-2.252736181556973
18002.811656234295	300.0	1367.5402877534045	0.0	0	0.0	6370.351943987704	1	0	tensor(5, device='cuda:0')	-3.8107447439894013
18503.328903092173	300.0	1741.8937291810619	0.0	0	0.0	6245.22263227324	1	0	tensor(5, device='cuda:0')	-2.5149131275811847
18831.162370692928	300.0	2332.1018946801178	0.0	0	0.0	6163.264265373047	1	0	tensor(5, device='cuda:0')	-2.3330612961758312
19470.84919313908	1000.0	2532.4933666224283	0.0	0	0.0	6003.342559761511	1	0	tensor(5, device='cuda:0')	-2.3540064609261995
20407.587692497917	1000.0	2361.5702424238875	0.0	0	0.0	5769.157934921806	1	0	tensor(5, device='cuda:0')	-1.0796777012082726
21428.54649795369	1000.0	2085.371735604172	0.0	0	0.0	5513.918233557864	1	0	tensor(5, device='cuda:0')	-0.8857265891492722
22430.135457803342	1000.0	1833.3855357921022	0.0	0	0.0	5263.520993595444	1	0	tensor(5, device='cuda:0')	-0.6356180315663186
23270.037572231402	1000.0	1783.5078927570244	0.0	0	0.0	5053.545464988427	1	0	tensor(5, device='cuda:0')	-0.36460229027383984
24343.78138157054	1000.0	1441.328131083103	0.0	0	0.0	4785.109512653649	1	0	tensor(5, device='cuda:0')	-0.30000018798431194
25776.379054253564	1000.0	650.5810402293242	0.0	0	0.0	4426.960094482893	1	0	tensor(5, device='cuda:0')	-0.2333190758993194
26321.685470569624	1000.0	968.9480198342532	0.0	0	0.0	4290.633490403885	1	0	tensor(5, device='cuda:0')	0.3089418991806295
26797.018218175628	1000.0	1374.782085326752	0.0	0	0.0	4171.80030350239	1	0	tensor(5, device='cuda:0')	0.40968780003179867
27323.21893928121	1000.0	1717.0311839447697	0.0	0	0.0	4040.2501232259892	1	0	tensor(5, device='cuda:0')	0.44206541849608305
27775.970015759154	1000.0	2151.092338347343	0.0	0	0.0	3927.062354106507	1	0	tensor(5, device='cuda:0')	0.5258417318032869
28711.026032826125	1000.0	1982.2723170136314	0.0	0	0.0	3693.2983498397625	1	0	tensor(5, device='cuda:0')	0.36215010300614847
29570.143436836144	1000.0	1908.3755620011116	0.0	0	0.0	3478.518998837262	1	0	tensor(5, device='cuda:0')	0.47144178135659087
30526.885516806222	1000.0	1712.4479620385187	0.0	0	0.0	3239.3334788447464	1	0	tensor(5, device='cuda:0')	0.48424580991453847
31479.895736469723	1000.0	1521.185187459147	0.0	0	0.0	3001.0809239288756	1	0	tensor(5, device='cuda:0')	0.5361875769965896
31943.552351910963	1000.0	1941.6144181575994	0.0	0	0.0	2885.166770068565	1	0	tensor(5, device='cuda:0')	0.8076523992013527
32495.15259666227	1000.0	2252.1141122184654	0.0	0	0.0	2747.2667088807357	1	0	tensor(5, device='cuda:0')	0.7843197712282599
33270.58352261041	1000.0	2282.825454783284	0.0	0	0.0	2553.4089773936976	1	0	tensor(5, device='cuda:0')	0.6964008124365946
34200.0	1000.0	2121.054858046302	0.0	0	245.77938350672048	2321.0548580463	1	0	tensor(5, device='cuda:0')	0.6414488891188135
35200.0	1000.0	1871.0548580463028	0.0	0	55.65171950597869	2071.054858046293	1	0	tensor(5, device='cuda:0')	0.6312327958714561
36200.0	1000.0	1621.0548580463087	0.0	0	454.2597815540357	1821.0548580463073	1	0	tensor(5, device='cuda:0')	0.6474541889361343
37200.0	1000.0	1371.0548580463083	0.0	0	231.16963359665533	1571.0548580462928	1	0	tensor(5, device='cuda:0')	0.6622786991831524
38200.0	1000.0	1121.054858046302	0.0	0	253.8730819610064	1321.0548580462928	1	0	tensor(5, device='cuda:0')	0.6738623005519847
39200.0	1000.0	871.0548580463005	0.0	0	607.2606446757927	1071.0548580462928	1	0	tensor(5, device='cuda:0')	0.6820596567737374
40200.0	1000.0	871.0548580462992	0.0	0	457.74742115358094	1071.0548580462928	1	0	tensor(3, device='cuda:0')	0.6851346031113805
41200.0	1000.0	871.0548580463014	0.0	0	183.71776466392475	1071.0548580462928	1	0	tensor(3, device='cuda:0')	1.1851346031113805
42643.36055448751	2000.0	427.69430355878194	0.0	0	0.0	1071.0548580462855	1	0	tensor(3, device='cuda:0')	1.1851346031113807
43654.746627938526	2000.0	461.3017645017555	44.993534393991524	0	0.0	1116.0483924402797	1	0	tensor(3, device='cuda:0')	1.6070083807698317
44312.32824974208	1000.0	803.7201426981974	0.0	0	0.0	1116.0483924402797	1	0	tensor(3, device='cuda:0')	0.49067522601389035
45499.40874269315	2000.0	616.639649747126	0.0	0	0.0	1116.0483924402797	1	0	tensor(3, device='cuda:0')	1.1838224065738356
46900.661800055896	2000.0	228.31057054476088	12.923978160388856	0	0.0	1128.9723706006625	1	0	tensor(3, device='cuda:0')	1.7990379232993994
47809.16804019201	1000.0	531.406082954023	211.6017525453782	0	0.0	1340.5741231460415	1	0	tensor(3, device='cuda:0')	-0.7864264941777821
48723.11071652508	1000.0	617.4634066209527	0.0	0	0.0	1340.5741231460415	1	0	tensor(3, device='cuda:0')	1.1763312016544323
49760.91153268651	1000.0	579.6625904595228	0.0	0	0.0	1340.5741231460415	1	0	tensor(3, device='cuda:0')	1.1763312016544323
51713.63986904647	2000.0	200.0	573.0657459004434	0	0.0	1913.6398690464848	1	0	tensor(3, device='cuda:0')	-2.278670777147188
52451.82358992033	1000.0	632.0859185220987	170.26963939595402	0	0.0	2083.9095084424407	1	0	tensor(3, device='cuda:0')	-0.5790209396508434
53454.349760806275	1000.0	378.9282049146566	0.0	0	0.0	1833.2779657209321	1	0	tensor(5, device='cuda:0')	0.14698529623759193
55038.18561293004	1000.0	404.5900538110975	609.4977010202067	0	0.0	2442.7756667411377	1	0	tensor(3, device='cuda:0')	-3.052542260584952
55631.81644501143	1000.0	662.55151370936	0.0	0	0.0	2294.3679587207807	1	0	tensor(5, device='cuda:0')	0.31758141475122204
56225.5553816767	1000.0	920.3778428777749	0.0	0	0.0	2145.933224554472	1	0	tensor(5, device='cuda:0')	0.8310488449272883
56992.15101696923	1000.0	962.1332987621116	0.0	0	0.0	1954.2843157313473	1	0	tensor(5, device='cuda:0')	0.758162053508601
58242.67242352503	1000.0	398.9815405673649	0.0	0	0.0	1641.653964092402	1	0	tensor(5, device='cuda:0')	0.532117876248737
59957.34333875041	1000.0	280.05488829660527	595.744262954629	0	0.0	2237.3982270470224	1	0	tensor(3, device='cuda:0')	-2.949516162435903
60852.13930415358	1000.0	606.4077437670861	221.14882087364467	0	0.0	2458.5470479206633	1	0	tensor(3, device='cuda:0')	-0.2256516439162972
61763.798137965365	1000.0	466.834201502358	0.0	0	0.0	2230.632339467724	1	0	tensor(5, device='cuda:0')	0.16230231372196105
62828.373781285074	1000.0	439.36027179652245	242.59649955505046	0	0.0	2267.7340530816145	1	0	tensor(5, device='cuda:0')	-0.7510923655620451
63542.96313796349	1000.0	546.1235759485062	0.0	0	0.0	2089.0867139120164	1	0	tensor(5, device='cuda:0')	0.7742902214691478
63963.52110023216	1000.0	1020.4261231126682	0.0	0	0.0	1983.9472233448469	1	0	tensor(5, device='cuda:0')	0.9310339771499065
64393.636404189245	1000.0	1482.7819931663082	0.0	0	0.0	1876.41839735557	1	0	tensor(5, device='cuda:0')	0.9334586106463387
65283.59931227523	1000.0	1370.328358058827	0.0	0	0.0	1653.9276703340802	1	0	tensor(5, device='cuda:0')	0.7142401958784148
66200.0	1000.0	1224.8274984028849	0.0	0	136.43360651898547	1424.8274984028976	1	0	tensor(5, device='cuda:0')	0.7116453628236001
67200.0	1000.0	1224.8274984028712	0.0	0	276.8374813504779	1424.827498402883	1	0	tensor(3, device='cuda:0')	0.6730656116637379
68200.0	1000.0	1224.8274984028858	0.0	0	266.77374829538167	1424.827498402883	1	0	tensor(3, device='cuda:0')	1.1730656116637381
69732.78061114768	1000.0	692.0468872552055	0.0	0	0.0	1424.827498402883	1	0	tensor(3, device='cuda:0')	1.1730656116637381
70335.46331957843	1000.0	1089.3641788244754	0.0	0	0.0	1424.827498402883	1	0	tensor(3, device='cuda:0')	1.1730656116637381
71200.0	1000.0	1224.8274984028976	0.0	0	134.01218508376041	1424.827498402883	1	0	tensor(3, device='cuda:0')	1.1730656116637381
72200.0	1000.0	1224.8274984029122	0.0	0	134.7855404257425	1424.827498402883	1	0	tensor(3, device='cuda:0')	1.1730656116637381
73290.96509266605	1000.0	1133.8624057368443	0.0	0	0.0	1424.827498402883	1	0	tensor(3, device='cuda:0')	1.1730656116637381
74200.0	1000.0	1224.8274984028876	0.0	0	351.849485777042	1424.827498402883	1	0	tensor(3, device='cuda:0')	1.1730656116637381
75200.0	1000.0	1224.8274984028824	0.0	0	320.45600715819455	1424.827498402883	1	0	tensor(3, device='cuda:0')	1.1730656116637381
76200.0	1000.0	974.8274984028587	0.0	0	389.53196877325536	1174.827498402854	1	0	tensor(5, device='cuda:0')	0.17899396043592847
77200.0	2000.0	724.8274984028616	0.0	0	71.21365561972198	924.827498402854	1	0	tensor(5, device='cuda:0')	0.686916289043529
78206.1998312519	2000.0	718.6276671509597	0.0	0	0.0	924.827498402854	1	0	tensor(3, device='cuda:0')	1.3821657245812828
79200.0	2000.0	724.8274984028545	0.0	0	90.82710940380639	924.827498402854	1	0	tensor(3, device='cuda:0')	1.8821657245812828
80477.64159473788	2000.0	447.1859036649578	0.0	0	0.0	924.8274984028685	1	0	tensor(3, device='cuda:0')	1.8821657245812822
83313.58300809473	2000.0	200.0	1588.7555096918911	0	0.0	2513.5830080947344	1	0	tensor(3, device='cuda:0')	-7.72287640309985
84256.27458708941	1000.0	457.5216875117966	348.7089290041181	0	0.0	2713.7962746012054	1	0	tensor(5, device='cuda:0')	-2.5205273341911276
85004.10011450517	1000.0	533.5072134714792	8.613948183504474	0	0.0	2537.6073279766424	1	0	tensor(5, device='cuda:0')	0.6652835978040862
85545.61358510853	1000.0	856.6153752172831	0.0	0	0.0	2402.228960325796	1	0	tensor(5, device='cuda:0')	0.8329482402063616
86456.7985219801	1000.0	717.6342041278097	0.0	0	0.0	2174.432726107887	1	0	tensor(5, device='cuda:0')	0.6676598471493865
86961.04140882597	1000.0	1087.330595570467	0.0	0	0.0	2048.372004396413	1	0	tensor(5, device='cuda:0')	0.8842714658985027
87599.37170772938	1000.0	1289.4177219411945	0.0	0	0.0	1888.7894296705635	1	0	tensor(5, device='cuda:0')	0.8275581402905283
88706.93482166676	1000.0	904.963829519468	0.0	0	0.0	1611.8986511862022	1	0	tensor(5, device='cuda:0')	0.6073463570488199
89671.49704790638	1000.0	699.2610467199504	0.0	0	0.0	1370.7580946263042	1	0	tensor(5, device='cuda:0')	0.690307957645035
90685.79565101513	1000.0	684.9624436112027	0.0	0	0.0	1370.7580946263042	1	0	tensor(3, device='cuda:0')	0.6751921826924967
91739.79135702357	1000.0	630.9667376027592	0.0	0	0.0	1370.7580946263042	1	0	tensor(3, device='cuda:0')	1.1751921826924967
92656.01956270493	1000.0	714.7385319213968	0.0	0	0.0	1370.7580946263042	1	0	tensor(3, device='cuda:0')	1.1751921826924967
93371.77388190475	1000.0	998.9842127215817	0.0	0	0.0	1370.7580946263042	1	0	tensor(3, device='cuda:0')	1.1751921826924967
94930.29210568049	2000.0	440.46598894584326	0.0	0	0.0	1370.7580946263042	1	0	tensor(3, device='cuda:0')	1.1751921826924967
95549.19939189836	1000.0	821.5587027279773	0.0	0	0.0	1370.7580946263042	1	0	tensor(3, device='cuda:0')	0.4820450021325516
96200.0	1000.0	1170.7580946263402	0.0	0	62.06879212819331	1370.7580946263042	1	0	tensor(3, device='cuda:0')	1.1751921826924967
97304.51605586513	2000.0	1066.2420387612171	0.0	0	0.0	1370.7580946263042	1	0	tensor(3, device='cuda:0')	1.1751921826924967
98200.0	1000.0	1170.7580946263379	0.0	0	80.4344196691236	1370.7580946263042	1	0	tensor(3, device='cuda:0')	0.4820450021325516
99200.0	1000.0	1170.7580946263424	0.0	0	164.16097623485257	1370.7580946263042	1	0	tensor(3, device='cuda:0')	1.1751921826924967
100200.0	1000.0	1170.758094626348	0.0	0	122.08853653173719	1370.7580946263042	1	0	tensor(3, device='cuda:0')	1.1751921826924967
101200.0	1000.0	1170.7580946263568	0.0	0	393.07101072280784	1370.7580946263042	1	0	tensor(3, device='cuda:0')	1.1751921826924967
102200.0	1000.0	1170.7580946263363	0.0	0	125.57952454511542	1370.7580946262897	1	0	tensor(3, device='cuda:0')	1.1751921826924974
103200.0	1000.0	1170.7580946263454	0.0	0	264.4148004519084	1370.7580946263042	1	0	tensor(3, device='cuda:0')	1.1751921826924967
104200.0	1000.0	1170.7580946263608	0.0	0	410.7463199124468	1370.7580946263042	1	0	tensor(3, device='cuda:0')	1.1751921826924967
105200.0	1000.0	920.7580946263631	0.0	0	84.99778603292361	1120.7580946263042	1	0	tensor(5, device='cuda:0')	0.1810739446804633
106200.0	1000.0	920.7580946263738	0.0	0	337.04911310567695	1120.7580946263042	1	0	tensor(3, device='cuda:0')	0.6836816593000832
107200.0	1000.0	920.7580946263863	0.0	0	379.59740494858124	1120.7580946263188	1	0	tensor(3, device='cuda:0')	1.1836816593000827
108200.0	2000.0	920.7580946263773	0.0	0	103.06781577660877	1120.7580946263188	1	0	tensor(3, device='cuda:0')	1.183681659300083
109493.86064391723	2000.0	626.897450709164	0.0	0	0.0	1120.7580946263188	1	0	tensor(3, device='cuda:0')	1.876828839860028
110548.56125257396	1000.0	572.1968420524197	0.0	0	0.0	1120.7580946263042	1	0	tensor(3, device='cuda:0')	0.490534478740138
112432.92501357607	2000.0	200.0	512.1669189496918	0	0.0	1632.925013575994	1	0	tensor(3, device='cuda:0')	-1.9057956827013864
113107.03184439628	1000.0	686.0777665768267	160.18459739703928	0	0.0	1793.1096109730279	1	0	tensor(3, device='cuda:0')	-0.49908775378421766
113747.22173999589	1000.0	1045.8878709772302	0.0	0	0.0	1793.1096109730424	1	0	tensor(3, device='cuda:0')	1.1551670111579624
114369.93912201664	1000.0	1267.4911434512924	0.0	0	0.0	1637.4302654678468	1	0	tensor(5, device='cuda:0')	0.3499773166908613
115200.0	1000.0	1229.9150459720945	0.0	0	158.9979084708757	1429.9150459720113	1	0	tensor(5, device='cuda:0')	0.7545664411666698
116200.0	1000.0	979.9150459721026	0.0	0	20.64377254777355	1179.9150459720113	1	0	tensor(5, device='cuda:0')	0.6789359843198284
117200.0	1000.0	979.9150459721136	0.0	0	163.42798544281686	1179.9150459720258	1	0	tensor(3, device='cuda:0')	0.6818570551108019
118316.24299738638	1000.0	863.6720485857361	0.0	0	0.0	1179.9150459720258	1	0	tensor(3, device='cuda:0')	1.1818570551108019
119799.52568799912	1000.0	380.38935797298166	0.0	0	0.0	1179.9150459720258	1	0	tensor(3, device='cuda:0')	1.1818570551108019
120678.50109994895	1000.0	596.1260154621714	94.7120694390025	0	0.0	1274.627115411029	1	0	tensor(3, device='cuda:0')	0.6104330123389571
121570.26490154215	1000.0	704.3622138689831	0.0	0	0.0	1274.627115411029	1	0	tensor(3, device='cuda:0')	1.1787054289729721
122200.0	1000.0	1074.6271154111328	0.0	0	195.01880706833617	1274.627115411029	1	0	tensor(3, device='cuda:0')	1.1787054289729721
123217.04807181124	2000.0	1057.5790435999093	0.0	0	0.0	1274.627115411029	1	0	tensor(3, device='cuda:0')	1.1787054289729721
124200.0	1000.0	1074.6271154111246	0.0	0	261.09171943979163	1274.6271154110145	1	0	tensor(3, device='cuda:0')	0.4855582484130275
125423.12115569625	1000.0	851.5059597148736	0.0	0	0.0	1274.6271154110145	1	0	tensor(3, device='cuda:0')	1.1787054289729728
126506.18170765537	1000.0	768.4454077557466	0.0	0	0.0	1274.6271154110145	1	0	tensor(3, device='cuda:0')	1.1787054289729728
127220.5322241276	1000.0	1054.0948912835124	0.0	0	0.0	1274.6271154110145	1	0	tensor(3, device='cuda:0')	1.1787054289729728
128200.0	1000.0	1074.6271154111305	0.0	0	287.78849089810683	1274.6271154110145	1	0	tensor(3, device='cuda:0')	1.1787054289729728
129436.39608657263	2000.0	838.2310288384922	0.0	0	0.0	1274.627115411029	1	0	tensor(3, device='cuda:0')	1.1787054289729721
130248.32879619984	1000.0	1026.2983192112786	0.0	0	0.0	1274.627115411029	1	0	tensor(3, device='cuda:0')	0.485558248413027
131200.0	2000.0	1074.6271154111273	0.0	0	27.559283070499077	1274.627115411029	1	0	tensor(3, device='cuda:0')	1.1787054289729721
132200.0	2000.0	1074.62711541116	0.0	0	111.17636473060702	1274.6271154110582	1	0	tensor(3, device='cuda:0')	1.871852609532917
133200.0	2000.0	1074.6271154111541	0.0	0	39.948385733849136	1274.6271154110727	1	0	tensor(3, device='cuda:0')	1.8718526095329158
134455.4421608144	2000.0	819.1849545967681	0.0	0	0.0	1274.6271154110727	1	0	tensor(3, device='cuda:0')	1.8718526095329158
135816.00249440232	2000.0	458.62462100883965	0.0	0	0.0	1274.6271154110727	1	0	tensor(3, device='cuda:0')	1.8718526095329158
136520.43810051162	1000.0	754.1890148995483	0.0	0	0.0	1274.6271154110727	1	0	tensor(3, device='cuda:0')	0.4855582484130255
137409.60670858648	2000.0	865.0204068246842	0.0	0	0.0	1274.6271154110727	1	0	tensor(3, device='cuda:0')	1.1787054289729706
138848.0895009099	2000.0	426.53761450127706	0.0	0	0.0	1274.6271154111018	1	0	tensor(3, device='cuda:0')	1.8718526095329149
139911.71311418657	2000.0	373.8939151995838	10.979913974950193	0	0.0	1285.6070293860394	1	0	tensor(3, device='cuda:0')	1.8055884172780834
140929.53210222383	1000.0	436.6693391253213	80.59441196302026	0	0.0	1366.2014413490542	1	0	tensor(3, device='cuda:0')	-0.0013473516821073117
142405.62278566262	1000.0	245.5799152984115	285.00125961191856	0	0.0	1651.202700961061	1	0	tensor(3, device='cuda:0')	-0.5471742138808593
143214.09745550645	1000.0	640.6745646772293	203.56931922263016	0	0.0	1854.7720201836783	1	0	tensor(3, device='cuda:0')	-0.06992396472849671
144066.07555455744	1000.0	788.6964656262193	0.0	0	0.0	1854.7720201836491	1	0	tensor(3, device='cuda:0')	1.151491950607286
144873.83229717068	1000.0	980.9397230130048	0.0	0	0.0	1854.7720201836491	1	0	tensor(3, device='cuda:0')	1.151491950607286
146044.8154039238	1000.0	809.9566162599102	0.0	0	0.0	1854.7720201836783	1	0	tensor(3, device='cuda:0')	1.1514919506072843
146924.7268877871	1000.0	710.0672614307583	0.0	0	0.0	1634.794149217836	1	0	tensor(5, device='cuda:0')	0.22111494298432177
147421.9096987197	1000.0	1088.588747765012	0.0	0	0.0	1510.4984464847075	1	0	tensor(5, device='cuda:0')	0.9194884049547278
148200.0	1000.0	1310.4984464847416	0.0	0	148.407714106841	1510.4984464847366	1	0	tensor(3, device='cuda:0')	0.6694568617898742
149200.0	1000.0	1310.4984464847507	0.0	0	288.96408464340493	1510.4984464847075	1	0	tensor(3, device='cuda:0')	1.1694568617898755
150200.0	1000.0	1060.4984464847048	0.0	0	423.487335781625	1260.4984464846784	1	0	tensor(5, device='cuda:0')	0.1757039524859196
151200.0	1000.0	810.4984464847057	0.0	0	560.4284556380007	1010.4984464846784	1	0	tensor(5, device='cuda:0')	0.6839700686039039
152741.87056637908	2000.0	268.62788010563185	0.0	0	0.0	1010.4984464846784	1	0	tensor(3, device='cuda:0')	0.6868112654040416
153665.34607253486	1000.0	521.4433457102537	176.29097176037487	0	0.0	1186.7894182450545	1	0	tensor(3, device='cuda:0')	-0.5692549581492612
154733.12262896847	2000.0	453.6667892766496	0.0	0	0.0	1186.7894182450545	1	0	tensor(3, device='cuda:0')	1.1816380529729331
155819.08548850327	2000.0	434.07401291215047	66.37008317033474	0	0.0	1253.1595014153863	1	0	tensor(3, device='cuda:0')	1.4743723973085865
156678.00743315206	2000.0	575.1520682633502	0.0	0	0.0	1253.1595014153863	1	0	tensor(3, device='cuda:0')	1.872592896330595
157534.11356559148	2000.0	719.045935823938	0.0	0	0.0	1253.1595014154154	1	0	tensor(3, device='cuda:0')	1.8725928963305938
158847.40350851073	2000.0	405.75599290469546	0.0	0	0.0	1253.1595014154154	1	0	tensor(3, device='cuda:0')	1.8725928963305938
159548.34630213227	1000.0	704.8131992831493	0.0	0	0.0	1253.1595014154154	1	0	tensor(3, device='cuda:0')	0.48629853521070365
160200.0	1000.0	1053.159501415429	0.0	0	164.4284435446025	1253.1595014154154	1	0	tensor(3, device='cuda:0')	1.1794457157706488
161417.31994604447	2000.0	835.8395553709563	0.0	0	0.0	1253.1595014154154	1	0	tensor(3, device='cuda:0')	1.1794457157706486
162238.37410311235	1000.0	1014.7853983030813	0.0	0	0.0	1253.1595014154154	1	0	tensor(3, device='cuda:0')	0.48629853521070365
163200.0	1000.0	1053.159501415438	0.0	0	324.93503551819595	1253.1595014153863	1	0	tensor(3, device='cuda:0')	1.1794457157706497
164619.5338982743	2000.0	633.6256031411235	0.0	0	0.0	1253.1595014153863	1	0	tensor(3, device='cuda:0')	1.1794457157706497
165200.0	2000.0	1053.1595014154339	0.0	0	8.534453695901902	1253.1595014154154	1	0	tensor(3, device='cuda:0')	1.8725928963305938
166320.1116304819	2000.0	933.0478709335231	0.0	0	0.0	1253.1595014154154	1	0	tensor(3, device='cuda:0')	1.8725928963305938
167200.0	2000.0	1053.1595014154113	0.0	0	106.47001427775831	1253.1595014154154	1	0	tensor(3, device='cuda:0')	1.8725928963305938
168200.00158441602	2000.0	1053.1579169994243	0.0	0	0.0	1253.1595014154154	1	0	tensor(3, device='cuda:0')	1.8725928963305938
169796.336741771	2000.0	456.8227596444349	0.0	0	0.0	1253.1595014153863	1	0	tensor(3, device='cuda:0')	1.872592896330595
171012.48640996768	1000.0	634.7461609143201	394.07306946656024	0	0.0	1647.2325708819844	1	0	tensor(3, device='cuda:0')	-1.8945526290461612
171961.97593148658	1000.0	685.2566393954111	0.0	0	0.0	1647.2325708819844	1	0	tensor(3, device='cuda:0')	1.1630329683131455
172520.44844035144	1000.0	1126.7841305305606	0.0	0	0.0	1647.2325708819844	1	0	tensor(3, device='cuda:0')	1.1630329683131455
173387.94909606062	1000.0	1042.4083108940915	0.0	0	0.0	1430.3574069546885	1	0	tensor(5, device='cuda:0')	0.23661684186282084
174200.0	1000.0	1230.3574069547262	0.0	0	309.06246925957385	1430.3574069546885	1	0	tensor(3, device='cuda:0')	0.6728416993529657
175200.0	1000.0	1230.3574069547576	0.0	0	446.21344919048715	1430.3574069546885	1	0	tensor(3, device='cuda:0')	1.1728416993529658
176281.9505117035	1000.0	1148.406895251272	0.0	0	0.0	1430.3574069546885	1	0	tensor(3, device='cuda:0')	1.1728416993529658
177200.0	1000.0	1230.357406954744	0.0	0	286.1977378578158	1430.3574069546594	1	0	tensor(3, device='cuda:0')	1.172841699352967
178200.0	1000.0	1230.3574069547635	0.0	0	326.04864566310425	1430.3574069546594	1	0	tensor(3, device='cuda:0')	1.172841699352967
179200.0	1000.0	980.3574069547603	0.0	0	344.92854714303394	1180.3574069546303	1	0	tensor(5, device='cuda:0')	0.178532408339416
180693.991581043	1000.0	486.36582591176	0.0	0	0.0	1180.3574069546303	1	0	tensor(3, device='cuda:0')	0.6818430070295972
181570.07830334015	1000.0	610.279103614617	0.0	0	0.0	1180.3574069546303	1	0	tensor(3, device='cuda:0')	1.1818430070295973
182368.98531040104	1000.0	811.3720965537157	0.0	0	0.0	1180.3574069546303	1	0	tensor(3, device='cuda:0')	1.1818430070295973
183200.0	1000.0	980.3574069547448	0.0	0	37.51170889829518	1180.3574069546303	1	0	tensor(3, device='cuda:0')	1.1818430070295973
184253.55271235036	2000.0	926.8046946043826	0.0	0	0.0	1180.3574069546303	1	0	tensor(3, device='cuda:0')	1.181843007029597
186151.9730483022	2000.0	200.0	171.61564134746678	0	0.0	1351.9730483021995	1	0	tensor(3, device='cuda:0')	0.8423584326202439
186910.19942147975	1000.0	602.7619383548541	160.98831153238538	0	0.0	1512.9613598345895	1	0	tensor(3, device='cuda:0')	-0.4897284733254925
187777.08112222384	1000.0	735.8802376107449	0.0	0	0.0	1512.9613598345895	1	0	tensor(3, device='cuda:0')	1.1693485764287648
188819.11965424917	1000.0	693.8417055854331	0.0	0	0.0	1512.9613598345895	1	0	tensor(3, device='cuda:0')	1.1693485764287648
189552.2986800565	1000.0	960.6626797781382	0.0	0	0.0	1512.9613598345895	1	0	tensor(3, device='cuda:0')	1.1693485764287648
190449.7864751033	1000.0	1063.1748847313352	0.0	0	0.0	1512.9613598345895	1	0	tensor(3, device='cuda:0')	1.1693485764287648
191200.0	1000.0	1312.9613598346239	0.0	0	158.85970634804107	1512.9613598345895	1	0	tensor(3, device='cuda:0')	1.1693485764287648
192200.0	1000.0	1312.9613598346425	0.0	0	237.96394099260215	1512.9613598345895	1	0	tensor(3, device='cuda:0')	1.1693485764287648
193200.0	1000.0	1312.9613598346575	0.0	0	151.17512294906192	1512.9613598345895	1	0	tensor(3, device='cuda:0')	1.1693485764287648
194200.0	1000.0	1312.961359834667	0.0	0	266.7015835973434	1512.9613598345895	1	0	tensor(3, device='cuda:0')	1.1693485764287648
195200.0	1000.0	1312.9613598346923	0.0	0	52.92456975847017	1512.9613598345895	1	0	tensor(3, device='cuda:0')	1.1693485764287648
196200.0	1000.0	1312.9613598347103	0.0	0	337.6762091278797	1512.9613598345895	1	0	tensor(3, device='cuda:0')	1.1693485764287648
197200.0	1000.0	1312.9613598346868	0.0	0	356.018469071656	1512.9613598345895	1	0	tensor(3, device='cuda:0')	1.1693485764287648
198200.0	1000.0	1312.9613598346737	0.0	0	164.77435221453197	1512.9613598345895	1	0	tensor(3, device='cuda:0')	1.1693485764287648
199200.0	1000.0	1062.9613598346905	0.0	0	451.26623948680935	1262.9613598346186	1	0	tensor(5, device='cuda:0')	0.1755652808265346
200200.0	1000.0	812.9613598346459	0.0	0	524.0017602002481	1012.9613598345895	1	0	tensor(5, device='cuda:0')	0.6839329345865992
201290.51083331893	2000.0	722.4505265157325	0.0	0	0.0	1012.9613598345895	1	0	tensor(3, device='cuda:0')	0.6867450087369329
202581.30842478943	2000.0	431.6529350452472	0.0	0	0.0	1012.9613598345895	1	0	tensor(3, device='cuda:0')	1.879892189296878
204048.55908010236	2000.0	386.3864689380783	421.98418920577046	0	0.0	1434.9455490403634	1	0	tensor(3, device='cuda:0')	-0.6660441447215693
204809.34203543444	2000.0	686.0200091143467	60.41649550833296	0	0.0	1495.362044548674	1	0	tensor(3, device='cuda:0')	1.5007648657658534
205257.85902915793	2000.0	1237.5030153908672	0.0	0	0.0	1495.362044548674	1	0	tensor(3, device='cuda:0')	1.8632638388158513
206200.0	2000.0	1059.8268018382635	0.0	0	202.2576148066437	1259.8268018381204	1	0	tensor(5, device='cuda:0')	0.8983016072631738
208175.08004638553	3000.0	200.0	487.21860491490406	0	0.0	1375.0800463855267	1	0	tensor(5, device='cuda:0')	-1.7937179677548218
208718.09359785123	1000.0	724.6931774390118	67.70672890470894	0	0.0	1442.7867752902384	1	0	tensor(3, device='cuda:0')	-0.8325186904548133
209752.64753767996	2000.0	690.1392376102801	0.0	0	0.0	1442.7867752902384	1	0	tensor(3, device='cuda:0')	1.1723339716415497
210559.70317945993	2000.0	883.0835958302926	0.0	0	0.0	1442.7867752902093	1	0	tensor(3, device='cuda:0')	1.865481152201496
211386.38553485213	2000.0	1056.4012404380373	0.0	0	0.0	1442.7867752901802	1	0	tensor(3, device='cuda:0')	1.8654811522014971
212265.73890618168	2000.0	1177.0478691084559	0.0	0	0.0	1442.7867752902093	1	0	tensor(3, device='cuda:0')	1.865481152201496
213259.37167704807	2000.0	935.0069055254817	0.0	0	0.0	1194.3785825736413	1	0	tensor(5, device='cuda:0')	0.8755591621340255
214200.0	2000.0	994.3785825735646	0.0	0	4.99086730228737	1194.3785825736413	1	0	tensor(3, device='cuda:0')	1.3745417332082237
215200.0	2000.0	994.3785825735652	0.0	0	215.20469621077063	1194.3785825736413	1	0	tensor(3, device='cuda:0')	1.8745417332082237
216200.0	2000.0	994.3785825735629	0.0	0	227.5196779941325	1194.3785825736413	1	0	tensor(3, device='cuda:0')	1.8745417332082237
217789.42352269645	2000.0	200.0	153.92065663760914	0	0.0	989.4235226965393	1	0	tensor(5, device='cuda:0')	-0.2606963099497604
218485.80709779757	1000.0	666.4143799024596	162.7979550035715	0	0.0	1152.2214777001063	1	0	tensor(3, device='cuda:0')	-0.9872104546849299
219562.60290320535	2000.0	589.6185744946931	0.0	0	0.0	1152.2214777000772	1	0	tensor(3, device='cuda:0')	1.182724455896445
221131.9938765583	2000.0	247.13916381356532	226.91156267183774	0	0.0	1379.133040371904	1	0	tensor(3, device='cuda:0')	0.5066224302072941
221950.1658980789	1000.0	607.3653210355001	178.3981787425374	0	0.0	1557.5312191144621	1	0	tensor(3, device='cuda:0')	-0.5961929732658919
222450.81557468386	1000.0	1106.7156444305415	0.0	0	0.0	1557.5312191144621	1	0	tensor(3, device='cuda:0')	1.1673432797492773
223330.36049367997	1000.0	1227.1707254344137	0.0	0	0.0	1557.531219114433	1	0	tensor(3, device='cuda:0')	1.1673432797492784
224380.89155307823	1000.0	1176.6396660361688	0.0	0	0.0	1557.5312191144621	1	0	tensor(3, device='cuda:0')	1.1673432797492773
225226.20550783625	1000.0	1331.3257112781428	0.0	0	0.0	1557.5312191144621	1	0	tensor(3, device='cuda:0')	1.1673432797492773
226200.0	1000.0	1357.5312191143805	0.0	0	203.80957912970916	1557.5312191144621	1	0	tensor(3, device='cuda:0')	1.1673432797492773
227200.0	1000.0	1107.5312191144299	0.0	0	374.6576950761955	1307.5312191144913	1	0	tensor(5, device='cuda:0')	0.17384131786075374
228207.10123044398	1000.0	1100.4299886704584	0.0	0	0.0	1307.5312191145204	1	0	tensor(3, device='cuda:0')	0.6775400277783186
229377.1570265226	1000.0	930.3741925918389	0.0	0	0.0	1307.5312191144913	1	0	tensor(3, device='cuda:0')	1.1775400277783197
230200.0	1000.0	1107.5312191144312	0.0	0	177.4964066236862	1307.5312191145204	1	0	tensor(3, device='cuda:0')	1.1775400277783186
231260.63715045157	2000.0	1046.8940686628844	0.0	0	0.0	1307.5312191145495	1	0	tensor(3, device='cuda:0')	1.1775400277783175
232200.0	1000.0	1107.5312191144612	0.0	0	137.89961142890388	1307.5312191145495	1	0	tensor(3, device='cuda:0')	0.48439284721837234
233200.0	1000.0	1107.5312191144935	0.0	0	191.3365501939843	1307.5312191145786	1	0	tensor(3, device='cuda:0')	1.1775400277783163
234200.0	1000.0	1107.5312191145103	0.0	0	408.32243362275767	1307.5312191145786	1	0	tensor(3, device='cuda:0')	1.1775400277783163
235200.0	1000.0	1107.5312191144967	0.0	0	334.1820735904039	1307.5312191145786	1	0	tensor(3, device='cuda:0')	1.1775400277783163
236200.0	1000.0	1107.5312191144997	0.0	0	434.6778182197595	1307.5312191145786	1	0	tensor(3, device='cuda:0')	1.1775400277783163
237200.0	1000.0	1107.5312191144792	0.0	0	397.84392333228607	1307.5312191145495	1	0	tensor(3, device='cuda:0')	1.1775400277783175
238200.0	2000.0	1107.5312191144899	0.0	0	28.183667062432505	1307.5312191145495	1	0	tensor(3, device='cuda:0')	1.1775400277783175
239470.5723519548	2000.0	836.958867159698	0.0	0	0.0	1307.5312191145495	1	0	tensor(3, device='cuda:0')	1.8706872083382624
241022.10509948042	2000.0	285.4261196340589	0.0	0	0.0	1307.5312191145495	1	0	tensor(3, device='cuda:0')	1.8706872083382624
241755.30219151688	1000.0	630.488050459107	78.25902286150415	0	0.0	1385.7902419760358	1	0	tensor(3, device='cuda:0')	0.011910911280407388
242591.48500093594	1000.0	794.3052410400048	0.0	0	0.0	1385.7902419760358	1	0	tensor(3, device='cuda:0')	1.1746122290093772
243221.09776310198	1000.0	1164.6924788739548	0.0	0	0.0	1385.7902419760067	1	0	tensor(3, device='cuda:0')	1.1746122290093783
244200.0	1000.0	1185.7902419759316	0.0	0	50.9791268214467	1385.7902419760358	1	0	tensor(3, device='cuda:0')	1.1746122290093772
245361.341246702	1000.0	1024.4489952738913	0.0	0	0.0	1385.7902419760358	1	0	tensor(3, device='cuda:0')	1.1746122290093772
246398.89716544346	1000.0	986.8930765324066	0.0	0	0.0	1385.7902419760358	1	0	tensor(3, device='cuda:0')	1.1746122290093772
247200.0	1000.0	1185.790241975838	0.0	0	231.2217581521254	1385.7902419760358	1	0	tensor(3, device='cuda:0')	1.1746122290093772
248200.0	2000.0	1185.7902419758293	0.0	0	33.31500393015449	1385.7902419760358	1	0	tensor(3, device='cuda:0')	1.174612229009377
249200.0	2000.0	1185.7902419758411	0.0	0	337.41929261686164	1385.7902419760358	1	0	tensor(3, device='cuda:0')	1.8677594095693224
250200.0	2000.0	935.7902419758436	0.0	0	169.29053159061004	1135.7902419760358	1	0	tensor(5, device='cuda:0')	0.8738588355360408
251200.0	2000.0	685.7902419758593	0.0	0	298.44050040101865	885.7902419760649	1	0	tensor(5, device='cuda:0')	1.3806804417766882
252696.12656705378	2000.0	200.0	10.33632507791782	0	0.0	896.126567053987	1	0	tensor(3, device='cuda:0')	1.320999834442711
253273.18910503885	1000.0	694.4513952098268	71.51393319490089	0	0.0	967.6405002488755	1	0	tensor(3, device='cuda:0')	0.0657080312824545
255056.66012456085	2000.0	200.0	289.01962431213894	0	0.0	1256.6601245610218	1	0	tensor(3, device='cuda:0')	-0.5521097631612987
255970.0333215697	1000.0	555.5526554607867	268.92585246959794	0	0.0	1525.585977030627	1	0	tensor(3, device='cuda:0')	-1.137912889816207
256835.33362758099	1000.0	690.2523494495198	0.0	0	0.0	1525.585977030627	1	0	tensor(3, device='cuda:0')	1.168789405561326
257395.94127482807	1000.0	1129.644702202416	0.0	0	0.0	1525.585977030627	1	0	tensor(3, device='cuda:0')	1.168789405561326
258200.0	1000.0	1325.5859770305028	0.0	0	157.26000521858805	1525.585977030627	1	0	tensor(3, device='cuda:0')	1.168789405561326
259200.0	1000.0	1325.5859770304858	0.0	0	425.5319094861916	1525.585977030627	1	0	tensor(3, device='cuda:0')	1.168789405561326
260200.0	1000.0	1075.5859770305187	0.0	0	551.7412832670088	1275.585977030656	1	0	tensor(5, device='cuda:0')	0.17502513404301903
261200.0	2000.0	825.5859770304878	0.0	0	161.96534394897753	1025.585977030627	1	0	tensor(5, device='cuda:0')	0.6838835940941176
262200.0	2000.0	575.585977030503	0.0	0	146.73982796631753	775.5859770306852	1	0	tensor(5, device='cuda:0')	1.3836050162082176
263234.82261521026	2000.0	540.763361820303	0.0	0	0.0	775.5859770306852	1	0	tensor(3, device='cuda:0')	1.3855917310218662
264211.2283205531	2000.0	564.357656477493	0.0	0	0.0	775.5859770306852	1	0	tensor(3, device='cuda:0')	1.8855917310218664
265354.8269102485	2000.0	420.7590667821156	0.0	0	0.0	775.5859770306852	1	0	tensor(3, device='cuda:0')	1.8855917310218664
266433.38308968215	2000.0	421.9442139020548	79.74132655357238	0	0.0	855.3273035842576	1	0	tensor(3, device='cuda:0')	1.4053761740158353
268677.78804181813	2000.0	200.0	1022.4607382339026	0	0.0	1877.7880418181303	1	0	tensor(3, device='cuda:0')	-4.279920052899204
269402.6246844816	1000.0	627.148953374249	151.98559603769954	0	0.0	2029.773637855833	1	0	tensor(3, device='cuda:0')	-0.46527629979838125
269904.9420389164	1000.0	999.2522603307228	0.0	0	0.0	1904.1942992471159	1	0	tensor(5, device='cuda:0')	0.3954647114661183
270309.1772815892	1000.0	1493.9582069897954	0.0	0	0.0	1803.1354885789915	1	0	tensor(5, device='cuda:0')	0.9508950188208622
271200.0	1000.0	1380.4298089762312	0.0	0	521.0661816002685	1580.429808976245	1	0	tensor(5, device='cuda:0')	0.7160916387952723
272200.0	1000.0	1130.429808976225	0.0	0	426.7480781142949	1330.429808976187	1	0	tensor(5, device='cuda:0')	0.6728179077823455
273200.0	1000.0	880.4298089761949	0.0	0	391.44904468004825	1080.429808976245	1	0	tensor(5, device='cuda:0')	0.6819706636937537
274232.7117777674	2000.0	847.7180312088333	0.0	0	0.0	1080.429808976245	1	0	tensor(3, device='cuda:0')	0.6848659682277551
275200.0	1000.0	880.4298089762049	0.0	0	428.1835054929834	1080.429808976245	1	0	tensor(3, device='cuda:0')	0.49171878766780996
276200.0	1000.0	880.4298089761868	0.0	0	208.7917843243922	1080.429808976245	1	0	tensor(3, device='cuda:0')	1.1848659682277551
277200.0	1000.0	880.4298089761751	0.0	0	469.3244659411721	1080.429808976245	1	0	tensor(3, device='cuda:0')	1.1848659682277551
278200.0	2000.0	880.4298089761342	0.0	0	80.45449324580841	1080.429808976245	1	0	tensor(3, device='cuda:0')	1.1848659682277551
279458.92902241444	2000.0	621.5007865616669	0.0	0	0.0	1080.429808976245	1	0	tensor(3, device='cuda:0')	1.8780131487877003
280991.53004788497	2000.0	237.34706711506084	148.44730602386892	0	0.0	1228.8771150000975	1	0	tensor(3, device='cuda:0')	0.9827278004971798
281848.79483782855	1000.0	618.893474684676	238.81119751317647	0	0.0	1467.688312513288	1	0	tensor(3, device='cuda:0')	-0.9547163786444629
282655.98710774555	2000.0	811.7012047677073	0.0	0	0.0	1467.688312513288	1	0	tensor(3, device='cuda:0')	1.171297986994541
283492.8319713456	2000.0	974.8563411676652	0.0	0	0.0	1467.688312513288	1	0	tensor(3, device='cuda:0')	1.8644451675544862
285121.7613406654	2000.0	345.9269718477933	0.0	0	0.0	1467.688312513288	1	0	tensor(3, device='cuda:0')	1.8644451675544862
285836.6862980887	1000.0	641.3758252374546	10.373810812985596	0	0.0	1478.0621233262937	1	0	tensor(3, device='cuda:0')	0.4154688508034178
286441.5544212358	1000.0	1036.5077020902745	0.0	0	0.0	1478.0621233262355	1	0	tensor(3, device='cuda:0')	1.170858896241279
287374.6875745217	2000.0	1103.374548804391	0.0	0	0.0	1478.0621233262355	1	0	tensor(3, device='cuda:0')	1.170858896241279
288472.01948058483	2000.0	1006.0426427412078	0.0	0	0.0	1478.0621233262355	1	0	tensor(3, device='cuda:0')	1.8640060768012239
289803.577395132	2000.0	674.4847281940172	0.0	0	0.0	1478.0621233262355	1	0	tensor(3, device='cuda:0')	1.8640060768012239
290718.1414228648	2000.0	759.920700461242	0.0	0	0.0	1478.0621233262355	1	0	tensor(3, device='cuda:0')	1.8640060768012239
291387.8596078581	2000.0	1090.2025154679911	0.0	0	0.0	1478.0621233262355	1	0	tensor(3, device='cuda:0')	1.8640060768012239
292449.3298714791	2000.0	763.3646859417165	0.0	0	0.0	1212.6945574209094	1	0	tensor(5, device='cuda:0')	0.840432228665837
293695.7546570966	2000.0	516.9399003241867	0.0	0	0.0	1212.6945574208512	1	0	tensor(3, device='cuda:0')	1.3739465179270054
294787.3602779966	2000.0	470.8015812205728	45.46730179642901	0	0.0	1258.1618592172745	1	0	tensor(3, device='cuda:0')	1.5996179776571124
295696.30381401937	2000.0	561.8580451977823	0.0	0	0.0	1258.1618592172745	1	0	tensor(3, device='cuda:0')	1.8724217884356866
297124.5310147958	2000.0	209.2874585676316	75.65661414629801	0	0.0	1333.8184733635862	1	0	tensor(3, device='cuda:0')	1.4157890412266625
298069.36946981464	1000.0	553.6329962470908	289.1839926983139	0	0.0	1623.0024660619674	1	0	tensor(3, device='cuda:0')	-1.2640164429536207
299048.4035964904	1000.0	574.5988695712969	0.0	0	0.0	1623.0024660619092	1	0	tensor(3, device='cuda:0')	1.1642346937962111
299690.12944431714	1000.0	932.8730217445092	0.0	0	0.0	1623.002466061851	1	0	tensor(3, device='cuda:0')	1.1642346937962138
300668.06556967023	1000.0	954.93689639139	0.0	0	0.0	1623.002466061851	1	0	tensor(3, device='cuda:0')	1.1642346937962138
0.637	1.08	0.915	1.02	0.88	1.18	1.49	1.27	0.788	0.637	0.73	1.32	1.49	1.14	0.973	1.69	0.869	0.66	1.52	2.25	1.29	1.31	1.02	1.44	1.87	1.67	1.27	1.4	1.74	1.46	2.35	1.64	1.2	1.62	1.99	1.53	1.27	2.12	1.82	1.46	0.973	1.29	1.62	1.11	1.8	1.14	0.614	1.31	1.82	1.46	0.718	0.649	0.962	1.31	0.88	1.41	2.11	1.23	1.1	1.78	1.12	0.799	1.38	1.48	1.33	1.32	1.88	1.77	2.84	2.33	2.62	2.35	1.42	0.788	0.66	1.29	1.47	1.48	1.3	2.27	0.857	1.15	0.88	1.25	1.19	1.67	1.56	1.7	1.62	1.61	1.54	1.1	1.4	1.29	1.41	2.0	1.7	1.26	1.04	2.18	2.43	0.672	1.32	1.15	1.2	1.9	2.24	1.8	0.904	1.18	1.12	0.846	0.892	1.39	1.85	1.64	1.1	0.811	1.26	1.22	2.4	1.4	1.63	1.73	1.7	2.09	1.83	1.14	1.47	2.15	1.49	2.13	1.39	0.822	0.973	1.66	1.39	1.01	1.42	1.63	1.33	1.82	1.81	1.92	1.37	1.49	1.95	1.87	2.33	1.89	1.6	1.34	1.99	1.16	1.2	1.6	1.98	2.9	1.7	2.39	2.61	1.48	0.544	1.27	1.68	1.56	1.58	1.12	0.95	1.99	1.97	1.09	0.799	0.95	1.24	1.78	1.51	1.16	1.22	1.2	0.799	1.41	1.49	1.52	1.49	1.37	1.4	1.26	1.24	1.54	1.51	2.07	2.54	2.06	1.78	1.4	2.21	3.41	3.02	1.75	1.9	1.84	2.02	2.53	2.63	2.28	2.7	2.49	2.54	1.04	1.17	1.88	1.07	1.24	1.63	1.51	1.11	1.6	1.61	1.45	0.95	1.08	1.85	1.49	1.05	1.56	1.54	1.99	1.19	2.14	2.29	1.9	1.91	1.23	1.11	1.33	0.962	1.07	1.32	1.82	2.2	2.83	3.1	1.66	1.15	1.54	1.32	1.23	1.4	1.49	1.82	2.42	3.19	2.92	2.28	1.7	1.81	1.64	1.67	1.03	1.08	1.55	2.4	2.4	1.51	1.84	1.66	1.12	1.29	2.4	2.31	2.04	1.48	1.52	1.88	1.8	1.74	1.55	1.74	1.92	2.48	1.92	2.27	3.21	2.25	1.54	2.15	2.49	1.32	1.34	1.38	1.29	1.17	1.53
950.0	951.0	952.0	953.0	954.0	955.0	956.0	957.0	958.0	959.0	960.0	961.0	962.0	963.0	964.0	965.0	966.0	967.0	968.0	969.0	970.0	971.0	972.0	973.0	974.0	975.0	976.0	977.0	978.0	979.0	980.0	981.0	982.0	983.0	984.0	985.0	986.0	987.0	988.0	989.0	990.0	991.0	992.0	993.0	994.0	995.0	996.0	997.0	998.0	999.0	1000.0	1001.0	1002.0	1003.0	1004.0	1005.0	1006.0	1007.0	1008.0	1009.0	1010.0	1011.0	1012.0	1013.0	1014.0	1015.0	1016.0	1017.0	1018.0	1019.0	1020.0	1021.0	1022.0	1023.0	1024.0	1025.0	1026.0	1027.0	1028.0	1029.0	1030.0	1031.0	1032.0	1033.0	1034.0	1035.0	1036.0	1037.0	1038.0	1039.0	1040.0	1041.0	1042.0	1043.0	1044.0	1045.0	1046.0	1047.0	1048.0	1049.0	1050.0	1051.0	1052.0	1053.0	1054.0	1055.0	1056.0	1057.0	1058.0	1059.0	1060.0	1061.0	1062.0	1063.0	1064.0	1065.0	1066.0	1067.0	1068.0	1069.0	1070.0	1071.0	1072.0	1073.0	1074.0	1075.0	1076.0	1077.0	1078.0	1079.0	1080.0	1081.0	1082.0	1083.0	1084.0	1085.0	1086.0	1087.0	1088.0	1089.0	1090.0	1091.0	1092.0	1093.0	1094.0	1095.0	1096.0	1097.0	1098.0	1099.0	1100.0	1101.0	1102.0	1103.0	1104.0	1105.0	1106.0	1107.0	1108.0	1109.0	1110.0	1111.0	1112.0	1113.0	1114.0	1115.0	1116.0	1117.0	1118.0	1119.0	1120.0	1121.0	1122.0	1123.0	1124.0	1125.0	1126.0	1127.0	1128.0	1129.0	1130.0	1131.0	1132.0	1133.0	1134.0	1135.0	1136.0	1137.0	1138.0	1139.0	1140.0	1141.0	1142.0	1143.0	1144.0	1145.0	1146.0	1147.0	1148.0	1149.0	1150.0	1151.0	1152.0	1153.0	1154.0	1155.0	1156.0	1157.0	1158.0	1159.0	1160.0	1161.0	1162.0	1163.0	1164.0	1165.0	1166.0	1167.0	1168.0	1169.0	1170.0	1171.0	1172.0	1173.0	1174.0	1175.0	1176.0	1177.0	1178.0	1179.0	1180.0	1181.0	1182.0	1183.0	1184.0	1185.0	1186.0	1187.0	1188.0	1189.0	1190.0	1191.0	1192.0	1193.0	1194.0	1195.0	1196.0	1197.0	1198.0	1199.0	1200.0	1201.0	1202.0	1203.0	1204.0	1205.0	1206.0	1207.0	1208.0	1209.0	1210.0	1211.0	1212.0	1213.0	1214.0	1215.0	1216.0	1217.0	1218.0	1219.0	1220.0	1221.0	1222.0	1223.0	1224.0	1225.0	1226.0	1227.0	1228.0	1229.0	1230.0	1231.0	1232.0	1233.0	1234.0	1235.0	1236.0	1237.0	1238.0	1239.0	1240.0	1241.0	1242.0	1243.0
7625.0
