9558.515646455693	300.0	2000.0	195.6392445597651	0	0.0	9558.515646455693	1	0	tensor(5, device='cuda:0')	-5.548501822235044
9974.08201564886	1000.0	2480.5420385085404	0.0	0	0.0	9454.6240541574	1	0	tensor(5, device='cuda:0')	-4.078367786828705
10410.074003760155	1000.0	2935.5520533694234	0.0	0	0.0	9345.626057129579	1	0	tensor(5, device='cuda:0')	-2.8712567396515105
10740.210143936622	1000.0	3522.88187814884	0.0	0	0.0	9263.092022085462	1	0	tensor(5, device='cuda:0')	-2.8064665689027786
11170.349609032071	1000.0	3985.2075467795285	0.0	0	0.0	9155.5571558116	1	0	tensor(5, device='cuda:0')	-2.8419371848762793
12063.145281828893	3000.0	3869.2129557835015	0.0	0	0.0	8932.358237612396	1	0	tensor(5, device='cuda:0')	-3.040662180882036
13377.752838443088	3000.0	3225.953510015758	0.0	0	0.0	8603.706348458847	1	0	tensor(5, device='cuda:0')	-2.0882373898716544
14549.419831349363	3000.0	2761.3697688829134	0.0	0	0.0	8310.789600232278	1	0	tensor(5, device='cuda:0')	-1.9432169793390985
15323.034499249501	1000.0	2794.35143400774	0.0	0	0.0	8117.385933257243	1	0	tensor(5, device='cuda:0')	-3.8603415224501223
16213.264054802321	1000.0	2681.5644895667115	0.0	0	0.0	7894.828544369033	1	0	tensor(5, device='cuda:0')	-2.7332282249380757
16701.561952277723	1000.0	3071.1921177224594	0.0	0	0.0	7772.754070000183	1	0	tensor(5, device='cuda:0')	-2.465167314962111
17372.839555240447	1000.0	3232.095114019053	0.0	0	0.0	7604.934669259501	1	0	tensor(5, device='cuda:0')	-2.473760816160505
17909.998807262713	1000.0	3560.646048991221	0.0	0	0.0	7470.644856253937	1	0	tensor(5, device='cuda:0')	-2.3264110814490815
18353.874453941196	1000.0	4005.8014906431195	0.0	0	0.0	7359.675944584318	1	0	tensor(5, device='cuda:0')	-2.2112340751877024
19087.447176977905	1000.0	4088.835586847229	0.0	0	0.0	7176.2827638251365	1	0	tensor(5, device='cuda:0')	-2.241250821839568
19858.674795527215	1000.0	4124.801063660589	0.0	0	0.0	6983.475859187807	1	0	tensor(5, device='cuda:0')	-2.1199209393940124
20323.34739067855	1000.0	4543.960319721418	0.0	0	0.0	6867.307710399971	1	0	tensor(5, device='cuda:0')	-1.8571335489616552
20942.67712842256	1000.0	4769.798147541407	0.0	0	0.0	6712.4752759639705	1	0	tensor(5, device='cuda:0')	-1.811956862280043
21711.10938535785	1000.0	4809.2578263722935	0.0	0	0.0	6520.367211730143	1	0	tensor(5, device='cuda:0')	-1.7261964418299578
22402.95364862637	1000.0	4944.452497286643	0.0	0	0.0	6347.4061459130135	1	0	tensor(5, device='cuda:0')	-1.5098435561412198
24001.654860573424	3000.0	3946.075982352827	0.0	0	0.0	5947.730842926256	1	0	tensor(5, device='cuda:0')	-1.623773982235017
25520.148001365862	3000.0	3047.95955636228	0.0	0	0.0	5568.107557728148	1	0	tensor(5, device='cuda:0')	-0.130257900345846
26351.534697444768	1000.0	3008.7261862636446	0.0	0	0.0	5360.260883708419	1	0	tensor(5, device='cuda:0')	-1.719202234085513
26875.931477027538	1000.0	3353.230211785183	0.0	0	0.0	5229.161688812728	1	0	tensor(5, device='cuda:0')	-0.34293265679281504
27371.957381094635	1000.0	3733.1978317013086	0.0	0	0.0	5105.155212795955	1	0	tensor(5, device='cuda:0')	-0.2152182160684754
28362.056768176477	3000.0	3495.573597849007	0.0	0	0.0	4857.630366025496	1	0	tensor(5, device='cuda:0')	-0.29489251886707846
29161.155971471577	3000.0	3496.6995937301317	0.0	0	0.0	4657.855565201724	1	0	tensor(5, device='cuda:0')	1.0478201077447509
29784.756234497025	3000.0	3717.1992649483263	0.0	0	0.0	4501.955499445368	1	0	tensor(5, device='cuda:0')	1.2459966379842007
30494.79258582261	3000.0	3829.6538257913444	0.0	0	0.0	4324.446411613975	1	0	tensor(5, device='cuda:0')	1.299801546312628
31760.4432417136	3000.0	3247.590505927609	0.0	0	0.0	4008.033747641224	1	0	tensor(5, device='cuda:0')	1.1575234365824887
32891.29834409645	3000.0	2834.021627949048	0.0	0	0.0	3725.319972045516	1	0	tensor(5, device='cuda:0')	1.3479611934442626
34061.10712147365	3000.0	2371.760656227558	0.0	0	0.0	3432.8677777012235	1	0	tensor(5, device='cuda:0')	1.4219194041425895
35124.98525109945	3000.0	2041.9129941953086	0.0	0	0.0	3166.898245294775	1	0	tensor(5, device='cuda:0')	1.5444686505662177
35683.471710255726	3000.0	2343.804920249965	0.0	0	0.0	3027.2766305057085	1	0	tensor(5, device='cuda:0')	1.8314753305716822
36241.231963236365	3000.0	2646.6046040241627	0.0	0	0.0	2887.8365672605505	1	0	tensor(5, device='cuda:0')	1.8573114694136605
37200.0	3000.0	2448.1445580696222	0.0	0	54.66448516019591	2648.144558069638	1	0	tensor(5, device='cuda:0')	1.6879295016151161
38200.0	3000.0	2198.1445580696186	0.0	0	158.56493447140383	2398.144558069631	1	0	tensor(5, device='cuda:0')	1.6976805376178314
39576.99235534821	3000.0	1476.9041138843595	0.0	0	0.0	2053.8964692325826	1	0	tensor(5, device='cuda:0')	1.5408522048631168
40640.88400783111	3000.0	1147.0395482807317	0.0	0	0.0	1787.9235561118621	1	0	tensor(5, device='cuda:0')	1.7181403494095178
41520.07600951295	3000.0	1048.0495461784265	0.0	0	0.0	1568.1255556913966	1	0	tensor(5, device='cuda:0')	1.8232761888363482
42483.71815427331	3000.0	843.4968652279855	0.0	0	0.0	1327.2150195013091	1	0	tensor(5, device='cuda:0')	1.7913486765897946
43200.0	3000.0	948.1445580696159	0.0	0	9.281281258459785	1148.1445580696163	1	0	tensor(5, device='cuda:0')	1.9217916193150786
44200.0	3000.0	698.1445580696097	0.0	0	304.38308411496837	898.1445580696163	1	0	tensor(5, device='cuda:0')	1.7859651962694352
45200.0	3000.0	448.14455806961575	0.0	0	81.12710073992639	648.1445580696163	1	0	tensor(5, device='cuda:0')	1.7921226933764984
46200.0	2000.0	448.14455806961405	0.0	0	70.6592849703593	648.1445580696163	1	0	tensor(3, device='cuda:0')	0.9826773943315523
47200.0	2000.0	448.14455806961416	0.0	0	133.0079636556693	648.1445580696163	1	0	tensor(3, device='cuda:0')	1.888142502439717
48200.0	2000.0	448.1445580696129	0.0	0	194.24880553105322	648.1445580696163	1	0	tensor(3, device='cuda:0')	1.888142502439717
49200.0	2000.0	448.14455806961405	0.0	0	131.51269519596826	648.1445580696163	1	0	tensor(3, device='cuda:0')	1.888142502439717
50200.0	2000.0	497.3530814739497	49.20852340433561	0	47.25846120492497	697.3530814739497	1	0	tensor(3, device='cuda:0')	1.5919443876710464
51200.0	2000.0	497.3530814739386	0.0	0	36.43578754518239	697.3530814739424	1	0	tensor(3, device='cuda:0')	1.88719552809706
52257.04365535378	2000.0	509.7908599393917	69.48143381923984	0	0.0	766.8345152931797	1	0	tensor(3, device='cuda:0')	1.4688887649532616
53200.0	2000.0	566.8345152931703	0.0	0	379.8619911719579	766.8345152931797	1	0	tensor(3, device='cuda:0')	1.8857773678687006
54200.0	2000.0	566.834515293169	0.0	0	273.68778430084785	766.834515293187	1	0	tensor(3, device='cuda:0')	1.8857773678687004
55200.0	2000.0	566.8345152931583	0.0	0	117.24294631789962	766.8345152931797	1	0	tensor(3, device='cuda:0')	1.8857773678687006
56200.0	2000.0	566.8345152931647	0.0	0	339.6716340624989	766.8345152931797	1	0	tensor(3, device='cuda:0')	1.8857773678687006
57200.0	2000.0	566.8345152931616	0.0	0	324.4059614325379	766.8345152931724	1	0	tensor(3, device='cuda:0')	1.8857773678687006
58317.23298866655	2000.0	449.60152662661324	0.0	0	0.0	766.8345152931724	1	0	tensor(3, device='cuda:0')	1.8857773678687006
59200.0	2000.0	566.8345152931582	0.0	0	128.05957174235664	766.8345152931724	1	0	tensor(3, device='cuda:0')	1.8857773678687006
60200.0	2000.0	566.8345152931589	0.0	0	590.9582490910034	766.8345152931724	1	0	tensor(3, device='cuda:0')	1.8857773678687006
61200.0	2000.0	566.8345152931622	0.0	0	592.570286757953	766.8345152931724	1	0	tensor(3, device='cuda:0')	1.8857773678687006
62200.0	2000.0	316.83451529315755	0.0	0	606.5715014792804	516.8345152931724	1	0	tensor(5, device='cuda:0')	0.888685092866598
63200.0	2000.0	316.83451529315863	0.0	0	365.7120231410954	516.8345152931724	1	0	tensor(3, device='cuda:0')	1.390454675490545
64200.0	2000.0	316.8345152931554	0.0	0	591.3570413585767	516.8345152931652	1	0	tensor(3, device='cuda:0')	1.890454675490545
65200.0	2000.0	316.8345152931484	0.0	0	398.3038349714261	516.8345152931652	1	0	tensor(3, device='cuda:0')	1.890454675490545
66200.0	2000.0	316.83451529314476	0.0	0	364.65349506675557	516.8345152931433	1	0	tensor(3, device='cuda:0')	1.8904546754905451
67200.0	2000.0	442.6564062014627	125.82189090831946	0	128.364255212844	642.6564062014659	1	0	tensor(3, device='cuda:0')	1.1333139392168299
68200.0	2000.0	442.6564062014604	0.0	0	334.60939148992475	642.6564062014659	1	0	tensor(3, device='cuda:0')	1.8882452846667466
69200.0	2000.0	442.65640620147155	0.0	0	234.00754712198977	642.6564062014659	1	0	tensor(3, device='cuda:0')	1.8882452846667466
70200.0	2000.0	466.36490031055394	23.7084941090867	0	82.14460209690151	666.3649003105384	1	0	tensor(3, device='cuda:0')	1.7455462722320436
71200.0	2000.0	466.3649003105527	0.0	0	487.5436840939219	666.3649003105384	1	0	tensor(3, device='cuda:0')	1.8877972368865639
72200.0	2000.0	466.3649003105422	0.0	0	451.21202473907033	666.3649003105384	1	0	tensor(3, device='cuda:0')	1.8877972368865639
73200.0	2000.0	466.3649003105404	0.0	0	93.22593700705329	666.3649003105384	1	0	tensor(3, device='cuda:0')	1.8877972368865639
74200.0	2000.0	504.4569219626203	38.09202165209484	0	17.945299270388205	704.4569219626283	1	0	tensor(3, device='cuda:0')	1.6585028395280212
75200.0	2000.0	504.4569219626369	0.0	0	371.69968006110867	704.4569219626428	1	0	tensor(3, device='cuda:0')	1.8870549694405903
76200.0	2000.0	504.45692196264133	0.0	0	397.68919501750497	704.4569219626428	1	0	tensor(3, device='cuda:0')	1.8870549694405903
77200.0	2000.0	504.45692196263553	0.0	0	224.25168644632504	704.4569219626428	1	0	tensor(3, device='cuda:0')	1.8870549694405903
78200.0	2000.0	504.456921962646	0.0	0	447.96629080442654	704.4569219626428	1	0	tensor(3, device='cuda:0')	1.8870549694405903
79200.0	2000.0	504.45692196266407	0.0	0	324.5694986479939	704.4569219626428	1	0	tensor(3, device='cuda:0')	1.8870549694405903
80200.0	2000.0	504.45692196267396	0.0	0	464.89072080868937	704.4569219626428	1	0	tensor(3, device='cuda:0')	1.8870549694405903
81200.0	2000.0	504.456921962667	0.0	0	289.3143239340425	704.4569219626428	1	0	tensor(3, device='cuda:0')	1.8870549694405903
82200.0	2000.0	504.4569219626835	0.0	0	209.12091978003446	704.4569219626574	1	0	tensor(3, device='cuda:0')	1.8870549694405896
83200.0	2000.0	504.4569219626702	0.0	0	170.04523747885833	704.4569219626574	1	0	tensor(3, device='cuda:0')	1.8870549694405896
84200.0	2000.0	504.45692196268385	0.0	0	169.9066502085043	704.4569219626574	1	0	tensor(3, device='cuda:0')	1.8870549694405896
85200.0	2000.0	504.456921962686	0.0	0	377.17615343890793	704.4569219626574	1	0	tensor(3, device='cuda:0')	1.8870549694405896
86200.0	2000.0	504.45692196269056	0.0	0	385.98908326149103	704.4569219626574	1	0	tensor(3, device='cuda:0')	1.8870549694405896
87656.67358536515	2000.0	262.375162223727	214.59182562619122	0	0.0	919.0487475888513	1	0	tensor(3, device='cuda:0')	0.5947570443389949
88532.3419071538	2000.0	613.0464771924453	226.3396367573705	0	0.0	1145.38838434621	1	0	tensor(3, device='cuda:0')	0.5180442256305087
89320.42950835577	2000.0	824.9588759904766	0.0	0	0.0	1145.38838434621	1	0	tensor(3, device='cuda:0')	1.8760820461747318
90200.0	2000.0	945.388384346237	0.0	0	117.9294483216363	1145.3883843461954	1	0	tensor(3, device='cuda:0')	1.8760820461747323
91200.0	2000.0	945.3883843462286	0.0	0	446.76317724266846	1145.3883843461954	1	0	tensor(3, device='cuda:0')	1.8760820461747323
92200.0	3000.0	695.3883843462203	0.0	0	108.74341699262732	895.3883843461808	1	0	tensor(5, device='cuda:0')	0.8808557893226685
93299.22396766834	2000.0	596.1644166778876	0.0	0	0.0	895.3883843461808	1	0	tensor(3, device='cuda:0')	0.977417015261802
94200.0	2000.0	695.3883843462283	0.0	0	278.44020739695407	895.3883843461808	1	0	tensor(3, device='cuda:0')	1.8828821233699666
95200.0	2000.0	695.388384346229	0.0	0	322.5156839140691	895.3883843461808	1	0	tensor(3, device='cuda:0')	1.8828821233699666
96711.83565673602	2000.0	203.2937212745752	19.740993664349958	0	0.0	915.1293780105334	1	0	tensor(3, device='cuda:0')	1.7639580703490003
97452.59370899481	1000.0	657.3081851285049	194.77251611272706	0	0.0	1109.9018941232644	1	0	tensor(3, device='cuda:0')	-0.677777164756987
98488.49479911027	2000.0	621.4070950130621	0.0	0	0.0	1109.9018941232644	1	0	tensor(3, device='cuda:0')	1.18400511247932
99200.0	2000.0	909.9018941233417	0.0	0	182.6487531571911	1109.9018941232644	1	0	tensor(3, device='cuda:0')	1.8771522930392655
100200.0	2000.0	909.901894123333	0.0	0	314.54537222141516	1109.9018941232498	1	0	tensor(3, device='cuda:0')	1.877152293039266
101200.0	3000.0	659.9018941233394	0.0	0	169.0066703082557	859.9018941232789	1	0	tensor(5, device='cuda:0')	0.881717108924826
102342.8451434515	2000.0	517.0567506718304	0.0	0	0.0	859.9018941232789	1	0	tensor(3, device='cuda:0')	0.9782533332691044
103200.0	2000.0	659.9018941233393	0.0	0	103.13875856924278	859.9018941232789	1	0	tensor(3, device='cuda:0')	1.883718441377269
104200.0	2000.0	659.9018941233431	0.0	0	65.50859525147825	859.9018941232789	1	0	tensor(3, device='cuda:0')	1.883718441377269
105200.0	2000.0	659.9018941233484	0.0	0	292.20082657417515	859.9018941232789	1	0	tensor(3, device='cuda:0')	1.883718441377269
106200.0	2000.0	659.9018941233543	0.0	0	544.8144470409898	859.9018941232789	1	0	tensor(3, device='cuda:0')	1.883718441377269
107200.0	3000.0	409.9018941233386	0.0	0	92.99511800194159	609.9018941232644	1	0	tensor(5, device='cuda:0')	0.8873962889186506
108200.0	3000.0	204.97332826088075	36.05714731001541	0	297.04991619862267	404.9733282607922	1	0	tensor(5, device='cuda:0')	1.5979433422624727
109200.0	2000.0	220.8995094928527	15.926181231972095	0	577.8661741463147	420.8995094927668	1	0	tensor(3, device='cuda:0')	0.8909412569688093
110200.0	2000.0	220.89950949283246	0.0	0	579.4074842155969	420.8995094927668	1	0	tensor(3, device='cuda:0')	1.8919634524688065
111200.0	2000.0	220.89950949283656	0.0	0	578.7048395487363	420.8995094927668	1	0	tensor(3, device='cuda:0')	1.8919634524688065
112200.0	2000.0	268.4654487831075	47.56593929027406	0	486.0387271560612	468.4654487830412	1	0	tensor(3, device='cuda:0')	1.6058376868767235
113200.0	2000.0	354.13314423230594	85.66769544919774	0	271.56598030767054	554.1331442322262	1	0	tensor(3, device='cuda:0')	1.3758220360804119
114200.0	2000.0	354.1331442323066	0.0	0	368.28953647737217	554.1331442322407	1	0	tensor(3, device='cuda:0')	1.8898282087755982
115200.0	2000.0	455.1868921736787	101.0537479413731	0	40.84205280775495	655.1868921736168	1	0	tensor(3, device='cuda:0')	1.2816873046380421
116200.0	2000.0	455.1868921736983	0.0	0	313.465382933864	655.1868921736168	1	0	tensor(3, device='cuda:0')	1.8880097922862806
117200.0	2000.0	455.18689217370866	0.0	0	66.55843708879547	655.1868921736313	1	0	tensor(3, device='cuda:0')	1.8880097922862806
118231.1838751447	2000.0	463.3103700958434	39.30735306684454	0	0.0	694.4942452404794	1	0	tensor(3, device='cuda:0')	1.6514076970741445
119400.30293462478	2000.0	423.6337627259729	129.44245211020382	0	0.0	823.936697350684	1	0	tensor(3, device='cuda:0')	1.1078819233223078
120200.0	2000.0	623.93669735074	0.0	0	194.19599004981865	823.936697350684	1	0	tensor(3, device='cuda:0')	1.884536635983531
121200.0	2000.0	623.9366973507301	0.0	0	52.1665052928729	823.936697350684	1	0	tensor(3, device='cuda:0')	1.884536635983531
122200.0	2000.0	623.9366973507315	0.0	0	403.80103436729405	823.936697350684	1	0	tensor(3, device='cuda:0')	1.884536635983531
123492.02527981851	2000.0	440.8793071724861	108.96788964027473	0	0.0	932.904586990946	1	0	tensor(3, device='cuda:0')	1.22815816240734
124340.71762268027	2000.0	592.1869643107309	0.0	0	0.0	932.904586990946	1	0	tensor(3, device='cuda:0')	1.8819655002489886
125200.0	2000.0	732.9045869909813	0.0	0	332.0500681061385	932.904586990946	1	0	tensor(3, device='cuda:0')	1.8819655002489886
126200.0	2000.0	732.9045869909878	0.0	0	372.0128951767547	932.904586990946	1	0	tensor(3, device='cuda:0')	1.8819655002489886
127200.0	2000.0	482.90458699098724	0.0	0	423.89187626814237	682.904586990946	1	0	tensor(5, device='cuda:0')	0.8854873065929484
128200.0	2000.0	482.9045869909937	0.0	0	145.85697490691382	682.9045869909751	1	0	tensor(3, device='cuda:0')	1.3874783779947648
129200.0	2000.0	482.904586991	0.0	0	407.49376478970225	682.9045869909896	1	0	tensor(3, device='cuda:0')	1.8874783779947646
130200.0	2000.0	482.9045869909992	0.0	0	630.220879149012	682.9045869909896	1	0	tensor(3, device='cuda:0')	1.8874783779947646
131200.0	2000.0	482.90458699098485	0.0	0	359.30282656398776	682.9045869909751	1	0	tensor(3, device='cuda:0')	1.8874783779947646
132200.0	2000.0	482.9045869909436	0.0	0	263.0003337758244	682.904586990946	1	0	tensor(3, device='cuda:0')	1.8874783779947655
133662.45173607182	2000.0	262.49531128067713	242.0424603615254	0	0.0	924.9470473524707	1	0	tensor(3, device='cuda:0')	0.42990801052201016
134646.0447962893	2000.0	548.25671773983	269.35446667662325	0	0.0	1194.3015140291245	1	0	tensor(3, device='cuda:0')	0.25841741506147464
135615.00058738896	2000.0	599.8171032712097	20.516176631062415	0	0.0	1214.8176906601875	1	0	tensor(3, device='cuda:0')	1.7507797664817348
136360.81685646562	2000.0	854.0008341945497	0.0	0	0.0	1214.8176906601875	1	0	tensor(3, device='cuda:0')	1.8738768262681091
137200.0	2000.0	805.0219047765428	0.0	0	170.07883210864384	1005.0219047765713	1	0	tensor(5, device='cuda:0')	0.9584581948313857
138200.0	3000.0	555.0219047765438	0.0	0	162.05334189493442	755.0219047765422	1	0	tensor(5, device='cuda:0')	1.384169833669006
139200.0	3000.0	305.0219047765357	0.0	0	219.39708251861157	505.0219047765131	1	0	tensor(5, device='cuda:0')	1.7946410992015958
140282.35467054803	2000.0	427.3727937223309	204.70555949379929	0	0.0	709.7274642703123	1	0	tensor(3, device='cuda:0')	-0.2467484207724604
142008.94114727434	2000.0	200.0	499.2136830039805	0	0.0	1208.9411472743377	1	0	tensor(3, device='cuda:0')	-1.120966068510591
142954.6608187154	1000.0	480.95848726769236	226.6781587087696	0	0.0	1435.6193059830985	1	0	tensor(3, device='cuda:0')	-0.8805886227896026
143567.90733940533	1000.0	867.7119665777698	0.0	0	0.0	1435.6193059830985	1	0	tensor(3, device='cuda:0')	1.1726275100229604
144502.72048843966	2000.0	932.8988175434414	0.0	0	0.0	1435.6193059830985	1	0	tensor(3, device='cuda:0')	1.1726275100229602
145395.02538701223	2000.0	1040.593918970922	0.0	0	0.0	1435.6193059830985	1	0	tensor(3, device='cuda:0')	1.8657746905829053
146335.5724838845	2000.0	1100.0468220986904	0.0	0	0.0	1435.6193059830985	1	0	tensor(3, device='cuda:0')	1.8657746905829053
147200.0	2000.0	1019.5124269543303	0.0	0	19.419430012610974	1219.5124269542575	1	0	tensor(5, device='cuda:0')	0.9396081240568697
148200.0	2000.0	1019.5124269543344	0.0	0	312.4479090714012	1219.5124269542575	1	0	tensor(3, device='cuda:0')	1.3737222043715096
149200.0	2000.0	1019.5124269543401	0.0	0	401.63638505499694	1219.5124269542575	1	0	tensor(3, device='cuda:0')	1.8737222043715096
150200.0	3000.0	769.5124269543319	0.0	0	123.77520923380507	969.5124269542284	1	0	tensor(5, device='cuda:0')	0.8789133232520058
151200.0	3000.0	519.5124269543295	0.0	0	226.82528449350502	719.5124269542284	1	0	tensor(5, device='cuda:0')	1.7903194006072445
152200.0	3000.0	269.5124269543402	0.0	0	212.03104275400983	469.51242695425753	1	0	tensor(5, device='cuda:0')	1.7952068291416632
153202.13049908128	2000.0	397.3597852087565	304.40838568480024	0	0.0	599.490284289961	1	0	tensor(5, device='cuda:0')	-0.6928677525749047
154200.0	2000.0	509.1272952839554	109.6370109939582	0	22.039780629740562	709.1272952838917	1	0	tensor(3, device='cuda:0')	0.7291399540464327
155200.0	2000.0	509.1272952839762	0.0	0	45.30301876767771	709.1272952838917	1	0	tensor(3, device='cuda:0')	1.886962020010182
156200.0	2000.0	509.12729528395766	0.0	0	90.89621869029361	709.1272952838917	1	0	tensor(3, device='cuda:0')	1.886962020010182
157200.0	2000.0	509.1272952839606	0.0	0	109.62874608917627	709.1272952838917	1	0	tensor(3, device='cuda:0')	1.886962020010182
158200.0	2000.0	509.12729528395744	0.0	0	301.82007410164806	709.1272952838917	1	0	tensor(3, device='cuda:0')	1.886962020010182
159200.0	2000.0	509.12729528394743	0.0	0	235.0152851411549	709.1272952838917	1	0	tensor(3, device='cuda:0')	1.886962020010182
160200.0	2000.0	509.1272952839423	0.0	0	119.66772031900473	709.1272952838917	1	0	tensor(3, device='cuda:0')	1.886962020010182
161200.0	2000.0	509.12729528395516	0.0	0	117.17308895470342	709.1272952838917	1	0	tensor(3, device='cuda:0')	1.886962020010182
162452.1942116329	2000.0	382.28267541054913	125.34959175950331	0	0.0	834.4768870433618	1	0	tensor(3, device='cuda:0')	1.1322023061311686
163625.51868003758	2000.0	368.8900914142668	159.9318844083984	0	0.0	994.4087714517373	1	0	tensor(3, device='cuda:0')	0.9207960412276749
164581.9827261417	2000.0	508.3764206236752	95.9503753135167	0	0.0	1090.3591467652586	1	0	tensor(3, device='cuda:0')	1.3020236568775638
165415.67945591616	2000.0	674.6796908491947	0.0	0	0.0	1090.3591467652586	1	0	tensor(3, device='cuda:0')	1.8777259087586642
166407.23522875368	2000.0	683.123918011666	0.0	0	0.0	1090.3591467652586	1	0	tensor(3, device='cuda:0')	1.8777259087586642
167323.06604744785	2000.0	767.2930993175079	0.0	0	0.0	1090.3591467652586	1	0	tensor(3, device='cuda:0')	1.8777259087586642
168200.0	2000.0	890.3591467653582	0.0	0	7.400701225735247	1090.3591467652586	1	0	tensor(3, device='cuda:0')	1.8777259087586642
169200.0	2000.0	890.3591467653366	0.0	0	401.7937088084582	1090.3591467652295	1	0	tensor(3, device='cuda:0')	1.877725908758665
170200.0	2000.0	890.3591467653607	0.0	0	103.13292237755377	1090.3591467652295	1	0	tensor(3, device='cuda:0')	1.877725908758665
171200.0	2000.0	890.3591467653467	0.0	0	27.117579093464883	1090.3591467652295	1	0	tensor(3, device='cuda:0')	1.877725908758665
172200.0	2000.0	890.3591467653373	0.0	0	499.2097551318293	1090.3591467652295	1	0	tensor(3, device='cuda:0')	1.877725908758665
173200.0	2000.0	640.3591467652985	0.0	0	413.1695016664453	840.3591467652004	1	0	tensor(5, device='cuda:0')	0.8818298358016312
174200.0	2000.0	390.359146765246	0.0	0	43.72586003036122	590.3591467651422	1	0	tensor(5, device='cuda:0')	1.387938900884401
175257.66752963126	2000.0	510.66186724488995	177.97025011090784	0	0.0	768.32939687607	1	0	tensor(3, device='cuda:0')	0.3179242713492254
176200.0	2000.0	568.3293968761307	0.0	0	417.0152793499874	768.32939687607	1	0	tensor(3, device='cuda:0')	1.8857457720146726
177200.0	2000.0	568.329396876113	0.0	0	356.8974027823715	768.32939687607	1	0	tensor(3, device='cuda:0')	1.8857457720146726
178200.0	2000.0	568.329396876079	0.0	0	468.3163221103605	768.3293968760408	1	0	tensor(3, device='cuda:0')	1.8857457720146733
179200.0	2000.0	568.3293968760663	0.0	0	31.78010476953932	768.3293968760408	1	0	tensor(3, device='cuda:0')	1.8857457720146733
180200.0	2000.0	568.329396876085	0.0	0	159.53578195831506	768.3293968760117	1	0	tensor(3, device='cuda:0')	1.885745772014674
181200.0	2000.0	568.3293968760938	0.0	0	47.967096429580124	768.3293968760117	1	0	tensor(3, device='cuda:0')	1.885745772014674
182200.0	2000.0	568.3293968760779	0.0	0	274.5661064347951	768.3293968760408	1	0	tensor(3, device='cuda:0')	1.8857457720146733
183200.0	2000.0	568.3293968760885	0.0	0	293.9709256293427	768.3293968760408	1	0	tensor(3, device='cuda:0')	1.8857457720146733
184200.0	2000.0	568.3293968760804	0.0	0	574.059250715829	768.3293968760408	1	0	tensor(3, device='cuda:0')	1.8857457720146733
185200.0	2000.0	318.3293968760803	0.0	0	621.4265812206431	518.3293968760117	1	0	tensor(5, device='cuda:0')	0.8886490188669002
186200.0	2000.0	339.4689501861564	21.13955331006565	0	348.1741731844668	539.4689501860994	1	0	tensor(3, device='cuda:0')	1.2632399557528218
187200.0	2000.0	339.46895018618	0.0	0	292.1411916781217	539.4689501860994	1	0	tensor(3, device='cuda:0')	1.8900772756132156
188200.0	2000.0	339.4689501862031	0.0	0	301.38685062195873	539.4689501860994	1	0	tensor(3, device='cuda:0')	1.8900772756132156
189200.0	2000.0	393.513472231678	54.044522045471695	0	201.24093758696108	593.5134722315997	1	0	tensor(3, device='cuda:0')	1.564874016377724
190200.0	2000.0	393.51347223168244	0.0	0	335.51549860299565	593.5134722315997	1	0	tensor(3, device='cuda:0')	1.889141148650554
191200.0	2000.0	393.5134722316702	0.0	0	547.7570373650524	593.5134722315997	1	0	tensor(3, device='cuda:0')	1.889141148650554
192200.0	2000.0	393.51347223167306	0.0	0	585.0985398662451	593.5134722315997	1	0	tensor(3, device='cuda:0')	1.889141148650554
193200.0	2000.0	393.5134722316859	0.0	0	558.2292725612642	593.5134722316288	1	0	tensor(3, device='cuda:0')	1.8891411486505536
194200.0	2000.0	394.5946142951003	1.081142063398147	0	198.3266521571204	594.594614295027	1	0	tensor(3, device='cuda:0')	1.8826350529851963
195200.0	2000.0	394.594614295082	0.0	0	290.33149450898054	594.5946142950561	1	0	tensor(3, device='cuda:0')	1.889121905365585
196200.0	2000.0	394.5946142951001	0.0	0	462.49170583317755	594.5946142950561	1	0	tensor(3, device='cuda:0')	1.889121905365585
197200.0	2000.0	394.59461429510793	0.0	0	507.64557885428076	594.5946142950561	1	0	tensor(3, device='cuda:0')	1.889121905365585
198200.0	2000.0	394.5946142950967	0.0	0	506.87424927650136	594.5946142950561	1	0	tensor(3, device='cuda:0')	1.889121905365585
199348.91722361013	2000.0	437.38712830698654	191.7097376220201	0	0.0	786.3043519170606	1	0	tensor(3, device='cuda:0')	0.7351037455522161
200304.20068306001	2000.0	519.6740723071507	37.57040345005419	0	0.0	823.8747553671128	1	0	tensor(3, device='cuda:0')	1.6591155994938247
201200.0	2000.0	623.8747553671772	0.0	0	353.45100888609886	823.8747553671128	1	0	tensor(3, device='cuda:0')	1.88453802019415
202271.4065774984	2000.0	552.4681778687855	0.0	0	0.0	823.8747553670837	1	0	tensor(3, device='cuda:0')	1.8845380201941506
203200.0	2000.0	623.874755367203	0.0	0	14.120171991293319	823.8747553671128	1	0	tensor(3, device='cuda:0')	1.88453802019415
204200.0	2000.0	623.8747553672183	0.0	0	329.1138677583949	823.8747553671128	1	0	tensor(3, device='cuda:0')	1.88453802019415
205200.0	2000.0	623.8747553672443	0.0	0	364.0344718223787	823.8747553671128	1	0	tensor(3, device='cuda:0')	1.88453802019415
206200.0	2000.0	373.87475536722917	0.0	0	261.5656773901719	573.874755367171	1	0	tensor(5, device='cuda:0')	0.8878523391714872
207200.0	2000.0	410.23774319118735	36.36298782394397	0	97.41792586661177	610.2377431911009	1	0	tensor(3, device='cuda:0')	1.1706632260799195
208200.0	2000.0	410.23774319116967	0.0	0	458.2827271895949	610.2377431911009	1	0	tensor(3, device='cuda:0')	1.8888411530235834
209200.0	2000.0	410.23774319117206	0.0	0	422.4702828498557	610.2377431910718	1	0	tensor(3, device='cuda:0')	1.8888411530235838
210211.68863036242	2000.0	482.675598197718	84.12648536897251	0	0.0	694.3642285600654	1	0	tensor(3, device='cuda:0')	1.3824954593627128
211200.0	2000.0	494.3642285601411	0.0	0	52.61777755085495	694.3642285600654	1	0	tensor(3, device='cuda:0')	1.887254371576548
212200.0	2000.0	494.3642285601276	0.0	0	93.07371388672618	694.3642285600654	1	0	tensor(3, device='cuda:0')	1.887254371576548
213200.0	2000.0	494.36422856014315	0.0	0	307.3868132507487	694.3642285600654	1	0	tensor(3, device='cuda:0')	1.887254371576548
214200.0	2000.0	494.3642285601536	0.0	0	397.112797085254	694.3642285600654	1	0	tensor(3, device='cuda:0')	1.887254371576548
215200.0	2000.0	494.36422856013803	0.0	0	384.50293723260984	694.3642285600654	1	0	tensor(3, device='cuda:0')	1.887254371576548
216200.0	2000.0	494.3642285601552	0.0	0	385.8707399980922	694.3642285600654	1	0	tensor(3, device='cuda:0')	1.887254371576548
217200.0	2000.0	494.3642285601261	0.0	0	366.89727830080665	694.3642285600654	1	0	tensor(3, device='cuda:0')	1.887254371576548
218200.0	2000.0	494.36422856012086	0.0	0	403.884713011008	694.3642285600654	1	0	tensor(3, device='cuda:0')	1.887254371576548
219200.0	2000.0	494.3642285601293	0.0	0	452.89706988519174	694.3642285600654	1	0	tensor(3, device='cuda:0')	1.887254371576548
220200.0	2000.0	494.36422856009585	0.0	0	281.2165400039812	694.3642285600654	1	0	tensor(3, device='cuda:0')	1.887254371576548
221200.0	2000.0	494.36422856008585	0.0	0	468.9547721198469	694.3642285600654	1	0	tensor(3, device='cuda:0')	1.887254371576548
222200.0	2000.0	494.3642285601129	0.0	0	37.375345217529684	694.3642285600654	1	0	tensor(3, device='cuda:0')	1.887254371576548
223297.3343407306	2000.0	462.3613163106367	65.3314284811334	0	0.0	759.6956570411858	1	0	tensor(3, device='cuda:0')	1.493939041281413
224200.0	2000.0	559.6956570412268	0.0	0	320.7854186222248	759.6956570411858	1	0	tensor(3, device='cuda:0')	1.8859276121682136
225200.0	2000.0	559.6956570412282	0.0	0	240.4362183836638	759.6956570411858	1	0	tensor(3, device='cuda:0')	1.8859276121682136
226200.0	2000.0	559.6956570412233	0.0	0	305.6609404676128	759.6956570411858	1	0	tensor(3, device='cuda:0')	1.8859276121682136
227200.0	2000.0	559.6956570412336	0.0	0	298.56067757788696	759.6956570411858	1	0	tensor(3, device='cuda:0')	1.8859276121682136
228200.0	2000.0	559.6956570412555	0.0	0	452.48625133396126	759.6956570411858	1	0	tensor(3, device='cuda:0')	1.8859276121682136
229200.0	2000.0	559.6956570412357	0.0	0	361.3522490680916	759.6956570411858	1	0	tensor(3, device='cuda:0')	1.8859276121682136
230569.5098309314	2000.0	242.93285667910533	52.74703056927126	0	0.0	812.4426876104844	1	0	tensor(3, device='cuda:0')	1.568309861636179
231665.54583161123	2000.0	550.2066595638955	403.3098035645957	0	0.0	1215.7524911751098	1	0	tensor(3, device='cuda:0')	-0.5460127260320691
232799.5522608838	2000.0	416.20023029134546	0.0	0	0.0	1215.7524911751098	1	0	tensor(3, device='cuda:0')	1.8738460953555052
233818.08391328144	2000.0	509.41495020253063	111.74637230884792	0	0.0	1327.4988634839538	1	0	tensor(3, device='cuda:0')	1.1994831801066728
234517.70096102217	2000.0	809.797902461795	0.0	0	0.0	1327.4988634839538	1	0	tensor(3, device='cuda:0')	1.8699614139597602
235418.08985741658	2000.0	909.4090060673864	0.0	0	0.0	1327.4988634839538	1	0	tensor(3, device='cuda:0')	1.8699614139597602
236202.32465345407	2000.0	1125.174210029922	0.0	0	0.0	1327.4988634839538	1	0	tensor(3, device='cuda:0')	1.8699614139597602
237200.0	2000.0	1127.4988634839588	0.0	0	184.7112613383215	1327.4988634839538	1	0	tensor(3, device='cuda:0')	1.8699614139597602
238200.0	2000.0	877.4988634839783	0.0	0	625.4270950433856	1077.4988634839538	1	0	tensor(5, device='cuda:0')	0.8750028860681969
239200.0	3000.0	627.4988634840025	0.0	0	280.9477647097083	827.4988634839829	1	0	tensor(5, device='cuda:0')	1.382299297212386
240364.74228647337	3000.0	253.093490702943	65.2179882485434	0	0.0	617.835777176253	1	0	tensor(5, device='cuda:0')	1.3516270403565152
241408.5232518847	2000.0	433.05816377270367	223.7456384810706	0	0.0	841.5814156573324	1	0	tensor(3, device='cuda:0')	-0.36380007921436747
242461.1686518758	2000.0	436.66594422135563	56.25318043976705	0	0.0	897.8345960971201	1	0	tensor(3, device='cuda:0')	1.545304302753523
243423.9396557485	2000.0	577.9583092340586	104.0633688853967	0	0.0	1001.8979649824905	1	0	tensor(3, device='cuda:0')	1.2558083421036632
244200.0	2000.0	801.8979649825673	0.0	0	166.65458139198017	1001.8979649824905	1	0	tensor(3, device='cuda:0')	1.8801885554160436
245200.0	2000.0	801.8979649825739	0.0	0	488.1438501155062	1001.8979649824905	1	0	tensor(3, device='cuda:0')	1.8801885554160436
246200.0	2000.0	801.8979649825617	0.0	0	171.1880061289703	1001.8979649824905	1	0	tensor(3, device='cuda:0')	1.8801885554160436
247200.0	2000.0	801.8979649825441	0.0	0	209.44076406935346	1001.8979649824905	1	0	tensor(3, device='cuda:0')	1.8801885554160436
248200.0	2000.0	801.8979649825505	0.0	0	328.2727627576387	1001.8979649825196	1	0	tensor(3, device='cuda:0')	1.8801885554160427
249200.0	2000.0	551.8979649825276	0.0	0	356.2652686405345	751.8979649825487	1	0	tensor(5, device='cuda:0')	0.884018399670176
250340.41676278526	2000.0	421.59501130973547	10.113809112478066	0	0.0	762.0117740950373	1	0	tensor(3, device='cuda:0')	1.3251961287809635
251441.31379399716	2000.0	382.52927967223775	61.83129957441491	0	0.0	823.8430736694427	1	0	tensor(3, device='cuda:0')	1.5135509307022663
252407.73203290737	2000.0	476.6998744957875	60.58883373379285	0	0.0	884.4319074032537	1	0	tensor(3, device='cuda:0')	1.5196104709900518
253259.76111007106	2000.0	624.6707973320613	0.0	0	0.0	884.4319074032537	1	0	tensor(3, device='cuda:0')	1.883143473392809
254200.0	2000.0	684.4319074031318	0.0	0	255.26588615606306	884.4319074032537	1	0	tensor(3, device='cuda:0')	1.883143473392809
255200.0	2000.0	684.4319074031378	0.0	0	62.526528009650065	884.4319074032537	1	0	tensor(3, device='cuda:0')	1.883143473392809
256200.0	2000.0	684.4319074031382	0.0	0	22.466926886932924	884.4319074032537	1	0	tensor(3, device='cuda:0')	1.883143473392809
257200.0	2000.0	684.4319074031157	0.0	0	187.6753563529055	884.4319074032537	1	0	tensor(3, device='cuda:0')	1.883143473392809
258200.0	2000.0	684.4319074031434	0.0	0	25.217999550775858	884.4319074032537	1	0	tensor(3, device='cuda:0')	1.883143473392809
259200.0	2000.0	684.4319074031273	0.0	0	164.95266787603032	884.4319074032537	1	0	tensor(3, device='cuda:0')	1.883143473392809
260234.75456238445	2000.0	649.6773450186882	0.0	0	0.0	884.4319074032537	1	0	tensor(3, device='cuda:0')	1.883143473392809
261200.0	2000.0	684.4319074031116	0.0	0	182.18613713912782	884.4319074032537	1	0	tensor(3, device='cuda:0')	1.883143473392809
262200.0	2000.0	684.4319074030911	0.0	0	376.449056954385	884.4319074032537	1	0	tensor(3, device='cuda:0')	1.883143473392809
263200.0	2000.0	684.4319074030157	0.0	0	571.6496764619369	884.4319074031664	1	0	tensor(3, device='cuda:0')	1.8831434733928103
264200.0	2000.0	434.4319074030558	0.0	0	374.7110176756396	634.4319074031664	1	0	tensor(5, device='cuda:0')	0.8865154001753346
265200.0	2000.0	184.4319074031307	0.0	0	607.0477827604627	384.4319074031664	1	0	tensor(5, device='cuda:0')	1.3909487295148737
266200.0	2000.0	390.609189578867	206.17728217574245	0	212.5249465808156	590.6091895789141	1	0	tensor(3, device='cuda:0')	0.15212904704921193
267200.0	2000.0	390.60918957892886	0.0	0	378.7758150708978	590.6091895789141	1	0	tensor(3, device='cuda:0')	1.8891927401036666
268200.0	2000.0	450.1603272102235	59.55113763135046	0	69.37493309599813	650.1603272102657	1	0	tensor(3, device='cuda:0')	1.530797784755877
269200.0	2000.0	501.4932201144693	51.332892904196	0	32.34701790480176	701.4932201144984	1	0	tensor(3, device='cuda:0')	1.579116372889469
270200.0	2000.0	501.4932201144337	0.0	0	287.1881787106395	701.4932201144984	1	0	tensor(3, device='cuda:0')	1.887113730314645
271200.0	2000.0	501.49322011443076	0.0	0	258.26605660346104	701.4932201144984	1	0	tensor(3, device='cuda:0')	1.887113730314645
272200.0	2000.0	501.4932201144213	0.0	0	272.2056550248526	701.4932201144984	1	0	tensor(3, device='cuda:0')	1.887113730314645
273200.0	2000.0	501.493220114339	0.0	0	276.25082402070984	701.4932201144402	1	0	tensor(3, device='cuda:0')	1.8871137303146464
274200.0	2000.0	501.4932201144303	0.0	0	378.25947287044255	701.4932201144984	1	0	tensor(3, device='cuda:0')	1.887113730314645
275200.0	2000.0	501.4932201144387	0.0	0	415.31059782527154	701.4932201144984	1	0	tensor(3, device='cuda:0')	1.887113730314645
276200.0	2000.0	501.4932201144243	0.0	0	491.7617877845769	701.4932201144984	1	0	tensor(3, device='cuda:0')	1.887113730314645
277200.0	2000.0	501.4932201144502	0.0	0	421.37998248799704	701.4932201144984	1	0	tensor(3, device='cuda:0')	1.887113730314645
278200.0	2000.0	501.49322011440586	0.0	0	451.9272420988418	701.4932201144984	1	0	tensor(3, device='cuda:0')	1.887113730314645
279200.0	2000.0	505.49189301045885	3.9986728960452638	0	16.82070905523142	705.491893010505	1	0	tensor(3, device='cuda:0')	1.8630423711964037
280200.0	2000.0	505.49189301040826	0.0	0	371.1635414730408	705.491893010505	1	0	tensor(3, device='cuda:0')	1.8870344085726753
281200.0	2000.0	505.49189301035483	0.0	0	433.49507963540964	705.491893010505	1	0	tensor(3, device='cuda:0')	1.8870344085726753
282200.0	2000.0	505.49189301028696	0.0	0	127.08163007051917	705.4918930104468	1	0	tensor(3, device='cuda:0')	1.8870344085726767
283349.3288046067	2000.0	420.82422855999107	64.66114015638789	0	0.0	770.1530331668328	1	0	tensor(3, device='cuda:0')	1.497740323325908
284200.0	2000.0	570.1530331666543	0.0	0	92.63881676446181	770.1530331668328	1	0	tensor(3, device='cuda:0')	1.8857071642642351
285200.0	2000.0	570.1530331666611	0.0	0	474.77655483054696	770.1530331668328	1	0	tensor(3, device='cuda:0')	1.8857071642642351
286200.0	2000.0	570.1530331666747	0.0	0	558.664820937789	770.1530331668328	1	0	tensor(3, device='cuda:0')	1.8857071642642351
287200.0	2000.0	320.15303316660794	0.0	0	350.85585323208943	520.1530331667163	1	0	tensor(5, device='cuda:0')	0.8887678498809581
288200.0	2000.0	323.3779256698089	3.22489250319461	0	383.37989370530704	523.3779256698908	1	0	tensor(3, device='cuda:0')	1.3709970866512728
289200.0	2000.0	323.3779256698165	0.0	0	570.776067273051	523.3779256698908	1	0	tensor(3, device='cuda:0')	1.8903464416704405
290200.0	2000.0	323.37792566973786	0.0	0	475.8817983502522	523.3779256698326	1	0	tensor(3, device='cuda:0')	1.8903464416704412
291200.0	2000.0	375.9358998770371	52.557974207319944	0	278.00617640506243	575.935899877164	1	0	tensor(3, device='cuda:0')	1.5741032915817486
292200.0	2000.0	452.7388581660857	76.80295828905895	0	96.35005348006962	652.738858166209	1	0	tensor(3, device='cuda:0')	1.4272382798438707
293200.0	2000.0	452.73885816608924	0.0	0	161.7824614556157	652.738858166209	1	0	tensor(3, device='cuda:0')	1.8880560295782245
294200.0	2000.0	452.7388581660323	0.0	0	34.18675715778954	652.7388581662672	1	0	tensor(3, device='cuda:0')	1.8880560295782234
295353.84197194414	2000.0	484.541544013336	185.64465779141415	0	0.0	838.3835159576847	1	0	tensor(3, device='cuda:0')	0.7703435211262468
296200.0	2000.0	638.3835159574949	0.0	0	342.90022240538383	838.3835159576847	1	0	tensor(3, device='cuda:0')	1.884211467874732
297200.0	2000.0	638.3835159575083	0.0	0	477.08115065685706	838.3835159576847	1	0	tensor(3, device='cuda:0')	1.884211467874732
298313.37416187185	2000.0	525.0093540856997	0.0	0	0.0	838.3835159576847	1	0	tensor(3, device='cuda:0')	1.884211467874732
299200.0	2000.0	638.3835159575133	0.0	0	335.9193735900917	838.3835159576847	1	0	tensor(3, device='cuda:0')	1.884211467874732
300200.0	2000.0	638.3835159575408	0.0	0	430.50932909944095	838.3835159577429	1	0	tensor(3, device='cuda:0')	1.8842114678747304
2.2	2.93	3.53	2.94	3.45	1.83	1.55	1.74	2.11	1.76	1.59	1.74	1.33	2.1	2.64	2.12	1.23	2.35	3.31	3.44	4.07	3.6	2.65	2.51	2.61	3.49	4.53	3.43	2.79	2.5	2.78	3.28	3.56	4.22	4.0	3.44	2.9	2.9	3.14	2.42	2.92	2.0	2.33	3.45	2.92	3.2	3.1	2.97	2.18	2.93	4.08	5.41	5.56	4.22	4.91	3.74	3.73	2.19	2.72	2.41	2.73	3.89	4.44	2.8	2.64	2.99	3.41	3.58	3.74	3.89	3.08	3.31	2.72	2.44	3.27	3.15	2.71	1.81	1.91	2.64	3.59	3.56	2.65	2.18	2.93	2.48	1.66	1.41	1.9	2.94	4.11	2.8	2.25	2.25	2.77	3.6	4.91	4.74	4.24	4.65	4.92	3.86	3.71	3.17	2.92	2.8	3.01	2.05	1.48	2.13	2.53	2.72	2.5	1.26	2.06	3.17	4.08	3.05	2.97	3.86	4.96	4.32	3.21	1.52	1.56	1.71	2.93	4.14	4.61	4.33	2.47	1.54	1.63	1.32	1.47	2.12	2.4	2.36	2.61	3.56	3.9	4.44	5.04	2.13	1.68	2.07	2.76	2.59	2.15	2.66	2.14	2.92	1.7	2.19	2.15	1.99	2.66	3.09	2.78	3.1	2.21	2.36	3.56	3.53	2.84	2.1	3.2	3.63	2.88	2.49	2.04	1.98	3.21	3.43	4.12	4.39	3.59	2.9	3.04	3.04	3.97	5.21	5.55	4.67	3.31	3.58	3.96	3.29	3.65	2.21	2.5	3.08	1.61	2.68	3.49	3.74	3.58	3.1	4.24	2.92	2.5	2.05	2.68	3.07	3.67	4.03	3.7	2.92	2.93	3.32	3.56	2.94	2.48	2.05	2.73	2.87	2.84	3.35	3.58	2.91	1.85	1.48	2.12	2.31	3.06	2.85	2.48	2.99	4.37	3.66	2.62	2.4	2.43	2.4	3.6	3.13	2.49	3.22	3.24	2.9	2.35	2.35	2.17	2.13	2.99	2.64	2.03	2.85	2.28	3.21	2.15	2.26	3.57	3.96	4.46	4.97	3.15	2.61	2.28	2.61	2.55	2.32	3.02	3.21	4.29	4.01	3.79	4.39	3.37	2.64	3.3	3.97	2.97	2.02	2.97	4.07	4.08	3.22	3.23	4.3	4.93	3.17	2.69	2.29	1.95	2.24	3.27	3.09	2.09	2.87	3.45	4.03
1569.0	1570.0	1571.0	1572.0	1573.0	1574.0	1575.0	1576.0	1577.0	1578.0	1579.0	1580.0	1581.0	1582.0	1583.0	1584.0	1585.0	1586.0	1587.0	1588.0	1589.0	1590.0	1591.0	1592.0	1593.0	1594.0	1595.0	1596.0	1597.0	1598.0	1599.0	1600.0	1601.0	1602.0	1603.0	1604.0	1605.0	1606.0	1607.0	1608.0	1609.0	1610.0	1611.0	1612.0	1613.0	1614.0	1615.0	1616.0	1617.0	1618.0	1619.0	1620.0	1621.0	1622.0	1623.0	1624.0	1625.0	1626.0	1627.0	1628.0	1629.0	1630.0	1631.0	1632.0	1633.0	1634.0	1635.0	1636.0	1637.0	1638.0	1639.0	1640.0	1641.0	1642.0	1643.0	1644.0	1645.0	1646.0	1647.0	1648.0	1649.0	1650.0	1651.0	1652.0	1653.0	1654.0	1655.0	1656.0	1657.0	1658.0	1659.0	1660.0	1661.0	1662.0	1663.0	1664.0	1665.0	1666.0	1667.0	1668.0	1669.0	1670.0	1671.0	1672.0	1673.0	1674.0	1675.0	1676.0	1677.0	1678.0	1679.0	1680.0	1681.0	1682.0	1683.0	1684.0	1685.0	1686.0	1687.0	1688.0	1689.0	1690.0	1691.0	1692.0	1693.0	1694.0	1695.0	1696.0	1697.0	1698.0	1699.0	1700.0	1701.0	1702.0	1703.0	1704.0	1705.0	1706.0	1707.0	1708.0	1709.0	1710.0	1711.0	1712.0	1713.0	1714.0	1715.0	1716.0	1717.0	1718.0	1719.0	1720.0	1721.0	1722.0	1723.0	1724.0	1725.0	1726.0	1727.0	1728.0	1729.0	1730.0	1731.0	1732.0	1733.0	1734.0	1735.0	1736.0	1737.0	1738.0	1739.0	1740.0	1741.0	1742.0	1743.0	1744.0	1745.0	1746.0	1747.0	1748.0	1749.0	1750.0	1751.0	1752.0	1753.0	1754.0	1755.0	1756.0	1757.0	1758.0	1759.0	1760.0	1761.0	1762.0	1763.0	1764.0	1765.0	1766.0	1767.0	1768.0	1769.0	1770.0	1771.0	1772.0	1773.0	1774.0	1775.0	1776.0	1777.0	1778.0	1779.0	1780.0	1781.0	1782.0	1783.0	1784.0	1785.0	1786.0	1787.0	1788.0	1789.0	1790.0	1791.0	1792.0	1793.0	1794.0	1795.0	1796.0	1797.0	1798.0	1799.0	1800.0	1801.0	1802.0	1803.0	1804.0	1805.0	1806.0	1807.0	1808.0	1809.0	1810.0	1811.0	1812.0	1813.0	1814.0	1815.0	1816.0	1817.0	1818.0	1819.0	1820.0	1821.0	1822.0	1823.0	1824.0	1825.0	1826.0	1827.0	1828.0	1829.0	1830.0	1831.0	1832.0	1833.0	1834.0	1835.0	1836.0	1837.0	1838.0	1839.0	1840.0	1841.0	1842.0	1843.0	1844.0	1845.0	1846.0	1847.0	1848.0	1849.0	1850.0	1851.0	1852.0	1853.0	1854.0	1855.0	1856.0	1857.0	1858.0	1859.0	1860.0
9161.0
