9266.167215175303	300.0	2000.0	190.62313206217493	0	0.0	9266.167215175303	1	0	tensor(5, device='cuda:0')	-5.481185917339989
9630.254998648892	1000.0	2544.890270658014	0.0	0	0.0	9175.145269306906	1	0	tensor(5, device='cuda:0')	-4.014984588090639
9989.832882785231	1000.0	3095.4179154875883	0.0	0	0.0	9085.25079827282	1	0	tensor(5, device='cuda:0')	-2.795182295283891
10605.37030705773	1000.0	3325.996135146962	0.0	0	0.0	8931.366442204693	1	0	tensor(5, device='cuda:0')	-2.8989858166245646
11172.058324536878	1000.0	3617.636113298029	0.0	0	0.0	8789.694437834907	1	0	tensor(5, device='cuda:0')	-2.8445226075301644
11714.243777692865	1000.0	3939.9042968530457	0.0	0	0.0	8654.148074545912	1	0	tensor(5, device='cuda:0')	-2.802352974598958
12433.27162536149	1000.0	4041.119487267263	0.0	0	0.0	8474.391112628753	1	0	tensor(5, device='cuda:0')	-2.848313394723617
12887.358255456964	1000.0	4473.511199647922	0.0	0	0.0	8360.869455104887	1	0	tensor(5, device='cuda:0')	-2.6767288525221278
13419.286429367088	1000.0	4808.600982260265	0.0	0	0.0	8227.887411627353	1	0	tensor(5, device='cuda:0')	-2.6744970048281553
13775.773547954826	1000.0	5362.992084025594	0.0	0	0.0	8138.76563198042	1	0	tensor(5, device='cuda:0')	-2.55137908701658
14968.748909969447	3000.0	4871.772881507315	0.0	0	0.0	7840.521791476762	1	0	tensor(5, device='cuda:0')	-2.869611865291802
16663.7448080806	3000.0	3753.028008868375	0.0	0	0.0	7416.772816948975	1	0	tensor(5, device='cuda:0')	-1.8070308533116135
18193.836893425843	3000.0	2840.4129021868166	0.0	0	0.0	7034.249795612663	1	0	tensor(5, device='cuda:0')	-1.4831693965147352
18907.285357432484	1000.0	2948.6023221785204	0.0	0	0.0	6855.887679611007	1	0	tensor(5, device='cuda:0')	-3.0844313171743782
19700.523006963223	1000.0	2957.055260265091	0.0	0	0.0	6657.5782672283185	1	0	tensor(5, device='cuda:0')	-1.8592331527860995
20541.848067497922	1000.0	2905.398934596718	0.0	0	0.0	6447.247002094644	1	0	tensor(5, device='cuda:0')	-1.702839759393195
21333.956815539583	1000.0	2915.262999544637	0.0	0	0.0	6249.219815084225	1	0	tensor(5, device='cuda:0')	-1.4859849358646409
22642.28731341603	1000.0	2279.849877199081	0.0	0	0.0	5922.137190615114	1	0	tensor(5, device='cuda:0')	-1.4556768652738359
23417.96924471607	1000.0	2310.247463074029	0.0	0	0.0	5728.216707790103	1	0	tensor(5, device='cuda:0')	-0.9442159069280655
23893.744107924573	1000.0	2715.528884063403	0.0	0	0.0	5609.2729919879785	1	0	tensor(5, device='cuda:0')	-0.6667680055092761
24599.130030731976	1000.0	2833.796480554152	0.0	0	0.0	5432.926511286125	1	0	tensor(5, device='cuda:0')	-0.6277115510241522
26005.8168366164	1000.0	2075.437973198623	0.0	0	0.0	5081.254809815018	1	0	tensor(5, device='cuda:0')	-0.715678828405554
27252.12109252364	1000.0	1517.5576533145697	0.0	0	0.0	4769.67874583821	1	0	tensor(5, device='cuda:0')	-0.3723642687967162
28428.031998921797	1000.0	1047.6690203168719	0.0	0	0.0	4475.70101923867	1	0	tensor(5, device='cuda:0')	-0.1327921657967835
29212.52172374139	1000.0	1067.0568642923856	0.0	0	0.0	4279.578588033775	1	0	tensor(5, device='cuda:0')	0.19292807263686715
29731.847591749836	1000.0	1417.8995292818227	0.0	0	0.0	4149.747121031654	1	0	tensor(5, device='cuda:0')	0.39494968665185426
30680.35869073414	1000.0	1232.2606555514444	0.0	0	0.0	3912.619346285588	1	0	tensor(5, device='cuda:0')	0.2705769813534971
31572.470284429546	1000.0	1117.1211634321926	0.0	0	0.0	3689.591447861745	1	0	tensor(5, device='cuda:0')	0.3890578648126633
32369.683728916418	1000.0	1120.6043578235963	0.0	0	0.0	3490.2880867400236	1	0	tensor(5, device='cuda:0')	0.5004879860182483
33043.83056277404	1000.0	1277.9208155015588	0.0	0	0.0	3321.7513782756105	1	0	tensor(5, device='cuda:0')	0.607166408210581
33981.96541259107	1000.0	1105.252253230273	0.0	0	0.0	3087.2176658213502	1	0	tensor(5, device='cuda:0')	0.5269017841398593
34807.42371791421	1000.0	1073.4293715763424	0.0	0	0.0	2880.853089490556	1	0	tensor(5, device='cuda:0')	0.6228738122609444
35583.14149028149	1000.0	1103.7821561172464	0.0	0	0.0	2686.92364639874	1	0	tensor(5, device='cuda:0')	0.6781614579874473
36462.82919048237	1000.0	1004.1725308661361	0.0	0	0.0	2467.0017213485116	1	0	tensor(5, device='cuda:0')	0.6537157672578683
37476.51991702797	1000.0	737.059122684146	0.0	0	0.0	2213.5790397121164	1	0	tensor(5, device='cuda:0')	0.6124945515943716
38213.79611880565	1000.0	815.4638704620498	0.0	0	0.0	2029.2599892676953	1	0	tensor(5, device='cuda:0')	0.7679019557762341
39953.71345020971	1000.0	200.0	447.5462350344193	0	0.0	2153.7134502097106	1	0	tensor(5, device='cuda:0')	-2.1906927751217298
40130.29178401467	300.0	1023.4216661950414	0.0	0	0.0	2153.7134502097106	1	0	tensor(3, device='cuda:0')	-1.7777312797038447
40871.91808636384	1000.0	1096.3887882585843	0.0	0	0.0	1968.3068746224235	1	0	tensor(5, device='cuda:0')	-0.9339140261657548
41279.97151896633	1000.0	1586.3219975054733	0.0	0	0.0	1866.2935164718147	1	0	tensor(5, device='cuda:0')	0.9451372135178897
42200.0	1000.0	1436.2863962133865	0.0	0	474.24226477769116	1636.2863962133924	1	0	tensor(5, device='cuda:0')	0.698568659958728
43200.0	1000.0	1186.2863962133865	0.0	0	501.26982356377266	1386.2863962133997	1	0	tensor(5, device='cuda:0')	0.670538328260551
44200.0	1000.0	936.2863962133727	0.0	0	164.88154990791372	1136.2863962133779	1	0	tensor(5, device='cuda:0')	0.6804652964544988
45200.0	1000.0	936.2863962133688	0.0	0	532.1398726725674	1136.2863962133779	1	0	tensor(3, device='cuda:0')	0.6832129512475141
46200.0	1000.0	936.2863962133661	0.0	0	497.26198606374965	1136.2863962133779	1	0	tensor(3, device='cuda:0')	1.183212951247514
47200.0	1000.0	936.2863962133592	0.0	0	225.80979345218657	1136.2863962133779	1	0	tensor(3, device='cuda:0')	1.183212951247514
48200.0	1000.0	936.2863962133565	0.0	0	463.3605029213868	1136.2863962133779	1	0	tensor(3, device='cuda:0')	1.183212951247514
49200.0	2000.0	936.286396213359	0.0	0	332.1426282600005	1136.2863962133852	1	0	tensor(3, device='cuda:0')	1.1832129512475138
50766.86928448768	2000.0	369.41711172567534	0.0	0	0.0	1136.2863962133852	1	0	tensor(3, device='cuda:0')	1.8763601318074592
51510.188468942346	1000.0	626.0979272710038	0.0	0	0.0	1136.2863962133779	1	0	tensor(3, device='cuda:0')	0.49006577068756896
52371.13903022762	1000.0	765.1473659857315	0.0	0	0.0	1136.2863962133779	1	0	tensor(3, device='cuda:0')	1.183212951247514
54172.758551511666	2000.0	200.0	236.47215529830981	0	0.0	1372.7585515116662	1	0	tensor(3, device='cuda:0')	-0.24135829276898219
54786.37812438546	1000.0	695.2141242254597	108.83369709925213	0	0.0	1481.5922486109193	1	0	tensor(3, device='cuda:0')	-0.17544090536956844
56217.72712919613	1000.0	368.0511737049032	104.1860542901102	0	0.0	1585.7783029010316	1	0	tensor(3, device='cuda:0')	0.5410725538805795
57039.18959689739	1000.0	636.359135928778	89.7704299251314	0	0.0	1675.548732826166	1	0	tensor(3, device='cuda:0')	0.6229695747764212
58087.14267644831	2000.0	588.4060563778673	0.0	0	0.0	1675.548732826166	1	0	tensor(3, device='cuda:0')	1.1615921543272099
58694.57516585473	2000.0	980.9735669714456	0.0	0	0.0	1675.548732826166	1	0	tensor(3, device='cuda:0')	1.8547393348871548
59660.56642996153	2000.0	773.4844868379449	0.0	0	0.0	1434.0509167994605	1	0	tensor(5, device='cuda:0')	0.8800912066355446
60370.48909325514	2000.0	1063.5618235443267	0.0	0	0.0	1434.0509167994605	1	0	tensor(3, device='cuda:0')	1.3658386484922775
61421.040835373926	3000.0	750.3721458958418	0.0	0	0.0	1171.4129812697647	1	0	tensor(5, device='cuda:0')	0.8479023062866695
62292.09246707231	2000.0	661.557606272866	0.0	0	0.0	953.6500733451758	1	0	tensor(5, device='cuda:0')	1.0386994289581968
63458.87573677222	2000.0	494.774336572962	0.0	0	0.0	953.6500733451758	1	0	tensor(3, device='cuda:0')	1.381443858783827
64764.22805051965	2000.0	250.06207858660537	60.64005576106601	0	0.0	1014.2901291062444	1	0	tensor(3, device='cuda:0')	1.516016041611354
66111.74375955068	2000.0	273.3098556365327	370.76348608097777	0	0.0	1385.0536151872002	1	0	tensor(3, device='cuda:0')	-0.3567888164575625
66919.72921639953	1000.0	572.0831049149167	106.75870612724717	0	0.0	1491.8123213144354	1	0	tensor(3, device='cuda:0')	-0.163429435281903
67846.61964045318	1000.0	645.1926808612782	0.0	0	0.0	1491.8123213144427	1	0	tensor(3, device='cuda:0')	1.1702699820415254
69448.265165311	1000.0	307.17741460923264	263.63025860575567	0	0.0	1755.4425799202	1	0	tensor(3, device='cuda:0')	-0.42413011303006853
70333.85468063151	1000.0	569.8426252828081	148.2547259940776	0	0.0	1903.697305914291	1	0	tensor(3, device='cuda:0')	0.25888734810718816
71215.45029209327	1000.0	688.247013821046	0.0	0	0.0	1903.697305914291	1	0	tensor(3, device='cuda:0')	1.1484157040716538
72215.9214756726	1000.0	687.7758302417071	0.0	0	0.0	1903.6973059142765	1	0	tensor(3, device='cuda:0')	1.1484157040716547
73095.9399116712	1000.0	807.7573942431167	0.0	0	0.0	1903.697305914262	1	0	tensor(3, device='cuda:0')	1.1484157040716556
73731.09393227696	1000.0	1013.814868485917	0.0	0	0.0	1744.908800762816	1	0	tensor(5, device='cuda:0')	0.3379425888630501
74395.09099943285	1000.0	1183.8185345410423	0.0	0	0.0	1578.9095339738415	1	0	tensor(5, device='cuda:0')	0.8322431663343124
75200.0	1000.0	1177.6822838321102	0.0	0	116.85818198659399	1377.6822838320513	1	0	tensor(5, device='cuda:0')	0.7700408294971297
76200.0	2000.0	927.6822838321045	0.0	0	331.56771920312895	1127.6822838320659	1	0	tensor(5, device='cuda:0')	0.6805558779889165
77200.0	2000.0	927.6822838321124	0.0	0	371.0956457507709	1127.6822838320659	1	0	tensor(3, device='cuda:0')	1.376620724545216
78200.0	2000.0	677.6822838320987	0.0	0	222.34499327937374	877.6822838320513	1	0	tensor(5, device='cuda:0')	0.8810531290216916
79460.79321246549	2000.0	416.88907136661715	0.0	0	0.0	877.6822838320513	1	0	tensor(3, device='cuda:0')	1.3833030726869182
80787.66131400813	2000.0	263.58281008521044	173.56184026124674	0	0.0	1051.244124093355	1	0	tensor(3, device='cuda:0')	0.8374703095728699
81601.17784960404	1000.0	601.7021094241097	151.63583493480934	0	0.0	1202.8799590281706	1	0	tensor(3, device='cuda:0')	-0.42184257400072134
82892.61947158143	2000.0	310.26048744670794	0.0	0	0.0	1202.8799590281706	1	0	tensor(3, device='cuda:0')	1.1811196161680797
83865.39123137973	1000.0	490.7951396894722	153.30641204105308	0	0.0	1356.1863710692269	1	0	tensor(3, device='cuda:0')	-0.43723938192308826
84971.94855704224	1000.0	435.25636582731045	51.01855180034687	0	0.0	1407.2049228695687	1	0	tensor(3, device='cuda:0')	0.8676598201911216
85906.24201896529	1000.0	538.4658355297911	37.502931625538565	0	0.0	1444.7078544951219	1	0	tensor(3, device='cuda:0')	0.9472373547709725
86480.63313871418	1000.0	964.0747157808855	0.0	0	0.0	1444.7078544951219	1	0	tensor(3, device='cuda:0')	1.1722549445242039
87262.07926054634	1000.0	1182.6285939487295	0.0	0	0.0	1444.7078544951073	1	0	tensor(3, device='cuda:0')	1.1722549445242045
88200.0	1000.0	1244.7078544950566	0.0	0	377.4803904352302	1444.7078544951073	1	0	tensor(3, device='cuda:0')	1.1722549445242045
89200.0	1000.0	1244.707854495064	0.0	0	446.92459082936693	1444.7078544951073	1	0	tensor(3, device='cuda:0')	1.1722549445242045
90200.0	1000.0	1244.7078544950573	0.0	0	341.7650862540031	1444.7078544951073	1	0	tensor(3, device='cuda:0')	1.1722549445242045
91200.0	1000.0	994.7078544950409	0.0	0	396.544861246919	1194.7078544950782	1	0	tensor(5, device='cuda:0')	0.17810534756937146
92200.0	1000.0	994.7078544950439	0.0	0	231.58445961022517	1194.7078544950782	1	0	tensor(3, device='cuda:0')	0.6813839466659802
93200.0	1000.0	994.7078544950466	0.0	0	7.743276382389013	1194.7078544950782	1	0	tensor(3, device='cuda:0')	1.1813839466659801
94200.0	1000.0	994.7078544950473	0.0	0	377.85762224336213	1194.7078544950782	1	0	tensor(3, device='cuda:0')	1.1813839466659801
95200.0	1000.0	994.7078544950411	0.0	0	316.63944814595743	1194.7078544950782	1	0	tensor(3, device='cuda:0')	1.1813839466659801
96318.30093885485	1000.0	876.4069156401812	0.0	0	0.0	1194.7078544950782	1	0	tensor(3, device='cuda:0')	1.1813839466659801
97200.0	1000.0	994.7078544950325	0.0	0	4.592138958236319	1194.7078544950782	1	0	tensor(3, device='cuda:0')	1.1813839466659801
98200.0	1000.0	994.7078544950318	0.0	0	166.06556263794482	1194.7078544950782	1	0	tensor(3, device='cuda:0')	1.1813839466659801
99297.78598731363	2000.0	896.9218671814014	0.0	0	0.0	1194.7078544950782	1	0	tensor(3, device='cuda:0')	1.1813839466659801
100338.17678722156	2000.0	856.5310672734586	0.0	0	0.0	1194.7078544950782	1	0	tensor(3, device='cuda:0')	1.874531127225925
101409.32388131313	2000.0	785.3839731818821	0.0	0	0.0	1194.7078544950637	1	0	tensor(3, device='cuda:0')	1.8745311272259257
102381.69954700388	2000.0	813.0083074911282	0.0	0	0.0	1194.7078544950637	1	0	tensor(3, device='cuda:0')	1.8745311272259257
103675.19491989458	2000.0	519.5129346004309	0.0	0	0.0	1194.7078544950637	1	0	tensor(3, device='cuda:0')	1.8745311272259257
104619.14967712111	2000.0	575.5581773739161	0.0	0	0.0	1194.7078544950637	1	0	tensor(3, device='cuda:0')	1.8745311272259257
105717.58300145989	2000.0	477.12485303515535	0.0	0	0.0	1194.7078544950782	1	0	tensor(3, device='cuda:0')	1.874531127225925
107091.1947296817	2000.0	263.90296674516503	160.3898419318127	0	0.0	1355.097696426892	1	0	tensor(3, device='cuda:0')	0.9070037154512256
107618.50498969723	1000.0	749.0174887332406	12.424782003611853	0	0.0	1367.5224784305028	1	0	tensor(3, device='cuda:0')	0.4076200289236638
108484.0385205432	2000.0	883.4839578872763	0.0	0	0.0	1367.5224784304883	1	0	tensor(3, device='cuda:0')	1.1753159015052808
109378.18321503956	2000.0	989.3392633908963	0.0	0	0.0	1367.5224784304737	1	0	tensor(3, device='cuda:0')	1.8684630820652264
110200.0	2000.0	1167.5224784304587	0.0	0	148.0987778500712	1367.5224784304737	1	0	tensor(3, device='cuda:0')	1.8684630820652264
111651.83828379487	2000.0	715.6841946355905	0.0	0	0.0	1367.5224784304737	1	0	tensor(3, device='cuda:0')	1.8684630820652264
113224.22813803091	2000.0	200.0	56.70565960043963	0	0.0	1424.2281380309141	1	0	tensor(3, device='cuda:0')	1.5274259192884916
113757.1215223094	1000.0	729.5671657462601	62.46055002474168	0	0.0	1486.6886880556558	1	0	tensor(3, device='cuda:0')	0.10257987056000267
114740.77318665483	1000.0	745.9155014008364	0.0	0	0.0	1486.6886880556413	1	0	tensor(3, device='cuda:0')	1.1704903512683986
115455.41152795384	1000.0	1031.2771601018244	0.0	0	0.0	1486.6886880556267	1	0	tensor(3, device='cuda:0')	1.1704903512683993
116652.40042396012	2000.0	834.2882640955443	0.0	0	0.0	1486.6886880556267	1	0	tensor(3, device='cuda:0')	1.1704903512683993
117291.99404363961	1000.0	1194.6946444160367	0.0	0	0.0	1486.6886880556121	1	0	tensor(3, device='cuda:0')	0.4773431707084547
118351.39091491944	2000.0	1135.2977731362014	0.0	0	0.0	1486.6886880556121	1	0	tensor(3, device='cuda:0')	1.1704903512683997
119200.0	1000.0	1286.6886880556465	0.0	0	306.2186010563455	1486.6886880556121	1	0	tensor(3, device='cuda:0')	0.4773431707084547
120200.0	1000.0	1286.6886880556444	0.0	0	376.88688862952404	1486.6886880556121	1	0	tensor(3, device='cuda:0')	1.1704903512684
121200.0	1000.0	1036.6886880556215	0.0	0	371.7048626115866	1236.688688055583	1	0	tensor(5, device='cuda:0')	0.1766400871216055
122200.0	1000.0	786.6886880556046	0.0	0	546.0453799926327	986.6886880555685	1	0	tensor(5, device='cuda:0')	0.6846513093669421
123200.0	1000.0	786.6886880556204	0.0	0	462.75314238741703	986.6886880555685	1	0	tensor(3, device='cuda:0')	0.6874435562692398
124424.78129092942	1000.0	561.9073971262019	0.0	0	0.0	986.6886880555685	1	0	tensor(3, device='cuda:0')	1.1874435562692398
125283.18096689845	1000.0	703.5077211571888	0.0	0	0.0	986.6886880555685	1	0	tensor(3, device='cuda:0')	1.1874435562692398
126200.0	1000.0	786.6886880556328	0.0	0	33.42124850292748	986.6886880555685	1	0	tensor(3, device='cuda:0')	1.1874435562692398
127353.58214447465	2000.0	633.1065435809892	0.0	0	0.0	986.6886880555685	1	0	tensor(3, device='cuda:0')	1.1874435562692398
128200.0	2000.0	786.688688055647	0.0	0	99.36589430879394	986.6886880555685	1	0	tensor(3, device='cuda:0')	1.880590736829185
129200.0	2000.0	786.6886880556519	0.0	0	61.936019459564704	986.6886880555539	1	0	tensor(3, device='cuda:0')	1.8805907368291852
130841.31067116163	2000.0	200.0	54.62198310596935	0	0.0	1041.3106711615255	1	0	tensor(3, device='cuda:0')	1.5524268827083108
131256.00710426847	1000.0	794.2680689323441	8.964502039158504	0	0.0	1050.2751732007018	1	0	tensor(3, device='cuda:0')	0.43878706712870336
132534.1677127743	2000.0	516.1074604265079	0.0	0	0.0	1050.2751732007018	1	0	tensor(3, device='cuda:0')	1.1857212599235991
133990.39178228687	1000.0	228.4434774199197	168.5600865059736	0	0.0	1218.8352597067133	1	0	tensor(3, device='cuda:0')	-0.5224201189115418
134596.4012515044	1000.0	676.6088865526698	54.17487835030079	0	0.0	1273.0101380569977	1	0	tensor(3, device='cuda:0')	0.8537124639368627
136388.517511293	2000.0	200.0	315.507373235903	0	0.0	1588.517511293001	1	0	tensor(3, device='cuda:0')	-0.724457375937475
137202.53812532965	1000.0	622.3885844249205	236.40919846155845	0	0.0	1824.9267097545671	1	0	tensor(3, device='cuda:0')	-0.9583042015631045
137822.9122142726	1000.0	1002.0144954819876	0.0	0	0.0	1824.9267097545671	1	0	tensor(3, device='cuda:0')	1.1532981697661913
138665.96254115773	1000.0	948.2015868755689	0.0	0	0.0	1614.1641280332406	1	0	tensor(5, device='cuda:0')	0.24058463359570098
139200.0	1000.0	1280.6547633226937	0.0	0	16.257195965503342	1480.6547633226437	1	0	tensor(5, device='cuda:0')	0.9023172030660016
140200.0	1000.0	1280.654763322675	0.0	0	351.6601361159119	1480.6547633226437	1	0	tensor(3, device='cuda:0')	0.670748459984531
141200.0	1000.0	1030.6547633226628	0.0	0	525.5370036952954	1230.6547633226146	1	0	tensor(5, device='cuda:0')	0.17669252770220437
142200.0	1000.0	1030.6547633226546	0.0	0	354.14723063178826	1230.6547633226146	1	0	tensor(3, device='cuda:0')	0.6802051790600501
143200.0	1000.0	1030.6547633226355	0.0	0	181.09736296790652	1230.6547633226146	1	0	tensor(3, device='cuda:0')	1.18020517906005
144200.0	1000.0	1030.6547633226403	0.0	0	351.86145797619247	1230.6547633226146	1	0	tensor(3, device='cuda:0')	1.18020517906005
145200.0	1000.0	1030.6547633226469	0.0	0	264.6799140983203	1230.6547633226146	1	0	tensor(3, device='cuda:0')	1.18020517906005
146200.0	1000.0	1030.6547633226533	0.0	0	60.379400794161484	1230.6547633226146	1	0	tensor(3, device='cuda:0')	1.18020517906005
147200.0	1000.0	1030.6547633226423	0.0	0	271.5891141606844	1230.6547633225855	1	0	tensor(3, device='cuda:0')	1.1802051790600512
148200.0	1000.0	1030.654763322645	0.0	0	210.370392185956	1230.6547633226146	1	0	tensor(3, device='cuda:0')	1.18020517906005
149246.2357143067	2000.0	984.419049015948	0.0	0	0.0	1230.6547633226146	1	0	tensor(3, device='cuda:0')	1.18020517906005
150344.64603392844	1000.0	886.0087293942522	0.0	0	0.0	1230.6547633226146	1	0	tensor(3, device='cuda:0')	0.48705799850010495
151200.0	1000.0	1030.6547633227174	0.0	0	110.20865376610891	1230.6547633226437	1	0	tensor(3, device='cuda:0')	1.1802051790600492
152385.66863637915	2000.0	844.9861269435645	0.0	0	0.0	1230.6547633226437	1	0	tensor(3, device='cuda:0')	1.180205179060049
153309.99389178914	2000.0	920.6608715335834	0.0	0	0.0	1230.6547633226437	1	0	tensor(3, device='cuda:0')	1.8733523596199941
155733.16231406308	2000.0	200.0	702.5075507403532	0	0.0	1933.1623140630836	1	0	tensor(3, device='cuda:0')	-2.3502057248970236
157171.0449201366	1000.0	314.7424449095174	552.6250509830577	0	0.0	2485.787365046126	1	0	tensor(3, device='cuda:0')	-2.910432742903517
158160.20321865377	1000.0	399.3142693284775	256.8157580523143	0	0.0	2559.517487982288	1	0	tensor(5, device='cuda:0')	-1.3246153585731708
159017.5961548994	1000.0	496.02434761726533	134.76099887664213	0	0.0	2513.6205025167146	1	0	tensor(5, device='cuda:0')	-0.08056950830013887
159578.6551623072	1000.0	794.7005883574703	0.0	0	0.0	2373.3557506647194	1	0	tensor(5, device='cuda:0')	0.826234049403024
160072.93552180185	1000.0	1176.8501389891921	0.0	0	0.0	2249.7856607910944	1	0	tensor(5, device='cuda:0')	0.8718416282485373
160528.3002102835	1000.0	1607.644278387112	0.0	0	0.0	2135.9444886706187	1	0	tensor(5, device='cuda:0')	0.9015732231177777
161200.0	1000.0	1768.0195412415005	0.0	0	205.7990562991763	1968.0195412414905	1	0	tensor(5, device='cuda:0')	0.8036304227179649
162200.0	1000.0	1518.0195412414946	0.0	0	432.37442375029786	1718.0195412414905	1	0	tensor(5, device='cuda:0')	0.6538305423746521
163200.0	1000.0	1268.0195412414378	0.0	0	562.5082632360863	1468.0195412414614	1	0	tensor(5, device='cuda:0')	0.6667551389165048
164200.0	1000.0	1018.019541241418	0.0	0	593.0085159585869	1218.0195412414032	1	0	tensor(5, device='cuda:0')	0.6770875632070972
165200.0	1000.0	768.0195412413881	0.0	0	459.905786461808	968.019541241345	1	0	tensor(5, device='cuda:0')	0.6852713734549818
166200.0	2000.0	768.0195412413947	0.0	0	122.65795275178971	968.019541241345	1	0	tensor(3, device='cuda:0')	0.6879290464288108
167423.59975812736	2000.0	544.4197831140447	0.0	0	0.0	968.0195412413741	1	0	tensor(3, device='cuda:0')	1.881076226988755
168398.82216712632	2000.0	569.1973741150969	0.0	0	0.0	968.0195412413741	1	0	tensor(3, device='cuda:0')	1.881076226988755
169251.90005916983	2000.0	716.1194820715738	0.0	0	0.0	968.0195412413741	1	0	tensor(3, device='cuda:0')	1.881076226988755
170407.85274564964	2000.0	560.166795591729	0.0	0	0.0	968.019541241345	1	0	tensor(3, device='cuda:0')	1.881076226988756
171751.5668733873	2000.0	378.9152901822688	162.46262232819842	0	0.0	1130.4821635695407	1	0	tensor(3, device='cuda:0')	0.9017604328488695
174646.86671871057	2000.0	200.0	1716.3845551410225	0	0.0	2846.866718710575	1	0	tensor(3, device='cuda:0')	-8.511822784806936
175029.17771940652	300.0	809.656768402874	70.03641541824237	0	0.0	2838.834487809363	1	0	tensor(5, device='cuda:0')	-3.1289814647062997
175832.20425421864	1000.0	805.87359988777	0.0	0	0.0	2638.0778541063482	1	0	tensor(5, device='cuda:0')	-0.5324177828234105
176447.76807092282	1000.0	1036.4188290075708	0.0	0	0.0	2484.186899930355	1	0	tensor(5, device='cuda:0')	0.7864197387018074
176965.6569492678	1000.0	1389.0577310763003	0.0	0	0.0	2354.714680344099	1	0	tensor(5, device='cuda:0')	0.8501059067346858
177304.2063546618	1000.0	1965.8709743338218	0.0	0	0.0	2270.077328995598	1	0	tensor(5, device='cuda:0')	0.9491086080549611
178200.0	1000.0	1846.1289176610367	0.0	0	393.7886425971519	2046.1289176610298	1	0	tensor(5, device='cuda:0')	0.6833939559825871
179200.0	1000.0	1596.1289176610449	0.0	0	360.12128076388035	1796.1289176610298	1	0	tensor(5, device='cuda:0')	0.649213049567996
180200.0	1000.0	1346.1289176610248	0.0	0	274.8788261261943	1546.1289176610007	1	0	tensor(5, device='cuda:0')	0.6635333261774192
181200.0	1000.0	1096.1289176610503	0.0	0	488.39117421614355	1296.1289176610007	1	0	tensor(5, device='cuda:0')	0.6742182139630899
182200.0	1000.0	846.1289176610376	0.0	0	177.02413967056782	1046.1289176609716	1	0	tensor(5, device='cuda:0')	0.6833163079791398
183200.0	1000.0	846.128917661057	0.0	0	319.09645621775417	1046.1289176609716	1	0	tensor(3, device='cuda:0')	0.6858368865671186
184200.0	1000.0	846.1289176610641	0.0	0	182.22388559841784	1046.1289176609716	1	0	tensor(3, device='cuda:0')	1.1858368865671185
185482.4107775895	2000.0	563.7181400715166	0.0	0	0.0	1046.1289176609425	1	0	tensor(3, device='cuda:0')	1.1858368865671194
186382.61748828695	1000.0	663.5114293740958	0.0	0	0.0	1046.1289176609425	1	0	tensor(3, device='cuda:0')	0.4926897060071742
187310.71216951826	1000.0	735.4167481428012	0.0	0	0.0	1046.1289176609425	1	0	tensor(3, device='cuda:0')	1.1858368865671194
188216.33522970113	1000.0	829.7936879599373	0.0	0	0.0	1046.1289176609425	1	0	tensor(3, device='cuda:0')	1.1858368865671194
189683.11143986587	1000.0	363.01747779521077	0.0	0	0.0	1046.1289176609134	1	0	tensor(3, device='cuda:0')	1.1858368865671203
190680.58778709525	1000.0	490.4250019736411	124.88387140781595	0	0.0	1171.0127890687436	1	0	tensor(3, device='cuda:0')	0.4328352401638633
191349.1507526318	1000.0	821.8620364371135	0.0	0	0.0	1171.0127890687145	1	0	tensor(3, device='cuda:0')	1.18213846861076
192802.11820494142	2000.0	368.8945841275237	0.0	0	0.0	1171.0127890687145	1	0	tensor(3, device='cuda:0')	1.1821384686107599
193500.33030432183	1000.0	670.6824847471004	0.0	0	0.0	1171.0127890687145	1	0	tensor(3, device='cuda:0')	0.4889912880508148
194354.82507281526	1000.0	816.1877162536575	0.0	0	0.0	1171.0127890687145	1	0	tensor(3, device='cuda:0')	1.18213846861076
195312.9264451371	2000.0	858.0863439318555	0.0	0	0.0	1171.0127890687145	1	0	tensor(3, device='cuda:0')	1.1821384686107599
196445.60332447526	2000.0	725.4094645936592	0.0	0	0.0	1171.0127890687145	1	0	tensor(3, device='cuda:0')	1.875285649170705
197460.4776013785	2000.0	710.5351876904163	0.0	0	0.0	1171.0127890687145	1	0	tensor(3, device='cuda:0')	1.875285649170705
198936.7399987517	2000.0	249.31501760286233	15.042227285642241	0	0.0	1186.0550163543667	1	0	tensor(3, device='cuda:0')	1.7845553369568536
199814.3974793756	2000.0	539.1518331971421	167.4942962182206	0	0.0	1353.549312572577	1	0	tensor(3, device='cuda:0')	0.8640271044498316
201865.4360297338	2000.0	200.0	711.8867171610877	0	0.0	2065.4360297336534	1	0	tensor(3, device='cuda:0')	-2.432313262560907
202644.3591882261	1000.0	660.2968436639379	179.2529847855789	0	0.0	2304.6560318899283	1	0	tensor(2, device='cuda:0')	-0.849997230192043
203419.42854151316	1000.0	691.4601520551114	0.0	0	0.0	2110.888693568122	1	0	tensor(5, device='cuda:0')	0.0421837897536253
204135.45120372172	1000.0	796.4318242944296	0.0	0	0.0	1931.8830280160182	1	0	tensor(5, device='cuda:0')	0.7857690314751908
204600.64370354498	1000.0	1214.9411995153416	0.0	0	0.0	1815.5849030601967	1	0	tensor(5, device='cuda:0')	0.9195845438663522
205260.33626801753	1000.0	1390.3254939246433	0.0	0	0.0	1650.6617619420285	1	0	tensor(5, device='cuda:0')	0.8308653815457397
206200.0	1000.0	1215.7458289466122	0.0	0	368.92029650707263	1415.7458289464703	1	0	tensor(5, device='cuda:0')	0.6995500467055571
207200.0	1000.0	965.7458289465985	0.0	0	536.1956393513829	1165.7458289464703	1	0	tensor(5, device='cuda:0')	0.6789590374214709
208200.0	1000.0	965.7458289466354	0.0	0	427.2828543705691	1165.7458289464994	1	0	tensor(3, device='cuda:0')	0.6823038078710248
209200.0	1000.0	965.7458289466558	0.0	0	173.1607217665878	1165.7458289465285	1	0	tensor(3, device='cuda:0')	1.182303807871024
210200.0	1000.0	965.7458289466751	0.0	0	198.93386907418608	1165.7458289465285	1	0	tensor(3, device='cuda:0')	1.182303807871024
211200.0	1000.0	965.7458289466522	0.0	0	208.11949256600928	1165.7458289465285	1	0	tensor(3, device='cuda:0')	1.182303807871024
212200.0	1000.0	965.7458289466351	0.0	0	335.2645997913787	1165.7458289465285	1	0	tensor(3, device='cuda:0')	1.182303807871024
213200.0	1000.0	965.745828946649	0.0	0	516.4603403799993	1165.7458289465576	1	0	tensor(3, device='cuda:0')	1.182303807871023
214200.0	1000.0	965.7458289466463	0.0	0	236.71310541348066	1165.7458289465576	1	0	tensor(3, device='cuda:0')	1.182303807871023
215200.0	1000.0	965.745828946634	0.0	0	549.0343179593037	1165.7458289465285	1	0	tensor(3, device='cuda:0')	1.182303807871024
216366.44552513518	2000.0	799.3003038114613	0.0	0	0.0	1165.7458289465285	1	0	tensor(3, device='cuda:0')	1.182303807871024
217546.46387665995	2000.0	619.2819522866589	0.0	0	0.0	1165.7458289464994	1	0	tensor(3, device='cuda:0')	1.87545098843097
219404.31294319898	2000.0	200.0	438.56711425233993	0	0.0	1604.31294319898	1	0	tensor(3, device='cuda:0')	-0.7691675685441175
220105.91266024002	1000.0	686.1367630051077	187.7364800461424	0	0.0	1792.049423245131	1	0	tensor(3, device='cuda:0')	-0.6643377652897582
220707.94509158024	1000.0	1084.104331664915	0.0	0	0.0	1792.049423245131	1	0	tensor(3, device='cuda:0')	1.1552282955470412
221399.73501727878	1000.0	1219.3669245417398	0.0	0	0.0	1619.101941820496	1	0	tensor(5, device='cuda:0')	0.31548735279879003
222306.12499001584	1000.0	1312.9769518047055	0.0	0	0.0	1619.101941820467	1	0	tensor(3, device='cuda:0')	0.6644255064773941
223225.88334862507	1000.0	1393.2185931954928	0.0	0	0.0	1619.101941820467	1	0	tensor(3, device='cuda:0')	1.164425506477394
224200.0	1000.0	1419.1019418205685	0.0	0	431.9321301129239	1619.101941820467	1	0	tensor(3, device='cuda:0')	1.164425506477394
225200.0	1000.0	1169.10194182057	0.0	0	382.60020418761997	1369.101941820467	1	0	tensor(5, device='cuda:0')	0.1713821631341024
226347.39286648674	1000.0	1021.7090753338422	0.0	0	0.0	1369.101941820467	1	0	tensor(3, device='cuda:0')	0.6752555573125506
227200.0	1000.0	1169.1019418206158	0.0	0	208.13083231207565	1369.101941820496	1	0	tensor(3, device='cuda:0')	1.1752555573125494
228200.0	1000.0	1169.1019418205806	0.0	0	363.64826243772404	1369.101941820496	1	0	tensor(3, device='cuda:0')	1.1752555573125494
229213.8912592788	1000.0	1155.210682541772	0.0	0	0.0	1369.101941820496	1	0	tensor(3, device='cuda:0')	1.1752555573125494
230200.0	1000.0	1169.1019418205894	0.0	0	199.4004462331941	1369.101941820525	1	0	tensor(3, device='cuda:0')	1.1752555573125485
231252.30894788014	1000.0	1116.7929939404553	0.0	0	0.0	1369.101941820525	1	0	tensor(3, device='cuda:0')	1.1752555573125485
232400.86488285926	1000.0	968.2370589613538	0.0	0	0.0	1369.101941820525	1	0	tensor(3, device='cuda:0')	1.1752555573125485
233380.5728046795	1000.0	988.5291371411113	0.0	0	0.0	1369.101941820525	1	0	tensor(3, device='cuda:0')	1.1752555573125485
234200.0	1000.0	1169.1019418206272	0.0	0	198.92062702024123	1369.1019418205542	1	0	tensor(3, device='cuda:0')	1.1752555573125472
235200.0	1000.0	1169.1019418206358	0.0	0	232.45924657056457	1369.1019418205833	1	0	tensor(3, device='cuda:0')	1.1752555573125463
236200.0	1000.0	1169.1019418206354	0.0	0	278.7135105622583	1369.1019418205833	1	0	tensor(3, device='cuda:0')	1.1752555573125463
237242.59224407625	1000.0	1126.509697744367	0.0	0	0.0	1369.1019418205833	1	0	tensor(3, device='cuda:0')	1.1752555573125463
238200.0	1000.0	1169.1019418205965	0.0	0	154.51848038469325	1369.1019418205833	1	0	tensor(3, device='cuda:0')	1.1752555573125463
239268.32306688826	1000.0	1100.778874932364	0.0	0	0.0	1369.1019418205833	1	0	tensor(3, device='cuda:0')	1.1752555573125463
240200.0	1000.0	1169.1019418206154	0.0	0	462.48378605305334	1369.1019418205833	1	0	tensor(3, device='cuda:0')	1.1752555573125463
241200.0	1000.0	1169.101941820597	0.0	0	457.0883941579086	1369.1019418205833	1	0	tensor(3, device='cuda:0')	1.1752555573125463
242813.6218465798	1000.0	555.4800952408092	0.0	0	0.0	1369.1019418205833	1	0	tensor(3, device='cuda:0')	1.1752555573125463
244341.20486482375	1000.0	424.1716478676135	396.2745708707657	0	0.0	1765.3765126913495	1	0	tensor(3, device='cuda:0')	-1.2205699571424784
245033.9982032368	1000.0	731.3783094545597	0.0	0	0.0	1765.3765126913495	1	0	tensor(3, device='cuda:0')	1.1567495523411608
245601.44539883191	1000.0	1163.9311138594662	0.0	0	0.0	1765.3765126913495	1	0	tensor(3, device='cuda:0')	1.1567495523411608
246931.48923230864	1000.0	501.37632201358133	0.0	0	0.0	1432.8655543221394	1	0	tensor(5, device='cuda:0')	0.002821014458743998
247637.3612619641	1000.0	795.5042923581079	0.0	0	0.0	1432.8655543221394	1	0	tensor(3, device='cuda:0')	0.672739741113526
248791.47793909858	2000.0	641.3876152236487	0.0	0	0.0	1432.8655543221394	1	0	tensor(3, device='cuda:0')	1.1727397411135259
249721.8361831294	2000.0	711.0293711927856	0.0	0	0.0	1432.8655543221394	1	0	tensor(3, device='cuda:0')	1.865886921673471
250687.466075765	2000.0	745.3994785571742	0.0	0	0.0	1432.8655543221394	1	0	tensor(3, device='cuda:0')	1.865886921673471
251863.50766949143	2000.0	569.357884830763	0.0	0	0.0	1432.8655543221394	1	0	tensor(3, device='cuda:0')	1.865886921673471
252952.38975040065	1000.0	480.47580392154737	0.0	0	0.0	1432.8655543221394	1	0	tensor(3, device='cuda:0')	0.4795925605535808
253650.32426928956	1000.0	782.5412850326245	0.0	0	0.0	1432.8655543221394	1	0	tensor(3, device='cuda:0')	1.172739741113526
255039.56345607867	2000.0	393.30209824350817	0.0	0	0.0	1432.8655543221103	1	0	tensor(3, device='cuda:0')	1.172739741113527
256227.07119383133	2000.0	401.1639622958761	195.36960180504434	0	0.0	1628.2351561271644	1	0	tensor(3, device='cuda:0')	0.6849071390072966
256888.7908878112	1000.0	739.4442683160319	0.0	0	0.0	1628.2351561271644	1	0	tensor(3, device='cuda:0')	0.4708303887176724
257676.35878458433	1000.0	951.8763715429105	0.0	0	0.0	1628.2351561271644	1	0	tensor(3, device='cuda:0')	1.1639775692776175
259017.60650368468	1000.0	610.6286524425338	0.0	0	0.0	1628.2351561271644	1	0	tensor(3, device='cuda:0')	1.1639775692776175
260312.56305143464	1000.0	508.341060424912	192.66895573234183	0	0.0	1820.904111859505	1	0	tensor(3, device='cuda:0')	-0.00247609172126223
260969.44509543784	1000.0	851.4590164217304	0.0	0	0.0	1820.904111859505	1	0	tensor(3, device='cuda:0')	1.1535376426727888
261247.13250893902	1000.0	1504.3497495452914	0.0	0	0.0	1751.4822584842623	1	0	tensor(5, device='cuda:0')	0.5178228627207454
262597.28418244683	3000.0	816.6601576605219	0.0	0	0.0	1413.944340107293	1	0	tensor(5, device='cuda:0')	0.4938534779540531
263465.218658846	1000.0	731.7420621615825	0.0	0	0.0	1196.9607210075483	1	0	tensor(5, device='cuda:0')	-0.35380553642088963
264200.0	1000.0	996.9607210075624	0.0	0	44.3466546566342	1196.9607210075483	1	0	tensor(3, device='cuda:0')	0.6813112886826975
265504.8022455807	2000.0	692.1584754267778	0.0	0	0.0	1196.9607210076065	1	0	tensor(3, device='cuda:0')	1.1813112886826955
266746.04471548577	2000.0	450.9160055216465	0.0	0	0.0	1196.9607210076065	1	0	tensor(3, device='cuda:0')	1.874458469242641
267391.49964001717	1000.0	805.4610809902472	0.0	0	0.0	1196.9607210076065	1	0	tensor(3, device='cuda:0')	0.4881641081227505
268370.2883052353	1000.0	826.6724157720394	0.0	0	0.0	1196.9607210076065	1	0	tensor(3, device='cuda:0')	1.1813112886826957
269200.0	1000.0	996.9607210074196	0.0	0	83.75270386901684	1196.9607210076065	1	0	tensor(3, device='cuda:0')	1.1813112886826957
270200.0	1000.0	996.9607210074098	0.0	0	174.02263926144224	1196.9607210076065	1	0	tensor(3, device='cuda:0')	1.1813112886826957
271200.0	1000.0	996.9607210074	0.0	0	123.76942764327396	1196.9607210076065	1	0	tensor(3, device='cuda:0')	1.1813112886826957
272883.76589124626	2000.0	313.19482976117087	0.0	0	0.0	1196.9607210076065	1	0	tensor(3, device='cuda:0')	1.1813112886826955
273658.80479178607	1000.0	619.9776260830822	81.82169686171034	0	0.0	1278.7824178693118	1	0	tensor(3, device='cuda:0')	-0.005517036231425909
274200.0	1000.0	1078.7824178690867	0.0	0	62.42078205081634	1278.7824178692535	1	0	tensor(3, device='cuda:0')	1.1785603254987833
275200.0	2000.0	1078.7824178691535	0.0	0	100.80259899387602	1278.7824178692535	1	0	tensor(3, device='cuda:0')	1.1785603254987833
276651.2115171228	2000.0	627.570900746359	0.0	0	0.0	1278.7824178692535	1	0	tensor(3, device='cuda:0')	1.8717075060587285
278212.0210465199	1000.0	201.533970594476	134.77259924527522	0	0.0	1413.5550171145005	1	0	tensor(3, device='cuda:0')	-0.32783582515995735
279204.75237652764	1000.0	592.7149791171131	383.912338530322	0	0.0	1797.4673556448543	1	0	tensor(3, device='cuda:0')	-1.1485595838205471
280233.307260883	1000.0	564.1600947617494	0.0	0	0.0	1797.4673556449125	1	0	tensor(3, device='cuda:0')	1.154914447361381
281140.7522956709	1000.0	656.7150599738176	0.0	0	0.0	1797.4673556449125	1	0	tensor(3, device='cuda:0')	1.154914447361381
282173.541567482	1000.0	623.9257881627597	0.0	0	0.0	1797.4673556449125	1	0	tensor(3, device='cuda:0')	1.154914447361381
282774.03680452093	1000.0	1023.4305511238363	0.0	0	0.0	1797.4673556449125	1	0	tensor(3, device='cuda:0')	1.154914447361381
283940.3580101904	1000.0	565.5290440370031	0.0	0	0.0	1505.8870542275836	1	0	tensor(5, device='cuda:0')	0.08251482388681575
284786.2274884432	1000.0	719.6595657841913	0.0	0	0.0	1505.8870542275254	1	0	tensor(3, device='cuda:0')	0.669658908071919
285437.2538317467	1000.0	1068.6332224806806	0.0	0	0.0	1505.8870542275254	1	0	tensor(3, device='cuda:0')	1.169658908071919
286200.0	1000.0	1305.8870542273537	0.0	0	209.59348199918168	1505.8870542274672	1	0	tensor(3, device='cuda:0')	1.1696589080719215
287200.0	1000.0	1305.8870542273544	0.0	0	385.9592108828947	1505.8870542274672	1	0	tensor(3, device='cuda:0')	1.1696589080719215
288657.8326328696	1000.0	848.0544213577641	0.0	0	0.0	1505.8870542274672	1	0	tensor(3, device='cuda:0')	1.1696589080719215
289574.07297304046	1000.0	931.8140811869641	0.0	0	0.0	1505.8870542274672	1	0	tensor(3, device='cuda:0')	1.1696589080719215
290702.9929463393	1000.0	802.8941078882107	0.0	0	0.0	1505.8870542274672	1	0	tensor(3, device='cuda:0')	1.1696589080719215
291666.8392091888	1000.0	839.0478450386723	0.0	0	0.0	1505.8870542274672	1	0	tensor(3, device='cuda:0')	1.1696589080719215
292200.0	1000.0	1305.8870542274803	0.0	0	40.148329265473876	1505.8870542274672	1	0	tensor(3, device='cuda:0')	1.1696589080719215
293200.0	2000.0	1305.8870542274788	0.0	0	146.21035971556557	1505.8870542274672	1	0	tensor(3, device='cuda:0')	1.1696589080719213
294200.0	1000.0	1305.8870542273735	0.0	0	396.7500120038749	1505.8870542274672	1	0	tensor(3, device='cuda:0')	0.4765117275119763
295200.0	1000.0	1055.8870542273485	0.0	0	388.85103989829076	1255.8870542274672	1	0	tensor(5, device='cuda:0')	0.17586904675674736
296200.0	1000.0	1055.8870542272973	0.0	0	90.76671019004425	1255.8870542275254	1	0	tensor(3, device='cuda:0')	0.6793525228952164
297200.0	1000.0	1055.887054227364	0.0	0	377.3953221303527	1255.8870542275254	1	0	tensor(3, device='cuda:0')	1.1793525228952164
298200.0	2000.0	1055.8870542273237	0.0	0	368.928185213299	1255.8870542275254	1	0	tensor(3, device='cuda:0')	1.1793525228952164
299200.0	2000.0	805.8870542273818	0.0	0	309.9128849990084	1005.8870542275836	1	0	tensor(5, device='cuda:0')	0.8773844419328272
300531.86970657215	2000.0	200.0	47.16006319023617	0	0.0	731.8697065723245	1	0	tensor(5, device='cuda:0')	0.9596877243491126
2.61	1.67	1.95	1.73	2.2	2.62	1.63	2.5	2.49	1.89	1.77	1.41	1.17	0.927	1.75	1.6	0.811	0.892	1.05	1.24	1.93	1.23	1.47	1.9	1.32	1.48	1.2	1.07	1.04	1.02	0.533	1.69	2.17	1.83	1.64	1.75	1.67	1.45	1.7	2.49	2.4	1.07	1.32	1.27	1.46	1.68	0.695	1.24	2.24	2.54	2.55	3.51	3.44	2.06	2.09	1.63	1.15	1.58	1.11	0.637	0.961	1.17	1.4	1.23	2.04	1.8	2.56	3.66	2.47	1.34	1.38	1.16	1.53	1.53	1.2	0.95	1.42	1.52	1.44	1.67	1.69	1.48	1.31	0.753	1.51	1.53	1.01	1.24	0.88	1.85	2.59	2.34	1.78	2.15	1.68	2.04	1.59	0.973	1.53	1.98	2.54	1.63	2.0	1.67	1.56	1.34	2.0	1.59	2.15	1.67	1.23	2.02	1.8	1.64	0.961	0.927	1.08	1.39	2.12	1.95	1.51	1.34	2.05	1.26	0.707	1.29	1.41	1.42	1.81	1.63	1.98	2.04	1.51	0.927	1.16	1.47	1.55	1.15	1.08	1.97	0.985	0.904	1.46	1.81	1.77	1.2	0.487	0.811	1.23	1.55	2.04	1.76	2.44	2.46	2.13	1.74	1.91	1.98	2.36	2.14	1.98	1.37	1.63	0.811	0.707	0.857	1.48	1.93	2.37	1.63	1.46	1.91	1.51	1.59	1.62	1.74	1.48	0.973	0.788	1.02	0.753	0.857	1.37	1.61	1.31	1.48	2.42	1.97	1.75	1.8	1.89	1.22	1.38	1.29	1.59	1.92	2.21	1.74	1.42	1.22	0.95	1.04	1.48	1.84	1.47	1.74	2.27	1.93	1.61	0.996	1.38	2.02	0.88	0.799	1.62	1.85	1.08	1.15	1.49	0.869	1.6	1.32	0.846	0.915	1.53	1.46	1.3	1.24	1.47	0.904	1.73	1.89	0.846	0.591	0.533	1.25	1.56	0.823	1.71	2.37	2.15	2.54	1.95	1.2	1.76	1.55	2.02	2.02	1.22	0.533	0.811	1.7	3.01	2.11	1.07	1.8	1.64	1.67	1.46	1.31	1.32	1.45	1.77	1.26	1.56	2.19	1.93	0.927	0.649	0.741	1.14	1.42	0.822	1.53	0.718	1.12	1.59	1.73	0.649	0.927	1.31	0.927	1.38	2.04	1.73	1.47	1.27	1.78	3.06	3.3	1.92	1.77
1054.0	1055.0	1056.0	1057.0	1058.0	1059.0	1060.0	1061.0	1062.0	1063.0	1064.0	1065.0	1066.0	1067.0	1068.0	1069.0	1070.0	1071.0	1072.0	1073.0	1074.0	1075.0	1076.0	1077.0	1078.0	1079.0	1080.0	1081.0	1082.0	1083.0	1084.0	1085.0	1086.0	1087.0	1088.0	1089.0	1090.0	1091.0	1092.0	1093.0	1094.0	1095.0	1096.0	1097.0	1098.0	1099.0	1100.0	1101.0	1102.0	1103.0	1104.0	1105.0	1106.0	1107.0	1108.0	1109.0	1110.0	1111.0	1112.0	1113.0	1114.0	1115.0	1116.0	1117.0	1118.0	1119.0	1120.0	1121.0	1122.0	1123.0	1124.0	1125.0	1126.0	1127.0	1128.0	1129.0	1130.0	1131.0	1132.0	1133.0	1134.0	1135.0	1136.0	1137.0	1138.0	1139.0	1140.0	1141.0	1142.0	1143.0	1144.0	1145.0	1146.0	1147.0	1148.0	1149.0	1150.0	1151.0	1152.0	1153.0	1154.0	1155.0	1156.0	1157.0	1158.0	1159.0	1160.0	1161.0	1162.0	1163.0	1164.0	1165.0	1166.0	1167.0	1168.0	1169.0	1170.0	1171.0	1172.0	1173.0	1174.0	1175.0	1176.0	1177.0	1178.0	1179.0	1180.0	1181.0	1182.0	1183.0	1184.0	1185.0	1186.0	1187.0	1188.0	1189.0	1190.0	1191.0	1192.0	1193.0	1194.0	1195.0	1196.0	1197.0	1198.0	1199.0	1200.0	1201.0	1202.0	1203.0	1204.0	1205.0	1206.0	1207.0	1208.0	1209.0	1210.0	1211.0	1212.0	1213.0	1214.0	1215.0	1216.0	1217.0	1218.0	1219.0	1220.0	1221.0	1222.0	1223.0	1224.0	1225.0	1226.0	1227.0	1228.0	1229.0	1230.0	1231.0	1232.0	1233.0	1234.0	1235.0	1236.0	1237.0	1238.0	1239.0	1240.0	1241.0	1242.0	1243.0	1244.0	1245.0	1246.0	1247.0	1248.0	1249.0	1250.0	1251.0	1252.0	1253.0	1254.0	1255.0	1256.0	1257.0	1258.0	1259.0	1260.0	1261.0	1262.0	1263.0	1264.0	1265.0	1266.0	1267.0	1268.0	1269.0	1270.0	1271.0	1272.0	1273.0	1274.0	1275.0	1276.0	1277.0	1278.0	1279.0	1280.0	1281.0	1282.0	1283.0	1284.0	1285.0	1286.0	1287.0	1288.0	1289.0	1290.0	1291.0	1292.0	1293.0	1294.0	1295.0	1296.0	1297.0	1298.0	1299.0	1300.0	1301.0	1302.0	1303.0	1304.0	1305.0	1306.0	1307.0	1308.0	1309.0	1310.0	1311.0	1312.0	1313.0	1314.0	1315.0	1316.0	1317.0	1318.0	1319.0	1320.0	1321.0	1322.0	1323.0	1324.0	1325.0	1326.0	1327.0	1328.0	1329.0	1330.0	1331.0	1332.0	1333.0	1334.0	1335.0	1336.0	1337.0	1338.0	1339.0	1340.0	1341.0	1342.0	1343.0	1344.0	1345.0
8920.0
