9559.26506184343	2000.0	2000.0	530.7648434208656	0	0.0	6559.265061843431	1	0	tensor(6, device='cuda:0')	-14.593974121807175
10217.524438895465	2000.0	2341.7406229479648	0.0	0	0.0	3559.26506184343	1	0	tensor(6, device='cuda:0')	-7.4134644453653
13200.0	2000.0	359.24062294796516	0.0	0	280.0672903251343	559.2406229479639	1	0	tensor(6, device='cuda:0')	-7.1102593939276435
14200.0	2000.0	419.575529955242	60.33490700727498	0	179.41096364471196	619.5755299552384	1	0	tensor(3, device='cuda:0')	1.526662036597989
15200.0	2000.0	419.57552995524225	0.0	0	382.41219775207355	619.5755299552366	1	0	tensor(3, device='cuda:0')	1.8886714786416388
16200.0	2000.0	419.5755299552427	0.0	0	326.58695092110975	619.5755299552366	1	0	tensor(3, device='cuda:0')	1.8886714786416388
17200.0	2000.0	419.57552995524327	0.0	0	198.06151281547864	619.5755299552366	1	0	tensor(3, device='cuda:0')	1.8886714786416388
18200.0	2000.0	419.5755299552384	0.0	0	279.67038439924	619.5755299552329	1	0	tensor(3, device='cuda:0')	1.8886714786416388
19200.0	2000.0	419.5755299552352	0.0	0	614.5424907341476	619.5755299552293	1	0	tensor(3, device='cuda:0')	1.8886714786416388
20200.0	2000.0	419.5755299552341	0.0	0	446.4755216532503	619.5755299552293	1	0	tensor(3, device='cuda:0')	1.8886714786416388
21200.0	2000.0	419.575529955232	0.0	0	277.0485625984147	619.5755299552293	1	0	tensor(3, device='cuda:0')	1.8886714786416388
22200.0	2000.0	419.575529955232	0.0	0	187.55792465046397	619.5755299552293	1	0	tensor(3, device='cuda:0')	1.8886714786416388
23200.0	2000.0	419.57552995522974	0.0	0	451.90057872372927	619.5755299552329	1	0	tensor(3, device='cuda:0')	1.8886714786416388
24200.0	2000.0	419.5755299552311	0.0	0	576.7692082841131	619.5755299552329	1	0	tensor(3, device='cuda:0')	1.8886714786416388
25200.0	2000.0	419.5755299552317	0.0	0	359.04062394720677	619.5755299552329	1	0	tensor(3, device='cuda:0')	1.8886714786416388
26200.0	2000.0	419.57552995522974	0.0	0	196.15196255928095	619.5755299552329	1	0	tensor(3, device='cuda:0')	1.8886714786416388
27200.0	2000.0	419.5755299552304	0.0	0	538.3043337329436	619.5755299552329	1	0	tensor(3, device='cuda:0')	1.8886714786416388
28200.0	2000.0	419.575529955232	0.0	0	192.06446955829597	619.5755299552366	1	0	tensor(3, device='cuda:0')	1.8886714786416388
29200.0	2000.0	502.6285757760843	83.05304582085017	0	159.32189025087428	702.6285757760852	1	0	tensor(3, device='cuda:0')	1.388772965233537
30200.0	2000.0	502.62857577608474	0.0	0	433.35222530197643	702.6285757760888	1	0	tensor(3, device='cuda:0')	1.8870912401586382
31200.0	2000.0	502.6285757760834	0.0	0	430.8056512850271	702.6285757760888	1	0	tensor(3, device='cuda:0')	1.8870912401586382
32200.0	2000.0	502.62857577608145	0.0	0	352.9596432865801	702.6285757760888	1	0	tensor(3, device='cuda:0')	1.8870912401586382
33200.0	2000.0	502.6285757760884	0.0	0	391.44633650815376	702.6285757760925	1	0	tensor(3, device='cuda:0')	1.8870912401586382
34200.0	2000.0	502.62857577609236	0.0	0	594.8165591351499	702.6285757760925	1	0	tensor(3, device='cuda:0')	1.887091240158638
35200.0	2000.0	502.62857577609213	0.0	0	454.00043129686674	702.6285757760925	1	0	tensor(3, device='cuda:0')	1.887091240158638
36200.0	2000.0	502.62857577608816	0.0	0	249.1774024450424	702.6285757760925	1	0	tensor(3, device='cuda:0')	1.887091240158638
37200.0	2000.0	502.6285757760875	0.0	0	449.0130319149539	702.6285757760998	1	0	tensor(3, device='cuda:0')	1.887091240158638
38200.0	2000.0	502.6285757760985	0.0	0	239.07736944522912	702.628575776107	1	0	tensor(3, device='cuda:0')	1.8870912401586377
39200.0	2000.0	502.628575776102	0.0	0	400.8856063935091	702.628575776107	1	0	tensor(3, device='cuda:0')	1.8870912401586377
40200.0	2000.0	502.6285757761009	0.0	0	256.34904310169077	702.628575776107	1	0	tensor(3, device='cuda:0')	1.8870912401586377
41254.226259944495	2000.0	589.4335318986953	141.0312160670876	0	0.0	843.6597918431944	1	0	tensor(3, device='cuda:0')	1.0379042507699698
42200.0	2000.0	643.6597918431908	0.0	0	224.0461085269926	843.6597918432017	1	0	tensor(3, device='cuda:0')	1.8840915471724955
43200.0	2000.0	643.6597918431893	0.0	0	573.4076027194678	843.6597918432017	1	0	tensor(3, device='cuda:0')	1.8840915471724955
44200.0	2000.0	643.6597918431955	0.0	0	268.58121134936664	843.659791843209	1	0	tensor(3, device='cuda:0')	1.8840915471724953
45200.0	2000.0	643.6597918432028	0.0	0	267.94971806820104	843.659791843209	1	0	tensor(3, device='cuda:0')	1.8840915471724953
46200.0	2000.0	643.6597918431986	0.0	0	159.71705829302664	843.659791843209	1	0	tensor(3, device='cuda:0')	1.8840915471724953
47200.0	2000.0	643.6597918431988	0.0	0	583.2193713673478	843.659791843209	1	0	tensor(3, device='cuda:0')	1.8840915471724953
48200.0	2000.0	643.6597918432024	0.0	0	358.325755313228	843.659791843209	1	0	tensor(3, device='cuda:0')	1.8840915471724953
49200.0	2000.0	643.6597918432001	0.0	0	689.1912022677498	843.659791843209	1	0	tensor(3, device='cuda:0')	1.8840915471724953
50200.0	2000.0	643.6597918431887	0.0	0	479.2422009623551	843.6597918432017	1	0	tensor(3, device='cuda:0')	1.8840915471724955
51200.0	2000.0	643.6597918432003	0.0	0	412.9216107224929	843.6597918432017	1	0	tensor(3, device='cuda:0')	1.8840915471724955
52200.0	2000.0	643.6597918432011	0.0	0	416.07133607733704	843.6597918432017	1	0	tensor(3, device='cuda:0')	1.8840915471724955
53200.0	2000.0	643.659791843196	0.0	0	406.8589322165062	843.6597918432017	1	0	tensor(3, device='cuda:0')	1.8840915471724955
54200.0	2000.0	643.6597918431893	0.0	0	493.2967045216719	843.659791843209	1	0	tensor(3, device='cuda:0')	1.8840915471724953
55200.0	2000.0	643.6597918431867	0.0	0	329.8003072500578	843.6597918432017	1	0	tensor(3, device='cuda:0')	1.8840915471724955
56200.0	2000.0	643.6597918431814	0.0	0	301.0870705283087	843.6597918432017	1	0	tensor(3, device='cuda:0')	1.8840915471724955
57200.0	2000.0	643.6597918431801	0.0	0	439.05344071940635	843.6597918432017	1	0	tensor(3, device='cuda:0')	1.8840915471724955
58200.0	2000.0	643.6597918431765	0.0	0	290.8294870934769	843.6597918432017	1	0	tensor(3, device='cuda:0')	1.8840915471724955
59200.0	2000.0	643.6597918431762	0.0	0	523.6752961973762	843.6597918431944	1	0	tensor(3, device='cuda:0')	1.8840915471724955
60200.0	2000.0	643.659791843179	0.0	0	454.91806630671636	843.6597918432017	1	0	tensor(3, device='cuda:0')	1.8840915471724955
61200.0	2000.0	643.6597918431727	0.0	0	449.4168768972813	843.6597918432017	1	0	tensor(3, device='cuda:0')	1.8840915471724955
62200.0	2000.0	643.6597918431717	0.0	0	675.7047633591428	843.6597918432017	1	0	tensor(3, device='cuda:0')	1.8840915471724955
63200.0	2000.0	643.659791843173	0.0	0	525.3585787809934	843.6597918432017	1	0	tensor(3, device='cuda:0')	1.8840915471724955
64200.0	2000.0	643.6597918431733	0.0	0	693.0677504579653	843.659791843209	1	0	tensor(3, device='cuda:0')	1.8840915471724953
65200.0	2000.0	643.6597918431744	0.0	0	508.1690823934041	843.659791843209	1	0	tensor(3, device='cuda:0')	1.8840915471724953
66200.0	2000.0	643.6597918431712	0.0	0	547.3050421025982	843.659791843209	1	0	tensor(3, device='cuda:0')	1.8840915471724953
67200.0	2000.0	643.6597918431556	0.0	0	617.2686315830797	843.659791843209	1	0	tensor(3, device='cuda:0')	1.8840915471724953
68200.0	2000.0	643.659791843156	0.0	0	638.5719352028536	843.6597918432235	1	0	tensor(3, device='cuda:0')	1.884091547172495
69200.0	2000.0	643.6597918431619	0.0	0	399.94686452744645	843.6597918432235	1	0	tensor(3, device='cuda:0')	1.884091547172495
70200.0	2000.0	643.6597918431521	0.0	0	303.0929545448598	843.6597918432235	1	0	tensor(3, device='cuda:0')	1.884091547172495
71200.0	2000.0	643.6597918431403	0.0	0	73.97162430184835	843.659791843209	1	0	tensor(3, device='cuda:0')	1.8840915471724953
72200.0	2000.0	643.6597918431481	0.0	0	160.16982359188842	843.659791843209	1	0	tensor(3, device='cuda:0')	1.8840915471724953
73200.0	2000.0	643.6597918431373	0.0	0	122.48027572382125	843.659791843209	1	0	tensor(3, device='cuda:0')	1.8840915471724953
74200.0	2000.0	643.6597918431378	0.0	0	118.4325548010238	843.659791843209	1	0	tensor(3, device='cuda:0')	1.8840915471724953
75200.0	2000.0	643.659791843143	0.0	0	433.7112649655901	843.6597918432235	1	0	tensor(3, device='cuda:0')	1.884091547172495
76200.0	2000.0	643.6597918431407	0.0	0	389.1781337278808	843.6597918432235	1	0	tensor(3, device='cuda:0')	1.884091547172495
77200.0	2000.0	643.6597918431503	0.0	0	4.888677522380021	843.659791843209	1	0	tensor(3, device='cuda:0')	1.8840915471724953
78200.0	2000.0	643.6597918431531	0.0	0	351.78354803298134	843.659791843209	1	0	tensor(3, device='cuda:0')	1.8840915471724953
79200.0	2000.0	643.6597918431661	0.0	0	161.32566879408841	843.659791843209	1	0	tensor(3, device='cuda:0')	1.8840915471724953
80200.0	2000.0	643.65979184316	0.0	0	643.5295084021782	843.659791843209	1	0	tensor(3, device='cuda:0')	1.8840915471724953
81200.0	2000.0	643.6597918431735	0.0	0	319.1778718245041	843.659791843209	1	0	tensor(3, device='cuda:0')	1.8840915471724953
82200.0	2000.0	643.6597918431618	0.0	0	350.0801102400874	843.6597918431944	1	0	tensor(3, device='cuda:0')	1.8840915471724955
83200.0	2000.0	643.6597918431822	0.0	0	267.0711036568682	843.6597918431944	1	0	tensor(3, device='cuda:0')	1.8840915471724955
84200.0	2000.0	643.6597918431797	0.0	0	406.4847859574511	843.6597918431944	1	0	tensor(3, device='cuda:0')	1.8840915471724955
85200.0	2000.0	643.6597918431946	0.0	0	375.3825885105034	843.659791843209	1	0	tensor(3, device='cuda:0')	1.8840915471724953
86200.0	2000.0	643.6597918432007	0.0	0	497.12764111290744	843.6597918431944	1	0	tensor(3, device='cuda:0')	1.8840915471724955
87200.0	2000.0	643.6597918432049	0.0	0	290.10691524371214	843.6597918431944	1	0	tensor(3, device='cuda:0')	1.8840915471724955
88200.0	2000.0	643.6597918432186	0.0	0	359.8292676674464	843.659791843209	1	0	tensor(3, device='cuda:0')	1.8840915471724953
89200.0	2000.0	643.6597918432252	0.0	0	461.00427086548007	843.659791843209	1	0	tensor(3, device='cuda:0')	1.8840915471724953
90218.49981624812	2000.0	625.1599755950951	0.0	0	0.0	843.659791843209	1	0	tensor(3, device='cuda:0')	1.8840915471724953
91200.0	2000.0	643.659791843208	0.0	0	193.38060180236062	843.659791843209	1	0	tensor(3, device='cuda:0')	1.8840915471724953
92200.0	2000.0	643.6597918432141	0.0	0	596.0667551753868	843.6597918432235	1	0	tensor(3, device='cuda:0')	1.884091547172495
93200.0	2000.0	643.6597918432068	0.0	0	355.485479250332	843.659791843209	1	0	tensor(3, device='cuda:0')	1.8840915471724953
94200.0	2000.0	643.659791843204	0.0	0	420.08888229307195	843.6597918432235	1	0	tensor(3, device='cuda:0')	1.884091547172495
95200.0	2000.0	643.6597918432113	0.0	0	417.56545194274804	843.6597918432235	1	0	tensor(3, device='cuda:0')	1.884091547172495
96200.0	2000.0	643.6597918432026	0.0	0	223.16155185825482	843.6597918432235	1	0	tensor(3, device='cuda:0')	1.884091547172495
97200.0	2000.0	643.6597918432166	0.0	0	288.3663361487561	843.6597918432235	1	0	tensor(3, device='cuda:0')	1.884091547172495
98200.0	2000.0	643.6597918432244	0.0	0	515.9390775111242	843.6597918432235	1	0	tensor(3, device='cuda:0')	1.884091547172495
99200.0	2000.0	643.6597918432261	0.0	0	249.38707979390165	843.6597918432235	1	0	tensor(3, device='cuda:0')	1.884091547172495
100200.0	2000.0	643.659791843237	0.0	0	246.68825058755465	843.6597918432235	1	0	tensor(3, device='cuda:0')	1.884091547172495
101200.0	2000.0	643.6597918432365	0.0	0	169.1987244818738	843.659791843238	1	0	tensor(3, device='cuda:0')	1.8840915471724948
102200.0	2000.0	643.6597918432496	0.0	0	487.18587080182624	843.6597918432526	1	0	tensor(3, device='cuda:0')	1.8840915471724942
103200.0	2000.0	643.6597918432443	0.0	0	454.2154271867912	843.6597918432526	1	0	tensor(3, device='cuda:0')	1.8840915471724942
104200.0	2000.0	643.6597918432292	0.0	0	378.46280779757944	843.6597918432526	1	0	tensor(3, device='cuda:0')	1.8840915471724942
105200.0	2000.0	643.6597918432271	0.0	0	363.0034823546157	843.6597918432526	1	0	tensor(3, device='cuda:0')	1.8840915471724942
106200.0	2000.0	643.6597918432254	0.0	0	510.74796194725786	843.6597918432526	1	0	tensor(3, device='cuda:0')	1.8840915471724942
107200.0	2000.0	643.6597918432075	0.0	0	504.9781182208244	843.6597918432526	1	0	tensor(3, device='cuda:0')	1.8840915471724942
108200.0	2000.0	643.6597918432083	0.0	0	70.20192276072339	843.6597918432526	1	0	tensor(3, device='cuda:0')	1.8840915471724942
109200.0	2000.0	643.6597918431972	0.0	0	196.9570672664704	843.6597918432526	1	0	tensor(3, device='cuda:0')	1.8840915471724942
110200.0	2000.0	643.6597918431872	0.0	0	457.2324787325051	843.6597918432526	1	0	tensor(3, device='cuda:0')	1.8840915471724942
111200.0	2000.0	643.659791843177	0.0	0	482.8212233306258	843.6597918432526	1	0	tensor(3, device='cuda:0')	1.8840915471724942
112200.0	2000.0	643.6597918431775	0.0	0	475.12028848826594	843.6597918432526	1	0	tensor(3, device='cuda:0')	1.8840915471724942
113515.79375256487	2000.0	505.8490356414304	177.98299636310472	0	0.0	1021.6427882062853	1	0	tensor(3, device='cuda:0')	0.8117593776770134
114200.0	2000.0	821.6427882063003	0.0	0	113.40072714298731	1021.6427882062853	1	0	tensor(3, device='cuda:0')	1.8796573558556418
115200.0	2000.0	821.642788206304	0.0	0	458.29567709162075	1021.6427882062853	1	0	tensor(3, device='cuda:0')	1.8796573558556418
116200.0	2000.0	821.6427882063024	0.0	0	238.27265544740658	1021.6427882062999	1	0	tensor(3, device='cuda:0')	1.8796573558556418
117200.0	2000.0	821.6427882063019	0.0	0	312.432511057792	1021.6427882062999	1	0	tensor(3, device='cuda:0')	1.8796573558556413
118200.0	2000.0	821.6427882063057	0.0	0	612.1624704044225	1021.6427882062999	1	0	tensor(3, device='cuda:0')	1.8796573558556413
119200.0	2000.0	821.64278820629	0.0	0	317.1443270559539	1021.6427882063144	1	0	tensor(3, device='cuda:0')	1.8796573558556409
120200.0	2000.0	821.6427882062953	0.0	0	436.11225010611815	1021.6427882063144	1	0	tensor(3, device='cuda:0')	1.8796573558556409
121200.0	2000.0	821.6427882063086	0.0	0	423.9644462859578	1021.6427882063144	1	0	tensor(3, device='cuda:0')	1.8796573558556409
122200.0	2000.0	821.642788206302	0.0	0	233.14111898595002	1021.6427882063144	1	0	tensor(3, device='cuda:0')	1.8796573558556409
123200.0	2000.0	821.642788206312	0.0	0	508.9929054910317	1021.6427882063144	1	0	tensor(3, device='cuda:0')	1.8796573558556409
124200.0	2000.0	821.6427882063208	0.0	0	403.7785243893886	1021.6427882063144	1	0	tensor(3, device='cuda:0')	1.8796573558556409
125554.22789472985	2000.0	467.414893476473	0.0	0	0.0	1021.642788206329	1	0	tensor(3, device='cuda:0')	1.8796573558556404
126677.8434084168	2000.0	500.5343827898595	156.73500300034482	0	0.0	1178.377791206658	1	0	tensor(3, device='cuda:0')	0.9346429888291634
127200.0	2000.0	978.3777912066794	0.0	0	47.394068517925916	1178.377791206658	1	0	tensor(3, device='cuda:0')	1.8750530068312323
128200.0	2000.0	978.3777912066778	0.0	0	494.37228411473916	1178.377791206658	1	0	tensor(3, device='cuda:0')	1.8750530068312323
129200.0	2000.0	978.3777912066648	0.0	0	428.1367870253307	1178.3777912066435	1	0	tensor(3, device='cuda:0')	1.875053006831233
130200.0	2000.0	978.3777912066862	0.0	0	625.6117508004827	1178.377791206658	1	0	tensor(3, device='cuda:0')	1.8750530068312323
131200.0	2000.0	978.3777912066776	0.0	0	543.6515275662969	1178.377791206658	1	0	tensor(3, device='cuda:0')	1.8750530068312323
132200.0	2000.0	978.3777912066635	0.0	0	420.8328101092484	1178.377791206629	1	0	tensor(3, device='cuda:0')	1.8750530068312332
133258.41976180748	2000.0	919.9580293992221	0.0	0	0.0	1178.3777912066726	1	0	tensor(3, device='cuda:0')	1.8750530068312323
134200.0	2000.0	978.3777912067208	0.0	0	84.61337935333722	1178.3777912067017	1	0	tensor(3, device='cuda:0')	1.875053006831231
135200.0	2000.0	978.3777912067121	0.0	0	81.75229201620095	1178.3777912066726	1	0	tensor(3, device='cuda:0')	1.875053006831232
136200.0	2000.0	978.3777912066714	0.0	0	476.4450712639082	1178.3777912066726	1	0	tensor(3, device='cuda:0')	1.875053006831232
137200.0	2000.0	978.3777912067085	0.0	0	519.9068258425104	1178.3777912066726	1	0	tensor(3, device='cuda:0')	1.875053006831232
138323.3980966698	2000.0	854.9796945369079	0.0	0	0.0	1178.3777912066726	1	0	tensor(3, device='cuda:0')	1.875053006831232
139200.0	2000.0	978.3777912067114	0.0	0	31.734529932407895	1178.3777912067017	1	0	tensor(3, device='cuda:0')	1.875053006831231
140200.0	2000.0	978.3777912066998	0.0	0	340.4920892024529	1178.3777912067017	1	0	tensor(3, device='cuda:0')	1.875053006831231
141200.0	2000.0	978.3777912066528	0.0	0	621.5878815518226	1178.3777912067017	1	0	tensor(3, device='cuda:0')	1.875053006831231
142200.0	2000.0	978.3777912067037	0.0	0	383.90477020834805	1178.3777912067017	1	0	tensor(3, device='cuda:0')	1.875053006831231
143200.0	2000.0	978.3777912067258	0.0	0	292.2903608387569	1178.3777912067017	1	0	tensor(3, device='cuda:0')	1.875053006831231
144200.0	2000.0	978.3777912067239	0.0	0	219.6252909708419	1178.3777912067017	1	0	tensor(3, device='cuda:0')	1.875053006831231
145200.0	2000.0	978.3777912067362	0.0	0	442.39242365426617	1178.3777912067308	1	0	tensor(3, device='cuda:0')	1.87505300683123
146200.0	2000.0	978.3777912067812	0.0	0	474.2848299424222	1178.3777912067308	1	0	tensor(3, device='cuda:0')	1.87505300683123
147200.0	2000.0	978.3777912067603	0.0	0	310.7119436255598	1178.3777912067017	1	0	tensor(3, device='cuda:0')	1.875053006831231
148200.0	2000.0	978.3777912067435	0.0	0	587.5421724910848	1178.3777912067017	1	0	tensor(3, device='cuda:0')	1.875053006831231
149200.0	2000.0	978.3777912067605	0.0	0	125.07354047926492	1178.3777912067308	1	0	tensor(3, device='cuda:0')	1.87505300683123
150200.0	2000.0	978.3777912067467	0.0	0	60.22472686320543	1178.3777912067599	1	0	tensor(3, device='cuda:0')	1.8750530068312297
151200.0	2000.0	978.3777912067958	0.0	0	215.3531842477969	1178.377791206789	1	0	tensor(3, device='cuda:0')	1.8750530068312292
152200.0	2000.0	978.3777912067953	0.0	0	407.056919945986	1178.3777912067599	1	0	tensor(3, device='cuda:0')	1.8750530068312292
153200.0	2000.0	978.3777912067985	0.0	0	109.40063441943494	1178.3777912067599	1	0	tensor(3, device='cuda:0')	1.8750530068312292
154200.0	2000.0	978.3777912068051	0.0	0	325.49529803858604	1178.3777912067599	1	0	tensor(3, device='cuda:0')	1.8750530068312292
155200.0	2000.0	978.3777912068031	0.0	0	493.01123714249115	1178.3777912067599	1	0	tensor(3, device='cuda:0')	1.8750530068312292
156200.0	2000.0	978.3777912067821	0.0	0	71.24211561260745	1178.3777912067599	1	0	tensor(3, device='cuda:0')	1.8750530068312292
157200.0	2000.0	978.3777912067285	0.0	0	220.98580303954077	1178.3777912067599	1	0	tensor(3, device='cuda:0')	1.8750530068312292
158200.0	2000.0	978.3777912067351	0.0	0	483.2004863800539	1178.3777912067599	1	0	tensor(3, device='cuda:0')	1.8750530068312292
159200.0	2000.0	978.3777912067305	0.0	0	301.5957824513316	1178.377791206789	1	0	tensor(3, device='cuda:0')	1.8750530068312283
160200.0	2000.0	978.3777912067324	0.0	0	8.657953614543658	1178.377791206818	1	0	tensor(3, device='cuda:0')	1.8750530068312274
161200.0	2000.0	978.3777912067242	0.0	0	293.56775934656616	1178.377791206818	1	0	tensor(3, device='cuda:0')	1.8750530068312274
162200.0	2000.0	978.3777912066873	0.0	0	371.8692024880147	1178.377791206818	1	0	tensor(3, device='cuda:0')	1.8750530068312274
163200.0	2000.0	978.3777912066873	0.0	0	542.5334634641185	1178.377791206818	1	0	tensor(3, device='cuda:0')	1.8750530068312274
164200.0	2000.0	978.3777912067085	0.0	0	61.56039630147279	1178.377791206818	1	0	tensor(3, device='cuda:0')	1.8750530068312274
165200.0	2000.0	978.3777912066575	0.0	0	287.7733426661871	1178.377791206818	1	0	tensor(3, device='cuda:0')	1.8750530068312274
166200.0	2000.0	978.3777912066444	0.0	0	427.39517363143386	1178.377791206818	1	0	tensor(3, device='cuda:0')	1.8750530068312274
167200.0	2000.0	978.3777912066257	0.0	0	457.29183450186974	1178.377791206818	1	0	tensor(3, device='cuda:0')	1.8750530068312274
168200.0	2000.0	978.377791206648	0.0	0	391.58204949932406	1178.377791206818	1	0	tensor(3, device='cuda:0')	1.8750530068312274
169200.0	2000.0	978.377791206665	0.0	0	255.3181476148893	1178.377791206789	1	0	tensor(3, device='cuda:0')	1.8750530068312283
170200.0	2000.0	978.3777912066739	0.0	0	144.42334006601595	1178.377791206789	1	0	tensor(3, device='cuda:0')	1.8750530068312283
171200.0	2000.0	978.3777912066682	0.0	0	197.4545325038198	1178.377791206818	1	0	tensor(3, device='cuda:0')	1.8750530068312274
172200.0	2000.0	978.3777912066826	0.0	0	458.925496801181	1178.377791206818	1	0	tensor(3, device='cuda:0')	1.8750530068312274
173200.0	2000.0	978.3777912066826	0.0	0	351.6810533008247	1178.377791206818	1	0	tensor(3, device='cuda:0')	1.8750530068312274
174200.0	2000.0	978.3777912066571	0.0	0	343.7025487468054	1178.377791206818	1	0	tensor(3, device='cuda:0')	1.8750530068312274
175200.0	2000.0	978.3777912066466	0.0	0	259.11865976054105	1178.377791206818	1	0	tensor(3, device='cuda:0')	1.8750530068312274
176200.0	2000.0	978.3777912066316	0.0	0	153.04515333636664	1178.3777912068472	1	0	tensor(3, device='cuda:0')	1.8750530068312266
177200.0	2000.0	978.3777912066553	0.0	0	154.5369030808797	1178.3777912068472	1	0	tensor(3, device='cuda:0')	1.8750530068312266
178200.0	2000.0	978.3777912066307	0.0	0	419.0505872820213	1178.3777912068472	1	0	tensor(3, device='cuda:0')	1.8750530068312266
179200.0	2000.0	978.377791206641	0.0	0	299.09692853470915	1178.3777912068763	1	0	tensor(3, device='cuda:0')	1.8750530068312254
180200.0	2000.0	978.3777912066116	0.0	0	595.6570906724082	1178.3777912068763	1	0	tensor(3, device='cuda:0')	1.8750530068312254
181200.0	2000.0	978.3777912065996	0.0	0	505.2966899727471	1178.3777912068763	1	0	tensor(3, device='cuda:0')	1.8750530068312254
182200.0	2000.0	978.3777912066062	0.0	0	246.6761353632901	1178.3777912068763	1	0	tensor(3, device='cuda:0')	1.8750530068312254
183200.0	2000.0	978.3777912066021	0.0	0	59.33590094358078	1178.3777912068763	1	0	tensor(3, device='cuda:0')	1.8750530068312254
184514.1366866024	2000.0	664.2411046041946	0.0	0	0.0	1178.3777912068763	1	0	tensor(3, device='cuda:0')	1.8750530068312254
185200.0	500.0	978.3777912065664	0.0	0	277.9825601184857	1178.3777912068763	1	0	tensor(3, device='cuda:0')	-0.8975357154085559
186200.0	500.0	978.3777912065675	0.0	0	825.2155189382902	1178.3777912068763	1	0	tensor(3, device='cuda:0')	0.4887586457113349
187200.0	2000.0	978.3777912065327	0.0	0	443.0628908663057	1178.3777912069054	1	0	tensor(3, device='cuda:0')	0.48875864571133393
188200.0	2000.0	978.377791206525	0.0	0	40.27596586837899	1178.3777912068763	1	0	tensor(3, device='cuda:0')	1.8750530068312254
189200.0	2000.0	978.3777912065141	0.0	0	145.34400812047534	1178.3777912068763	1	0	tensor(3, device='cuda:0')	1.8750530068312254
190200.0	2000.0	978.3777912065148	0.0	0	343.8744573331496	1178.3777912068763	1	0	tensor(3, device='cuda:0')	1.8750530068312254
191472.65324399248	2000.0	705.7245472140407	0.0	0	0.0	1178.3777912068472	1	0	tensor(3, device='cuda:0')	1.875053006831226
192200.0	2000.0	978.3777912065282	0.0	0	19.550613238156075	1178.377791206818	1	0	tensor(3, device='cuda:0')	1.8750530068312274
193200.0	2000.0	978.3777912065243	0.0	0	263.89037766403635	1178.3777912068472	1	0	tensor(3, device='cuda:0')	1.8750530068312266
194200.0	2000.0	978.3777912065193	0.0	0	457.1157794382307	1178.3777912068472	1	0	tensor(3, device='cuda:0')	1.8750530068312266
195200.0	2000.0	978.3777912065066	0.0	0	417.29393655009335	1178.3777912068472	1	0	tensor(3, device='cuda:0')	1.8750530068312266
196200.0	2000.0	978.3777912064916	0.0	0	241.56789090196253	1178.3777912068472	1	0	tensor(3, device='cuda:0')	1.8750530068312266
197200.0	2000.0	978.37779120647	0.0	0	181.42190200902405	1178.377791206789	1	0	tensor(3, device='cuda:0')	1.8750530068312279
198200.0	2000.0	978.3777912064797	0.0	0	215.99553606225527	1178.377791206818	1	0	tensor(3, device='cuda:0')	1.8750530068312279
199200.0	2000.0	978.3777912064868	0.0	0	618.9173323419236	1178.377791206818	1	0	tensor(3, device='cuda:0')	1.8750530068312274
200200.0	2000.0	978.3777912065075	0.0	0	434.1454872036993	1178.377791206818	1	0	tensor(3, device='cuda:0')	1.8750530068312274
201200.0	2000.0	978.3777912065307	0.0	0	379.3336108366784	1178.377791206818	1	0	tensor(3, device='cuda:0')	1.8750530068312274
202200.0	2000.0	978.3777912065414	0.0	0	418.8405359106255	1178.377791206818	1	0	tensor(3, device='cuda:0')	1.8750530068312274
203200.0	2000.0	978.3777912065375	0.0	0	156.5813530224259	1178.377791206818	1	0	tensor(3, device='cuda:0')	1.875053006831227
204200.0	2000.0	978.377791206502	0.0	0	460.6636318291712	1178.377791206818	1	0	tensor(3, device='cuda:0')	1.8750530068312274
205200.0	2000.0	978.3777912064995	0.0	0	397.2573601019103	1178.377791206818	1	0	tensor(3, device='cuda:0')	1.8750530068312274
206200.0	2000.0	978.3777912065093	0.0	0	331.20422322288505	1178.377791206818	1	0	tensor(3, device='cuda:0')	1.8750530068312274
207200.0	2000.0	978.3777912065157	0.0	0	516.6635377658531	1178.3777912068472	1	0	tensor(3, device='cuda:0')	1.8750530068312266
208200.0	2000.0	978.3777912065075	0.0	0	552.2952195466787	1178.3777912068763	1	0	tensor(3, device='cuda:0')	1.8750530068312254
209200.0	2000.0	978.3777912064916	0.0	0	319.72101356164785	1178.3777912068763	1	0	tensor(3, device='cuda:0')	1.8750530068312254
210200.0	2000.0	978.3777912064963	0.0	0	180.90156100288732	1178.3777912068763	1	0	tensor(3, device='cuda:0')	1.8750530068312254
211200.0	2000.0	978.3777912064922	0.0	0	404.33303340894054	1178.3777912068763	1	0	tensor(3, device='cuda:0')	1.8750530068312254
212200.0	2000.0	978.37779120646	0.0	0	508.07681534139556	1178.3777912068763	1	0	tensor(3, device='cuda:0')	1.8750530068312254
213200.0	2000.0	978.3777912064834	0.0	0	515.8343850852689	1178.3777912068763	1	0	tensor(3, device='cuda:0')	1.8750530068312254
214200.0	2000.0	978.3777912064918	0.0	0	467.6683247285546	1178.3777912068763	1	0	tensor(3, device='cuda:0')	1.8750530068312254
215200.0	2000.0	978.3777912065134	0.0	0	630.3748854050064	1178.3777912068763	1	0	tensor(3, device='cuda:0')	1.8750530068312254
216200.0	2000.0	978.3777912064945	0.0	0	377.2299040318758	1178.3777912068763	1	0	tensor(3, device='cuda:0')	1.8750530068312254
217200.0	2000.0	978.3777912065025	0.0	0	557.2207596957742	1178.3777912068763	1	0	tensor(3, device='cuda:0')	1.8750530068312254
218200.0	2000.0	978.3777912064654	0.0	0	508.97381240755203	1178.3777912068763	1	0	tensor(3, device='cuda:0')	1.8750530068312254
219200.0	2000.0	978.3777912064788	0.0	0	329.5150706927816	1178.3777912068763	1	0	tensor(3, device='cuda:0')	1.8750530068312254
220200.0	2000.0	978.3777912064513	0.0	0	564.1021733779344	1178.3777912068763	1	0	tensor(3, device='cuda:0')	1.8750530068312254
221200.0	2000.0	978.3777912064256	0.0	0	343.65372604186996	1178.3777912068472	1	0	tensor(3, device='cuda:0')	1.8750530068312266
222200.0	2000.0	978.3777912064622	0.0	0	312.3346064410289	1178.3777912068763	1	0	tensor(3, device='cuda:0')	1.8750530068312254
223200.0	2000.0	978.3777912064361	0.0	0	233.73890283078072	1178.3777912068763	1	0	tensor(3, device='cuda:0')	1.8750530068312254
224200.0	2000.0	978.377791206394	0.0	0	173.70726205967367	1178.3777912068472	1	0	tensor(3, device='cuda:0')	1.8750530068312266
225200.0	2000.0	978.3777912064097	0.0	0	317.82206329965265	1178.3777912068472	1	0	tensor(3, device='cuda:0')	1.8750530068312266
226200.0	2000.0	978.377791206377	0.0	0	296.8578425478481	1178.3777912068472	1	0	tensor(3, device='cuda:0')	1.8750530068312266
227200.0	2000.0	978.3777912063451	0.0	0	457.3744564426597	1178.3777912068472	1	0	tensor(3, device='cuda:0')	1.8750530068312266
228200.0	2000.0	978.3777912063431	0.0	0	530.7655342320213	1178.3777912068763	1	0	tensor(3, device='cuda:0')	1.8750530068312254
229200.0	2000.0	978.3777912063242	0.0	0	237.17143925200799	1178.3777912068472	1	0	tensor(3, device='cuda:0')	1.8750530068312266
230200.0	2000.0	978.3777912063138	0.0	0	595.7216038343031	1178.377791206818	1	0	tensor(3, device='cuda:0')	1.8750530068312274
231200.0	2000.0	978.3777912063313	0.0	0	509.1643067538389	1178.377791206818	1	0	tensor(3, device='cuda:0')	1.8750530068312274
232200.0	2000.0	978.3777912063297	0.0	0	575.3032385480183	1178.377791206818	1	0	tensor(3, device='cuda:0')	1.8750530068312274
233200.0	2000.0	978.3777912063201	0.0	0	622.6978079358814	1178.377791206818	1	0	tensor(3, device='cuda:0')	1.8750530068312274
234200.0	2000.0	978.377791206324	0.0	0	240.1171814170084	1178.377791206818	1	0	tensor(3, device='cuda:0')	1.8750530068312274
235200.0	2000.0	978.3777912063117	0.0	0	76.35433730768273	1178.3777912068472	1	0	tensor(3, device='cuda:0')	1.8750530068312266
236200.0	2000.0	978.3777912062801	0.0	0	228.24893391740625	1178.3777912068472	1	0	tensor(3, device='cuda:0')	1.8750530068312266
237200.0	2000.0	978.3777912062965	0.0	0	565.7176763188909	1178.3777912068472	1	0	tensor(3, device='cuda:0')	1.8750530068312266
238200.0	2000.0	978.3777912062837	0.0	0	490.1555953237985	1178.3777912068472	1	0	tensor(3, device='cuda:0')	1.8750530068312266
239200.0	2000.0	978.3777912062851	0.0	0	255.67421835917048	1178.3777912068472	1	0	tensor(3, device='cuda:0')	1.8750530068312266
240200.0	2000.0	978.3777912062847	0.0	0	76.83647677852423	1178.3777912068472	1	0	tensor(3, device='cuda:0')	1.8750530068312266
241200.0	2000.0	978.377791206301	0.0	0	440.30357067173463	1178.3777912068763	1	0	tensor(3, device='cuda:0')	1.8750530068312254
242200.0	2000.0	978.3777912063138	0.0	0	457.1149216956692	1178.3777912068763	1	0	tensor(3, device='cuda:0')	1.8750530068312254
243200.0	2000.0	978.377791206331	0.0	0	519.9600888408895	1178.3777912068763	1	0	tensor(3, device='cuda:0')	1.8750530068312254
244200.0	2000.0	978.3777912063526	0.0	0	512.5626985834679	1178.3777912069054	1	0	tensor(3, device='cuda:0')	1.8750530068312246
245200.0	2000.0	978.3777912063526	0.0	0	362.9114365778223	1178.3777912069054	1	0	tensor(3, device='cuda:0')	1.8750530068312246
246200.0	2000.0	978.3777912063472	0.0	0	113.53533705012524	1178.3777912069054	1	0	tensor(3, device='cuda:0')	1.8750530068312246
247324.14625272388	2000.0	854.2315384824892	0.0	0	0.0	1178.3777912069054	1	0	tensor(3, device='cuda:0')	1.8750530068312246
248200.0	2000.0	978.3777912063742	0.0	0	57.94222476644791	1178.3777912069054	1	0	tensor(3, device='cuda:0')	1.8750530068312246
249200.0	2000.0	978.3777912063917	0.0	0	417.2041997095512	1178.3777912069054	1	0	tensor(3, device='cuda:0')	1.8750530068312246
250200.0	2000.0	978.3777912064174	0.0	0	352.8208595518372	1178.3777912069054	1	0	tensor(3, device='cuda:0')	1.8750530068312246
251200.0	2000.0	978.377791206442	0.0	0	481.919508651481	1178.3777912069345	1	0	tensor(3, device='cuda:0')	1.875053006831224
252200.0	2000.0	978.3777912064068	0.0	0	317.45120539845084	1178.3777912069345	1	0	tensor(3, device='cuda:0')	1.875053006831224
253200.0	2000.0	978.3777912063861	0.0	0	427.4698529053421	1178.3777912069054	1	0	tensor(3, device='cuda:0')	1.8750530068312246
254231.72720153257	2000.0	946.6505896738181	0.0	0	154.48513387492858	1178.3777912069054	1	0	tensor(3, device='cuda:0')	1.8750530068312246
255392.21588543084	2000.0	786.1619057755688	0.0	0	0.0	1178.3777912069054	1	0	tensor(3, device='cuda:0')	1.8750530068312246
256200.0	2000.0	978.3777912064029	0.0	0	199.1332327480195	1178.3777912069054	1	0	tensor(3, device='cuda:0')	1.8750530068312246
257200.0	2000.0	978.3777912063986	0.0	0	566.9302094949817	1178.3777912069054	1	0	tensor(3, device='cuda:0')	1.8750530068312246
258200.0	2000.0	978.3777912064038	0.0	0	236.3348838109814	1178.3777912069054	1	0	tensor(3, device='cuda:0')	1.8750530068312246
259200.0	2000.0	978.3777912064552	0.0	0	350.35873282988905	1178.3777912069345	1	0	tensor(3, device='cuda:0')	1.875053006831224
260200.0	2000.0	978.3777912064352	0.0	0	387.8287800393882	1178.3777912069345	1	0	tensor(3, device='cuda:0')	1.875053006831224
261200.0	2000.0	978.3777912064479	0.0	0	374.1443740109098	1178.3777912069345	1	0	tensor(3, device='cuda:0')	1.875053006831224
262200.0	2000.0	978.3777912064547	0.0	0	119.00164017747738	1178.3777912069345	1	0	tensor(3, device='cuda:0')	1.875053006831224
263200.0	2000.0	978.3777912064422	0.0	0	524.1645280264784	1178.3777912069054	1	0	tensor(3, device='cuda:0')	1.8750530068312248
264200.0	2000.0	978.3777912064556	0.0	0	552.3999242738355	1178.3777912069345	1	0	tensor(3, device='cuda:0')	1.875053006831224
265200.0	2000.0	978.3777912064575	0.0	0	300.5132279843674	1178.3777912069345	1	0	tensor(3, device='cuda:0')	1.875053006831224
266200.0	2000.0	978.3777912064577	0.0	0	243.2103442720254	1178.3777912069345	1	0	tensor(3, device='cuda:0')	1.875053006831224
267200.0	2000.0	978.3777912064193	0.0	0	490.6109037780552	1178.3777912069927	1	0	tensor(3, device='cuda:0')	1.875053006831222
268200.0	2000.0	978.3777912064575	0.0	0	236.75563739915378	1178.377791207051	1	0	tensor(3, device='cuda:0')	1.87505300683122
269200.0	2000.0	978.3777912063729	0.0	0	404.0830682386295	1178.377791207051	1	0	tensor(3, device='cuda:0')	1.87505300683122
270200.0	2000.0	978.3777912063708	0.0	0	133.89630806737114	1178.377791207051	1	0	tensor(3, device='cuda:0')	1.87505300683122
271200.0	2000.0	978.3777912063792	0.0	0	155.74590963526862	1178.377791207109	1	0	tensor(3, device='cuda:0')	1.8750530068312181
272200.0	2000.0	978.3777912063524	0.0	0	396.17618926026626	1178.377791207051	1	0	tensor(3, device='cuda:0')	1.87505300683122
273200.0	2000.0	978.3777912063147	0.0	0	180.81305688183056	1178.377791207051	1	0	tensor(3, device='cuda:0')	1.87505300683122
274200.0	2000.0	978.3777912063774	0.0	0	213.0890769700054	1178.377791207109	1	0	tensor(3, device='cuda:0')	1.8750530068312181
275200.0	2000.0	978.3777912063333	0.0	0	528.0896489218576	1178.377791207109	1	0	tensor(3, device='cuda:0')	1.8750530068312181
276200.0	2000.0	978.3777912063504	0.0	0	340.77082610782236	1178.3777912071673	1	0	tensor(3, device='cuda:0')	1.8750530068312163
277200.0	2000.0	978.377791206341	0.0	0	195.83826644450892	1178.3777912072255	1	0	tensor(3, device='cuda:0')	1.8750530068312143
278200.0	2000.0	978.3777912063301	0.0	0	369.77097098995	1178.3777912072255	1	0	tensor(3, device='cuda:0')	1.8750530068312143
279200.0	2000.0	978.3777912063313	0.0	0	191.5355531334062	1178.3777912071673	1	0	tensor(3, device='cuda:0')	1.8750530068312163
280200.0	2000.0	978.3777912063829	0.0	0	401.867792688834	1178.3777912071673	1	0	tensor(3, device='cuda:0')	1.8750530068312163
281210.6871553831	2000.0	967.6906358232679	0.0	0	150.12758258695249	1178.3777912071673	1	0	tensor(3, device='cuda:0')	1.8750530068312163
282363.34937254194	2000.0	815.0284186644164	0.0	0	0.0	1178.3777912071673	1	0	tensor(3, device='cuda:0')	1.8750530068312163
283221.4303991853	2000.0	956.9473920211052	0.0	0	0.0	1178.3777912071673	1	0	tensor(3, device='cuda:0')	1.8750530068312163
284200.0	2000.0	978.3777912063479	0.0	0	458.6331299216836	1178.377791207109	1	0	tensor(3, device='cuda:0')	1.8750530068312181
285200.0	2000.0	978.3777912063704	0.0	0	61.490550204063766	1178.377791207051	1	0	tensor(3, device='cuda:0')	1.875053006831219
286200.0	2000.0	978.3777912063588	0.0	0	202.91351509676315	1178.377791207051	1	0	tensor(3, device='cuda:0')	1.87505300683122
287505.1951294306	2000.0	673.1826617757393	0.0	0	0.0	1178.377791207109	1	0	tensor(3, device='cuda:0')	1.8750530068312181
288470.22904348583	2000.0	708.1487477205726	0.0	0	0.0	1178.3777912071673	1	0	tensor(3, device='cuda:0')	1.8750530068312163
289200.0	2000.0	978.3777912064418	0.0	0	266.6040176153183	1178.3777912071673	1	0	tensor(3, device='cuda:0')	1.8750530068312163
290200.0	2000.0	978.3777912063813	0.0	0	245.56053944135783	1178.377791207109	1	0	tensor(3, device='cuda:0')	1.8750530068312181
291200.0	2000.0	978.3777912063919	0.0	0	254.77035250567133	1178.377791207109	1	0	tensor(3, device='cuda:0')	1.8750530068312181
292200.0	2000.0	978.3777912064206	0.0	0	141.05022263602586	1178.377791207109	1	0	tensor(3, device='cuda:0')	1.8750530068312186
293200.0	2000.0	978.3777912064193	0.0	0	544.0914901890792	1178.377791207109	1	0	tensor(3, device='cuda:0')	1.8750530068312181
294200.0	2000.0	978.3777912063533	0.0	0	488.25703069206793	1178.377791207109	1	0	tensor(3, device='cuda:0')	1.8750530068312181
295200.0	2000.0	978.3777912063479	0.0	0	385.7616363870329	1178.377791207109	1	0	tensor(3, device='cuda:0')	1.8750530068312181
296200.0	2000.0	978.377791206281	0.0	0	371.8205891876132	1178.377791207109	1	0	tensor(3, device='cuda:0')	1.8750530068312181
297200.0	2000.0	978.3777912062587	0.0	0	207.2869753644336	1178.377791207109	1	0	tensor(3, device='cuda:0')	1.8750530068312181
298200.0	2000.0	978.3777912062887	0.0	0	479.3447447595536	1178.377791207109	1	0	tensor(3, device='cuda:0')	1.8750530068312181
299200.0	2000.0	978.377791206256	0.0	0	370.15258020424517	1178.377791207109	1	0	tensor(3, device='cuda:0')	1.8750530068312181
300200.0	2000.0	978.377791206256	0.0	0	459.2655946550076	1178.377791207109	1	0	tensor(3, device='cuda:0')	1.8750530068312181
301200.0	2000.0	978.3777912062342	0.0	0	118.54877169127576	1178.3777912069927	1	0	tensor(3, device='cuda:0')	1.8750530068312208
302200.0	2000.0	978.3777912062542	0.0	0	157.53855752776144	1178.377791207051	1	0	tensor(3, device='cuda:0')	1.875053006831221
303200.0	2000.0	978.3777912061614	0.0	0	199.54305716679664	1178.3777912069927	1	0	tensor(3, device='cuda:0')	1.875053006831222
304200.0	2000.0	978.3777912061832	0.0	0	540.8223615141469	1178.377791207051	1	0	tensor(3, device='cuda:0')	1.87505300683122
305200.0	2000.0	978.3777912061546	0.0	0	539.1774509749375	1178.377791207051	1	0	tensor(3, device='cuda:0')	1.87505300683122
306200.0	2000.0	978.3777912061339	0.0	0	341.3345543552423	1178.377791207051	1	0	tensor(3, device='cuda:0')	1.87505300683122
307200.0	2000.0	978.3777912061464	0.0	0	469.02646994619863	1178.377791207051	1	0	tensor(3, device='cuda:0')	1.87505300683122
308200.0	2000.0	978.3777912061178	0.0	0	503.6161672823364	1178.3777912069927	1	0	tensor(3, device='cuda:0')	1.875053006831222
309200.0	2000.0	978.3777912060841	0.0	0	636.3448352959822	1178.3777912069927	1	0	tensor(3, device='cuda:0')	1.875053006831222
4.58	3.14	3.15	3.27	4.02	3.17	3.71	4.25	4.08	2.19	1.96	3.16	4.45	3.56	3.24	3.8	3.54	2.78	5.24	4.07	4.52	2.91	4.17	3.95	2.65	4.0	3.32	3.83	2.8	1.95	3.32	3.8	3.12	2.76	2.05	4.65	3.48	5.93	5.37	3.82	3.43	4.17	4.23	4.4	2.44	2.71	3.63	3.75	3.66	4.03	5.94	6.02	5.94	4.97	3.44	4.71	5.7	3.88	2.43	3.07	2.85	2.54	1.9	4.67	3.29	2.2	2.53	2.63	4.97	3.48	3.95	2.05	3.43	4.07	4.24	3.23	3.96	3.6	2.41	2.66	4.29	4.04	2.87	3.72	2.18	3.53	4.09	3.56	2.53	2.91	5.07	4.95	2.56	3.49	4.31	3.38	2.85	2.25	3.22	4.3	4.36	1.59	1.15	2.83	4.19	2.27	3.5	5.11	2.1	3.68	4.46	3.3	3.21	3.49	1.84	1.76	2.49	6.39	3.19	5.48	4.24	2.84	2.19	1.67	2.77	3.81	3.67	2.43	1.45	3.37	4.3	4.04	3.98	2.37	2.77	2.99	3.58	5.11	1.53	2.66	2.31	3.54	2.34	3.17	3.51	2.41	3.22	3.27	3.75	2.44	2.65	3.23	4.68	2.87	2.79	3.71	3.04	3.48	3.02	2.63	3.66	3.01	3.31	3.68	2.59	3.07	2.69	3.23	3.09	4.44	3.8	2.66	1.83	1.61	1.29	4.41	3.73	2.99	1.92	3.83	2.32	1.67	3.04	3.46	4.41	3.8	3.01	3.04	4.71	3.44	2.95	2.68	2.42	4.03	3.92	3.74	6.17	3.57	3.66	3.0	3.7	3.85	5.4	3.07	4.77	4.29	4.62	3.98	3.42	3.93	4.11	2.32	3.43	3.43	2.14	3.15	3.06	4.58	3.29	4.12	3.6	4.53	4.84	3.27	2.88	3.42	3.75	3.15	2.97	2.19	4.33	3.42	3.96	3.56	3.26	2.05	1.98	2.28	3.5	3.9	3.93	2.54	4.91	3.51	1.49	2.94	4.55	3.53	3.8	3.52	3.63	2.91	3.3	4.22	4.02	2.59	2.95	3.46	3.01	2.07	2.41	3.76	1.7	3.35	4.6	3.79	2.94	3.78	3.09	4.56	3.52	1.69	1.26	5.02	2.9	1.81	2.17	1.85	3.51	3.45	4.22	1.9	4.1	5.03	3.38	3.82	3.57	3.28	4.0	4.97	2.64	3.39	3.02	3.36	3.64	4.37	2.92	4.75	7.27	4.46	3.75	3.04	4.81
1900.0	1901.0	1902.0	1903.0	1904.0	1905.0	1906.0	1907.0	1908.0	1909.0	1910.0	1911.0	1912.0	1913.0	1914.0	1915.0	1916.0	1917.0	1918.0	1919.0	1920.0	1921.0	1922.0	1923.0	1924.0	1925.0	1926.0	1927.0	1928.0	1929.0	1930.0	1931.0	1932.0	1933.0	1934.0	1935.0	1936.0	1937.0	1938.0	1939.0	1940.0	1941.0	1942.0	1943.0	1944.0	1945.0	1946.0	1947.0	1948.0	1949.0	1950.0	1951.0	1952.0	1953.0	1954.0	1955.0	1956.0	1957.0	1958.0	1959.0	1960.0	1961.0	1962.0	1963.0	1964.0	1965.0	1966.0	1967.0	1968.0	1969.0	1970.0	1971.0	1972.0	1973.0	1974.0	1975.0	1976.0	1977.0	1978.0	1979.0	1980.0	1981.0	1982.0	1983.0	1984.0	1985.0	1986.0	1987.0	1988.0	1989.0	1990.0	1991.0	1992.0	1993.0	1994.0	1995.0	1996.0	1997.0	1998.0	1999.0	2000.0	2000.0	2001.0	2002.0	2003.0	2004.0	2005.0	2006.0	2007.0	2008.0	2009.0	2010.0	2011.0	2012.0	2013.0	2014.0	2015.0	2016.0	2017.0	2018.0	2019.0	2020.0	2021.0	2022.0	2023.0	2024.0	2025.0	2026.0	2027.0	2028.0	2029.0	2030.0	2031.0	2032.0	2033.0	2034.0	2035.0	2036.0	2037.0	2038.0	2039.0	2040.0	2041.0	2042.0	2043.0	2044.0	2045.0	2046.0	2047.0	2048.0	2049.0	2050.0	2051.0	2052.0	2053.0	2054.0	2055.0	2056.0	2057.0	2058.0	2059.0	2060.0	2061.0	2062.0	2063.0	2064.0	2065.0	2066.0	2067.0	2068.0	2069.0	2070.0	2071.0	2072.0	2073.0	2074.0	2075.0	2076.0	2077.0	2078.0	2079.0	2080.0	2081.0	2082.0	2083.0	2084.0	2085.0	2086.0	2087.0	2088.0	2089.0	2090.0	2091.0	2092.0	2093.0	2094.0	2095.0	2096.0	2097.0	2098.0	2099.0	2100.0	2101.0	2102.0	2103.0	2104.0	2105.0	2106.0	2107.0	2108.0	2109.0	2110.0	2111.0	2112.0	2113.0	2114.0	2115.0	2116.0	2117.0	2118.0	2119.0	2120.0	2121.0	2122.0	2123.0	2124.0	2125.0	2126.0	2127.0	2128.0	2129.0	2130.0	2131.0	2132.0	2133.0	2134.0	2135.0	2136.0	2137.0	2138.0	2139.0	2140.0	2141.0	2142.0	2143.0	2144.0	2145.0	2146.0	2147.0	2148.0	2149.0	2150.0	2151.0	2152.0	2153.0	2154.0	2155.0	2156.0	2157.0	2158.0	2159.0	2160.0	2161.0	2162.0	2163.0	2164.0	2165.0	2166.0	2167.0	2168.0	2169.0	2170.0	2171.0	2172.0	2173.0	2174.0	2175.0	2176.0	2177.0	2178.0	2179.0	2180.0	2181.0	2182.0	2183.0	2184.0	2185.0	2186.0	2187.0	2188.0	2189.0	2190.0	2191.0	2192.0	2193.0	2194.0	2195.0	2196.0	2197.0	2198.0	2199.0	2200.0	2201.0
8923.0
