10694.898420911752	300.0	2000.0	193.6566785127294	0	0.0	7694.898420911752	1	0	tensor(6, device='cuda:0')	-13.507430303348109
11778.193756541345	2000.0	1916.7046643704057	0.0	0	0.0	4694.898420911751	1	0	tensor(6, device='cuda:0')	-9.84334023371396
13200.0	300.0	1494.9046643704055	0.0	0	704.4555173474764	1694.904664370406	1	0	tensor(6, device='cuda:0')	-10.940508639119884
14200.0	500.0	1494.9046643704082	0.0	0	657.9526790874133	1694.904664370406	1	0	tensor(3, device='cuda:0')	-0.04338865423399911
15200.0	500.0	1494.9046643704062	0.0	0	718.6202420396694	1694.9046643704041	1	0	tensor(3, device='cuda:0')	0.46743696953199176
16200.0	500.0	1494.9046643704053	0.0	0	811.3163661016424	1694.9046643704041	1	0	tensor(3, device='cuda:0')	0.46743696953199176
17200.0	2000.0	1494.9046643704044	0.0	0	136.35171520396034	1694.9046643704023	1	0	tensor(3, device='cuda:0')	0.4674369695319917
18305.181356626286	2000.0	1389.723307744117	0.0	0	0.0	1694.9046643703987	1	0	tensor(3, device='cuda:0')	1.8537313306518826
19412.133754485356	2000.0	1282.7709098850464	0.0	0	0.0	1694.9046643703987	1	0	tensor(3, device='cuda:0')	1.8537313306518826
20687.130697075467	2000.0	1007.7739672949348	0.0	0	0.0	1694.9046643703987	1	0	tensor(3, device='cuda:0')	1.8537313306518826
21705.37617716897	2000.0	989.5284872014291	0.0	0	0.0	1694.9046643703987	1	0	tensor(3, device='cuda:0')	1.8537313306518826
22959.332045860796	2000.0	735.5726185096054	0.0	0	0.0	1694.9046643703987	1	0	tensor(3, device='cuda:0')	1.8537313306518826
23658.583914914594	2000.0	1036.3207494558092	0.0	0	0.0	1694.9046643704023	1	0	tensor(3, device='cuda:0')	1.8537313306518823
24200.0	2000.0	1494.9046643704055	0.0	0	59.57496022203122	1694.9046643703987	1	0	tensor(3, device='cuda:0')	1.8537313306518826
25200.0	2000.0	1494.9046643704055	0.0	0	362.382117840134	1694.9046643704023	1	0	tensor(3, device='cuda:0')	1.8537313306518823
26200.0	2000.0	1494.904664370404	0.0	0	280.94955769456647	1694.9046643704023	1	0	tensor(3, device='cuda:0')	1.8537313306518823
27200.0	2000.0	1494.904664370403	0.0	0	82.56757588377877	1694.904664370406	1	0	tensor(3, device='cuda:0')	1.8537313306518821
28200.0	2000.0	1494.9046643704016	0.0	0	54.798896627668	1694.904664370406	1	0	tensor(3, device='cuda:0')	1.8537313306518821
29200.0	2000.0	1494.904664370401	0.0	0	235.83355980242413	1694.904664370406	1	0	tensor(3, device='cuda:0')	1.8537313306518821
30200.0	2000.0	1494.9046643704016	0.0	0	391.0521473037297	1694.904664370406	1	0	tensor(3, device='cuda:0')	1.8537313306518821
31347.376336536887	2000.0	1347.5283278335146	0.0	0	0.0	1694.904664370406	1	0	tensor(3, device='cuda:0')	1.8537313306518821
32360.25108584881	2000.0	1334.6535785215892	0.0	0	0.0	1694.904664370406	1	0	tensor(3, device='cuda:0')	1.8537313306518821
33235.45086821262	2000.0	1459.453796157778	0.0	0	0.0	1694.904664370406	1	0	tensor(3, device='cuda:0')	1.8537313306518821
34200.0	2000.0	1494.9046643703991	0.0	0	302.25664777728525	1694.9046643704096	1	0	tensor(3, device='cuda:0')	1.8537313306518821
35200.0	2000.0	1494.9046643703978	0.0	0	274.5702116813263	1694.904664370406	1	0	tensor(3, device='cuda:0')	1.8537313306518821
36200.0	2000.0	1494.9046643703955	0.0	0	129.01583946605388	1694.904664370406	1	0	tensor(3, device='cuda:0')	1.8537313306518821
37200.0	2000.0	1494.904664370401	0.0	0	49.85363084459095	1694.9046643704132	1	0	tensor(3, device='cuda:0')	1.853731330651882
38200.0	2000.0	1494.9046643703978	0.0	0	230.280568412898	1694.9046643704132	1	0	tensor(3, device='cuda:0')	1.853731330651882
39200.0	2000.0	1494.9046643704019	0.0	0	56.28555215986853	1694.9046643704132	1	0	tensor(3, device='cuda:0')	1.853731330651882
40257.55550720502	2000.0	1437.349157165374	0.0	0	0.0	1694.9046643704132	1	0	tensor(3, device='cuda:0')	1.853731330651882
41200.0	2000.0	1494.9046643703991	0.0	0	99.45887251938257	1694.9046643704132	1	0	tensor(3, device='cuda:0')	1.853731330651882
42360.618816616836	2000.0	1334.28584775357	0.0	0	0.0	1694.9046643704205	1	0	tensor(3, device='cuda:0')	1.8537313306518817
44258.940747796034	2000.0	435.9639165743691	0.0	0	0.0	1694.9046643704132	1	0	tensor(3, device='cuda:0')	1.853731330651882
44776.8116336461	500.0	918.0930307242947	0.0	0	0.0	1694.9046643704132	1	0	tensor(3, device='cuda:0')	-0.9188573915878993
45200.0	500.0	1494.9046643703957	0.0	0	140.73025911918376	1694.904664370406	1	0	tensor(3, device='cuda:0')	0.46743696953199165
46200.0	500.0	1494.9046643703864	0.0	0	618.9257863903404	1694.9046643703987	1	0	tensor(3, device='cuda:0')	0.467436969531992
47200.0	500.0	1494.904664370388	0.0	0	615.081926504281	1694.9046643703987	1	0	tensor(3, device='cuda:0')	0.467436969531992
48200.0	500.0	1494.9046643703873	0.0	0	716.0490297861834	1694.9046643703914	1	0	tensor(3, device='cuda:0')	0.46743696953199243
49200.0	2000.0	1494.9046643703914	0.0	0	47.00699325482128	1694.9046643703914	1	0	tensor(3, device='cuda:0')	0.4674369695319925
50220.58417389018	2000.0	1474.3204904802058	0.0	0	0.0	1694.9046643703914	1	0	tensor(3, device='cuda:0')	1.853731330651883
51298.92967801984	2000.0	1395.9749863505433	0.0	0	0.0	1694.9046643703914	1	0	tensor(3, device='cuda:0')	1.853731330651883
52200.0	2000.0	1494.904664370386	0.0	0	341.93900755067443	1694.9046643703841	1	0	tensor(3, device='cuda:0')	1.8537313306518834
53200.0	2000.0	1494.9046643703816	0.0	0	238.7298252412511	1694.9046643703914	1	0	tensor(3, device='cuda:0')	1.853731330651883
55080.62174145113	2000.0	614.282922919249	0.0	0	0.0	1694.9046643703914	1	0	tensor(3, device='cuda:0')	1.853731330651883
56007.41822712035	2000.0	687.4864372500263	0.0	0	0.0	1694.9046643703914	1	0	tensor(3, device='cuda:0')	1.853731330651883
56854.71117514839	2000.0	840.1934892219919	0.0	0	0.0	1694.9046643703914	1	0	tensor(3, device='cuda:0')	1.853731330651883
57964.67198891471	2000.0	730.2326754556686	0.0	0	0.0	1694.9046643703841	1	0	tensor(3, device='cuda:0')	1.8537313306518834
58524.23468375014	2000.0	1170.669980620245	0.0	0	0.0	1694.9046643703841	1	0	tensor(3, device='cuda:0')	1.8537313306518834
59200.0	2000.0	1494.9046643703803	0.0	0	188.41379154361493	1694.9046643703841	1	0	tensor(3, device='cuda:0')	1.8537313306518834
60200.0	2000.0	1494.9046643703791	0.0	0	338.65154400019674	1694.9046643703841	1	0	tensor(3, device='cuda:0')	1.8537313306518834
61363.47442740939	2000.0	1331.4302369609932	0.0	0	0.0	1694.9046643703768	1	0	tensor(3, device='cuda:0')	1.853731330651884
62234.17764423514	2000.0	1460.7270201352444	0.0	0	0.0	1694.9046643703841	1	0	tensor(3, device='cuda:0')	1.8537313306518834
63505.628267600834	2000.0	1189.2763967695491	0.0	0	0.0	1694.9046643703841	1	0	tensor(3, device='cuda:0')	1.8537313306518834
65160.81646192359	2000.0	534.0882024467865	0.0	0	0.0	1694.9046643703841	1	0	tensor(3, device='cuda:0')	1.8537313306518834
65440.59398239096	500.0	1254.3106819794302	0.0	0	0.0	1694.9046643703841	1	0	tensor(3, device='cuda:0')	-0.918857391587898
66200.0	500.0	1494.9046643703812	0.0	0	518.6756748282642	1694.9046643703768	1	0	tensor(3, device='cuda:0')	0.46743696953199276
67200.0	2000.0	1494.9046643703764	0.0	0	199.11609586633858	1694.9046643703623	1	0	tensor(3, device='cuda:0')	0.46743696953199393
68200.0	2000.0	1494.9046643703725	0.0	0	270.52415832856786	1694.9046643703623	1	0	tensor(3, device='cuda:0')	1.8537313306518846
69200.0	2000.0	1494.9046643703696	0.0	0	36.14598713739542	1694.9046643703623	1	0	tensor(3, device='cuda:0')	1.8537313306518846
70200.0	2000.0	1494.9046643703866	0.0	0	86.863605176899	1694.9046643703768	1	0	tensor(3, device='cuda:0')	1.853731330651884
71200.0	2000.0	1494.904664370381	0.0	0	168.05018408702745	1694.9046643703623	1	0	tensor(3, device='cuda:0')	1.8537313306518846
72861.34401746884	2000.0	833.5606469015446	0.0	0	0.0	1694.9046643703768	1	0	tensor(3, device='cuda:0')	1.853731330651884
73637.53914380781	2000.0	1057.365520562595	0.0	0	0.0	1694.9046643703768	1	0	tensor(3, device='cuda:0')	1.853731330651884
75109.825262514	2000.0	585.0794018564143	0.0	0	0.0	1694.9046643703768	1	0	tensor(3, device='cuda:0')	1.853731330651884
75487.23155113413	500.0	1207.6731132362936	0.0	0	0.0	1694.9046643703768	1	0	tensor(3, device='cuda:0')	-0.9188573915878974
76200.0	500.0	1494.9046643704273	0.0	0	298.301740215451	1694.9046643703768	1	0	tensor(3, device='cuda:0')	0.4674369695319932
77200.0	500.0	1494.904664370416	0.0	0	397.80480262333003	1694.9046643703768	1	0	tensor(3, device='cuda:0')	0.4674369695319932
78200.0	500.0	1494.9046643704269	0.0	0	383.91181622701697	1694.9046643703623	1	0	tensor(3, device='cuda:0')	0.467436969531994
79200.0	500.0	1494.904664370431	0.0	0	635.9469743092923	1694.9046643703623	1	0	tensor(3, device='cuda:0')	0.467436969531994
80200.0	500.0	1494.904664370445	0.0	0	782.4364908052812	1694.9046643703623	1	0	tensor(3, device='cuda:0')	0.467436969531994
81200.0	2000.0	1494.9046643704464	0.0	0	222.54906301815936	1694.9046643703623	1	0	tensor(3, device='cuda:0')	0.46743696953199393
82200.0	2000.0	1494.9046643704437	0.0	0	1.0920785535417963	1694.9046643703623	1	0	tensor(3, device='cuda:0')	1.8537313306518846
83282.87651053094	2000.0	1412.0281538394934	0.0	0	0.0	1694.9046643703623	1	0	tensor(3, device='cuda:0')	1.8537313306518846
84848.14606367242	2000.0	846.7586006980263	0.0	0	0.0	1694.9046643703623	1	0	tensor(3, device='cuda:0')	1.8537313306518846
85723.10858502371	2000.0	971.7960793467329	0.0	0	0.0	1694.9046643703623	1	0	tensor(3, device='cuda:0')	1.8537313306518846
86414.40492445022	2000.0	1280.499739920204	0.0	0	0.0	1694.9046643703623	1	0	tensor(3, device='cuda:0')	1.8537313306518846
87314.0471987941	2000.0	1380.8574655763096	0.0	0	0.0	1694.9046643703623	1	0	tensor(3, device='cuda:0')	1.8537313306518846
88200.0	2000.0	1494.904664370427	0.0	0	2.113494795470615	1694.9046643703623	1	0	tensor(3, device='cuda:0')	1.8537313306518846
89205.16611813573	2000.0	1489.738546234689	0.0	0	0.0	1694.9046643703768	1	0	tensor(3, device='cuda:0')	1.853731330651884
90200.0	2000.0	1494.9046643703987	0.0	0	282.5769696575444	1694.9046643703768	1	0	tensor(3, device='cuda:0')	1.853731330651884
91200.0	2000.0	1494.904664370403	0.0	0	511.57256788593077	1694.9046643703768	1	0	tensor(3, device='cuda:0')	1.853731330651884
92200.0	2000.0	1494.9046643703982	0.0	0	370.5412892640743	1694.9046643703623	1	0	tensor(3, device='cuda:0')	1.8537313306518846
93200.0	2000.0	1494.904664370398	0.0	0	104.20905626758758	1694.9046643703623	1	0	tensor(3, device='cuda:0')	1.8537313306518846
94200.0	2000.0	1494.9046643704078	0.0	0	290.3459265436686	1694.9046643703623	1	0	tensor(3, device='cuda:0')	1.8537313306518846
95200.0	2000.0	1494.9046643704137	0.0	0	238.40813683223678	1694.9046643703623	1	0	tensor(3, device='cuda:0')	1.8537313306518846
96200.0	2000.0	1494.9046643704103	0.0	0	373.99943611641356	1694.9046643703477	1	0	tensor(3, device='cuda:0')	1.8537313306518852
97220.87088730674	2000.0	1474.0337770636752	0.0	0	0.0	1694.9046643703477	1	0	tensor(3, device='cuda:0')	1.8537313306518852
98200.0	2000.0	1494.9046643704146	0.0	0	172.94206206026138	1694.9046643703477	1	0	tensor(3, device='cuda:0')	1.8537313306518852
99200.0	2000.0	1494.904664370399	0.0	0	269.54881659873354	1694.9046643703332	1	0	tensor(3, device='cuda:0')	1.8537313306518861
100200.0	2000.0	1494.9046643703837	0.0	0	256.65183149813674	1694.9046643703332	1	0	tensor(3, device='cuda:0')	1.8537313306518861
101466.56285910655	2000.0	1228.341805263832	0.0	0	0.0	1694.9046643703332	1	0	tensor(3, device='cuda:0')	1.8537313306518861
102635.78569757938	2000.0	1059.1189667910057	0.0	0	0.0	1694.9046643703332	1	0	tensor(3, device='cuda:0')	1.8537313306518861
103483.1553952653	2000.0	1211.7492691050816	0.0	0	0.0	1694.9046643703186	1	0	tensor(3, device='cuda:0')	1.8537313306518868
104610.400530542	2000.0	1084.5041338283945	0.0	0	0.0	1694.9046643703332	1	0	tensor(3, device='cuda:0')	1.8537313306518861
105809.4343172815	2000.0	885.4703470888794	0.0	0	0.0	1694.9046643703332	1	0	tensor(3, device='cuda:0')	1.8537313306518861
106801.52116024615	2000.0	893.3835041242329	0.0	0	0.0	1694.9046643703477	1	0	tensor(3, device='cuda:0')	1.8537313306518852
107798.62635530073	2000.0	896.2783090696653	0.0	0	0.0	1694.9046643703477	1	0	tensor(3, device='cuda:0')	1.8537313306518852
108798.3961509829	2000.0	896.5085133875042	0.0	0	0.0	1694.9046643703477	1	0	tensor(3, device='cuda:0')	1.8537313306518852
109577.95433141582	2000.0	1116.9503329545848	0.0	0	0.0	1694.9046643703477	1	0	tensor(3, device='cuda:0')	1.8537313306518852
110307.33187719829	2000.0	1387.5727871721251	0.0	0	0.0	1694.9046643703477	1	0	tensor(3, device='cuda:0')	1.8537313306518852
111691.83176530703	2000.0	1003.0728990633924	0.0	0	0.0	1694.9046643703477	1	0	tensor(3, device='cuda:0')	1.8537313306518852
112841.21042755837	2000.0	853.6942368120501	0.0	0	0.0	1694.9046643703477	1	0	tensor(3, device='cuda:0')	1.8537313306518852
113863.17672107584	2000.0	831.7279432945626	0.0	0	0.0	1694.9046643703332	1	0	tensor(3, device='cuda:0')	1.8537313306518861
114784.01888154654	2000.0	910.8857828238596	0.0	0	0.0	1694.9046643703332	1	0	tensor(3, device='cuda:0')	1.8537313306518861
115359.28584777265	2000.0	1335.6188165977458	0.0	0	0.0	1694.9046643703477	1	0	tensor(3, device='cuda:0')	1.8537313306518852
116200.0	2000.0	1494.9046643704173	0.0	0	296.9124772155774	1694.9046643703477	1	0	tensor(3, device='cuda:0')	1.8537313306518852
117521.96547362262	2000.0	1172.9391907477989	0.0	0	0.0	1694.9046643703477	1	0	tensor(3, device='cuda:0')	1.8537313306518852
118558.18538482735	2000.0	1136.7192795430676	0.0	0	0.0	1694.9046643703332	1	0	tensor(3, device='cuda:0')	1.8537313306518861
119711.91216797446	2000.0	982.9924963959636	0.0	0	0.0	1694.9046643703332	1	0	tensor(3, device='cuda:0')	1.8537313306518861
120528.02878355562	2000.0	1166.8758808147938	0.0	0	0.0	1694.9046643703332	1	0	tensor(3, device='cuda:0')	1.8537313306518861
121207.73849465774	2000.0	1487.1661697126885	0.0	0	0.0	1694.9046643703332	1	0	tensor(3, device='cuda:0')	1.8537313306518861
122200.0	2000.0	1494.904664370431	0.0	0	346.7732823340484	1694.9046643703332	1	0	tensor(3, device='cuda:0')	1.8537313306518861
123359.18521347897	2000.0	1335.7194508914522	0.0	0	0.0	1694.9046643703332	1	0	tensor(3, device='cuda:0')	1.8537313306518861
124724.55763360726	2000.0	970.3470307631601	0.0	0	0.0	1694.9046643703332	1	0	tensor(3, device='cuda:0')	1.8537313306518861
125200.0	500.0	1494.9046643704316	0.0	0	51.23604031415016	1694.9046643703332	1	0	tensor(3, device='cuda:0')	-0.918857391587895
126200.0	500.0	1494.9046643704319	0.0	0	491.31003508734284	1694.9046643703332	1	0	tensor(3, device='cuda:0')	0.4674369695319955
127200.0	500.0	1494.9046643704178	0.0	0	699.5263391198241	1694.9046643703186	1	0	tensor(3, device='cuda:0')	0.46743696953199626
128200.0	2000.0	1494.904664370407	0.0	0	392.2506303968112	1694.9046643703186	1	0	tensor(3, device='cuda:0')	0.46743696953199615
129200.0	2000.0	1494.9046643703928	0.0	0	320.8508192024892	1694.9046643703186	1	0	tensor(3, device='cuda:0')	1.8537313306518868
130343.87945763004	2000.0	1351.0252067403508	0.0	0	0.0	1694.9046643703186	1	0	tensor(3, device='cuda:0')	1.8537313306518868
131581.62430724085	2000.0	1113.2803571295435	0.0	0	0.0	1694.9046643703186	1	0	tensor(3, device='cuda:0')	1.8537313306518866
132609.15406586573	2000.0	1085.750598504662	0.0	0	0.0	1694.904664370304	1	0	tensor(3, device='cuda:0')	1.8537313306518879
133470.4271307981	2000.0	1224.477533572279	0.0	0	0.0	1694.9046643703186	1	0	tensor(3, device='cuda:0')	1.8537313306518868
134320.40444656252	2000.0	1374.5002178078723	0.0	0	0.0	1694.9046643703186	1	0	tensor(3, device='cuda:0')	1.8537313306518868
135234.08632958948	2000.0	1460.8183347809038	0.0	0	0.0	1694.9046643702895	1	0	tensor(3, device='cuda:0')	1.8537313306518883
136200.0	2000.0	1494.9046643703655	0.0	0	58.94409607653506	1694.9046643702895	1	0	tensor(3, device='cuda:0')	1.8537313306518883
137200.0	2000.0	1494.9046643703568	0.0	0	43.11497384493123	1694.9046643702895	1	0	tensor(3, device='cuda:0')	1.8537313306518883
138715.43923516263	2000.0	979.4654292077475	0.0	0	0.0	1694.9046643702895	1	0	tensor(3, device='cuda:0')	1.8537313306518883
140128.87088280937	2000.0	566.033781560985	0.0	0	0.0	1694.9046643702895	1	0	tensor(3, device='cuda:0')	1.8537313306518883
141559.008325066	2000.0	238.16495069155434	102.26861138720125	0	0.0	1797.173275757552	1	0	tensor(3, device='cuda:0')	1.2344670373524786
141880.23280129224	500.0	916.9404744653193	0.0	0	0.0	1797.173275757552	1	0	tensor(3, device='cuda:0')	-0.9245100165640951
142200.0	500.0	1597.1732757575448	0.0	0	47.020445073605515	1797.173275757552	1	0	tensor(3, device='cuda:0')	0.46178434455579553
143200.0	500.0	1597.1732757575417	0.0	0	678.6840172412631	1797.173275757552	1	0	tensor(3, device='cuda:0')	0.46178434455579553
144358.26911615423	2000.0	1438.9041596033185	0.0	0	0.0	1797.173275757552	1	0	tensor(3, device='cuda:0')	0.4617843445557955
145309.76146276266	2000.0	1487.4118129948963	0.0	0	0.0	1797.173275757552	1	0	tensor(3, device='cuda:0')	1.8480787056756862
146502.49984004413	2000.0	1294.6734357134135	0.0	0	0.0	1797.173275757552	1	0	tensor(3, device='cuda:0')	1.8480787056756862
147295.6551252261	2000.0	1501.518150531448	0.0	0	0.0	1797.173275757581	1	0	tensor(3, device='cuda:0')	1.8480787056756842
148200.0	2000.0	1597.173275757547	0.0	0	123.65225290466333	1797.173275757581	1	0	tensor(3, device='cuda:0')	1.8480787056756842
149375.2817161052	2000.0	1421.8915596523464	0.0	0	0.0	1797.173275757581	1	0	tensor(3, device='cuda:0')	1.8480787056756842
150200.0	2000.0	1597.173275757526	0.0	0	35.794370921415975	1797.173275757581	1	0	tensor(3, device='cuda:0')	1.8480787056756842
151200.0	2000.0	1597.173275757533	0.0	0	324.77147492958466	1797.173275757581	1	0	tensor(3, device='cuda:0')	1.8480787056756842
152200.0	2000.0	1597.1732757575476	0.0	0	160.33619448466925	1797.173275757581	1	0	tensor(3, device='cuda:0')	1.8480787056756842
153200.0	2000.0	1597.1732757575694	0.0	0	157.50031539757038	1797.173275757581	1	0	tensor(3, device='cuda:0')	1.8480787056756842
154200.0	2000.0	1597.173275757573	0.0	0	112.00584118394181	1797.173275757581	1	0	tensor(3, device='cuda:0')	1.8480787056756842
155822.3603952905	2000.0	974.8128804671016	0.0	0	0.0	1797.173275757581	1	0	tensor(3, device='cuda:0')	1.8480787056756842
156631.66602394456	2000.0	1165.5072518130498	0.0	0	0.0	1797.173275757581	1	0	tensor(3, device='cuda:0')	1.8480787056756842
157581.30105598373	2000.0	1215.872219773902	0.0	0	0.0	1797.173275757581	1	0	tensor(3, device='cuda:0')	1.8480787056756842
158815.33139681123	2000.0	981.8418789464059	0.0	0	0.0	1797.173275757581	1	0	tensor(3, device='cuda:0')	1.8480787056756842
160227.7116194838	2000.0	569.461656273854	0.0	0	0.0	1797.173275757552	1	0	tensor(3, device='cuda:0')	1.8480787056756862
160732.71630594082	500.0	1064.4569698168325	0.0	0	0.0	1797.173275757552	1	0	tensor(3, device='cuda:0')	-0.9245100165640951
161200.0	500.0	1597.1732757576387	0.0	0	20.85109397623455	1797.173275757552	1	0	tensor(3, device='cuda:0')	0.46178434455579553
162200.0	500.0	1597.1732757576324	0.0	0	607.4527608178032	1797.173275757552	1	0	tensor(3, device='cuda:0')	0.46178434455579553
163289.5131449624	2000.0	1507.660130795233	0.0	0	0.0	1797.173275757552	1	0	tensor(3, device='cuda:0')	0.4617843445557955
164200.0	2000.0	1597.1732757576153	0.0	0	206.91020305955317	1797.173275757552	1	0	tensor(3, device='cuda:0')	1.8480787056756862
165471.61479722202	2000.0	1325.5584785356154	0.0	0	0.0	1797.173275757552	1	0	tensor(3, device='cuda:0')	1.8480787056756862
166346.45851052026	2000.0	1450.7147652374067	0.0	0	0.0	1797.173275757552	1	0	tensor(3, device='cuda:0')	1.8480787056756862
167241.6155963563	2000.0	1555.5576794013552	0.0	0	0.0	1797.173275757552	1	0	tensor(3, device='cuda:0')	1.8480787056756862
168208.97455592742	2000.0	1588.1987198302324	0.0	0	0.0	1797.173275757552	1	0	tensor(3, device='cuda:0')	1.8480787056756862
169944.3662822905	2000.0	852.8069934671621	0.0	0	0.0	1797.173275757581	1	0	tensor(3, device='cuda:0')	1.8480787056756842
171356.57447050317	2000.0	440.59880525448676	0.0	0	0.0	1797.173275757581	1	0	tensor(3, device='cuda:0')	1.8480787056756842
171662.08794434904	500.0	1135.085331408607	0.0	0	0.0	1797.173275757581	1	0	tensor(3, device='cuda:0')	-0.924510016564097
172200.0	500.0	1597.173275757644	0.0	0	227.34167631081073	1797.173275757581	1	0	tensor(3, device='cuda:0')	0.46178434455579376
173200.0	2000.0	1597.173275757663	0.0	0	311.94831189262914	1797.17327575761	1	0	tensor(3, device='cuda:0')	0.46178434455579215
174200.0	2000.0	1597.1732757576615	0.0	0	82.23404825112084	1797.173275757581	1	0	tensor(3, device='cuda:0')	1.8480787056756842
175200.0	2000.0	1597.1732757576497	0.0	0	319.01221529376926	1797.173275757581	1	0	tensor(3, device='cuda:0')	1.8480787056756842
176200.0	2000.0	1597.1732757576167	0.0	0	362.5933443111426	1797.173275757581	1	0	tensor(3, device='cuda:0')	1.8480787056756842
177764.26898538743	2000.0	1032.9042903701918	0.0	0	0.0	1797.173275757581	1	0	tensor(3, device='cuda:0')	1.8480787056756842
179383.9876751396	2000.0	413.18560061801145	0.0	0	0.0	1797.173275757581	1	0	tensor(3, device='cuda:0')	1.8480787056756842
180752.87907727127	2000.0	294.5473847019621	250.2531862155816	0	0.0	2047.4264619731694	1	0	tensor(3, device='cuda:0')	0.33011806920492326
181415.53702690045	500.0	669.793418979588	37.90398390682168	0	0.0	2085.330445879983	1	0	tensor(3, device='cuda:0')	-1.1712302768379426
182016.59696409397	500.0	1068.7334817860806	0.0	0	0.0	2085.330445879983	1	0	tensor(3, device='cuda:0')	0.4424879877228778
182796.85635953225	500.0	1288.474086347799	0.0	0	0.0	2085.330445879983	1	0	tensor(3, device='cuda:0')	0.4424879877228778
183200.0	500.0	1885.3304458800746	0.0	0	152.35749478221987	2085.330445879983	1	0	tensor(3, device='cuda:0')	0.4424879877228778
184200.0	2000.0	1885.3304458800756	0.0	0	226.77737267580233	2085.330445879983	1	0	tensor(3, device='cuda:0')	0.4424879877228778
185200.0	2000.0	1885.3304458801076	0.0	0	428.78539465231006	2085.330445879983	1	0	tensor(3, device='cuda:0')	1.8287823488427684
186200.0	2000.0	1885.3304458800828	0.0	0	244.1001082312432	2085.330445879983	1	0	tensor(3, device='cuda:0')	1.8287823488427684
187200.0	2000.0	1885.3304458800876	0.0	0	424.09474022022914	2085.330445879983	1	0	tensor(3, device='cuda:0')	1.8287823488427684
188200.0	2000.0	1885.330445880095	0.0	0	487.55195732129505	2085.330445879983	1	0	tensor(3, device='cuda:0')	1.8287823488427684
189200.0	2000.0	1885.3304458801151	0.0	0	380.76099159629666	2085.330445879983	1	0	tensor(3, device='cuda:0')	1.8287823488427684
190200.0	2000.0	1885.3304458801106	0.0	0	463.3239977804478	2085.330445879983	1	0	tensor(3, device='cuda:0')	1.8287823488427684
191342.0684083816	2000.0	1743.2620374985336	0.0	0	0.0	2085.330445879983	1	0	tensor(3, device='cuda:0')	1.8287823488427684
192697.74153956183	2000.0	1387.588906318324	0.0	0	0.0	2085.330445879983	1	0	tensor(3, device='cuda:0')	1.8287823488427684
194577.8987741516	2000.0	507.4316717285519	0.0	0	0.0	2085.330445879983	1	0	tensor(3, device='cuda:0')	1.8287823488427684
194898.42653437253	500.0	1186.9039115076291	0.0	0	0.0	2085.330445879983	1	0	tensor(3, device='cuda:0')	-0.9438063733970127
195200.0	500.0	1885.3304458801358	0.0	0	147.05228486983106	2085.330445879983	1	0	tensor(3, device='cuda:0')	0.4424879877228778
196200.0	2000.0	1885.3304458801038	0.0	0	156.4812729852274	2085.330445879983	1	0	tensor(3, device='cuda:0')	0.4424879877228778
197269.1258669079	2000.0	1816.2045789721915	0.0	0	186.28647946953424	2085.330445879954	1	0	tensor(3, device='cuda:0')	1.8287823488427706
198899.897529168	2000.0	1185.432916712086	0.0	0	0.0	2085.330445879954	1	0	tensor(3, device='cuda:0')	1.8287823488427706
199935.35950576983	2000.0	1149.970940110265	0.0	0	0.0	2085.330445879954	1	0	tensor(3, device='cuda:0')	1.8287823488427706
200511.23788058365	2000.0	1574.092565296426	0.0	0	0.0	2085.330445879954	1	0	tensor(3, device='cuda:0')	1.8287823488427706
201228.8296376997	2000.0	1856.5008081803953	0.0	0	0.0	2085.330445879954	1	0	tensor(3, device='cuda:0')	1.8287823488427706
202200.0	2000.0	1885.3304458800997	0.0	0	472.9945940548205	2085.330445879954	1	0	tensor(3, device='cuda:0')	1.8287823488427706
203247.706751216	2000.0	1837.6236946640754	0.0	0	0.0	2085.330445879954	1	0	tensor(3, device='cuda:0')	1.8287823488427706
204264.24345149653	2000.0	1821.086994383521	0.0	0	0.0	2085.330445879954	1	0	tensor(3, device='cuda:0')	1.8287823488427706
205402.62136237836	2000.0	1682.7090835016768	0.0	0	0.0	2085.330445879954	1	0	tensor(3, device='cuda:0')	1.8287823488427706
206370.46955165942	2000.0	1714.8608942206317	0.0	0	0.0	2085.330445879954	1	0	tensor(3, device='cuda:0')	1.8287823488427706
207200.0	2000.0	1885.3304458800365	0.0	0	131.36273255650303	2085.330445879954	1	0	tensor(3, device='cuda:0')	1.8287823488427706
208200.0	2000.0	1885.3304458800303	0.0	0	63.9943875100289	2085.330445879954	1	0	tensor(3, device='cuda:0')	1.8287823488427706
209508.4502147499	2000.0	1576.880231130104	0.0	0	0.0	2085.330445879954	1	0	tensor(3, device='cuda:0')	1.8287823488427706
210628.0970541085	2000.0	1457.2333917715002	0.0	0	0.0	2085.330445879925	1	0	tensor(3, device='cuda:0')	1.8287823488427728
211632.74290991013	2000.0	1452.5875359698673	0.0	0	0.0	2085.330445879925	1	0	tensor(3, device='cuda:0')	1.8287823488427728
212751.5305975829	2000.0	1333.7998482970925	0.0	0	0.0	2085.3304458798957	1	0	tensor(3, device='cuda:0')	1.828782348842775
213626.32349843616	2000.0	1459.006947443787	0.0	0	0.0	2085.3304458798957	1	0	tensor(3, device='cuda:0')	1.828782348842775
214353.1706005273	2000.0	1732.1598453526547	0.0	0	0.0	2085.3304458798957	1	0	tensor(3, device='cuda:0')	1.828782348842775
215200.0	2000.0	1885.3304458799516	0.0	0	101.1221353673609	2085.3304458798666	1	0	tensor(3, device='cuda:0')	1.8287823488427772
216200.0	2000.0	1885.3304458799885	0.0	0	17.669953283766517	2085.3304458798957	1	0	tensor(3, device='cuda:0')	1.828782348842775
217200.0	2000.0	1885.3304458799998	0.0	0	188.92231041242485	2085.3304458798957	1	0	tensor(3, device='cuda:0')	1.828782348842775
218200.0	2000.0	1885.3304458799862	0.0	0	147.6783139410545	2085.3304458798957	1	0	tensor(3, device='cuda:0')	1.828782348842775
219200.0	2000.0	1885.3304458799905	0.0	0	165.3447114804003	2085.3304458798957	1	0	tensor(3, device='cuda:0')	1.828782348842775
220349.7289524089	2000.0	1735.6014934710397	0.0	0	0.0	2085.3304458798957	1	0	tensor(3, device='cuda:0')	1.828782348842775
221200.0	2000.0	1885.3304458799548	0.0	0	198.41411149324267	2085.3304458798666	1	0	tensor(3, device='cuda:0')	1.8287823488427772
222200.0	2000.0	1885.330445879948	0.0	0	407.4863498582563	2085.3304458798666	1	0	tensor(3, device='cuda:0')	1.8287823488427772
223200.0	2000.0	1885.3304458799112	0.0	0	301.48360564018367	2085.3304458798666	1	0	tensor(3, device='cuda:0')	1.8287823488427772
224309.5114389409	2000.0	1775.8190069390046	0.0	0	0.0	2085.3304458798666	1	0	tensor(3, device='cuda:0')	1.8287823488427772
225200.0	2000.0	1885.330445879952	0.0	0	164.42872519613593	2085.3304458798666	1	0	tensor(3, device='cuda:0')	1.8287823488427772
226235.61001208462	2000.0	1849.7204337953365	0.0	0	0.0	2085.3304458798666	1	0	tensor(3, device='cuda:0')	1.8287823488427772
227200.0	2000.0	1885.3304458799646	0.0	0	112.99035933890264	2085.3304458798666	1	0	tensor(3, device='cuda:0')	1.8287823488427772
228200.0	2000.0	1885.3304458799366	0.0	0	253.0716956318065	2085.3304458798666	1	0	tensor(3, device='cuda:0')	1.8287823488427772
229332.93615016842	2000.0	1752.3942957115298	0.0	0	0.0	2085.3304458798666	1	0	tensor(3, device='cuda:0')	1.8287823488427772
230341.32738968224	2000.0	1744.0030561976876	0.0	0	0.0	2085.3304458798666	1	0	tensor(3, device='cuda:0')	1.8287823488427772
231575.8575553622	2000.0	1509.472890517734	0.0	0	0.0	2085.3304458798375	1	0	tensor(3, device='cuda:0')	1.8287823488427795
232939.29443191807	2000.0	1146.0360139618736	0.0	0	0.0	2085.3304458798375	1	0	tensor(3, device='cuda:0')	1.8287823488427795
234299.9025031825	2000.0	785.4279426974543	0.0	0	0.0	2085.3304458798375	1	0	tensor(3, device='cuda:0')	1.8287823488427795
234842.8025428875	500.0	1242.5279029924566	0.0	0	0.0	2085.3304458798375	1	0	tensor(3, device='cuda:0')	-0.9438063733970015
235200.0	500.0	1885.330445880003	0.0	0	89.45361079237773	2085.3304458798375	1	0	tensor(3, device='cuda:0')	0.44248798772288905
236752.85454788676	2000.0	1332.4758979932133	0.0	0	0.0	2085.3304458798375	1	0	tensor(3, device='cuda:0')	0.4424879877228889
237625.88929918304	2000.0	1459.441146696953	0.0	0	0.0	2085.3304458798084	1	0	tensor(3, device='cuda:0')	1.8287823488427817
238771.78110746905	2000.0	1313.5493384109645	0.0	0	0.0	2085.3304458798084	1	0	tensor(3, device='cuda:0')	1.8287823488427817
239529.77631131286	2000.0	1555.5541345671782	0.0	0	0.0	2085.3304458797793	1	0	tensor(3, device='cuda:0')	1.828782348842784
240791.2325907198	2000.0	1294.0978551602643	0.0	0	0.0	2085.3304458798084	1	0	tensor(3, device='cuda:0')	1.8287823488427817
241977.40167250475	2000.0	1107.9287733752967	0.0	0	0.0	2085.3304458798084	1	0	tensor(3, device='cuda:0')	1.8287823488427817
242820.26477892906	2000.0	1265.065666950972	0.0	0	0.0	2085.3304458798084	1	0	tensor(3, device='cuda:0')	1.8287823488427817
243920.88710275383	2000.0	1164.4433431262426	0.0	0	0.0	2085.3304458798084	1	0	tensor(3, device='cuda:0')	1.8287823488427817
244909.59813507655	2000.0	1175.7323108035177	0.0	0	0.0	2085.3304458798084	1	0	tensor(3, device='cuda:0')	1.8287823488427817
246775.4130265589	2000.0	309.9174193211679	0.0	0	0.0	2085.3304458798084	1	0	tensor(3, device='cuda:0')	1.8287823488427817
247159.67312649477	500.0	925.6573193852877	0.0	0	0.0	2085.3304458798084	1	0	tensor(3, device='cuda:0')	-0.9438063733969994
247589.65052219183	500.0	1495.6799236882193	0.0	0	0.0	2085.3304458797793	1	0	tensor(3, device='cuda:0')	0.4424879877228935
248200.0	500.0	1885.330445880043	0.0	0	277.6467067694175	2085.3304458797793	1	0	tensor(3, device='cuda:0')	0.4424879877228935
249303.2301614724	2000.0	1782.1002844076477	0.0	0	0.0	2085.3304458797793	1	0	tensor(3, device='cuda:0')	0.44248798772289333
250254.66016196116	2000.0	1830.6702839188679	0.0	0	0.0	2085.3304458797793	1	0	tensor(3, device='cuda:0')	1.828782348842784
251632.6418972765	2000.0	1452.6885486035171	0.0	0	0.0	2085.3304458797793	1	0	tensor(3, device='cuda:0')	1.828782348842784
252339.04260288156	2000.0	1746.28784299849	0.0	0	0.0	2085.3304458797793	1	0	tensor(3, device='cuda:0')	1.828782348842784
253200.0	2000.0	1885.3304458800328	0.0	0	36.83026501175482	2085.3304458797793	1	0	tensor(3, device='cuda:0')	1.828782348842784
254200.0	2000.0	1885.3304458800474	0.0	0	59.85134631310939	2085.3304458797793	1	0	tensor(3, device='cuda:0')	1.828782348842784
255282.07637227827	2000.0	1803.254073601784	0.0	0	0.0	2085.3304458797793	1	0	tensor(3, device='cuda:0')	1.828782348842784
256301.29169050916	2000.0	1784.0387553709072	0.0	0	0.0	2085.3304458797793	1	0	tensor(3, device='cuda:0')	1.828782348842784
257606.9461823929	2000.0	1478.3842634871844	0.0	0	0.0	2085.3304458797793	1	0	tensor(3, device='cuda:0')	1.828782348842784
258795.095555834	2000.0	1290.2348900460938	0.0	0	0.0	2085.3304458798084	1	0	tensor(3, device='cuda:0')	1.8287823488427817
259352.88988822902	2000.0	1732.4405576511022	0.0	0	0.0	2085.3304458798084	1	0	tensor(3, device='cuda:0')	1.8287823488427817
260200.0	2000.0	1885.3304458801201	0.0	0	127.84865830204217	2085.3304458798084	1	0	tensor(3, device='cuda:0')	1.8287823488427817
261200.0	2000.0	1885.3304458801147	0.0	0	151.80748055360164	2085.3304458798375	1	0	tensor(3, device='cuda:0')	1.8287823488427795
262347.2726601639	2000.0	1738.0577857162605	0.0	0	0.0	2085.3304458798666	1	0	tensor(3, device='cuda:0')	1.828782348842779
263306.2797075781	2000.0	1779.050738302043	0.0	0	0.0	2085.3304458798957	1	0	tensor(3, device='cuda:0')	1.8287823488427755
264200.0	2000.0	1885.33044588013	0.0	0	17.03242883022176	2085.3304458798375	1	0	tensor(3, device='cuda:0')	1.828782348842776
266067.09585467656	2000.0	1018.2345912035903	0.0	0	0.0	2085.3304458798375	1	0	tensor(3, device='cuda:0')	1.8287823488427795
266644.9992015154	500.0	1440.3312443646823	0.0	0	0.0	2085.3304458797793	1	0	tensor(3, device='cuda:0')	-0.943806373396997
267200.0	500.0	1885.3304458801474	0.0	0	158.36588415899314	2085.3304458797793	1	0	tensor(3, device='cuda:0')	0.4424879877228935
268455.1738908585	2000.0	1630.1565550216847	0.0	0	0.0	2085.3304458797793	1	0	tensor(3, device='cuda:0')	0.44248798772289333
270144.2740995688	2000.0	941.0563463114124	0.0	0	0.0	2085.3304458797793	1	0	tensor(3, device='cuda:0')	1.828782348842784
271087.5915858702	2000.0	997.7388600099866	0.0	0	0.0	2085.3304458797793	1	0	tensor(3, device='cuda:0')	1.828782348842784
272087.34226039087	2000.0	997.9881854893679	0.0	0	0.0	2085.3304458798375	1	0	tensor(3, device='cuda:0')	1.8287823488427795
272969.9689412153	2000.0	1115.3615046649231	0.0	0	0.0	2085.3304458798375	1	0	tensor(3, device='cuda:0')	1.8287823488427795
273803.5949081633	2000.0	1281.7355377169372	0.0	0	0.0	2085.3304458798375	1	0	tensor(3, device='cuda:0')	1.8287823488427795
274862.9540607194	2000.0	1222.3763851608	0.0	0	0.0	2085.3304458798375	1	0	tensor(3, device='cuda:0')	1.8287823488427795
275748.80439799174	2000.0	1336.5260478885014	0.0	0	0.0	2085.3304458798957	1	0	tensor(3, device='cuda:0')	1.828782348842775
276943.1112035583	2000.0	1142.2192423219599	0.0	0	0.0	2085.3304458798957	1	0	tensor(3, device='cuda:0')	1.828782348842775
277551.46862415917	2000.0	1533.8618217211035	0.0	0	0.0	2085.330445879954	1	0	tensor(3, device='cuda:0')	1.8287823488427706
278518.4631334899	2000.0	1566.8673123903404	0.0	0	0.0	2085.3304458798957	1	0	tensor(3, device='cuda:0')	1.828782348842775
280095.19072744093	2000.0	990.1397184392679	0.0	0	0.0	2085.3304458798957	1	0	tensor(3, device='cuda:0')	1.828782348842775
281146.5841477697	2000.0	938.74629811048	0.0	0	0.0	2085.3304458798957	1	0	tensor(3, device='cuda:0')	1.828782348842775
281561.8641312843	500.0	1523.4663145959682	0.0	0	0.0	2085.3304458798957	1	0	tensor(3, device='cuda:0')	-0.943806373397006
282200.0	500.0	1885.330445880213	0.0	0	87.24062542541651	2085.3304458798957	1	0	tensor(3, device='cuda:0')	0.44248798772288456
283200.0	500.0	1885.3304458802459	0.0	0	648.4719912596047	2085.3304458798957	1	0	tensor(3, device='cuda:0')	0.44248798772288456
284200.0	500.0	1885.3304458802013	0.0	0	631.9930392149254	2085.330445879954	1	0	tensor(3, device='cuda:0')	0.4424879877228801
285200.0	2000.0	1885.3304458802372	0.0	0	0.6170533245895058	2085.330445879954	1	0	tensor(3, device='cuda:0')	0.44248798772288
286200.0	2000.0	1885.3304458802095	0.0	0	311.7129011625075	2085.330445879954	1	0	tensor(3, device='cuda:0')	1.8287823488427706
287257.1169147148	2000.0	1828.2135311653176	0.0	0	0.0	2085.330445879954	1	0	tensor(3, device='cuda:0')	1.8287823488427706
288200.0	2000.0	1885.3304458800376	0.0	0	302.9245245148195	2085.3304458798957	1	0	tensor(3, device='cuda:0')	1.828782348842775
289200.0	2000.0	1885.3304458800183	0.0	0	242.17304340546252	2085.3304458798957	1	0	tensor(3, device='cuda:0')	1.828782348842775
290389.6878505313	2000.0	1695.64259534875	0.0	0	0.0	2085.3304458798957	1	0	tensor(3, device='cuda:0')	1.828782348842775
292385.505787156	2000.0	699.8246587240249	0.0	0	0.0	2085.3304458798957	1	0	tensor(3, device='cuda:0')	1.828782348842775
292848.64498101175	500.0	1236.685464868226	0.0	0	0.0	2085.3304458798957	1	0	tensor(3, device='cuda:0')	-0.943806373397006
293206.19939546223	500.0	1879.1310504177588	0.0	0	0.0	2085.3304458798957	1	0	tensor(3, device='cuda:0')	0.44248798772288456
294289.59909019107	2000.0	1795.731355688979	0.0	0	0.0	2085.3304458798957	1	0	tensor(3, device='cuda:0')	0.44248798772288445
295348.19200572016	2000.0	1737.1384401599162	0.0	0	0.0	2085.3304458798957	1	0	tensor(3, device='cuda:0')	1.828782348842775
296266.13453647634	2000.0	1819.1959094037538	0.0	0	0.0	2085.3304458798957	1	0	tensor(3, device='cuda:0')	1.828782348842775
297600.994183183	2000.0	1484.336262697097	0.0	0	0.0	2085.330445879954	1	0	tensor(3, device='cuda:0')	1.8287823488427706
298950.06835248356	2000.0	1135.2620933965102	0.0	0	0.0	2085.330445879954	1	0	tensor(3, device='cuda:0')	1.8287823488427706
300378.93748062453	2000.0	706.3929652555901	0.0	0	0.0	2085.330445879954	1	0	tensor(3, device='cuda:0')	1.8287823488427706
300703.6126704816	500.0	1381.7177753984847	0.0	0	0.0	2085.330445880012	1	0	tensor(3, device='cuda:0')	-0.9438063733970149
301593.1686026524	2000.0	1492.161843227716	0.0	0	0.0	2085.330445880012	1	0	tensor(3, device='cuda:0')	0.44248798772287556
302814.3707054144	2000.0	1270.9597404656583	0.0	0	0.0	2085.330445879954	1	0	tensor(3, device='cuda:0')	1.8287823488427706
303808.67285132705	2000.0	1276.6575945530299	0.0	0	0.0	2085.330445879954	1	0	tensor(3, device='cuda:0')	1.8287823488427706
304498.0579895659	2000.0	1587.2724563141712	0.0	0	0.0	2085.330445879954	1	0	tensor(3, device='cuda:0')	1.8287823488427706
305382.32558650075	2000.0	1703.0048593793085	0.0	0	0.0	2085.330445879954	1	0	tensor(3, device='cuda:0')	1.8287823488427706
306454.1375262423	2000.0	1631.1929196377382	0.0	0	0.0	2085.3304458798957	1	0	tensor(3, device='cuda:0')	1.828782348842775
307200.0	2000.0	1885.3304458800442	0.0	0	37.11946526449174	2085.3304458798957	1	0	tensor(3, device='cuda:0')	1.828782348842775
308200.0	2000.0	1885.3304458800897	0.0	0	347.31517956085736	2085.3304458798957	1	0	tensor(3, device='cuda:0')	1.828782348842775
309200.0	2000.0	1885.3304458800908	0.0	0	236.15139251149958	2085.3304458798375	1	0	tensor(3, device='cuda:0')	1.8287823488427795
1.75	1.3	1.12	1.76	3.17	2.35	2.47	1.91	2.2	1.77	2.35	1.77	3.96	4.33	3.49	3.1	2.77	3.13	2.88	2.11	2.57	1.36	3.45	3.43	2.76	2.63	2.63	3.5	1.82	2.18	1.27	2.24	1.18	1.25	1.51	1.76	1.98	2.13	2.95	2.06	2.72	3.13	1.37	0.892	2.31	3.02	2.07	3.01	4.3	2.36	2.32	2.53	1.51	1.03	1.82	2.77	3.13	1.69	1.76	3.04	1.92	1.19	2.09	1.41	1.63	0.811	0.799	1.29	2.1	3.49	2.22	1.78	2.12	1.52	2.07	2.97	1.93	1.88	2.8	3.29	3.05	3.24	2.26	3.32	3.95	1.27	2.28	2.9	2.14	1.74	1.42	2.2	3.02	2.12	1.77	2.42	2.55	1.84	2.42	2.48	1.47	2.47	2.21	2.65	3.2	2.22	1.69	2.62	2.06	3.22	3.73	1.8	1.91	1.01	1.17	2.36	3.42	3.05	2.31	2.35	1.54	2.31	1.88	2.21	1.97	2.14	1.52	1.98	1.38	1.82	1.83	1.87	2.11	1.78	2.05	2.36	2.59	2.61	1.82	2.39	2.94	1.61	2.72	1.8	1.4	3.21	2.73	1.56	1.19	1.19	1.37	1.9	2.88	1.88	1.78	2.04	2.41	2.62	0.904	1.99	1.76	2.57	2.77	2.85	2.55	2.49	1.36	1.38	2.0	1.96	0.857	0.591	1.84	3.07	2.97	2.5	4.44	3.75	3.52	2.02	1.68	1.17	1.03	1.44	3.13	3.38	0.996	1.25	2.34	3.57	4.0	2.56	2.39	2.12	1.98	2.75	2.68	2.26	1.6	1.88	2.44	1.95	2.8	2.64	2.29	3.34	2.49	2.14	1.26	2.59	2.79	2.5	1.93	2.99	2.05	2.42	2.94	1.78	1.64	1.55	1.37	1.39	1.54	0.892	1.73	1.42	1.96	1.25	2.27	1.63	1.47	2.15	2.44	2.97	1.36	0.846	1.24	1.89	2.21	1.81	1.82	2.15	2.54	1.85	1.99	1.29	1.24	1.62	2.68	2.73	2.05	0.834	2.14	1.76	0.996	0.973	1.99	1.51	0.822	2.61	2.39	2.54	2.61	1.4	1.76	1.54	3.07	1.92	1.4	1.84	1.59	1.15	1.33	1.64	2.24	2.56	2.41	2.46	1.95	1.22	1.29	1.31	1.92	1.68	1.98	1.89	1.54	1.34	1.51	1.84	2.13	2.13	1.81	2.79	2.09	2.8	2.78	2.63	1.31	1.85	1.64
520.0	521.0	522.0	523.0	524.0	525.0	526.0	527.0	528.0	529.0	530.0	531.0	532.0	533.0	534.0	535.0	536.0	537.0	538.0	539.0	540.0	541.0	542.0	543.0	544.0	545.0	546.0	547.0	548.0	549.0	550.0	551.0	552.0	553.0	554.0	555.0	556.0	557.0	558.0	559.0	560.0	561.0	562.0	563.0	564.0	565.0	566.0	567.0	568.0	569.0	570.0	571.0	572.0	573.0	574.0	575.0	576.0	577.0	578.0	579.0	580.0	581.0	582.0	583.0	584.0	585.0	586.0	587.0	588.0	589.0	590.0	591.0	592.0	593.0	594.0	595.0	596.0	597.0	598.0	599.0	600.0	601.0	602.0	603.0	604.0	605.0	606.0	607.0	608.0	609.0	610.0	611.0	612.0	613.0	614.0	615.0	616.0	617.0	618.0	619.0	620.0	621.0	622.0	623.0	624.0	625.0	626.0	627.0	628.0	629.0	630.0	631.0	632.0	633.0	634.0	635.0	636.0	637.0	638.0	639.0	640.0	641.0	642.0	643.0	644.0	645.0	646.0	647.0	648.0	649.0	650.0	651.0	652.0	653.0	654.0	655.0	656.0	657.0	658.0	659.0	660.0	661.0	662.0	663.0	664.0	665.0	666.0	667.0	668.0	669.0	670.0	671.0	672.0	673.0	674.0	675.0	676.0	677.0	678.0	679.0	680.0	681.0	682.0	683.0	684.0	685.0	686.0	687.0	688.0	689.0	690.0	691.0	692.0	693.0	694.0	695.0	696.0	697.0	698.0	699.0	700.0	701.0	702.0	703.0	704.0	705.0	706.0	707.0	708.0	709.0	710.0	711.0	712.0	713.0	714.0	715.0	716.0	717.0	718.0	719.0	720.0	721.0	722.0	723.0	724.0	725.0	726.0	727.0	728.0	729.0	730.0	731.0	732.0	733.0	734.0	735.0	736.0	737.0	738.0	739.0	740.0	741.0	742.0	743.0	744.0	745.0	746.0	747.0	748.0	749.0	750.0	751.0	752.0	753.0	754.0	755.0	756.0	757.0	758.0	759.0	760.0	761.0	762.0	763.0	764.0	765.0	766.0	767.0	768.0	769.0	770.0	771.0	772.0	773.0	774.0	775.0	776.0	777.0	778.0	779.0	780.0	781.0	782.0	783.0	784.0	785.0	786.0	787.0	788.0	789.0	790.0	791.0	792.0	793.0	794.0	795.0	796.0	797.0	798.0	799.0	800.0	801.0	802.0	803.0	804.0	805.0	806.0	807.0	808.0	809.0	810.0	811.0	812.0	813.0	814.0	815.0	816.0	817.0	818.0	819.0	820.0
10337.0
