4600.631301167506	500.0	2000.0	129.10312148549835	0	0.0	4600.631301167506	1	0	0.9	-1.7418649380995384
6200.0	2000.0	1400.6000000000001	0.0	0	452.3812124524211	1600.6000000000004	1	0	1.0	-8.727826387169994
7200.0	3000.0	1400.6000000000006	0.0	0	121.27681478653176	1600.6000000000004	1	0	1.0	1.8584679739498957
8200.0	3000.0	1400.6000000000001	0.0	0	246.98473226456645	1600.6000000000004	1	0	1.0	2.26393308205806
9660.199986752425	3000.0	940.400013247574	0.0	0	0.0	1600.5999999999995	1	0	1.0	2.26393308205806
10591.109055806031	3000.0	1009.4909441939664	0.0	0	0.0	1600.5999999999985	1	0	1.0	2.2639330820580605
11200.0	3000.0	1400.599999999997	0.0	0	60.450486596624614	1600.5999999999985	1	0	1.0	2.2639330820580605
12200.0	3000.0	1400.599999999997	0.0	0	418.96113414844694	1600.5999999999967	1	0	1.0	2.2639330820580605
13229.478235875751	3000.0	1371.1217641242451	0.0	0	0.0	1600.5999999999967	1	0	1.0	2.2639330820580605
14225.151632986406	3000.0	1375.44836701359	0.0	0	0.0	1600.5999999999967	1	0	1.0	2.2639330820580605
15200.0	3000.0	1400.5999999999972	0.0	0	196.5668969502658	1600.599999999995	1	0	1.0	2.2639330820580605
16200.0	3000.0	1400.5999999999967	0.0	0	58.503048700769796	1600.599999999995	1	0	1.0	2.2639330820580605
17200.0	3000.0	1400.5999999999988	0.0	0	234.49779288832724	1600.5999999999967	1	0	1.0	2.2639330820580605
18200.0	3000.0	1400.5999999999988	0.0	0	280.17167358433653	1600.5999999999985	1	0	1.0	2.2639330820580605
19200.0	3000.0	1400.5999999999976	0.0	0	399.8815387636132	1600.6000000000022	1	0	1.0	2.26393308205806
20200.0	3000.0	1400.5999999999974	0.0	0	484.5938214842463	1600.5999999999985	1	0	1.0	2.2639330820580605
21200.0	3000.0	1400.6000000000008	0.0	0	341.2718726362691	1600.5999999999985	1	0	1.0	2.2639330820580605
22200.0	3000.0	1400.6000000000035	0.0	0	392.04071461666535	1600.599999999995	1	0	1.0	2.2639330820580605
23200.0	3000.0	1400.6000000000058	0.0	0	281.6491862116418	1600.599999999995	1	0	1.0	2.2639330820580605
24200.0	3000.0	1400.6000000000065	0.0	0	42.52785408763884	1600.599999999995	1	0	1.0	2.2639330820580605
25200.0	3000.0	1400.6000000000045	0.0	0	209.769315898895	1600.5999999999913	1	0	1.0	2.263933082058061
26200.0	3000.0	1400.6000000000013	0.0	0	262.67579277749246	1600.5999999999913	1	0	1.0	2.263933082058061
27200.0	3000.0	1400.5999999999985	0.0	0	326.6626415833489	1600.5999999999913	1	0	1.0	2.263933082058061
28200.0	3000.0	1400.5999999999972	0.0	0	74.05804354055363	1600.599999999995	1	0	1.0	2.2639330820580605
29200.0	3000.0	1400.5999999999988	0.0	0	453.6799260154112	1600.599999999995	1	0	1.0	2.2639330820580605
30200.0	3000.0	1400.6000000000045	0.0	0	466.6431743761823	1600.5999999999985	1	0	1.0	2.2639330820580605
31550.281570143703	3000.0	1050.318429856302	0.0	0	0.0	1600.5999999999985	1	0	1.0	2.2639330820580605
32487.431594399044	3000.0	1113.1684056009622	0.0	0	0.0	1600.5999999999985	1	0	1.0	2.2639330820580605
33905.25993450011	3000.0	695.3400654999082	0.0	0	0.0	1600.6000000000058	1	0	1.0	2.2639330820580605
34724.91110425812	2000.0	875.688895741895	0.0	0	0.0	1600.6000000000058	1	0	1.0	1.4530028658417307
35422.99599318067	3000.0	1177.6040068193397	0.0	0	0.0	1600.6000000000058	1	0	1.0	1.8584679739498955
36200.0	3000.0	1400.600000000011	0.0	0	120.050185628701	1600.6000000000058	1	0	1.0	2.26393308205806
37310.703546503384	3000.0	1289.8964534966246	0.0	0	0.0	1600.600000000013	1	0	1.0	2.2639330820580597
38200.0	3000.0	1400.600000000006	0.0	0	207.51360011041106	1600.600000000013	1	0	1.0	2.2639330820580597
39200.0	3000.0	1400.600000000002	0.0	0	280.3583381556091	1600.6000000000058	1	0	1.0	2.26393308205806
40200.0	3000.0	1400.5999999999956	0.0	0	289.82602598723315	1600.6000000000058	1	0	1.0	2.26393308205806
41200.0	3000.0	1400.599999999987	0.0	0	377.9973742025759	1600.6000000000058	1	0	1.0	2.26393308205806
42235.50551950655	3000.0	1365.0944804934363	0.0	0	0.0	1600.6000000000058	1	0	1.0	2.26393308205806
43277.45445497208	3000.0	1323.1455450279034	0.0	0	0.0	1600.6000000000058	1	0	1.0	2.26393308205806
44404.91521313012	3000.0	1195.6847868698546	0.0	0	0.0	1600.6000000000058	1	0	1.0	2.26393308205806
45200.0	3000.0	1400.5999999999765	0.0	0	28.00779922876245	1600.6000000000058	1	0	1.0	2.26393308205806
46200.0	3000.0	1400.599999999984	0.0	0	395.7332067534662	1600.6000000000058	1	0	1.0	2.26393308205806
47200.0	3000.0	1400.5999999999806	0.0	0	480.97231458198075	1600.6000000000058	1	0	1.0	2.26393308205806
48200.0	3000.0	1400.5999999999826	0.0	0	235.0193955885552	1600.6000000000058	1	0	1.0	2.26393308205806
49200.0	3000.0	1400.5999999999835	0.0	0	101.59355067662545	1600.6000000000058	1	0	1.0	2.26393308205806
50200.0	3000.0	1400.5999999999856	0.0	0	489.2372742819134	1600.6000000000058	1	0	1.0	2.26393308205806
51200.0	3000.0	1400.5999999999847	0.0	0	589.8030358434626	1600.6000000000058	1	0	1.0	2.26393308205806
52200.0	3000.0	1400.5999999999756	0.0	0	203.88567712708027	1600.6000000000058	1	0	1.0	2.26393308205806
53200.0	3000.0	1400.5999999999744	0.0	0	45.935541120117705	1600.6000000000058	1	0	1.0	2.26393308205806
54200.0	3000.0	1400.599999999971	0.0	0	117.16914310717402	1600.6000000000058	1	0	1.0	2.26393308205806
55200.0	3000.0	1400.5999999999756	0.0	0	169.2558948906153	1600.6000000000058	1	0	1.0	2.26393308205806
56200.0	3000.0	1400.599999999982	0.0	0	496.97693870913645	1600.6000000000058	1	0	1.0	2.26393308205806
57200.0	3000.0	1400.5999999999763	0.0	0	95.47952141943097	1600.6000000000058	1	0	1.0	2.26393308205806
58200.0	3000.0	1400.5999999999826	0.0	0	430.81847201726487	1600.6000000000058	1	0	1.0	2.26393308205806
59200.0	3000.0	1400.5999999999804	0.0	0	408.96139312504965	1600.6000000000058	1	0	1.0	2.26393308205806
60200.0	3000.0	1400.59999999998	0.0	0	338.2816731684361	1600.6000000000058	1	0	1.0	2.26393308205806
61200.0	3000.0	1400.5999999999774	0.0	0	337.82374078099383	1600.6000000000058	1	0	1.0	2.26393308205806
62200.0	3000.0	1400.5999999999776	0.0	0	273.3169511991364	1600.600000000013	1	0	1.0	2.2639330820580597
63200.0	3000.0	1400.5999999999742	0.0	0	672.8292393594747	1600.6000000000058	1	0	1.0	2.26393308205806
64200.0	3000.0	1400.5999999999754	0.0	0	685.9035443137836	1600.6000000000058	1	0	1.0	2.26393308205806
65200.0	3000.0	1400.599999999974	0.0	0	525.1921237479255	1600.600000000013	1	0	1.0	2.2639330820580597
66200.0	3000.0	1400.599999999989	0.0	0	127.06884496136627	1600.6000000000276	1	0	1.0	2.263933082058059
67200.0	3000.0	1400.5999999999842	0.0	0	597.5038795457076	1600.600000000035	1	0	1.0	2.263933082058059
68200.0	3000.0	1400.5999999999858	0.0	0	558.53618501233	1600.600000000035	1	0	1.0	2.2639330820580588
69200.0	3000.0	1400.5999999999995	0.0	0	207.7884146869328	1600.600000000035	1	0	1.0	2.2639330820580588
70200.0	3000.0	1400.5999999999856	0.0	0	224.71892979454424	1600.600000000035	1	0	1.0	2.2639330820580588
71200.0	3000.0	1400.599999999976	0.0	0	420.0317116368824	1600.600000000035	1	0	1.0	2.2639330820580588
72200.0	3000.0	1400.5999999999813	0.0	0	608.3440307430137	1600.600000000035	1	0	1.0	2.2639330820580588
73200.0	3000.0	1400.5999999999935	0.0	0	213.02994080385542	1600.6000000000495	1	0	1.0	2.263933082058058
74200.0	3000.0	1400.5999999999835	0.0	0	438.7196051057399	1600.6000000000495	1	0	1.0	2.263933082058058
75200.0	3000.0	1400.5999999999735	0.0	0	214.5091305936221	1600.6000000000495	1	0	1.0	2.263933082058058
76290.17155403424	3000.0	1310.4284459657354	0.0	0	0.0	1600.6000000000495	1	0	1.0	2.263933082058058
77200.0	3000.0	1400.5999999999829	0.0	0	323.7725507663854	1600.6000000000495	1	0	1.0	2.263933082058058
78200.0	3000.0	1400.6000000000001	0.0	0	532.469820392871	1600.6000000000495	1	0	1.0	2.263933082058058
79200.0	3000.0	1400.6000000000006	0.0	0	654.71239617838	1600.6000000000495	1	0	1.0	2.263933082058058
80200.0	3000.0	1400.5999999999854	0.0	0	503.57854269199015	1600.600000000035	1	0	1.0	2.2639330820580588
81200.0	3000.0	1400.5999999999694	0.0	0	383.96497641829774	1600.600000000035	1	0	1.0	2.2639330820580588
82200.0	3000.0	1400.5999999999729	0.0	0	296.89790533451014	1600.600000000035	1	0	1.0	2.2639330820580588
83200.0	3000.0	1400.5999999999901	0.0	0	459.7911868480296	1600.6000000000495	1	0	1.0	2.263933082058058
84200.0	3000.0	1400.5999999999838	0.0	0	167.71173166653898	1600.6000000000495	1	0	1.0	2.263933082058058
85200.0	3000.0	1400.5999999999785	0.0	0	336.2285667804972	1600.6000000000495	1	0	1.0	2.263933082058058
86200.0	3000.0	1400.5999999999863	0.0	0	520.850700290568	1600.6000000000495	1	0	1.0	2.263933082058058
87200.0	3000.0	1400.5999999999908	0.0	0	137.79466269462137	1600.6000000000495	1	0	1.0	2.263933082058058
88228.07374506429	3000.0	1372.526254935686	0.0	0	0.0	1600.600000000064	1	0	1.0	2.263933082058057
89200.0	3000.0	1400.5999999999733	0.0	0	381.676286005124	1600.600000000064	1	0	1.0	2.263933082058057
90200.0	3000.0	1400.5999999999833	0.0	0	506.07999026204925	1600.600000000064	1	0	1.0	2.263933082058057
91200.0	3000.0	1400.5999999999922	0.0	0	491.7604477573768	1600.600000000064	1	0	1.0	2.263933082058057
92200.0	3000.0	1400.5999999999767	0.0	0	661.8652938786108	1600.600000000064	1	0	1.0	2.263933082058057
93200.0	3000.0	1400.5999999999597	0.0	0	675.1136488220363	1600.6000000000495	1	0	1.0	2.263933082058058
94200.0	3000.0	1400.5999999999617	0.0	0	302.99751824083796	1600.6000000000495	1	0	1.0	2.263933082058058
95200.0	3000.0	1400.5999999999704	0.0	0	545.5390017736208	1600.600000000035	1	0	1.0	2.2639330820580588
96200.0	3000.0	1400.5999999999733	0.0	0	316.7191497911408	1600.6000000000495	1	0	1.0	2.263933082058058
97200.0	3000.0	1400.5999999999647	0.0	0	486.05017367009714	1600.600000000064	1	0	1.0	2.263933082058057
98200.0	3000.0	1400.5999999999613	0.0	0	47.927450569171924	1600.6000000000495	1	0	1.0	2.263933082058058
99200.0	3000.0	1400.5999999999742	0.0	0	460.2220543127478	1600.6000000000495	1	0	1.0	2.263933082058058
100200.0	3000.0	1400.5999999999808	0.0	0	196.873455222114	1600.6000000000495	1	0	1.0	2.263933082058058
101291.24310336361	3000.0	1309.3568966363807	0.0	0	0.0	1600.600000000064	1	0	1.0	2.263933082058057
102200.0	3000.0	1400.5999999999801	0.0	0	101.26982552881236	1600.6000000000786	1	0	1.0	2.2639330820580565
103200.0	3000.0	1400.599999999989	0.0	0	367.4422046114196	1600.6000000000931	1	0	1.0	2.2639330820580557
104200.0	3000.0	1400.5999999999929	0.0	0	392.49848659669806	1600.6000000000931	1	0	1.0	2.2639330820580557
105200.0	3000.0	1400.5999999999624	0.0	0	496.05271212768275	1600.6000000000786	1	0	1.0	2.2639330820580565
106200.0	3000.0	1400.5999999999744	0.0	0	313.33462337678066	1600.6000000000786	1	0	1.0	2.2639330820580565
107200.0	3000.0	1400.5999999999751	0.0	0	96.80923421957414	1600.600000000064	1	0	1.0	2.263933082058057
108200.0	3000.0	1400.599999999972	0.0	0	54.93297943210928	1600.600000000064	1	0	1.0	2.263933082058057
109200.0	3000.0	1400.5999999999872	0.0	0	205.4390674480237	1600.6000000000786	1	0	1.0	2.2639330820580565
110200.0	3000.0	1400.599999999976	0.0	0	536.1371018186182	1600.6000000000786	1	0	1.0	2.2639330820580565
111200.0	3000.0	1400.599999999972	0.0	0	453.6464462616714	1600.6000000000786	1	0	1.0	2.2639330820580565
112248.8447632848	3000.0	1351.7552367151698	0.0	0	0.0	1600.6000000000786	1	0	1.0	2.2639330820580565
113200.0	3000.0	1400.59999999997	0.0	0	22.249515848438023	1600.6000000000786	1	0	1.0	2.2639330820580565
114200.0	3000.0	1400.5999999999642	0.0	0	362.90378020518983	1600.6000000000786	1	0	1.0	2.2639330820580565
115200.0	3000.0	1400.599999999963	0.0	0	349.1023993978597	1600.600000000064	1	0	1.0	2.263933082058057
116200.0	3000.0	1400.5999999999756	0.0	0	661.8025400084443	1600.6000000000786	1	0	1.0	2.2639330820580565
117200.0	3000.0	1400.5999999999735	0.0	0	547.6300926257536	1600.6000000000786	1	0	1.0	2.2639330820580565
118200.0	3000.0	1400.5999999999797	0.0	0	175.07430502328498	1600.6000000000786	1	0	1.0	2.2639330820580565
119306.231972689	3000.0	1294.3680273109776	0.0	0	0.0	1600.600000000064	1	0	1.0	2.263933082058057
120200.0	3000.0	1400.5999999999608	0.0	0	171.64590961899376	1600.6000000000495	1	0	1.0	2.263933082058058
121200.0	3000.0	1400.5999999999783	0.0	0	450.34736419052933	1600.6000000000495	1	0	1.0	2.263933082058058
122200.0	3000.0	1400.5999999999715	0.0	0	521.2468035840138	1600.6000000000495	1	0	1.0	2.263933082058058
123200.0	3000.0	1400.5999999999788	0.0	0	338.9465184149594	1600.600000000064	1	0	1.0	2.263933082058057
124404.84848487593	3000.0	1195.7515151240625	0.0	0	0.0	1600.600000000064	1	0	1.0	2.263933082058057
125200.0	3000.0	1400.5999999999683	0.0	0	15.522039683157345	1600.600000000064	1	0	1.0	2.263933082058057
126200.0	3000.0	1400.5999999999606	0.0	0	139.91364218202943	1600.600000000064	1	0	1.0	2.263933082058057
127200.0	3000.0	1400.5999999999685	0.0	0	290.6252386936103	1600.600000000064	1	0	1.0	2.263933082058057
128406.25323677021	3000.0	1194.3467632297516	0.0	0	0.0	1600.6000000000495	1	0	1.0	2.263933082058058
129200.0	3000.0	1400.5999999999522	0.0	0	16.489117534452816	1600.600000000035	1	0	1.0	2.2639330820580588
130200.0	3000.0	1400.5999999999578	0.0	0	172.95078878980712	1600.6000000000495	1	0	1.0	2.263933082058058
131638.02932947484	3000.0	962.5706705250861	0.0	0	0.0	1600.600000000035	1	0	1.0	2.263933082058058
132755.1565038197	3000.0	845.4434961802197	0.0	0	0.0	1600.600000000035	1	0	1.0	2.2639330820580588
133403.35224245884	3000.0	1197.2477575410703	0.0	0	0.0	1600.600000000035	1	0	1.0	2.2639330820580588
134200.0	3000.0	1400.5999999999135	0.0	0	6.653298745310167	1600.600000000035	1	0	1.0	2.2639330820580588
135200.0	3000.0	1400.5999999998744	0.0	0	57.21640669356566	1600.600000000035	1	0	1.0	2.2639330820580588
136277.8017270677	3000.0	1322.7982729321789	0.0	0	0.0	1600.600000000035	1	0	1.0	2.263933082058058
137284.03280981735	3000.0	1316.5671901825601	0.0	0	0.0	1600.600000000035	1	0	1.0	2.2639330820580588
138200.0	3000.0	1400.59999999991	0.0	0	67.32436931808479	1600.600000000035	1	0	1.0	2.2639330820580588
139200.0	3000.0	1400.599999999923	0.0	0	27.14423243512283	1600.600000000035	1	0	1.0	2.2639330820580588
140200.0	3000.0	1400.5999999999362	0.0	0	562.9593479446194	1600.600000000035	1	0	1.0	2.2639330820580588
141200.0	3000.0	1400.5999999999403	0.0	0	560.2346830065944	1600.600000000064	1	0	1.0	2.263933082058057
142200.0	3000.0	1400.5999999999503	0.0	0	560.4308285636071	1600.6000000000931	1	0	1.0	2.2639330820580557
143200.0	3000.0	1400.5999999999233	0.0	0	708.6215576346149	1600.6000000000931	1	0	1.0	2.2639330820580557
144200.0	3000.0	1400.5999999999237	0.0	0	453.6969522004656	1600.6000000000931	1	0	1.0	2.2639330820580557
145200.0	3000.0	1400.5999999998917	0.0	0	435.8845934676938	1600.6000000000931	1	0	1.0	2.2639330820580557
146200.0	3000.0	1400.5999999998799	0.0	0	357.88539228134323	1600.6000000000931	1	0	1.0	2.2639330820580557
147200.0	3000.0	1400.5999999998833	0.0	0	409.80308688321384	1600.6000000000931	1	0	1.0	2.2639330820580557
148200.0	3000.0	1400.5999999998708	0.0	0	318.354344653053	1600.6000000000931	1	0	1.0	2.2639330820580557
149200.0	3000.0	1400.5999999998696	0.0	0	19.675758211844368	1600.6000000000931	1	0	1.0	2.2639330820580557
150200.0	3000.0	1400.5999999998758	0.0	0	4.92269343874068	1600.6000000000931	1	0	1.0	2.2639330820580557
151200.0	3000.0	1400.5999999998735	0.0	0	224.77645399374887	1600.6000000000931	1	0	1.0	2.2639330820580557
152200.0	3000.0	1400.5999999998794	0.0	0	303.4533448147413	1600.600000000064	1	0	1.0	2.263933082058057
153200.0	3000.0	1400.5999999998976	0.0	0	320.3944668575132	1600.6000000000931	1	0	1.0	2.2639330820580557
154200.0	3000.0	1400.5999999998733	0.0	0	283.03020251414273	1600.6000000000931	1	0	1.0	2.2639330820580557
155200.0	3000.0	1400.5999999998548	0.0	0	355.0173336660955	1600.6000000000931	1	0	1.0	2.2639330820580557
156200.0	3000.0	1400.5999999998521	0.0	0	24.169948542839848	1600.6000000000931	1	0	1.0	2.2639330820580557
157200.0	3000.0	1400.5999999998617	0.0	0	66.41568521235604	1600.6000000000931	1	0	1.0	2.2639330820580557
158622.46231750297	3000.0	978.1376824969143	0.0	0	0.0	1600.600000000064	1	0	1.0	2.263933082058057
159457.81127249202	3000.0	1142.7887275078863	0.0	0	0.0	1600.600000000064	1	0	1.0	2.263933082058057
160200.0	3000.0	1400.59999999992	0.0	0	152.18996633723145	1600.600000000064	1	0	1.0	2.263933082058057
161200.0	3000.0	1400.5999999999049	0.0	0	173.9668624702026	1600.600000000035	1	0	1.0	2.2639330820580588
162268.28219194128	3000.0	1332.3178080585951	0.0	0	0.0	1600.600000000035	1	0	1.0	2.2639330820580588
163497.37080101567	3000.0	1103.2291989841783	0.0	0	0.0	1600.6000000000058	1	0	1.0	2.26393308205806
164267.4281893143	3000.0	1333.171810685551	0.0	0	0.0	1600.6000000000058	1	0	1.0	2.26393308205806
165200.0	3000.0	1400.5999999998508	0.0	0	131.0632382100157	1600.5999999999767	1	0	1.0	2.2639330820580614
166200.0	3000.0	1400.599999999865	0.0	0	383.4101490524772	1600.5999999999767	1	0	1.0	2.2639330820580614
167200.0	3000.0	1400.5999999998674	0.0	0	407.73013143989374	1600.6000000000058	1	0	1.0	2.26393308205806
168200.0	3000.0	1400.5999999998417	0.0	0	323.836370991834	1600.5999999999767	1	0	1.0	2.2639330820580614
169200.0	3000.0	1400.5999999998496	0.0	0	421.5593506365549	1600.6000000000058	1	0	1.0	2.26393308205806
170200.0	3000.0	1400.5999999998653	0.0	0	380.28165184738464	1600.6000000000058	1	0	1.0	2.26393308205806
171200.0	3000.0	1400.5999999998423	0.0	0	86.86239100931562	1600.6000000000058	1	0	1.0	2.26393308205806
172305.12324410133	3000.0	1295.4767558985268	0.0	0	0.0	1600.6000000000058	1	0	1.0	2.26393308205806
173200.0	3000.0	1400.5999999998344	0.0	0	13.164614298031665	1600.5999999999476	1	0	1.0	2.2639330820580623
174211.28775736297	3000.0	1389.3122426368793	0.0	0	0.0	1600.5999999999476	1	0	1.0	2.2639330820580628
175286.8991992343	3000.0	1313.7008007655418	0.0	0	0.0	1600.5999999999185	1	0	1.0	2.2639330820580637
176200.0	3000.0	1400.5999999998346	0.0	0	126.20405901863705	1600.5999999999185	1	0	1.0	2.263933082058064
177200.0	3000.0	1400.599999999822	0.0	0	145.4854930578731	1600.5999999999185	1	0	1.0	2.263933082058064
178200.0	3000.0	1400.5999999998437	0.0	0	344.53415254782885	1600.5999999999185	1	0	1.0	2.263933082058064
179200.0	3000.0	1400.5999999998533	0.0	0	444.9294318576867	1600.5999999999185	1	0	1.0	2.263933082058064
180522.25889695119	3000.0	1078.3411030486427	0.0	0	0.0	1600.5999999998894	1	0	1.0	2.2639330820580654
181846.72225660217	3000.0	753.8777433976428	0.0	0	0.0	1600.5999999998894	1	0	1.0	2.2639330820580654
183020.27412364763	3000.0	580.3258763521906	0.0	0	0.0	1600.5999999999185	1	0	1.0	2.263933082058064
183884.22555544536	2000.0	716.3744445544785	0.0	0	0.0	1600.5999999999185	1	0	1.0	1.4530028658417349
184437.267221322	3000.0	1163.3327786778545	0.0	0	0.0	1600.5999999999476	1	0	1.0	1.8584679739498982
185200.0	3000.0	1400.599999999865	0.0	0	94.18939522842993	1600.5999999999476	1	0	1.0	2.2639330820580628
186200.0	3000.0	1400.5999999998494	0.0	0	123.31594691274222	1600.5999999999767	1	0	1.0	2.2639330820580614
187291.5538211197	3000.0	1309.0461788801244	0.0	0	0.0	1600.5999999999476	1	0	1.0	2.2639330820580623
188200.0	3000.0	1400.5999999998355	0.0	0	60.134930579777574	1600.5999999999185	1	0	1.0	2.263933082058064
189200.0	3000.0	1400.5999999998535	0.0	0	158.98713264110847	1600.5999999999185	1	0	1.0	2.263933082058064
190200.0	3000.0	1400.5999999998671	0.0	0	106.62039202207234	1600.5999999999185	1	0	1.0	2.263933082058064
191200.0	3000.0	1400.5999999998874	0.0	0	192.30061421456048	1600.5999999999185	1	0	1.0	2.263933082058064
192325.70640387136	3000.0	1274.8935961285456	0.0	0	0.0	1600.5999999999185	1	0	1.0	2.263933082058064
193459.43870521788	3000.0	1141.1612947820386	0.0	0	0.0	1600.5999999999185	1	0	1.0	2.263933082058064
194200.0	3000.0	1400.5999999999165	0.0	0	139.36208521857043	1600.5999999999185	1	0	1.0	2.263933082058064
195200.0	3000.0	1400.5999999998996	0.0	0	388.763950601191	1600.5999999999185	1	0	1.0	2.263933082058064
196200.0	3000.0	1400.5999999998562	0.0	0	525.9702369798906	1600.5999999998894	1	0	1.0	2.2639330820580654
197367.8637181154	3000.0	1232.7362818844722	0.0	0	0.0	1600.5999999998894	1	0	1.0	2.2639330820580654
198200.0	3000.0	1400.5999999998758	0.0	0	30.496422596508637	1600.5999999999185	1	0	1.0	2.2639330820580645
199200.0	3000.0	1400.5999999999042	0.0	0	577.6179233764124	1600.5999999999185	1	0	1.0	2.263933082058064
200200.0	3000.0	1400.5999999998935	0.0	0	531.0740624824539	1600.5999999999185	1	0	1.0	2.263933082058064
201597.1917156138	3000.0	1003.4082843860926	0.0	0	0.0	1600.5999999998894	1	0	1.0	2.2639330820580654
202765.3247622983	3000.0	835.2752377015843	0.0	0	0.0	1600.5999999998894	1	0	1.0	2.2639330820580654
203784.97684737467	3000.0	815.62315262518	0.0	0	0.0	1600.5999999998894	1	0	1.0	2.2639330820580654
204421.83391116164	3000.0	1178.7660888381765	0.0	0	0.0	1600.5999999998894	1	0	1.0	2.2639330820580654
205200.0	3000.0	1400.5999999998357	0.0	0	241.05466341643478	1600.5999999998603	1	0	1.0	2.2639330820580668
206200.0	3000.0	1400.5999999998514	0.0	0	294.0090965688287	1600.5999999998603	1	0	1.0	2.2639330820580668
207200.0	3000.0	1400.5999999998055	0.0	0	447.8964335382334	1600.5999999998603	1	0	1.0	2.2639330820580668
208200.0	3000.0	1400.59999999982	0.0	0	427.3244338873774	1600.5999999998603	1	0	1.0	2.2639330820580668
209200.0	3000.0	1400.599999999826	0.0	0	428.96882371162064	1600.5999999998603	1	0	1.0	2.2639330820580668
210200.0	3000.0	1400.5999999997814	0.0	0	205.27995381737128	1600.5999999998603	1	0	1.0	2.2639330820580668
211200.0	3000.0	1400.599999999773	0.0	0	420.57128269036184	1600.5999999998603	1	0	1.0	2.2639330820580668
212200.0	3000.0	1400.5999999997832	0.0	0	427.80719830610906	1600.5999999998894	1	0	1.0	2.2639330820580654
213200.0	3000.0	1400.5999999997723	0.0	0	731.8921305784606	1600.5999999998894	1	0	1.0	2.2639330820580654
214200.0	3000.0	1400.59999999976	0.0	0	421.2507191655459	1600.5999999998894	1	0	1.0	2.2639330820580654
215200.0	3000.0	1400.5999999997675	0.0	0	230.94287620822433	1600.5999999998894	1	0	1.0	2.2639330820580654
216200.0	3000.0	1400.5999999997696	0.0	0	604.0186298793124	1600.5999999998894	1	0	1.0	2.2639330820580654
217200.0	3000.0	1400.599999999787	0.0	0	367.3085938390286	1600.5999999998894	1	0	1.0	2.2639330820580654
218200.0	3000.0	1400.5999999997805	0.0	0	326.02972023768234	1600.5999999998894	1	0	1.0	2.2639330820580654
219200.0	3000.0	1400.5999999997928	0.0	0	397.45553607761394	1600.5999999999185	1	0	1.0	2.263933082058064
220200.0	3000.0	1400.5999999997637	0.0	0	326.46383417779	1600.5999999999185	1	0	1.0	2.263933082058064
221200.0	3000.0	1400.5999999997496	0.0	0	401.0219769470277	1600.5999999999476	1	0	1.0	2.2639330820580628
222200.0	3000.0	1400.5999999997805	0.0	0	306.75222077028593	1600.5999999999767	1	0	1.0	2.2639330820580614
223200.0	3000.0	1400.599999999804	0.0	0	472.2086108168005	1600.5999999999767	1	0	1.0	2.2639330820580614
224200.0	3000.0	1400.5999999997991	0.0	0	207.66038237157045	1600.5999999999767	1	0	1.0	2.2639330820580614
225205.0448434145	3000.0	1395.555156585292	0.0	0	0.0	1600.5999999999767	1	0	1.0	2.2639330820580614
226200.0	3000.0	1400.5999999997905	0.0	0	187.08686057885643	1600.5999999999476	1	0	1.0	2.2639330820580628
227200.0	3000.0	1400.599999999814	0.0	0	548.8129469326814	1600.5999999999767	1	0	1.0	2.2639330820580614
228200.0	3000.0	1400.5999999998162	0.0	0	580.939949732041	1600.5999999999767	1	0	1.0	2.2639330820580614
229200.0	3000.0	1400.5999999998162	0.0	0	638.1406107318762	1600.5999999999767	1	0	1.0	2.2639330820580614
230200.0	3000.0	1400.5999999998241	0.0	0	530.2624401960056	1600.6000000000058	1	0	1.0	2.26393308205806
231200.0	3000.0	1400.5999999998203	0.0	0	498.2671879513946	1600.6000000000058	1	0	1.0	2.26393308205806
232200.0	3000.0	1400.5999999998107	0.0	0	569.1661400672165	1600.6000000000058	1	0	1.0	2.26393308205806
233200.0	3000.0	1400.599999999803	0.0	0	122.6685140967893	1600.6000000000058	1	0	1.0	2.26393308205806
234200.0	3000.0	1400.5999999998087	0.0	0	587.1574958398705	1600.600000000035	1	0	1.0	2.2639330820580588
235200.0	3000.0	1400.599999999818	0.0	0	354.8904093099991	1600.6000000000058	1	0	1.0	2.26393308205806
236200.0	3000.0	1400.599999999825	0.0	0	51.36230433516903	1600.6000000000058	1	0	1.0	2.26393308205806
237200.0	3000.0	1400.5999999998407	0.0	0	207.65288481584867	1600.600000000035	1	0	1.0	2.2639330820580588
238200.0	3000.0	1400.5999999998553	0.0	0	376.0827582277125	1600.600000000064	1	0	1.0	2.263933082058057
239200.0	3000.0	1400.59999999985	0.0	0	335.59111179577303	1600.600000000064	1	0	1.0	2.263933082058057
240200.0	3000.0	1400.5999999998176	0.0	0	454.3462246930285	1600.600000000064	1	0	1.0	2.263933082058057
241200.0	3000.0	1400.5999999998128	0.0	0	646.0351118222461	1600.600000000064	1	0	1.0	2.263933082058057
242200.0	3000.0	1400.5999999998141	0.0	0	636.5236986781529	1600.6000000000931	1	0	1.0	2.2639330820580557
243200.0	3000.0	1400.5999999998305	0.0	0	527.2395993134705	1600.6000000000931	1	0	1.0	2.2639330820580557
244200.0	3000.0	1400.5999999998407	0.0	0	466.35013512786827	1600.600000000064	1	0	1.0	2.263933082058057
245200.0	3000.0	1400.5999999998653	0.0	0	518.1879987494904	1600.600000000064	1	0	1.0	2.263933082058057
246200.0	3000.0	1400.599999999856	0.0	0	516.0458618402772	1600.600000000064	1	0	1.0	2.263933082058057
247200.0	3000.0	1400.599999999903	0.0	0	68.93411855984596	1600.600000000064	1	0	1.0	2.263933082058057
248200.0	3000.0	1400.5999999999242	0.0	0	456.41470328654395	1600.600000000064	1	0	1.0	2.263933082058057
249200.0	3000.0	1400.599999999932	0.0	0	472.05339488579193	1600.600000000064	1	0	1.0	2.263933082058057
250200.0	3000.0	1400.5999999999397	0.0	0	89.85997558463714	1600.600000000064	1	0	1.0	2.263933082058057
251200.0	3000.0	1400.599999999913	0.0	0	203.54671124651213	1600.600000000064	1	0	1.0	2.263933082058057
252200.0	3000.0	1400.5999999999067	0.0	0	526.878005874547	1600.600000000064	1	0	1.0	2.263933082058057
253200.0	3000.0	1400.5999999999285	0.0	0	264.47122200156446	1600.600000000064	1	0	1.0	2.263933082058057
254200.0	3000.0	1400.5999999999242	0.0	0	319.02642918369384	1600.600000000064	1	0	1.0	2.263933082058057
255200.0	3000.0	1400.5999999999199	0.0	0	479.2598769988108	1600.600000000064	1	0	1.0	2.263933082058057
256200.0	3000.0	1400.5999999999074	0.0	0	339.8258109720773	1600.600000000064	1	0	1.0	2.263933082058057
257200.0	3000.0	1400.5999999998778	0.0	0	1.215918198635336	1600.600000000035	1	0	1.0	2.263933082058058
258200.0	3000.0	1400.5999999998812	0.0	0	235.2866815716552	1600.600000000035	1	0	1.0	2.2639330820580588
259200.0	3000.0	1400.5999999999028	0.0	0	483.6533007278049	1600.6000000000058	1	0	1.0	2.26393308205806
260200.0	3000.0	1400.5999999999117	0.0	0	286.66125604257104	1600.600000000035	1	0	1.0	2.2639330820580588
261225.9105849454	3000.0	1374.689415054507	0.0	0	0.0	1600.600000000035	1	0	1.0	2.2639330820580588
262200.0	3000.0	1400.5999999998983	0.0	0	365.1420709800732	1600.600000000035	1	0	1.0	2.2639330820580588
263200.0	3000.0	1400.5999999998598	0.0	0	381.3085854324745	1600.600000000035	1	0	1.0	2.2639330820580583
264200.0	3000.0	1400.5999999999271	0.0	0	343.7721118321642	1600.6000000000931	1	0	1.0	2.2639330820580565
265200.0	3000.0	1400.599999999854	0.0	0	675.1820523836068	1600.6000000000931	1	0	1.0	2.2639330820580557
266200.0	3000.0	1400.5999999998776	0.0	0	540.9748926801258	1600.6000000000931	1	0	1.0	2.2639330820580557
267200.0	3000.0	1400.5999999998123	0.0	0	55.67401467618765	1600.5999999999767	1	0	1.0	2.2639330820580597
268200.0	3000.0	1400.5999999998194	0.0	0	56.785764051019214	1600.5999999999767	1	0	1.0	2.2639330820580614
269200.0	3000.0	1400.5999999997593	0.0	0	20.9101764424704	1600.5999999999185	1	0	1.0	2.263933082058063
270200.0	3000.0	1400.599999999748	0.0	0	481.6784722006996	1600.5999999999185	1	0	1.0	2.263933082058064
271200.0	3000.0	1400.5999999997075	0.0	0	494.6070807525539	1600.5999999999185	1	0	1.0	2.263933082058064
272200.0	3000.0	1400.599999999723	0.0	0	358.7488194302423	1600.5999999999767	1	0	1.0	2.2639330820580614
273377.42200445593	3000.0	1223.1779955437912	0.0	0	0.0	1600.5999999999767	1	0	1.0	2.263933082058062
274200.0	3000.0	1400.599999999723	0.0	0	139.09589824598515	1600.600000000035	1	0	1.0	2.2639330820580588
275200.0	3000.0	1400.599999999708	0.0	0	180.98593454813818	1600.6000000000931	1	0	1.0	2.2639330820580574
276200.0	3000.0	1400.5999999996993	0.0	0	264.43391837971285	1600.6000000000931	1	0	1.0	2.2639330820580557
277396.76870624925	3000.0	1203.8312937504304	0.0	0	0.0	1600.6000000000931	1	0	1.0	2.2639330820580557
278299.656498264	3000.0	1300.9435017357262	0.0	0	0.0	1600.600000000035	1	0	1.0	2.2639330820580588
279200.0	3000.0	1400.5999999996989	0.0	0	58.24440207052976	1600.600000000035	1	0	1.0	2.2639330820580588
280200.0	3000.0	1400.5999999996384	0.0	0	37.92923509114189	1600.5999999999767	1	0	1.0	2.2639330820580597
281557.0238820744	3000.0	1043.5761179253145	0.0	0	0.0	1600.600000000035	1	0	1.0	2.2639330820580588
282200.0	3000.0	1400.599999999697	0.0	0	27.46785698272288	1600.600000000035	1	0	1.0	2.2639330820580588
283200.0	3000.0	1400.599999999677	0.0	0	391.66749264026294	1600.600000000035	1	0	1.0	2.2639330820580588
284418.5212211799	3000.0	1182.0787788197529	0.0	0	0.0	1600.600000000035	1	0	1.0	2.2639330820580588
285200.0	3000.0	1400.5999999995872	0.0	0	4.839102400117554	1600.5999999999185	1	0	1.0	2.263933082058063
286222.8936265354	3000.0	1377.706373464158	0.0	0	0.0	1600.5999999999767	1	0	1.0	2.2639330820580623
287200.0	3000.0	1400.599999999634	0.0	0	295.25643245101674	1600.5999999999767	1	0	1.0	2.2639330820580614
288200.0	3000.0	1400.5999999995827	0.0	0	265.1039088469697	1600.5999999999767	1	0	1.0	2.2639330820580614
289200.0	3000.0	1400.5999999996004	0.0	0	242.8969094765489	1600.5999999999767	1	0	1.0	2.2639330820580614
290200.0	3000.0	1400.599999999553	0.0	0	388.55082060419954	1600.5999999999767	1	0	1.0	2.2639330820580614
291200.0	3000.0	1400.5999999995247	0.0	0	704.4135543648154	1600.5999999999767	1	0	1.0	2.2639330820580614
292200.0	3000.0	1400.5999999995693	0.0	0	585.2361870593741	1600.5999999999767	1	0	1.0	2.2639330820580614
293200.0	3000.0	1400.5999999996143	0.0	0	557.3043896647287	1600.5999999999767	1	0	1.0	2.2639330820580614
294200.0	3000.0	1400.599999999606	0.0	0	535.5512034510612	1600.5999999999767	1	0	1.0	2.2639330820580614
295200.0	3000.0	1400.5999999996723	0.0	0	232.2834411773947	1600.5999999999767	1	0	1.0	2.2639330820580614
296200.0	3000.0	1400.5999999996536	0.0	0	40.152626099821646	1600.5999999999185	1	0	1.0	2.263933082058064
297200.0	3000.0	1400.599999999733	0.0	0	335.63780773768667	1600.5999999999185	1	0	1.0	2.263933082058064
298200.0	3000.0	1400.5999999997189	0.0	0	325.8017762119998	1600.5999999999185	1	0	1.0	2.263933082058064
299200.0	3000.0	1400.5999999996975	0.0	0	169.68363374983892	1600.5999999998603	1	0	1.0	2.2639330820580668
300200.0	3000.0	1400.5999999996725	0.0	0	147.658456597419	1600.599999999802	1	0	1.0	2.263933082058068
301200.0	3000.0	1400.5999999996523	0.0	0	413.91081584297353	1600.599999999802	1	0	1.0	2.26393308205807
302200.0	3000.0	1400.5999999996473	0.0	0	264.045671934844	1600.599999999802	1	0	1.0	2.26393308205807
303200.0	3000.0	1400.5999999997284	0.0	0	207.76181947422447	1600.599999999802	1	0	1.0	2.26393308205807
3.98	4.16	3.98	2.51	2.58	4.24	5.78	2.88	2.49	3.87	3.54	5.27	4.61	5.86	5.78	5.03	4.31	4.09	3.13	3.34	4.0	3.65	4.0	4.16	5.27	2.42	1.84	3.05	2.2	3.2	4.48	3.29	3.44	3.61	3.63	4.02	2.81	3.34	3.09	4.37	6.01	6.75	3.2	3.68	5.47	6.83	3.43	2.05	3.68	4.0	4.8	4.74	4.97	6.36	6.52	4.34	5.26	7.21	9.8	6.36	3.96	8.32	6.58	4.52	4.41	5.5	7.43	4.43	4.71	4.25	2.85	4.46	6.3	7.52	7.15	6.6	5.39	6.81	3.34	5.8	6.78	4.01	3.83	4.6	4.46	6.65	9.15	9.79	5.94	7.05	5.21	5.17	3.82	5.9	4.78	3.85	2.97	5.11	5.19	5.64	5.76	4.67	3.24	4.53	6.1	5.88	2.39	4.05	4.97	6.29	8.53	6.59	3.7	3.59	3.53	4.89	6.06	6.95	2.63	3.83	3.44	5.35	2.18	3.85	4.24	3.13	2.4	3.36	4.08	3.19	3.52	3.73	3.95	3.45	5.4	6.12	8.48	8.79	7.09	6.44	4.47	3.65	5.32	4.38	3.65	4.24	5.5	5.76	4.43	5.51	3.98	4.16	3.98	2.51	2.58	4.24	5.78	2.88	2.49	3.87	3.54	5.27	4.61	5.86	5.78	5.03	4.31	4.09	3.13	3.34	4.0	3.65	4.0	4.16	5.27	2.42	1.84	3.05	2.2	3.2	4.48	3.29	3.44	3.61	3.63	4.02	2.81	3.34	3.09	4.37	6.01	6.75	3.2	3.68	5.47	6.83	3.43	2.05	3.68	4.0	4.8	4.74	4.97	6.36	6.52	4.34	5.26	7.21	9.8	6.36	3.96	8.32	6.58	4.52	4.41	5.5	7.43	4.43	4.71	4.25	2.85	4.46	6.3	7.52	7.15	6.6	5.39	6.81	3.34	5.8	6.78	4.01	3.83	4.6	4.46	6.65	9.15	9.79	5.94	7.05	5.21	5.17	3.82	5.9	4.78	3.85	2.97	5.11	5.19	5.64	5.76	4.67	3.24	4.53	6.1	5.88	2.39	4.05	4.97	6.29	8.53	6.59	3.7	3.59	3.53	4.89	6.06	6.95	2.63	3.83	3.44	5.35	2.18	3.85	4.24	3.13	2.4	3.36	4.08	3.19	3.52	3.73	3.95	3.45	5.4	6.12	8.48	8.79	7.09	6.44	4.47	3.65	5.32	4.38	3.65	4.24	5.5	5.76	4.43	5.51	3.98	4.16	3.98
1.0	2.0	3.0	4.0	5.0	6.0	7.0	8.0	9.0	10.0	11.0	12.0	13.0	14.0	15.0	16.0	17.0	18.0	19.0	20.0	21.0	22.0	23.0	24.0	25.0	26.0	27.0	28.0	29.0	30.0	31.0	32.0	33.0	34.0	35.0	36.0	37.0	38.0	39.0	40.0	41.0	42.0	43.0	44.0	45.0	46.0	47.0	48.0	49.0	50.0	51.0	52.0	53.0	54.0	55.0	56.0	57.0	58.0	59.0	60.0	61.0	62.0	63.0	64.0	65.0	66.0	67.0	68.0	69.0	70.0	71.0	72.0	73.0	74.0	75.0	76.0	77.0	78.0	79.0	80.0	81.0	82.0	83.0	84.0	85.0	86.0	87.0	88.0	89.0	90.0	91.0	92.0	93.0	94.0	95.0	96.0	97.0	98.0	99.0	100.0	101.0	102.0	103.0	104.0	105.0	106.0	107.0	108.0	109.0	110.0	111.0	112.0	113.0	114.0	115.0	116.0	117.0	118.0	119.0	120.0	121.0	122.0	123.0	124.0	125.0	126.0	127.0	128.0	129.0	130.0	131.0	132.0	133.0	134.0	135.0	136.0	137.0	138.0	139.0	140.0	141.0	142.0	143.0	144.0	145.0	146.0	147.0	148.0	149.0	149.0	150.0	151.0	152.0	153.0	154.0	155.0	156.0	157.0	158.0	159.0	160.0	161.0	162.0	163.0	164.0	165.0	166.0	167.0	168.0	169.0	170.0	171.0	172.0	173.0	174.0	175.0	176.0	177.0	178.0	179.0	180.0	181.0	182.0	183.0	184.0	185.0	186.0	187.0	188.0	189.0	190.0	191.0	192.0	193.0	194.0	195.0	196.0	197.0	198.0	199.0	200.0	201.0	202.0	203.0	204.0	205.0	206.0	207.0	208.0	209.0	210.0	211.0	212.0	213.0	214.0	215.0	216.0	217.0	218.0	219.0	220.0	221.0	222.0	223.0	224.0	225.0	226.0	227.0	228.0	229.0	230.0	231.0	232.0	233.0	234.0	235.0	236.0	237.0	238.0	239.0	240.0	241.0	242.0	243.0	244.0	245.0	246.0	247.0	248.0	249.0	250.0	251.0	252.0	253.0	254.0	255.0	256.0	257.0	258.0	259.0	260.0	261.0	262.0	263.0	264.0	265.0	266.0	267.0	268.0	269.0	270.0	271.0	272.0	273.0	274.0	275.0	276.0	277.0	278.0	279.0	280.0	281.0	282.0	283.0	284.0	285.0	286.0	287.0	288.0	289.0	290.0	291.0	292.0	293.0	294.0	295.0	296.0	297.0	298.0	298.0	299.0	300.0	301.0
4350.229254081732
