3052.996634359644	1000.0	2000.0	248.30423996732483	0	0.0	3052.996634359644	1	0	1.0	-1.6688342017232773
3652.5624166180605	3000.0	2400.4342177415833	0.0	0	0.0	3052.996634359644	1	0	1.0	1.014349968509539
4600.037979566709	3000.0	2452.958654792936	0.0	0	0.0	3052.9966343596448	1	0	1.0	2.112962257177649
5516.083024578025	3000.0	2536.913609781618	0.0	0	0.0	3052.9966343596443	1	0	1.0	2.112962257177649
6438.823746412614	3000.0	2614.1728879470297	0.0	0	0.0	3052.9966343596448	1	0	1.0	2.112962257177649
7239.838577106539	3000.0	2813.1580572531047	0.0	0	0.0	3052.9966343596443	1	0	1.0	2.112962257177649
8216.87449488681	3000.0	2836.1221394728345	0.0	0	0.0	3052.9966343596434	1	0	1.0	2.112962257177649
9200.0	3000.0	2852.9966343596448	0.0	0	94.30246398789859	3052.996634359645	1	0	1.0	2.1129622571776485
10364.664163028427	3000.0	2688.332471331217	0.0	0	0.0	3052.9966343596443	1	0	1.0	2.1129622571776485
11817.17507108089	3000.0	2235.821563278755	0.0	0	0.0	3052.9966343596443	1	0	1.0	2.112962257177649
12562.941476757058	3000.0	2490.0551576025864	0.0	0	0.0	3052.9966343596443	1	0	1.0	2.112962257177649
13404.315980849251	3000.0	2648.6806535103938	0.0	0	0.0	3052.9966343596443	1	0	1.0	2.112962257177649
14326.173940696399	3000.0	2726.822693663247	0.0	0	0.0	3052.9966343596443	1	0	1.0	2.112962257177649
15200.0	3000.0	2852.996634359644	0.0	0	118.28530744167074	3052.9966343596443	1	0	1.0	2.112962257177649
16200.0	3000.0	2852.9966343596448	0.0	0	264.002794682121	3052.9966343596443	1	0	1.0	2.112962257177649
17429.27078022407	3000.0	2623.7258541355745	0.0	0	0.0	3052.9966343596443	1	0	1.0	2.1129622571776485
18200.0	3000.0	2852.9966343596407	0.0	0	0.2533520456527185	3052.9966343596425	1	0	1.0	2.112962257177649
19200.0	3000.0	2852.9966343596393	0.0	0	219.0363615500537	3052.9966343596407	1	0	1.0	2.112962257177649
20200.0	3000.0	2852.9966343596393	0.0	0	331.62807122928643	3052.996634359639	1	0	1.0	2.11296225717765
21200.0	3000.0	2852.996634359639	0.0	0	81.74488076308626	3052.996634359639	1	0	1.0	2.11296225717765
22200.0	3000.0	2852.9966343596375	0.0	0	115.04567931685233	3052.996634359639	1	0	1.0	2.11296225717765
23200.0	3000.0	2852.996634359637	0.0	0	100.60523669181566	3052.996634359639	1	0	1.0	2.11296225717765
24200.0	3000.0	2852.9966343596407	0.0	0	262.72380823937783	3052.9966343596425	1	0	1.0	2.112962257177649
25338.320940832265	3000.0	2714.675693527375	0.0	0	0.0	3052.9966343596425	1	0	1.0	2.112962257177649
26611.288176009333	3000.0	2441.70845835031	0.0	0	0.0	3052.996634359646	1	0	1.0	2.1129622571776485
27445.875664743566	3000.0	2607.120969616078	0.0	0	0.0	3052.9966343596498	1	0	1.0	2.1129622571776476
28722.1883593112	3000.0	2330.8082750484446	0.0	0	0.0	3052.9966343596534	1	0	1.0	2.112962257177647
29775.974938688105	3000.0	2277.021695671537	0.0	0	0.0	3052.9966343596534	1	0	1.0	2.112962257177647
30581.606775477416	3000.0	2471.3898588822267	0.0	0	0.0	3052.9966343596534	1	0	1.0	2.112962257177647
31650.412063073985	3000.0	2402.5845712856576	0.0	0	0.0	3052.9966343596534	1	0	1.0	2.112962257177647
32562.455120440634	3000.0	2490.541513919009	0.0	0	0.0	3052.9966343596534	1	0	1.0	2.112962257177647
33440.14062554439	3000.0	2612.856008815257	0.0	0	0.0	3052.9966343596498	1	0	1.0	2.1129622571776476
34295.45997591883	3000.0	2757.5366584408125	0.0	0	0.0	3052.9966343596498	1	0	1.0	2.1129622571776476
35200.0	3000.0	2852.9966343596484	0.0	0	330.0665745860824	3052.996634359657	1	0	1.0	2.1129622571776467
36200.0	3000.0	2852.9966343596484	0.0	0	298.49048323688476	3052.9966343596534	1	0	1.0	2.112962257177647
37200.0	3000.0	2852.996634359656	0.0	0	132.03461299900664	3052.9966343596534	1	0	1.0	2.112962257177647
38200.0	3000.0	2852.9966343596557	0.0	0	240.67692583393364	3052.9966343596534	1	0	1.0	2.112962257177647
39200.0	3000.0	2852.9966343596575	0.0	0	428.4006867647331	3052.9966343596534	1	0	1.0	2.112962257177647
40597.23482632797	3000.0	2455.761808031689	0.0	0	0.0	3052.996634359646	1	0	1.0	2.1129622571776485
41200.0	3000.0	2852.996634359664	0.0	0	7.582677537415293	3052.996634359646	1	0	1.0	2.1129622571776485
42200.0	3000.0	2852.996634359671	0.0	0	59.6791611529261	3052.9966343596534	1	0	1.0	2.112962257177647
43200.0	3000.0	2852.996634359665	0.0	0	85.6375497117333	3052.9966343596534	1	0	1.0	2.112962257177647
44200.0	3000.0	2852.9966343596684	0.0	0	157.50405987801787	3052.9966343596534	1	0	1.0	2.112962257177647
45298.18729671274	3000.0	2754.80933764692	0.0	0	0.0	3052.9966343596534	1	0	1.0	2.112962257177647
46367.52815641626	3000.0	2685.4684779433965	0.0	0	0.0	3052.9966343596534	1	0	1.0	2.112962257177647
47748.50268015773	3000.0	2304.493954201923	0.0	0	0.0	3052.9966343596534	1	0	1.0	2.112962257177647
48510.23534086561	3000.0	2542.761293494043	0.0	0	0.0	3052.9966343596534	1	0	1.0	2.112962257177647
49475.98140411223	3000.0	2577.0152302474216	0.0	0	0.0	3052.9966343596534	1	0	1.0	2.112962257177647
50889.765555004524	3000.0	2163.231079355126	0.0	0	0.0	3052.9966343596534	1	0	1.0	2.112962257177647
51682.68984223756	3000.0	2370.306792122094	0.0	0	0.0	3052.996634359646	1	0	1.0	2.1129622571776485
52993.87031769445	3000.0	2059.1263166652075	0.0	0	0.0	3052.996634359646	1	0	1.0	2.1129622571776485
53530.2691251518	3000.0	2522.7275092078567	0.0	0	0.0	3052.9966343596534	1	0	1.0	2.112962257177647
54496.49743051513	3000.0	2556.4992038445225	0.0	0	0.0	3052.9966343596534	1	0	1.0	2.112962257177647
56006.6338760957	3000.0	2046.3627582639583	0.0	0	0.0	3052.9966343596607	1	0	1.0	2.112962257177646
57141.49517775421	3000.0	1911.5014566054535	0.0	0	0.0	3052.9966343596607	1	0	1.0	2.112962257177646
58075.63179653931	3000.0	1977.364837820352	0.0	0	0.0	3052.9966343596607	1	0	1.0	2.112962257177646
59172.002289558535	3000.0	1880.9943448011272	0.0	0	0.0	3052.9966343596607	1	0	1.0	2.112962257177646
60096.37830296083	3000.0	1956.6183313988354	0.0	0	0.0	3052.9966343596607	1	0	1.0	2.112962257177646
61126.276498940424	3000.0	1926.720135419232	0.0	0	0.0	3052.9966343596534	1	0	1.0	2.112962257177647
62156.97382972121	3000.0	1896.0228046384505	0.0	0	0.0	3052.9966343596607	1	0	1.0	2.112962257177646
62829.1299984289	3000.0	2223.86663593076	0.0	0	0.0	3052.9966343596607	1	0	1.0	2.112962257177646
63612.35272275113	3000.0	2440.643911608531	0.0	0	0.0	3052.9966343596607	1	0	1.0	2.112962257177646
64802.7122148931	3000.0	2250.2844194665568	0.0	0	0.0	3052.9966343596607	1	0	1.0	2.112962257177646
66262.21796756679	3000.0	1790.7786667928663	0.0	0	0.0	3052.996634359646	1	0	1.0	2.1129622571776467
67491.15388586147	3000.0	1561.8427484981764	0.0	0	0.0	3052.996634359639	1	0	1.0	2.1129622571776507
68686.0217156236	3000.0	1366.9749187360485	0.0	0	0.0	3052.996634359646	1	0	1.0	2.1129622571776494
69953.40126118386	3000.0	1099.5953731758113	0.0	0	0.0	3052.9966343596607	1	0	1.0	2.112962257177646
70943.33739784802	3000.0	1109.659236511639	0.0	0	0.0	3052.9966343596607	1	0	1.0	2.112962257177646
71574.57029294735	3000.0	1478.4263414123081	0.0	0	0.0	3052.996634359646	1	0	1.0	2.1129622571776485
72346.02938386843	3000.0	1706.967250491242	0.0	0	0.0	3052.9966343596607	1	0	1.0	2.112962257177646
73304.02789150941	3000.0	1748.9687428502584	0.0	0	0.0	3052.996634359646	1	0	1.0	2.1129622571776485
74230.5323941418	3000.0	1822.464240217878	0.0	0	0.0	3052.996634359646	1	0	1.0	2.1129622571776485
75567.53018983755	3000.0	1485.4664445221397	0.0	0	0.0	3052.996634359646	1	0	1.0	2.1129622571776485
76737.2957010727	3000.0	1315.7009332869868	0.0	0	0.0	3052.996634359646	1	0	1.0	2.1129622571776485
77430.41665179831	3000.0	1622.5799825613767	0.0	0	0.0	3052.996634359646	1	0	1.0	2.1129622571776485
78544.04952525388	3000.0	1508.9471091058072	0.0	0	0.0	3052.996634359646	1	0	1.0	2.1129622571776485
79361.83201013829	3000.0	1691.1646242213894	0.0	0	0.0	3052.9966343596316	1	0	1.0	2.112962257177651
80400.29247562269	3000.0	1652.7041587369888	0.0	0	0.0	3052.9966343596316	1	0	1.0	2.112962257177651
80937.022814432	3000.0	2115.9738199276767	0.0	0	0.0	3052.9966343596316	1	0	1.0	2.112962257177651
81567.95533118177	3000.0	2485.0413031779003	0.0	0	0.0	3052.9966343596316	1	0	1.0	2.112962257177651
82482.43166786637	6000.0	2570.5649664933007	0.0	0	0.0	3052.9966343596316	1	0	1.0	2.112962257177651
83610.06306852901	6000.0	2442.933565830656	0.0	0	0.0	3052.996634359617	1	0	1.0	2.806109437737599
85857.39075085423	6000.0	1195.6058835054287	0.0	0	0.0	3052.996634359617	1	0	1.0	2.806109437737599
86864.13170870281	3000.0	1188.864925656836	0.0	0	0.0	3052.996634359617	1	0	1.0	1.4198150766177091
87555.7020113481	3000.0	1497.2946230115556	0.0	0	0.0	3052.996634359617	1	0	1.0	2.112962257177654
88112.29978064353	3000.0	1940.696853716137	0.0	0	0.0	3052.996634359617	1	0	1.0	2.112962257177654
88683.22288752822	3000.0	2369.7737468314454	0.0	0	0.0	3052.996634359617	1	0	1.0	2.112962257177654
89591.4191682149	3000.0	2461.5774661447717	0.0	0	0.0	3052.9966343596025	1	0	1.0	2.112962257177657
90496.92077116462	3000.0	2556.075863195055	0.0	0	0.0	3052.9966343596025	1	0	1.0	2.112962257177657
91216.37091303975	3000.0	2836.6257213199287	0.0	0	0.0	3052.9966343596025	1	0	1.0	2.112962257177657
92200.0	3000.0	2852.996634359675	0.0	0	281.18996564290137	3052.9966343596025	1	0	1.0	2.112962257177657
93200.0	3000.0	2852.9966343596825	0.0	0	375.3109288424894	3052.9966343596025	1	0	1.0	2.112962257177657
94200.0	3000.0	2852.9966343596875	0.0	0	428.29124195242184	3052.9966343596025	1	0	1.0	2.112962257177657
95756.11972688344	6000.0	2296.8769074762517	0.0	0	0.0	3052.9966343596025	1	0	1.0	2.1129622571776565
96606.23155727664	3000.0	2446.7650770830496	0.0	0	0.0	3052.9966343596025	1	0	1.0	1.419815076617712
97709.16875247826	3000.0	2343.8278818814233	0.0	0	0.0	3052.9966343596025	1	0	1.0	2.112962257177657
98305.0815435923	3000.0	2747.915090767385	0.0	0	0.0	3052.9966343596025	1	0	1.0	2.112962257177657
99200.0	3000.0	2852.9966343596857	0.0	0	182.76917240573675	3052.9966343596025	1	0	1.0	2.112962257177657
100200.0	3000.0	2852.99663435968	0.0	0	256.0317734671844	3052.9966343596025	1	0	1.0	2.112962257177657
101672.08379634107	3000.0	2380.912838018604	0.0	0	0.0	3052.9966343596025	1	0	1.0	2.112962257177657
102336.47746849136	3000.0	2716.519165868312	0.0	0	0.0	3052.9966343596025	1	0	1.0	2.112962257177657
103232.32542848843	3000.0	2820.671205871245	0.0	0	0.0	3052.9966343596025	1	0	1.0	2.112962257177657
104216.76205170277	3000.0	2836.2345826568944	0.0	0	0.0	3052.9966343596025	1	0	1.0	2.112962257177657
105587.62477323433	3000.0	2465.3718611253416	0.0	0	0.0	3052.9966343596025	1	0	1.0	2.112962257177657
106200.0	3000.0	2852.9966343596784	0.0	0	45.27644432747911	3052.996634359588	1	0	1.0	2.1129622571776596
107200.0	3000.0	2852.996634359684	0.0	0	331.5714871014352	3052.996634359588	1	0	1.0	2.1129622571776596
108200.0	3000.0	2852.9966343596775	0.0	0	203.11579347219958	3052.996634359588	1	0	1.0	2.1129622571776596
109200.0	3000.0	2852.9966343596775	0.0	0	155.9491631279525	3052.996634359588	1	0	1.0	2.1129622571776596
110225.70704885828	3000.0	2827.289585501402	0.0	0	0.0	3052.996634359588	1	0	1.0	2.1129622571776596
111200.0	3000.0	2852.996634359687	0.0	0	38.24132716679014	3052.996634359588	1	0	1.0	2.1129622571776596
112200.0	3000.0	2852.9966343596893	0.0	0	316.06739565194584	3052.996634359588	1	0	1.0	2.1129622571776596
113200.0	3000.0	2852.9966343596793	0.0	0	33.85863973456435	3052.996634359588	1	0	1.0	2.1129622571776596
114200.0	3000.0	2852.996634359676	0.0	0	109.40633782443183	3052.996634359588	1	0	1.0	2.1129622571776596
115200.0	3000.0	2852.9966343596843	0.0	0	22.478893408260774	3052.996634359588	1	0	1.0	2.1129622571776596
116200.0	3000.0	2852.996634359692	0.0	0	328.98226949326636	3052.9966343596025	1	0	1.0	2.112962257177657
117200.0	3000.0	2852.996634359688	0.0	0	302.0057124711602	3052.9966343596025	1	0	1.0	2.112962257177657
118213.70653897747	3000.0	2839.2900953822177	0.0	0	0.0	3052.9966343596025	1	0	1.0	2.112962257177657
119447.11830102495	3000.0	2605.878333334731	0.0	0	0.0	3052.996634359617	1	0	1.0	2.112962257177654
120206.64251349476	3000.0	2846.3541208649367	0.0	0	0.0	3052.9966343596316	1	0	1.0	2.112962257177651
121200.0	3000.0	2852.9966343597152	0.0	0	204.69089136604453	3052.996634359646	1	0	1.0	2.1129622571776485
122200.0	3000.0	2852.9966343597175	0.0	0	52.27900524830329	3052.996634359646	1	0	1.0	2.1129622571776485
123200.0	3000.0	2852.996634359712	0.0	0	291.2574960776401	3052.996634359646	1	0	1.0	2.1129622571776485
124200.0	3000.0	2852.9966343597066	0.0	0	241.1954991537641	3052.9966343596316	1	0	1.0	2.112962257177651
125301.93157101423	6000.0	2751.0650633454807	0.0	0	0.0	3052.9966343596316	1	0	1.0	2.112962257177651
126200.0	3000.0	2852.9966343596952	0.0	0	225.7094212189986	3052.9966343596316	1	0	1.0	1.4198150766177062
127200.0	3000.0	2852.9966343596925	0.0	0	139.59770386664604	3052.996634359646	1	0	1.0	2.1129622571776485
128223.6811022678	3000.0	2829.3155320918877	0.0	0	0.0	3052.996634359646	1	0	1.0	2.1129622571776485
129416.02201784174	3000.0	2636.9746165179545	0.0	0	0.0	3052.996634359646	1	0	1.0	2.1129622571776485
130432.26432595422	3000.0	2620.7323084054615	0.0	0	0.0	3052.996634359646	1	0	1.0	2.1129622571776485
131563.50871262432	3000.0	2489.487921735375	0.0	0	0.0	3052.996634359646	1	0	1.0	2.112962257177648
132401.80014344005	3000.0	2651.1964909196877	0.0	0	0.0	3052.9966343597043	1	0	1.0	2.1129622571776405
133239.4076605781	3000.0	2813.5889737816547	0.0	0	0.0	3052.996634359719	1	0	1.0	2.112962257177634
134200.0	3000.0	2852.9966343597375	0.0	0	297.8116216365306	3052.9966343597334	1	0	1.0	2.1129622571776316
135343.93756141883	3000.0	2709.059072940895	0.0	0	0.0	3052.9966343597334	1	0	1.0	2.1129622571776316
136767.618107497	3000.0	2285.378526862734	0.0	0	0.0	3052.9966343597334	1	0	1.0	2.1129622571776316
137729.22049030068	3000.0	2323.776144059076	0.0	0	0.0	3052.9966343597334	1	0	1.0	2.1129622571776316
138944.5455043704	3000.0	2108.4511299893284	0.0	0	0.0	3052.9966343597334	1	0	1.0	2.1129622571776316
139917.5165136269	3000.0	2135.4801207328646	0.0	0	0.0	3052.9966343597625	1	0	1.0	2.1129622571776263
140545.24486983864	3000.0	2507.7517645211456	0.0	0	0.0	3052.9966343597625	1	0	1.0	2.1129622571776263
141909.27631640466	3000.0	2143.720317955076	0.0	0	0.0	3052.9966343597625	1	0	1.0	2.1129622571776263
142926.96596241865	3000.0	2126.0306719411196	0.0	0	0.0	3052.9966343597625	1	0	1.0	2.1129622571776263
143689.77012068915	3000.0	2363.226513670623	0.0	0	0.0	3052.9966343597916	1	0	1.0	2.112962257177621
144326.37024444496	3000.0	2726.6263899148043	0.0	0	0.0	3052.9966343597916	1	0	1.0	2.112962257177621
145252.9975254548	3000.0	2799.999108904969	0.0	0	0.0	3052.9966343597916	1	0	1.0	2.112962257177621
146361.8013788539	3000.0	2691.195255505848	0.0	0	0.0	3052.9966343597625	1	0	1.0	2.1129622571776263
147211.61903179288	3000.0	2841.377602566853	0.0	0	0.0	3052.9966343597625	1	0	1.0	2.1129622571776263
148356.93134941935	3000.0	2696.0652849403814	0.0	0	0.0	3052.9966343597625	1	0	1.0	2.1129622571776263
149439.99963528797	3000.0	2612.996999071732	0.0	0	0.0	3052.9966343597334	1	0	1.0	2.1129622571776316
150200.0	3000.0	2852.9966343597102	0.0	0	20.28971598125645	3052.9966343597625	1	0	1.0	2.1129622571776263
151200.0	3000.0	2852.996634359706	0.0	0	132.45918644336052	3052.9966343597625	1	0	1.0	2.1129622571776263
152200.0	3000.0	2852.9966343597093	0.0	0	319.53857265788247	3052.9966343597625	1	0	1.0	2.1129622571776263
153200.0	3000.0	2852.9966343597266	0.0	0	305.260761885118	3052.9966343597625	1	0	1.0	2.1129622571776263
154200.0	3000.0	2852.996634359751	0.0	0	332.80089951030095	3052.9966343597625	1	0	1.0	2.1129622571776263
155200.0	3000.0	2852.996634359762	0.0	0	136.79557425892563	3052.9966343597625	1	0	1.0	2.1129622571776263
156200.0	3000.0	2852.9966343597866	0.0	0	288.31443383637816	3052.9966343598207	1	0	1.0	2.1129622571776174
157200.0	3000.0	2852.9966343598053	0.0	0	11.783576924790395	3052.9966343598207	1	0	1.0	2.112962257177615
158200.0	3000.0	2852.99663435981	0.0	0	41.49972595917643	3052.9966343598207	1	0	1.0	2.112962257177615
159746.2654008785	3000.0	2306.731233481334	0.0	0	0.0	3052.9966343597916	1	0	1.0	2.1129622571776197
160748.97894770303	3000.0	2304.0176866568177	0.0	0	0.0	3052.9966343597916	1	0	1.0	2.1129622571776254
161325.46712690775	3000.0	2727.529507452092	0.0	0	0.0	3052.9966343597625	1	0	1.0	2.1129622571776263
162200.0	3000.0	2852.9966343598344	0.0	0	53.944046491989866	3052.9966343597625	1	0	1.0	2.1129622571776263
163200.0	3000.0	2852.996634359838	0.0	0	174.66846126812743	3052.9966343597625	1	0	1.0	2.1129622571776263
164200.0	3000.0	2852.996634359846	0.0	0	29.735634268959984	3052.9966343597916	1	0	1.0	2.112962257177621
165200.0	3000.0	2852.996634359845	0.0	0	355.16267953193164	3052.9966343598207	1	0	1.0	2.112962257177615
166228.76109358738	3000.0	2824.2355407724467	0.0	0	0.0	3052.9966343597916	1	0	1.0	2.112962257177621
167245.55699624147	3000.0	2807.439638118366	0.0	0	0.0	3052.9966343597625	1	0	1.0	2.1129622571776263
168200.0	3000.0	2852.996634359864	0.0	0	205.4429228393128	3052.9966343597625	1	0	1.0	2.1129622571776263
169200.0	3000.0	2852.9966343598835	0.0	0	327.67919081056607	3052.9966343597625	1	0	1.0	2.1129622571776263
170200.0	3000.0	2852.9966343598667	0.0	0	320.9510200533259	3052.9966343597334	1	0	1.0	2.1129622571776316
171200.0	3000.0	2852.9966343598503	0.0	0	117.01279302727198	3052.9966343597334	1	0	1.0	2.1129622571776316
172200.0	3000.0	2852.996634359876	0.0	0	315.7956015310774	3052.9966343597625	1	0	1.0	2.1129622571776285
173658.80662529584	3000.0	2394.1900090640356	0.0	0	0.0	3052.9966343597625	1	0	1.0	2.1129622571776263
174831.3261503113	3000.0	2221.670484048587	0.0	0	0.0	3052.9966343597916	1	0	1.0	2.112962257177621
176306.30477566074	3000.0	1746.6918586991492	0.0	0	0.0	3052.9966343597916	1	0	1.0	2.112962257177621
177141.48925618347	3000.0	1911.5073781764045	0.0	0	0.0	3052.9966343597625	1	0	1.0	2.1129622571776254
178351.9636867516	3000.0	1701.0329476083057	0.0	0	0.0	3052.9966343597916	1	0	1.0	2.112962257177622
179136.95006506998	3000.0	1916.0465692899422	0.0	0	0.0	3052.9966343597916	1	0	1.0	2.112962257177621
179917.03990389043	3000.0	2135.956730469477	0.0	0	0.0	3052.9966343597625	1	0	1.0	2.1129622571776263
180634.43279029167	3000.0	2418.563844068265	0.0	0	0.0	3052.9966343597625	1	0	1.0	2.1129622571776263
181454.14784339792	3000.0	2598.848790961996	0.0	0	0.0	3052.9966343597625	1	0	1.0	2.1129622571776263
182580.62608522712	3000.0	2472.370549132808	0.0	0	0.0	3052.9966343597625	1	0	1.0	2.1129622571776263
183228.77685448533	3000.0	2824.219779874598	0.0	0	0.0	3052.9966343597916	1	0	1.0	2.112962257177621
184200.0	3000.0	2852.9966343599544	0.0	0	304.52691956885974	3052.9966343598207	1	0	1.0	2.112962257177615
185200.0	3000.0	2852.996634359958	0.0	0	93.0422914281371	3052.9966343598207	1	0	1.0	2.112962257177615
186271.19489373273	3000.0	2781.801740627237	0.0	0	0.0	3052.9966343598207	1	0	1.0	2.112962257177615
187200.0	3000.0	2852.9966343599945	0.0	0	420.3539830876398	3052.9966343598207	1	0	1.0	2.112962257177615
188200.0	3000.0	2852.9966343599745	0.0	0	41.44115245190915	3052.9966343597916	1	0	1.0	2.1129622571776183
189200.0	3000.0	2852.996634359961	0.0	0	53.990085981815355	3052.9966343597916	1	0	1.0	2.112962257177621
190200.0	3000.0	2852.9966343599863	0.0	0	278.3936504236772	3052.9966343597916	1	0	1.0	2.112962257177621
191200.0	3000.0	2852.9966343600336	0.0	0	216.1772581061523	3052.9966343598207	1	0	1.0	2.1129622571776174
192550.3682800413	3000.0	2502.628354318749	0.0	0	0.0	3052.9966343597916	1	0	1.0	2.112962257177621
193675.95373524755	3000.0	2377.042899112518	0.0	0	0.0	3052.9966343597916	1	0	1.0	2.112962257177621
194456.57238241276	3000.0	2596.4242519473096	0.0	0	0.0	3052.9966343597916	1	0	1.0	2.112962257177621
195592.06774995252	3000.0	2460.928884407535	0.0	0	0.0	3052.9966343597916	1	0	1.0	2.112962257177621
196786.69917586993	3000.0	2266.2974584901226	0.0	0	0.0	3052.9966343597334	1	0	1.0	2.112962257177627
197557.58488417979	3000.0	2495.4117501802684	0.0	0	0.0	3052.9966343597334	1	0	1.0	2.1129622571776316
198472.3714478116	3000.0	2580.6251865484314	0.0	0	0.0	3052.9966343597334	1	0	1.0	2.1129622571776316
199583.33281395477	3000.0	2469.663820405294	0.0	0	0.0	3052.9966343597043	1	0	1.0	2.1129622571776374
201194.8377930747	3000.0	1858.158841285352	0.0	0	0.0	3052.9966343597043	1	0	1.0	2.1129622571776374
202312.539738322	3000.0	1740.4568960380627	0.0	0	0.0	3052.9966343597043	1	0	1.0	2.1129622571776374
203392.72070350405	3000.0	1660.2759308560348	0.0	0	0.0	3052.9966343597043	1	0	1.0	2.1129622571776374
205035.34586672884	3000.0	1017.6507676312823	0.0	0	0.0	3052.9966343597334	1	0	1.0	2.112962257177635
206215.9948568285	3000.0	837.001777531585	0.0	0	0.0	3052.9966343597043	1	0	1.0	2.112962257177636
207221.2686075536	3000.0	831.7280268064914	0.0	0	0.0	3052.9966343597334	1	0	1.0	2.1129622571776316
207887.35905580813	3000.0	1165.637578551965	0.0	0	0.0	3052.9966343597334	1	0	1.0	2.1129622571776316
208592.3923621675	3000.0	1460.6042721925955	0.0	0	0.0	3052.9966343597334	1	0	1.0	2.1129622571776316
209702.54769696138	3000.0	1350.4489373987255	0.0	0	0.0	3052.9966343597334	1	0	1.0	2.1129622571776316
210480.80889240382	3000.0	1572.18774195629	0.0	0	0.0	3052.9966343597334	1	0	1.0	2.1129622571776316
211191.96217780333	3000.0	1861.0344565567711	0.0	0	0.0	3052.9966343597334	1	0	1.0	2.1129622571776316
212109.25398888908	3000.0	1943.742645471063	0.0	0	0.0	3052.9966343597334	1	0	1.0	2.1129622571776316
212915.30944872313	3000.0	2137.6871856370035	0.0	0	0.0	3052.9966343597043	1	0	1.0	2.1129622571776343
213780.65476674863	3000.0	2272.3418676115016	0.0	0	0.0	3052.996634359675	1	0	1.0	2.1129622571776387
214839.4845602385	3000.0	2213.512074121607	0.0	0	0.0	3052.996634359646	1	0	1.0	2.1129622571776485
216029.99631546426	3000.0	2023.0003188958306	0.0	0	0.0	3052.996634359646	1	0	1.0	2.1129622571776485
216966.30671511593	3000.0	2086.6899192441742	0.0	0	0.0	3052.996634359675	1	0	1.0	2.112962257177645
217877.42205534875	3000.0	2175.574579011346	0.0	0	0.0	3052.996634359675	1	0	1.0	2.1129622571776463
218686.97716469024	3000.0	2366.01946966991	0.0	0	0.0	3052.9966343597043	1	0	1.0	2.1129622571776374
219410.09628105	3000.0	2642.900353310133	0.0	0	0.0	3052.9966343597043	1	0	1.0	2.1129622571776374
220254.4784143856	3000.0	2798.518219974514	0.0	0	0.0	3052.996634359675	1	0	1.0	2.112962257177643
221200.0	3000.0	2852.9966343601445	0.0	0	217.99464227317367	3052.996634359675	1	0	1.0	2.112962257177643
222200.0	3000.0	2852.996634360149	0.0	0	137.7037025736645	3052.9966343597043	1	0	1.0	2.1129622571776387
223200.0	3000.0	2852.9966343601445	0.0	0	10.767553547368152	3052.9966343597043	1	0	1.0	2.1129622571776374
224370.82997951144	3000.0	2682.1666548487055	0.0	0	0.0	3052.996634359675	1	0	1.0	2.112962257177643
225501.55450020777	3000.0	2551.442134152345	0.0	0	0.0	3052.996634359675	1	0	1.0	2.112962257177643
226518.5301113342	3000.0	2534.4665230259125	0.0	0	0.0	3052.996634359675	1	0	1.0	2.112962257177643
228034.66966121958	3000.0	2018.3269731405398	0.0	0	0.0	3052.996634359675	1	0	1.0	2.112962257177643
228883.49848620946	3000.0	2169.498148150664	0.0	0	0.0	3052.996634359675	1	0	1.0	2.112962257177643
229743.97409302555	3000.0	2309.0225413345843	0.0	0	0.0	3052.9966343597043	1	0	1.0	2.112962257177642
230291.77386958746	3000.0	2761.222764772668	0.0	0	0.0	3052.9966343597043	1	0	1.0	2.1129622571776374
231200.0	3000.0	2852.99663436012	0.0	0	297.4156647466589	3052.9966343597043	1	0	1.0	2.1129622571776374
232200.0	6000.0	2852.9966343600995	0.0	0	224.05347961338703	3052.996634359675	1	0	1.0	2.1129622571776427
233892.46118713883	6000.0	2160.5354472212684	0.0	0	0.0	3052.996634359675	1	0	1.0	2.8061094377375913
235706.00747617302	6000.0	1346.989158187118	0.0	0	0.0	3052.996634359675	1	0	1.0	2.8061094377375877
236457.30282042458	3000.0	1595.6938139355768	0.0	0	0.0	3052.996634359675	1	0	1.0	1.419815076617698
237155.3366557581	3000.0	1897.6599786020754	0.0	0	0.0	3052.996634359646	1	0	1.0	2.1129622571776485
237996.33063406326	3000.0	2056.6660002968883	0.0	0	0.0	3052.996634359646	1	0	1.0	2.1129622571776485
238847.07709599275	3000.0	2205.9195383673787	0.0	0	0.0	3052.996634359646	1	0	1.0	2.1129622571776485
239637.69485060216	3000.0	2415.3017837579323	0.0	0	0.0	3052.996634359646	1	0	1.0	2.1129622571776485
240414.87404764906	3000.0	2638.122586711007	0.0	0	0.0	3052.996634359646	1	0	1.0	2.1129622571776485
241200.0	3000.0	2852.996634360057	0.0	0	204.73857939691516	3052.996634359646	1	0	1.0	2.1129622571776485
242200.0	3000.0	2852.996634360091	0.0	0	116.57487764258985	3052.996634359675	1	0	1.0	2.112962257177643
243200.0	3000.0	2852.9966343600686	0.0	0	397.41496083006496	3052.996634359675	1	0	1.0	2.112962257177643
244200.0	3000.0	2852.9966343600763	0.0	0	480.8003470208205	3052.996634359675	1	0	1.0	2.112962257177643
245252.85618247307	3000.0	2800.140451887031	0.0	0	0.0	3052.9966343597334	1	0	1.0	2.1129622571776343
246200.0	3000.0	2852.9966343601004	0.0	0	37.05926613052725	3052.9966343597043	1	0	1.0	2.112962257177636
247200.0	3000.0	2852.9966343600818	0.0	0	37.00994864446693	3052.9966343597043	1	0	1.0	2.1129622571776374
248200.0	3000.0	2852.9966343600695	0.0	0	459.4987054540543	3052.9966343597043	1	0	1.0	2.1129622571776374
249200.0	3000.0	2852.9966343600754	0.0	0	89.00093229248887	3052.996634359675	1	0	1.0	2.112962257177642
250200.0	3000.0	2852.996634360089	0.0	0	221.52417384981527	3052.9966343597043	1	0	1.0	2.1129622571776374
251200.0	3000.0	2852.9966343600872	0.0	0	18.454337506525917	3052.9966343597043	1	0	1.0	2.1129622571776374
252200.0	3000.0	2852.996634360093	0.0	0	101.04858407590655	3052.9966343597043	1	0	1.0	2.1129622571776374
253200.0	3000.0	2852.9966343601036	0.0	0	168.60558171279263	3052.9966343597043	1	0	1.0	2.1129622571776396
254404.50066447354	3000.0	2648.4959698866187	0.0	0	0.0	3052.9966343597043	1	0	1.0	2.1129622571776374
255200.0	3000.0	2852.9966343601454	0.0	0	78.33836354123196	3052.9966343597334	1	0	1.0	2.1129622571776316
256200.0	3000.0	2852.9966343601436	0.0	0	120.36764004852739	3052.996634359675	1	0	1.0	2.1129622571776405
257200.0	3000.0	2852.996634360143	0.0	0	328.7703546428529	3052.996634359675	1	0	1.0	2.112962257177643
258200.0	3000.0	2852.9966343601436	0.0	0	291.67421180329984	3052.996634359675	1	0	1.0	2.112962257177643
259200.0	3000.0	2852.996634360144	0.0	0	356.45328262096155	3052.996634359675	1	0	1.0	2.112962257177643
260232.74462847575	3000.0	2820.2520058843975	0.0	0	0.0	3052.996634359675	1	0	1.0	2.112962257177643
261200.0	3000.0	2852.9966343601573	0.0	0	381.77087452690466	3052.996634359675	1	0	1.0	2.112962257177643
262200.0	3000.0	2852.9966343601814	0.0	0	448.0602829003765	3052.996634359675	1	0	1.0	2.112962257177643
263200.0	3000.0	2852.9966343602173	0.0	0	202.4017263794085	3052.9966343597043	1	0	1.0	2.112962257177643
264200.0	3000.0	2852.996634360139	0.0	0	145.44289084494812	3052.996634359617	1	0	1.0	2.1129622571776507
265200.0	3000.0	2852.996634360149	0.0	0	185.1931025966769	3052.996634359646	1	0	1.0	2.112962257177645
266200.0	3000.0	2852.996634360169	0.0	0	94.97527294437168	3052.996634359646	1	0	1.0	2.1129622571776485
267709.1754383329	3000.0	2343.8211960272192	0.0	0	0.0	3052.996634359646	1	0	1.0	2.1129622571776485
268732.8077500116	3000.0	2320.1888843484394	0.0	0	0.0	3052.996634359646	1	0	1.0	2.1129622571776485
269892.19355942524	3000.0	2160.80307493484	0.0	0	0.0	3052.996634359646	1	0	1.0	2.1129622571776485
270852.29245888995	3000.0	2200.704175470162	0.0	0	0.0	3052.9966343597043	1	0	1.0	2.1129622571776374
271888.4862223862	3000.0	2164.5104119739362	0.0	0	0.0	3052.9966343597625	1	0	1.0	2.1129622571776263
272876.42267500877	3000.0	2176.5739593513435	0.0	0	0.0	3052.9966343597625	1	0	1.0	2.1129622571776263
273353.42675680376	3000.0	2699.5698775563155	0.0	0	0.0	3052.9966343597625	1	0	1.0	2.1129622571776263
275272.0549790721	6000.0	1780.9416552879452	0.0	0	0.0	3052.9966343597625	1	0	1.0	2.1129622571776263
276217.7026576621	3000.0	1835.2939766979873	0.0	0	0.0	3052.9966343597043	1	0	1.0	1.4198150766176925
276985.75373826077	3000.0	2067.2428960992656	0.0	0	0.0	3052.9966343597043	1	0	1.0	2.1129622571776374
278291.6948962322	3000.0	1761.3017381278642	0.0	0	0.0	3052.9966343597043	1	0	1.0	2.1129622571776374
279222.95291064394	3000.0	1830.0437237161705	0.0	0	0.0	3052.9966343597043	1	0	1.0	2.1129622571776374
280411.569856622	3000.0	1641.4267777380392	0.0	0	0.0	3052.996634359646	1	0	1.0	2.1129622571776463
281795.4777427283	3000.0	1257.5188916317952	0.0	0	0.0	3052.996634359588	1	0	1.0	2.1129622571776596
282824.0734007999	3000.0	1228.9232335601705	0.0	0	0.0	3052.996634359588	1	0	1.0	2.1129622571776596
283766.6560061043	3000.0	1286.3406282557519	0.0	0	0.0	3052.996634359588	1	0	1.0	2.1129622571776596
285065.8810567599	3000.0	987.1155776001901	0.0	0	0.0	3052.996634359646	1	0	1.0	2.112962257177655
285921.71938349406	3000.0	1131.2772508660996	0.0	0	0.0	3052.9966343597043	1	0	1.0	2.1129622571776374
286777.8726196461	3000.0	1275.1240147140502	0.0	0	0.0	3052.9966343597043	1	0	1.0	2.1129622571776374
287592.7027907304	3000.0	1460.293843629711	0.0	0	0.0	3052.9966343597043	1	0	1.0	2.1129622571776374
288747.9613829639	3000.0	1305.0352513961593	0.0	0	0.0	3052.996634359646	1	0	1.0	2.1129622571776485
289614.9677025191	3000.0	1438.028931840965	0.0	0	0.0	3052.996634359646	1	0	1.0	2.1129622571776485
290916.24593057646	3000.0	1136.7507037836417	0.0	0	0.0	3052.9966343597043	1	0	1.0	2.1129622571776374
291733.31723032956	3000.0	1319.6794040305513	0.0	0	0.0	3052.9966343597043	1	0	1.0	2.1129622571776374
292518.8484208741	3000.0	1534.148213486016	0.0	0	0.0	3052.9966343597043	1	0	1.0	2.1129622571776374
293317.1479164615	3000.0	1735.8487178986422	0.0	0	0.0	3052.9966343597043	1	0	1.0	2.1129622571776374
294292.1391752236	3000.0	1760.8574591365566	0.0	0	0.0	3052.9966343597043	1	0	1.0	2.1129622571776374
295299.5604326333	3000.0	1753.436201726856	0.0	0	0.0	3052.9966343597043	1	0	1.0	2.1129622571776374
296018.332496835	3000.0	2034.6641375252054	0.0	0	0.0	3052.9966343597043	1	0	1.0	2.1129622571776374
296958.68564046145	3000.0	2094.3109938987045	0.0	0	0.0	3052.9966343597043	1	0	1.0	2.1129622571776374
298024.0503881655	3000.0	2028.9462461945998	0.0	0	0.0	3052.9966343597625	1	0	1.0	2.1129622571776308
298868.46271411155	3000.0	2184.53392024855	0.0	0	0.0	3052.9966343597625	1	0	1.0	2.1129622571776263
299834.3790701345	3000.0	2218.6175642256367	0.0	0	0.0	3052.9966343597625	1	0	1.0	2.1129622571776263
300932.62975124037	3000.0	2120.366883119702	0.0	0	0.0	3052.9966343597043	1	0	1.0	2.1129622571776308
4.58	3.51	3.38	4.41	3.96	3.86	4.54	1.55	3.0	4.6	4.24	3.57	4.04	2.72	3.26	3.72	4.47	4.3	3.32	3.48	4.07	1.95	3.38	2.63	2.88	3.27	2.77	3.41	3.45	3.46	3.21	4.55	3.49	3.21	4.36	4.59	3.13	2.66	4.24	3.1	2.56	3.21	2.97	1.81	2.92	5.11	3.48	2.44	2.78	1.78	4.55	2.64	2.09	2.7	3.97	4.32	3.2	3.52	3.38	4.59	3.36	3.14	2.37	2.34	2.37	2.57	3.0	3.58	4.05	3.54	3.68	3.12	3.06	2.66	3.38	2.25	3.3	4.17	5.76	8.0	5.53	2.85	1.73	3.58	4.0	4.95	4.37	3.74	4.53	5.06	3.96	6.21	4.55	2.63	3.13	4.89	4.02	4.12	1.93	3.99	4.37	2.37	3.28	4.58	3.94	3.48	4.44	3.56	4.45	4.78	3.22	2.7	4.32	4.67	3.29	1.83	3.24	3.51	3.31	3.72	3.81	5.84	4.15	3.74	4.12	3.08	3.15	3.96	3.0	2.68	3.54	3.86	2.68	2.81	2.77	3.09	3.05	3.92	2.29	4.01	3.86	3.85	3.14	3.06	4.38	3.01	4.08	3.63	2.97	4.31	4.58	3.51	3.38	4.41	3.96	3.86	4.54	1.55	3.0	4.6	4.24	3.57	4.04	2.72	3.26	3.72	4.47	4.3	3.32	3.48	4.07	1.95	3.38	2.63	2.88	3.27	2.77	3.41	3.45	3.46	3.21	4.55	3.49	3.21	4.36	4.59	3.13	2.66	4.24	3.1	2.56	3.21	2.97	1.81	2.92	5.11	3.48	2.44	2.78	1.78	4.55	2.64	2.09	2.7	3.97	4.32	3.2	3.52	3.38	4.59	3.36	3.14	2.37	2.34	2.37	2.57	3.0	3.58	4.05	3.54	3.68	3.12	3.06	2.66	3.38	2.25	3.3	4.17	5.76	8.0	5.53	2.85	1.73	3.58	4.0	4.95	4.37	3.74	4.53	5.06	3.96	6.21	4.55	2.63	3.13	4.89	4.02	4.12	1.93	3.99	4.37	2.37	3.28	4.58	3.94	3.48	4.44	3.56	4.45	4.78	3.22	2.7	4.32	4.67	3.29	1.83	3.24	3.51	3.31	3.72	3.81	5.84	4.15	3.74	4.12	3.08	3.15	3.96	3.0	2.68	3.54	3.86	2.68	2.81	2.77	3.09	3.05	3.92	2.29	4.01	3.86	3.85	3.14	3.06	4.38	3.01	4.08	3.63	2.97	4.31	4.58	3.51	3.38
1.0	2.0	3.0	4.0	5.0	6.0	7.0	8.0	9.0	10.0	11.0	12.0	13.0	14.0	15.0	16.0	17.0	18.0	19.0	20.0	21.0	22.0	23.0	24.0	25.0	26.0	27.0	28.0	29.0	30.0	31.0	32.0	33.0	34.0	35.0	36.0	37.0	38.0	39.0	40.0	41.0	42.0	43.0	44.0	45.0	46.0	47.0	48.0	49.0	50.0	51.0	52.0	53.0	54.0	55.0	56.0	57.0	58.0	59.0	60.0	61.0	62.0	63.0	64.0	65.0	66.0	67.0	68.0	69.0	70.0	71.0	72.0	73.0	74.0	75.0	76.0	77.0	78.0	79.0	80.0	81.0	82.0	83.0	84.0	85.0	86.0	87.0	88.0	89.0	90.0	91.0	92.0	93.0	94.0	95.0	96.0	97.0	98.0	99.0	100.0	101.0	102.0	103.0	104.0	105.0	106.0	107.0	108.0	109.0	110.0	111.0	112.0	113.0	114.0	115.0	116.0	117.0	118.0	119.0	120.0	121.0	122.0	123.0	124.0	125.0	126.0	127.0	128.0	129.0	130.0	131.0	132.0	133.0	134.0	135.0	136.0	137.0	138.0	139.0	140.0	141.0	142.0	143.0	144.0	145.0	146.0	147.0	148.0	149.0	149.0	150.0	151.0	152.0	153.0	154.0	155.0	156.0	157.0	158.0	159.0	160.0	161.0	162.0	163.0	164.0	165.0	166.0	167.0	168.0	169.0	170.0	171.0	172.0	173.0	174.0	175.0	176.0	177.0	178.0	179.0	180.0	181.0	182.0	183.0	184.0	185.0	186.0	187.0	188.0	189.0	190.0	191.0	192.0	193.0	194.0	195.0	196.0	197.0	198.0	199.0	200.0	201.0	202.0	203.0	204.0	205.0	206.0	207.0	208.0	209.0	210.0	211.0	212.0	213.0	214.0	215.0	216.0	217.0	218.0	219.0	220.0	221.0	222.0	223.0	224.0	225.0	226.0	227.0	228.0	229.0	230.0	231.0	232.0	233.0	234.0	235.0	236.0	237.0	238.0	239.0	240.0	241.0	242.0	243.0	244.0	245.0	246.0	247.0	248.0	249.0	250.0	251.0	252.0	253.0	254.0	255.0	256.0	257.0	258.0	259.0	260.0	261.0	262.0	263.0	264.0	265.0	266.0	267.0	268.0	269.0	270.0	271.0	272.0	273.0	274.0	275.0	276.0	277.0	278.0	279.0	280.0	281.0	282.0	283.0	284.0	285.0	286.0	287.0	288.0	289.0	290.0	291.0	292.0	293.0	294.0	295.0	296.0	297.0	298.0	298.0	299.0	300.0	301.0
2720.7171344196595
