4196.052812038898	500.0	2000.0	199.69941703885488	0	0.0	4196.052812038898	1	0	1.0	-1.7313694293012567
5580.962819897713	3000.0	1615.0899921411842	0.0	0	0.0	4196.052812038897	1	0	1.0	-0.04476890454685073
7091.512793206166	2000.0	1104.5400188327312	0.0	0	0.0	2196.0528120388963	1	0	1.0	-4.585642432844002
8541.507141056907	2000.0	654.5456709819892	0.0	0	0.0	2196.0528120388954	1	0	1.0	1.819822675264161
9487.766510135161	1000.0	708.286301903736	0.0	0	0.0	2196.0528120388954	1	0	1.0	0.4335283141442708
10453.131926502547	1000.0	742.9208855363511	0.0	0	0.0	2196.052812038897	1	0	1.0	1.126675494704216
10942.03440894626	1000.0	1254.0184030926373	0.0	0	0.0	2196.0528120388954	1	0	1.0	1.126675494704216
12025.862114595282	2000.0	1170.1906974436183	0.0	0	0.0	2196.052812038897	1	0	1.0	1.126675494704216
13176.423951477322	2000.0	1019.628860561579	0.0	0	0.0	2196.052812038897	1	0	1.0	1.819822675264161
14612.29600093338	2000.0	583.7568111055202	0.0	0	0.0	2196.052812038897	1	0	1.0	1.819822675264161
15292.94187225207	1000.0	903.1109397868311	0.0	0	0.0	2196.052812038897	1	0	1.0	0.4335283141442707
16939.276493500754	2000.0	256.77631853814466	0.0	0	0.0	2196.0528120388935	1	0	1.0	1.126675494704216
18616.033669650777	2000.0	200.0	619.9808576118743	0	0.0	2816.033669650771	1	0	1.0	-1.9459731213734544
18974.557422461377	500.0	858.6544776843843	17.178230494983076	0	0.0	2833.211900145756	1	0	1.0	-1.1303870395471871
20142.80760412375	2000.0	690.4042960220115	0.0	0	0.0	2833.211900145754	1	0	1.0	0.35897670454260244
21077.47086910449	2000.0	755.7410310412711	0.0	0	0.0	2833.211900145754	1	0	1.0	1.745271065662493
22611.361730651446	2000.0	221.85016949430928	0.0	0	0.0	2833.211900145754	1	0	1.0	1.745271065662493
23681.242324438965	1000.0	463.96887957110874	311.99930386431697	0	0.0	3145.211204010073	1	0	1.0	-1.5690169287945277
24721.60053751266	1000.0	454.33466042764144	30.723993930226754	0	0.0	3175.9351979402963	1	0	1.0	0.8053692213898505
25457.669428839275	1000.0	718.2657691010246	0.0	0	0.0	3175.9351979402927	1	0	1.0	0.9897131849712117
26273.73594563205	1000.0	902.1992523082503	0.0	0	0.0	3175.9351979402927	1	0	1.0	0.9897131849712117
27003.719278980716	1000.0	1172.2159189595836	0.0	0	0.0	3175.935197940289	1	0	1.0	0.9897131849712126
27772.31505446268	1000.0	1403.620143477615	0.0	0	0.0	3175.9351979402854	1	0	1.0	0.9897131849712133
28368.25419765703	1000.0	1807.6810002832658	0.0	0	0.0	3175.9351979402854	1	0	1.0	0.9897131849712133
29461.515014693505	1000.0	1714.4201832467907	0.0	0	0.0	3175.9351979402854	1	0	1.0	0.9897131849712133
30368.27375717817	1000.0	1807.6614407621275	0.0	0	0.0	3175.9351979402854	1	0	1.0	0.9897131849712133
31105.807155335457	1000.0	2070.1280426048415	0.0	0	0.0	3175.9351979402854	1	0	1.0	0.9897131849712133
31942.111618451207	2000.0	2233.823579489097	0.0	0	0.0	3175.935197940289	1	0	1.0	0.9897131849712126
33528.79246685628	2000.0	1647.1427310840254	0.0	0	0.0	3175.935197940289	1	0	1.0	1.6828603655311574
34557.4637416976	1000.0	1618.4714562426993	0.0	0	0.0	3175.935197940282	1	0	1.0	0.2965660044112679
35675.78548609351	1000.0	1500.1497118467869	0.0	0	0.0	3175.935197940282	1	0	1.0	0.9897131849712135
36566.939538883445	1000.0	1608.9956590568559	0.0	0	0.0	3175.9351979402854	1	0	1.0	0.9897131849712133
37517.443443251585	1000.0	1658.4917546887086	0.0	0	0.0	3175.9351979402854	1	0	1.0	0.9897131849712133
38370.69718465008	1000.0	1805.2380132902156	0.0	0	0.0	3175.9351979402854	1	0	1.0	0.9897131849712133
38947.54236798867	1000.0	2228.3928299516224	0.0	0	0.0	3175.935197940278	1	0	1.0	0.9897131849712149
40226.672384178535	2000.0	1949.2628137617496	0.0	0	0.0	3175.935197940278	1	0	1.0	0.9897131849712149
41223.25299983595	2000.0	1952.6821981043383	0.0	0	0.0	3175.9351979402854	1	0	1.0	1.6828603655311585
42512.26221135774	2000.0	1663.6729865825473	0.0	0	0.0	3175.9351979402854	1	0	1.0	1.6828603655311585
43812.95490333219	1000.0	1362.9802946080918	0.0	0	0.0	3175.9351979402854	1	0	1.0	0.2965660044112681
44331.869213192265	1000.0	1844.0659847480151	0.0	0	0.0	3175.9351979402927	1	0	1.0	0.9897131849712117
45408.32710589719	2000.0	1767.608092043095	0.0	0	0.0	3175.9351979402927	1	0	1.0	0.9897131849712117
46299.000490039056	2000.0	1876.9347079012296	0.0	0	0.0	3175.9351979402927	1	0	1.0	1.682860365531157
47664.091041753076	2000.0	1511.8441561872082	0.0	0	0.0	3175.9351979402854	1	0	1.0	1.6828603655311585
49125.41519462238	2000.0	1050.5200033179094	0.0	0	0.0	3175.9351979402854	1	0	1.0	1.6828603655311585
49919.41971621773	1000.0	1256.5154817225625	0.0	0	0.0	3175.935197940278	1	0	1.0	0.2965660044112697
50877.0184420548	2000.0	1298.9167558854872	0.0	0	0.0	3175.935197940278	1	0	1.0	0.9897131849712149
52102.44240180002	2000.0	1073.492796140275	0.0	0	0.0	3175.935197940278	1	0	1.0	1.68286036553116
52861.197188633814	1000.0	1314.7380093064844	0.0	0	0.0	3175.935197940278	1	0	1.0	0.2965660044112697
53785.456474891005	2000.0	1390.4787230492939	0.0	0	0.0	3175.935197940278	1	0	1.0	0.9897131849712149
55403.615498899686	2000.0	772.3196990406184	0.0	0	0.0	3175.935197940278	1	0	1.0	1.68286036553116
56324.957418860744	1000.0	850.9777790795608	0.0	0	0.0	3175.935197940278	1	0	1.0	0.2965660044112697
57056.067054826584	1000.0	1119.8681431137302	0.0	0	0.0	3175.935197940278	1	0	1.0	0.9897131849712149
57797.345729141074	1000.0	1378.5894687992425	0.0	0	0.0	3175.935197940278	1	0	1.0	0.9897131849712149
58710.074834482475	1000.0	1465.8603634578458	0.0	0	0.0	3175.935197940278	1	0	1.0	0.9897131849712149
59592.8328923218	1000.0	1583.102305618522	0.0	0	0.0	3175.9351979402854	1	0	1.0	0.9897131849712133
61514.03690103583	2000.0	661.8982969044832	0.0	0	0.0	3175.935197940278	1	0	1.0	0.9897131849712149
62648.36108377064	1000.0	527.574114169678	0.0	0	0.0	3175.935197940278	1	0	1.0	0.2965660044112697
63480.50115289932	1000.0	695.4340450409895	0.0	0	0.0	3175.935197940278	1	0	1.0	0.9897131849712149
64233.796265898156	1000.0	942.1389320421471	0.0	0	0.0	3175.935197940278	1	0	1.0	0.9897131849712149
64782.32524402018	1000.0	1393.6099539201239	0.0	0	0.0	3175.9351979402854	1	0	1.0	0.9897131849712133
65366.768384896925	1000.0	1809.1668130433811	0.0	0	0.0	3175.9351979402854	1	0	1.0	0.9897131849712133
65888.66435728174	1000.0	2287.270840658572	0.0	0	0.0	3175.9351979403	1	0	1.0	0.9897131849712124
66742.10403598995	2000.0	2433.8311619503693	0.0	0	0.0	3175.9351979403073	1	0	1.0	0.9897131849712093
67526.65998269658	2000.0	2649.275215243715	0.0	0	0.0	3175.9351979402854	1	0	1.0	1.6828603655311563
69983.98418746052	3000.0	1191.9510104797773	0.0	0	0.0	3175.9351979402854	1	0	1.0	1.682860365531159
71290.9378506557	2000.0	884.997347284605	0.0	0	0.0	3175.9351979402854	1	0	1.0	1.2773952574229939
71902.29125519916	1000.0	1273.6439427411474	0.0	0	0.0	3175.9351979402854	1	0	1.0	0.2965660044112681
72986.07656841674	2000.0	1189.8586295235682	0.0	0	0.0	3175.9351979402854	1	0	1.0	0.9897131849712134
74096.92971450841	2000.0	1079.0054834318962	0.0	0	0.0	3175.9351979402854	1	0	1.0	1.6828603655311585
75003.81620439526	1000.0	1172.118993545053	0.0	0	0.0	3175.935197940271	1	0	1.0	0.29656600441127123
75750.67341611104	1000.0	1425.261781829264	0.0	0	0.0	3175.9351979402563	1	0	1.0	0.9897131849712195
76581.36941494518	1000.0	1594.5657829951276	0.0	0	0.0	3175.9351979402563	1	0	1.0	0.9897131849712195
77318.43249354036	1000.0	1857.5027043999528	0.0	0	0.0	3175.9351979402563	1	0	1.0	0.9897131849712195
78304.52746135251	2000.0	1871.4077365877934	0.0	0	0.0	3175.9351979402563	1	0	1.0	0.9897131849712195
79328.90460138081	2000.0	1847.0305965594957	0.0	0	0.0	3175.9351979402563	1	0	1.0	1.6828603655311647
80211.1829845553	1000.0	1964.7522133850182	0.0	0	0.0	3175.9351979402563	1	0	1.0	0.2965660044112744
81994.06430687744	2000.0	1181.8708910628666	0.0	0	0.0	3175.9351979402563	1	0	1.0	0.9897131849712195
82615.81686440132	1000.0	1560.1183335389871	0.0	0	0.0	3175.935197940242	1	0	1.0	0.29656600441127734
83235.66892059612	1000.0	1940.2662773442007	0.0	0	0.0	3175.935197940242	1	0	1.0	0.9897131849712225
84691.5811621974	1000.0	1484.3540357429179	0.0	0	0.0	3175.935197940242	1	0	1.0	0.9897131849712225
85774.72351319341	1000.0	1401.211684746902	0.0	0	0.0	3175.935197940227	1	0	1.0	0.9897131849712257
86352.8212982273	1000.0	1823.1138997130295	0.0	0	0.0	3175.935197940227	1	0	1.0	0.9897131849712257
87034.45163585615	1000.0	2141.483562084158	0.0	0	0.0	3175.9351979402127	1	0	1.0	0.9897131849712287
87659.89608334181	1000.0	2516.03911459852	0.0	0	0.0	3175.9351979402127	1	0	1.0	0.9897131849712287
89762.73275849882	2000.0	1413.2024394414916	0.0	0	0.0	3175.9351979402127	1	0	1.0	0.9897131849712286
90569.55702428886	1000.0	1606.3781736514456	0.0	0	0.0	3175.9351979402127	1	0	1.0	0.29656600441128356
91072.009063151	1000.0	2103.9261347893203	0.0	0	0.0	3175.9351979402127	1	0	1.0	0.9897131849712287
92093.55232732435	2000.0	2082.3828706159766	0.0	0	0.0	3175.9351979402127	1	0	1.0	0.9897131849712286
93366.24318043745	2000.0	1809.6920175028822	0.0	0	0.0	3175.9351979402127	1	0	1.0	1.6828603655311738
94598.72286488276	1000.0	1577.2123330575814	0.0	0	0.0	3175.9351979402127	1	0	1.0	0.29656600441128356
95474.25640926733	1000.0	1701.6787886730242	0.0	0	0.0	3175.935197940198	1	0	1.0	0.9897131849712317
97544.957527144	2000.0	630.9776707963465	0.0	0	0.0	3175.9351979402127	1	0	1.0	0.9897131849712286
99003.62433962431	1000.0	237.616884582529	65.3060262664987	0	0.0	3241.2412242067076	1	0	1.0	-0.10703266803327915
99985.19926341568	1000.0	468.9320441592623	212.89008336810284	0	0.0	3454.131307574804	1	0	1.0	-0.35429528732306653
100857.29326495083	1000.0	596.8380426241131	0.0	0	0.0	3454.131307574804	1	0	1.0	0.9230452128855502
101401.41345077654	1000.0	1052.7178567984038	0.0	0	0.0	3454.131307574804	1	0	1.0	0.9230452128855502
102527.321131526	2000.0	926.8101760489428	0.0	0	0.0	3454.131307574804	1	0	1.0	0.9230452128855501
104285.56577328574	2000.0	200.0	31.434465710797156	0	0.0	3485.5657732855907	1	0	1.0	1.4258672466243696
105366.15321308008	1000.0	395.70496759752143	276.2924073918497	0	0.0	3761.8581806774455	1	0	1.0	-1.5225473154559024
106230.08781517051	1000.0	645.6838991627886	113.91353365570473	0	0.0	1875.7717143332993	1	0	1.0	-5.5332918096306924
106919.99718304355	1000.0	955.7745312897451	0.0	0	0.0	1875.7717143333139	1	0	1.0	1.150189392303535
107581.92161021243	2000.0	1293.8501041208676	0.0	0	0.0	1875.7717143333139	1	0	1.0	1.1501893923035347
108702.88565589896	2000.0	1172.8860584343452	0.0	0	0.0	1875.7717143333139	1	0	1.0	1.8433365728634798
110053.75455752377	2000.0	822.0171568095236	0.0	0	0.0	1875.7717143332993	1	0	1.0	1.843336572863481
110954.56035228996	1000.0	921.2113620433405	0.0	0	0.0	1875.7717143332993	1	0	1.0	0.45704221174359055
112290.72351695891	2000.0	585.0481973743964	0.0	0	0.0	1875.7717143332993	1	0	1.0	1.1501893923035358
113947.33671771208	2000.0	200.0	271.5650033787822	0	0.0	2147.336717712067	1	0	1.0	0.20367882226722284
114652.3073163741	1000.0	618.4420905684558	123.41268923048122	0	0.0	2270.7494069425447	1	0	1.0	-0.31355130492124683
115288.3578824761	1000.0	982.3915244664593	0.0	0	0.0	2270.7494069425593	1	0	1.0	1.1200720110215843
116481.36507858317	2000.0	789.3843283593872	0.0	0	0.0	2270.7494069425593	1	0	1.0	1.120072011021584
117202.21740645653	1000.0	1068.5320004860255	0.0	0	0.0	2270.7494069425593	1	0	1.0	0.42692483046163915
117990.75061687992	1000.0	1279.998790062641	0.0	0	0.0	2270.7494069425447	1	0	1.0	1.1200720110215856
118919.22915716065	2000.0	1351.5202497819062	0.0	0	0.0	2270.7494069425447	1	0	1.0	1.1200720110215856
119660.3325420785	1000.0	1610.4168648640712	0.0	0	0.0	2270.7494069425447	1	0	1.0	0.4269248304616404
121263.7268384448	2000.0	1007.0225684977709	0.0	0	0.0	2270.7494069425447	1	0	1.0	1.1200720110215856
122349.11986495751	1000.0	921.6295419850521	0.0	0	0.0	2270.74940694253	1	0	1.0	0.4269248304616418
123286.81180250563	1000.0	983.9376044369308	0.0	0	0.0	2270.74940694253	1	0	1.0	1.120072011021587
124129.97958954344	1000.0	1140.769817399131	0.0	0	0.0	2270.74940694253	1	0	1.0	1.120072011021587
124798.14767127571	1000.0	1472.6017356668488	0.0	0	0.0	2270.7494069425156	1	0	1.0	1.1200720110215883
125697.365313616	1000.0	1573.3840933265626	0.0	0	0.0	2270.74940694253	1	0	1.0	1.120072011021587
126956.62602789422	1000.0	1314.12337904834	0.0	0	0.0	2270.74940694253	1	0	1.0	1.120072011021587
127565.22497745306	1000.0	1705.5244294894933	0.0	0	0.0	2270.74940694253	1	0	1.0	1.120072011021587
128937.96498460887	2000.0	1332.7844223336938	0.0	0	0.0	2270.7494069425156	1	0	1.0	1.1200720110215883
130237.67260482373	2000.0	1033.076802118823	0.0	0	0.0	2270.7494069425156	1	0	1.0	1.8132191915815334
131529.89316324986	2000.0	740.8562436926946	0.0	0	0.0	2270.7494069425156	1	0	1.0	1.813219191581534
132903.50552099114	2000.0	367.2438859513863	0.0	0	0.0	2270.749406942472	1	0	1.0	1.8132191915815363
134212.7795897923	2000.0	265.6852195809863	207.71540243079983	0	0.0	2478.464809373283	1	0	1.0	0.5458954177240762
134959.0274383636	1000.0	643.0419466536542	123.60457564398433	0	0.0	2602.0693850172684	1	0	1.0	-0.350352140347886
135979.76270612524	2000.0	622.3066788920092	0.0	0	0.0	2602.0693850172684	1	0	1.0	1.0844224940759652
136667.82376283148	2000.0	934.2456221857942	0.0	0	0.0	2602.0693850172684	1	0	1.0	1.7775696746359104
137602.7143011984	2000.0	999.3550838188746	0.0	0	0.0	2602.0693850172684	1	0	1.0	1.7775696746359104
139489.260442774	2000.0	200.0	87.19105775670363	0	0.0	2689.260442773986	1	0	1.0	1.2521478155992485
140483.99362725817	1000.0	488.0591725026953	282.7923569868967	0	0.0	2972.052799760888	1	0	1.0	-1.3607546727106095
141192.09793725953	1000.0	779.9548625013135	0.0	0	0.0	2972.0527997608588	1	0	1.0	1.0291466497707211
142035.93108338013	1000.0	936.1217163806954	0.0	0	0.0	2972.0527997608588	1	0	1.0	1.0291466497707211
142915.17005886295	1000.0	1056.8827408978807	0.0	0	0.0	2972.0527997608297	1	0	1.0	1.0291466497707265
144403.74115327958	2000.0	568.3116464812406	0.0	0	0.0	2972.0527997608297	1	0	1.0	1.0291466497707262
145039.3957802193	1000.0	932.6570195415508	0.0	0	0.0	2972.0527997608297	1	0	1.0	0.33599946921078117
145605.9112510854	1000.0	1366.1415486754217	0.0	0	0.0	2972.0527997608297	1	0	1.0	1.0291466497707265
146734.42665317826	2000.0	1237.6261465825594	0.0	0	0.0	2972.0527997608297	1	0	1.0	1.0291466497707262
147732.55406095003	2000.0	1239.4987388108123	0.0	0	0.0	2972.0527997608588	1	0	1.0	1.7222938303306665
149840.33372370628	2000.0	200.0	68.28092394540819	0	0.0	3040.3337237062515	1	0	1.0	1.3101263043540103
150428.41509962484	1000.0	718.8190426129071	106.9004185314686	0	0.0	3147.2341422377212	1	0	1.0	-0.33884048472855
151850.05238940704	2000.0	297.1817528307039	0.0	0	0.0	3147.234142237692	1	0	1.0	0.9957092070202127
152633.83165591775	1000.0	616.8533660548006	103.45087973479406	0	0.0	3250.6850219724874	1	0	1.0	-0.3404905592282108
153127.4911158672	1000.0	1123.1939061053872	0.0	0	0.0	3250.6850219725166	1	0	1.0	0.973361899740492
153953.4526312338	2000.0	1297.2323907387563	0.0	0	0.0	3250.6850219725457	1	0	1.0	0.9733618997404855
154811.7381416632	2000.0	1438.9468803093782	0.0	0	0.0	3250.6850219725166	1	0	1.0	1.6665090803004374
156348.86174213013	2000.0	901.8232798424281	0.0	0	0.0	3250.6850219724874	1	0	1.0	1.6665090803004423
158372.58828331318	2000.0	200.0	321.90326134060183	0	0.0	3572.5882833131764	1	0	1.0	-0.3100238735458309
159237.3013624813	1000.0	533.3698042653893	198.08288343349665	0	0.0	1770.6711667467025	1	0	1.0	-6.725193776432136
160121.98897908386	1000.0	648.6821876628117	0.0	0	0.0	1770.6711667467316	1	0	1.0	1.1564507047287862
161125.93942184636	2000.0	644.7317449003347	0.0	0	0.0	1770.6711667467607	1	0	1.0	1.1564507047287846
162121.81312466977	2000.0	648.8580420769172	0.0	0	0.0	1770.6711667467607	1	0	1.0	1.8495978852887296
163674.4470461388	2000.0	200.0	103.7758793921314	0	0.0	1874.4470461389283	1	0	1.0	1.2250788540564084
164129.034209355	1000.0	773.4887279344491	28.075891150664972	0	0.0	1902.5229372895847	1	0	1.0	0.2868887357144685
165801.11164547046	2000.0	200.0	98.58870818096257	0	0.0	2001.1116454704606	1	0	1.0	0.5553091772347711
166344.6011994029	1000.0	742.5608224891467	86.05037642160184	0	0.0	2087.162021892058	1	0	1.0	-0.07395487311036017
168101.90556359058	2000.0	228.6131691776823	243.35671087621455	0	0.0	2330.5187327682797	1	0	1.0	-0.340301408333757
169136.83039407065	2000.0	527.7551067134327	334.0667680158199	0	0.0	2664.585500784102	1	0	1.0	-0.23489431365553948
170186.25062404491	2000.0	478.3348767391688	0.0	0	0.0	2664.585500784073	1	0	1.0	1.769506294439383
171215.04206654313	2000.0	449.5434342409392	0.0	0	0.0	2664.585500784073	1	0	1.0	1.7695062944393842
172088.131432956	1000.0	644.416196293	67.96212846491755	0	0.0	2732.5476292490202	1	0	1.0	-0.03387585431633594
173158.02464244567	1000.0	574.5229868033257	0.0	0	0.0	2732.5476292490202	1	0	1.0	1.0670440970331139
174248.53739161504	1000.0	500.7882008459727	16.77796321204187	0	0.0	2749.325592461042	1	0	1.0	0.9639848736008674
175162.46824178912	1000.0	598.1127554550584	11.255404783168785	0	0.0	2760.580997244222	1	0	1.0	0.9954949982747212
175758.32332217175	1000.0	1002.2576750724276	0.0	0	0.0	2760.580997244222	1	0	1.0	1.0630274269737339
176621.65412043768	1000.0	1138.9268768064808	0.0	0	0.0	2760.580997244222	1	0	1.0	1.0630274269737339
177409.79546879232	1000.0	1350.7855284518464	0.0	0	0.0	2760.580997244222	1	0	1.0	1.0630274269737339
178569.46682567074	1000.0	1191.1141715734243	0.0	0	0.0	2760.580997244222	1	0	1.0	1.0630274269737339
179527.12761097733	1000.0	1233.453386266824	0.0	0	0.0	2760.580997244251	1	0	1.0	1.0630274269737296
180363.13045890952	1000.0	1397.4505383346136	0.0	0	0.0	2760.580997244251	1	0	1.0	1.0630274269737296
181022.79598451484	1000.0	1737.7850127292768	0.0	0	0.0	2760.5809972442803	1	0	1.0	1.0630274269737263
182962.2263171554	2000.0	798.35468008871	0.0	0	0.0	2760.580997244251	1	0	1.0	1.0630274269737288
183991.11534002644	1000.0	769.4656572176599	0.0	0	0.0	2760.5809972442803	1	0	1.0	0.3698802464137828
184850.66823520468	1000.0	909.912762039446	0.0	0	0.0	2760.5809972442803	1	0	1.0	1.0630274269737254
185792.1972322993	1000.0	968.3837649448099	0.0	0	0.0	2760.5809972443094	1	0	1.0	1.0630274269737212
186381.7036811095	1000.0	1378.877316134605	0.0	0	0.0	2760.5809972443094	1	0	1.0	1.0630274269737212
187354.96129708434	1000.0	1405.6197001597868	0.0	0	0.0	2760.5809972443094	1	0	1.0	1.0630274269737212
188004.23319793722	1000.0	1756.3477993069178	0.0	0	0.0	2760.5809972443094	1	0	1.0	1.0630274269737212
188867.61811485857	1000.0	1892.9628823855326	0.0	0	0.0	2760.5809972443094	1	0	1.0	1.0630274269737212
189697.46366238303	1000.0	2063.1173348610773	0.0	0	0.0	2760.5809972443094	1	0	1.0	1.0630274269737212
190313.2334718391	1000.0	2447.3475254050236	0.0	0	0.0	2760.5809972443385	1	0	1.0	1.063027426973717
192573.91529071325	2000.0	1186.6657065308796	0.0	0	0.0	2760.5809972443094	1	0	1.0	1.0630274269737194
193340.9811717809	1000.0	1419.5998254632023	0.0	0	0.0	2760.5809972442803	1	0	1.0	0.36988024641378026
194441.2462450108	2000.0	1319.3347522332926	0.0	0	0.0	2760.5809972442803	1	0	1.0	1.0630274269737254
195307.60203651089	2000.0	1452.9789607332107	0.0	0	0.0	2760.5809972443385	1	0	1.0	1.756174607533663
196162.47295674137	2000.0	1598.1080405027315	0.0	0	0.0	2760.5809972443385	1	0	1.0	1.7561746075336622
197213.4546291472	2000.0	1547.1263680969346	0.0	0	0.0	2760.5809972443385	1	0	1.0	1.7561746075336622
199095.23739422334	2000.0	665.3436030207836	0.0	0	0.0	2760.5809972443385	1	0	1.0	1.7561746075336622
200301.53838719538	2000.0	459.04261004873496	0.0	0	0.0	2760.5809972443385	1	0	1.0	1.7561746075336622
201303.81899469343	1000.0	456.76200255068835	0.0	0	0.0	2760.5809972443094	1	0	1.0	0.3698802464137751
201943.16244895398	1000.0	817.4185482901499	0.0	0	0.0	2760.5809972443385	1	0	1.0	1.0630274269737188
203659.31614352504	2000.0	200.0	98.73514628091527	0	0.0	2859.3161435252405	1	0	1.0	0.4670407274843942
204599.26630205975	1000.0	507.9491563749049	247.899314909611	0	0.0	3107.215458434861	1	0	1.0	-1.1767253879463782
205363.27201254613	1000.0	743.9434458885203	0.0	0	0.0	3107.215458434832	1	0	1.0	1.0038176820712388
206984.47541713435	2000.0	200.0	77.25995869969947	0	0.0	3184.4754171345267	1	0	1.0	0.5325079358853797
207811.54784656398	1000.0	562.2241035721016	189.29653300173345	0	0.0	3373.771950136259	1	0	1.0	-0.8849406198005685
208422.2702579938	1000.0	951.5016921422622	0.0	0	0.0	3373.771950136259	1	0	1.0	0.9439857587697775
209154.77591319417	1000.0	1218.9960369418998	0.0	0	0.0	3373.771950136288	1	0	1.0	0.9439857587697703
209715.55008819947	1000.0	1658.2218619365606	0.0	0	0.0	3373.771950136288	1	0	1.0	0.9439857587697703
212359.25164870714	2000.0	200.0	185.4796985710927	0	0.0	3559.2516487074026	1	0	1.0	-0.19281256523480456
213258.14112620396	1000.0	536.1638290379794	235.05330653480354	0	0.0	3794.3049552419398	1	0	1.0	-1.2865646695956325
214021.9403967207	1000.0	772.3645585212619	0.0	0	0.0	3794.3049552419398	1	0	1.0	0.8169023501731337
214926.0170937701	1000.0	868.2878614718804	0.0	0	0.0	3794.3049552419106	1	0	1.0	0.816902350173144
215596.10641118712	2000.0	1198.1985440548547	0.0	0	0.0	3794.3049552418815	1	0	1.0	0.8169023501731545
216786.2271016084	2000.0	1008.077853633596	0.0	0	0.0	3794.3049552418815	1	0	1.0	1.5100495307331079
217523.5553185419	1000.0	1270.74963670009	0.0	0	0.0	3794.3049552418815	1	0	1.0	0.12375516961320931
218086.20659728366	1000.0	1708.098357958325	0.0	0	0.0	3794.3049552418815	1	0	1.0	0.8169023501731545
219560.99074326866	2000.0	1233.3142119733325	0.0	0	0.0	3794.3049552418524	1	0	1.0	0.8169023501731647
220429.29622673636	1000.0	1365.0087285056013	0.0	0	0.0	3794.3049552418524	1	0	1.0	0.12375516961321964
221042.1953008229	1000.0	1752.109654419078	0.0	0	0.0	3794.3049552418815	1	0	1.0	0.8169023501731545
222524.01153023113	2000.0	1270.293425010844	0.0	0	0.0	3794.3049552418815	1	0	1.0	0.8169023501731545
223489.0194893866	1000.0	1305.2854658553333	0.0	0	0.0	3794.3049552418815	1	0	1.0	0.12375516961320931
224221.4507753042	1000.0	1572.8541799377401	0.0	0	0.0	3794.3049552418815	1	0	1.0	0.8169023501731545
224944.61541343495	1000.0	1849.6895418069923	0.0	0	0.0	3794.3049552419106	1	0	1.0	0.8169023501731503
225951.4639013768	1000.0	1842.841053865135	0.0	0	0.0	3794.3049552419106	1	0	1.0	0.8169023501731503
227001.57282398653	2000.0	1792.7321312554002	0.0	0	0.0	3794.3049552419106	1	0	1.0	0.8169023501731439
228729.3364358169	2000.0	1064.9685194250267	0.0	0	0.0	3794.3049552419106	1	0	1.0	1.5100495307330912
229351.30051252196	1000.0	1443.0044427199593	0.0	0	0.0	3794.3049552418815	1	0	1.0	0.12375516961320931
230138.59483226968	1000.0	1655.7101229722532	0.0	0	0.0	3794.3049552418815	1	0	1.0	0.8169023501731545
230811.11092852367	1000.0	1983.1940267182765	0.0	0	0.0	3794.3049552418815	1	0	1.0	0.8169023501731545
231719.5178770347	1000.0	2074.7870782072387	0.0	0	0.0	3794.3049552418815	1	0	1.0	0.8169023501731545
232854.42875587815	1000.0	1939.8761993637604	0.0	0	0.0	3794.3049552419106	1	0	1.0	0.8169023501731525
234205.74912298025	1000.0	1588.5558322616255	0.0	0	0.0	3794.3049552419398	1	0	1.0	0.8169023501731337
234948.10305128014	1000.0	1846.2019039617294	0.0	0	0.0	3794.3049552419398	1	0	1.0	0.8169023501731337
235623.7651548097	1000.0	2170.5398004321414	0.0	0	0.0	3794.3049552419398	1	0	1.0	0.8169023501731337
237979.95416077515	2000.0	814.3507944666923	0.0	0	0.0	3794.3049552419398	1	0	1.0	0.8169023501731336
238812.3290160789	1000.0	981.9759391629419	0.0	0	0.0	1794.3049552419398	1	0	1.0	-5.5380493422257695
239501.39797794647	1000.0	1292.9069772953633	0.0	0	0.0	1794.3049552419398	1	0	1.0	1.1550978383341761
240200.0	1000.0	1594.3049552418502	0.0	0	119.81646955831093	1794.3049552419398	1	0	1.0	1.1550978383341761
241200.0	1000.0	1594.304955241837	0.0	0	438.1650477217336	1794.3049552419398	1	0	1.0	1.1550978383341761
243212.3726462982	2000.0	581.9323089436475	0.0	0	0.0	1794.3049552419398	1	0	1.0	1.155097838334176
244360.7152179359	1000.0	500.00844691520143	66.41870960924773	0	0.0	1860.7236648511898	1	0	1.0	0.059466033065255774
245280.26023823826	1000.0	580.4634266128575	0.0	0	0.0	1860.7236648511898	1	0	1.0	1.1511254712806873
246188.92360348054	1000.0	671.8000613705476	0.0	0	0.0	1860.7236648511898	1	0	1.0	1.1511254712806873
247441.37543902692	1000.0	419.34822582415245	0.0	0	0.0	1860.7236648511607	1	0	1.0	1.1511254712806887
248292.21406994725	1000.0	620.5735367393623	52.06394183551791	0	0.0	1912.7876066866447	1	0	1.0	0.8354442689787432
249161.34978657722	1000.0	751.437820109392	0.0	0	0.0	1912.7876066866447	1	0	1.0	1.1478279199918509
249977.90291968556	1000.0	934.8846870010857	0.0	0	0.0	1912.7876066866447	1	0	1.0	1.1478279199918509
250733.67071156728	2000.0	1179.116895119374	0.0	0	0.0	1912.7876066866447	1	0	1.0	1.1478279199918506
251608.69499152314	2000.0	1304.0926151635224	0.0	0	0.0	1912.7876066866447	1	0	1.0	1.8409751005517958
253538.6681615059	2000.0	374.1194451807636	0.0	0	0.0	1912.7876066866447	1	0	1.0	1.8409751005517967
254526.59256937954	1000.0	495.1025381890075	108.9075008818649	0	0.0	2021.6951075685502	1	0	1.0	-0.2062226427612902
255131.0365510849	1000.0	890.6585564836612	0.0	0	0.0	2021.695107568521	1	0	1.0	1.1403695430898466
255608.90585847752	1000.0	1412.7892490910158	0.0	0	0.0	2021.695107568521	1	0	1.0	1.1403695430898466
256200.0	1000.0	1821.695107568533	0.0	0	53.208367884741165	2021.695107568521	1	0	1.0	1.1403695430898466
257206.19039559813	2000.0	1815.5047119704109	0.0	0	0.0	2021.695107568521	1	0	1.0	1.1403695430898475
258504.14843540208	2000.0	1517.546672166468	0.0	0	0.0	2021.695107568521	1	0	1.0	1.8335167236497918
259200.0	1000.0	1821.6951075685163	0.0	0	59.52853021363262	2021.695107568521	1	0	1.0	0.4472223625299015
260436.33842647364	2000.0	1585.356681094864	0.0	0	0.0	2021.695107568492	1	0	1.0	1.1403695430898486
261536.29038784842	2000.0	1485.404719720099	0.0	0	0.0	2021.6951075684628	1	0	1.0	1.833516723649796
263117.90905837127	2000.0	903.7860491972358	0.0	0	0.0	2021.6951075684046	1	0	1.0	1.8335167236497991
263662.0043048116	1000.0	1359.690802756877	0.0	0	0.0	2021.6951075683464	1	0	1.0	0.44722236252991276
264921.32357019366	2000.0	1100.3715373747477	0.0	0	0.0	2021.6951075684046	1	0	1.0	1.1403695430898582
265602.2763767079	1000.0	1419.4187308605601	0.0	0	0.0	2021.6951075684046	1	0	1.0	0.4472223625299098
266297.0891083834	1000.0	1724.6059991850689	0.0	0	0.0	2021.6951075684046	1	0	1.0	1.140369543089855
267200.0	2000.0	1821.6951075684406	0.0	0	31.134493263438344	2021.6951075684046	1	0	1.0	1.140369543089855
268262.9047190426	2000.0	1758.7903885258604	0.0	0	0.0	2021.6951075684046	1	0	1.0	1.8335167236498
269200.0	1000.0	1821.6951075684146	0.0	0	236.16494489536854	2021.6951075684046	1	0	1.0	0.4472223625299098
270200.0	1000.0	1821.6951075683944	0.0	0	372.97791053459514	2021.6951075684046	1	0	1.0	1.140369543089855
271200.0	1000.0	1821.6951075684087	0.0	0	325.9703170028515	2021.6951075684046	1	0	1.0	1.140369543089855
272258.3513783777	1000.0	1763.3437291906757	0.0	0	0.0	2021.6951075684046	1	0	1.0	1.140369543089855
273200.0	1000.0	1821.6951075683803	0.0	0	203.57171427994035	2021.6951075684046	1	0	1.0	1.140369543089855
274200.0	1000.0	1821.695107568396	0.0	0	279.2107319236384	2021.6951075684046	1	0	1.0	1.140369543089855
275200.0	1000.0	1821.6951075684426	0.0	0	148.14520477276528	2021.6951075684628	1	0	1.0	1.1403695430898508
276200.0	1000.0	1821.695107568407	0.0	0	211.38434881420108	2021.6951075684628	1	0	1.0	1.1403695430898508
277710.1963617741	2000.0	1311.4987457943014	0.0	0	0.0	2021.6951075684628	1	0	1.0	1.1403695430898508
278215.575592948	1000.0	1806.1195146204036	0.0	0	0.0	2021.6951075684628	1	0	1.0	0.44722236252990566
279200.0	2000.0	1821.6951075683564	0.0	0	171.34870894049527	2021.6951075684628	1	0	1.0	1.1403695430898508
280681.060810347	2000.0	1340.6342972213347	0.0	0	0.0	2021.6951075684628	1	0	1.0	1.833516723649796
282109.9084472648	2000.0	911.7866603034884	0.0	0	0.0	2021.6951075684628	1	0	1.0	1.8335167236497987
283310.1639137613	2000.0	711.5311938069641	0.0	0	0.0	2021.6951075684046	1	0	1.0	1.8335167236498
284118.7965558275	1000.0	902.89855174086	0.0	0	0.0	2021.6951075684046	1	0	1.0	0.4472223625299098
285026.35853312624	2000.0	995.3365744421027	0.0	0	0.0	2021.6951075684046	1	0	1.0	1.140369543089855
285663.8105176794	2000.0	1357.8845898890124	0.0	0	0.0	2021.6951075684046	1	0	1.0	1.8335167236498
286367.63021218026	2000.0	1654.0648953881387	0.0	0	0.0	2021.6951075683464	1	0	1.0	1.8335167236498042
287495.19680042745	2000.0	1526.49830714092	0.0	0	0.0	2021.6951075684046	1	0	1.0	1.8335167236498
289789.5374810903	2000.0	232.15762647814068	0.0	0	0.0	2021.6951075684628	1	0	1.0	1.833516723649796
290317.4627098968	1000.0	740.04434970737	35.8119520357252	0	0.0	2057.5070596042206	1	0	1.0	0.22972199551251204
291907.47797084996	2000.0	235.49753223117045	85.468443476993	0	0.0	2142.975503081165	1	0	1.0	0.6216718905351091
292518.30543536454	1000.0	701.4193578761148	76.74929015947862	0	0.0	2219.724793240661	1	0	1.0	-0.029009367370958217
293765.2142655683	2000.0	454.5105276724023	0.0	0	0.0	2219.724793240661	1	0	1.0	1.1246335541458587
294618.43868053245	1000.0	601.2861127082996	0.0	0	0.0	2219.724793240661	1	0	1.0	0.43148637358591363
295100.0398447465	1000.0	1119.6849484941508	0.0	0	0.0	2219.7247932406026	1	0	1.0	1.1246335541458639
296365.3673884961	2000.0	854.3574047446207	0.0	0	0.0	2219.7247932406026	1	0	1.0	1.1246335541458636
297346.33513501106	2000.0	873.3896582297325	0.0	0	0.0	2219.724793240719	1	0	1.0	1.8177807347057997
297918.06805242156	1000.0	1301.6567408192418	0.0	0	0.0	2219.724793240719	1	0	1.0	0.4314863735859085
299377.6384323472	2000.0	842.0863608935866	0.0	0	0.0	2219.724793240719	1	0	1.0	1.1246335541458539
300829.4079973068	2000.0	390.3167959340033	0.0	0	0.0	2219.724793240719	1	0	1.0	1.8177807347057988
301483.7148709147	1000.0	736.0099223260557	0.0	0	0.0	2219.724793240719	1	0	1.0	0.4314863735859085
302144.16725235153	1000.0	1075.5575408892068	0.0	0	0.0	2219.724793240719	1	0	1.0	1.1246335541458536
303083.06369143777	2000.0	1136.661101802983	0.0	0	0.0	2219.724793240661	1	0	1.0	1.1246335541458579
304283.43669199094	2000.0	936.2881012498376	0.0	0	0.0	2219.724793240661	1	0	1.0	1.817780734705804
304909.3200933712	1000.0	1310.4046998695328	0.0	0	0.0	2219.724793240661	1	0	1.0	0.43148637358591363
306798.6360350092	2000.0	421.08875823152835	0.0	0	0.0	2219.724793240661	1	0	1.0	1.1246335541458587
307550.1325827782	1000.0	669.592210462584	0.0	0	0.0	2219.724793240719	1	0	1.0	0.4314863735859085
308568.5545027388	1000.0	651.1702905019981	0.0	0	0.0	2219.724793240661	1	0	1.0	1.1246335541458587
309085.8490647693	1000.0	1133.8757284715557	0.0	0	0.0	2219.724793240661	1	0	1.0	1.1246335541458587
2.14	2.69	1.18	1.62	1.29	1.25	1.31	1.89	2.31	2.09	1.3	1.82	1.09	1.91	1.07	1.89	2.44	1.93	0.91	1.3	0.88	1.11	1.45	1.51	1.32	1.04	1.1	1.74	1.96	1.14	0.82	0.94	0.89	1.3	1.33	1.56	1.6	1.73	0.9	0.87	1.91	2.43	1.68	1.84	1.59	0.74	2.12	1.36	1.15	1.83	1.26	1.23	1.67	1.55	1.46	1.53	1.45	0.92	0.7	1.51	1.49	1.31	2.35	2.02	1.7	1.41	1.9	1.45	1.8	1.71	1.34	1.24	1.27	1.6	2.04	1.15	1.4	1.16	1.45	1.18	0.64	1.22	1.46	1.32	1.0	1.39	1.59	1.76	2.19	0.98	1.02	1.31	0.91	1.48	0.74	1.07	1.22	2.25	2.24	1.05	1.04	1.0	1.66	2.49	2.25	1.26	1.26	1.89	2.4	1.16	1.45	1.77	1.4	1.53	1.89	1.74	1.55	1.27	0.93	1.14	1.6	1.55	0.96	1.54	1.54	1.86	2.03	1.71	1.69	2.03	1.54	1.86	2.58	2.69	1.1	0.92	1.3	1.6	1.26	2.06	1.16	1.63	1.97	2.02	1.41	1.12	2.2	1.66	1.42	2.18	2.14	2.69	1.18	1.62	1.29	1.25	1.31	1.89	2.31	2.09	1.3	1.82	1.09	1.91	1.07	1.89	2.44	1.93	0.91	1.3	0.88	1.11	1.45	1.51	1.32	1.04	1.1	1.74	1.96	1.14	0.82	0.94	0.89	1.3	1.33	1.56	1.6	1.73	0.9	0.87	1.91	2.43	1.68	1.84	1.59	0.74	2.12	1.36	1.15	1.83	1.26	1.23	1.67	1.55	1.46	1.53	1.45	0.92	0.7	1.51	1.49	1.31	2.35	2.02	1.7	1.41	1.9	1.45	1.8	1.71	1.34	1.24	1.27	1.6	2.04	1.15	1.4	1.16	1.45	1.18	0.64	1.22	1.46	1.32	1.0	1.39	1.59	1.76	2.19	0.98	1.02	1.31	0.91	1.48	0.74	1.07	1.22	2.25	2.24	1.05	1.04	1.0	1.66	2.49	2.25	1.26	1.26	1.89	2.4	1.16	1.45	1.77	1.4	1.53	1.89	1.74	1.55	1.27	0.93	1.14	1.6	1.55	0.96	1.54	1.54	1.86	2.03	1.71	1.69	2.03	1.54	1.86	2.58	2.69	1.1	0.92	1.3	1.6	1.26	2.06	1.16	1.63	1.97	2.02	1.41	1.12	2.2	1.66	1.42	2.18	2.14	2.69	1.18	1.62	1.29	1.25	1.31	1.89	2.31
1.0	2.0	3.0	4.0	5.0	6.0	7.0	8.0	9.0	10.0	11.0	12.0	13.0	14.0	15.0	16.0	17.0	18.0	19.0	20.0	21.0	22.0	23.0	24.0	25.0	26.0	27.0	28.0	29.0	30.0	31.0	32.0	33.0	34.0	35.0	36.0	37.0	38.0	39.0	40.0	41.0	42.0	43.0	44.0	45.0	46.0	47.0	48.0	49.0	50.0	51.0	52.0	53.0	54.0	55.0	56.0	57.0	58.0	59.0	60.0	61.0	62.0	63.0	64.0	65.0	66.0	67.0	68.0	69.0	70.0	71.0	72.0	73.0	74.0	75.0	76.0	77.0	78.0	79.0	80.0	81.0	82.0	83.0	84.0	85.0	86.0	87.0	88.0	89.0	90.0	91.0	92.0	93.0	94.0	95.0	96.0	97.0	98.0	99.0	100.0	101.0	102.0	103.0	104.0	105.0	106.0	107.0	108.0	109.0	110.0	111.0	112.0	113.0	114.0	115.0	116.0	117.0	118.0	119.0	120.0	121.0	122.0	123.0	124.0	125.0	126.0	127.0	128.0	129.0	130.0	131.0	132.0	133.0	134.0	135.0	136.0	137.0	138.0	139.0	140.0	141.0	142.0	143.0	144.0	145.0	146.0	147.0	148.0	149.0	149.0	150.0	151.0	152.0	153.0	154.0	155.0	156.0	157.0	158.0	159.0	160.0	161.0	162.0	163.0	164.0	165.0	166.0	167.0	168.0	169.0	170.0	171.0	172.0	173.0	174.0	175.0	176.0	177.0	178.0	179.0	180.0	181.0	182.0	183.0	184.0	185.0	186.0	187.0	188.0	189.0	190.0	191.0	192.0	193.0	194.0	195.0	196.0	197.0	198.0	199.0	200.0	201.0	202.0	203.0	204.0	205.0	206.0	207.0	208.0	209.0	210.0	211.0	212.0	213.0	214.0	215.0	216.0	217.0	218.0	219.0	220.0	221.0	222.0	223.0	224.0	225.0	226.0	227.0	228.0	229.0	230.0	231.0	232.0	233.0	234.0	235.0	236.0	237.0	238.0	239.0	240.0	241.0	242.0	243.0	244.0	245.0	246.0	247.0	248.0	249.0	250.0	251.0	252.0	253.0	254.0	255.0	256.0	257.0	258.0	259.0	260.0	261.0	262.0	263.0	264.0	265.0	266.0	267.0	268.0	269.0	270.0	271.0	272.0	273.0	274.0	275.0	276.0	277.0	278.0	279.0	280.0	281.0	282.0	283.0	284.0	285.0	286.0	287.0	288.0	289.0	290.0	291.0	292.0	293.0	294.0	295.0	296.0	297.0	298.0	298.0	299.0	300.0	301.0	302.0	303.0	304.0	305.0	306.0	307.0
3771.9185770100976
