3465.812905480848	500.0	2000.0	152.76003426929495	0	0.0	3465.812905480848	1	0	1.0	-1.1921296984805796
4401.0685963702235	3000.0	2064.7443091106234	0.0	0	0.0	3465.8129054808473	1	0	1.0	0.22673203861488522
5278.175202498671	3000.0	2187.637702982176	0.0	0	0.0	3465.812905480847	1	0	1.0	2.0184915078429406
6050.576571404728	3000.0	2415.236334076118	0.0	0	0.0	3465.8129054808464	1	0	1.0	2.0184915078429406
7555.416766960879	3000.0	1910.3961385199677	0.0	0	0.0	3465.812905480846	1	0	1.0	2.018491507842941
9064.944821196044	3000.0	1400.868084284802	0.0	0	0.0	3465.812905480846	1	0	1.0	2.018491507842941
10016.026962613363	3000.0	1449.785942867483	0.0	0	0.0	3465.812905480845	1	0	1.0	2.018491507842941
11371.165930590694	3000.0	1094.6469748901513	0.0	0	0.0	3465.812905480844	1	0	1.0	2.018491507842941
12397.39741483133	3000.0	1068.4154906495162	0.0	0	0.0	3465.812905480845	1	0	1.0	2.018491507842941
12902.380496796488	3000.0	1563.4324086843583	0.0	0	0.0	3465.812905480845	1	0	1.0	2.018491507842941
13359.31943121753	3000.0	2106.4934742633145	0.0	0	0.0	3465.8129054808433	1	0	1.0	2.0184915078429415
13796.217997998749	3000.0	2669.594907482095	0.0	0	0.0	3465.8129054808433	1	0	1.0	2.0184915078429415
14483.206238780645	3000.0	2982.606666700198	0.0	0	0.0	3465.8129054808433	1	0	1.0	2.0184915078429415
15428.89993591322	3000.0	3036.9129695676243	0.0	0	0.0	3465.8129054808414	1	0	1.0	2.018491507842942
16296.92622242478	3000.0	3168.8866830560637	0.0	0	0.0	3465.8129054808414	1	0	1.0	2.018491507842942
17461.454795885715	3000.0	3004.35810959513	0.0	0	0.0	3465.8129054808433	1	0	1.0	2.018491507842941
18234.036851626977	3000.0	3231.776053853868	0.0	0	0.0	3465.812905480845	1	0	1.0	2.018491507842941
19200.0	3000.0	3265.8129054808473	0.0	0	210.22136301950013	3465.812905480847	1	0	1.0	2.018491507842941
20285.169761794805	3000.0	3180.6431436860385	0.0	0	0.0	3465.812905480845	1	0	1.0	2.018491507842941
21200.0	3000.0	3265.81290548084	0.0	0	46.78723673094646	3465.812905480845	1	0	1.0	2.018491507842941
22200.0	3000.0	3265.8129054808405	0.0	0	125.03623042531399	3465.812905480845	1	0	1.0	2.018491507842941
23200.0	3000.0	3265.81290548084	0.0	0	68.33169462988371	3465.812905480845	1	0	1.0	2.018491507842941
24508.13176111915	3000.0	2957.6811443616875	0.0	0	0.0	3465.812905480845	1	0	1.0	2.018491507842941
26440.751708122396	3000.0	2025.0611973584416	0.0	0	0.0	3465.812905480845	1	0	1.0	2.018491507842941
28476.912114207906	3000.0	988.9007912729348	0.0	0	0.0	3465.812905480845	1	0	1.0	2.018491507842941
29563.15123954403	2000.0	902.6616659368124	0.0	0	0.0	3465.812905480845	1	0	1.0	1.2075612916266116
30450.568608138597	2000.0	1015.2442973422434	0.0	0	0.0	3465.812905480845	1	0	1.0	1.6130263997347762
31104.263531545865	2000.0	1361.5493739349752	0.0	0	0.0	3465.812905480845	1	0	1.0	1.6130263997347762
31670.235330779877	2000.0	1795.5775747009613	0.0	0	0.0	3465.812905480845	1	0	1.0	1.6130263997347762
32546.283066184882	3000.0	1919.5298392959562	0.0	0	0.0	3465.8129054808414	1	0	1.0	1.6130263997347776
33500.35176525221	3000.0	1965.4611402286214	0.0	0	0.0	3465.812905480834	1	0	1.0	2.0184915078429433
34943.11980525206	3000.0	1522.693100228777	0.0	0	0.0	3465.812905480838	1	0	1.0	2.0184915078429433
36002.37861168665	3000.0	1463.4342937941979	0.0	0	0.0	3465.812905480838	1	0	1.0	2.018491507842943
37105.67100527621	3000.0	1360.1419002046453	0.0	0	0.0	3465.812905480838	1	0	1.0	2.018491507842943
38469.49387858926	3000.0	996.3190268915914	0.0	0	0.0	3465.812905480838	1	0	1.0	2.018491507842943
39485.31870929561	2000.0	980.4941961852354	0.0	0	0.0	3465.8129054808305	1	0	1.0	1.2075612916266159
40421.01791389881	2000.0	1044.794991582036	0.0	0	0.0	3465.8129054808305	1	0	1.0	1.6130263997347805
41516.60548735333	3000.0	949.207418127513	0.0	0	0.0	3465.8129054808232	1	0	1.0	1.6130263997347827
42238.51487787286	3000.0	1227.298027607979	0.0	0	0.0	3465.8129054808232	1	0	1.0	2.0184915078429473
43351.01771959376	3000.0	1114.7951858870888	0.0	0	0.0	3465.8129054808232	1	0	1.0	2.0184915078429473
44216.2144049528	3000.0	1249.5985005280454	0.0	0	0.0	3465.8129054808232	1	0	1.0	2.0184915078429473
44736.910354588006	3000.0	1728.9025508928364	0.0	0	0.0	3465.8129054808232	1	0	1.0	2.0184915078429473
45184.576776359085	3000.0	2281.2361291217544	0.0	0	0.0	3465.8129054808232	1	0	1.0	2.0184915078429473
46348.015341073944	3000.0	2117.797564406902	0.0	0	0.0	3465.8129054808232	1	0	1.0	2.0184915078429473
47704.981670248664	3000.0	1760.8312352321796	0.0	0	0.0	3465.8129054808232	1	0	1.0	2.0184915078429473
49097.3816881315	3000.0	1368.4312173493474	0.0	0	0.0	3465.8129054808232	1	0	1.0	2.0184915078429473
50014.73230710475	3000.0	1451.0805983760977	0.0	0	0.0	3465.8129054808305	1	0	1.0	2.018491507842945
51161.03125275785	3000.0	1304.7816527230048	0.0	0	0.0	3465.812905480838	1	0	1.0	2.018491507842943
51863.334202147424	3000.0	1602.4787033334267	0.0	0	0.0	3465.812905480838	1	0	1.0	2.018491507842943
52621.32896198087	3000.0	1844.4839434999838	0.0	0	0.0	3465.812905480838	1	0	1.0	2.018491507842943
53695.76051865941	3000.0	1770.0523868214443	0.0	0	0.0	3465.812905480838	1	0	1.0	2.018491507842943
54831.299222499205	3000.0	1634.5136829816468	0.0	0	0.0	3465.812905480838	1	0	1.0	2.018491507842943
55771.7843981308	3000.0	1694.0285073500409	0.0	0	0.0	3465.812905480838	1	0	1.0	2.018491507842943
56675.56060373006	3000.0	1790.252301750784	0.0	0	0.0	3465.8129054808305	1	0	1.0	2.018491507842945
57479.960383374164	3000.0	1985.8525221066834	0.0	0	0.0	3465.8129054808305	1	0	1.0	2.018491507842945
58328.85063118893	3000.0	2136.9622742919164	0.0	0	0.0	3465.8129054808305	1	0	1.0	2.018491507842945
59012.243321153706	3000.0	2453.5695843271396	0.0	0	0.0	3465.8129054808305	1	0	1.0	2.018491507842945
60210.3247708237	3000.0	2255.488134657147	0.0	0	0.0	3465.8129054808232	1	0	1.0	2.0184915078429473
61547.56927567932	3000.0	1918.2436298015245	0.0	0	0.0	3465.812905480816	1	0	1.0	2.018491507842949
62709.765145163045	3000.0	1756.0477603177937	0.0	0	0.0	3465.8129054808087	1	0	1.0	2.018491507842951
63536.8190202282	3000.0	1928.9938852526393	0.0	0	0.0	3465.8129054808087	1	0	1.0	2.018491507842951
64611.499169946626	3000.0	1854.313735534205	0.0	0	0.0	3465.8129054808087	1	0	1.0	2.018491507842951
65365.108101670485	3000.0	2100.7048038103576	0.0	0	0.0	3465.812905480816	1	0	1.0	2.018491507842949
66715.61598282147	3000.0	1750.1969226593837	0.0	0	0.0	3465.8129054808305	1	0	1.0	2.018491507842948
67766.10160255671	3000.0	1699.7113029241518	0.0	0	0.0	3465.812905480838	1	0	1.0	2.018491507842944
68525.39317431382	3000.0	1940.4197311670328	0.0	0	0.0	3465.812905480838	1	0	1.0	2.018491507842942
69224.17187555335	3000.0	2241.641029927501	0.0	0	0.0	3465.812905480838	1	0	1.0	2.0184915078429433
69776.3504876129	3000.0	2689.462417867953	0.0	0	0.0	3465.812905480838	1	0	1.0	2.018491507842943
70577.6026153573	3000.0	2888.2102901235503	0.0	0	0.0	3465.8129054808524	1	0	1.0	2.0184915078429393
71499.23586611786	3000.0	2966.577039362995	0.0	0	0.0	3465.812905480838	1	0	1.0	2.018491507842943
72932.48897655417	3000.0	2533.323928926674	0.0	0	0.0	3465.812905480838	1	0	1.0	2.018491507842943
73625.3533782404	3000.0	2840.4595272404467	0.0	0	0.0	3465.812905480838	1	0	1.0	2.018491507842943
74350.23733410524	3000.0	3115.57557137559	0.0	0	0.0	3465.812905480838	1	0	1.0	2.018491507842943
75200.0	3000.0	3265.812905480832	0.0	0	384.0500303403969	3465.812905480838	1	0	1.0	2.018491507842943
76200.0	3000.0	3265.812905480852	0.0	0	223.5274552579358	3465.812905480838	1	0	1.0	2.018491507842943
77316.47726982622	3000.0	3149.3356356546406	0.0	0	0.0	3465.812905480838	1	0	1.0	2.018491507842943
78200.0	3000.0	3265.812905480872	0.0	0	158.40325136976026	3465.812905480838	1	0	1.0	2.018491507842943
79200.0	3000.0	3265.812905480868	0.0	0	278.46930429893837	3465.8129054808232	1	0	1.0	2.0184915078429473
80200.0	3000.0	3265.8129054808755	0.0	0	312.2412417720043	3465.8129054808232	1	0	1.0	2.0184915078429473
81250.63545131152	3000.0	3215.177454169359	0.0	0	0.0	3465.812905480838	1	0	1.0	2.018491507842943
82200.0	3000.0	3265.8129054808805	0.0	0	205.27922701345233	3465.812905480838	1	0	1.0	2.018491507842943
83200.0	3000.0	3265.8129054808774	0.0	0	286.3406562794553	3465.812905480838	1	0	1.0	2.018491507842943
84200.0	3000.0	3265.812905480874	0.0	0	197.0484411187499	3465.812905480838	1	0	1.0	2.018491507842943
85429.13434291478	3000.0	3036.6785625660964	0.0	0	0.0	3465.812905480838	1	0	1.0	2.018491507842943
86808.21638327868	3000.0	2657.596522202215	0.0	0	0.0	3465.812905480838	1	0	1.0	2.018491507842943
87851.6683570143	3000.0	2614.1445484665946	0.0	0	0.0	3465.812905480838	1	0	1.0	2.018491507842943
88885.2902751692	3000.0	2580.5226303117024	0.0	0	0.0	3465.812905480838	1	0	1.0	2.018491507842943
89766.19969154782	3000.0	2699.613213933079	0.0	0	0.0	3465.812905480838	1	0	1.0	2.018491507842943
90722.98560266303	3000.0	2742.8273028178724	0.0	0	0.0	3465.812905480838	1	0	1.0	2.018491507842943
91795.73388784453	3000.0	2670.079017636378	0.0	0	0.0	3465.812905480838	1	0	1.0	2.018491507842943
92486.92193638843	3000.0	2978.8909690924825	0.0	0	0.0	3465.812905480838	1	0	1.0	2.018491507842943
93279.01180731734	3000.0	3186.8010981635734	0.0	0	0.0	3465.812905480838	1	0	1.0	2.018491507842943
94200.0	3000.0	3265.8129054808937	0.0	0	410.5284013784549	3465.8129054808232	1	0	1.0	2.0184915078429473
95200.0	3000.0	3265.812905480884	0.0	0	377.94277710655297	3465.8129054808232	1	0	1.0	2.0184915078429473
96442.57077742902	6000.0	3023.2421280518647	0.0	0	0.0	3465.8129054808232	1	0	1.0	2.0184915078429473
98229.62093383775	6000.0	2236.191971643131	0.0	0	0.0	3465.8129054808232	1	0	1.0	2.711638688402892
99530.91877490129	3000.0	1934.8941305795868	0.0	0	0.0	3465.8129054808087	1	0	1.0	1.325344327283006
100723.0386000049	3000.0	1742.774305475973	0.0	0	0.0	3465.812905480794	1	0	1.0	2.018491507842955
101938.20848206391	3000.0	1527.6044234169638	0.0	0	0.0	3465.8129054807796	1	0	1.0	2.018491507842959
102926.13231157791	3000.0	1539.6805939029823	0.0	0	0.0	3465.812905480794	1	0	1.0	2.018491507842955
104008.71433373501	3000.0	1457.0985717458768	0.0	0	0.0	3465.812905480794	1	0	1.0	2.018491507842955
105513.6536401051	3000.0	952.1592653758057	0.0	0	0.0	3465.812905480794	1	0	1.0	2.018491507842955
106304.73438566142	2000.0	1161.0785198194874	0.0	0	0.0	3465.812905480794	1	0	1.0	1.2075612916266258
107182.51264607182	3000.0	1283.300259409079	0.0	0	0.0	3465.812905480794	1	0	1.0	1.6130263997347902
108300.67589798247	3000.0	1165.1370074984184	0.0	0	0.0	3465.812905480794	1	0	1.0	2.018491507842955
109753.64507561944	3000.0	712.1678298614386	0.0	0	0.0	3465.812905480794	1	0	1.0	2.018491507842955
110823.87836257617	2000.0	641.9345429047103	0.0	0	0.0	3465.812905480794	1	0	1.0	1.2075612916266258
111599.52638661879	2000.0	866.2865188621091	0.0	0	0.0	3465.812905480794	1	0	1.0	1.6130263997347905
112561.36719533031	2000.0	904.4457101505837	0.0	0	0.0	3465.812905480794	1	0	1.0	1.6130263997347905
113265.77924198729	2000.0	1200.0336634936116	0.0	0	0.0	3465.812905480794	1	0	1.0	1.6130263997347905
114147.2376990227	3000.0	1318.5752064582116	0.0	0	0.0	3465.812905480794	1	0	1.0	1.6130263997347902
114835.82382462091	3000.0	1629.9890808600069	0.0	0	0.0	3465.812905480794	1	0	1.0	2.018491507842955
115549.95253242712	3000.0	1915.8603730537748	0.0	0	0.0	3465.812905480794	1	0	1.0	2.018491507842955
116549.53623936918	3000.0	1916.2766661117098	0.0	0	0.0	3465.812905480794	1	0	1.0	2.018491507842955
117536.67880049227	3000.0	1929.1341049886084	0.0	0	0.0	3465.812905480794	1	0	1.0	2.018491507842955
118475.6770078014	3000.0	1990.1358976794838	0.0	0	0.0	3465.812905480794	1	0	1.0	2.018491507842955
118986.0977669269	3000.0	2479.715138553966	0.0	0	0.0	3465.812905480794	1	0	1.0	2.018491507842955
119547.98884971422	3000.0	2917.8240557666472	0.0	0	0.0	3465.812905480794	1	0	1.0	2.018491507842955
121327.12575735872	6000.0	2138.6871481221406	0.0	0	0.0	3465.8129054808087	1	0	1.0	2.018491507842951
122720.72385517496	3000.0	1745.089050305897	0.0	0	0.0	3465.8129054808232	1	0	1.0	1.3253443272830023
124803.2785646999	3000.0	662.5343407809482	0.0	0	0.0	3465.8129054808232	1	0	1.0	2.0184915078429473
125487.25182797814	2000.0	978.5610775027201	0.0	0	0.0	3465.812905480838	1	0	1.0	1.2075612916266136
126463.18028712744	2000.0	1002.632618353403	0.0	0	0.0	3465.812905480838	1	0	1.0	1.6130263997347782
127204.53053941649	2000.0	1261.2823660643621	0.0	0	0.0	3465.812905480838	1	0	1.0	1.6130263997347782
127661.5866869948	2000.0	1804.2262184860526	0.0	0	0.0	3465.812905480838	1	0	1.0	1.6130263997347782
128441.78849156835	3000.0	2024.0244139125025	0.0	0	0.0	3465.812905480838	1	0	1.0	1.6130263997347785
129229.354716282	3000.0	2236.458189198852	0.0	0	0.0	3465.812905480838	1	0	1.0	2.018491507842943
129874.68941563471	3000.0	2591.1234898461403	0.0	0	0.0	3465.812905480838	1	0	1.0	2.018491507842943
132448.67631544778	6000.0	1017.1365900330603	0.0	0	0.0	3465.8129054808087	1	0	1.0	2.0184915078429486
133712.3236299413	3000.0	753.4892755395341	0.0	0	0.0	3465.812905480794	1	0	1.0	1.3253443272830085
134195.8652796156	2000.0	1269.947625865218	0.0	0	0.0	3465.8129054807796	1	0	1.0	1.2075612916266278
135166.49228003176	3000.0	1299.3206254490751	0.0	0	0.0	3465.812905480794	1	0	1.0	1.6130263997347902
136011.23758956496	3000.0	1454.5753159159085	0.0	0	0.0	3465.812905480794	1	0	1.0	2.018491507842955
136749.5920802167	3000.0	1716.2208252641744	0.0	0	0.0	3465.812905480765	1	0	1.0	2.018491507842963
137940.14137339446	3000.0	1525.671532086411	0.0	0	0.0	3465.812905480765	1	0	1.0	2.018491507842963
139243.78073237787	3000.0	1222.0321731030008	0.0	0	0.0	3465.812905480765	1	0	1.0	2.018491507842963
140108.78480863813	3000.0	1357.028096842732	0.0	0	0.0	3465.812905480765	1	0	1.0	2.018491507842963
140678.46465494696	3000.0	1787.3482505338648	0.0	0	0.0	3465.812905480765	1	0	1.0	2.018491507842963
141310.41823574537	3000.0	2155.3946697354904	0.0	0	0.0	3465.812905480765	1	0	1.0	2.018491507842963
142230.0187298802	3000.0	2235.794175600671	0.0	0	0.0	3465.812905480765	1	0	1.0	2.018491507842963
142928.09944010296	3000.0	2537.713465377925	0.0	0	0.0	3465.812905480765	1	0	1.0	2.018491507842963
143462.8377408815	3000.0	3002.975164599365	0.0	0	0.0	3465.812905480794	1	0	1.0	2.018491507842955
144200.0489154539	3000.0	3265.7639900270005	0.0	0	0.0	3465.812905480794	1	0	1.0	2.018491507842955
145200.0	3000.0	3265.8129054808583	0.0	0	149.9308735813829	3465.812905480794	1	0	1.0	2.018491507842955
146200.0	3000.0	3265.8129054808655	0.0	0	334.5221650780877	3465.8129054808232	1	0	1.0	2.0184915078429473
147200.0	3000.0	3265.8129054808423	0.0	0	321.9285569076019	3465.8129054808524	1	0	1.0	2.0184915078429393
148200.0	3000.0	3265.8129054808355	0.0	0	422.2779575539753	3465.8129054808524	1	0	1.0	2.0184915078429393
149200.0	3000.0	3265.8129054808537	0.0	0	202.90566043314175	3465.8129054808524	1	0	1.0	2.0184915078429393
150200.0	3000.0	3265.8129054808696	0.0	0	95.81812292514951	3465.8129054808524	1	0	1.0	2.0184915078429393
151549.42013793497	3000.0	2916.392767545925	0.0	0	0.0	3465.8129054808524	1	0	1.0	2.0184915078429393
152857.55496405336	3000.0	2608.257941427557	0.0	0	0.0	3465.8129054808524	1	0	1.0	2.0184915078429393
153774.94859771978	3000.0	2690.864307761141	0.0	0	0.0	3465.8129054808815	1	0	1.0	2.0184915078429313
154616.77707376733	3000.0	2849.0358317135533	0.0	0	0.0	3465.8129054808524	1	0	1.0	2.0184915078429393
155694.93143634085	3000.0	2770.881469140045	0.0	0	0.0	3465.8129054808815	1	0	1.0	2.0184915078429313
156718.0325386746	3000.0	2747.780366806252	0.0	0	0.0	3465.8129054808815	1	0	1.0	2.0184915078429313
157877.78936021554	3000.0	2588.0235452653214	0.0	0	0.0	3465.8129054808815	1	0	1.0	2.0184915078429313
159029.14238658614	3000.0	2436.6705188946994	0.0	0	0.0	3465.8129054808524	1	0	1.0	2.0184915078429393
160223.04707041633	3000.0	2242.76583506452	0.0	0	0.0	3465.8129054808815	1	0	1.0	2.0184915078429313
160924.46731785717	3000.0	2541.345587623702	0.0	0	0.0	3465.8129054808815	1	0	1.0	2.0184915078429313
161788.24136418058	3000.0	2677.571541300289	0.0	0	0.0	3465.8129054809106	1	0	1.0	2.0184915078429233
162274.46924403857	3000.0	3191.343661442326	0.0	0	0.0	3465.8129054809397	1	0	1.0	2.0184915078429153
163200.0	3000.0	3265.8129054808965	0.0	0	454.11893678447814	3465.8129054809106	1	0	1.0	2.0184915078429233
164877.68597748026	6000.0	2588.1269280006286	0.0	0	0.0	3465.8129054809397	1	0	1.0	2.0184915078429153
165910.31860407526	3000.0	2555.4943014056394	0.0	0	0.0	3465.8129054809106	1	0	1.0	1.3253443272829784
166746.2228731414	3000.0	2719.590032339502	0.0	0	0.0	3465.8129054809106	1	0	1.0	2.0184915078429233
167561.096823039	3000.0	2904.7160824419448	0.0	0	0.0	3465.8129054809106	1	0	1.0	2.0184915078429233
168200.0	3000.0	3265.8129054809574	0.0	0	32.09790468067513	3465.8129054808815	1	0	1.0	2.0184915078429313
169584.8941579695	3000.0	2880.9187475114304	0.0	0	0.0	3465.8129054808815	1	0	1.0	2.0184915078429313
170576.77022707064	3000.0	2889.042678410296	0.0	0	0.0	3465.8129054808815	1	0	1.0	2.0184915078429313
171739.53759022488	3000.0	2726.2753152560285	0.0	0	0.0	3465.8129054808815	1	0	1.0	2.018491507842933
173070.8798663365	3000.0	2394.9330391443996	0.0	0	0.0	3465.8129054808815	1	0	1.0	2.0184915078429313
174595.77869583294	3000.0	1870.0342096479815	0.0	0	0.0	3465.8129054808815	1	0	1.0	2.0184915078429313
176138.38478548804	3000.0	1327.4281199928726	0.0	0	0.0	3465.8129054808524	1	0	1.0	2.0184915078429393
178422.4815999841	3000.0	241.30673193223063	197.97542643545034	0	0.0	3663.788331916294	1	0	1.0	0.7933223113867446
179243.54893158743	2000.0	578.1974528845478	157.95805255564946	0	0.0	821.7463844719168	1	0	1.0	-8.468627892247014
180200.0	2000.0	621.7463844719791	0.0	0	244.34142344491556	821.7463844719168	1	0	1.0	1.88458553119505
181200.0	2000.0	621.7463844719555	0.0	0	189.30349371419288	821.7463844719168	1	0	1.0	1.88458553119505
182200.0	2000.0	621.7463844719823	0.0	0	44.126512569288025	821.7463844719168	1	0	1.0	1.88458553119505
183200.0	2000.0	621.7463844720126	0.0	0	454.80092261210666	821.7463844719168	1	0	1.0	1.88458553119505
184200.0	2000.0	621.7463844719998	0.0	0	371.1518409247801	821.7463844719168	1	0	1.0	1.88458553119505
185200.0	2000.0	621.746384471997	0.0	0	210.23441262647975	821.7463844718877	1	0	1.0	1.8845855311950506
186200.0	2000.0	621.7463844719879	0.0	0	509.52527222581557	821.7463844718877	1	0	1.0	1.8845855311950506
187491.6114182366	3000.0	350.8277368853429	20.69277064998937	0	0.0	842.4391551218578	1	0	1.0	1.7599627218922969
188445.85030357755	2000.0	514.7078074616131	118.11895591718672	0	0.0	960.5581110390485	1	0	1.0	0.7670889291404538
189200.0	2000.0	760.5581110391673	0.0	0	48.87538017643965	960.5581110390485	1	0	1.0	1.8812677727517388
190200.0	2000.0	760.5581110391711	0.0	0	235.04889172152616	960.5581110390485	1	0	1.0	1.8812677727517388
191200.0	2000.0	760.558111039181	0.0	0	312.82438394016935	960.5581110390776	1	0	1.0	1.881267772751738
192200.0	3000.0	760.5581110391665	0.0	0	199.83362230789498	960.5581110390485	1	0	1.0	1.8812677727517388
193200.0	3000.0	760.5581110391762	0.0	0	310.3551285363501	960.5581110390485	1	0	1.0	2.2867328808599034
194200.0	3000.0	760.5581110391661	0.0	0	485.59837439793046	960.5581110390776	1	0	1.0	2.2867328808599026
195555.87508053516	3000.0	404.68303050402903	0.0	0	0.0	960.5581110390776	1	0	1.0	2.2867328808599026
196628.3332516892	3000.0	378.22473588598825	45.999876536016984	0	0.0	1006.55798757507	1	0	1.0	2.009529965838853
197991.92935442986	3000.0	272.84848087090074	258.2198477255389	0	0.0	1264.7778353007452	1	0	1.0	0.728340212010917
198803.32807340546	2000.0	607.0915653643	145.64180346896737	0	0.0	1410.4196387697011	1	0	1.0	0.5874745883433146
199544.3676754311	2000.0	866.0519633386845	0.0	0	0.0	1410.4196387697011	1	0	1.0	1.8667905172652834
200494.45872889526	3000.0	915.9609098745447	0.0	0	0.0	1410.419638769672	1	0	1.0	1.8667905172652843
201663.27471757724	3000.0	747.1449211925922	0.0	0	0.0	1410.4196387697011	1	0	1.0	2.2722556253734485
202611.77179003882	3000.0	798.6478487310187	0.0	0	0.0	1410.4196387697011	1	0	1.0	2.2722556253734485
203511.98732399533	2000.0	898.432314774519	0.0	0	0.0	1410.4196387697302	1	0	1.0	1.4613254091571177
204666.4106674981	3000.0	744.0089712717438	0.0	0	0.0	1410.4196387697302	1	0	1.0	1.8667905172652823
205295.69220926464	3000.0	1114.7274295052202	0.0	0	0.0	1410.4196387697593	1	0	1.0	2.2722556253734463
206262.5949034622	3000.0	1147.8247353076601	0.0	0	0.0	1410.4196387697302	1	0	1.0	2.2722556253734467
207200.0	3000.0	1210.4196387698519	0.0	0	256.3656927643169	1410.4196387697593	1	0	1.0	2.272255625373446
208200.0	3000.0	1210.4196387698496	0.0	0	209.51374855139875	1410.4196387697593	1	0	1.0	2.272255625373446
209200.0	3000.0	1210.4196387698703	0.0	0	53.5339226561191	1410.4196387697593	1	0	1.0	2.272255625373446
210322.88339045603	3000.0	1087.5362483138238	0.0	0	0.0	1410.4196387697302	1	0	1.0	2.2722556253734467
211601.0979228531	3000.0	809.3217159167634	0.0	0	0.0	1410.4196387697302	1	0	1.0	2.2722556253734467
212438.19441762517	2000.0	972.2252211446735	0.0	0	0.0	1410.4196387697302	1	0	1.0	1.461325409157117
213485.16246267478	3000.0	925.2571760950508	0.0	0	0.0	1410.4196387697011	1	0	1.0	1.8667905172652837
214286.79948707036	3000.0	1123.6201516995127	0.0	0	0.0	1410.4196387697593	1	0	1.0	2.2722556253734467
215257.0445269678	2000.0	1153.3751118020648	0.0	0	0.0	1410.4196387697302	1	0	1.0	1.4613254091571175
216454.7047824444	3000.0	955.7148563254457	0.0	0	0.0	1410.4196387697302	1	0	1.0	1.8667905172652823
217200.0	3000.0	1210.4196387698566	0.0	0	24.828999583784025	1410.4196387697302	1	0	1.0	2.2722556253734467
218200.0	3000.0	1210.4196387698628	0.0	0	178.0696472263371	1410.4196387697302	1	0	1.0	2.2722556253734467
219200.0	3000.0	1210.419638769867	0.0	0	211.65199418895645	1410.4196387697302	1	0	1.0	2.2722556253734467
220200.0	3000.0	1210.4196387698698	0.0	0	386.5662300302938	1410.4196387697011	1	0	1.0	2.2722556253734485
221455.38562648595	3000.0	955.0340122838854	0.0	0	0.0	1410.419638769672	1	0	1.0	2.2722556253734494
222412.11720982002	3000.0	998.3024289498072	0.0	0	0.0	1410.419638769643	1	0	1.0	2.2722556253734503
223200.0	3000.0	1210.419638769793	0.0	0	211.08179045529687	1410.4196387696138	1	0	1.0	2.2722556253734516
224200.0	3000.0	1210.4196387697757	0.0	0	481.96970263286494	1410.4196387696138	1	0	1.0	2.2722556253734516
225289.4054647896	3000.0	1121.0141739801647	0.0	0	0.0	1410.4196387695847	1	0	1.0	2.272255625373452
226206.6058889448	3000.0	1203.8137498249723	0.0	0	0.0	1410.4196387695847	1	0	1.0	2.272255625373453
227200.0	3000.0	1210.4196387697714	0.0	0	258.80611616163515	1410.4196387695847	1	0	1.0	2.272255625373453
228200.0	3000.0	1210.4196387697766	0.0	0	258.3119236936909	1410.4196387695847	1	0	1.0	2.272255625373453
229200.0	3000.0	1210.419638769771	0.0	0	444.17812064956524	1410.4196387695847	1	0	1.0	2.272255625373453
230626.98607257917	3000.0	783.433566190598	0.0	0	0.0	1410.4196387695847	1	0	1.0	2.272255625373453
231528.0909431924	3000.0	882.3286955773597	0.0	0	0.0	1410.4196387695847	1	0	1.0	2.272255625373453
232456.55160148206	3000.0	953.8680372876588	0.0	0	0.0	1410.4196387695847	1	0	1.0	2.272255625373453
233200.0	3000.0	1210.419638769693	0.0	0	15.200754960358609	1410.4196387695847	1	0	1.0	2.272255625373453
234200.0	3000.0	1210.4196387696854	0.0	0	351.64377292449353	1410.4196387695847	1	0	1.0	2.272255625373453
235682.51065372594	3000.0	727.9089850437156	0.0	0	0.0	1410.4196387695847	1	0	1.0	2.272255625373453
236767.02387983687	3000.0	643.395758932807	0.0	0	0.0	1410.4196387695847	1	0	1.0	2.272255625373453
237749.20743229578	3000.0	661.2122064739169	0.0	0	0.0	1410.4196387695847	1	0	1.0	2.272255625373453
238780.47789472668	3000.0	629.9417440430284	0.0	0	0.0	1410.4196387695847	1	0	1.0	2.272255625373453
239606.30973418662	2000.0	804.1099045830817	0.0	0	0.0	1410.4196387695556	1	0	1.0	1.4613254091571244
240635.18891139107	3000.0	775.2307273786461	0.0	0	0.0	1410.4196387695556	1	0	1.0	1.8667905172652892
241482.99801710554	3000.0	927.4216216642023	0.0	0	0.0	1410.4196387695847	1	0	1.0	2.272255625373453
242210.67129637784	3000.0	1199.7483423919184	0.0	0	0.0	1410.4196387695847	1	0	1.0	2.272255625373453
243200.0	3000.0	1210.4196387697716	0.0	0	474.25322178268107	1410.4196387696138	1	0	1.0	2.2722556253734516
244200.0	3000.0	1210.4196387697757	0.0	0	247.08830390113872	1410.4196387696138	1	0	1.0	2.2722556253734516
245405.40338058924	6000.0	1005.0162581805472	0.0	0	0.0	1410.4196387696138	1	0	1.0	2.2722556253734516
246660.67146497956	6000.0	749.7481737901982	0.0	0	0.0	1410.4196387696138	1	0	1.0	2.9654028059333966
247547.65311053826	3000.0	862.7665282314622	0.0	0	0.0	1410.4196387695847	1	0	1.0	1.5791084448135078
248501.92059235286	3000.0	908.4990464168632	0.0	0	0.0	1410.4196387695556	1	0	1.0	2.272255625373454
249685.59410848646	3000.0	724.8255302832451	0.0	0	0.0	1410.4196387695265	1	0	1.0	2.272255625373455
250592.35514595854	2000.0	818.0644928111606	0.0	0	0.0	1410.4196387695265	1	0	1.0	1.461325409157126
251269.27734063377	2000.0	1141.1422981359215	0.0	0	0.0	1410.4196387695265	1	0	1.0	1.8667905172652905
252200.0	3000.0	1210.4196387696827	0.0	0	240.95213754998986	1410.4196387695265	1	0	1.0	1.8667905172652905
253422.98004148505	3000.0	987.4395972846318	0.0	0	0.0	1410.4196387695556	1	0	1.0	2.2722556253734547
254316.12398348018	3000.0	1094.2956552895128	0.0	0	0.0	1410.4196387695556	1	0	1.0	2.272255625373454
255200.0	3000.0	1210.4196387696757	0.0	0	45.02181633916916	1410.4196387695265	1	0	1.0	2.272255625373455
256200.0	2000.0	1210.419638769676	0.0	0	418.2863706048811	1410.4196387695265	1	0	1.0	1.461325409157126
257270.85598912055	3000.0	1139.5636496491131	0.0	0	0.0	1410.4196387694974	1	0	1.0	1.8667905172652917
258325.16303313733	3000.0	1085.2566056323344	0.0	0	0.0	1410.4196387694974	1	0	1.0	2.2722556253734565
259293.29916553173	2000.0	1117.1204732379244	0.0	0	0.0	1410.4196387694974	1	0	1.0	1.4613254091571268
260739.36696745068	3000.0	671.0526713189913	0.0	0	0.0	1410.4196387694974	1	0	1.0	1.8667905172652917
261455.00076394746	2000.0	955.4188748222178	0.0	0	0.0	1410.4196387694974	1	0	1.0	1.4613254091571268
262200.0	2000.0	1210.419638769682	0.0	0	274.26874895434594	1410.4196387694974	1	0	1.0	1.8667905172652914
263200.0	3000.0	1210.4196387696638	0.0	0	393.84349023888353	1410.4196387694683	1	0	1.0	1.8667905172652923
264200.0	3000.0	1210.4196387697339	0.0	0	62.037955653562676	1410.4196387694683	1	0	1.0	2.2722556253734574
265251.48931392597	3000.0	1158.930324843815	0.0	0	0.0	1410.4196387694683	1	0	1.0	2.2722556253734574
266523.3146194501	3000.0	887.1050193197229	0.0	0	0.0	1410.4196387694683	1	0	1.0	2.2722556253734574
267476.75183198217	3000.0	933.6678067875941	0.0	0	0.0	1410.4196387695265	1	0	1.0	2.272255625373455
268290.30791136227	3000.0	1120.111727407507	0.0	0	0.0	1410.4196387694683	1	0	1.0	2.2722556253734574
269200.0	3000.0	1210.4196387697702	0.0	0	272.70849547715625	1410.4196387694683	1	0	1.0	2.2722556253734574
270981.5792849491	6000.0	428.8403538207439	0.0	0	0.0	1410.4196387694683	1	0	1.0	2.272255625373457
272427.3436379459	3000.0	200.0	216.9239991760067	0	0.0	1627.3436379454797	1	0	1.0	0.2688690611868827
273573.3782121529	3000.0	466.55333598908356	412.5879101961639	0	0.0	2039.9315481415833	1	0	1.0	-0.23787288937231743
275064.59836269193	3000.0	200.0	224.66681454991712	0	0.0	2264.598362691526	1	0	1.0	0.8806627962491103
275615.4600847716	1000.0	762.2185661514161	113.08028823114265	0	0.0	2377.6786509226076	1	0	1.0	-0.6673313976229227
276349.91755461786	2000.0	1027.7610963051297	0.0	0	0.0	2377.6786509226076	1	0	1.0	1.1097626204320445
277026.8802906133	3000.0	1350.7983603096948	0.0	0	0.0	2377.6786509226076	1	0	1.0	1.80290980099199
277773.9603712381	3000.0	1603.7182796848329	0.0	0	0.0	2377.6786509226076	1	0	1.0	2.2083749091001543
278236.3516015366	3000.0	2141.327049386363	0.0	0	0.0	2377.6786509226076	1	0	1.0	2.2083749091001543
279453.95076494623	6000.0	1923.7278859767036	0.0	0	0.0	2377.6786509225494	1	0	1.0	2.208374909100155
282359.7146278887	6000.0	200.0	182.03597696576117	0	0.0	2559.7146278883447	1	0	1.0	1.8036933993053583
283505.26102223195	3000.0	485.32767111262314	430.8740654558932	0	0.0	2990.588693344267	1	0	1.0	-1.1539260202690511
284336.25632330374	3000.0	654.3323700408413	0.0	0	0.0	2990.588693344267	1	0	1.0	2.1244655530262495
284972.04791007633	3000.0	1018.5407832682605	0.0	0	0.0	2990.5886933443253	1	0	1.0	2.124465553026239
286142.5877219116	3000.0	848.0009714330116	0.0	0	0.0	2990.5886933443253	1	0	1.0	2.124465553026239
287135.2925093209	3000.0	855.2961840237625	0.0	0	0.0	2990.588693344267	1	0	1.0	2.1244655530262495
288525.41006204765	3000.0	465.1786312969937	0.0	0	0.0	2990.588693344267	1	0	1.0	2.1244655530262495
289530.73320926586	3000.0	526.1937464954586	66.338262416671	0	0.0	3056.9269557609805	1	0	1.0	1.7141863239025972
290111.0539856821	3000.0	945.8729700792453	0.0	0	0.0	3056.9269557609805	1	0	1.0	2.1122158984026234
290951.9312003234	3000.0	1104.9957554379002	0.0	0	0.0	3056.9269557610387	1	0	1.0	2.1122158984026123
291912.7650435705	3000.0	1144.161912190781	0.0	0	0.0	3056.9269557610387	1	0	1.0	2.1122158984026123
292526.0260481063	3000.0	1530.900907655009	0.0	0	0.0	3056.926955761097	1	0	1.0	2.112215898402601
292973.15795760264	3000.0	2083.768998158736	0.0	0	0.0	3056.926955761155	1	0	1.0	2.11221589840259
293576.44215689355	3000.0	2480.484798867831	0.0	0	0.0	3056.9269557612133	1	0	1.0	2.112215898402579
294389.32591115846	3000.0	2667.601044602948	0.0	0	0.0	3056.9269557612133	1	0	1.0	2.112215898402579
295200.0	3000.0	2856.926955761479	0.0	0	157.6308292360045	3056.9269557612133	1	0	1.0	2.112215898402579
296200.0	3000.0	2856.9269557614366	0.0	0	399.45491080067586	3056.9269557612133	1	0	1.0	2.112215898402579
297200.0	3000.0	2856.9269557614184	0.0	0	136.19933563331142	3056.9269557612133	1	0	1.0	2.112215898402579
298353.4328455421	3000.0	2703.4941102192565	0.0	0	0.0	3056.9269557612133	1	0	1.0	2.112215898402579
299305.64505194116	3000.0	2751.281903820183	0.0	0	0.0	3056.9269557612133	1	0	1.0	2.112215898402579
300368.26319301175	3000.0	2688.6637627495825	0.0	0	0.0	3056.9269557612133	1	0	1.0	2.112215898402579
301329.0432360064	3000.0	2727.883719754965	0.0	0	0.0	3056.9269557612715	1	0	1.0	2.112215898402568
302517.44098336995	3000.0	2539.4859723913482	0.0	0	0.0	3056.9269557612133	1	0	1.0	2.1122158984025745
303429.45536406134	3000.0	2627.471591699911	0.0	0	0.0	3056.9269557612133	1	0	1.0	2.112215898402579
3.33	3.43	4.11	2.48	2.18	3.05	3.17	2.5	3.85	5.12	5.93	4.49	3.92	3.22	4.46	5.02	2.94	2.93	3.17	3.23	2.25	1.71	2.07	1.78	1.3	1.7	2.83	3.16	3.08	2.44	2.97	2.78	2.7	3.81	2.32	2.41	2.22	3.67	3.88	3.43	4.3	5.63	2.99	2.76	2.13	1.84	2.99	3.34	3.89	3.17	2.36	2.63	3.75	3.7	3.67	4.15	2.95	3.14	2.05	2.31	3.29	3.65	2.73	2.71	4.08	3.76	5.0	4.69	2.12	2.62	3.99	5.17	3.7	2.43	3.87	4.19	5.17	2.39	3.48	3.83	3.27	3.59	2.17	2.51	3.08	3.65	3.08	3.07	4.0	5.03	4.93	5.4	5.17	5.43	3.26	2.55	2.55	2.73	3.31	3.9	1.67	2.4	3.06	3.15	3.31	3.42	1.73	2.17	2.53	3.36	3.94	4.22	3.36	2.55	3.59	4.81	6.21	3.42	2.68	1.76	1.66	2.84	1.52	2.7	3.92	5.19	6.24	2.53	2.63	2.77	3.43	4.05	4.39	2.93	2.77	2.76	3.6	4.66	3.06	4.15	5.46	3.44	3.65	5.02	4.3	2.91	3.61	2.57	2.81	1.58	3.33	3.43	4.11	2.48	2.18	3.05	3.17	2.5	3.85	5.12	5.93	4.49	3.92	3.22	4.46	5.02	2.94	2.93	3.17	3.23	2.25	1.71	2.07	1.78	1.3	1.7	2.83	3.16	3.08	2.44	2.97	2.78	2.7	3.81	2.32	2.41	2.22	3.67	3.88	3.43	4.3	5.63	2.99	2.76	2.13	1.84	2.99	3.34	3.89	3.17	2.36	2.63	3.75	3.7	3.67	4.15	2.95	3.14	2.05	2.31	3.29	3.65	2.73	2.71	4.08	3.76	5.0	4.69	2.12	2.62	3.99	5.17	3.7	2.43	3.87	4.19	5.17	2.39	3.48	3.83	3.27	3.59	2.17	2.51	3.08	3.65	3.08	3.07	4.0	5.03	4.93	5.4	5.17	5.43	3.26	2.55	2.55	2.73	3.31	3.9	1.67	2.4	3.06	3.15	3.31	3.42	1.73	2.17	2.53	3.36	3.94	4.22	3.36	2.55	3.59	4.81	6.21	3.42	2.68	1.76	1.66	2.84	1.52	2.7	3.92	5.19	6.24	2.53	2.63	2.77	3.43	4.05	4.39	2.93	2.77	2.76	3.6	4.66	3.06	4.15	5.46	3.44	3.65	5.02	4.3	2.91	3.61	2.57	2.81	1.58	3.33	3.43	4.11	2.48	2.18
1.0	2.0	3.0	4.0	5.0	6.0	7.0	8.0	9.0	10.0	11.0	12.0	13.0	14.0	15.0	16.0	17.0	18.0	19.0	20.0	21.0	22.0	23.0	24.0	25.0	26.0	27.0	28.0	29.0	30.0	31.0	32.0	33.0	34.0	35.0	36.0	37.0	38.0	39.0	40.0	41.0	42.0	43.0	44.0	45.0	46.0	47.0	48.0	49.0	50.0	51.0	52.0	53.0	54.0	55.0	56.0	57.0	58.0	59.0	60.0	61.0	62.0	63.0	64.0	65.0	66.0	67.0	68.0	69.0	70.0	71.0	72.0	73.0	74.0	75.0	76.0	77.0	78.0	79.0	80.0	81.0	82.0	83.0	84.0	85.0	86.0	87.0	88.0	89.0	90.0	91.0	92.0	93.0	94.0	95.0	96.0	97.0	98.0	99.0	100.0	101.0	102.0	103.0	104.0	105.0	106.0	107.0	108.0	109.0	110.0	111.0	112.0	113.0	114.0	115.0	116.0	117.0	118.0	119.0	120.0	121.0	122.0	123.0	124.0	125.0	126.0	127.0	128.0	129.0	130.0	131.0	132.0	133.0	134.0	135.0	136.0	137.0	138.0	139.0	140.0	141.0	142.0	143.0	144.0	145.0	146.0	147.0	148.0	149.0	149.0	150.0	151.0	152.0	153.0	154.0	155.0	156.0	157.0	158.0	159.0	160.0	161.0	162.0	163.0	164.0	165.0	166.0	167.0	168.0	169.0	170.0	171.0	172.0	173.0	174.0	175.0	176.0	177.0	178.0	179.0	180.0	181.0	182.0	183.0	184.0	185.0	186.0	187.0	188.0	189.0	190.0	191.0	192.0	193.0	194.0	195.0	196.0	197.0	198.0	199.0	200.0	201.0	202.0	203.0	204.0	205.0	206.0	207.0	208.0	209.0	210.0	211.0	212.0	213.0	214.0	215.0	216.0	217.0	218.0	219.0	220.0	221.0	222.0	223.0	224.0	225.0	226.0	227.0	228.0	229.0	230.0	231.0	232.0	233.0	234.0	235.0	236.0	237.0	238.0	239.0	240.0	241.0	242.0	243.0	244.0	245.0	246.0	247.0	248.0	249.0	250.0	251.0	252.0	253.0	254.0	255.0	256.0	257.0	258.0	259.0	260.0	261.0	262.0	263.0	264.0	265.0	266.0	267.0	268.0	269.0	270.0	271.0	272.0	273.0	274.0	275.0	276.0	277.0	278.0	279.0	280.0	281.0	282.0	283.0	284.0	285.0	286.0	287.0	288.0	289.0	290.0	291.0	292.0	293.0	294.0	295.0	296.0	297.0	298.0	298.0	299.0	300.0	301.0	302.0	303.0
3200.2684878951236
