4871.639294003185	300.0	2000.0	275.17542589243266	0	0.0	4871.639294003185	1	0	0.9	-2.7727582218117117
6727.468428779556	2000.0	1144.131571220444	0.0	0	0.0	1871.6000000000004	1	0	1.0	-9.253522538295785
8509.361202392422	2000.0	362.2387976075794	0.0	0	0.0	1871.6000000000004	1	0	1.0	1.8435974465900948
9113.598028101724	1000.0	758.0019718982785	0.0	0	0.0	1871.6000000000013	1	0	1.0	0.4573030854702044
9923.16975199149	1000.0	948.4302480085106	0.0	0	0.0	1871.6000000000004	1	0	1.0	1.1504502660301494
11308.15266158932	2000.0	563.4473384106807	0.0	0	0.0	1871.6000000000004	1	0	1.0	1.1504502660301497
11942.667492575785	1000.0	928.9325074242164	0.0	0	0.0	1871.6000000000004	1	0	1.0	0.4573030854702044
12582.437751640859	1000.0	1289.1622483591445	0.0	0	0.0	1871.6000000000004	1	0	1.0	1.1504502660301494
14009.327278562923	2000.0	862.2727214370774	0.0	0	0.0	1871.5999999999985	1	0	1.0	1.1504502660301497
14721.355908597421	2000.0	1150.2440914025794	0.0	0	0.0	1871.5999999999985	1	0	1.0	1.8435974465900948
15344.711782548145	2000.0	1526.888217451857	0.0	0	0.0	1871.6000000000004	1	0	1.0	1.8435974465900948
16480.543989368714	3000.0	1391.0560106312892	0.0	0	0.0	1871.6000000000022	1	0	1.0	1.8435974465900948
18002.97173939068	3000.0	868.6282606093279	0.0	0	0.0	1871.600000000004	1	0	1.0	2.249062554698259
19414.028348116262	2000.0	457.57165188374717	0.0	0	0.0	1871.6000000000058	1	0	1.0	1.43813233848193
20320.031749622514	2000.0	562.5172833088425	10.949032931347347	0	0.0	1882.5490329313507	1	0	1.0	1.7772163101771932
21156.18094033722	2000.0	726.3680925941376	0.0	0	0.0	1882.5490329313507	1	0	1.0	1.8429105077652772
22664.842409378056	2000.0	217.70662355330273	0.0	0	0.0	1882.5490329313543	1	0	1.0	1.8429105077652772
23340.341030615113	1000.0	674.9270418728943	132.71903955664817	0	0.0	2015.268072488001	1	0	1.0	-0.34862963892336984
25650.622616015848	2000.0	200.0	835.3545435278348	0	0.0	2850.6226160158403	1	0	1.0	-3.9408214412144686
26412.0280577383	1000.0	619.2822998713175	180.68774159376312	0	0.0	3031.3103576096037	1	0	1.0	-0.7588526674047875
27526.679696729116	1000.0	504.63066088050033	0.0	0	0.0	3031.3103576096	1	0	1.0	1.018420962717737
28155.26194549437	1000.0	876.0484121152482	0.0	0	0.0	3031.3103576096	1	0	1.0	1.018420962717737
28946.52363555686	1000.0	1084.7867220527587	0.0	0	0.0	3031.3103576096	1	0	1.0	1.018420962717737
29412.81941036478	1000.0	1618.4909472448348	0.0	0	0.0	3031.3103576096	1	0	1.0	1.018420962717737
31385.516227439774	2000.0	645.7941301698403	0.0	0	0.0	3031.3103576095964	1	0	1.0	1.0184209627177376
31924.9140667735	1000.0	1106.3962908361123	0.0	0	0.0	3031.3103576095964	1	0	1.0	0.32527378215779257
32868.5868738931	2000.0	1162.7234837165097	0.0	0	0.0	3031.3103576095964	1	0	1.0	1.0184209627177376
33898.08016800195	2000.0	1133.230189607662	0.0	0	0.0	3031.3103576095964	1	0	1.0	1.7115681432776828
36085.265939284036	2000.0	200.0	253.95558167442607	0	0.0	3285.2659392840214	1	0	1.0	0.17576111273895745
36577.417450978544	500.0	756.2976425573686	48.4491542518802	0	0.0	3333.715093535895	1	0	1.0	-1.416242627105089
37337.329141472466	1000.0	996.385952063443	0.0	0	0.0	3333.715093535895	1	0	1.0	0.2607466595260832
38281.14721626974	1000.0	1052.5678772661713	0.0	0	0.0	3333.715093535895	1	0	1.0	0.9538938400860286
39186.34947175475	1000.0	1147.3656217811535	0.0	0	0.0	3333.715093535895	1	0	1.0	0.9538938400860286
39750.44605311916	1000.0	1583.2690404167513	0.0	0	0.0	3333.7150935359023	1	0	1.0	0.9538938400860268
40711.61739990073	2000.0	1622.0976936351733	0.0	0	0.0	3333.7150935359023	1	0	1.0	0.9538938400860266
41659.364044617825	2000.0	1674.3510489180724	0.0	0	0.0	3333.7150935359023	1	0	1.0	1.6470410206459718
43334.64799886941	2000.0	580.2461061035906	0.0	0	0.0	2914.8941049730056	1	0	1.25	0.3676190796845523
43871.9548062132	1000.0	1042.9392987597994	0.0	0	0.0	2914.8941049730056	1	0	1.0	-0.15418716390288956
44878.27257880945	2000.0	1036.6215261635516	0.0	0	0.0	2914.8941049730056	1	0	1.0	1.0389600166570556
45718.611668918216	2000.0	1196.282436054777	0.0	0	0.0	2914.894104973013	1	0	1.0	1.7321071972169997
46892.78515315779	2000.0	1022.1089518152012	0.0	0	0.0	2914.89410497302	1	0	1.0	1.7321071972169992
48175.24787513176	2000.0	739.646229841228	0.0	0	0.0	2914.89410497302	1	0	1.0	1.7321071972169984
49095.24162830089	2000.0	819.6524766720959	0.0	0	0.0	2914.89410497302	1	0	1.0	1.7321071972169984
49871.192760958606	2000.0	1043.7013440143858	0.0	0	0.0	2914.89410497302	1	0	1.0	1.7321071972169984
50810.42412469822	2000.0	1104.4699802747587	0.0	0	0.0	2914.894104973013	1	0	1.0	1.7321071972169997
52003.463495181924	2000.0	911.4306097910543	0.0	0	0.0	2914.894104973013	1	0	1.0	1.7321071972169997
53015.41126788534	2000.0	899.4828370876426	0.0	0	0.0	2914.894104973013	1	0	1.0	1.7321071972169997
54297.63916614958	2000.0	617.2549388234063	0.0	0	0.0	2914.894104973013	1	0	1.0	1.7321071972169997
54925.299681869335	1000.0	989.59442310365	0.0	0	0.0	2914.8941049730056	1	0	1.0	0.34581283609711044
56001.22579173433	2000.0	913.6683132386468	0.0	0	0.0	2914.8941049730056	1	0	1.0	1.0389600166570556
56793.371806868185	1000.0	1121.5222981047887	0.0	0	0.0	2914.8941049730056	1	0	1.0	0.34581283609711044
57339.34112146081	1000.0	1575.552983512166	0.0	0	0.0	2914.8941049730056	1	0	1.0	1.0389600166570556
58645.51776263885	2000.0	1269.3763423341347	0.0	0	0.0	2914.8941049730056	1	0	1.0	1.0389600166570556
59875.70464612191	2000.0	1039.1894588510822	0.0	0	0.0	2914.8941049730056	1	0	1.0	1.7321071972170008
60908.54739305403	2000.0	1006.3467119189509	0.0	0	0.0	2914.8941049730056	1	0	1.0	1.7321071972170008
62246.90638737418	2000.0	667.9877175987963	0.0	0	0.0	2914.8941049729983	1	0	1.0	1.732107197217002
63674.634528460396	1000.0	240.25957651258707	0.0	0	0.0	2914.894104972991	1	0	1.0	0.3458128360971129
64828.06040827061	1000.0	458.5543188738298	371.72062217145765	0	0.0	3286.6147271444497	1	0	1.0	-1.265212943358161
65689.80148213061	1000.0	596.8132450138276	0.0	0	0.0	3286.6147271444497	1	0	1.0	0.9651107896705844
66863.91819562584	1000.0	422.69653151858597	0.0	0	0.0	3286.614727144435	1	0	1.0	0.9651107896705853
67366.2326609375	500.0	920.3820662069165	0.0	0	0.0	3286.614727144428	1	0	1.0	-0.42118357144930185
68510.32282356884	1000.0	776.2919035755604	0.0	0	0.0	3286.614727144406	1	0	1.0	0.27196360911064604
69234.86681576718	1000.0	1051.7479113772256	0.0	0	0.0	3286.614727144406	1	0	1.0	0.9651107896705945
70357.35541458345	1000.0	929.2593125609578	0.0	0	0.0	3286.6147271443915	1	0	1.0	0.9651107896705979
71630.32723206234	1000.0	656.2874950820766	0.0	0	0.0	3286.6147271443915	1	0	1.0	0.9651107896705979
72271.92214725388	1000.0	1014.6925798905385	0.0	0	0.0	3286.6147271443915	1	0	1.0	0.9651107896705979
72855.90700272967	1000.0	1430.7077244147301	0.0	0	0.0	3286.614727144377	1	0	1.0	0.9651107896706013
73674.63796847858	1000.0	1611.9767586658088	0.0	0	0.0	3286.614727144377	1	0	1.0	0.9651107896706013
74717.44331796627	1000.0	1569.1714091781048	0.0	0	0.0	3286.614727144377	1	0	1.0	0.9651107896706013
76211.97350485202	2000.0	1074.6412222923752	0.0	0	0.0	3286.614727144377	1	0	1.0	0.9651107896706013
76864.55011968479	1000.0	1422.0646074596143	0.0	0	0.0	3286.6147271443624	1	0	1.0	0.27196360911065953
77734.45397477831	1000.0	1552.160752366087	0.0	0	0.0	3286.614727144377	1	0	1.0	0.9651107896706013
78988.7336370135	2000.0	1297.8810901308814	0.0	0	0.0	3286.614727144377	1	0	1.0	0.9651107896706013
79719.78968032112	2000.0	1566.8250468232654	0.0	0	0.0	3286.614727144377	1	0	1.0	1.6582579702305464
81551.97272244672	2000.0	734.6420046976834	0.0	0	0.0	3286.614727144377	1	0	1.0	1.6582579702305464
82432.52230801337	2000.0	854.0924191310346	0.0	0	0.0	3286.614727144377	1	0	1.0	1.6582579702305464
85140.84190192953	2000.0	200.0	1054.2271747851269	0	0.0	4340.841901929525	1	0	1.0	-4.9332023673405665
85712.40611791637	500.0	771.4235162497149	142.98773223656949	0	0.0	1483.8296341660898	1	0	1.0	-10.766755094251957
86417.8903410169	1000.0	1065.939293149176	0.0	0	0.0	1483.8296341660898	1	0	1.0	0.47746566028734977
87200.0	1000.0	1283.829634166079	0.0	0	238.73054782244435	1483.8296341660898	1	0	1.0	1.170612840847295
88561.36848446808	2000.0	922.4611496979934	0.0	0	0.0	1483.8296341660753	1	0	1.0	1.1706128408472956
89200.0	1000.0	1283.8296341660794	0.0	0	45.84907637581637	1483.8296341660753	1	0	1.0	0.47746566028735055
90414.44636336016	2000.0	1069.3832708059163	0.0	0	0.0	1483.8296341660753	1	0	1.0	1.1706128408472956
92052.51765976622	2000.0	431.3119743998421	0.0	0	0.0	1483.8296341660753	1	0	1.0	1.863760021407241
92980.8108704837	1000.0	503.0187636823629	0.0	0	0.0	1483.8296341660898	1	0	1.0	0.47746566028735
94102.69097048574	1000.0	381.1386636803337	0.0	0	0.0	1483.8296341660898	1	0	1.0	1.170612840847295
95217.80765318565	1000.0	491.5408848723141	225.51890389188674	0	0.0	1709.348538057966	1	0	1.0	-0.19329394217053097
96180.88752427093	1000.0	578.3750895137598	49.914075726718124	0	0.0	1759.262613784682	1	0	1.0	0.8576082795887318
97144.79905665586	1000.0	614.4635571288353	0.0	0	0.0	1759.2626137846673	1	0	1.0	1.1570927339490413
97793.13928849016	1000.0	966.1233252945362	0.0	0	0.0	1759.2626137846673	1	0	1.0	1.1570927339490413
98528.87858790332	1000.0	1230.3840258813816	0.0	0	0.0	1759.2626137846673	1	0	1.0	1.1570927339490413
99513.43009076755	1000.0	1245.8325230171495	0.0	0	0.0	1759.2626137846673	1	0	1.0	1.1570927339490413
100532.71189291461	1000.0	1226.5507208700942	0.0	0	0.0	1759.2626137846673	1	0	1.0	1.1570927339490413
101324.23784821962	1000.0	1435.0247655650867	0.0	0	0.0	1759.262613784682	1	0	1.0	1.1570927339490404
102460.54861130277	1000.0	1298.7140024819332	0.0	0	0.0	1759.2626137846964	1	0	1.0	1.1570927339490396
103200.0	1000.0	1559.2626137847024	0.0	0	112.33239348747884	1759.2626137846964	1	0	1.0	1.1570927339490396
104200.0	1000.0	1559.2626137847058	0.0	0	107.74724679075007	1759.2626137846964	1	0	1.0	1.1570927339490396
105294.44206279823	1000.0	1464.8205509864804	0.0	0	0.0	1759.262613784711	1	0	1.0	1.1570927339490389
106200.0	1000.0	1559.262613784727	0.0	0	82.72081734411768	1759.262613784711	1	0	1.0	1.1570927339490389
108380.37769941673	2000.0	378.8849143679857	0.0	0	0.0	1759.262613784711	1	0	1.0	1.1570927339490389
109094.24364302134	1000.0	665.0189707633634	0.0	0	0.0	1759.2626137846964	1	0	1.0	0.46394555338909443
109950.95020278243	1000.0	808.3124110022629	0.0	0	0.0	1759.2626137846964	1	0	1.0	1.1570927339490396
110838.25030777174	1000.0	921.0123060129565	0.0	0	0.0	1759.2626137846964	1	0	1.0	1.1570927339490396
111489.63694442091	1000.0	1269.6256693637708	0.0	0	0.0	1759.2626137846964	1	0	1.0	1.1570927339490396
112601.00017054188	1000.0	1158.2624432428079	0.0	0	0.0	1759.2626137846964	1	0	1.0	1.1570927339490396
113871.30092168956	1000.0	887.9616920951153	0.0	0	0.0	1759.2626137846964	1	0	1.0	1.1570927339490396
114867.9460154737	1000.0	891.3165983109762	0.0	0	0.0	1759.2626137846964	1	0	1.0	1.1570927339490396
115581.77861489814	1000.0	1177.4839988865415	0.0	0	0.0	1759.2626137846964	1	0	1.0	1.1570927339490396
116689.63413629828	1000.0	1069.6284774864052	0.0	0	0.0	1759.2626137846964	1	0	1.0	1.1570927339490396
117471.76747767671	1000.0	1287.495136107976	0.0	0	0.0	1759.262613784682	1	0	1.0	1.1570927339490404
118635.5711049874	1000.0	1123.6915087972952	0.0	0	0.0	1759.262613784682	1	0	1.0	1.1570927339490404
119834.7752072689	1000.0	924.4874065157896	0.0	0	0.0	1759.2626137846673	1	0	1.0	1.1570927339490413
120813.51689330942	1000.0	945.7457204752711	0.0	0	0.0	1759.262613784682	1	0	1.0	1.1570927339490404
121664.5495752501	1000.0	1094.7130385345915	0.0	0	0.0	1759.262613784682	1	0	1.0	1.1570927339490404
122937.53241312382	1000.0	821.7302006608973	0.0	0	0.0	1759.2626137846964	1	0	1.0	1.1570927339490396
123687.79829802223	1000.0	1071.4643157624882	0.0	0	0.0	1759.2626137846964	1	0	1.0	1.1570927339490396
124459.94808677118	1000.0	1299.3145270135328	0.0	0	0.0	1759.2626137846964	1	0	1.0	1.1570927339490396
125200.0	1000.0	1559.2626137846985	0.0	0	65.90665549508412	1759.2626137846964	1	0	1.0	1.1570927339490396
126692.95241899892	2000.0	1066.310194785783	0.0	0	0.0	1759.2626137846964	1	0	1.0	1.1570927339490398
127957.3063677595	1000.0	801.9562460251888	0.0	0	0.0	1759.2626137846964	1	0	1.0	0.46394555338909443
129372.54519333501	1000.0	386.71742044969136	0.0	0	0.0	1759.2626137846964	1	0	1.0	1.1570927339490396
130580.47982077165	1000.0	406.3772672261483	227.59447421308198	0	0.0	1986.8570879977924	1	0	1.0	-0.22272568923993477
131741.54763915142	1000.0	409.31822807866337	164.0087792322998	0	0.0	2150.865867230066	1	0	1.0	0.14639455180359634
132986.94050841528	1000.0	327.66459831911095	163.73923950432754	0	0.0	2314.605106734365	1	0	1.0	0.133534668556688
134047.773651845	1000.0	573.1031441942857	306.27168930488085	0	0.0	2620.876796039287	1	0	1.0	-0.7555841404410104
134536.0787434496	1000.0	1084.7980525896714	0.0	0	0.0	2620.876796039258	1	0	1.0	1.0820459953882782
135471.90895811364	1000.0	1148.9678379256252	0.0	0	0.0	2620.876796039258	1	0	1.0	1.0820459953882782
135987.65178088017	1000.0	1633.2250151591004	0.0	0	0.0	2620.876796039258	1	0	1.0	1.0820459953882782
136800.43412087843	2000.0	1820.4426751608607	0.0	0	0.0	2620.876796039258	1	0	1.0	1.082045995388278
137374.6166781935	2000.0	2246.260117845778	0.0	0	0.0	2620.876796039258	1	0	1.0	1.7751931759482231
138200.0	2000.0	2420.8767960392743	0.0	0	4.458861778140999	2620.876796039258	1	0	1.0	1.7751931759482231
139347.08194335568	2000.0	2273.794852683618	0.0	0	0.0	2620.876796039258	1	0	1.0	1.7751931759482231
140329.78663958726	2000.0	2291.09015645201	0.0	0	0.0	2620.876796039229	1	0	1.0	1.775193175948227
142028.14370561094	2000.0	1592.7330904283488	0.0	0	0.0	2620.876796039229	1	0	1.0	1.775193175948227
143113.7037958714	2000.0	1507.1730001679086	0.0	0	0.0	2620.876796039229	1	0	1.0	1.775193175948227
144098.6569498517	2000.0	1522.2198461876626	0.0	0	0.0	2620.876796039229	1	0	1.0	1.775193175948227
145069.339222542	1000.0	1551.5375734973193	0.0	0	0.0	2620.876796039229	1	0	1.0	0.3888988148283367
145871.56849437213	1000.0	1749.308301667202	0.0	0	0.0	2620.876796039258	1	0	1.0	1.0820459953882782
147335.69597576387	2000.0	1285.180820275478	0.0	0	0.0	2620.876796039258	1	0	1.0	1.082045995388278
147944.3067318665	1000.0	1676.5700641728483	0.0	0	0.0	2620.876796039258	1	0	1.0	0.388898814828333
148815.80243989013	1000.0	1805.0743561492227	0.0	0	0.0	2620.876796039258	1	0	1.0	1.0820459953882782
150346.02671638838	2000.0	1274.8500796509477	0.0	0	0.0	2620.876796039229	1	0	1.0	1.082045995388282
151552.7602870283	1000.0	1068.1165090110235	0.0	0	0.0	2620.876796039229	1	0	1.0	0.3888988148283367
152350.65225383497	1000.0	1270.2245422043557	0.0	0	0.0	2620.876796039229	1	0	1.0	1.082045995388282
154478.77708323483	2000.0	200.0	57.90028719548445	0	0.0	2678.777083234716	1	0	1.0	0.7331275313684674
154987.34484448752	1000.0	733.768960880996	42.33672213370636	0	0.0	2721.1138053684263	1	0	1.0	0.12148513362609886
156542.32956971627	2000.0	207.88476003157763	29.10052437932282	0	0.0	2750.214329747716	1	0	1.0	0.8899217916950914
157550.90579052188	1000.0	449.4645720050569	250.15603277910535	0	0.0	3000.3703625268245	1	0	1.0	-1.169990511178954
158503.59282434423	1000.0	525.3464793718092	28.56894118908275	0	0.0	3028.939303715917	1	0	1.0	0.8474476065110728
159009.2885294626	1000.0	1019.6507742534528	0.0	0	0.0	3028.939303715917	1	0	1.0	1.0188612536455692
160701.49316081378	2000.0	327.4461429022599	0.0	0	0.0	3028.939303715917	1	0	1.0	1.0188612536455692
161594.77774038998	1000.0	512.6350712237481	78.47350789767836	0	0.0	3107.4128116135835	1	0	1.0	-0.16020982574923034
162583.6133822031	1000.0	528.972868979385	5.173439568770505	0	0.0	3112.5862511823652	1	0	1.0	0.9717055994078924
163198.00104207697	1000.0	914.5852091054733	0.0	0	0.0	3112.586251182336	1	0	1.0	1.0027462368205213
163791.54037771325	2000.0	1321.0458734691758	0.0	0	0.0	3112.586251182336	1	0	1.0	1.0027462368205213
164515.29682064606	2000.0	1597.2894305363864	0.0	0	0.0	3112.586251182336	1	0	1.0	1.6958934173804665
166233.98603455216	3000.0	878.600216630266	0.0	0	0.0	3112.586251182336	1	0	1.0	1.6958934173804667
167648.153147259	2000.0	464.43310392346984	0.0	0	0.0	3112.586251182336	1	0	1.0	1.290428309272302
169008.87510360757	2000.0	255.57132592914678	151.8601783542394	0	0.0	3264.4464295365906	1	0	1.0	0.752280274546191
170380.81967720212	2000.0	398.0515630020027	514.3999142749615	0	0.0	778.8712402041128	1	0	1.0	-10.200877857915513
172077.8499556673	2000.0	200.0	498.9787154631988	0	0.0	1277.849955667276	1	0	1.0	-1.1184768727370096
173018.0314444521	1000.0	435.4930943427231	175.6745831275053	0	0.0	1453.5245387947652	1	0	1.0	-0.5753043380216349
173966.66789906455	1000.0	556.785053299497	69.92841356920229	0	0.0	1523.452952363994	1	0	1.0	0.749313885444431
174719.63913467733	1000.0	803.8138176866665	0.0	0	0.0	1523.452952363994	1	0	1.0	1.1688843668596447
175518.38133319552	1000.0	1005.0716191684705	0.0	0	0.0	1523.452952363994	1	0	1.0	1.1688843668596447
176296.02762367247	1000.0	1227.4253286914873	0.0	0	0.0	1523.452952363994	1	0	1.0	1.1688843668596447
177278.06179732535	1000.0	1245.39115503859	0.0	0	0.0	1523.452952363994	1	0	1.0	1.1688843668596447
178200.0	1000.0	1323.452952363981	0.0	0	284.5309942486638	1523.452952363994	1	0	1.0	1.1688843668596447
180483.87610333783	2000.0	200.0	160.42315097384494	0	0.0	1683.8761033378541	1	0	1.0	0.2042507065095392
181117.40504960512	1000.0	742.3201912383548	175.84913750566892	0	0.0	1859.725240843487	1	0	1.0	-0.5970549076246765
182270.05359053166	2000.0	589.6716503118174	0.0	0	0.0	1859.725240843487	1	0	1.0	1.1511870979692822
183292.15709482823	2000.0	567.5681460152194	0.0	0	0.0	1859.725240843487	1	0	1.0	1.8443342785292274
184223.93457501743	1000.0	635.7906658260176	0.0	0	0.0	1859.725240843487	1	0	1.0	0.45803991740933714
185680.017531147	1000.0	200.0	20.292290303559895	0	0.0	1880.0175311469939	1	0	1.0	1.029125892042482
186899.9019781212	1000.0	328.7010015924236	348.5854485666221	0	0.0	2228.6029797136434	1	0	1.0	-0.9676569572965494
187841.09421583524	1000.0	543.9115590097829	156.40279513140456	0	0.0	2385.005774845049	1	0	1.0	0.17060035633899273
188554.921077712	1000.0	830.084697133024	0.0	0	0.0	2385.005774845049	1	0	1.0	1.1090171271274203
189046.46399077383	1000.0	1338.5417840711982	0.0	0	0.0	2385.005774845049	1	0	1.0	1.1090171271274203
189836.75588894033	2000.0	1548.249885904681	0.0	0	0.0	2385.005774845049	1	0	1.0	1.10901712712742
190792.09284725928	2000.0	1592.9129275857522	0.0	0	0.0	2385.005774845078	1	0	1.0	1.8021643076873648
192654.19439351352	2000.0	730.8113813314804	0.0	0	0.0	2385.005774845049	1	0	1.0	1.802164307687364
193117.89681561425	1000.0	1267.1089592307503	0.0	0	0.0	2385.005774845049	1	0	1.0	0.415869946567475
193872.8565239489	2000.0	1512.1492508960816	0.0	0	0.0	2385.005774845049	1	0	1.0	1.10901712712742
194524.99488704666	2000.0	1860.0108877983323	0.0	0	0.0	2385.005774845049	1	0	1.0	1.8021643076873652
195455.1247102205	2000.0	1929.881064624514	0.0	0	0.0	2385.005774845049	1	0	1.0	1.8021643076873652
197638.82138868904	3000.0	746.1843861559431	0.0	0	0.0	2385.00577484502	1	0	1.0	1.8021643076873686
198477.5747462865	2000.0	907.4310285584862	0.0	0	0.0	2385.00577484502	1	0	1.0	1.3966991995792037
199359.11385051484	2000.0	1025.8919243301393	0.0	0	0.0	2385.00577484502	1	0	1.0	1.8021643076873683
200551.2556561326	2000.0	833.7501187123535	0.0	0	0.0	2385.00577484502	1	0	1.0	1.8021643076873683
201700.56274325371	2000.0	684.4430315912211	0.0	0	0.0	2385.005774844991	1	0	1.0	1.802164307687371
202840.9999042757	2000.0	544.0058705692285	0.0	0	0.0	2385.005774844991	1	0	1.0	1.802164307687371
204070.61333734114	1000.0	528.8510848982346	214.4586473944534	0	0.0	2599.4644222394563	1	0	1.0	-0.8951506910299097
205680.84668570157	2000.0	200.0	281.38226346221245	0	0.0	2880.8466857015737	1	0	1.0	-0.6410407578495914
206181.24101467512	1000.0	745.2585136958747	45.65284266943627	0	0.0	2926.4995283710014	1	0	1.0	0.06994439812939418
206831.3301600521	1000.0	1095.1693683188873	0.0	0	0.0	2926.4995283710305	1	0	1.0	1.0370086347059548
208099.05821115614	2000.0	827.4413172148372	0.0	0	0.0	2926.4995283710305	1	0	1.0	1.037008634705952
208892.32085105425	2000.0	1034.1786773167373	0.0	0	0.0	2926.4995283710596	1	0	1.0	1.7301558152658953
210208.91779895115	2000.0	717.5817294198276	0.0	0	0.0	2926.4995283710887	1	0	1.0	1.7301558152658871
212699.9737273192	2000.0	200.0	973.474198948201	0	0.0	3899.9737273193023	1	0	1.0	-4.21382941144976
213223.50597361012	500.0	753.3151378540024	76.84738414494848	0	0.0	976.8211114642618	1	0	1.0	-10.352824570195015
214443.16030864156	1000.0	533.660802822561	0.0	0	0.0	976.8211114642327	1	0	1.0	0.49455409579456877
215447.60416504956	1000.0	529.2169464145705	0.0	0	0.0	976.8211114642327	1	0	1.0	1.187701276354514
216223.40965994666	1000.0	753.4114515174371	0.0	0	0.0	976.8211114642327	1	0	1.0	1.187701276354514
217496.1902545605	1000.0	480.6308569035794	0.0	0	0.0	976.8211114642327	1	0	1.0	1.187701276354514
218469.36410154623	1000.0	507.4570099178561	0.0	0	0.0	976.8211114642327	1	0	1.0	1.187701276354514
219659.0887482629	1000.0	354.7974703456006	37.065107144408614	0	0.0	1013.886218608648	1	0	1.0	0.9643294439527463
220422.29607606295	1000.0	636.666753606004	45.07661106044475	0	0.0	1058.9628296690935	1	0	1.0	0.9150177826740437
221200.0	1000.0	858.962829668929	0.0	0	15.968099161662394	1058.9628296690644	1	0	1.0	1.185477449036713
222200.0	1000.0	858.9628296689317	0.0	0	417.20275315939216	1058.9628296690644	1	0	1.0	1.185477449036713
223200.0	1000.0	858.962829668963	0.0	0	168.48506258893758	1058.9628296691226	1	0	1.0	1.1854774490367117
224200.0	1000.0	858.9628296689683	0.0	0	53.21158528942033	1058.9628296691226	1	0	1.0	1.1854774490367115
225200.0	2000.0	858.9628296689459	0.0	0	39.203381022962276	1058.9628296691517	1	0	1.0	1.1854774490367108
227150.6733027727	2000.0	257.84871771013917	349.5591908138828	0	0.0	1408.5220204828365	1	0	1.0	-0.2279748638756549
227746.72193886433	1000.0	716.0746175406849	54.27453592220698	0	0.0	1462.7965564050246	1	0	1.0	0.15270910192167442
228442.96005165813	2000.0	1019.8365047468798	0.0	0	0.0	1462.7965564050246	1	0	1.0	1.1715034980148613
229545.3302162117	2000.0	917.4663401933396	0.0	0	0.0	1462.7965564050537	1	0	1.0	1.8646506785748052
230825.04555606126	2000.0	637.7510003437583	0.0	0	0.0	1462.7965564050537	1	0	1.0	1.8646506785748052
231808.86477037106	2000.0	653.9317860339236	0.0	0	0.0	1462.7965564050246	1	0	1.0	1.8646506785748065
233039.49034653298	1000.0	423.3062098719986	0.0	0	0.0	1462.7965564049955	1	0	1.0	0.47835631745491736
234094.92126456322	1000.0	500.2258311076008	132.3505392658152	0	0.0	1595.1470956708072	1	0	1.0	0.3714783487289792
234981.1537217198	1000.0	628.5833935224714	14.590019571473078	0	0.0	1609.7371152422566	1	0	1.0	1.077340561303349
235819.88196203604	1000.0	789.8551532062354	0.0	0	0.0	1609.7371152422566	1	0	1.0	1.1648806787321877
236332.88441251274	1000.0	1276.8527027295204	0.0	0	0.0	1609.7371152422566	1	0	1.0	1.1648806787321877
237345.11843071782	2000.0	1264.6186845244404	0.0	0	0.0	1609.7371152422566	1	0	1.0	1.1648806787321877
238419.86500068943	2000.0	1189.872114552827	0.0	0	0.0	1609.7371152422566	1	0	1.0	1.8580278592921329
239558.5014862543	2000.0	1051.2356289879758	0.0	0	0.0	1609.7371152422566	1	0	1.0	1.8580278592921329
240982.80472258694	2000.0	626.9323926553277	0.0	0	0.0	1609.7371152422566	1	0	1.0	1.8580278592921329
242362.66751584056	2000.0	248.4717924764303	1.4021930747278475	0	0.0	1611.1393083169824	1	0	1.0	1.8495468124055567
243793.25321666565	1000.0	225.9887814104703	408.10268975909867	0	0.0	2019.2419980761188	1	0	1.0	-2.00093304295255
244711.31377504722	1000.0	529.3321654333533	221.4039424044659	0	0.0	2240.645940480579	1	0	1.0	-0.20563360209098033
245227.56805230168	1000.0	1013.0778881788938	0.0	0	0.0	2240.645940480579	1	0	1.0	1.122790052335815
246269.7437156914	1000.0	970.9022247891704	0.0	0	0.0	2240.645940480579	1	0	1.0	1.122790052335815
247144.57479967215	1000.0	1096.0711408084173	0.0	0	0.0	2240.645940480579	1	0	1.0	1.122790052335815
247904.7355158112	1000.0	1335.9104246693823	0.0	0	0.0	2240.645940480579	1	0	1.0	1.1227900523358132
248635.5293142614	1000.0	1605.1166262191518	0.0	0	0.0	2240.645940480579	1	0	1.0	1.122790052335815
249633.6078066751	1000.0	1607.0381338054294	0.0	0	0.0	2240.6459404806083	1	0	1.0	1.1227900523358123
250406.39910002533	1000.0	1834.2468404551837	0.0	0	0.0	2240.6459404806083	1	0	1.0	1.1227900523358123
251301.24522995466	1000.0	1939.4007105258527	0.0	0	0.0	2240.6459404806374	1	0	1.0	1.1227900523358096
252294.48157963654	1000.0	1946.1643608439986	0.0	0	0.0	2240.6459404806083	1	0	1.0	1.1227900523358123
253200.0	1000.0	2040.645940480525	0.0	0	318.3659677731048	2240.64594048055	1	0	1.0	1.1227900523358163
255315.21799421555	2000.0	925.4279462649429	0.0	0	0.0	2240.64594048055	1	0	1.0	1.1227900523358174
256728.1289815533	2000.0	512.5169589271807	0.0	0	0.0	2240.64594048055	1	0	1.0	1.8159372328957626
258022.77910542773	1000.0	400.1381261630776	182.2712911103177	0	0.0	2422.9172315908654	1	0	1.0	-0.6816987998911797
258843.77416202857	1000.0	595.3583289849796	16.21525942274991	0	0.0	2439.1324910136173	1	0	1.0	1.0060553144167677
259775.97562261784	1000.0	663.1568683957044	0.0	0	0.0	2439.1324910136173	1	0	1.0	1.1033468709532672
260424.27308930116	1000.0	1014.8594017123651	0.0	0	0.0	2439.1324910136173	1	0	1.0	1.1033468709532672
261268.20572394066	1000.0	1170.9267670728398	0.0	0	0.0	2439.132491013588	1	0	1.0	1.1033468709532703
262831.1735484584	1000.0	607.9589425551228	0.0	0	0.0	2439.132491013588	1	0	1.0	1.1033468709532703
264259.7202397376	1000.0	492.89227581166597	313.4800245357742	0	0.0	2752.6125155492336	1	0	1.0	-0.816700362125098
265011.95445459173	1000.0	740.6580609575218	0.0	0	0.0	2752.6125155492336	1	0	1.0	1.064179785089553
266361.6826188735	1000.0	390.9298966757416	0.0	0	0.0	2752.6125155492336	1	0	1.0	1.0641797850895502
267571.14334931364	1000.0	256.22946344684794	74.7602972112254	0	0.0	2827.372812760528	1	0	1.0	0.6044658974423767
269173.5877718529	1000.0	200.0	546.2149590924265	0	0.0	3373.587771852908	1	0	1.0	-2.324492366026828
269696.42118240864	500.0	751.2266049227279	74.06001547849004	0	0.0	3447.6477873313706	1	0	1.0	-0.9058656389039224
270729.11202448665	1000.0	718.5357628447251	0.0	0	0.0	3447.6477873313706	1	0	1.0	0.23164163452696332
271719.3288174212	1000.0	728.3189699101188	0.0	0	0.0	3447.6477873313706	1	0	1.0	0.9247888150869087
272559.3462915305	1000.0	888.3014958008148	0.0	0	0.0	3447.6477873313706	1	0	1.0	0.9247888150869087
273268.04971298744	1000.0	1179.5980743438997	0.0	0	0.0	3447.647787331429	1	0	1.0	0.924788815086893
274009.8903351273	1000.0	1437.757452203989	0.0	0	0.0	3447.6477873313706	1	0	1.0	0.9247888150869025
274609.74919761164	1000.0	1837.8985897196617	0.0	0	0.0	3447.6477873313706	1	0	1.0	0.9247888150869087
276842.2595996295	2000.0	605.3881877018057	0.0	0	0.0	3447.6477873313706	1	0	1.0	0.924788815086896
278156.53377548064	1000.0	291.11401185068087	0.0	0	0.0	3447.647787331429	1	0	1.0	0.23164163452694786
278990.4631579316	500.0	577.4261523532914	120.24152295357419	0	0.0	3567.8893102849834	1	0	1.0	-1.2169067676305292
279485.7644850539	500.0	1082.1248252309915	0.0	0	0.0	3567.8893102849834	1	0	1.0	0.19768955065086086
280642.73635232693	1000.0	925.1529579579748	0.0	0	0.0	3567.889310284925	1	0	1.0	0.19768955065087834
281857.69352193025	1000.0	710.1957883546929	0.0	0	0.0	3567.889310284925	1	0	1.0	0.8908367312108236
282438.99117669003	500.0	1128.8981335948645	0.0	0	0.0	3567.889310284925	1	0	1.0	-0.4954576299090671
283352.6090257287	1000.0	1215.280284556195	0.0	0	0.0	3567.889310284925	1	0	1.0	0.19768955065087834
283881.0185497458	1000.0	1686.8707605391119	0.0	0	0.0	3567.889310284925	1	0	1.0	0.8908367312108236
284554.423482873	1000.0	2013.4658274118556	0.0	0	0.0	3567.889310284925	1	0	1.0	0.8908367312108236
285380.29538387153	1000.0	2187.5939264134013	0.0	0	0.0	3567.889310284925	1	0	1.0	0.8908367312108236
286471.8686269012	2000.0	2096.0206833838056	0.0	0	0.0	3567.8893102849834	1	0	1.0	0.8908367312108064
287912.106321401	2000.0	1655.7829888839935	0.0	0	0.0	3567.889310284925	1	0	1.0	1.5839839117707688
290794.7093684038	2000.0	214.75652899593342	441.5829085157458	0	0.0	1009.4658973995829	1	0	1.0	-9.769511275612993
292743.11943465314	2000.0	200.0	933.653537253314	0	0.0	1943.119434653141	1	0	1.0	-3.75812998316013
293478.46377230756	1000.0	669.7159076978842	205.06024535230304	0	0.0	2148.1796800054726	1	0	1.0	-0.7928423092307554
295053.7573802711	2000.0	200.0	105.57770026572064	0	0.0	2253.7573802710976	1	0	1.0	0.49473653711773247
296026.0570534232	1000.0	462.98713903128765	235.28681218335709	0	0.0	2489.0441924544284	1	0	1.0	-1.007013185642091
296676.7688629981	1000.0	812.2753294563411	0.0	0	0.0	2489.04419245437	1	0	1.0	1.0978548680180034
297488.2172348769	1000.0	1000.8269575775661	0.0	0	0.0	2489.04419245437	1	0	1.0	1.0978548680180034
298373.85257542593	1000.0	1115.191617028529	0.0	0	0.0	2489.0441924544284	1	0	1.0	1.0978548680179994
299012.2083809469	1000.0	1476.8358115075262	0.0	0	0.0	2489.0441924544284	1	0	1.0	1.097854868017997
299583.9886667998	1000.0	1905.0555256546238	0.0	0	0.0	2489.0441924544284	1	0	1.0	1.097854868017997
301353.78101904073	2000.0	1135.2631734136323	0.0	0	0.0	2489.04419245437	1	0	1.0	1.0978548680180034
302189.34101096203	1000.0	1299.7031814923967	0.0	0	0.0	2489.04419245437	1	0	1.0	0.4047076874580582
303393.92175664776	2000.0	1095.1224358066381	0.0	0	0.0	2489.044192454312	1	0	1.0	1.0978548680180074
303970.3946950651	1000.0	1518.6494973893143	0.0	0	0.0	2489.044192454312	1	0	1.0	0.40470768745806485
304892.5135547752	1000.0	1596.5306376792196	0.0	0	0.0	2489.044192454254	1	0	1.0	1.0978548680180165
305622.20563845785	1000.0	1866.8385539965686	0.0	0	0.0	2489.044192454254	1	0	1.0	1.0978548680180165
306702.0407891296	2000.0	1787.0034033248041	0.0	0	0.0	2489.044192454254	1	0	1.0	1.0978548680180165
308302.9353391644	2000.0	1186.1088532899973	0.0	0	0.0	2489.044192454254	1	0	1.0	1.7910020485779614
308924.67766222154	1000.0	1564.36653023285	0.0	0	0.0	2489.044192454254	1	0	1.0	0.4047076874580714
310353.68174508656	2000.0	1135.3624473678856	0.0	0	0.0	2489.044192454254	1	0	1.0	1.0978548680180165
311157.27414163493	1000.0	1331.7700508195169	0.0	0	0.0	2489.044192454254	1	0	1.0	0.4047076874580714
311886.6876852442	1000.0	1602.3565072102163	0.0	0	0.0	2489.044192454312	1	0	1.0	1.09785486801801
313124.6116628588	2000.0	1364.432529595563	0.0	0	0.0	2489.044192454254	1	0	1.0	1.0978548680180165
313810.8394319524	2000.0	1678.204760502007	0.0	0	0.0	2489.044192454254	1	0	1.0	1.7910020485779614
314644.904502721	2000.0	1844.139689733381	0.0	0	0.0	2489.044192454312	1	0	1.0	1.7910020485779552
315556.9517565346	3000.0	1932.0924359198355	0.0	0	0.0	2489.044192454312	1	0	1.0	1.7910020485779552
0.96	1.7	1.58	1.32	1.37	1.85	1.52	1.32	1.37	2.24	3.34	2.86	1.52	2.03	1.67	1.99	2.18	1.36	1.46	0.81	1.11	1.29	1.03	1.39	1.77	0.61	0.96	2.29	2.47	1.29	1.01	0.74	1.07	0.86	1.74	2.33	2.55	1.83	0.92	2.51	2.71	2.47	1.08	1.34	2.46	2.9	1.77	1.69	1.67	0.8	1.69	1.46	1.58	1.91	2.19	1.68	1.61	1.16	0.68	0.76	1.15	1.29	0.82	1.1	1.36	1.01	1.08	1.47	1.63	1.19	1.67	1.62	0.9	1.98	2.41	1.73	1.27	1.89	0.71	0.83	0.96	1.42	1.69	1.47	1.93	2.14	1.3	1.59	1.27	0.81	1.07	1.54	1.1	1.34	1.31	1.25	1.2	1.17	1.31	1.32	0.71	1.52	1.56	0.82	1.24	1.37	1.27	1.1	0.59	0.61	1.36	0.87	1.2	0.82	0.87	0.83	0.94	0.9	1.15	1.64	1.58	1.19	1.1	0.94	0.81	0.94	1.17	1.07	1.04	1.61	1.22	1.75	2.87	1.64	1.46	1.77	0.97	1.47	2.05	1.24	0.96	1.36	1.33	1.2	1.51	1.38	1.03	1.61	1.45	0.96	0.96	1.7	1.58	1.32	1.37	1.85	1.52	1.32	1.37	2.24	3.34	2.86	1.52	2.03	1.67	1.99	2.18	1.36	1.46	0.81	1.11	1.29	1.03	1.39	1.77	0.61	0.96	2.29	2.47	1.29	1.01	0.74	1.07	0.86	1.74	2.33	2.55	1.83	0.92	2.51	2.71	2.47	1.08	1.34	2.46	2.9	1.77	1.69	1.67	0.8	1.69	1.46	1.58	1.91	2.19	1.68	1.61	1.16	0.68	0.76	1.15	1.29	0.82	1.1	1.36	1.01	1.08	1.47	1.63	1.19	1.67	1.62	0.9	1.98	2.41	1.73	1.27	1.89	0.71	0.83	0.96	1.42	1.69	1.47	1.93	2.14	1.3	1.59	1.27	0.81	1.07	1.54	1.1	1.34	1.31	1.25	1.2	1.17	1.31	1.32	0.71	1.52	1.56	0.82	1.24	1.37	1.27	1.1	0.59	0.61	1.36	0.87	1.2	0.82	0.87	0.83	0.94	0.9	1.15	1.64	1.58	1.19	1.1	0.94	0.81	0.94	1.17	1.07	1.04	1.61	1.22	1.75	2.87	1.64	1.46	1.77	0.97	1.47	2.05	1.24	0.96	1.36	1.33	1.2	1.51	1.38	1.03	1.61	1.45	0.96	0.96	1.7	1.58	1.32	1.37	1.85	1.52	1.32	1.37	2.24	3.34	2.86	1.52	2.03	1.67	1.99
1.0	2.0	3.0	4.0	5.0	6.0	7.0	8.0	9.0	10.0	11.0	12.0	13.0	14.0	15.0	16.0	17.0	18.0	19.0	20.0	21.0	22.0	23.0	24.0	25.0	26.0	27.0	28.0	29.0	30.0	31.0	32.0	33.0	34.0	35.0	36.0	37.0	38.0	39.0	40.0	41.0	42.0	43.0	44.0	45.0	46.0	47.0	48.0	49.0	50.0	51.0	52.0	53.0	54.0	55.0	56.0	57.0	58.0	59.0	60.0	61.0	62.0	63.0	64.0	65.0	66.0	67.0	68.0	69.0	70.0	71.0	72.0	73.0	74.0	75.0	76.0	77.0	78.0	79.0	80.0	81.0	82.0	83.0	84.0	85.0	86.0	87.0	88.0	89.0	90.0	91.0	92.0	93.0	94.0	95.0	96.0	97.0	98.0	99.0	100.0	101.0	102.0	103.0	104.0	105.0	106.0	107.0	108.0	109.0	110.0	111.0	112.0	113.0	114.0	115.0	116.0	117.0	118.0	119.0	120.0	121.0	122.0	123.0	124.0	125.0	126.0	127.0	128.0	129.0	130.0	131.0	132.0	133.0	134.0	135.0	136.0	137.0	138.0	139.0	140.0	141.0	142.0	143.0	144.0	145.0	146.0	147.0	148.0	149.0	149.0	150.0	151.0	152.0	153.0	154.0	155.0	156.0	157.0	158.0	159.0	160.0	161.0	162.0	163.0	164.0	165.0	166.0	167.0	168.0	169.0	170.0	171.0	172.0	173.0	174.0	175.0	176.0	177.0	178.0	179.0	180.0	181.0	182.0	183.0	184.0	185.0	186.0	187.0	188.0	189.0	190.0	191.0	192.0	193.0	194.0	195.0	196.0	197.0	198.0	199.0	200.0	201.0	202.0	203.0	204.0	205.0	206.0	207.0	208.0	209.0	210.0	211.0	212.0	213.0	214.0	215.0	216.0	217.0	218.0	219.0	220.0	221.0	222.0	223.0	224.0	225.0	226.0	227.0	228.0	229.0	230.0	231.0	232.0	233.0	234.0	235.0	236.0	237.0	238.0	239.0	240.0	241.0	242.0	243.0	244.0	245.0	246.0	247.0	248.0	249.0	250.0	251.0	252.0	253.0	254.0	255.0	256.0	257.0	258.0	259.0	260.0	261.0	262.0	263.0	264.0	265.0	266.0	267.0	268.0	269.0	270.0	271.0	272.0	273.0	274.0	275.0	276.0	277.0	278.0	279.0	280.0	281.0	282.0	283.0	284.0	285.0	286.0	287.0	288.0	289.0	290.0	291.0	292.0	293.0	294.0	295.0	296.0	297.0	298.0	298.0	299.0	300.0	301.0	302.0	303.0	304.0	305.0	306.0	307.0	308.0	309.0	310.0	311.0	312.0	313.0	314.0
4208.793434051123
