5442.048276721591	300.0	2000.0	202.05708699724187	0	0.0	5442.048276721591	1	0	0.9	-2.816134778586564
6458.268202140015	2000.0	1983.7800745815755	0.0	0	0.0	2442.048276721591	1	0	1.0	-9.30093970426809
7200.0	2000.0	2242.048276721591	0.0	0	26.875821171489406	2442.04827672159	1	0	1.0	1.7961802806177887
8409.79614885518	3000.0	2032.2521278664115	0.0	0	0.0	2442.048276721589	1	0	1.0	1.7961802806177891
10098.696094572128	3000.0	1343.3521821494658	0.0	0	0.0	2442.0482767215926	1	0	1.0	2.2016453887259533
11036.87865599655	2000.0	1405.1696207250416	0.0	0	0.0	2442.0482767215926	1	0	1.0	1.3907151725096238
11699.251495496683	2000.0	1742.7967812249087	0.0	0	0.0	2442.048276721591	1	0	1.0	1.7961802806177887
12768.860729143289	3000.0	1673.1875475783013	0.0	0	0.0	2442.048276721591	1	0	1.0	1.796180280617789
13703.089442593113	3000.0	1738.9588341284782	0.0	0	0.0	2442.048276721589	1	0	1.0	2.2016453887259537
14391.675471904047	2000.0	2050.372804817543	0.0	0	0.0	2442.048276721589	1	0	1.0	1.3907151725096245
16036.5498538019	3000.0	1405.4984229196912	0.0	0	0.0	2442.048276721589	1	0	1.0	1.7961802806177891
17097.445194669825	2000.0	1344.6030820517653	0.0	0	0.0	2442.048276721587	1	0	1.0	1.3907151725096245
18077.130873860944	2000.0	1364.9174028606456	0.0	0	0.0	2442.048276721587	1	0	1.0	1.7961802806177896
19461.000791143033	2000.0	981.047485578556	0.0	0	0.0	2442.0482767215835	1	0	1.0	1.7961802806177893
20311.11793178717	2000.0	1130.9303449344193	0.0	0	0.0	2442.0482767215835	1	0	1.0	1.7961802806177896
21261.368392547043	2000.0	1180.6798841745408	0.0	0	0.0	2442.04827672158	1	0	1.0	1.7961802806177898
22133.71271348829	2000.0	1308.3355632332944	0.0	0	0.0	2442.0482767215763	1	0	1.0	1.7961802806177904
23285.525453068472	2000.0	1156.5228236531116	0.0	0	0.0	2442.0482767215763	1	0	1.0	1.7961802806177904
24381.48276587479	2000.0	1060.565510846794	0.0	0	0.0	2442.0482767215763	1	0	1.0	1.7961802806177904
25438.59342895989	2000.0	1003.4548477616923	0.0	0	0.0	2442.0482767215763	1	0	1.0	1.7961802806177904
26600.532533714853	2000.0	841.5157430067329	0.0	0	0.0	2442.0482767215763	1	0	1.0	1.7961802806177904
27979.07066093742	2000.0	462.97761578416646	0.0	0	0.0	2442.0482767215763	1	0	1.0	1.7961802806177904
29380.73390877195	2000.0	204.866996896214	143.5526289465738	0	0.0	2585.6009056681505	1	0	1.0	0.9183008020317285
30120.237107975554	1000.0	648.9229200144459	183.55912232183888	0	0.0	2769.1600279899903	1	0	1.0	-0.732724667271746
31239.058501922173	2000.0	530.1015260678275	0.0	0	0.0	2769.160027989994	1	0	1.0	1.061777247219232
31904.543791762197	2000.0	864.616236227802	0.0	0	0.0	2769.160027989994	1	0	1.0	1.754924427779177
32561.171990958337	2000.0	1207.988037031661	0.0	0	0.0	2769.160027989994	1	0	1.0	1.754924427779177
33634.20317948899	2000.0	1134.9568485010068	0.0	0	0.0	2769.160027989994	1	0	1.0	1.7549244277791773
34324.05733459117	2000.0	1445.1026933988278	0.0	0	0.0	2769.1600279899903	1	0	1.0	1.7549244277791771
34921.88089866432	2000.0	1847.2791293256766	0.0	0	0.0	2769.1600279899867	1	0	1.0	1.7549244277791782
35491.76799496537	2000.0	2277.3920330246356	0.0	0	0.0	2769.1600279899976	1	0	1.0	1.754924427779177
36448.285982228	3000.0	2320.874045762006	0.0	0	0.0	2769.160027989994	1	0	1.0	1.7549244277791771
37383.55647973066	3000.0	2385.603548259355	0.0	0	0.0	2769.1600279900013	1	0	1.0	2.1603895358873406
38865.68987090215	3000.0	1903.4701570878558	0.0	0	0.0	2769.1600279900013	1	0	1.0	2.1603895358873406
40108.70651038597	3000.0	1660.4535176040351	0.0	0	0.0	2769.1600279900013	1	0	1.0	2.1603895358873406
41237.13588171045	3000.0	1532.0241462795616	0.0	0	0.0	2769.1600279900013	1	0	1.0	2.1603895358873406
42530.130863624356	3000.0	1239.029164365651	0.0	0	0.0	2769.1600279900013	1	0	1.0	2.1603895358873406
43808.38396904758	2000.0	960.7760589424238	0.0	0	0.0	2769.1600279900013	1	0	1.0	1.3494593196710114
44515.085546451184	2000.0	1254.0744815388157	0.0	0	0.0	2769.160027989994	1	0	1.0	1.754924427779177
45268.61020831861	2000.0	1500.549819671392	0.0	0	0.0	2769.160027989994	1	0	1.0	1.754924427779177
46338.016885982535	2000.0	1431.1431420074691	0.0	0	0.0	2769.160027989994	1	0	1.0	1.754924427779177
47368.73884650426	2000.0	1400.4211814857413	0.0	0	0.0	2769.160027989994	1	0	1.0	1.754924427779177
48516.904258152616	2000.0	1252.2557698373885	0.0	0	0.0	2769.160027989994	1	0	1.0	1.754924427779177
49495.39340710111	2000.0	1273.7666208888936	0.0	0	0.0	2769.160027989994	1	0	1.0	1.754924427779177
50210.839208483034	2000.0	1558.3208195069692	0.0	0	0.0	2769.160027989994	1	0	1.0	1.754924427779177
51327.18475098356	3000.0	1441.975277006449	0.0	0	0.0	2769.160027989994	1	0	1.0	1.7549244277791771
52064.22867462558	2000.0	1704.931353364432	0.0	0	0.0	2769.160027989994	1	0	1.0	1.3494593196710123
53528.31984687136	3000.0	1240.840181118647	0.0	0	0.0	2769.160027989994	1	0	1.0	1.7549244277791771
54838.59869156669	3000.0	930.5613364233279	0.0	0	0.0	2769.1600279900013	1	0	1.0	2.1603895358873406
55677.32837609516	2000.0	1091.8316518948525	0.0	0	0.0	2769.160027989994	1	0	1.0	1.3494593196710123
56856.61161478494	2000.0	912.5484132050691	0.0	0	0.0	2769.160027989994	1	0	1.0	1.754924427779177
57593.92180615418	2000.0	1175.2382218358216	0.0	0	0.0	2769.160027989994	1	0	1.0	1.754924427779177
58268.846609879016	2000.0	1500.3134181109906	0.0	0	0.0	2769.1600279900013	1	0	1.0	1.754924427779176
59097.657370040135	3000.0	1671.5026579498704	0.0	0	0.0	2769.1600279900013	1	0	1.0	1.754924427779176
60112.13868881302	3000.0	1657.0213391769819	0.0	0	0.0	2769.160027989994	1	0	1.0	2.160389535887342
61133.591498988564	3000.0	1635.5685290014394	0.0	0	0.0	2769.160027989994	1	0	1.0	2.160389535887342
62056.9712850101	3000.0	1712.1887429799058	0.0	0	0.0	2769.160027989994	1	0	1.0	2.160389535887342
63419.046271509425	3000.0	1350.1137564805822	0.0	0	0.0	2769.160027989994	1	0	1.0	2.160389535887342
65073.12176558832	3000.0	696.0382624016883	0.0	0	0.0	2769.1600279899867	1	0	1.0	2.160389535887343
66251.07373254385	2000.0	518.0862954461495	0.0	0	0.0	2769.1600279899794	1	0	1.0	1.349459319671014
67744.84117686216	2000.0	305.15903372226126	280.84018259442763	0	0.0	3050.000210584418	1	0	1.0	0.023023295900393648
68488.36981162026	2000.0	679.0081396385585	117.37774067438458	0	0.0	3167.3779512588153	1	0	1.0	0.9803976796092376
69590.08232569373	2000.0	577.2956255650803	0.0	0	0.0	3167.377951258808	1	0	1.0	1.6846641236555464
70264.89504367563	2000.0	902.4829075831823	0.0	0	0.0	3167.3779512587935	1	0	1.0	1.6846641236555493
70991.5379829435	2000.0	1175.8399683153043	0.0	0	0.0	3167.3779512587935	1	0	1.0	1.6846641236555493
71651.69803960722	2000.0	1515.6799116515858	0.0	0	0.0	3167.377951258779	1	0	1.0	1.6846641236555524
72698.35252544108	3000.0	1469.0254258177097	0.0	0	0.0	3167.3779512587644	1	0	1.0	1.6846641236555557
73599.05391736294	3000.0	1568.3240338958458	0.0	0	0.0	3167.3779512587644	1	0	1.0	2.0901292317637203
74420.78428920571	3000.0	1746.5936620530622	0.0	0	0.0	3167.3779512587644	1	0	1.0	2.0901292317637203
75563.30247394645	3000.0	1604.0754773123244	0.0	0	0.0	3167.3779512587644	1	0	1.0	2.0901292317637203
76682.5550518206	3000.0	1484.8228994381684	0.0	0	0.0	3167.3779512587644	1	0	1.0	2.0901292317637203
77638.4875562132	3000.0	1528.8903950455688	0.0	0	0.0	3167.3779512587644	1	0	1.0	2.0901292317637203
78405.28486563273	3000.0	1762.0930856260522	0.0	0	0.0	3167.3779512587644	1	0	1.0	2.0901292317637203
79168.9378961401	3000.0	1998.4400551187018	0.0	0	0.0	3167.3779512587644	1	0	1.0	2.0901292317637203
79807.99899497376	3000.0	2359.378956285012	0.0	0	0.0	3167.3779512587644	1	0	1.0	2.0901292317637203
80672.8811585932	3000.0	2494.4967926655686	0.0	0	0.0	3167.3779512587644	1	0	1.0	2.0901292317637203
81488.78942908035	3000.0	2678.5885221784006	0.0	0	0.0	3167.3779512587644	1	0	1.0	2.0901292317637203
82200.0	3000.0	2967.377951258738	0.0	0	33.39443209847377	3167.3779512587644	1	0	1.0	2.0901292317637203
83200.0	3000.0	2967.377951258725	0.0	0	230.62166060214804	3167.3779512587644	1	0	1.0	2.0901292317637203
84247.70264997764	3000.0	2919.675301281085	0.0	0	0.0	3167.37795125875	1	0	1.0	2.090129231763723
85666.53975139547	3000.0	2500.8381998632617	0.0	0	0.0	3167.37795125875	1	0	1.0	2.090129231763723
88635.80987469912	3000.0	531.5680765596112	0.0	0	0.0	3167.3779512587644	1	0	1.0	2.0901292317637212
89350.00779715972	2000.0	817.370154098999	0.0	0	0.0	3167.37795125875	1	0	1.0	1.2791990155473942
90087.2199135278	2000.0	1080.1580377309315	0.0	0	0.0	3167.37795125875	1	0	1.0	1.6846641236555588
90856.38155367269	2000.0	1310.9963975860467	0.0	0	0.0	3167.37795125875	1	0	1.0	1.6846641236555588
91655.14819977843	2000.0	1512.2297514803042	0.0	0	0.0	3167.37795125875	1	0	1.0	1.6846641236555588
92737.0852835152	3000.0	1430.29266774355	0.0	0	0.0	3167.37795125875	1	0	1.0	1.6846641236555586
94524.73766946403	3000.0	642.6402817947269	0.0	0	0.0	3167.37795125875	1	0	1.0	2.090129231763723
95647.48949235008	2000.0	519.8884589086639	0.0	0	0.0	3167.37795125875	1	0	1.0	-7.720800984452608
96467.08781838794	2000.0	700.290132870815	0.0	0	0.0	3167.37795125875	1	0	1.0	1.6846641236555588
97036.37603560532	2000.0	1131.001915653416	0.0	0	0.0	3167.37795125875	1	0	1.0	1.6846641236555588
97907.20144892923	2000.0	1260.176502329491	0.0	0	0.0	3167.37795125875	1	0	1.0	1.6846641236555588
98940.18409132006	2000.0	1227.1938599386654	0.0	0	0.0	3167.37795125875	1	0	1.0	1.6846641236555588
99576.4497596937	2000.0	1590.92819156502	0.0	0	0.0	3167.37795125875	1	0	1.0	-7.3153358763444425
100470.546482168	3000.0	1696.8314690907068	0.0	0	0.0	3167.37795125875	1	0	1.0	1.6846641236555586
101631.95849605484	3000.0	1535.4194552038616	0.0	0	0.0	3167.37795125875	1	0	1.0	2.090129231763723
103524.6266165135	3000.0	642.7513347451847	0.0	0	0.0	3167.3779512587353	1	0	1.0	2.090129231763726
104643.70640372047	2000.0	523.6715475382089	0.0	0	0.0	3167.3779512587353	1	0	1.0	-7.720800984452602
105333.36456322717	2000.0	834.0133880315178	0.0	0	0.0	3167.3779512587353	1	0	1.0	-7.315335876344436
106026.2376136259	2000.0	1141.1403376327962	0.0	0	0.0	3167.3779512587353	1	0	1.0	1.6846641236555615
107080.26746245992	2000.0	1087.1104887987944	0.0	0	0.0	3167.3779512587353	1	0	1.0	1.6846641236555615
107767.70324175841	2000.0	1399.6747095003036	0.0	0	0.0	3167.3779512587353	1	0	1.0	1.6846641236555615
108303.05178487395	2000.0	1864.3261663847577	0.0	0	0.0	3167.3779512587207	1	0	1.0	1.6846641236555646
109178.88537409993	3000.0	1988.4925771587953	0.0	0	0.0	3167.3779512587207	1	0	1.0	1.6846641236555646
110150.71239909063	3000.0	2016.6655521681043	0.0	0	0.0	3167.3779512587207	1	0	1.0	2.0901292317637292
111605.20398270623	3000.0	1562.1739685525024	0.0	0	0.0	3167.3779512587207	1	0	1.0	2.0901292317637292
112891.630934193	3000.0	1275.7470170657332	0.0	0	0.0	3167.3779512587207	1	0	1.0	2.0901292317637292
113490.97865007105	2000.0	1676.3993011876942	0.0	0	0.0	3167.3779512587207	1	0	1.0	1.2791990155474
114260.80288505109	2000.0	1906.5750662076512	0.0	0	0.0	3167.3779512587207	1	0	1.0	1.6846641236555646
115368.07766391353	2000.0	1799.3002873451878	0.0	0	0.0	3167.377951258706	1	0	1.0	1.6846641236555677
116471.78142407008	2000.0	1695.5965271886337	0.0	0	0.0	3167.377951258706	1	0	1.0	1.6846641236555677
117306.07181180638	2000.0	1861.3061394523304	0.0	0	0.0	3167.377951258706	1	0	1.0	1.6846641236555677
118533.96044412248	3000.0	1633.4175071362488	0.0	0	0.0	3167.377951258706	1	0	1.0	1.6846641236555677
119404.63148946995	2000.0	1762.7464617887783	0.0	0	0.0	3167.377951258706	1	0	1.0	1.2791990155474031
120500.90807503341	2000.0	1666.4698762253122	0.0	0	0.0	3167.377951258706	1	0	1.0	1.6846641236555677
122079.61646621821	2000.0	1087.7614850405212	0.0	0	0.0	3167.377951258706	1	0	1.0	1.6846641236555677
122871.12440316817	1000.0	1296.25354809056	0.0	0	0.0	3167.377951258706	1	0	1.0	0.2983697625356774
123669.50233916147	1000.0	1497.8756120972675	0.0	0	0.0	3167.377951258706	1	0	1.0	0.9915169430956227
124501.79141964542	2000.0	1665.586531613329	0.0	0	0.0	3167.3779512587207	1	0	1.0	0.9915169430956194
125178.25639662573	2000.0	1989.1215546330207	0.0	0	0.0	3167.3779512587207	1	0	1.0	1.6846641236555646
125740.38892518463	2000.0	2426.9890260741345	0.0	0	0.0	3167.3779512587353	1	0	1.0	1.6846641236555615
126967.28725962157	3000.0	2200.0906916371946	0.0	0	0.0	3167.3779512587353	1	0	1.0	1.6846641236555617
127809.88365298552	3000.0	2357.4942982732614	0.0	0	0.0	3167.37795125875	1	0	1.0	2.090129231763723
128778.35783992763	3000.0	2389.020111331158	0.0	0	0.0	3167.37795125875	1	0	1.0	2.090129231763723
129760.24528237108	3000.0	2407.1326688877193	0.0	0	0.0	3167.37795125875	1	0	1.0	2.090129231763723
130592.16382154585	3000.0	2575.214129712949	0.0	0	0.0	3167.37795125875	1	0	1.0	2.090129231763723
131337.9453567576	3000.0	2829.4325945011733	0.0	0	0.0	3167.3779512587207	1	0	1.0	2.0901292317637257
132200.0	3000.0	2967.3779512587876	0.0	0	5.00240599384415	3167.3779512587353	1	0	1.0	2.0901292317637283
133200.0	3000.0	2967.377951258793	0.0	0	105.1691037574492	3167.37795125875	1	0	1.0	2.0901292317637252
134815.33288138622	3000.0	2352.045069872564	0.0	0	0.0	3167.3779512587353	1	0	1.0	2.0901292317637252
135866.70831007368	3000.0	2300.669641185088	0.0	0	0.0	3167.3779512587353	1	0	1.0	2.090129231763726
137114.247730022	3000.0	2053.1302212367727	0.0	0	0.0	3167.3779512587353	1	0	1.0	2.090129231763726
137983.3641901868	2000.0	2184.0137610719844	0.0	0	0.0	3167.3779512587644	1	0	1.0	1.2791990155473907
139083.18472883455	3000.0	2084.1932224242328	0.0	0	0.0	3167.3779512587644	1	0	1.0	1.6846641236555557
139913.77207470476	2000.0	2253.6058765540424	0.0	0	0.0	3167.3779512587935	1	0	1.0	1.2791990155473847
141101.68746800386	2000.0	2065.690483254961	0.0	0	0.0	3167.3779512588226	1	0	1.0	1.6846641236555433
142230.1492127654	2000.0	1937.2287384934557	0.0	0	0.0	3167.3779512588226	1	0	1.0	1.6846641236555433
142929.9319382068	2000.0	2237.446013052033	0.0	0	0.0	3167.3779512588226	1	0	1.0	1.6846641236555433
143897.49513134736	3000.0	2269.882819911484	0.0	0	0.0	3167.3779512588517	1	0	1.0	1.6846641236555373
144893.46477767616	3000.0	2273.913173582681	0.0	0	0.0	3167.3779512588517	1	0	1.0	2.0901292317637017
145645.1258125276	3000.0	2522.2521387311986	0.0	0	0.0	3167.3779512588517	1	0	1.0	2.0901292317637017
146700.47707805398	3000.0	2466.9008732048387	0.0	0	0.0	3167.3779512588517	1	0	1.0	2.0901292317637017
147600.63816977473	3000.0	2566.739781484081	0.0	0	0.0	3167.3779512588226	1	0	1.0	2.090129231763708
148382.58423571056	3000.0	2784.793715548243	0.0	0	0.0	3167.3779512588226	1	0	1.0	2.090129231763708
149200.0	3000.0	2967.377951258782	0.0	0	275.7363908746629	3167.3779512588226	1	0	1.0	2.090129231763708
150200.0	3000.0	2967.377951258798	0.0	0	461.5520934512024	3167.3779512588517	1	0	1.0	2.0901292317637017
151248.45689154306	3000.0	2918.9210597157594	0.0	0	0.0	3167.3779512588517	1	0	1.0	2.0901292317637017
152768.83204907263	3000.0	2398.545902186208	0.0	0	0.0	3167.377951258881	1	0	1.0	2.090129231763696
153933.93396076275	3000.0	2233.443990496079	0.0	0	0.0	3167.377951258881	1	0	1.0	2.090129231763696
155820.73878858372	3000.0	1346.6391626751133	0.0	0	0.0	3167.377951258881	1	0	1.0	2.090129231763696
156471.44691169044	2000.0	1695.931039568369	0.0	0	0.0	3167.377951258881	1	0	1.0	1.2791990155473663
157465.4863897094	3000.0	1701.8915615494036	0.0	0	0.0	3167.377951258881	1	0	1.0	1.684664123655531
158501.42639740507	3000.0	1665.9515538537014	0.0	0	0.0	3167.3779512588517	1	0	1.0	2.0901292317636995
160061.1382960536	3000.0	1106.2396552051837	0.0	0	0.0	3167.3779512588226	1	0	1.0	2.090129231763703
160807.13199290144	2000.0	1360.2459583573348	0.0	0	0.0	3167.3779512588226	1	0	1.0	1.2791990155473787
161390.26420731106	2000.0	1777.1137439477004	0.0	0	0.0	3167.3779512587935	1	0	1.0	1.6846641236555493
162182.82399483313	2000.0	1984.5539564256417	0.0	0	0.0	3167.3779512587935	1	0	1.0	1.6846641236555493
163166.64233323126	3000.0	2000.7356180274994	0.0	0	0.0	3167.3779512587935	1	0	1.0	1.6846641236555495
164086.25705788995	3000.0	2081.120893368856	0.0	0	0.0	3167.3779512587935	1	0	1.0	2.090129231763714
165476.97856131263	3000.0	1690.3993899461852	0.0	0	0.0	3167.3779512588517	1	0	1.0	2.0901292317637044
166683.68319323575	2000.0	1483.6947580230683	0.0	0	0.0	3167.377951258881	1	0	1.0	1.2791990155473676
167856.01745055165	2000.0	1311.3605007071446	0.0	0	0.0	3167.3779512588517	1	0	1.0	1.684664123655537
168746.8776975452	2000.0	1420.5002537136102	0.0	0	0.0	3167.377951258881	1	0	1.0	1.6846641236555309
169718.9177345039	2000.0	1448.460216754908	0.0	0	0.0	3167.377951258881	1	0	1.0	1.6846641236555309
170671.16855844503	2000.0	1496.2093928137283	0.0	0	0.0	3167.377951258881	1	0	1.0	1.6846641236555309
171681.36394651144	2000.0	1486.014004747323	0.0	0	0.0	3167.377951258881	1	0	1.0	1.6846641236555309
172549.0256978447	2000.0	1618.3522534140293	0.0	0	0.0	3167.377951258881	1	0	1.0	1.6846641236555309
173228.47125293658	2000.0	1938.9066983221546	0.0	0	0.0	3167.37795125891	1	0	1.0	1.6846641236555273
174107.39062594305	2000.0	2059.98732531566	0.0	0	0.0	3167.377951258881	1	0	1.0	1.684664123655526
175377.75117399739	2000.0	1789.6267772613335	0.0	0	0.0	3167.377951258881	1	0	1.0	1.6846641236555309
176736.10528964756	2000.0	1431.2726616111686	0.0	0	0.0	3167.377951258881	1	0	1.0	1.6846641236555309
177909.81232682633	2000.0	1257.5656244324107	0.0	0	0.0	3167.377951258881	1	0	1.0	1.6846641236555309
179147.02329117522	2000.0	1020.3546600835089	0.0	0	0.0	3167.3779512588517	1	0	1.0	1.684664123655537
180307.14028494645	2000.0	860.2376663122924	0.0	0	0.0	3167.3779512588517	1	0	1.0	1.684664123655537
181010.3013379633	2000.0	1157.0766132954634	0.0	0	0.0	3167.3779512588517	1	0	1.0	1.684664123655537
182004.24863710385	2000.0	1163.1293141548879	0.0	0	0.0	3167.3779512588226	1	0	1.0	1.6846641236555433
182695.5847382672	2000.0	1471.7932129915673	0.0	0	0.0	3167.3779512588517	1	0	1.0	1.684664123655537
183446.4242842573	2000.0	1720.9536670015234	0.0	0	0.0	3167.377951258881	1	0	1.0	1.6846641236555309
184177.79685269902	2000.0	1989.58109855979	0.0	0	0.0	3167.377951258881	1	0	1.0	1.6846641236555309
185112.81270107074	3000.0	2054.5652501880763	0.0	0	0.0	3167.3779512588226	1	0	1.0	1.6846641236555384
186029.49343586588	3000.0	2137.8845153929333	0.0	0	0.0	3167.3779512587935	1	0	1.0	2.090129231763714
187150.67437814214	3000.0	2016.7035731166868	0.0	0	0.0	3167.3779512587935	1	0	1.0	2.090129231763714
188329.7393407255	3000.0	1837.6386105333063	0.0	0	0.0	3167.3779512587644	1	0	1.0	2.0901292317637177
189440.76978943328	3000.0	1726.608161825501	0.0	0	0.0	3167.3779512587644	1	0	1.0	2.0901292317637203
190267.6903811069	3000.0	1899.6875701519104	0.0	0	0.0	3167.3779512587644	1	0	1.0	2.0901292317637203
191542.5098418818	3000.0	1624.868109376996	0.0	0	0.0	3167.3779512587644	1	0	1.0	2.0901292317637163
192711.88521195366	2000.0	1455.4927393051294	0.0	0	0.0	3167.3779512587353	1	0	1.0	1.279199015547397
193850.38151123168	2000.0	1316.996440027115	0.0	0	0.0	3167.3779512587353	1	0	1.0	1.6846641236555615
194644.99668434635	2000.0	1522.3812669124538	0.0	0	0.0	3167.3779512587353	1	0	1.0	1.6846641236555615
195375.59110416812	2000.0	1791.7868470906724	0.0	0	0.0	3167.3779512587353	1	0	1.0	1.6846641236555615
196157.77855238455	2000.0	2009.5993988742393	0.0	0	0.0	3167.377951258706	1	0	1.0	1.6846641236555677
197298.19725410777	2000.0	1869.180697151027	0.0	0	0.0	3167.377951258677	1	0	1.0	1.6846641236555713
198164.93022571993	2000.0	2002.4477255388492	0.0	0	0.0	3167.377951258648	1	0	1.0	1.6846641236555762
199418.7192359148	3000.0	1748.6587153439802	0.0	0	0.0	3167.377951258677	1	0	1.0	1.6846641236555764
200676.87643844477	3000.0	1490.5015128140124	0.0	0	0.0	3167.377951258677	1	0	1.0	2.0901292317637385
201667.62469224198	3000.0	1499.7532590168157	0.0	0	0.0	3167.377951258706	1	0	1.0	2.0901292317637323
202517.30169238502	2000.0	1650.0762588737757	0.0	0	0.0	3167.3779512587353	1	0	1.0	1.279199015547397
203455.13677344582	3000.0	1712.2411778129779	0.0	0	0.0	3167.3779512587644	1	0	1.0	1.6846641236555557
205191.5498878557	3000.0	975.8280634030821	0.0	0	0.0	3167.3779512587353	1	0	1.0	2.0901292317637217
205975.4554780066	2000.0	1191.9224732522243	0.0	0	0.0	3167.3779512587353	1	0	1.0	1.279199015547397
206559.7021642739	2000.0	1607.6757869849107	0.0	0	0.0	3167.3779512587644	1	0	1.0	-7.315335876344445
207058.15340378502	2000.0	2109.224547473792	0.0	0	0.0	3167.3779512587644	1	0	1.0	1.6846641236555602
207786.92758773133	3000.0	2380.4503635274964	0.0	0	0.0	3167.3779512587644	1	0	1.0	1.6846641236555557
208617.41160910536	3000.0	2549.9663421534688	0.0	0	0.0	3167.3779512587353	1	0	1.0	2.090129231763726
209496.22656693668	3000.0	2671.1513843221514	0.0	0	0.0	3167.3779512587353	1	0	1.0	2.090129231763726
210993.81419955986	3000.0	2173.5637516989586	0.0	0	0.0	3167.377951258706	1	0	1.0	2.0901292317637323
212709.11489650866	3000.0	1458.263054750185	0.0	0	0.0	3167.377951258706	1	0	1.0	2.0901292317637323
214248.40798339056	3000.0	918.9699678682866	0.0	0	0.0	3167.3779512587353	1	0	1.0	2.090129231763726
215118.6584439955	2000.0	1048.719507263369	0.0	0	0.0	3167.3779512587353	1	0	1.0	1.279199015547397
216784.9891297966	2000.0	382.3888214622752	0.0	0	0.0	3167.3779512587644	1	0	1.0	-7.315335876344443
217578.65459165344	2000.0	620.2242218385559	31.5008622331122	0	0.0	3198.8788134919014	1	0	1.0	1.4889508274910352
218548.47686690604	2000.0	650.4019465859822	0.0	0	0.0	3198.8788134919014	1	0	1.0	1.6779560008897083
219351.20777928742	2000.0	847.6710342046163	0.0	0	0.0	3198.8788134919305	1	0	1.0	1.6779560008897019
220152.10120011197	2000.0	1046.7776133800467	0.0	0	0.0	3198.8788134919305	1	0	1.0	-7.322043999110298
220811.89780182	2000.0	1386.9810116719884	0.0	0	0.0	3198.8788134919305	1	0	1.0	-7.322043999110298
221737.38957554733	3000.0	1461.489237944677	0.0	0	0.0	3198.8788134919596	1	0	1.0	1.6779560008896957
222923.9549333328	3000.0	1274.923880159195	0.0	0	0.0	3198.8788134919305	1	0	1.0	2.0834211089978667
223812.14290489542	3000.0	1386.7359085965797	0.0	0	0.0	3198.8788134919596	1	0	1.0	-6.91657889100214
224578.0764024567	3000.0	1620.8024110352803	0.0	0	0.0	3198.8788134919596	1	0	1.0	-6.91657889100214
225449.34022644383	3000.0	1749.5385870481675	0.0	0	0.0	3198.8788134919596	1	0	1.0	2.08342110899786
226680.11929723423	3000.0	1518.7595162577445	0.0	0	0.0	3198.8788134919596	1	0	1.0	2.08342110899786
227534.6650144636	3000.0	1664.2137990283893	0.0	0	0.0	3198.8788134919305	1	0	1.0	2.0834211089978667
228596.43182796548	3000.0	1602.4469855265095	0.0	0	0.0	3198.8788134919014	1	0	1.0	2.0834211089978725
229448.0140656591	3000.0	1750.864747832893	0.0	0	0.0	3198.8788134919305	1	0	1.0	2.083421108997868
230065.0653313664	3000.0	2133.813482125605	0.0	0	0.0	3198.8788134919014	1	0	1.0	2.0834211089978725
230702.84966086695	3000.0	2496.0291526250357	0.0	0	0.0	3198.8788134919014	1	0	1.0	2.0834211089978725
231501.55417013844	3000.0	2697.3246433535714	0.0	0	0.0	3198.8788134919014	1	0	1.0	2.0834211089978725
232200.0	3000.0	2998.878813491979	0.0	0	139.33785116494983	3198.8788134919014	1	0	1.0	2.0834211089978725
233200.0	3000.0	2998.8788134920046	0.0	0	155.11000863823574	3198.8788134919014	1	0	1.0	2.0834211089978725
234200.0	3000.0	2998.878813492006	0.0	0	33.39023046847433	3198.8788134919014	1	0	1.0	2.0834211089978725
237351.3521417067	3000.0	847.5266717852714	0.0	0	0.0	3198.878813491843	1	0	1.0	2.083421108997884
238192.28471149696	2000.0	1006.5941019950275	0.0	0	0.0	3198.878813491814	1	0	1.0	1.2724908927815586
238871.38136535723	2000.0	1327.4974481347447	0.0	0	0.0	3198.878813491814	1	0	1.0	1.677956000889727
239633.70109953592	2000.0	1565.1777139560684	0.0	0	0.0	3198.878813491843	1	0	1.0	1.6779560008897207
240223.57275967865	2000.0	1975.306053813312	0.0	0	0.0	3198.878813491843	1	0	1.0	1.6779560008897234
241564.16645318764	3000.0	1634.7123603043065	0.0	0	0.0	3198.878813491843	1	0	1.0	1.6779560008897207
242565.1915135114	3000.0	1633.6872999805205	0.0	0	0.0	3198.878813491843	1	0	1.0	2.0834211089978867
244069.6728439439	2000.0	1129.2059695480593	0.0	0	0.0	3198.878813491814	1	0	1.0	1.2724908927815624
244885.39346681934	2000.0	1313.4853466726122	0.0	0	0.0	3198.878813491814	1	0	1.0	1.677956000889727
245752.29176513036	2000.0	1446.587048361588	0.0	0	0.0	3198.878813491814	1	0	1.0	1.677956000889727
246544.76437719323	2000.0	1654.1144362987397	0.0	0	0.0	3198.878813491814	1	0	1.0	1.677956000889727
247913.257051354	3000.0	1285.621762137964	0.0	0	0.0	3198.878813491814	1	0	1.0	1.677956000889727
248603.66897199833	2000.0	1595.2098414936816	0.0	0	0.0	3198.878813491814	1	0	1.0	1.2724908927815624
249951.4795185156	3000.0	1247.3992949763901	0.0	0	0.0	3198.878813491785	1	0	1.0	1.6779560008897334
250779.3792717187	2000.0	1419.4995417733019	0.0	0	0.0	3198.878813491785	1	0	1.0	-7.727509107218433
252284.5726566668	3000.0	914.3061568251649	0.0	0	0.0	3198.878813491785	1	0	1.0	-7.322043999110267
253101.9607722252	2000.0	1096.9180412667797	0.0	0	0.0	3198.878813491785	1	0	1.0	1.2724908927815686
254268.30628895867	2000.0	930.5725245332906	0.0	0	0.0	3198.878813491785	1	0	1.0	1.6779560008897332
255353.5584865618	2000.0	845.3203269301705	0.0	0	0.0	3198.878813491756	1	0	1.0	1.6779560008897372
256175.07257073466	2000.0	1023.8062427572916	0.0	0	0.0	3198.878813491756	1	0	1.0	1.6779560008897396
257016.1764992285	2000.0	1182.7023142634675	0.0	0	0.0	3198.878813491756	1	0	1.0	1.6779560008897396
257797.7388935226	2000.0	1401.1399199693556	0.0	0	0.0	3198.878813491756	1	0	1.0	-7.32204399911026
258787.12784309103	3000.0	1411.7509704009408	0.0	0	0.0	3198.878813491756	1	0	1.0	-7.32204399911026
260251.6547789399	3000.0	947.2240345520811	0.0	0	0.0	3198.878813491756	1	0	1.0	-6.9165788910020956
261328.5430120725	2000.0	870.3358014194772	0.0	0	0.0	3198.878813491756	1	0	1.0	-7.727509107218426
262011.76481883496	2000.0	1187.1139946570472	0.0	0	0.0	3198.878813491756	1	0	1.0	-7.32204399911026
262967.4020846657	2000.0	1231.4767288263674	0.0	0	0.0	3198.878813491843	1	0	1.0	-7.3220439991102735
264102.64979951177	2000.0	1096.229013980288	0.0	0	0.0	3198.878813491814	1	0	1.0	-7.322043999110275
264957.3951549006	2000.0	1241.48365859142	0.0	0	0.0	3198.878813491785	1	0	1.0	1.6779560008897332
265677.44502165954	2000.0	1521.4337918325318	0.0	0	0.0	3198.878813491785	1	0	1.0	1.6779560008897345
266439.99468457006	2000.0	1758.8841289220127	0.0	0	0.0	3198.878813491785	1	0	1.0	1.6779560008897332
267416.632772679	3000.0	1782.2460408130569	0.0	0	0.0	3198.8788134917268	1	0	1.0	1.6779560008897458
268336.2561896909	2000.0	1862.6226238011795	0.0	0	0.0	3198.8788134917268	1	0	1.0	1.272490892781581
269578.3227625697	2000.0	1620.5560509223883	0.0	0	0.0	3198.878813491785	1	0	1.0	1.6779560008897332
270665.9706723441	2000.0	1532.9081411480477	0.0	0	0.0	3198.878813491785	1	0	1.0	1.6779560008897332
272412.27025063196	2000.0	786.6085628602118	0.0	0	0.0	3198.878813491785	1	0	1.0	1.6779560008897332
273876.0084664279	2000.0	365.3479463604371	42.47759929617797	0	0.0	3241.3564127879217	1	0	1.0	1.4137435017480304
274752.0742596941	2000.0	583.3592103228299	94.07705722857156	0	0.0	3335.433470016462	1	0	1.0	1.0821606732560969
276200.0	2000.0	263.426741678596	127.96753135576526	0	407.1830503671663	463.4267416781513	1	0	1.0	-7.876492880200049
277200.0	2000.0	461.82749417061405	198.40075249204133	0	138.2199820986716	661.8274941706331	1	0	1.0	0.6974792868141196
278200.0	3000.0	461.82749417063496	0.0	0	237.72502705961233	661.8274941706331	1	0	1.0	1.887883801766368
279200.0	3000.0	483.56116622689024	21.733672056199822	0	52.02188523329096	683.5611662268639	1	0	1.0	2.1625286878669523
280200.0	3000.0	483.5611662269008	0.0	0	340.12140006345	683.5611662268639	1	0	1.0	2.292930720204151
281200.0	3000.0	483.5611662269258	0.0	0	95.44996547244955	683.5611662268639	1	0	1.0	2.292930720204151
282200.0	3000.0	483.5611662269381	0.0	0	61.49463217530865	683.5611662268639	1	0	1.0	2.292930720204151
283921.3655764533	3000.0	200.0	437.80441022640264	0	0.0	1121.365576453216	1	0	1.0	-0.338959592585773
285045.80238582805	2000.0	548.3216594181439	472.75846879289986	0	0.0	1594.1240452461643	1	0	1.0	-1.3832383819205547
286771.95219847414	3000.0	200.0	377.8281532279525	0	0.0	1971.952198474144	1	0	1.0	-0.42638170892892147
287884.3556408312	2000.0	398.2385850914018	310.642027448519	0	0.0	2282.5942259226576	1	0	1.0	-0.45718911867495726
288757.7381655573	2000.0	524.8560603653013	0.0	0	0.0	2282.5942259225994	1	0	1.0	1.8121281541243244
289629.6363516533	2000.0	652.9578742692569	0.0	0	0.0	2282.594225922541	1	0	1.0	1.812128154124332
290802.91173347447	2000.0	479.68249244812785	0.0	0	0.0	2282.594225922541	1	0	1.0	1.812128154124332
291943.7303579242	2000.0	421.33905536579306	82.47518736732877	0	0.0	2365.0694132899516	1	0	1.0	1.3093295334700608
292643.91536827746	2000.0	721.1540450125476	0.0	0	0.0	2365.06941329001	1	0	1.0	1.8041806576740296
293405.79152576247	2000.0	959.2778875275088	0.0	0	0.0	2365.06941329001	1	0	1.0	1.8041806576740262
294045.41863690113	2000.0	1319.6507763888553	0.0	0	0.0	2365.06941329001	1	0	1.0	1.8041806576740262
295149.5435793878	3000.0	1215.5258339021216	0.0	0	0.0	2365.06941329001	1	0	1.0	1.8041806576740265
295782.7915185895	3000.0	1582.277894700509	0.0	0	0.0	2365.06941329001	1	0	1.0	2.209645765782191
296436.61021461466	3000.0	1928.4591986753394	0.0	0	0.0	2365.06941329001	1	0	1.0	2.209645765782191
297477.4860661441	3000.0	1887.5833471459937	0.0	0	0.0	2365.069413290068	1	0	1.0	2.2096457657821853
298298.2882734031	3000.0	2066.7811398869435	0.0	0	0.0	2365.069413290068	1	0	1.0	2.2096457657821853
299200.0	3000.0	2165.069413290089	0.0	0	435.75277144339634	2365.069413290068	1	0	1.0	2.2096457657821853
300298.9144242208	3000.0	2066.1549890692568	0.0	0	0.0	2365.069413290068	1	0	1.0	2.2096457657821853
301732.1459507758	3000.0	1632.9234625141985	0.0	0	0.0	2365.069413290068	1	0	1.0	2.2096457657821817
302970.59942626004	3000.0	1394.4699870299503	0.0	0	0.0	2365.069413290068	1	0	1.0	2.2096457657821853
304621.18630113266	3000.0	743.883112157342	0.0	0	0.0	2365.069413290068	1	0	1.0	2.2096457657821853
305690.6360013017	2000.0	674.4334119883399	0.0	0	0.0	2365.069413290068	1	0	1.0	1.3987155495658525
306908.25094523904	3000.0	456.81846805098314	0.0	0	0.0	2365.069413290068	1	0	1.0	1.8041806576740207
307909.2027563701	2000.0	455.86665691988003	0.0	0	0.0	2365.06941329001	1	0	1.0	1.3987155495658592
1.87	2.28	3.24	2.86	2.05	1.9	2.35	2.9	2.54	2.54	2.04	2.09	1.7	1.82	2.19	2.18	2.36	2.26	2.34	2.22	1.95	1.44	2.03	1.77	1.24	1.93	2.44	2.36	2.24	3.0	3.65	4.32	2.86	2.22	2.33	2.76	2.75	1.33	1.74	2.54	2.73	2.4	1.95	2.48	2.75	3.34	2.15	2.33	2.88	3.22	1.93	2.28	3.12	3.97	3.53	2.88	2.49	1.91	2.86	2.25	2.31	1.38	1.74	2.33	2.72	3.06	3.31	3.56	2.97	3.17	3.29	2.83	3.57	3.32	4.12	4.83	5.03	4.69	3.43	2.49	1.47	1.14	1.07	1.7	2.61	3.39	3.01	2.57	2.12	1.61	2.47	2.95	2.86	2.64	3.43	2.56	3.08	1.82	1.85	2.33	2.37	2.66	3.35	3.23	2.81	2.58	2.39	2.78	2.81	1.99	2.27	2.53	3.13	1.62	1.81	2.0	1.36	1.16	1.47	2.18	2.95	2.76	3.45	3.37	3.43	3.65	4.01	4.12	1.66	1.4	2.58	1.96	2.26	2.25	1.95	2.22	2.14	2.62	2.94	3.82	3.66	3.78	3.45	4.44	5.26	2.94	2.13	2.5	2.43	1.93	1.87	2.28	3.24	2.86	2.05	1.9	2.35	2.9	2.54	2.54	2.04	2.09	1.7	1.82	2.19	2.18	2.36	2.26	2.34	2.22	1.95	1.44	2.03	1.77	1.24	1.93	2.44	2.36	2.24	3.0	3.65	4.32	2.86	2.22	2.33	2.76	2.75	1.33	1.74	2.54	2.73	2.4	1.95	2.48	2.75	3.34	2.15	2.33	2.88	3.22	1.93	2.28	3.12	3.97	3.53	2.88	2.49	1.91	2.86	2.25	2.31	1.38	1.74	2.33	2.72	3.06	3.31	3.56	2.97	3.17	3.29	2.83	3.57	3.32	4.12	4.83	5.03	4.69	3.43	2.49	1.47	1.14	1.07	1.7	2.61	3.39	3.01	2.57	2.12	1.61	2.47	2.95	2.86	2.64	3.43	2.56	3.08	1.82	1.85	2.33	2.37	2.66	3.35	3.23	2.81	2.58	2.39	2.78	2.81	1.99	2.27	2.53	3.13	1.62	1.81	2.0	1.36	1.16	1.47	2.18	2.95	2.76	3.45	3.37	3.43	3.65	4.01	4.12	1.66	1.4	2.58	1.96	2.26	2.25	1.95	2.22	2.14	2.62	2.94	3.82	3.66	3.78	3.45	4.44	5.26	2.94	2.13	2.5	2.43	1.93	1.87	2.28	3.24	2.86	2.05	1.9
1.0	2.0	3.0	4.0	5.0	6.0	7.0	8.0	9.0	10.0	11.0	12.0	13.0	14.0	15.0	16.0	17.0	18.0	19.0	20.0	21.0	22.0	23.0	24.0	25.0	26.0	27.0	28.0	29.0	30.0	31.0	32.0	33.0	34.0	35.0	36.0	37.0	38.0	39.0	40.0	41.0	42.0	43.0	44.0	45.0	46.0	47.0	48.0	49.0	50.0	51.0	52.0	53.0	54.0	55.0	56.0	57.0	58.0	59.0	60.0	61.0	62.0	63.0	64.0	65.0	66.0	67.0	68.0	69.0	70.0	71.0	72.0	73.0	74.0	75.0	76.0	77.0	78.0	79.0	80.0	81.0	82.0	83.0	84.0	85.0	86.0	87.0	88.0	89.0	90.0	91.0	92.0	93.0	94.0	95.0	96.0	97.0	98.0	99.0	100.0	101.0	102.0	103.0	104.0	105.0	106.0	107.0	108.0	109.0	110.0	111.0	112.0	113.0	114.0	115.0	116.0	117.0	118.0	119.0	120.0	121.0	122.0	123.0	124.0	125.0	126.0	127.0	128.0	129.0	130.0	131.0	132.0	133.0	134.0	135.0	136.0	137.0	138.0	139.0	140.0	141.0	142.0	143.0	144.0	145.0	146.0	147.0	148.0	149.0	149.0	150.0	151.0	152.0	153.0	154.0	155.0	156.0	157.0	158.0	159.0	160.0	161.0	162.0	163.0	164.0	165.0	166.0	167.0	168.0	169.0	170.0	171.0	172.0	173.0	174.0	175.0	176.0	177.0	178.0	179.0	180.0	181.0	182.0	183.0	184.0	185.0	186.0	187.0	188.0	189.0	190.0	191.0	192.0	193.0	194.0	195.0	196.0	197.0	198.0	199.0	200.0	201.0	202.0	203.0	204.0	205.0	206.0	207.0	208.0	209.0	210.0	211.0	212.0	213.0	214.0	215.0	216.0	217.0	218.0	219.0	220.0	221.0	222.0	223.0	224.0	225.0	226.0	227.0	228.0	229.0	230.0	231.0	232.0	233.0	234.0	235.0	236.0	237.0	238.0	239.0	240.0	241.0	242.0	243.0	244.0	245.0	246.0	247.0	248.0	249.0	250.0	251.0	252.0	253.0	254.0	255.0	256.0	257.0	258.0	259.0	260.0	261.0	262.0	263.0	264.0	265.0	266.0	267.0	268.0	269.0	270.0	271.0	272.0	273.0	274.0	275.0	276.0	277.0	278.0	279.0	280.0	281.0	282.0	283.0	284.0	285.0	286.0	287.0	288.0	289.0	290.0	291.0	292.0	293.0	294.0	295.0	296.0	297.0	298.0	298.0	299.0	300.0	301.0	302.0	303.0	304.0
5043.483476253197
