3394.0043661420877	300.0	2000.0	238.11329452163721	0	0.0	3394.0043661420877	1	0	1.0	-1.6801978818739676
4686.144430447127	2000.0	1707.8599356949603	0.0	0	0.0	3394.0043661420873	1	0	1.0	-0.2651236951241286
5659.945490467488	2000.0	1734.0588756746	0.0	0	0.0	3394.0043661420873	1	0	1.0	1.6319962897617528
6936.043897107919	2000.0	1457.9604690341685	0.0	0	0.0	3394.004366142088	1	0	1.0	1.6319962897617526
7650.675723121488	2000.0	1743.328643020599	0.0	0	0.0	3394.0043661420877	1	0	1.0	1.6319962897617528
9659.7186034147	2000.0	734.2857627273858	0.0	0	0.0	3394.004366142086	1	0	1.0	1.631996289761753
10406.046410577932	1000.0	987.9579555641521	0.0	0	0.0	3394.004366142084	1	0	1.0	0.2457019286418633
11540.797838563136	2000.0	853.2065275789503	0.0	0	0.0	3394.004366142085	1	0	1.0	0.9388491092018085
12583.65260579554	2000.0	810.3517603465446	0.0	0	0.0	3394.004366142084	1	0	1.0	1.6319962897617537
14033.164845013805	2000.0	360.83952112827996	0.0	0	0.0	3394.004366142084	1	0	1.0	1.6319962897617537
14803.179789055386	1000.0	611.9020986257365	21.077521539037264	0	0.0	3415.081887681121	1	0	1.0	0.1137894069705494
16145.504591555411	2000.0	283.40228551599034	13.824989390278574	0	0.0	3428.9068770714002	1	0	1.0	0.8468247678578223
17478.552010165848	2000.0	320.0265244798994	369.67165757434384	0	0.0	3798.578534645747	1	0	1.0	-0.7095111226037096
18200.0	1000.0	598.5785346457426	0.0	0	110.9826912226381	798.5785346457451	1	0	1.0	-8.501198077808644
19200.0	1000.0	598.5785346457437	0.0	0	195.93626032197062	798.5785346457451	1	0	1.0	1.1919491027513025
20365.206344301365	1000.0	456.79140545714336	23.41921511276064	0	0.0	821.997749758506	1	0	1.0	1.050917454010374
21200.0	1000.0	621.997749758512	0.0	0	133.0119669564665	821.997749758506	1	0	1.0	1.191432744686938
22266.66148082901	2000.0	555.3362689295002	0.0	0	0.0	821.997749758506	1	0	1.0	1.1914327446869377
23200.0	2000.0	621.9977497585119	0.0	0	332.1337039327227	821.997749758506	1	0	1.0	1.884579925246883
24200.0	2000.0	621.9977497585124	0.0	0	485.69325636813664	821.9977497585096	1	0	1.0	1.884579925246883
25200.0	2000.0	621.9977497585143	0.0	0	106.03999678879336	821.9977497585132	1	0	1.0	1.884579925246883
26263.860135236977	1000.0	558.1376145215389	0.0	0	0.0	821.9977497585132	1	0	1.0	0.49828556412699254
27200.0	1000.0	621.9977497585162	0.0	0	94.01297655471353	821.9977497585132	1	0	1.0	1.1914327446869377
28200.0	1000.0	621.9977497585185	0.0	0	207.55133621136702	821.9977497585169	1	0	1.0	1.1914327446869375
29200.0	1000.0	621.9977497585162	0.0	0	557.5861706616706	821.9977497585169	1	0	1.0	1.1914327446869375
30200.0	1000.0	621.9977497585141	0.0	0	586.7432326345915	821.9977497585205	1	0	1.0	1.1914327446869375
31200.0	2000.0	621.9977497585168	0.0	0	182.15320117710144	821.9977497585205	1	0	1.0	1.1914327446869373
32731.701358234634	2000.0	200.0	109.7036084761167	0	0.0	931.7013582346372	1	0	1.0	1.2257965611102029
33211.261921087505	1000.0	791.5147149926514	71.07527784551924	0	0.0	1002.7766360801616	1	0	1.0	0.0674191074580694
34225.29189202632	2000.0	777.484744053845	0.0	0	111.470569234516	1002.7766360801761	1	0	1.0	1.1870179550911297
35200.0	1000.0	802.7766360801616	0.0	0	124.2294559528018	1002.7766360801688	1	0	1.0	0.49387077453118444
36200.0	1000.0	802.7766360801583	0.0	0	218.88403223777277	1002.7766360801688	1	0	1.0	1.1870179550911297
37200.0	1000.0	802.7766360801666	0.0	0	138.84917650631542	1002.7766360801688	1	0	1.0	1.1870179550911297
38200.0	1000.0	802.7766360801722	0.0	0	369.9803453133791	1002.7766360801688	1	0	1.0	1.1870179550911297
39200.0	1000.0	802.7766360801675	0.0	0	437.46793086083926	1002.7766360801688	1	0	1.0	1.1870179550911297
40297.70077664983	2000.0	705.0758594303309	0.0	0	0.0	1002.7766360801616	1	0	1.0	1.18701795509113
41491.20373244565	2000.0	511.57290363451557	0.0	0	0.0	1002.7766360801688	1	0	1.0	1.880165135651075
42335.25690352904	1000.0	667.5197325511199	0.0	0	0.0	1002.7766360801688	1	0	1.0	0.49387077453118455
43200.0	1000.0	802.7766360801712	0.0	0	250.56879349074734	1002.7766360801688	1	0	1.0	1.1870179550911297
44200.0	1000.0	802.7766360801717	0.0	0	454.79359234162985	1002.7766360801761	1	0	1.0	1.1870179550911295
45200.0	2000.0	802.7766360801743	0.0	0	261.4798725787332	1002.7766360801761	1	0	1.0	1.1870179550911293
46200.0	2000.0	802.7766360801788	0.0	0	257.72291803765256	1002.7766360801834	1	0	1.0	1.8801651356510747
47200.0	2000.0	802.7766360801716	0.0	0	106.70377258126973	1002.7766360801907	1	0	1.0	1.8801651356510742
48200.0	1000.0	802.7766360801679	0.0	0	461.8618179370096	1002.7766360801907	1	0	1.0	0.493870774531184
49200.0	1000.0	802.7766360801673	0.0	0	105.60719413366314	1002.7766360801907	1	0	1.0	1.1870179550911293
50411.010502211626	2000.0	591.7661338685368	0.0	0	0.0	1002.7766360801834	1	0	1.0	1.1870179550911293
51200.0	1000.0	802.7766360801614	0.0	0	145.79588464709377	1002.7766360801834	1	0	1.0	0.4938707745311843
52200.0	1000.0	802.7766360801616	0.0	0	380.5975214764039	1002.7766360801834	1	0	1.0	1.1870179550911295
53200.0	1000.0	802.7766360801646	0.0	0	615.5588579493342	1002.7766360801834	1	0	1.0	1.1870179550911295
54200.0	2000.0	802.7766360801678	0.0	0	345.48531460316735	1002.7766360801907	1	0	1.0	1.187017955091129
55200.0	2000.0	802.7766360801714	0.0	0	231.5800593824606	1002.7766360801907	1	0	1.0	1.8801651356510742
56200.0	1000.0	802.776636080173	0.0	0	169.81381008181052	1002.7766360801907	1	0	1.0	0.493870774531184
57200.0	2000.0	802.7766360801761	0.0	0	207.4069315082961	1002.7766360801907	1	0	1.0	1.187017955091129
58200.0	2000.0	802.7766360801807	0.0	0	269.3467763656299	1002.7766360801907	1	0	1.0	1.8801651356510742
59200.0	2000.0	802.7766360801736	0.0	0	125.26312799718289	1002.7766360801907	1	0	1.0	1.8801651356510742
60200.0	2000.0	802.7766360801762	0.0	0	103.19239592806116	1002.7766360801979	1	0	1.0	1.880165135651074
61200.0	2000.0	802.7766360801744	0.0	0	403.8457636549356	1002.7766360801979	1	0	1.0	1.880165135651074
62200.0	2000.0	802.7766360801813	0.0	0	446.1004281862988	1002.7766360801979	1	0	1.0	1.880165135651074
63860.85404392533	2000.0	200.0	58.077407845150844	0	0.0	1060.8540439253484	1	0	1.0	1.5313819168744232
65065.45889589344	1000.0	479.13614039572326	483.7409923638318	0	0.0	1544.5950362891817	1	0	1.0	-2.427658804670878
66560.71251507566	2000.0	325.47003440415403	341.58751319064805	0	0.0	1886.1825494798322	1	0	1.0	-0.8999913313556139
67485.77713877922	2000.0	492.3335341861201	91.92812348552478	0	0.0	1978.1106729653402	1	0	1.0	1.285027188615133
67957.3272687971	1000.0	1020.7834041682316	0.0	0	0.0	1978.1106729653548	1	0	1.0	0.45030156840839114
69082.56691232082	2000.0	895.5437606445179	0.0	0	0.0	1978.1106729653548	1	0	1.0	1.1434487489683356
69796.51741655715	2000.0	1181.5932564082027	0.0	0	0.0	1978.1106729653548	1	0	1.0	1.8365959295282808
70767.23156473	2000.0	1210.879108235345	0.0	0	0.0	1978.1106729653548	1	0	1.0	1.8365959295282808
71834.82929765047	2000.0	1143.2813753148814	0.0	0	0.0	1978.1106729653548	1	0	1.0	1.8365959295282808
73099.22398986504	2000.0	878.8866831003068	0.0	0	0.0	1978.1106729653402	1	0	1.0	1.8365959295282819
74903.1798362209	2000.0	200.0	125.06916325555615	0	0.0	2103.179836220894	1	0	1.0	1.0836920954324714
75556.70476010517	1000.0	665.4123532266412	118.9372771109376	0	0.0	2222.1171133318276	1	0	1.0	-0.2823462319836587
76614.43980420945	2000.0	607.6773091223456	0.0	0	0.0	2222.1171133318276	1	0	1.0	1.124424611241912
78024.7414799661	2000.0	245.71320854453955	48.33757517884277	0	0.0	2270.4546885106683	1	0	1.0	1.5232207305931023
78835.53017699461	1000.0	603.2274387538828	168.30292723783666	0	0.0	2438.757615748502	1	0	1.0	-0.5995775949625355
79260.13691647882	1000.0	1178.6206992696675	0.0	0	0.0	2438.757615748502	1	0	1.0	1.1033871490244294
80059.96302953253	2000.0	1378.7945862159572	0.0	0	0.0	2438.757615748502	1	0	1.0	1.1033871490244294
80937.07942051919	2000.0	1501.6781952292815	0.0	0	0.0	2438.7576157484873	1	0	1.0	1.796534329584376
82137.26941442073	2000.0	1301.4882013277536	0.0	0	0.0	2438.7576157484873	1	0	1.0	1.796534329584376
83506.35891640828	2000.0	932.3986993402149	0.0	0	0.0	2438.7576157484873	1	0	1.0	1.796534329584376
85282.83503526717	2000.0	202.63682096122642	46.71424047990175	0	0.0	2485.471856228367	1	0	1.0	1.51336324491937
86092.56686789863	1000.0	620.1910559167268	227.2860675869552	0	0.0	2712.7579238153266	1	0	1.0	-0.9870461443003671
86959.72674629533	2000.0	753.0311775200133	0.0	0	0.0	2712.7579238153266	1	0	1.0	1.0698174417813089
87541.3057129055	2000.0	1171.4522109098532	0.0	0	0.0	2712.7579238153266	1	0	1.0	1.762964622341254
88293.2237196138	2000.0	1419.5342042015427	0.0	0	0.0	2712.7579238153266	1	0	1.0	1.762964622341254
89292.51056713682	3000.0	1420.2473566785313	0.0	0	0.0	2712.7579238153266	1	0	1.0	1.7629646223412543
90353.94788904443	2000.0	1358.8100347709333	0.0	0	0.0	2712.7579238153266	1	0	1.0	1.3574995142330895
91463.4811326918	2000.0	1249.2767911235564	0.0	0	0.0	2712.7579238153266	1	0	1.0	1.762964622341254
92969.4940053896	2000.0	743.263918425763	0.0	0	0.0	2712.7579238153266	1	0	1.0	1.762964622341254
93701.25514716696	1000.0	1011.5027766484061	0.0	0	0.0	2712.757923815341	1	0	1.0	0.37667026122136177
94510.1840594845	2000.0	1202.5738643308623	0.0	0	0.0	2712.757923815341	1	0	1.0	1.0698174417813069
95402.30197101802	2000.0	1310.4559527973393	0.0	0	0.0	2712.757923815341	1	0	1.0	1.762964622341252
96187.03884723247	2000.0	1525.719076582888	0.0	0	0.0	2712.757923815341	1	0	1.0	1.762964622341252
97169.85022832127	2000.0	1542.9076954940952	0.0	0	0.0	2712.757923815341	1	0	1.0	1.762964622341252
97626.74119716953	1000.0	2086.0167266458484	0.0	0	0.0	2712.7579238153558	1	0	1.0	0.3766702612213598
99027.70615916421	2000.0	1685.051764651164	0.0	0	0.0	2712.757923815341	1	0	1.0	1.0698174417813069
100178.84883456583	2000.0	1533.909089249562	0.0	0	0.0	2712.757923815341	1	0	1.0	1.762964622341252
100759.1656519358	1000.0	1953.592271879604	0.0	0	0.0	2712.757923815341	1	0	1.0	0.37667026122136177
102020.54984171016	2000.0	1692.2080821052375	0.0	0	0.0	2712.757923815341	1	0	1.0	1.0698174417813069
102881.95786660074	2000.0	1830.8000572146443	0.0	0	0.0	2712.7579238153266	1	0	1.0	1.762964622341254
104100.21818036899	2000.0	1612.5397434463994	0.0	0	0.0	2712.7579238153266	1	0	1.0	1.762964622341254
105055.5371006898	1000.0	1657.2208231255772	0.0	0	0.0	2712.7579238153266	1	0	1.0	0.3766702612213637
106020.08882286072	1000.0	1692.6691009546435	0.0	0	0.0	2712.7579238153266	1	0	1.0	1.0698174417813089
107284.01662137039	2000.0	1428.7413024449775	0.0	0	0.0	2712.757923815312	1	0	1.0	1.069817441781311
108666.48992441468	2000.0	1046.267999400687	0.0	0	0.0	2712.757923815312	1	0	1.0	1.7629646223412563
110138.26219425615	1000.0	574.4957295592088	0.0	0	0.0	2712.7579238152975	1	0	1.0	0.3766702612213679
111123.72511860912	1000.0	589.0328052062571	0.0	0	0.0	2712.7579238152975	1	0	1.0	1.069817441781313
111818.05812689077	1000.0	894.6997969245928	0.0	0	0.0	2712.7579238152975	1	0	1.0	1.069817441781313
112510.42700434293	1000.0	1202.330919472438	0.0	0	0.0	2712.7579238152975	1	0	1.0	1.069817441781313
113255.89681878709	1000.0	1456.8611050282898	0.0	0	0.0	2712.757923815312	1	0	1.0	1.0698174417813109
113866.75226615703	1000.0	1846.005657658361	0.0	0	0.0	2712.7579238153266	1	0	1.0	1.0698174417813089
115212.68059476714	2000.0	1500.077329048241	0.0	0	0.0	2712.757923815341	1	0	1.0	1.0698174417813069
116510.62204279366	2000.0	1202.1358810217278	0.0	0	0.0	2712.757923815341	1	0	1.0	1.762964622341252
117297.55970625872	1000.0	1415.1982175566645	0.0	0	0.0	2712.7579238153266	1	0	1.0	0.3766702612213637
118034.7964431535	1000.0	1677.961480661881	0.0	0	0.0	2712.7579238153266	1	0	1.0	1.0698174417813089
118879.05509980732	1000.0	1833.7028240080601	0.0	0	0.0	2712.7579238153266	1	0	1.0	1.0698174417813089
119541.55754494238	1000.0	2171.200378872998	0.0	0	0.0	2712.7579238153266	1	0	1.0	1.0698174417813089
120260.96229105024	1000.0	2451.7956327651405	0.0	0	0.0	2712.757923815312	1	0	1.0	1.0698174417813109
121459.54173900367	2000.0	2253.216184811696	0.0	0	0.0	2712.757923815312	1	0	1.0	1.069817441781311
122200.0	2000.0	2512.757923815363	0.0	0	47.36546271419502	2712.757923815312	1	0	1.0	1.7629646223412563
123200.0	3000.0	2512.757923815361	0.0	0	182.41434305095754	2712.7579238153266	1	0	1.0	1.7629646223412543
124200.0	3000.0	2512.757923815364	0.0	0	82.3550547058403	2712.757923815341	1	0	1.0	2.1684297304494167
125399.17136695184	3000.0	2313.586556863531	0.0	0	0.0	2712.757923815341	1	0	1.0	2.1684297304494167
126746.78548244956	3000.0	1965.9724413658062	0.0	0	0.0	2712.757923815341	1	0	1.0	2.1684297304494167
128153.7251083115	3000.0	1559.0328155038808	0.0	0	0.0	2712.7579238153558	1	0	1.0	2.168429730449415
129736.15929740622	3000.0	976.5986264091591	0.0	0	0.0	2712.7579238153558	1	0	1.0	2.168429730449415
131229.009619674	2000.0	483.7483041413783	0.0	0	0.0	2712.757923815341	1	0	1.0	1.357499514233086
132934.82060273446	2000.0	200.0	422.0626789190832	0	0.0	3134.8206027344568	1	0	1.0	-0.8281965280791852
133433.46467835916	1000.0	764.4987195184156	63.14279514309035	0	0.0	3197.963397877582	1	0	1.0	-0.08699753817829448
134513.73270999469	2000.0	684.2306878828855	0.0	0	0.0	3197.963397877582	1	0	1.0	0.9850064132401908
135579.49888851296	2000.0	618.4645093646102	0.0	0	0.0	3197.963397877553	1	0	1.0	1.6781535938001424
137421.48461532305	2000.0	200.0	423.5212174455011	0	0.0	3621.4846153230465	1	0	1.0	-0.9308742240092693
138200.0	1000.0	604.6085009270626	183.12388560402704	0	43.47848502313718	804.6085009270755	1	0	1.0	-9.60007320199217
139200.0	1000.0	604.6085009270778	0.0	0	223.1084204398212	804.6085009270755	1	0	1.0	1.1918172921919392
140200.0	1000.0	604.608500927069	0.0	0	254.86790173669579	804.6085009271046	1	0	1.0	1.1918172921919385
141200.0	1000.0	604.6085009270842	0.0	0	166.83725760685047	804.6085009271337	1	0	1.0	1.1918172921919379
142200.0	1000.0	604.6085009270882	0.0	0	336.41844845871674	804.6085009271628	1	0	1.0	1.1918172921919372
143200.0	1000.0	604.6085009270754	0.0	0	39.58915910651558	804.6085009271628	1	0	1.0	1.1918172921919372
144200.0	1000.0	604.6085009270506	0.0	0	386.54063564445823	804.6085009271628	1	0	1.0	1.1918172921919372
145200.0	1000.0	604.6085009270363	0.0	0	182.3697531920916	804.6085009271628	1	0	1.0	1.1918172921919372
146200.0	1000.0	604.6085009270548	0.0	0	382.9044274079206	804.6085009271628	1	0	1.0	1.1918172921919372
147200.0	1000.0	604.6085009270489	0.0	0	287.2558999033354	804.6085009271628	1	0	1.0	1.1918172921919372
148370.5821887746	2000.0	434.0263121524879	0.0	0	0.0	804.6085009271628	1	0	1.0	1.1918172921919372
149300.04767387206	1000.0	504.5608270550431	0.0	0	0.0	804.6085009271919	1	0	1.0	0.4986701116319915
150477.60081689298	1000.0	382.38921031987593	55.38152628576199	0	0.0	859.9900272129453	1	0	1.0	0.8582800621682223
151358.18832157977	1000.0	618.0338920845587	116.2321864514748	0	0.0	976.222213664325	1	0	1.0	0.49032371894382126
152200.0	1000.0	776.2222136643381	0.0	0	262.1377149087202	976.222213664325	1	0	1.0	1.18771683765267
153200.0	1000.0	776.2222136643228	0.0	0	219.98007544496795	976.2222136642959	1	0	1.0	1.1877168376526708
154200.0	1000.0	776.2222136643194	0.0	0	479.44619096032693	976.2222136642667	1	0	1.0	1.1877168376526717
155200.0	1000.0	776.2222136643188	0.0	0	409.46907672987436	976.2222136642667	1	0	1.0	1.1877168376526717
156200.0	1000.0	776.2222136643038	0.0	0	577.3802715378406	976.2222136642667	1	0	1.0	1.1877168376526717
157882.97811849337	2000.0	200.0	106.75590482905778	0	0.0	1082.978118493309	1	0	1.0	0.5465965446580878
158689.83313214482	1000.0	604.3622524526013	211.2172661040814	0	0.0	1294.1953845973767	1	0	1.0	-0.7824338761267378
159400.6888752727	1000.0	893.506509324719	0.0	0	0.0	1294.1953845973767	1	0	1.0	1.178016901057696
160228.35297416427	2000.0	1065.8424104331025	0.0	0	0.0	1294.1953845973476	1	0	1.0	1.178016901057697
161200.0	2000.0	1094.1953845973862	0.0	0	159.08982898574322	1294.1953845973476	1	0	1.0	1.8711640816176422
162200.0	1000.0	1094.195384597338	0.0	0	379.20170030364534	1294.1953845973476	1	0	1.0	0.48486972049775195
163200.0	1000.0	1094.19538459732	0.0	0	514.7058365428529	1294.1953845973476	1	0	1.0	1.178016901057697
164200.0	1000.0	1094.1953845973421	0.0	0	336.3296433549258	1294.1953845973476	1	0	1.0	1.178016901057697
165200.0	1000.0	1094.1953845973278	0.0	0	542.6667751824716	1294.1953845973476	1	0	1.0	1.178016901057697
166443.22501543374	2000.0	850.9703691635457	0.0	0	0.0	1294.1953845973185	1	0	1.0	1.1780169010576982
167434.09228816893	2000.0	860.103096428344	0.0	0	0.0	1294.1953845973185	1	0	1.0	1.8711640816176434
168483.4195306507	1000.0	810.7758539466266	0.0	0	0.0	1294.1953845973185	1	0	1.0	0.48486972049775295
169304.17356680837	1000.0	990.0218177889368	0.0	0	0.0	1294.1953845973476	1	0	1.0	1.178016901057697
170200.0	1000.0	1094.1953845973371	0.0	0	358.9315689613577	1294.1953845973476	1	0	1.0	1.178016901057697
171200.0	2000.0	1094.1953845973387	0.0	0	171.51952788728522	1294.1953845973476	1	0	1.0	1.1780169010576977
172200.0	2000.0	1094.1953845973446	0.0	0	174.18421111165662	1294.1953845973476	1	0	1.0	1.8711640816176422
173200.0	2000.0	1094.1953845973485	0.0	0	300.27019468462095	1294.1953845973476	1	0	1.0	1.8711640816176422
174263.24554215555	2000.0	1030.9498424418284	0.0	0	0.0	1294.1953845973476	1	0	1.0	1.8711640816176422
176360.92877905726	2000.0	200.0	266.7333944599055	0	0.0	1560.9287790572562	1	0	1.0	0.2634990230583952
177613.21463827684	2000.0	391.07955294322085	443.36541216278965	0	0.0	2004.2941912200477	1	0	1.0	-0.8254308522696339
178175.67209142522	1000.0	828.6220997948365	0.0	0	0.0	2004.2941912200185	1	0	1.0	0.44846725958721545
179269.40606643364	2000.0	734.8881247864055	0.0	0	0.0	2004.2941912200185	1	0	1.0	1.1416144401471606
179855.5832179381	2000.0	1148.7109732819335	0.0	0	0.0	2004.2941912200185	1	0	1.0	1.8347616207071058
181002.23119341297	2000.0	1002.0629978070394	0.0	0	0.0	2004.2941912200477	1	0	1.0	1.8347616207071036
181942.9460166179	1000.0	1061.348174602148	0.0	0	0.0	2004.2941912200477	1	0	1.0	0.44846725958721334
182860.3507749149	2000.0	1143.943416305166	0.0	0	0.0	2004.2941912200477	1	0	1.0	1.1416144401471584
184997.3634286553	2000.0	200.0	193.06923743522896	0	0.0	2197.3634286553133	1	0	1.0	0.6652486268134761
185894.1220037727	1000.0	549.2959380020916	246.0545131194778	0	0.0	2443.4179417747946	1	0	1.0	-1.0665888489684845
186522.86637226204	1000.0	920.551569512779	0.0	0	0.0	2443.4179417747946	1	0	1.0	1.1028854103083272
187130.29794115477	1000.0	1313.12000062	0.0	0	0.0	2443.4179417747946	1	0	1.0	1.1028854103083272
188069.53019580702	2000.0	1373.887745967762	0.0	0	0.0	2443.4179417747946	1	0	1.0	1.102885410308327
188721.1970677188	2000.0	1722.2208740559606	0.0	0	0.0	2443.4179417747946	1	0	1.0	1.7960325908682724
189719.9642965111	2000.0	1723.4536452636562	0.0	0	0.0	2443.4179417748237	1	0	1.0	1.7960325908682693
190615.66301927224	2000.0	1827.7549225025302	0.0	0	0.0	2443.4179417747946	1	0	1.0	1.7960325908682724
192282.30668658504	2000.0	1161.1112551896995	0.0	0	0.0	2443.4179417747946	1	0	1.0	1.7960325908682724
193387.9382279722	2000.0	1055.479713802561	0.0	0	0.0	2443.4179417747946	1	0	1.0	1.7960325908682724
194225.75367547077	2000.0	1217.6642663039916	0.0	0	0.0	2443.4179417747946	1	0	1.0	1.7960325908682724
195152.30505990252	2000.0	1291.112881872245	0.0	0	0.0	2443.4179417747655	1	0	1.0	1.7960325908682755
195785.58810400264	2000.0	1657.8298377721137	0.0	0	0.0	2443.4179417747655	1	0	1.0	1.7960325908682755
197024.47245550336	2000.0	1418.9454862714344	0.0	0	0.0	2443.4179417748237	1	0	1.0	1.7960325908682717
198351.9324261564	2000.0	1091.4855156184196	0.0	0	0.0	2443.4179417748237	1	0	1.0	1.7960325908682682
199546.87763144943	2000.0	896.540310325373	0.0	0	0.0	2443.417941774853	1	0	1.0	1.7960325908682662
200617.9510600324	2000.0	825.4668817424129	0.0	0	0.0	2443.4179417748237	1	0	1.0	1.7960325908682693
201392.78380128788	2000.0	1050.6341404869274	0.0	0	0.0	2443.4179417748237	1	0	1.0	1.7960325908682693
202339.69362259004	2000.0	1103.7243191847874	0.0	0	0.0	2443.4179417748237	1	0	1.0	1.7960325908682693
202971.33785529883	2000.0	1472.0800864759908	0.0	0	0.0	2443.4179417748237	1	0	1.0	1.7960325908682693
203740.73714772216	2000.0	1702.6807940526903	0.0	0	0.0	2443.4179417748237	1	0	1.0	1.7960325908682693
205008.5191020534	2000.0	1434.8988397214648	0.0	0	0.0	2443.4179417748237	1	0	1.0	1.7960325908682693
205894.71280011584	2000.0	1548.705141659028	0.0	0	0.0	2443.4179417748237	1	0	1.0	1.7960325908682693
206934.30458288276	2000.0	1509.1133588921186	0.0	0	0.0	2443.4179417748237	1	0	1.0	1.7960325908682693
207802.7886514715	2000.0	1640.6292903033832	0.0	0	0.0	2443.417941774853	1	0	1.0	1.7960325908682662
208343.4465678994	2000.0	2099.9713738754544	0.0	0	0.0	2443.417941774882	1	0	1.0	1.7960325908682628
209282.48369139875	3000.0	2160.93425037613	0.0	0	0.0	2443.417941774882	1	0	1.0	1.796032590868263
210200.0	3000.0	2243.4179417748696	0.0	0	140.86727253126446	2443.417941774882	1	0	1.0	2.2014976989764277
211392.80871073034	3000.0	2050.6092310445274	0.0	0	0.0	2443.417941774882	1	0	1.0	2.2014976989764277
213940.83064177106	3000.0	502.5873000038253	0.0	0	0.0	2443.417941774882	1	0	1.0	2.2014976989764277
215101.02553840133	2000.0	454.5958728683632	112.20346949483348	0	0.0	2555.6214112697344	1	0	1.0	0.7045767733336021
215874.1970683525	2000.0	681.424342917201	0.0	0	0.0	2555.6214112697344	1	0	1.0	1.7832626984107656
217161.82151093974	2000.0	393.7999003300085	0.0	0	0.0	2555.6214112697635	1	0	1.0	1.7832626984107618
218403.8641661924	2000.0	366.9752032856003	215.21795820825514	0	0.0	2770.839369477995	1	0	1.0	0.46337079427460176
219225.72071718672	2000.0	545.1186522912876	0.0	0	0.0	2770.8393694780243	1	0	1.0	1.7546785435241303
220107.50310599562	2000.0	663.3362634823773	0.0	0	0.0	2770.8393694780243	1	0	1.0	1.7546785435241286
221223.2512063003	2000.0	547.5881631777241	0.0	0	0.0	2770.8393694780243	1	0	1.0	1.7546785435241286
221711.57508707664	1000.0	1059.2642824013867	0.0	0	0.0	2770.8393694780243	1	0	1.0	0.3683841824042382
223297.61506284942	2000.0	473.2243066285924	0.0	0	0.0	2770.8393694780243	1	0	1.0	1.0615313629641834
223933.30042908606	1000.0	837.538940391961	0.0	0	0.0	2770.8393694780243	1	0	1.0	0.3683841824042382
224476.4986723441	1000.0	1294.3406971339086	0.0	0	0.0	2770.8393694780243	1	0	1.0	1.0615313629641834
225607.04613567734	2000.0	1163.7932338006517	0.0	0	0.0	2770.839369477995	1	0	1.0	1.0615313629641876
226663.66732701796	2000.0	1107.1720424600285	0.0	0	0.0	2770.839369477995	1	0	1.0	1.7546785435241328
227628.00583522607	2000.0	1142.8335342519163	0.0	0	0.0	2770.839369477995	1	0	1.0	1.7546785435241328
229125.1716797603	2000.0	645.6676897177013	0.0	0	0.0	2770.8393694780243	1	0	1.0	1.7546785435241286
230100.81265200477	2000.0	670.0267174732649	0.0	0	0.0	2770.8393694780534	1	0	1.0	1.7546785435241241
230997.2470411501	2000.0	773.5923283279114	0.0	0	0.0	2770.8393694780825	1	0	1.0	1.7546785435241223
232002.38477023583	2000.0	768.4545992421836	0.0	0	0.0	2770.8393694780825	1	0	1.0	1.75467854352412
232970.2863208576	2000.0	800.5530486204332	0.0	0	0.0	2770.8393694781116	1	0	1.0	1.7546785435241192
233645.28998371708	1000.0	1125.5493857609126	0.0	0	0.0	2770.8393694781116	1	0	1.0	0.3683841824042253
234461.47931760087	1000.0	1309.3600518771361	0.0	0	0.0	2770.8393694781407	1	0	1.0	1.0615313629641663
235363.61962121536	2000.0	1407.2197482626427	0.0	0	0.0	2770.8393694781407	1	0	1.0	1.0615313629641663
236157.30525357433	2000.0	1613.5341159036718	0.0	0	0.0	2770.8393694781407	1	0	1.0	1.7546785435241112
236758.34104014523	2000.0	2012.4983293327612	0.0	0	0.0	2770.8393694781407	1	0	1.0	1.7546785435241112
237306.20689778565	2000.0	2464.6324716923214	0.0	0	0.0	2770.8393694781116	1	0	1.0	1.7546785435241157
238200.0	3000.0	2570.8393694779984	0.0	0	203.38862276441068	2770.8393694781116	1	0	1.0	1.7546785435241157
239581.58264443072	3000.0	2189.256725047298	0.0	0	0.0	2770.8393694781407	1	0	1.0	2.1601436516322776
241238.00529275028	3000.0	1532.8340767277107	0.0	0	0.0	2770.8393694781407	1	0	1.0	2.1601436516322763
242757.8968232295	3000.0	1012.9425462484995	0.0	0	0.0	2770.8393694781407	1	0	1.0	2.1601436516322763
243531.30203654675	2000.0	1239.53733293122	0.0	0	0.0	2770.8393694781407	1	0	1.0	1.3492134354159466
244475.28669576935	2000.0	1295.5526737086416	0.0	0	0.0	2770.8393694781407	1	0	1.0	1.7546785435241112
245177.5854369059	2000.0	1593.253932572093	0.0	0	0.0	2770.8393694781407	1	0	1.0	1.7546785435241112
245844.39726099424	2000.0	1926.4421084837415	0.0	0	0.0	2770.8393694781407	1	0	1.0	1.7546785435241112
246900.23264569507	2000.0	1870.6067237829002	0.0	0	0.0	2770.8393694781407	1	0	1.0	1.7546785435241112
248741.83976197086	3000.0	1028.9996075071165	0.0	0	0.0	2770.8393694781407	1	0	1.0	1.7546785435241115
249908.24943752243	2000.0	862.5899319555606	0.0	0	0.0	2770.83936947817	1	0	1.0	1.3492134354159426
251278.45667117552	2000.0	492.38269830247583	0.0	0	0.0	2770.83936947817	1	0	1.0	1.7546785435241072
252116.35155499144	2000.0	654.4878144865102	0.0	0	0.0	2770.8393694781407	1	0	1.0	1.7546785435241095
252929.0955210307	2000.0	841.7438484472673	0.0	0	0.0	2770.8393694781407	1	0	1.0	1.7546785435241112
254803.27060403425	2000.0	200.0	232.43123455630814	0	0.0	3003.270604034449	1	0	1.0	0.34585269360962656
255404.26438187627	1000.0	712.1984980728593	113.19227591486717	0	0.0	3116.4628799493075	1	0	1.0	-0.37033117133808924
256579.40940783557	2000.0	537.0534721135898	0.0	0	0.0	3116.4628799493075	1	0	1.0	1.001969664711059
257482.4624646517	1000.0	634.0004152974376	0.0	0	0.0	3116.4628799493075	1	0	1.0	0.3088224841511137
258806.38257295056	1000.0	310.0803069986142	0.0	0	0.0	3116.4628799493075	1	0	1.0	1.001969664711059
259709.46922619894	1000.0	545.6505163898091	138.6568626395608	0	0.0	3255.1197425888968	1	0	1.0	0.14041633684800792
260717.50530684396	1000.0	537.6144357447738	0.0	0	0.0	3255.1197425888677	1	0	1.0	0.9723575126853795
261455.05356786828	1000.0	800.0661747204601	0.0	0	0.0	3255.1197425888677	1	0	1.0	0.9723575126853795
262054.33650575895	1000.0	1200.7832368297895	0.0	0	0.0	3255.1197425888968	1	0	1.0	0.9723575126853728
262754.89216738875	1000.0	1500.2275751999402	0.0	0	0.0	3255.1197425888386	1	0	1.0	0.9723575126853822
263781.00789143814	2000.0	1474.1118511505624	0.0	0	0.0	3255.1197425888095	1	0	1.0	0.9723575126853887
265160.01804695296	2000.0	1095.101695635709	0.0	0	0.0	3255.1197425888095	1	0	1.0	1.6655046932453337
266254.1886732707	1000.0	1000.9310693179507	0.0	0	0.0	3255.1197425887804	1	0	1.0	0.2792103321254541
267160.2546668458	1000.0	1094.8650757428695	0.0	0	0.0	3255.1197425888386	1	0	1.0	0.9723575126853914
267875.44888834556	1000.0	1379.6708542430742	0.0	0	0.0	3255.1197425888386	1	0	1.0	0.9723575126853862
268779.25162692415	1000.0	1475.8681156644536	0.0	0	0.0	3255.1197425888386	1	0	1.0	0.9723575126853862
269379.52730370994	1000.0	1875.592438878619	0.0	0	0.0	3255.1197425887804	1	0	1.0	0.9723575126853994
270418.3797273257	2000.0	1836.7400152628438	0.0	0	0.0	3255.1197425887804	1	0	1.0	0.9723575126853992
271216.8795927522	2000.0	2038.2401498363108	0.0	0	0.0	3255.1197425887804	1	0	1.0	1.665504693245347
271898.26860198594	2000.0	2356.8511406025377	0.0	0	0.0	3255.1197425887804	1	0	1.0	1.6655046932453443
272884.7674629017	3000.0	2370.3522796867637	0.0	0	0.0	3255.1197425887804	1	0	1.0	1.6655046932453446
273930.2902739631	3000.0	2324.8294686253857	0.0	0	0.0	3255.1197425887804	1	0	1.0	2.070969801353509
275075.3636974217	3000.0	2179.7560451667805	0.0	0	0.0	3255.119742588722	1	0	1.0	2.0709698013535225
276572.5610526813	3000.0	1682.558689907217	0.0	0	0.0	3255.119742588722	1	0	1.0	2.0709698013535225
277923.3811457956	3000.0	1331.7385967929754	0.0	0	0.0	3255.119742588722	1	0	1.0	2.0709698013535225
279272.99087143084	2000.0	982.1288711577085	0.0	0	0.0	3255.119742588722	1	0	1.0	1.260039585137193
280794.3040681977	2000.0	460.81567439092044	0.0	0	0.0	3255.119742588722	1	0	1.0	1.6655046932453577
281588.22824290994	1000.0	666.8914996787283	0.0	0	0.0	3255.119742588722	1	0	1.0	0.27921033212546736
282240.3853023942	1000.0	1014.7344401944158	0.0	0	0.0	3255.1197425887804	1	0	1.0	0.9723575126853994
283390.36134863057	2000.0	864.7583939580275	0.0	0	0.0	3255.119742588722	1	0	1.0	0.9723575126854098
283922.74324310373	1000.0	1332.376499484907	0.0	0	0.0	3255.119742588722	1	0	1.0	0.27921033212546736
284777.4460616577	2000.0	1477.6736809309814	0.0	0	0.0	3255.1197425887804	1	0	1.0	0.9723575126853992
285877.7082606121	2000.0	1377.4114819764816	0.0	0	0.0	3255.1197425887804	1	0	1.0	1.6655046932453443
287527.6996352451	2000.0	727.420107343547	0.0	0	0.0	3255.1197425888386	1	0	1.0	1.6655046932453337
288400.1406550188	1000.0	854.979087569868	0.0	0	0.0	3255.1197425888386	1	0	1.0	0.279210332125441
289312.19974851125	1000.0	942.9199940774488	0.0	0	0.0	3255.1197425888386	1	0	1.0	0.9723575126853862
290153.8916201536	1000.0	1101.228122435099	0.0	0	0.0	3255.1197425888386	1	0	1.0	0.9723575126853862
291418.73335005867	2000.0	836.3863925300313	0.0	0	0.0	3255.1197425887804	1	0	1.0	0.9723575126853992
292220.07833135454	1000.0	1035.0414112342141	0.0	0	0.0	3255.1197425887804	1	0	1.0	0.2792103321254541
292947.654518059	1000.0	1307.4652245297884	0.0	0	0.0	3255.1197425887804	1	0	1.0	0.9723575126853994
293809.70477925363	1000.0	1445.414963335151	0.0	0	0.0	3255.1197425887804	1	0	1.0	0.9723575126853994
294245.8062656019	1000.0	2009.3134769868193	0.0	0	0.0	3255.1197425887804	1	0	1.0	0.9723575126853994
295694.4898884238	2000.0	1560.629854164835	0.0	0	0.0	3255.1197425887804	1	0	1.0	0.9723575126853992
296596.803666426	2000.0	1658.3160761625825	0.0	0	0.0	3255.119742588722	1	0	1.0	1.6655046932453577
297685.4904952106	2000.0	1569.6292473779827	0.0	0	0.0	3255.119742588664	1	0	1.0	1.665504693245371
299234.514303304	2000.0	1020.6054392845208	0.0	0	0.0	3255.119742588664	1	0	1.0	1.665504693245371
299987.05743863	1000.0	1268.0623039584896	0.0	0	0.0	3255.119742588664	1	0	1.0	0.2792103321254805
301497.709260492	2000.0	757.4104820964764	0.0	0	0.0	3255.119742588722	1	0	1.0	0.9723575126854178
302314.003574383	1000.0	941.1161682054783	0.0	0	0.0	3255.119742588722	1	0	1.0	0.27921033212546736
303165.4817758365	2000.0	1089.6379667519836	0.0	0	0.0	3255.119742588722	1	0	1.0	0.9723575126854125
304247.0036858346	2000.0	1008.1160567538553	0.0	0	0.0	3255.119742588722	1	0	1.0	1.6655046932453577
305166.71372656955	2000.0	1088.4060160188396	0.0	0	0.0	3255.119742588664	1	0	1.0	1.665504693245371
306282.41286091873	2000.0	972.7068816697197	0.0	0	0.0	3255.119742588664	1	0	1.0	1.665504693245371
307561.19929345907	1000.0	693.9204491294298	0.0	0	0.0	3255.119742588664	1	0	1.0	0.2792103321254805
308382.8783933923	1000.0	872.2413491962292	0.0	0	0.0	3255.119742588722	1	0	1.0	0.9723575126854125
1.49	1.8	1.85	1.84	2.36	0.81	1.22	1.8	2.54	2.1	1.83	1.66	1.69	2.09	2.02	1.44	0.98	1.38	2.14	2.94	3.22	2.33	1.2	1.04	1.49	1.87	2.04	3.01	2.39	1.11	2.25	0.94	1.27	1.41	1.69	1.8	2.29	2.15	1.69	1.47	1.38	2.13	2.65	2.97	1.86	1.38	1.59	1.89	2.0	2.09	2.53	2.76	1.42	2.27	2.18	2.43	2.92	2.88	3.42	2.62	0.95	0.71	1.39	2.02	1.8	2.1	2.17	1.76	1.58	1.67	1.78	1.29	1.73	2.12	1.84	1.55	1.92	1.95	1.77	2.13	1.76	1.31	1.58	2.06	2.79	3.63	2.4	1.41	1.71	0.82	1.97	2.06	2.72	2.78	1.7	1.89	2.4	1.58	1.46	1.88	2.36	1.45	1.09	1.74	1.78	1.12	0.72	1.01	1.1	1.71	1.68	1.87	1.93	1.24	1.19	1.22	1.23	1.81	2.27	2.97	2.72	2.29	2.09	2.9	1.9	1.58	1.95	1.55	1.74	1.52	1.67	1.71	2.03	1.47	1.24	1.46	1.56	1.29	1.73	1.25	1.38	1.63	2.06	1.44	2.06	1.77	1.02	1.12	1.77	1.19	1.49	1.8	1.85	1.84	2.36	0.81	1.22	1.8	2.54	2.1	1.83	1.66	1.69	2.09	2.02	1.44	0.98	1.38	2.14	2.94	3.22	2.33	1.2	1.04	1.49	1.87	2.04	3.01	2.39	1.11	2.25	0.94	1.27	1.41	1.69	1.8	2.29	2.15	1.69	1.47	1.38	2.13	2.65	2.97	1.86	1.38	1.59	1.89	2.0	2.09	2.53	2.76	1.42	2.27	2.18	2.43	2.92	2.88	3.42	2.62	0.95	0.71	1.39	2.02	1.8	2.1	2.17	1.76	1.58	1.67	1.78	1.29	1.73	2.12	1.84	1.55	1.92	1.95	1.77	2.13	1.76	1.31	1.58	2.06	2.79	3.63	2.4	1.41	1.71	0.82	1.97	2.06	2.72	2.78	1.7	1.89	2.4	1.58	1.46	1.88	2.36	1.45	1.09	1.74	1.78	1.12	0.72	1.01	1.1	1.71	1.68	1.87	1.93	1.24	1.19	1.22	1.23	1.81	2.27	2.97	2.72	2.29	2.09	2.9	1.9	1.58	1.95	1.55	1.74	1.52	1.67	1.71	2.03	1.47	1.24	1.46	1.56	1.29	1.73	1.25	1.38	1.63	2.06	1.44	2.06	1.77	1.02	1.12	1.77	1.19	1.49	1.8	1.85	1.84	2.36	0.81	1.22	1.8	2.54
1.0	2.0	3.0	4.0	5.0	6.0	7.0	8.0	9.0	10.0	11.0	12.0	13.0	14.0	15.0	16.0	17.0	18.0	19.0	20.0	21.0	22.0	23.0	24.0	25.0	26.0	27.0	28.0	29.0	30.0	31.0	32.0	33.0	34.0	35.0	36.0	37.0	38.0	39.0	40.0	41.0	42.0	43.0	44.0	45.0	46.0	47.0	48.0	49.0	50.0	51.0	52.0	53.0	54.0	55.0	56.0	57.0	58.0	59.0	60.0	61.0	62.0	63.0	64.0	65.0	66.0	67.0	68.0	69.0	70.0	71.0	72.0	73.0	74.0	75.0	76.0	77.0	78.0	79.0	80.0	81.0	82.0	83.0	84.0	85.0	86.0	87.0	88.0	89.0	90.0	91.0	92.0	93.0	94.0	95.0	96.0	97.0	98.0	99.0	100.0	101.0	102.0	103.0	104.0	105.0	106.0	107.0	108.0	109.0	110.0	111.0	112.0	113.0	114.0	115.0	116.0	117.0	118.0	119.0	120.0	121.0	122.0	123.0	124.0	125.0	126.0	127.0	128.0	129.0	130.0	131.0	132.0	133.0	134.0	135.0	136.0	137.0	138.0	139.0	140.0	141.0	142.0	143.0	144.0	145.0	146.0	147.0	148.0	149.0	149.0	150.0	151.0	152.0	153.0	154.0	155.0	156.0	157.0	158.0	159.0	160.0	161.0	162.0	163.0	164.0	165.0	166.0	167.0	168.0	169.0	170.0	171.0	172.0	173.0	174.0	175.0	176.0	177.0	178.0	179.0	180.0	181.0	182.0	183.0	184.0	185.0	186.0	187.0	188.0	189.0	190.0	191.0	192.0	193.0	194.0	195.0	196.0	197.0	198.0	199.0	200.0	201.0	202.0	203.0	204.0	205.0	206.0	207.0	208.0	209.0	210.0	211.0	212.0	213.0	214.0	215.0	216.0	217.0	218.0	219.0	220.0	221.0	222.0	223.0	224.0	225.0	226.0	227.0	228.0	229.0	230.0	231.0	232.0	233.0	234.0	235.0	236.0	237.0	238.0	239.0	240.0	241.0	242.0	243.0	244.0	245.0	246.0	247.0	248.0	249.0	250.0	251.0	252.0	253.0	254.0	255.0	256.0	257.0	258.0	259.0	260.0	261.0	262.0	263.0	264.0	265.0	266.0	267.0	268.0	269.0	270.0	271.0	272.0	273.0	274.0	275.0	276.0	277.0	278.0	279.0	280.0	281.0	282.0	283.0	284.0	285.0	286.0	287.0	288.0	289.0	290.0	291.0	292.0	293.0	294.0	295.0	296.0	297.0	298.0	298.0	299.0	300.0	301.0	302.0	303.0	304.0	305.0	306.0	307.0
2900.961573457199
