5200.0	300.0	1476.063395900308	249.8279318915783	0	523.936604099692	1676.063395900308	0	0	1.0	-10.538451514734355
6200.0	1000.0	2055.523119412901	579.4597235125924	0	228.9384290590515	2255.523119412901	1	0	1.0	-3.5546689334120245
7316.506441377814	2000.0	1939.0166780350878	0.0	0	0.0	2255.523119412902	1	0	1.0	1.121456545340248
8226.620908395525	1000.0	2028.9022110173757	0.0	0	0.0	2255.523119412901	1	0	1.0	0.4283093647803029
9200.0	1000.0	2055.523119412901	0.0	0	134.33368647373572	2255.523119412901	1	0	1.0	1.121456545340248
10200.0	1000.0	2055.523119412899	0.0	0	101.17440359269676	2255.5231194129	1	0	1.0	1.121456545340248
11655.093736898887	1000.0	1600.4293825140132	0.0	0	0.0	2255.523119412901	1	0	1.0	1.121456545340248
12880.68039331675	1000.0	1374.8427260961491	0.0	0	0.0	2255.523119412901	1	0	1.0	1.121456545340248
13678.252195584528	1000.0	1577.2709238283728	0.0	0	0.0	2255.523119412899	1	0	1.0	1.1214565453402483
14511.995061202968	1000.0	1743.5280582099326	0.0	0	0.0	2255.523119412899	1	0	1.0	1.1214565453402483
15426.426409002255	1000.0	1829.0967104106446	0.0	0	0.0	2255.523119412899	1	0	1.0	1.1214565453402483
16775.505752372643	2000.0	1480.0173670402573	0.0	0	0.0	2255.5231194128974	1	0	1.0	1.1214565453402483
18004.193385088918	1000.0	1251.3297343239824	0.0	0	0.0	2255.5231194128974	1	0	1.0	0.42830936478030335
19415.540847483786	1000.0	839.9822719291141	0.0	0	0.0	2255.5231194128937	1	0	1.0	1.1214565453402485
20350.076372644722	1000.0	905.4467467681808	0.0	0	0.0	2255.5231194128974	1	0	1.0	1.1214565453402483
21570.820848480824	1000.0	684.7022709320797	0.0	0	0.0	2255.5231194128974	1	0	1.0	1.1214565453402483
22395.87160704899	1000.0	859.651512363916	0.0	0	0.0	2255.5231194128974	1	0	1.0	1.1214565453402483
23466.843201481075	1000.0	788.6799179318305	0.0	0	0.0	2255.5231194128974	1	0	1.0	1.1214565453402483
24727.903795285187	1000.0	527.6193241277158	0.0	0	0.0	2255.5231194128974	1	0	1.0	1.1214565453402483
25466.404997317444	500.0	789.1181220954621	0.0	0	0.0	2255.523119412901	1	0	1.0	-0.2648378157796427
26423.44608924433	1000.0	832.0770301685734	0.0	0	0.0	2255.523119412901	1	0	1.0	0.4283093647803027
27115.174204873172	1000.0	1140.3489145397325	0.0	0	0.0	2255.523119412901	1	0	1.0	1.121456545340248
27837.597250710354	1000.0	1417.9258687025488	0.0	0	0.0	2255.523119412901	1	0	1.0	1.121456545340248
28986.59793761021	1000.0	1268.9251818026894	0.0	0	0.0	2255.523119412901	1	0	1.0	1.121456545340248
30283.395708636388	1000.0	972.1274107765098	0.0	0	0.0	2255.523119412901	1	0	1.0	1.121456545340248
31186.452013978538	1000.0	1069.0711054343606	0.0	0	0.0	2255.523119412901	1	0	1.0	1.121456545340248
31969.443565107802	1000.0	1286.079554305097	0.0	0	0.0	2255.523119412901	1	0	1.0	1.121456545340248
32763.88462282103	1000.0	1491.6384965918687	0.0	0	0.0	2255.523119412901	1	0	1.0	1.121456545340248
33908.07799046301	1000.0	1347.445128949881	0.0	0	0.0	2255.5231194128937	1	0	1.0	1.1214565453402485
34893.36797832113	1000.0	1362.155141091764	0.0	0	0.0	2255.5231194128937	1	0	1.0	1.121456545340249
35596.25374663906	1000.0	1659.269372773834	0.0	0	0.0	2255.5231194128937	1	0	1.0	1.1214565453402487
36228.63663060533	1000.0	2026.886488807564	0.0	0	0.0	2255.5231194128937	1	0	1.0	1.1214565453402487
37200.0	1000.0	2055.5231194128974	0.0	0	547.6751639662325	2255.5231194128937	1	0	1.0	1.1214565453402487
38200.0	2000.0	2055.523119412903	0.0	0	84.48490801932348	2255.5231194128937	1	0	1.0	1.1214565453402487
39200.0	1000.0	2055.5231194129037	0.0	0	70.72180755998124	2255.5231194128937	1	0	1.0	0.42830936478030357
40200.0	1000.0	2055.5231194129083	0.0	0	247.43643669056473	2255.5231194128937	1	0	1.0	1.1214565453402487
41542.75597564714	1000.0	1712.7671437657687	0.0	0	0.0	2255.5231194128864	1	0	1.0	1.1214565453402494
42659.6280705013	2000.0	1595.8950489116105	0.0	0	0.0	2255.5231194128864	1	0	1.0	1.1214565453402494
43698.12924417634	1000.0	1557.3938752365573	0.0	0	0.0	2255.5231194128864	1	0	1.0	0.4283093647803043
44608.53645152902	1000.0	1646.9866678838773	0.0	0	0.0	2255.5231194128937	1	0	1.0	1.1214565453402487
45542.57872843498	1000.0	1712.9443909779195	0.0	0	0.0	2255.5231194128937	1	0	1.0	1.1214565453402487
46248.34947070122	1000.0	2007.1736487116823	0.0	0	0.0	2255.5231194128937	1	0	1.0	1.1214565453402487
47200.0	1000.0	2055.523119412903	0.0	0	29.5881755501905	2255.5231194128864	1	0	1.0	1.1214565453402494
48200.0	1000.0	2055.523119412897	0.0	0	350.73410264113045	2255.5231194128864	1	0	1.0	1.1214565453402494
49316.923729096365	1000.0	1938.5993903165268	0.0	0	0.0	2255.523119412879	1	0	1.0	1.12145654534025
50200.0	1000.0	2055.5231194128946	0.0	0	266.50966528792924	2255.523119412879	1	0	1.0	1.12145654534025
51200.0	1000.0	2055.523119412893	0.0	0	93.81877187640202	2255.523119412872	1	0	1.0	1.1214565453402507
52200.0	1000.0	2055.52311941289	0.0	0	344.4563676980324	2255.523119412872	1	0	1.0	1.1214565453402507
53399.59171557639	2000.0	1855.9314038365019	0.0	0	0.0	2255.523119412872	1	0	1.0	1.1214565453402507
54200.0	1000.0	2055.5231194128846	0.0	0	75.68922216739884	2255.5231194128646	1	0	1.0	0.42830936478030623
55757.36878472591	2000.0	1498.1543346869687	0.0	0	0.0	2255.523119412872	1	0	1.0	1.1214565453402507
56871.820607388196	1000.0	1383.7025120246938	0.0	0	0.0	2255.523119412879	1	0	1.0	0.42830936478030485
57821.056456317536	1000.0	1434.4666630953493	0.0	0	0.0	2255.523119412879	1	0	1.0	1.12145654534025
58786.10807865463	1000.0	1469.415040758245	0.0	0	0.0	2255.523119412879	1	0	1.0	1.12145654534025
59691.47483952898	1000.0	1564.0482798838896	0.0	0	0.0	2255.523119412879	1	0	1.0	1.12145654534025
60298.822701444784	1000.0	1956.7004179680832	0.0	0	0.0	2255.523119412879	1	0	1.0	1.12145654534025
61350.32684188443	1000.0	1905.1962775284278	0.0	0	0.0	2255.523119412879	1	0	1.0	1.12145654534025
62299.80170828244	1000.0	1955.7214111304252	0.0	0	0.0	2255.523119412879	1	0	1.0	1.12145654534025
63241.533550146996	1000.0	2013.989569265861	0.0	0	0.0	2255.523119412879	1	0	1.0	1.12145654534025
64200.0	1000.0	2055.5231194128546	0.0	0	57.37312345507962	2255.523119412872	1	0	1.0	1.1214565453402507
65200.0	1000.0	2055.5231194128555	0.0	0	211.33843423189683	2255.5231194128646	1	0	1.0	1.1214565453402514
66200.0	1000.0	2055.5231194128583	0.0	0	377.39014364458853	2255.523119412872	1	0	1.0	1.121456545340251
67200.0	1000.0	2055.5231194128587	0.0	0	427.62693304225104	2255.523119412879	1	0	1.0	1.1214565453402505
68337.98056239012	1000.0	1917.5425570227483	0.0	0	0.0	2255.5231194128864	1	0	1.0	1.1214565453402494
69442.14592238195	1000.0	1813.377197030916	0.0	0	0.0	2255.5231194128864	1	0	1.0	1.1214565453402494
70200.0	1000.0	2055.523119412887	0.0	0	5.028279917358304	2255.5231194128864	1	0	1.0	1.1214565453402494
71200.0	1000.0	2055.523119412883	0.0	0	275.5730216878728	2255.523119412872	1	0	1.0	1.1214565453402507
72200.0	1000.0	2055.5231194128733	0.0	0	209.73619351511297	2255.523119412872	1	0	1.0	1.1214565453402507
73200.0	1000.0	2055.523119412879	0.0	0	120.95566321405931	2255.523119412872	1	0	1.0	1.1214565453402507
74200.0	1000.0	2055.523119412877	0.0	0	198.25709304805787	2255.523119412872	1	0	1.0	1.1214565453402507
75200.0	1000.0	2055.5231194128855	0.0	0	547.8087325723754	2255.523119412872	1	0	1.0	1.1214565453402507
76511.65934613123	2000.0	1743.8637732816644	0.0	0	0.0	2255.523119412872	1	0	1.0	1.1214565453402507
77391.88904100742	1000.0	1863.6340784054635	0.0	0	0.0	2255.523119412872	1	0	1.0	0.42830936478030557
78295.33695892851	1000.0	1960.1861604843843	0.0	0	0.0	2255.523119412872	1	0	1.0	1.1214565453402507
79567.84567467462	2000.0	1687.6774447382854	0.0	0	0.0	2255.523119412872	1	0	1.0	1.1214565453402507
80200.0	1000.0	2055.5231194128914	0.0	0	19.166286698862677	2255.523119412872	1	0	1.0	0.42830936478030557
81722.28410734731	2000.0	1533.2390120655969	0.0	0	0.0	2255.523119412872	1	0	1.0	1.1214565453402507
82933.02988961244	2000.0	1322.4932298004728	0.0	0	0.0	2255.523119412872	1	0	1.0	1.814603725900196
83692.71799045643	1000.0	1562.8051289565042	0.0	0	0.0	2255.523119412872	1	0	1.0	0.42830936478030557
84404.68898034476	1000.0	1850.834139068172	0.0	0	0.0	2255.523119412872	1	0	1.0	1.1214565453402507
85413.35163721285	1000.0	1842.171482200089	0.0	0	0.0	2255.5231194128864	1	0	1.0	1.1214565453402494
86334.45622681476	1000.0	1921.0668925981838	0.0	0	0.0	2255.5231194128864	1	0	1.0	1.1214565453402494
88163.90989118525	1000.0	1091.613228227704	0.0	0	0.0	2255.5231194128864	1	0	1.0	1.1214565453402494
89533.09593983543	1000.0	722.4271795775251	0.0	0	0.0	2255.523119412901	1	0	1.0	1.121456545340248
90531.80488852327	1000.0	723.7182308896812	0.0	0	0.0	2255.523119412901	1	0	1.0	1.121456545340248
91377.6991506891	1000.0	877.8239687238517	0.0	0	0.0	2255.5231194129155	1	0	1.0	1.1214565453402467
92183.22499223158	1000.0	1072.2981271813826	0.0	0	0.0	2255.5231194129155	1	0	1.0	1.1214565453402467
93847.69959226897	1000.0	407.823527143986	0.0	0	0.0	2255.5231194129155	1	0	1.0	1.1214565453402467
95183.71549695666	1000.0	343.6726136837261	271.86499122743925	0	0.0	2527.3881106403423	1	0	1.0	-0.5377331797944639
96467.57492105437	1000.0	375.1680568316905	315.35486724568443	0	0.0	2842.742977886024	1	0	1.0	-0.8414910333042033
97189.78469608452	500.0	652.9582818015299	0.0	0	0.0	2842.742977886024	1	0	1.0	-0.3356561909499874
97952.43821353202	1000.0	890.3047643540189	0.0	0	0.0	2842.742977886024	1	0	1.0	0.35749098960995795
98917.9976084006	1000.0	924.7453694854316	0.0	0	0.0	2842.742977886024	1	0	1.0	1.0506381701699035
99545.29860607005	1000.0	1297.4443718159998	0.0	0	0.0	2842.742977886024	1	0	1.0	1.0506381701699035
100483.58780118813	1000.0	1359.1551766979205	0.0	0	0.0	2842.742977886024	1	0	1.0	1.0506381701699035
101215.37343831426	1000.0	1627.3695395718155	0.0	0	0.0	2842.7429778860387	1	0	1.0	1.050638170169901
101963.05104825209	1000.0	1879.6919296339759	0.0	0	0.0	2842.7429778860387	1	0	1.0	1.050638170169901
102531.06508747103	1000.0	2311.6778904150565	0.0	0	0.0	2842.742977886024	1	0	1.0	1.0506381701699035
103901.01879835602	2000.0	1941.724179530074	0.0	0	0.0	2842.742977886024	1	0	1.0	1.0506381701699032
104920.17840851311	1000.0	1922.56456937298	0.0	0	0.0	2842.742977886024	1	0	1.0	0.3574909896099582
105485.37965641079	1000.0	2357.3633214752863	0.0	0	0.0	2842.742977886024	1	0	1.0	1.0506381701699035
106722.15100728632	2000.0	2120.5919705997553	0.0	0	0.0	2842.742977886024	1	0	1.0	1.0506381701699032
107996.27622390479	1000.0	1846.4667539812926	0.0	0	0.0	2842.742977886024	1	0	1.0	0.3574909896099582
109388.43023547452	1000.0	1454.3127424115623	0.0	0	0.0	2842.742977886024	1	0	1.0	1.0506381701699035
110890.8367915656	2000.0	951.9061863204745	0.0	0	0.0	2842.742977886024	1	0	1.0	1.0506381701699032
111568.02243632567	1000.0	1274.7205415604124	0.0	0	0.0	2842.7429778860387	1	0	1.0	0.3574909896099559
112107.20002159612	1000.0	1735.5429562899806	0.0	0	0.0	2842.7429778860387	1	0	1.0	1.050638170169901
113465.82063988829	2000.0	1376.9223379977936	0.0	0	0.0	2842.7429778860387	1	0	1.0	1.050638170169901
114441.93791784214	1000.0	1400.8050600439497	0.0	0	0.0	2842.7429778860387	1	0	1.0	0.3574909896099559
116010.01019911398	1000.0	832.7327787721083	0.0	0	0.0	2842.7429778860387	1	0	1.0	1.050638170169901
117062.28891717605	1000.0	780.4540607100375	0.0	0	0.0	2842.7429778860387	1	0	1.0	1.050638170169901
118300.41206290195	1000.0	542.3309149841485	0.0	0	0.0	2842.7429778860387	1	0	1.0	1.050638170169901
119640.1156242448	1000.0	357.6446702281773	155.01731658688527	0	0.0	2997.760294472915	1	0	1.0	0.09446022437820406
120336.41508656759	1000.0	663.4433974979461	2.098189592562335	0	0.0	2999.8584840654803	1	0	1.0	1.0115962379179262
121088.51079977104	1000.0	911.347684294477	0.0	0	0.0	2999.8584840654657	1	0	1.0	1.0241853754733028
121833.7080598957	1000.0	1166.150424169815	0.0	0	0.0	2999.8584840654657	1	0	1.0	1.0241853754733028
122755.97882823262	1000.0	1243.8796558329072	0.0	0	0.0	2999.8584840654657	1	0	1.0	1.0241853754733028
123939.17606928603	1000.0	1060.682414779506	0.0	0	0.0	2999.858484065451	1	0	1.0	1.0241853754733052
125341.15806902443	1000.0	658.700415041114	0.0	0	0.0	2999.8584840654366	1	0	1.0	1.024185375473308
126455.24437715301	1000.0	544.6141069125204	0.0	0	0.0	2999.8584840654366	1	0	1.0	1.024185375473308
127412.28767999784	1000.0	587.5708040676898	0.0	0	0.0	2999.8584840654366	1	0	1.0	1.024185375473308
128774.89822482644	1000.0	246.2313936851389	21.27113444604447	0	0.0	3021.129618511477	1	0	1.0	0.892678014528642
129264.63816900109	500.0	770.8706170884208	14.379167577919361	0	0.0	3035.508786089398	1	0	1.0	-0.4549303418495062
130258.46771523933	1000.0	777.0410708501869	0.0	0	0.0	3035.508786089398	1	0	1.0	0.3244918441779557
130865.71892786825	1000.0	1169.7898582212822	0.0	0	0.0	3035.508786089398	1	0	1.0	1.017639024737901
131597.5204837604	1000.0	1437.9883023291018	0.0	0	0.0	3035.5087860893545	1	0	1.0	1.0176390247379037
132501.87229261332	2000.0	1533.6364934762207	0.0	0	0.0	3035.508786089398	1	0	1.0	1.0176390247379032
133152.47900283366	1000.0	1883.029783255863	0.0	0	0.0	3035.5087860893836	1	0	1.0	0.32449184417795807
135766.07778239253	2000.0	269.4310036969684	0.0	0	0.0	3035.508786089369	1	0	1.0	1.0176390247379064
136429.42097984493	1000.0	666.5462380142205	60.45843176964377	0	0.0	3095.9672178590263	1	0	1.0	-0.04985274595624148
137020.79216898812	1000.0	1075.1750488710395	0.0	0	0.0	3095.9672178590263	1	0	1.0	1.0060450252215662
137990.85644379418	1000.0	1105.1107740649663	0.0	0	0.0	3095.967217858997	1	0	1.0	1.006045025221572
138551.27881884744	1000.0	1544.6883990117192	0.0	0	0.0	3095.967217858997	1	0	1.0	1.006045025221572
140603.1505343472	2000.0	492.8166835119389	0.0	0	0.0	3095.967217858997	1	0	1.0	1.0060450252215718
141418.34638429654	1000.0	677.6208335625829	0.0	0	0.0	3095.9672178590263	1	0	1.0	0.31289784466162107
142075.95434924506	1000.0	1020.0128686140581	0.0	0	0.0	3095.9672178590263	1	0	1.0	1.0060450252215662
142993.79292415016	1000.0	1102.1742937089375	0.0	0	0.0	3095.9672178590263	1	0	1.0	1.0060450252215662
144225.29327635022	1000.0	870.6739415089254	0.0	0	0.0	3095.9672178590263	1	0	1.0	1.0060450252215662
145219.9497794278	1000.0	876.0174384313099	0.0	0	0.0	3095.9672178590263	1	0	1.0	1.0060450252215662
146461.92593845565	1000.0	634.0412794034563	0.0	0	0.0	3095.9672178590263	1	0	1.0	1.0060450252215662
147087.13675359517	1000.0	1008.8304642639697	0.0	0	0.0	3095.9672178590554	1	0	1.0	1.0060450252215605
148019.85619457677	1000.0	1076.111023282373	0.0	0	0.0	3095.9672178590554	1	0	1.0	1.0060450252215605
148577.46101540665	1000.0	1518.506202452503	0.0	0	0.0	3095.9672178590554	1	0	1.0	1.0060450252215605
149331.81389737772	1000.0	1764.1533204814575	0.0	0	0.0	3095.9672178590845	1	0	1.0	1.006045025221555
150107.8873216261	1000.0	1988.0798962330982	0.0	0	0.0	3095.9672178590845	1	0	1.0	1.006045025221555
150635.9808819064	1000.0	2459.9863359527776	0.0	0	0.0	3095.9672178590845	1	0	1.0	1.006045025221555
152094.4295411642	2000.0	2001.5376766949908	0.0	0	0.0	3095.9672178590845	1	0	1.0	1.0060450252215547
153024.70846986907	1000.0	2071.258747990132	0.0	0	0.0	3095.9672178590845	1	0	1.0	0.31289784466160964
153847.14377301806	1000.0	2248.8234448411554	0.0	0	0.0	3095.9672178590845	1	0	1.0	1.006045025221555
155389.34161098237	2000.0	1706.6256068768575	0.0	0	0.0	3095.9672178590845	1	0	1.0	1.0060450252215547
155929.0417717987	1000.0	2166.9254460605343	0.0	0	0.0	3095.9672178590845	1	0	1.0	0.31289784466160964
157413.47147170678	2000.0	1682.495746152451	0.0	0	0.0	3095.9672178590845	1	0	1.0	1.0060450252215547
158425.80765611757	1000.0	1670.1595617416526	0.0	0	0.0	3095.9672178590554	1	0	1.0	0.31289784466161535
159507.92396192215	1000.0	1588.0432559370893	0.0	0	0.0	3095.9672178590554	1	0	1.0	1.0060450252215605
160808.03506698002	1000.0	1287.9321508792186	0.0	0	0.0	3095.9672178590554	1	0	1.0	1.0060450252215616
161967.76130560023	1000.0	1128.2059122590158	0.0	0	0.0	3095.9672178590554	1	0	1.0	1.0060450252215605
162833.68894279186	1000.0	1262.2782750674075	0.0	0	0.0	3095.9672178590554	1	0	1.0	1.0060450252215605
163600.92409429554	1000.0	1495.0431235637593	0.0	0	0.0	3095.9672178590554	1	0	1.0	1.0060450252215605
164183.59062400143	1000.0	1912.3765938578658	0.0	0	0.0	3095.9672178590554	1	0	1.0	1.0060450252215605
164827.96678308913	1000.0	2268.0004347701874	0.0	0	0.0	3095.9672178590263	1	0	1.0	1.0060450252215662
167388.41681684845	2000.0	707.5504010109048	0.0	0	0.0	3095.9672178590554	1	0	1.0	1.0060450252215605
168440.91702864395	1000.0	655.0501892154253	0.0	0	0.0	3095.9672178590554	1	0	1.0	0.31289784466161535
169152.72479777964	1000.0	943.2424200797333	0.0	0	0.0	3095.9672178590554	1	0	1.0	1.0060450252215605
170058.28940721258	1000.0	1037.6778106467457	0.0	0	0.0	3095.9672178590554	1	0	1.0	1.0060450252215605
171183.540759361	1000.0	912.4264584983356	0.0	0	0.0	3095.9672178590845	1	0	1.0	1.006045025221555
172543.50240579582	1000.0	552.4648120635327	0.0	0	0.0	3095.9672178591136	1	0	1.0	1.0060450252215514
173760.14268679096	1000.0	335.8245310684307	0.0	0	0.0	3095.9672178591136	1	0	1.0	1.006045025221549
174382.30739873444	500.0	713.6598191249893	0.0	0	0.0	3095.967217859172	1	0	1.0	-0.38024933589835097
175560.3728591976	1000.0	535.5943586618164	0.0	0	0.0	3095.9672178591427	1	0	1.0	0.3128978446615956
176715.1260946009	1000.0	380.84112325852465	0.0	0	0.0	3095.967217859172	1	0	1.0	1.0060450252215398
177516.42516101917	1000.0	619.2122013230717	39.670144482797355	0	0.0	3135.6373623419786	1	0	1.0	0.7600679294663605
178167.65793809656	1000.0	967.979424245674	0.0	0	0.0	3135.6373623419786	1	0	1.0	0.9980887963631446
179143.5375123045	1000.0	992.099850037755	0.0	0	0.0	3135.6373623419786	1	0	1.0	0.9980887963631446
180159.53878511046	1000.0	976.0985772317562	0.0	0	0.0	3135.6373623419786	1	0	1.0	0.9980887963631446
181058.38420104948	1000.0	1077.253161292757	0.0	0	0.0	3135.6373623420077	1	0	1.0	0.9980887963631386
181820.5756926616	1000.0	1315.0616696806212	0.0	0	0.0	3135.6373623419786	1	0	1.0	0.9980887963631446
182998.8445936704	1000.0	1136.7927686718344	0.0	0	0.0	3135.6373623420077	1	0	1.0	0.9980887963631386
183630.1141396573	1000.0	1505.5232226849082	0.0	0	0.0	3135.6373623420077	1	0	1.0	0.9980887963631386
184569.567577146	1000.0	1566.0697851962095	0.0	0	0.0	3135.637362342037	1	0	1.0	0.9980887963631351
185273.50506982187	1000.0	1862.1322925203274	0.0	0	0.0	3135.637362342066	1	0	1.0	0.9980887963631269
186673.0803162385	2000.0	1462.5570461036668	0.0	0	0.0	3135.637362342037	1	0	1.0	0.9980887963631303
187591.7252724901	1000.0	1543.9120898521314	0.0	0	0.0	3135.637362342037	1	0	1.0	0.3049416158031875
188421.93755826872	1000.0	1713.6998040734936	0.0	0	0.0	3135.637362342037	1	0	1.0	0.9980887963631326
189240.50463713438	1000.0	1895.1327252078188	0.0	0	0.0	3135.637362342037	1	0	1.0	0.9980887963631326
190634.0756782353	1000.0	1501.561684106909	0.0	0	0.0	3135.637362342037	1	0	1.0	0.9980887963631326
192436.80853126178	2000.0	698.8288310804196	0.0	0	0.0	3135.6373623420077	1	0	1.0	0.9980887963631387
193014.39705649856	1000.0	1121.2403058436687	0.0	0	0.0	3135.6373623420077	1	0	1.0	0.30494161580319357
193831.00586866366	1000.0	1304.6314936785764	0.0	0	0.0	3135.6373623420077	1	0	1.0	0.9980887963631386
195243.3309000724	2000.0	892.306462269817	0.0	0	0.0	3135.6373623420077	1	0	1.0	0.9980887963631339
196178.87391808498	1000.0	956.7634442571974	0.0	0	0.0	3135.6373623420077	1	0	1.0	0.30494161580319357
196883.55510761667	1000.0	1252.0822547254934	0.0	0	0.0	3135.6373623419786	1	0	1.0	0.9980887963631446
197887.84476939702	1000.0	1247.7925929451692	0.0	0	0.0	3135.6373623419786	1	0	1.0	0.9980887963631446
198882.5708098808	1000.0	1253.066552461406	0.0	0	0.0	3135.6373623419786	1	0	1.0	0.9980887963631446
199866.2559534735	1000.0	1269.381408868696	0.0	0	0.0	3135.6373623419495	1	0	1.0	0.9980887963631506
200680.97967179053	1000.0	1454.6576905516686	0.0	0	0.0	3135.6373623419204	1	0	1.0	0.9980887963631566
201731.20398443277	2000.0	1404.4333779094475	0.0	0	0.0	3135.6373623419204	1	0	1.0	0.9980887963631565
202790.14710030044	2000.0	1345.49026204177	0.0	0	0.0	3135.6373623419204	1	0	1.0	1.6912359769231018
204130.63939149556	2000.0	1004.9979708466847	0.0	0	0.0	3135.6373623419204	1	0	1.0	1.6912359769231018
204964.59590473128	1000.0	1171.0414576109479	0.0	0	0.0	3135.6373623419495	1	0	1.0	0.30494161580320545
205757.28126795308	1000.0	1378.3560943891578	0.0	0	0.0	3135.6373623419495	1	0	1.0	0.9980887963631506
206447.04193476206	1000.0	1688.5954275801528	0.0	0	0.0	3135.6373623419495	1	0	1.0	0.9980887963631495
207045.66443669784	1000.0	2089.972925644353	0.0	0	0.0	3135.6373623419495	1	0	1.0	0.9980887963631506
207671.33543129583	1000.0	2464.3019310463865	0.0	0	0.0	3135.6373623419786	1	0	1.0	0.9980887963631446
208365.35188228433	1000.0	2770.2854800578752	0.0	0	0.0	3135.6373623419204	1	0	1.0	0.9980887963631531
210341.99024383206	2000.0	1793.647118510156	0.0	0	0.0	3135.6373623419204	1	0	1.0	0.9980887963631565
211151.17088266	1000.0	1984.466479682206	0.0	0	0.0	3135.6373623419204	1	0	1.0	0.3049416158032114
212174.76985978297	1000.0	1960.8675025592167	0.0	0	0.0	3135.6373623419204	1	0	1.0	0.9980887963631566
213035.63817903833	1000.0	2099.999183303867	0.0	0	0.0	3135.6373623418913	1	0	1.0	0.9980887963631625
214026.90796527482	1000.0	2108.7293970673854	0.0	0	0.0	3135.6373623418913	1	0	1.0	0.9980887963631625
214807.96974850725	1000.0	2327.667613834921	0.0	0	0.0	3135.637362341862	1	0	1.0	0.9980887963631684
215410.66986618759	1000.0	2724.9674961545843	0.0	0	0.0	3135.637362341862	1	0	1.0	0.9980887963631684
216519.39988089443	2000.0	2616.2374814477166	0.0	0	0.0	3135.637362341862	1	0	1.0	0.9980887963631682
217790.7334489738	1000.0	2344.9039133683555	0.0	0	0.0	3135.6373623418913	1	0	1.0	0.30494161580321977
218888.2836148014	1000.0	2247.3537475407857	0.0	0	0.0	3135.6373623419204	1	0	1.0	0.9980887963631566
220572.94079319554	2000.0	1562.6965691466173	0.0	0	0.0	3135.6373623419204	1	0	1.0	0.9980887963631565
221719.02373466824	1000.0	1416.6136276739055	0.0	0	0.0	3135.6373623419204	1	0	1.0	0.3049416158032114
222433.69993655136	1000.0	1701.9374257908084	0.0	0	0.0	3135.6373623419204	1	0	1.0	0.9980887963631566
223677.36284285365	2000.0	1458.2745194885329	0.0	0	0.0	3135.6373623419204	1	0	1.0	0.9980887963631565
224908.97589865603	2000.0	1226.6614636861382	0.0	0	0.0	3135.6373623418913	1	0	1.0	1.6912359769231065
225822.47938304584	1000.0	1313.1579792963382	0.0	0	0.0	3135.6373623419204	1	0	1.0	0.3049416158032114
226477.86351511593	1000.0	1657.7738472262122	0.0	0	0.0	3135.6373623419495	1	0	1.0	0.9980887963631518
227901.8554142517	2000.0	1233.7819480904259	0.0	0	0.0	3135.6373623419495	1	0	1.0	0.9980887963631504
228805.8446358888	2000.0	1329.7927264533703	0.0	0	0.0	3135.6373623419495	1	0	1.0	1.6912359769230956
229470.74001833578	1000.0	1664.8973440063537	0.0	0	0.0	3135.6373623419495	1	0	1.0	0.30494161580320545
230743.171231539	2000.0	1392.4661308031505	0.0	0	0.0	3135.6373623419495	1	0	1.0	0.9980887963631504
232362.17970217267	2000.0	773.457660169461	0.0	0	0.0	3135.6373623419495	1	0	1.0	1.6912359769230956
233207.17544187474	1000.0	928.4619204673929	0.0	0	0.0	3135.6373623419495	1	0	1.0	0.30494161580320545
233888.91656107592	1000.0	1246.7208012662097	0.0	0	0.0	3135.6373623419495	1	0	1.0	0.9980887963631506
234691.78262666095	1000.0	1443.8547356811603	0.0	0	0.0	3135.6373623419495	1	0	1.0	0.9980887963631506
235750.98201631242	1000.0	1384.6553460296877	0.0	0	0.0	3135.6373623419786	1	0	1.0	0.9980887963631446
237208.1689940285	1000.0	927.468368313623	0.0	0	0.0	3135.6373623419786	1	0	1.0	0.9980887963631446
238647.4411761219	1000.0	488.1961862202562	0.0	0	0.0	3135.6373623419786	1	0	1.0	0.9980887963631446
239576.65354655604	1000.0	580.0244474975655	21.040631711431217	0	0.0	3156.6779940534034	1	0	1.0	0.8675093485387705
240283.33050114708	1000.0	873.3474929065153	0.0	0	0.0	3156.6779940533743	1	0	1.0	0.9937531388073639
240991.06152783163	1000.0	1165.6164662219776	0.0	0	0.0	3156.6779940534034	1	0	1.0	0.9937531388073578
242150.4417362771	1000.0	1006.2362577764985	0.0	0	0.0	3156.6779940533743	1	0	1.0	0.9937531388073639
243343.5281101142	1000.0	813.1498839394517	0.0	0	0.0	3156.677994053345	1	0	1.0	0.9937531388073699
244413.69937970198	1000.0	742.9786143516217	0.0	0	0.0	3156.677994053345	1	0	1.0	0.9937531388073699
246013.91342242435	1000.0	200.0	57.23542837074845	0	0.0	3213.913422424055	1	0	1.0	0.6432926359366467
246593.75188468627	500.0	754.0237668698192	133.86222913173845	0	0.0	3347.7756515560905	1	0	1.0	-1.23901261998332
247215.57864306628	1000.0	1132.1970084898235	0.0	0	0.0	3347.7756515560905	1	0	1.0	0.2573079353670563
248207.47528341596	1000.0	1140.3003681401476	0.0	0	0.0	3347.7756515560905	1	0	1.0	0.9504551159270016
249301.97683225418	1000.0	1045.7988193019307	0.0	0	0.0	3347.7756515560613	1	0	1.0	0.950455115927003
249855.48829004134	1000.0	1492.2873615147846	0.0	0	0.0	3347.7756515560613	1	0	1.0	0.9504551159270087
250606.84785254666	1000.0	1740.9277990094472	0.0	0	0.0	3347.7756515560905	1	0	1.0	0.9504551159270016
251466.15289271067	1000.0	1881.6227588454058	0.0	0	0.0	3347.7756515560613	1	0	1.0	0.9504551159270087
252953.76782248437	2000.0	1394.0078290716926	0.0	0	0.0	3347.7756515560322	1	0	1.0	0.950455115927016
253623.76472388927	1000.0	1724.010927666789	0.0	0	0.0	3347.7756515560613	1	0	1.0	0.25730793536706353
254359.91893566807	1000.0	1987.8567158879637	0.0	0	0.0	3347.7756515560613	1	0	1.0	0.9504551159270087
256016.93870200013	2000.0	1330.8369495559143	0.0	0	0.0	3347.7756515560905	1	0	1.0	0.950455115927003
257441.25950578664	1000.0	906.5161457693877	0.0	0	0.0	3347.7756515560905	1	0	1.0	0.25730793536705077
258635.79886012772	1000.0	711.9767914283087	0.0	0	0.0	3347.7756515560905	1	0	1.0	0.9504551159270016
259346.73948984736	1000.0	1001.036161708676	0.0	0	0.0	3347.7756515561196	1	0	1.0	0.9504551159269989
259913.1580422764	1000.0	1434.6176092796527	0.0	0	0.0	3347.7756515561487	1	0	1.0	0.9504551159269874
260551.84807612668	1000.0	1795.9275754293535	0.0	0	0.0	3347.7756515561487	1	0	1.0	0.9504551159269874
261793.10085559147	2000.0	1554.6747959645643	0.0	0	0.0	3347.7756515561487	1	0	1.0	0.9504551159269872
263861.06600710546	2000.0	486.70964445061657	0.0	0	0.0	3347.775651556236	1	0	1.0	1.6436022964869224
265153.4258996979	1000.0	442.85026900233004	248.50051714415446	0	0.0	3596.276168700366	1	0	1.0	-1.3018436910646756
265759.9070349005	1000.0	836.3691337997172	0.0	0	0.0	3596.276168700366	1	0	1.0	0.8823065923601993
266740.3044859197	1000.0	855.9716827805165	0.0	0	0.0	3596.276168700366	1	0	1.0	0.8823065923602064
267732.8626216335	1000.0	863.4135470667312	0.0	0	0.0	3596.276168700366	1	0	1.0	0.8823065923602064
268768.28352865303	1000.0	827.9926400472414	0.0	0	0.0	3596.276168700424	1	0	1.0	0.8823065923601887
269598.11892151745	1000.0	998.1572471827989	0.0	0	0.0	3596.276168700424	1	0	1.0	0.8823065923601887
270225.061350839	1000.0	1371.214817861301	0.0	0	0.0	3596.276168700424	1	0	1.0	0.8823065923601887
270917.4456001004	1000.0	1678.8305685999248	0.0	0	0.0	3596.276168700424	1	0	1.0	0.8823065923601887
273826.5289218892	2000.0	200.0	430.25275318888873	0	0.0	4026.5289218891994	1	0	1.0	-1.735632401474263
274411.0873382758	500.0	769.6509000152722	154.20931640185816	0	0.0	1180.7382382910582	1	0	1.0	-10.8228665320415
275674.7035450803	1000.0	506.0346932107366	0.0	0	0.0	1180.7382382910582	1	0	1.0	0.48868372748953687
276777.81650353706	1000.0	402.9217347540962	0.0	0	0.0	1180.7382382910582	1	0	1.0	1.1818309080494827
277990.0125596575	1000.0	337.83272088361423	147.1070422499287	0	0.0	1327.845280541107	1	0	1.0	0.29415926218667443
278395.31122854515	500.0	932.5340519959806	0.0	0	0.0	1327.845280541107	1	0	1.0	-0.20949284543364421
279264.74811691267	1000.0	1063.0971636284698	0.0	0	0.0	1327.8452805411653	1	0	1.0	0.48365433512629913
280200.0	1000.0	1127.8452805411323	0.0	0	85.67864321509842	1327.845280541107	1	0	1.0	1.1768015156862468
281200.0	1000.0	1127.8452805411707	0.0	0	474.124085421965	1327.845280541107	1	0	1.0	1.1768015156862468
282200.0	1000.0	1127.8452805412328	0.0	0	532.5129554360174	1327.845280541107	1	0	1.0	1.1768015156862468
283200.0	1000.0	1127.8452805411248	0.0	0	88.39982662006514	1327.8452805410489	1	0	1.0	1.1768015156862488
284256.395659672	1000.0	1071.4496208691903	0.0	0	0.0	1327.8452805410489	1	0	1.0	1.1768015156862488
285200.0	1000.0	1127.845280541163	0.0	0	177.76986514549935	1327.8452805410489	1	0	1.0	1.1768015156862488
286200.0	1000.0	1127.8452805411694	0.0	0	347.44486001192126	1327.8452805410489	1	0	1.0	1.1768015156862488
287200.0	1000.0	1127.8452805411912	0.0	0	344.0699369087233	1327.8452805410489	1	0	1.0	1.1768015156862488
288200.0	1000.0	1127.8452805412267	0.0	0	294.00052520784084	1327.8452805410489	1	0	1.0	1.1768015156862488
289551.3573178909	1000.0	776.4879626504168	0.0	0	0.0	1327.845280541107	1	0	1.0	1.176801515686247
290604.01068389515	1000.0	723.8345966462367	0.0	0	0.0	1327.8452805411653	1	0	1.0	1.1768015156862446
291431.62146931625	1000.0	896.2238112251061	0.0	0	0.0	1327.845280541107	1	0	1.0	1.1768015156862468
292200.0	1000.0	1127.845280541386	0.0	0	105.72908947663382	1327.8452805411653	1	0	1.0	1.1768015156862446
293855.13839172554	1000.0	472.7068888158206	0.0	0	0.0	1327.8452805412235	1	0	1.0	1.1768015156862428
295189.1452629708	1000.0	370.7027188432555	232.00270127266987	0	0.0	1559.8479818138876	1	0	1.0	-0.2247795709060848
295956.98265111976	1000.0	624.5765347525379	21.711204058170438	0	0.0	1581.559185872029	1	0	1.0	1.0359582101598375
296526.28290640336	1000.0	1055.2762794689406	0.0	0	0.0	1581.559185872029	1	0	1.0	1.1662254345088603
297200.0	1000.0	1381.559185872236	0.0	0	8.67086790385656	1581.559185872029	1	0	1.0	1.1662254345088603
298200.0	1000.0	1381.5591858722803	0.0	0	177.40510612283833	1581.5591858720873	1	0	1.0	1.1662254345088576
299200.0	1000.0	1381.5591858722635	0.0	0	429.9359820669051	1581.5591858720873	1	0	1.0	1.1662254345088576
300200.0	1000.0	1381.5591858722487	0.0	0	239.18263513280544	1581.5591858720873	1	0	1.0	1.1662254345088576
301200.0	1000.0	1381.5591858722298	0.0	0	143.6751802850049	1581.5591858720873	1	0	1.0	1.1662254345088576
302200.0	1000.0	1381.559185872245	0.0	0	162.8657626505592	1581.5591858720873	1	0	1.0	1.1662254345088576
303200.0	1000.0	1381.559185872189	0.0	0	249.26138858735794	1581.5591858720873	1	0	1.0	1.1662254345088576
304200.0	1000.0	1381.5591858721982	0.0	0	262.1917665268993	1581.5591858720873	1	0	1.0	1.1662254345088576
305200.0	1000.0	1381.5591858721937	0.0	0	475.58354761009105	1581.5591858720873	1	0	1.0	1.1662254345088576
306281.7779439791	1000.0	1299.7812418931273	0.0	0	0.0	1581.5591858720873	1	0	1.0	1.1662254345088576
1.64	1.36	1.51	1.16	1.1	1.25	0.74	1.14	1.03	1.05	1.31	1.69	0.98	0.81	0.9	1.04	0.93	1.11	0.9	1.14	0.6	0.79	1.24	1.09	1.23	0.92	0.94	1.29	1.14	1.11	1.27	1.52	1.82	1.67	1.03	1.14	0.66	1.74	1.32	1.37	1.49	1.22	1.41	1.34	1.11	1.37	1.05	1.81	2.33	1.64	1.05	0.97	1.16	1.36	1.34	1.54	0.96	1.04	1.25	1.04	1.05	1.25	1.59	0.96	0.7	1.45	1.58	1.11	1.32	1.55	1.83	1.46	1.3	1.49	2.14	1.68	1.68	1.62	1.25	1.11	1.18	1.4	0.61	0.66	0.79	0.98	1.41	1.71	0.81	0.89	1.03	0.87	0.82	1.27	1.33	1.05	1.49	1.27	1.51	1.2	1.45	1.73	1.23	0.89	0.68	1.66	1.41	1.64	1.74	1.25	0.53	0.97	1.29	0.87	0.81	1.12	1.26	1.63	0.94	0.78	0.63	0.98	1.31	1.1	0.88	1.14	1.54	1.99	1.72	1.1	0.71	1.33	1.39	1.16	1.71	0.5	1.12	1.53	1.27	0.71	0.88	1.0	1.3	1.47	1.49	1.34	1.59	1.26	1.04	1.59	1.64	1.36	1.51	1.16	1.1	1.25	0.74	1.14	1.03	1.05	1.31	1.69	0.98	0.81	0.9	1.04	0.93	1.11	0.9	1.14	0.6	0.79	1.24	1.09	1.23	0.92	0.94	1.29	1.14	1.11	1.27	1.52	1.82	1.67	1.03	1.14	0.66	1.74	1.32	1.37	1.49	1.22	1.41	1.34	1.11	1.37	1.05	1.81	2.33	1.64	1.05	0.97	1.16	1.36	1.34	1.54	0.96	1.04	1.25	1.04	1.05	1.25	1.59	0.96	0.7	1.45	1.58	1.11	1.32	1.55	1.83	1.46	1.3	1.49	2.14	1.68	1.68	1.62	1.25	1.11	1.18	1.4	0.61	0.66	0.79	0.98	1.41	1.71	0.81	0.89	1.03	0.87	0.82	1.27	1.33	1.05	1.49	1.27	1.51	1.2	1.45	1.73	1.23	0.89	0.68	1.66	1.41	1.64	1.74	1.25	0.53	0.97	1.29	0.87	0.81	1.12	1.26	1.63	0.94	0.78	0.63	0.98	1.31	1.1	0.88	1.14	1.54	1.99	1.72	1.1	0.71	1.33	1.39	1.16	1.71	0.5	1.12	1.53	1.27	0.71	0.88	1.0	1.3	1.47	1.49	1.34	1.59	1.26	1.04	1.59	1.64	1.36	1.51	1.16	1.1	1.25
1.0	2.0	3.0	4.0	5.0	6.0	7.0	8.0	9.0	10.0	11.0	12.0	13.0	14.0	15.0	16.0	17.0	18.0	19.0	20.0	21.0	22.0	23.0	24.0	25.0	26.0	27.0	28.0	29.0	30.0	31.0	32.0	33.0	34.0	35.0	36.0	37.0	38.0	39.0	40.0	41.0	42.0	43.0	44.0	45.0	46.0	47.0	48.0	49.0	50.0	51.0	52.0	53.0	54.0	55.0	56.0	57.0	58.0	59.0	60.0	61.0	62.0	63.0	64.0	65.0	66.0	67.0	68.0	69.0	70.0	71.0	72.0	73.0	74.0	75.0	76.0	77.0	78.0	79.0	80.0	81.0	82.0	83.0	84.0	85.0	86.0	87.0	88.0	89.0	90.0	91.0	92.0	93.0	94.0	95.0	96.0	97.0	98.0	99.0	100.0	101.0	102.0	103.0	104.0	105.0	106.0	107.0	108.0	109.0	110.0	111.0	112.0	113.0	114.0	115.0	116.0	117.0	118.0	119.0	120.0	121.0	122.0	123.0	124.0	125.0	126.0	127.0	128.0	129.0	130.0	131.0	132.0	133.0	134.0	135.0	136.0	137.0	138.0	139.0	140.0	141.0	142.0	143.0	144.0	145.0	146.0	147.0	148.0	149.0	149.0	150.0	151.0	152.0	153.0	154.0	155.0	156.0	157.0	158.0	159.0	160.0	161.0	162.0	163.0	164.0	165.0	166.0	167.0	168.0	169.0	170.0	171.0	172.0	173.0	174.0	175.0	176.0	177.0	178.0	179.0	180.0	181.0	182.0	183.0	184.0	185.0	186.0	187.0	188.0	189.0	190.0	191.0	192.0	193.0	194.0	195.0	196.0	197.0	198.0	199.0	200.0	201.0	202.0	203.0	204.0	205.0	206.0	207.0	208.0	209.0	210.0	211.0	212.0	213.0	214.0	215.0	216.0	217.0	218.0	219.0	220.0	221.0	222.0	223.0	224.0	225.0	226.0	227.0	228.0	229.0	230.0	231.0	232.0	233.0	234.0	235.0	236.0	237.0	238.0	239.0	240.0	241.0	242.0	243.0	244.0	245.0	246.0	247.0	248.0	249.0	250.0	251.0	252.0	253.0	254.0	255.0	256.0	257.0	258.0	259.0	260.0	261.0	262.0	263.0	264.0	265.0	266.0	267.0	268.0	269.0	270.0	271.0	272.0	273.0	274.0	275.0	276.0	277.0	278.0	279.0	280.0	281.0	282.0	283.0	284.0	285.0	286.0	287.0	288.0	289.0	290.0	291.0	292.0	293.0	294.0	295.0	296.0	297.0	298.0	298.0	299.0	300.0	301.0	302.0	303.0	304.0
4220.379669341451
