11157.7995719516	300.0	2000.0	449.43351506546355	0	0.0	11157.7995719516	1	0	tensor(3, device='cuda:0')	-6.661674944990677
11593.551709353405	300.0	2564.2478625981958	0.0	0	0.0	11157.7995719516	1	0	tensor(3, device='cuda:0')	-3.967223808471594
11895.605308599135	300.0	3186.680863541034	0.0	0	0.0	11082.28617214017	1	0	tensor(5, device='cuda:0')	-4.616891253982213
12161.617223160094	300.0	3854.1659703398323	0.0	0	0.0	11015.783193499927	1	0	tensor(5, device='cuda:0')	-4.097133404630609
14053.851405993933	2000.0	2488.8732417975316	0.0	0	0.0	10542.724647791465	1	0	tensor(5, device='cuda:0')	-4.900046254780828
14738.479556372102	300.0	2633.088053824821	0.0	0	0.0	10371.567610196922	1	0	tensor(5, device='cuda:0')	-6.181861739452409
15436.160045699615	300.0	2760.9874421654285	0.0	0	0.0	10197.147487865044	1	0	tensor(5, device='cuda:0')	-4.282277633198431
16236.6754351801	300.0	2760.3432053148226	0.0	0	0.0	9997.018640494924	1	0	tensor(5, device='cuda:0')	-4.321956069421069
17024.452360220137	300.0	2775.622049014773	0.0	0	0.0	9800.074409234912	1	0	tensor(5, device='cuda:0')	-4.300687122586205
17806.07286670607	300.0	2798.596415907359	0.0	0	0.0	9604.66928261343	1	0	tensor(5, device='cuda:0')	-4.280377119432083
18422.106422698176	300.0	3028.5544709172223	0.0	0	0.0	9450.660893615403	1	0	tensor(5, device='cuda:0')	-4.179566954432354
18889.01492781451	300.0	3444.9188395218034	0.0	0	0.0	9333.93376733632	1	0	tensor(5, device='cuda:0')	-4.089561260633956
19522.016130634813	500.0	3653.667335996419	0.0	0	0.0	9175.683466631239	1	0	tensor(5, device='cuda:0')	-4.151685709213946
20118.44720352533	500.0	3908.1284948832704	0.0	0	0.0	9026.57569840861	1	0	tensor(5, device='cuda:0')	-3.598030473373021
21347.653768350687	2000.0	3371.6202888515727	0.0	0	0.0	8719.27405720227	1	0	tensor(5, device='cuda:0')	-3.8636588424426517
22608.793201166834	2000.0	2795.1959978313844	0.0	0	0.0	8403.989198998226	1	0	tensor(5, device='cuda:0')	-2.4182693262105714
24681.009232879616	2000.0	1204.925958190408	0.0	0	0.0	7885.935191070032	1	0	tensor(5, device='cuda:0')	-2.6622294481469533
25396.11761673462	500.0	1311.0404783716515	0.0	0	0.0	7707.158095106279	1	0	tensor(5, device='cuda:0')	-4.635825067364928
25955.474329042434	500.0	1611.8445879868802	0.0	0	0.0	7567.318917029323	1	0	tensor(5, device='cuda:0')	-3.088908649161272
26848.43950444859	500.0	1495.6381187291909	0.0	0	0.0	7344.077623177793	1	0	tensor(5, device='cuda:0')	-3.1377825775987134
27543.72159461115	500.0	1626.5355060259938	0.0	0	0.0	7170.257100637151	1	0	tensor(5, device='cuda:0')	-2.9083444767763567
28043.32476126682	500.0	2002.0315477064023	0.0	0	0.0	7045.356308973231	1	0	tensor(5, device='cuda:0')	-2.711369107932718
28351.104876744594	500.0	2617.306403359187	0.0	0	0.0	6968.411280103788	1	0	tensor(5, device='cuda:0')	-2.547253169885154
28693.667343598838	500.0	3189.1033197913835	0.0	0	0.0	6882.770663390227	1	0	tensor(5, device='cuda:0')	-2.497375544191597
29692.06792313934	2000.0	2941.102595365759	0.0	0	0.0	6633.170518505107	1	0	tensor(5, device='cuda:0')	-2.6439369166944853
31025.446170575466	2000.0	2274.3797860705977	0.0	0	0.0	6299.825956646069	1	0	tensor(5, device='cuda:0')	-1.1459423106161981
31814.26671150843	2000.0	2288.35410990439	0.0	0	0.0	6102.620821412824	1	0	tensor(5, device='cuda:0')	-0.6400287562953877
32432.311551171948	2000.0	2515.7980603249875	0.0	0	0.0	5948.109611496937	1	0	tensor(5, device='cuda:0')	-0.3861945291381845
33271.84920263576	2000.0	2466.3759959952235	0.0	0	0.0	5738.225198630986	1	0	tensor(5, device='cuda:0')	-0.3124699274708521
35186.01241234783	2000.0	1073.6719838551426	0.0	0	0.0	5259.684396202974	1	0	tensor(5, device='cuda:0')	-0.48019399511499905
37277.82501643724	2000.0	200.0	592.8750170052897	0	0.0	5477.825016437237	1	0	tensor(5, device='cuda:0')	-3.6882702000998044
38001.19231780199	500.0	551.3872470487684	204.47709900377137	0	0.0	5552.579564850763	1	0	tensor(5, device='cuda:0')	-3.954523010551117
38381.76856153216	500.0	1075.6669423860533	0.0	0	0.0	5457.435503918212	1	0	tensor(5, device='cuda:0')	-1.160187687609409
38928.55886066819	500.0	1392.1790684660216	0.0	0	0.0	5320.737929134215	1	0	tensor(5, device='cuda:0')	-1.129258235194138
39385.423997989055	500.0	1821.0976468149415	0.0	0	0.0	5206.521644803994	1	0	tensor(5, device='cuda:0')	-0.9797196679635333
39991.147563717604	500.0	2063.9431896542487	0.0	0	0.0	5055.090753371849	1	0	tensor(5, device='cuda:0')	-0.9335439160385326
40495.51120849104	500.0	2433.4886336874547	0.0	0	0.0	4928.999842178491	1	0	tensor(5, device='cuda:0')	-0.774765544487447
40923.79767581025	500.0	2898.1305495384495	0.0	0	0.0	4821.928225348696	1	0	tensor(5, device='cuda:0')	-0.6553314195248179
41652.57798724903	500.0	2987.1551602399772	0.0	0	0.0	4639.733147489016	1	0	tensor(5, device='cuda:0')	-0.6915735860952513
42499.31447695629	500.0	2928.734548105892	0.0	0	0.0	4428.049025062195	1	0	tensor(5, device='cuda:0')	-0.6302904947173574
44314.97129240347	500.0	1659.1635287969268	0.0	0	0.0	3974.1348212004013	1	0	tensor(5, device='cuda:0')	-0.9038324507651362
45181.92572811596	500.0	1792.20909308444	0.0	0	0.0	3974.1348212004013	1	0	tensor(3, device='cuda:0')	-0.4453394015707469
46050.280774610845	500.0	1923.8540465895558	0.0	0	0.0	3974.134821200394	1	0	tensor(3, device='cuda:0')	0.05466059842925593
46511.34677620574	500.0	2462.788044994657	0.0	0	0.0	3974.134821200394	1	0	tensor(3, device='cuda:0')	0.05466059842925593
47176.29745462659	500.0	2631.599696968589	0.0	0	0.0	3807.897151595178	1	0	tensor(5, device='cuda:0')	-0.7298183439384123
47673.047905686224	500.0	3134.8492459089475	0.0	0	0.0	3807.8971515951707	1	0	tensor(3, device='cuda:0')	-0.38113148715370926
48241.788933446114	500.0	3566.108218149066	0.0	0	0.0	3807.8971515951707	1	0	tensor(3, device='cuda:0')	0.11886851284629088
50579.16316907141	2000.0	2228.7339825237705	0.0	0	0.0	3807.8971515951707	1	0	tensor(3, device='cuda:0')	0.11886851284629096
51215.84713518579	500.0	2592.0500164093987	0.0	0	0.0	3807.8971515951707	1	0	tensor(3, device='cuda:0')	-1.2674258482735998
51697.81933436868	500.0	3110.0778172265072	0.0	0	0.0	3807.897151595178	1	0	tensor(3, device='cuda:0')	0.11886851284628831
52380.62471578062	500.0	3427.272435814561	0.0	0	0.0	3807.897151595178	1	0	tensor(3, device='cuda:0')	0.11886851284628831
54294.80094379531	2000.0	2513.0962077998784	0.0	0	0.0	3807.897151595178	1	0	tensor(3, device='cuda:0')	0.11886851284628808
56024.31574323468	2000.0	1783.5814083605064	0.0	0	0.0	3807.897151595178	1	0	tensor(3, device='cuda:0')	1.5051628739661789
56753.96184066694	500.0	2053.9353109282365	0.0	0	0.0	3807.897151595178	1	0	tensor(3, device='cuda:0')	-1.2674258482736023
57312.966643526386	500.0	2494.9305080687845	0.0	0	0.0	3807.897151595178	1	0	tensor(3, device='cuda:0')	0.11886851284628831
58090.24527557409	500.0	2717.6518760210834	0.0	0	0.0	3807.897151595178	1	0	tensor(3, device='cuda:0')	0.11886851284628831
58660.75920785211	500.0	3147.137943743057	0.0	0	0.0	3807.897151595178	1	0	tensor(3, device='cuda:0')	0.11886851284628831
59200.0	500.0	3607.897151595169	0.0	0	22.943786287250987	3807.8971515951853	1	0	tensor(3, device='cuda:0')	0.1188685128462856
60443.45598960784	2000.0	3364.4411619873235	0.0	0	0.0	3807.897151595178	1	0	tensor(3, device='cuda:0')	0.11886851284628808
62425.478439142615	2000.0	2382.4187124525515	0.0	0	0.0	3807.897151595178	1	0	tensor(3, device='cuda:0')	1.5051628739661789
65147.51529537098	2000.0	660.3818562241897	0.0	0	0.0	3807.897151595178	1	0	tensor(3, device='cuda:0')	1.5051628739661789
65706.9743518363	500.0	1100.922799758871	0.0	0	0.0	3807.8971515951853	1	0	tensor(3, device='cuda:0')	-1.2674258482736047
66062.14374310074	500.0	1745.7534084944405	0.0	0	0.0	3807.8971515952	1	0	tensor(3, device='cuda:0')	0.11886851284628189
66581.86631299603	500.0	2226.030838599155	0.0	0	0.0	3807.8971515952217	1	0	tensor(3, device='cuda:0')	0.11886851284627557
67041.59374439027	500.0	2766.303407204912	0.0	0	0.0	3807.897151595207	1	0	tensor(3, device='cuda:0')	0.11886851284627563
67731.76776812205	500.0	3076.129383473132	0.0	0	0.0	3807.897151595207	1	0	tensor(3, device='cuda:0')	0.11886851284627613
68207.440616553	500.0	3600.456535042185	0.0	0	0.0	3807.8971515952	1	0	tensor(3, device='cuda:0')	0.11886851284627716
69605.162661105	2000.0	3202.734490490163	0.0	0	0.0	3807.8971515951853	1	0	tensor(3, device='cuda:0')	0.11886851284628247
71038.97519572328	2000.0	2768.921955871891	0.0	0	0.0	3807.8971515951853	1	0	tensor(3, device='cuda:0')	1.5051628739661762
72804.78899544544	2000.0	2003.1081561497078	0.0	0	0.0	3807.8971515951853	1	0	tensor(3, device='cuda:0')	1.5051628739661762
75905.85942753675	2000.0	200.0	297.9622759416016	0	0.0	4105.85942753675	1	0	tensor(3, device='cuda:0')	-0.3414325052802493
76354.45847329384	500.0	788.3842346638228	36.98328042091171	0	0.0	4142.842707957665	1	0	tensor(3, device='cuda:0')	-1.6276168749028772
76748.81037158723	500.0	1394.0323363704476	0.0	0	0.0	4142.8427079576795	1	0	tensor(3, device='cuda:0')	-0.01942283125752363
77109.34226718827	500.0	1943.3674668691453	0.0	0	0.0	4052.7097340574255	1	0	tensor(5, device='cuda:0')	-0.6700870640256508
77562.39253259738	500.0	2490.3172014600136	0.0	0	0.0	4052.7097340574255	1	0	tensor(3, device='cuda:0')	-0.47868039489694353
78012.89874115698	500.0	2927.1844407605254	0.0	0	0.0	3940.0831819175364	1	0	tensor(5, device='cuda:0')	-0.6680425311545498
78383.52157705638	500.0	3556.5616048611146	0.0	0	0.0	3940.0831819175364	1	0	tensor(3, device='cuda:0')	-0.43150056639870715
79682.1199103977	2000.0	3257.9632715197845	0.0	0	0.0	3940.0831819175364	1	0	tensor(3, device='cuda:0')	0.06849943360129263
80547.26271656393	2000.0	3392.820465353565	0.0	0	0.0	3940.0831819175364	1	0	tensor(3, device='cuda:0')	1.4547937947211833
81339.32553044631	2000.0	3600.757651471166	0.0	0	0.0	3940.083181917522	1	0	tensor(3, device='cuda:0')	1.4547937947211893
82440.66480271576	2000.0	3224.0835611343396	0.0	0	0.0	3664.7483638501726	1	0	tensor(5, device='cuda:0')	0.4750058315558742
84221.01541578845	2000.0	2443.732948061636	0.0	0	0.0	3664.7483638501726	1	0	tensor(3, device='cuda:0')	1.0540296277163832
86405.99646914004	2000.0	1258.7518947100523	0.0	0	0.0	3664.748363850158	1	0	tensor(3, device='cuda:0')	1.5540296277163879
87260.2443302824	500.0	1404.5040335677033	0.0	0	0.0	3664.748363850158	1	0	tensor(3, device='cuda:0')	-1.2185590945233935
88325.46197249969	500.0	1339.2863913504048	0.0	0	0.0	3664.748363850158	1	0	tensor(3, device='cuda:0')	0.1677352665964974
89033.25443393814	500.0	1631.4939299119399	0.0	0	0.0	3664.748363850158	1	0	tensor(3, device='cuda:0')	0.1677352665964974
89403.1572834814	500.0	2261.591080368671	0.0	0	0.0	3664.7483638501435	1	0	tensor(3, device='cuda:0')	0.16773526659650193
89832.43739905233	500.0	2832.3109647977435	0.0	0	0.0	3664.7483638501435	1	0	tensor(3, device='cuda:0')	0.16773526659650193
91953.06958733338	2000.0	1711.678776516703	0.0	0	0.0	3664.7483638501435	1	0	tensor(3, device='cuda:0')	0.1677352665965019
92247.8384644609	500.0	2416.9098993891635	0.0	0	0.0	3664.7483638501435	1	0	tensor(3, device='cuda:0')	-1.218559094523389
94001.70272202793	2000.0	1663.0456418221431	0.0	0	0.0	3664.748363850158	1	0	tensor(3, device='cuda:0')	0.1677352665964973
96193.46620805158	2000.0	471.2821557984711	0.0	0	0.0	3664.7483638501435	1	0	tensor(3, device='cuda:0')	1.5540296277163925
96721.71761903346	500.0	943.0307448165964	0.0	0	0.0	3664.7483638501435	1	0	tensor(3, device='cuda:0')	-1.218559094523389
97235.08908630547	500.0	1429.6592775445754	0.0	0	0.0	3664.748363850129	1	0	tensor(3, device='cuda:0')	0.16773526659650673
97535.00017779708	500.0	2129.7481860529724	0.0	0	0.0	3664.748363850129	1	0	tensor(3, device='cuda:0')	0.16773526659650673
97922.15897751747	500.0	2742.5893863325873	0.0	0	0.0	3664.748363850129	1	0	tensor(3, device='cuda:0')	0.16773526659650673
99560.08174687109	2000.0	2104.6666169789596	0.0	0	0.0	3664.748363850129	1	0	tensor(3, device='cuda:0')	0.16773526659650662
101955.30946814775	2000.0	709.4388957022854	0.0	0	0.0	3664.748363850129	1	0	tensor(3, device='cuda:0')	1.5540296277163974
102992.60851287018	500.0	672.1398509798437	0.0	0	0.0	3664.748363850129	1	0	tensor(3, device='cuda:0')	-1.2185590945233837
103631.06331881734	500.0	1033.6850450326942	0.0	0	0.0	3664.7483638501435	1	0	tensor(3, device='cuda:0')	0.16773526659650193
104373.45724043006	500.0	1291.2911234199753	0.0	0	0.0	3664.7483638501435	1	0	tensor(3, device='cuda:0')	0.16773526659650193
105171.1152953061	500.0	1493.6330685439382	0.0	0	0.0	3664.7483638501435	1	0	tensor(3, device='cuda:0')	0.16773526659650193
105661.98348037509	500.0	2002.7648834749546	0.0	0	0.0	3664.7483638501435	1	0	tensor(3, device='cuda:0')	0.16773526659650193
106124.20073594649	500.0	2540.547627903535	0.0	0	0.0	3664.7483638501435	1	0	tensor(3, device='cuda:0')	0.16773526659650193
106544.87190808903	500.0	3119.8764557609884	0.0	0	0.0	3664.7483638501435	1	0	tensor(3, device='cuda:0')	0.16773526659650193
107200.0	500.0	3464.7483638500053	0.0	0	273.10193371996866	3664.7483638501435	1	0	tensor(3, device='cuda:0')	0.16773526659650193
109309.35734108629	2000.0	2355.391022763718	0.0	0	0.0	3664.748363850158	1	0	tensor(3, device='cuda:0')	0.1677352665964973
109783.90134650012	500.0	2880.847017349877	0.0	0	0.0	3664.7483638501435	1	0	tensor(3, device='cuda:0')	-1.218559094523389
110446.258860668	500.0	3218.4895031819965	0.0	0	0.0	3664.7483638501435	1	0	tensor(3, device='cuda:0')	0.16773526659650193
111871.04356639946	2000.0	2793.704797450525	0.0	0	0.0	3664.7483638501435	1	0	tensor(3, device='cuda:0')	0.1677352665965019
113193.14685451955	2000.0	2471.6015093304272	0.0	0	0.0	3664.7483638501435	1	0	tensor(3, device='cuda:0')	1.5540296277163925
114363.77235421402	2000.0	2300.9760096359714	0.0	0	0.0	3664.7483638501435	1	0	tensor(3, device='cuda:0')	1.5540296277163925
116664.14590678888	2000.0	1000.6024570611096	0.0	0	0.0	3664.7483638501435	1	0	tensor(3, device='cuda:0')	1.5540296277163925
117358.97502816754	500.0	1305.7733356824583	0.0	0	0.0	3664.748363850158	1	0	tensor(3, device='cuda:0')	-1.2185590945233935
118020.71125655467	500.0	1644.0371072953246	0.0	0	0.0	3664.748363850158	1	0	tensor(3, device='cuda:0')	0.1677352665964974
118372.902044306	500.0	2291.846319544003	0.0	0	0.0	3664.7483638501726	1	0	tensor(3, device='cuda:0')	0.16773526659649263
118708.26353369761	500.0	2956.484830152402	0.0	0	0.0	3664.7483638501726	1	0	tensor(3, device='cuda:0')	0.16773526659649263
120177.2337916427	2000.0	2487.514572207311	0.0	0	0.0	3664.7483638501726	1	0	tensor(3, device='cuda:0')	0.16773526659649268
120870.07506540883	500.0	2794.673298441196	0.0	0	0.0	3664.7483638501726	1	0	tensor(3, device='cuda:0')	-1.218559094523398
121369.75712178175	500.0	3294.991242068269	0.0	0	0.0	3664.7483638501726	1	0	tensor(3, device='cuda:0')	0.16773526659649263
122200.0	500.0	3464.748363850022	0.0	0	172.2363035894523	3664.7483638501726	1	0	tensor(3, device='cuda:0')	0.16773526659649263
124177.78141913182	2000.0	2486.9669447182014	0.0	0	0.0	3664.7483638501726	1	0	tensor(3, device='cuda:0')	0.16773526659649268
125088.89397512344	2000.0	2575.854388726566	0.0	0	0.0	3664.7483638501726	1	0	tensor(3, device='cuda:0')	1.5540296277163832
126541.96677176983	2000.0	2122.7815920801972	0.0	0	0.0	3664.7483638501726	1	0	tensor(3, device='cuda:0')	1.5540296277163832
128849.5589328309	2000.0	815.1894310191432	0.0	0	0.0	3664.748363850187	1	0	tensor(3, device='cuda:0')	1.5540296277163783
129475.83625055404	500.0	1188.912113295989	0.0	0	0.0	3664.7483638502017	1	0	tensor(3, device='cuda:0')	-1.218559094523407
130191.31625989187	500.0	1473.432103958153	0.0	0	0.0	3664.7483638502017	1	0	tensor(3, device='cuda:0')	0.16773526659648325
130572.47096058699	500.0	2092.2774032630414	0.0	0	0.0	3664.7483638502017	1	0	tensor(3, device='cuda:0')	0.16773526659648325
131001.58027153926	500.0	2663.1680923107656	0.0	0	0.0	3664.7483638502017	1	0	tensor(3, device='cuda:0')	0.16773526659648325
131364.6929969294	500.0	3300.05536692065	0.0	0	0.0	3664.7483638502163	1	0	tensor(3, device='cuda:0')	0.16773526659648053
132755.76400115865	2000.0	2908.984362691443	0.0	0	0.0	3664.74836385026	1	0	tensor(3, device='cuda:0')	0.16773526659646926
134493.49800676786	2000.0	2171.2503570822255	0.0	0	0.0	3664.7483638502454	1	0	tensor(3, device='cuda:0')	1.5540296277163608
136701.71768665084	2000.0	963.0306771992191	0.0	0	0.0	3664.748363850231	1	0	tensor(3, device='cuda:0')	1.5540296277163645
137460.19173325345	500.0	1204.556630596611	0.0	0	0.0	3664.748363850231	1	0	tensor(3, device='cuda:0')	-1.2185590945234168
138124.8718373272	500.0	1539.8765265228376	0.0	0	0.0	3664.748363850231	1	0	tensor(3, device='cuda:0')	0.16773526659647398
138713.7079795106	500.0	1951.040384339407	0.0	0	0.0	3664.7483638502017	1	0	tensor(3, device='cuda:0')	0.16773526659648325
139161.40641514462	500.0	2503.3419487053948	0.0	0	0.0	3664.7483638502017	1	0	tensor(3, device='cuda:0')	0.16773526659648325
139738.19812518606	500.0	2926.5502386639578	0.0	0	0.0	3664.7483638502017	1	0	tensor(3, device='cuda:0')	0.16773526659648325
140261.7559514047	500.0	3402.992412445308	0.0	0	0.0	3664.7483638502017	1	0	tensor(3, device='cuda:0')	0.16773526659648325
142355.11516988082	2000.0	2309.633193969183	0.0	0	0.0	3664.7483638502017	1	0	tensor(3, device='cuda:0')	0.1677352665964833
143683.16248756557	2000.0	1981.585876284416	0.0	0	0.0	3664.7483638502017	1	0	tensor(3, device='cuda:0')	1.5540296277163739
145328.7737622494	2000.0	1335.974601600599	0.0	0	0.0	3664.7483638502017	1	0	tensor(3, device='cuda:0')	1.5540296277163739
145964.92121271417	500.0	1699.827151135793	0.0	0	0.0	3664.7483638502017	1	0	tensor(3, device='cuda:0')	-1.218559094523407
146604.3274380708	500.0	2060.4209257791495	0.0	0	0.0	3664.7483638502017	1	0	tensor(3, device='cuda:0')	0.16773526659648325
147441.3483753347	500.0	2223.399988515258	0.0	0	0.0	3664.7483638502017	1	0	tensor(3, device='cuda:0')	0.16773526659648325
148378.13896731313	500.0	2286.609396536831	0.0	0	0.0	3664.7483638502017	1	0	tensor(3, device='cuda:0')	0.16773526659648325
149111.33138375854	500.0	2553.4169800914115	0.0	0	0.0	3664.7483638501726	1	0	tensor(3, device='cuda:0')	0.16773526659649263
149829.3876097499	500.0	2835.3607541000356	0.0	0	0.0	3664.7483638501726	1	0	tensor(3, device='cuda:0')	0.16773526659649263
150399.55328806266	500.0	3265.195075787256	0.0	0	0.0	3664.7483638501726	1	0	tensor(3, device='cuda:0')	0.16773526659649263
151615.63485145298	2000.0	3049.113512396894	0.0	0	0.0	3664.7483638501726	1	0	tensor(3, device='cuda:0')	0.16773526659649268
153005.5667328947	2000.0	2659.181630955226	0.0	0	0.0	3664.7483638501726	1	0	tensor(3, device='cuda:0')	1.5540296277163832
154639.9682812134	2000.0	2024.780082636477	0.0	0	0.0	3664.7483638501726	1	0	tensor(3, device='cuda:0')	1.5540296277163832
156326.9194670674	2000.0	1337.828896782491	0.0	0	0.0	3664.7483638501726	1	0	tensor(3, device='cuda:0')	1.5540296277163832
156972.20977358767	500.0	1692.5385902622152	0.0	0	0.0	3664.7483638501435	1	0	tensor(3, device='cuda:0')	-1.218559094523389
157452.84674643952	500.0	2211.901617410337	0.0	0	0.0	3664.7483638501435	1	0	tensor(3, device='cuda:0')	0.16773526659650193
158231.60888246243	500.0	2433.139481387416	0.0	0	0.0	3664.7483638501435	1	0	tensor(3, device='cuda:0')	0.16773526659650193
158788.39700191838	500.0	2876.351361931494	0.0	0	0.0	3664.7483638501435	1	0	tensor(3, device='cuda:0')	0.16773526659650193
159521.0122294806	500.0	3143.7361343692523	0.0	0	0.0	3664.7483638501435	1	0	tensor(3, device='cuda:0')	0.16773526659650193
160251.90078993	500.0	3412.847573919838	0.0	0	0.0	3664.7483638501435	1	0	tensor(3, device='cuda:0')	0.16773526659650193
162484.21037074187	2000.0	2180.5379931079456	0.0	0	0.0	3664.7483638501435	1	0	tensor(3, device='cuda:0')	0.1677352665965019
164714.54698528975	2000.0	950.2013785600869	0.0	0	0.0	3664.7483638501435	1	0	tensor(3, device='cuda:0')	1.5540296277163925
165162.3005331234	500.0	1502.447830726442	0.0	0	0.0	3664.7483638501435	1	0	tensor(3, device='cuda:0')	-1.218559094523389
165608.0653850039	500.0	2056.68297884593	0.0	0	0.0	3664.7483638501726	1	0	tensor(3, device='cuda:0')	0.16773526659649263
166869.33112182948	2000.0	1795.4172420203145	0.0	0	0.0	3664.7483638501726	1	0	tensor(3, device='cuda:0')	0.16773526659649268
168721.81700297928	2000.0	942.9313608705227	0.0	0	0.0	3664.7483638501726	1	0	tensor(3, device='cuda:0')	1.5540296277163832
169325.32560845013	500.0	1339.4227553996568	0.0	0	0.0	3664.7483638501726	1	0	tensor(3, device='cuda:0')	-1.218559094523398
169739.6444094373	500.0	1925.1039544124903	0.0	0	0.0	3664.7483638501726	1	0	tensor(3, device='cuda:0')	0.16773526659649263
170329.5426546803	500.0	2335.2057091694933	0.0	0	0.0	3664.7483638502017	1	0	tensor(3, device='cuda:0')	0.16773526659648325
170972.20453849222	500.0	2692.5438253575844	0.0	0	0.0	3664.7483638502017	1	0	tensor(3, device='cuda:0')	0.16773526659648325
171664.51222436465	500.0	3000.236139485145	0.0	0	0.0	3664.7483638502017	1	0	tensor(3, device='cuda:0')	0.16773526659648325
172272.27912964378	500.0	3392.4692342059834	0.0	0	0.0	3664.7483638501726	1	0	tensor(3, device='cuda:0')	0.16773526659649263
174496.68479988634	2000.0	2168.06356396342	0.0	0	0.0	3664.7483638501435	1	0	tensor(3, device='cuda:0')	0.1677352665965019
175420.38678732826	500.0	2244.36157652145	0.0	0	0.0	3664.7483638501144	1	0	tensor(3, device='cuda:0')	-1.2185590945233793
176419.03432900977	500.0	2245.7140348399043	0.0	0	0.0	3664.7483638500853	1	0	tensor(3, device='cuda:0')	0.16773526659652066
177049.4585063693	500.0	2615.289857480398	0.0	0	0.0	3664.7483638501144	1	0	tensor(3, device='cuda:0')	0.16773526659651145
177578.00692689905	500.0	3086.7414369506414	0.0	0	0.0	3664.7483638501144	1	0	tensor(3, device='cuda:0')	0.16773526659651145
178251.17428501335	500.0	3413.574078836326	0.0	0	0.0	3664.7483638501144	1	0	tensor(3, device='cuda:0')	0.16773526659651145
181311.9799908686	2000.0	1352.7683729810983	0.0	0	0.0	3664.7483638501144	1	0	tensor(3, device='cuda:0')	0.16773526659651133
181856.82050743012	500.0	1807.9278564195747	0.0	0	0.0	3664.7483638501144	1	0	tensor(3, device='cuda:0')	-1.2185590945233793
182482.55426136	500.0	2182.194102489715	0.0	0	0.0	3664.7483638501435	1	0	tensor(3, device='cuda:0')	0.16773526659650193
182906.3826238385	500.0	2758.365740011187	0.0	0	0.0	3664.7483638501435	1	0	tensor(3, device='cuda:0')	0.16773526659650193
183381.51324692514	500.0	3283.235116924524	0.0	0	0.0	3664.7483638501435	1	0	tensor(3, device='cuda:0')	0.16773526659650193
184200.0	500.0	3464.7483638496674	0.0	0	226.51192545957747	3664.7483638501726	1	0	tensor(3, device='cuda:0')	0.16773526659649263
185741.8683164679	2000.0	2922.88004738178	0.0	0	0.0	3664.7483638501726	1	0	tensor(3, device='cuda:0')	0.16773526659649268
187519.33701407313	2000.0	2145.411349776563	0.0	0	0.0	3664.7483638501726	1	0	tensor(3, device='cuda:0')	1.5540296277163832
190215.17973415114	2000.0	449.56862969855706	0.0	0	0.0	3664.7483638501726	1	0	tensor(3, device='cuda:0')	1.5540296277163832
190976.67941093488	500.0	688.0689529148278	0.0	0	0.0	3664.7483638501726	1	0	tensor(3, device='cuda:0')	-1.218559094523398
192491.0380470566	500.0	384.75558122039314	211.0452644272566	0	0.0	3875.7936282774317	1	0	tensor(3, device='cuda:0')	-1.1726204959857287
193118.60358642615	500.0	757.1900418508294	0.0	0	0.0	3875.7936282774317	1	0	tensor(3, device='cuda:0')	0.0936510905778113
193502.13503980997	500.0	1373.6585884669837	0.0	0	0.0	3875.793628277461	1	0	tensor(3, device='cuda:0')	0.09365109057780013
194067.99166820265	500.0	1807.801960074307	0.0	0	0.0	3875.793628277461	1	0	tensor(3, device='cuda:0')	0.09365109057780013
194377.85942375025	500.0	2497.9342045267063	0.0	0	0.0	3875.793628277461	1	0	tensor(3, device='cuda:0')	0.09365109057780013
197603.96655747673	2000.0	271.82707080020543	0.0	0	0.0	3875.793628277461	1	0	tensor(3, device='cuda:0')	0.09365109057780008
198537.53383659804	500.0	568.6432250670321	230.3834333881206	0	0.0	4106.1770616650465	1	0	tensor(3, device='cuda:0')	-2.771115623501093
199292.1303978446	500.0	814.0466638204905	0.0	0	0.0	4106.1770616650465	1	0	tensor(3, device='cuda:0')	-0.0025206620524793194
199888.08354852622	500.0	1218.0935131388642	0.0	0	0.0	4106.1770616650465	1	0	tensor(3, device='cuda:0')	-0.0025206620524793194
200185.6812062944	500.0	1920.495855370664	0.0	0	0.0	4106.1770616650465	1	0	tensor(3, device='cuda:0')	-0.0025206620524793194
200529.59973988528	500.0	2490.5976883820426	0.0	0	0.0	4020.1974282673327	1	0	tensor(5, device='cuda:0')	-0.6456948044138302
201474.8305711471	2000.0	2545.3668571202506	0.0	0	0.0	4020.1974282673327	1	0	tensor(3, device='cuda:0')	-0.4646434253376213
202935.9322488083	2000.0	2084.26517945906	0.0	0	0.0	4020.1974282673327	1	0	tensor(3, device='cuda:0')	1.421650935782269
204958.2989875322	2000.0	556.306756054201	0.0	0	0.0	3514.605743586406	1	0	tensor(5, device='cuda:0')	0.044938889276603056
205274.93124831864	500.0	1239.6744952677773	0.0	0	0.0	3514.605743586406	1	0	tensor(3, device='cuda:0')	-1.6731320891640507
205846.38259825864	500.0	1668.223145327773	0.0	0	0.0	3514.605743586406	1	0	tensor(3, device='cuda:0')	0.21316227195583992
206329.91076900982	500.0	2184.694974576605	0.0	0	0.0	3514.605743586435	1	0	tensor(3, device='cuda:0')	0.2131622719558316
206930.75026388638	500.0	2583.8554797000106	0.0	0	0.0	3514.605743586435	1	0	tensor(3, device='cuda:0')	0.2131622719558316
207408.94651114967	500.0	3105.659232436715	0.0	0	0.0	3514.605743586464	1	0	tensor(3, device='cuda:0')	0.21316227195582346
208200.0	500.0	3314.6057435864045	0.0	0	316.7465636638226	3514.605743586464	1	0	tensor(3, device='cuda:0')	0.21316227195582346
209662.73076811724	2000.0	2851.874975469135	0.0	0	0.0	3514.605743586464	1	0	tensor(3, device='cuda:0')	0.21316227195582355
213269.6928164469	2000.0	244.91292713947735	0.0	0	0.0	3514.605743586464	1	0	tensor(3, device='cuda:0')	1.599456633075714
213816.4618121981	500.0	712.0247722004115	13.880840812119061	0	0.0	3528.4865843985754	1	0	tensor(3, device='cuda:0')	-1.2603812129623937
214352.73613135578	500.0	1175.7504530427257	0.0	0	0.0	3528.4865843985754	1	0	tensor(3, device='cuda:0')	0.20919819303021112
215113.8123518304	500.0	1414.674232568137	0.0	0	0.0	3528.4865843986045	1	0	tensor(3, device='cuda:0')	0.20919819303020276
215601.58654127957	500.0	1926.9000431189388	0.0	0	0.0	3528.4865843986045	1	0	tensor(3, device='cuda:0')	0.20919819303020276
216290.86330280497	500.0	2237.623281593541	0.0	0	0.0	3528.4865843986336	1	0	tensor(3, device='cuda:0')	0.20919819303019443
217493.0959280896	500.0	2035.3906563088626	0.0	0	0.0	3528.4865843986045	1	0	tensor(3, device='cuda:0')	0.20919819303020276
218424.8549865475	500.0	2103.631597851014	0.0	0	0.0	3528.4865843986045	1	0	tensor(3, device='cuda:0')	0.20919819303020276
219033.76407595552	500.0	2494.7225084430265	0.0	0	0.0	3528.4865843986045	1	0	tensor(3, device='cuda:0')	0.20919819303020276
219560.70955496933	500.0	2967.777029429198	0.0	0	0.0	3528.4865843986045	1	0	tensor(3, device='cuda:0')	0.20919819303020276
220977.0072652506	2000.0	2551.479319147919	0.0	0	0.0	3528.4865843986045	1	0	tensor(3, device='cuda:0')	0.20919819303020265
222342.6319384388	2000.0	2185.8546459597173	0.0	0	0.0	3528.4865843986045	1	0	tensor(3, device='cuda:0')	1.5954925541500933
225013.5522699895	2000.0	514.9343144090551	0.0	0	0.0	3528.4865843986045	1	0	tensor(3, device='cuda:0')	1.5954925541500933
225813.50562683027	500.0	714.9809575682788	0.0	0	0.0	3528.4865843986045	1	0	tensor(3, device='cuda:0')	-1.1770961680896883
226403.00412524282	500.0	1125.4824591557385	0.0	0	0.0	3528.4865843986045	1	0	tensor(3, device='cuda:0')	0.20919819303020276
226788.17567025646	500.0	1740.3109141420723	0.0	0	0.0	3528.4865843985754	1	0	tensor(3, device='cuda:0')	0.20919819303021112
227223.0297035983	500.0	2305.4568808002628	0.0	0	0.0	3528.4865843985754	1	0	tensor(3, device='cuda:0')	0.20919819303021112
227974.32604474234	500.0	2554.1605396562395	0.0	0	0.0	3528.4865843985754	1	0	tensor(3, device='cuda:0')	0.20919819303021112
228490.65147478637	500.0	3037.835109612185	0.0	0	0.0	3528.4865843985754	1	0	tensor(3, device='cuda:0')	0.20919819303021112
229200.0	500.0	3328.4865843985563	0.0	0	167.8327832102368	3528.4865843985754	1	0	tensor(3, device='cuda:0')	0.20919819303021112
230774.2586708891	2000.0	2754.227913509467	0.0	0	0.0	3528.4865843985754	1	0	tensor(3, device='cuda:0')	0.2091981930302112
232313.38095364423	2000.0	2215.1056307543267	0.0	0	0.0	3528.4865843985754	1	0	tensor(3, device='cuda:0')	1.5954925541501017
234566.24846961483	2000.0	962.2381147837125	0.0	0	0.0	3528.4865843985754	1	0	tensor(3, device='cuda:0')	1.5954925541501017
235182.14980637626	500.0	1346.3367780222957	0.0	0	0.0	3528.4865843985754	1	0	tensor(3, device='cuda:0')	-1.1770961680896794
235854.34664248835	500.0	1674.1399419101863	0.0	0	0.0	3528.4865843985754	1	0	tensor(3, device='cuda:0')	0.20919819303021112
236302.5309715078	500.0	2225.9556128907357	0.0	0	0.0	3528.4865843985754	1	0	tensor(3, device='cuda:0')	0.20919819303021112
236817.47956906178	500.0	2711.007015336787	0.0	0	0.0	3528.4865843985754	1	0	tensor(3, device='cuda:0')	0.20919819303021112
237534.8204682441	500.0	2993.666116154453	0.0	0	0.0	3528.4865843985463	1	0	tensor(3, device='cuda:0')	0.20919819303021941
238327.02506342475	500.0	3201.4615209738436	0.0	0	0.0	3528.4865843985463	1	0	tensor(3, device='cuda:0')	0.20919819303021941
239200.0	500.0	3328.486584398606	0.0	0	217.77372199529782	3528.4865843985754	1	0	tensor(3, device='cuda:0')	0.20919819303021112
240573.43830805627	2000.0	2955.048276342323	0.0	0	0.0	3528.4865843985754	1	0	tensor(3, device='cuda:0')	0.2091981930302112
242370.09370949178	2000.0	2158.39287490684	0.0	0	0.0	3528.4865843985754	1	0	tensor(3, device='cuda:0')	1.5954925541501017
244429.8929856418	2000.0	1098.5935987568264	0.0	0	0.0	3528.4865843986045	1	0	tensor(3, device='cuda:0')	1.5954925541500933
245630.04361557373	2000.0	898.4429688249343	0.0	0	0.0	3528.4865843986045	1	0	tensor(3, device='cuda:0')	1.5954925541500933
246279.37319641752	500.0	1249.1133879811098	0.0	0	0.0	3528.4865843986045	1	0	tensor(3, device='cuda:0')	-1.1770961680896883
246818.49005540184	500.0	1709.9965289968136	0.0	0	0.0	3528.4865843986045	1	0	tensor(3, device='cuda:0')	0.20919819303020276
247361.61773809532	500.0	2166.8688463033586	0.0	0	0.0	3528.4865843986045	1	0	tensor(3, device='cuda:0')	0.20919819303020276
247764.61458070102	500.0	2763.872003697619	0.0	0	0.0	3528.4865843985754	1	0	tensor(3, device='cuda:0')	0.20919819303021112
248269.01742995344	500.0	3259.4691544452007	0.0	0	0.0	3528.4865843986045	1	0	tensor(3, device='cuda:0')	0.20919819303020276
249360.59200543407	2000.0	3167.894578964543	0.0	0	0.0	3528.4865843986045	1	0	tensor(3, device='cuda:0')	0.20919819303020265
250680.84582354577	2000.0	2847.640760852841	0.0	0	0.0	3528.4865843986045	1	0	tensor(3, device='cuda:0')	1.5954925541500933
251721.92226035043	2000.0	2806.564324048147	0.0	0	0.0	3528.4865843986045	1	0	tensor(3, device='cuda:0')	1.5954925541500933
252878.04024087728	2000.0	2650.446343521276	0.0	0	0.0	3528.4865843986045	1	0	tensor(3, device='cuda:0')	1.5954925541500933
253952.70839552625	2000.0	2575.778188872315	0.0	0	0.0	3528.4865843986045	1	0	tensor(3, device='cuda:0')	1.5954925541500933
256132.6956681565	2000.0	1395.7909162420929	0.0	0	0.0	3528.4865843986045	1	0	tensor(3, device='cuda:0')	1.5954925541500933
258342.09739810642	2000.0	200.0	13.610813707803601	0	0.0	3542.097398106416	1	0	tensor(3, device='cuda:0')	1.5130412049835305
258941.3441911969	500.0	682.8288601079681	82.07565319844264	0	0.0	3624.1730513048533	1	0	tensor(3, device='cuda:0')	-1.6981708966597235
259490.56357714234	500.0	1133.6094741625507	0.0	0	0.0	3624.173051304824	1	0	tensor(3, device='cuda:0')	0.18057738365083204
260108.45708970548	500.0	1515.7159615993987	0.0	0	0.0	3624.173051304824	1	0	tensor(3, device='cuda:0')	0.18057738365083204
260625.32169626508	500.0	1998.851355039804	0.0	0	0.0	3624.1730513048533	1	0	tensor(3, device='cuda:0')	0.1805773836508231
260967.7899401423	500.0	2656.3831111625736	0.0	0	0.0	3624.1730513048533	1	0	tensor(3, device='cuda:0')	0.1805773836508231
261638.71245571852	500.0	2985.4605955863763	0.0	0	0.0	3624.1730513048533	1	0	tensor(3, device='cuda:0')	0.1805773836508231
262325.3251403604	500.0	3298.8479109444893	0.0	0	0.0	3624.173051304824	1	0	tensor(3, device='cuda:0')	0.18057738365083026
263200.0	500.0	3424.1730513048788	0.0	0	269.11986581329256	3624.173051304824	1	0	tensor(3, device='cuda:0')	0.18057738365083387
264200.0	500.0	3424.173051304929	0.0	0	252.18573968217243	3624.1730513048824	1	0	tensor(3, device='cuda:0')	0.18057738365081577
265200.0	500.0	3424.1730513049315	0.0	0	250.21495880448492	3624.1730513049115	1	0	tensor(3, device='cuda:0')	0.18057738365081033
266200.0	500.0	3424.173051304937	0.0	0	342.21686538204085	3624.1730513048824	1	0	tensor(3, device='cuda:0')	0.1805773836508085
267200.0	500.0	3424.173051304936	0.0	0	545.7894044719287	3624.173051304824	1	0	tensor(3, device='cuda:0')	0.18057738365083204
269539.7063692178	2000.0	2084.466682087157	0.0	0	0.0	3624.173051304824	1	0	tensor(3, device='cuda:0')	0.18057738365083198
269958.10784003226	500.0	2666.065211272679	0.0	0	0.0	3624.173051304766	1	0	tensor(3, device='cuda:0')	-1.2057169774690402
271543.9371122158	2000.0	2080.235939089088	0.0	0	0.0	3624.173051304766	1	0	tensor(3, device='cuda:0')	0.1805773836508499
274059.45415056444	2000.0	564.7189007403879	0.0	0	0.0	3624.173051304766	1	0	tensor(3, device='cuda:0')	1.5668717447707405
274677.7723812922	500.0	946.4006700126275	0.0	0	0.0	3624.173051304766	1	0	tensor(3, device='cuda:0')	-1.2057169774690402
275157.8371721235	500.0	1466.335879181365	0.0	0	0.0	3624.173051304766	1	0	tensor(3, device='cuda:0')	0.18057738365085008
275506.96929570957	500.0	2117.203755595291	0.0	0	0.0	3624.173051304766	1	0	tensor(3, device='cuda:0')	0.18057738365085008
275863.63010390906	500.0	2760.5429473958366	0.0	0	0.0	3624.173051304824	1	0	tensor(3, device='cuda:0')	0.18057738365083204
276246.36708638154	500.0	3377.8059649233223	0.0	0	0.0	3624.173051304824	1	0	tensor(3, device='cuda:0')	0.18057738365083204
278410.09970278636	2000.0	2214.0733485184405	0.0	0	0.0	3624.1730513048824	1	0	tensor(3, device='cuda:0')	0.18057738365081405
279115.4097636557	500.0	2508.7632876491202	0.0	0	0.0	3624.1730513048824	1	0	tensor(3, device='cuda:0')	-1.2057169774690766
279801.4962213937	500.0	2822.6768299111545	0.0	0	0.0	3624.1730513048824	1	0	tensor(3, device='cuda:0')	0.18057738365081394
280303.8291782707	500.0	3320.343873034113	0.0	0	0.0	3624.1730513048824	1	0	tensor(3, device='cuda:0')	0.18057738365081394
282201.5628809143	2000.0	2422.6101703904883	0.0	0	0.0	3624.1730513048824	1	0	tensor(3, device='cuda:0')	0.18057738365081405
282833.6927978045	500.0	2790.4802535003864	0.0	0	0.0	3624.1730513048824	1	0	tensor(3, device='cuda:0')	-1.2057169774690766
283386.4797454608	500.0	3237.6933058440604	0.0	0	0.0	3624.1730513049406	1	0	tensor(3, device='cuda:0')	0.18057738365079581
284200.0	500.0	3424.1730513048874	0.0	0	160.4992252641241	3624.1730513049406	1	0	tensor(3, device='cuda:0')	0.18057738365079581
285200.0	500.0	3424.1730513048606	0.0	0	250.13246452092426	3624.1730513049406	1	0	tensor(3, device='cuda:0')	0.18057738365079581
286200.0	500.0	3424.1730513048515	0.0	0	314.7715103139635	3624.173051304999	1	0	tensor(3, device='cuda:0')	0.1805773836507777
288732.1811820665	2000.0	1891.9918692383135	0.0	0	0.0	3624.173051304999	1	0	tensor(3, device='cuda:0')	0.18057738365077758
289508.7459692612	500.0	2115.4270820436695	0.0	0	0.0	3624.173051305057	1	0	tensor(3, device='cuda:0')	-1.205716977469131
290160.93951471715	500.0	2463.2335365876784	0.0	0	0.0	3624.173051305057	1	0	tensor(3, device='cuda:0')	0.1805773836507596
290708.11230360117	500.0	2916.0607477036615	0.0	0	0.0	3624.173051305057	1	0	tensor(3, device='cuda:0')	0.1805773836507596
291272.1413308102	500.0	3352.031720494682	0.0	0	0.0	3624.173051305057	1	0	tensor(3, device='cuda:0')	0.1805773836507596
292200.0	500.0	3424.173051304879	0.0	0	477.6861635451205	3624.173051305057	1	0	tensor(3, device='cuda:0')	0.1805773836507596
293200.0	500.0	3424.173051304815	0.0	0	484.7520500346436	3624.173051305057	1	0	tensor(3, device='cuda:0')	0.1805773836507596
294200.0	500.0	3424.1730513048533	0.0	0	297.9142367109889	3624.173051305057	1	0	tensor(3, device='cuda:0')	0.1805773836507596
295200.0	500.0	3424.173051304848	0.0	0	240.12903195410036	3624.173051304999	1	0	tensor(3, device='cuda:0')	0.1805773836507777
296308.1144233516	500.0	3316.058627953211	0.0	0	0.0	3624.173051304999	1	0	tensor(3, device='cuda:0')	0.1805773836507777
297200.0	500.0	3424.1730513048333	0.0	0	116.71486852667294	3624.173051304999	1	0	tensor(3, device='cuda:0')	0.1805773836507777
298200.0	500.0	3424.1730513047787	0.0	0	499.7222079463536	3624.173051304999	1	0	tensor(3, device='cuda:0')	0.1805773836507777
299200.0	500.0	3424.173051304765	0.0	0	426.73553397279466	3624.173051305057	1	0	tensor(3, device='cuda:0')	0.1805773836507596
300577.77537771343	2000.0	3046.397673591294	0.0	0	0.0	3624.173051304999	1	0	tensor(3, device='cuda:0')	0.18057738365077758
0.579	0.869	1.29	0.834	0.544	0.521	0.405	0.44	0.556	0.985	1.26	1.47	1.41	0.95	1.11	0.811	0.707	1.01	1.55	1.93	1.99	2.49	2.54	1.75	1.08	0.927	0.579	0.822	1.14	0.961	0.95	0.869	0.475	0.29	0.44	0.672	0.915	0.788	1.12	0.985	1.15	0.95	0.985	1.58	1.44	1.07	0.811	0.672	0.985	1.4	1.11	1.14	1.2	0.857	1.04	1.2	1.16	0.961	0.985	1.3	1.19	0.938	0.985	0.683	0.695	1.2	1.36	1.07	1.62	2.21	2.34	2.19	1.37	1.37	1.48	1.03	0.718	0.498	0.741	1.2	1.03	1.24	1.76	1.41	1.18	0.938	1.18	1.41	1.4	1.16	0.857	0.649	0.591	0.88	0.707	0.961	1.08	0.985	0.765	0.88	1.12	0.95	1.3	1.7	1.46	0.88	0.892	1.07	1.22	1.34	0.927	0.892	0.996	1.45	1.92	1.93	1.6	0.985	1.02	0.811	1.14	1.4	1.59	1.71	1.03	0.996	0.672	0.811	0.996	0.985	1.15	1.15	1.33	1.09	0.753	0.996	0.88	0.556	0.846	0.915	1.36	1.8	1.31	1.68	1.67	1.26	0.985	0.846	1.09	0.834	1.14	0.811	1.02	1.02	1.18	1.61	1.24	1.01	1.01	1.07	1.12	0.776	0.927	0.707	0.556	0.591	0.811	1.05	1.08	0.359	0.707	1.19	1.08	0.973	1.22	1.44	0.753	1.09	0.88	0.591	0.683	0.371	0.649	1.15	1.34	0.707	0.278	0.463	0.718	1.11	1.63	2.27	1.32	1.23	1.1	1.24	0.938	0.834	0.973	1.1	0.695	0.614	0.707	0.95	0.707	0.915	0.463	0.463	0.996	1.27	1.56	1.96	1.18	0.869	0.556	0.66	1.15	0.95	0.869	1.24	1.09	1.33	1.34	0.927	0.834	1.05	0.799	0.66	0.88	1.24	1.25	1.24	1.51	1.15	1.54	1.1	0.938	1.27	1.49	1.71	1.78	1.37	1.8	1.7	1.12	1.22	0.95	0.614	1.01	0.857	1.26	0.811	0.695	0.556	0.892	0.927	0.996	0.927	0.753	1.26	1.48	1.34	0.88	0.857	1.05	1.19	1.05	0.73	0.765	1.04	1.08	0.834	0.637	0.811	0.88	0.788	1.26	0.95	0.637	0.799	1.04	1.03	0.904	0.753	0.799	0.51	0.649	0.927	1.24	1.27	1.39	1.47	1.05	0.961
69.0	70.0	71.0	72.0	73.0	74.0	75.0	76.0	77.0	78.0	79.0	80.0	81.0	82.0	83.0	84.0	85.0	86.0	87.0	88.0	89.0	90.0	91.0	92.0	93.0	94.0	95.0	96.0	97.0	98.0	99.0	100.0	101.0	102.0	103.0	104.0	105.0	106.0	107.0	108.0	109.0	110.0	111.0	112.0	113.0	114.0	115.0	116.0	117.0	118.0	119.0	120.0	121.0	122.0	123.0	124.0	125.0	126.0	127.0	128.0	129.0	130.0	131.0	132.0	133.0	134.0	135.0	136.0	137.0	138.0	139.0	140.0	141.0	142.0	143.0	144.0	145.0	146.0	147.0	148.0	149.0	150.0	151.0	152.0	153.0	154.0	155.0	156.0	157.0	158.0	159.0	160.0	161.0	162.0	163.0	164.0	165.0	166.0	167.0	168.0	169.0	170.0	171.0	172.0	173.0	174.0	175.0	176.0	177.0	178.0	179.0	180.0	181.0	182.0	183.0	184.0	185.0	186.0	187.0	188.0	189.0	190.0	191.0	192.0	193.0	194.0	195.0	196.0	197.0	198.0	199.0	200.0	201.0	202.0	203.0	204.0	205.0	206.0	207.0	208.0	209.0	210.0	211.0	212.0	213.0	214.0	215.0	216.0	217.0	218.0	219.0	220.0	221.0	222.0	223.0	224.0	225.0	226.0	227.0	228.0	229.0	230.0	231.0	232.0	233.0	234.0	235.0	236.0	237.0	238.0	239.0	240.0	241.0	242.0	243.0	244.0	245.0	246.0	247.0	248.0	249.0	250.0	251.0	252.0	253.0	254.0	255.0	256.0	257.0	258.0	259.0	260.0	261.0	262.0	263.0	264.0	265.0	266.0	267.0	268.0	269.0	270.0	271.0	272.0	273.0	274.0	275.0	276.0	277.0	278.0	279.0	280.0	281.0	282.0	283.0	284.0	285.0	286.0	287.0	288.0	289.0	290.0	291.0	292.0	293.0	294.0	295.0	296.0	297.0	298.0	299.0	300.0	301.0	302.0	303.0	304.0	305.0	306.0	307.0	308.0	309.0	310.0	311.0	312.0	313.0	314.0	315.0	316.0	317.0	318.0	319.0	320.0	321.0	322.0	323.0	324.0	325.0	326.0	327.0	328.0	329.0	330.0	331.0	332.0	333.0	334.0	335.0	336.0	337.0	338.0	339.0	340.0	341.0	342.0	343.0	344.0	345.0	346.0	347.0	348.0	349.0	350.0	351.0	352.0	353.0	354.0	355.0	356.0	357.0	358.0	359.0	360.0	361.0	362.0
10013.0
