8501.373199002788	300.0	2000.0	182.72757041498446	0	0.0	8501.373199002788	1	0	tensor(5, device='cuda:0')	-5.2713990919970675
9395.512415307392	2000.0	1882.325979619245	0.0	0	0.0	8277.838394926637	1	0	tensor(5, device='cuda:0')	-4.08457989074155
10444.633221484411	2000.0	1570.9249718979725	0.0	0	0.0	8015.558193382383	1	0	tensor(5, device='cuda:0')	-2.1719457521911685
11359.7922836101	2000.0	1426.9761442408628	0.0	0	0.0	7786.768427850963	1	0	tensor(5, device='cuda:0')	-2.0029476165968583
12127.516211159234	2000.0	1467.3212348044447	0.0	0	0.0	7594.83744596368	1	0	tensor(5, device='cuda:0')	-1.8295048102967022
12787.674114203865	2000.0	1642.1238559986577	0.0	0	0.0	7429.797970202523	1	0	tensor(5, device='cuda:0')	-1.6755208608031473
13475.714131060318	2000.0	1782.0738349280919	0.0	0	0.0	7257.787965988412	1	0	tensor(5, device='cuda:0')	-1.5796287550738066
14123.974288095069	2000.0	1971.7486386346516	0.0	0	0.0	7095.7229267297225	1	0	tensor(5, device='cuda:0')	-1.444098554554441
15014.416168989626	2000.0	1858.6962875164563	0.0	0	0.0	6873.112456506085	1	0	tensor(5, device='cuda:0')	-1.4083631352917154
16080.372904321426	2000.0	1526.2503683517077	0.0	0	0.0	6606.623272673138	1	0	tensor(5, device='cuda:0')	-1.275667917218601
16897.600403553126	2000.0	1504.715994312085	0.0	0	0.0	6402.316397865216	1	0	tensor(5, device='cuda:0')	-0.9527590093650564
17675.81205947343	2000.0	1531.95142441171	0.0	0	0.0	6207.763483885143	1	0	tensor(5, device='cuda:0')	-0.7346783432070311
18453.797376729097	2000.0	1559.4697778421248	0.0	0	0.0	6013.267154571227	1	0	tensor(5, device='cuda:0')	-0.5481585839665231
19545.986045147565	2000.0	1194.2339423190379	0.0	0	0.0	5740.219987466609	1	0	tensor(5, device='cuda:0')	-0.44514769534492216
20222.626593147626	2000.0	1348.4332573189647	0.0	0	0.0	5571.0598504665995	1	0	tensor(5, device='cuda:0')	-0.05088934303530563
21123.368296328783	2000.0	1222.5061283425207	0.0	0	0.0	5345.874424671312	1	0	tensor(5, device='cuda:0')	0.03812280480260256
21816.703242493924	2000.0	1355.8374456360916	0.0	0	0.0	5172.540688130026	1	0	tensor(5, device='cuda:0')	0.3042748561249087
22846.195060879953	2000.0	1068.9726726535528	0.0	0	0.0	4915.167733533512	1	0	tensor(5, device='cuda:0')	0.3279657397163139
23620.748397908355	2000.0	1100.7810013680478	0.0	0	0.0	4721.529399276413	1	0	tensor(5, device='cuda:0')	0.6153191875851545
24669.8696314005	2000.0	789.3794595028644	0.0	0	0.0	4459.249090903377	1	0	tensor(5, device='cuda:0')	0.637359327882631
25615.499323013773	2000.0	607.3423449862703	0.0	0	0.0	4222.841668000052	1	0	tensor(5, device='cuda:0')	0.8274376276204765
26287.021775108824	2000.0	935.8198928912201	0.0	0	0.0	4222.841668000052	1	0	tensor(3, device='cuda:0')	0.8283929682894899
27084.435464707207	2000.0	939.0527808932354	0.0	0	0.0	4023.4882456004525	1	0	tensor(5, device='cuda:0')	0.49947835662311185
27594.87875651024	2000.0	1428.6094890902002	0.0	0	0.0	4023.488245600449	1	0	tensor(3, device='cuda:0')	0.9202457641272646
28722.67476722219	2000.0	1018.864475700266	0.0	0	0.0	3741.5392429224667	1	0	tensor(5, device='cuda:0')	0.4253895712534925
29629.15046054535	2000.0	1112.3887823771097	0.0	0	0.0	3741.5392429224667	1	0	tensor(3, device='cuda:0')	1.0285218703552257
30534.843272152	2000.0	1206.6959707704557	0.0	0	0.0	3741.5392429224667	1	0	tensor(3, device='cuda:0')	1.5285218703552257
31122.672855821238	2000.0	1618.8663871012204	0.0	0	0.0	3741.5392429224703	1	0	tensor(3, device='cuda:0')	1.5285218703552244
31826.885775543113	2000.0	1914.653467379344	0.0	0	0.0	3741.5392429224703	1	0	tensor(3, device='cuda:0')	1.5285218703552244
32837.53018988781	2000.0	1904.0090530346451	0.0	0	0.0	3741.5392429224703	1	0	tensor(3, device='cuda:0')	1.5285218703552244
34051.113266865184	2000.0	1690.4259760572766	0.0	0	0.0	3741.539242922474	1	0	tensor(3, device='cuda:0')	1.5285218703552244
34786.66529343878	2000.0	1954.873949483668	0.0	0	0.0	3741.539242922463	1	0	tensor(3, device='cuda:0')	1.5285218703552255
35965.38410893239	2000.0	1776.1551339900582	0.0	0	0.0	3741.5392429224594	1	0	tensor(3, device='cuda:0')	1.5285218703552275
37464.33974632062	2000.0	1277.1994966018292	0.0	0	0.0	3741.5392429224594	1	0	tensor(3, device='cuda:0')	1.5285218703552284
38531.76058283324	2000.0	1209.7786600892096	0.0	0	0.0	3741.5392429224594	1	0	tensor(3, device='cuda:0')	1.5285218703552284
38901.109737712744	500.0	1840.429505209706	0.0	0	0.0	3741.5392429224594	1	0	tensor(3, device='cuda:0')	-1.244066851884553
39310.215456435304	500.0	2431.3237864871435	0.0	0	0.0	3741.5392429224594	1	0	tensor(3, device='cuda:0')	0.1422275092353376
40604.44873468554	2000.0	2137.0905082369154	0.0	0	0.0	3741.5392429224667	1	0	tensor(3, device='cuda:0')	0.1422275092353349
41659.15885064898	2000.0	2082.3803922734783	0.0	0	0.0	3741.5392429224667	1	0	tensor(3, device='cuda:0')	1.5285218703552257
42645.35391048525	2000.0	2096.1853324372037	0.0	0	0.0	3741.5392429224667	1	0	tensor(3, device='cuda:0')	1.5285218703552257
43962.835004066415	2000.0	1778.7042388560367	0.0	0	0.0	3741.5392429224667	1	0	tensor(3, device='cuda:0')	1.5285218703552257
44766.0371296711	2000.0	1975.5021132513527	0.0	0	0.0	3741.5392429224667	1	0	tensor(3, device='cuda:0')	1.5285218703552257
45679.09539886726	2000.0	2062.4438440551935	0.0	0	0.0	3741.5392429224667	1	0	tensor(3, device='cuda:0')	1.5285218703552257
47075.7807214311	2000.0	1665.7585214913515	0.0	0	0.0	3741.539242922474	1	0	tensor(3, device='cuda:0')	1.528521870355223
48594.030390198466	2000.0	1147.5088527239905	0.0	0	0.0	3741.539242922474	1	0	tensor(3, device='cuda:0')	1.528521870355223
49979.26208195138	2000.0	762.2771609710678	0.0	0	0.0	3741.539242922474	1	0	tensor(3, device='cuda:0')	1.528521870355223
50323.455236765265	500.0	1418.0840061571814	0.0	0	0.0	3741.539242922474	1	0	tensor(3, device='cuda:0')	-1.2440668518845577
51240.00164725285	2000.0	1501.5375956695907	0.0	0	0.0	3741.539242922474	1	0	tensor(3, device='cuda:0')	0.1422275092353324
52500.526506500566	2000.0	1241.0127364218772	0.0	0	0.0	3741.539242922481	1	0	tensor(3, device='cuda:0')	1.5285218703552206
53580.58990935607	2000.0	1160.949333566376	0.0	0	0.0	3741.539242922481	1	0	tensor(3, device='cuda:0')	1.5285218703552206
54708.241155003285	2000.0	1033.298087919172	0.0	0	0.0	3741.539242922481	1	0	tensor(3, device='cuda:0')	1.5285218703552206
55998.10519400779	2000.0	743.434048914676	0.0	0	0.0	3741.539242922474	1	0	tensor(3, device='cuda:0')	1.528521870355223
57230.21755422599	2000.0	511.32168869647995	0.0	0	0.0	3741.539242922474	1	0	tensor(3, device='cuda:0')	1.528521870355223
58002.93200974617	2000.0	738.6072331762969	0.0	0	0.0	3741.539242922474	1	0	tensor(3, device='cuda:0')	1.528521870355223
58746.216136103154	2000.0	995.32310681931	0.0	0	0.0	3741.539242922474	1	0	tensor(3, device='cuda:0')	1.528521870355223
59343.772726963674	2000.0	1397.7665159587943	0.0	0	0.0	3741.539242922474	1	0	tensor(3, device='cuda:0')	1.528521870355223
59885.7316456881	2000.0	1855.8075972343715	0.0	0	0.0	3741.539242922474	1	0	tensor(3, device='cuda:0')	1.528521870355223
60517.83385603777	2000.0	2223.7053868847115	0.0	0	0.0	3741.5392429224667	1	0	tensor(3, device='cuda:0')	1.5285218703552257
61271.56239904997	2000.0	2469.9768438725123	0.0	0	0.0	3741.5392429224667	1	0	tensor(3, device='cuda:0')	1.5285218703552257
62316.40245868018	2000.0	2425.1367842423006	0.0	0	0.0	3741.5392429224594	1	0	tensor(3, device='cuda:0')	1.5285218703552284
63713.12935674046	2000.0	2028.409886182018	0.0	0	0.0	3741.5392429224667	1	0	tensor(3, device='cuda:0')	1.5285218703552257
64694.79224654439	2000.0	2046.7469963780775	0.0	0	0.0	3741.5392429224667	1	0	tensor(3, device='cuda:0')	1.5285218703552257
65544.26877900132	2000.0	2197.2704639211556	0.0	0	0.0	3741.5392429224667	1	0	tensor(3, device='cuda:0')	1.5285218703552257
66546.15620755649	2000.0	2195.3830353659805	0.0	0	0.0	3741.5392429224594	1	0	tensor(3, device='cuda:0')	1.5285218703552266
67151.12237541594	2000.0	2590.4168675065125	0.0	0	0.0	3741.539242922452	1	0	tensor(3, device='cuda:0')	1.5285218703552301
67634.05738629741	2000.0	3107.481856625046	0.0	0	0.0	3741.5392429224667	1	0	tensor(3, device='cuda:0')	1.5285218703552275
68227.26432763337	2000.0	3514.274915289097	0.0	0	0.0	3741.539242922474	1	0	tensor(3, device='cuda:0')	1.5285218703552241
69200.0	2000.0	3541.539242922467	0.0	0	432.4169255887391	3741.539242922474	1	0	tensor(3, device='cuda:0')	1.5285218703552215
70316.51520313237	2000.0	3425.024039790096	0.0	0	0.0	3741.539242922474	1	0	tensor(3, device='cuda:0')	1.528521870355223
71200.0	2000.0	3541.539242922472	0.0	0	129.08583362608624	3741.539242922474	1	0	tensor(3, device='cuda:0')	1.528521870355223
72200.0	2000.0	3541.539242922479	0.0	0	125.64236455978244	3741.539242922474	1	0	tensor(3, device='cuda:0')	1.528521870355223
73200.0	2000.0	3541.5392429224935	0.0	0	218.6731326346926	3741.539242922474	1	0	tensor(3, device='cuda:0')	1.528521870355223
74412.60356130249	2000.0	3328.935681620016	0.0	0	0.0	3741.5392429224885	1	0	tensor(3, device='cuda:0')	1.5285218703552184
75562.04916876032	2000.0	3179.4900741621873	0.0	0	0.0	3741.5392429224885	1	0	tensor(3, device='cuda:0')	1.5285218703552184
76779.96612895798	2000.0	2961.5731139645227	0.0	0	0.0	3741.5392429224885	1	0	tensor(3, device='cuda:0')	1.5285218703552184
77747.39062093402	2000.0	2994.1486219884787	0.0	0	0.0	3741.5392429224885	1	0	tensor(3, device='cuda:0')	1.5285218703552184
79009.24308490207	2000.0	2416.8330420284005	0.0	0	0.0	3426.076126930464	1	0	tensor(5, device='cuda:0')	0.47171272203869336
79952.9065721976	2000.0	2473.1695547328745	0.0	0	0.0	3426.076126930464	1	0	tensor(3, device='cuda:0')	1.1236680471357396
81146.48116969653	2000.0	2279.5949572339337	0.0	0	0.0	3426.076126930464	1	0	tensor(3, device='cuda:0')	1.6236680471357396
82571.26442402555	2000.0	1854.8117029049108	0.0	0	0.0	3426.076126930464	1	0	tensor(3, device='cuda:0')	1.6236680471357396
83470.94311588825	2000.0	1955.1330110421975	0.0	0	0.0	3426.076126930464	1	0	tensor(3, device='cuda:0')	1.6236680471357396
84550.45729929458	2000.0	1875.6188276358728	0.0	0	0.0	3426.076126930464	1	0	tensor(3, device='cuda:0')	1.6236680471357396
85694.53842943345	2000.0	1731.5376974970045	0.0	0	0.0	3426.0761269304785	1	0	tensor(3, device='cuda:0')	1.6236680471357356
86504.08478889376	2000.0	1921.9913380367107	0.0	0	0.0	3426.0761269304785	1	0	tensor(3, device='cuda:0')	1.6236680471357356
87362.86795029747	2000.0	2063.2081766330084	0.0	0	0.0	3426.0761269304785	1	0	tensor(3, device='cuda:0')	1.6236680471357356
87981.45527756495	2000.0	2444.6208493655213	0.0	0	0.0	3426.076126930464	1	0	tensor(3, device='cuda:0')	1.6236680471357396
88532.14895070012	2000.0	2893.92717623036	0.0	0	0.0	3426.076126930464	1	0	tensor(3, device='cuda:0')	1.6236680471357396
89491.41358410075	2000.0	2934.6625428297352	0.0	0	0.0	3426.076126930464	1	0	tensor(3, device='cuda:0')	1.6236680471357396
90200.0	2000.0	3226.0761269305003	0.0	0	18.110286949464353	3426.076126930464	1	0	tensor(3, device='cuda:0')	1.6236680471357396
91200.0	2000.0	3226.076126930491	0.0	0	277.43186750018504	3426.076126930464	1	0	tensor(3, device='cuda:0')	1.6236680471357396
92200.0	2000.0	3226.0761269304817	0.0	0	409.6765391108638	3426.076126930464	1	0	tensor(3, device='cuda:0')	1.6236680471357396
93256.64791752034	2000.0	3169.428209410139	0.0	0	0.0	3426.076126930464	1	0	tensor(3, device='cuda:0')	1.6236680471357396
94868.38393563019	2000.0	2557.6921913002893	0.0	0	0.0	3426.076126930464	1	0	tensor(3, device='cuda:0')	1.6236680471357396
96107.1008191016	2000.0	2318.9753078288845	0.0	0	0.0	3426.076126930464	1	0	tensor(3, device='cuda:0')	1.6236680471357396
96830.59102423093	2000.0	2595.4851026995684	0.0	0	0.0	3426.076126930464	1	0	tensor(3, device='cuda:0')	1.6236680471357396
98568.87863290242	2000.0	1857.1974940280838	0.0	0	0.0	3426.076126930464	1	0	tensor(3, device='cuda:0')	1.6236680471357396
99950.8845464166	2000.0	1475.1915805139054	0.0	0	0.0	3426.0761269304785	1	0	tensor(3, device='cuda:0')	1.6236680471357356
100816.07554745662	2000.0	1610.0005794738781	0.0	0	0.0	3426.0761269304785	1	0	tensor(3, device='cuda:0')	1.6236680471357356
101726.00960373582	2000.0	1700.0665231946803	0.0	0	0.0	3426.0761269304785	1	0	tensor(3, device='cuda:0')	1.6236680471357356
102246.90678063844	2000.0	2179.169346292054	0.0	0	0.0	3426.0761269304785	1	0	tensor(3, device='cuda:0')	1.6236680471357356
102974.23708045573	2000.0	2451.839046474776	0.0	0	0.0	3426.076126930493	1	0	tensor(3, device='cuda:0')	1.6236680471357317
104008.7336256842	2000.0	2417.3425012462935	0.0	0	0.0	3426.076126930493	1	0	tensor(3, device='cuda:0')	1.6236680471357317
105732.28889900247	2000.0	1693.78722792801	0.0	0	0.0	3426.076126930493	1	0	tensor(3, device='cuda:0')	1.6236680471357317
106667.01405327382	2000.0	1759.0620736566675	0.0	0	0.0	3426.076126930493	1	0	tensor(3, device='cuda:0')	1.6236680471357317
107817.87941864159	2000.0	1608.1967082888864	0.0	0	0.0	3426.0761269304785	1	0	tensor(3, device='cuda:0')	1.6236680471357356
108925.37358466533	2000.0	1500.7025422651323	0.0	0	0.0	3426.076126930464	1	0	tensor(3, device='cuda:0')	1.6236680471357396
109874.91442348638	2000.0	1551.1617034440665	0.0	0	0.0	3426.076126930464	1	0	tensor(3, device='cuda:0')	1.6236680471357396
111201.18674789411	2000.0	1224.8893790363297	0.0	0	0.0	3426.076126930464	1	0	tensor(3, device='cuda:0')	1.6236680471357396
112137.02011754939	2000.0	1289.0560093810604	0.0	0	0.0	3426.076126930464	1	0	tensor(3, device='cuda:0')	1.6236680471357396
113341.8249074375	2000.0	1084.2512194929536	0.0	0	0.0	3426.076126930464	1	0	tensor(3, device='cuda:0')	1.6236680471357396
114397.47219091914	2000.0	1028.6039360113168	0.0	0	0.0	3426.076126930464	1	0	tensor(3, device='cuda:0')	1.6236680471357396
116289.17106763797	2000.0	200.0	63.09494070752635	0	0.0	3489.1710676379735	1	0	tensor(3, device='cuda:0')	1.2384111176503119
116533.81743309674	500.0	955.3536345412223	0.0	0	0.0	3489.1710676379735	1	0	tensor(3, device='cuda:0')	-1.1659882839138656
117960.52009595829	2000.0	528.6509716796655	0.0	0	0.0	3489.171067637959	1	0	tensor(3, device='cuda:0')	0.22030607720602874
118302.91013061843	500.0	1186.260937019505	0.0	0	0.0	3489.171067637959	1	0	tensor(3, device='cuda:0')	-1.1659882839138613
118964.34219547905	2000.0	1524.8288721588772	0.0	0	0.0	3489.1710676379444	1	0	tensor(3, device='cuda:0')	0.220306077206033
120341.18018918482	2000.0	1147.990878453129	0.0	0	0.0	3489.1710676379444	1	0	tensor(3, device='cuda:0')	1.6066004383259236
121836.31688516297	2000.0	652.8541824749495	0.0	0	0.0	3489.1710676379444	1	0	tensor(3, device='cuda:0')	1.6066004383259236
122147.57948733697	500.0	1341.591580300959	0.0	0	0.0	3489.1710676379444	1	0	tensor(3, device='cuda:0')	-1.1659882839138578
122878.40470954284	2000.0	1610.7663580950898	0.0	0	0.0	3489.1710676379444	1	0	tensor(3, device='cuda:0')	0.220306077206033
124429.35678880228	2000.0	1059.8142788356517	0.0	0	0.0	3489.171067637959	1	0	tensor(3, device='cuda:0')	1.6066004383259194
125279.66028858138	500.0	1209.5107790565621	0.0	0	0.0	3489.171067637959	1	0	tensor(3, device='cuda:0')	-1.1659882839138613
125697.48558210502	500.0	1791.68548553293	0.0	0	0.0	3489.1710676379735	1	0	tensor(3, device='cuda:0')	0.220306077206025
126770.07083191398	2000.0	1719.1002357239634	0.0	0	0.0	3489.171067637959	1	0	tensor(3, device='cuda:0')	0.22030607720602874
127471.71329997077	2000.0	2017.4577676671704	0.0	0	0.0	3489.1710676379444	1	0	tensor(3, device='cuda:0')	1.6066004383259236
128277.70706484393	2000.0	2211.4640027940113	0.0	0	0.0	3489.171067637959	1	0	tensor(3, device='cuda:0')	1.6066004383259194
129503.73403750386	2000.0	1985.437030134068	0.0	0	0.0	3489.1710676379444	1	0	tensor(3, device='cuda:0')	1.6066004383259236
130524.52024367776	2000.0	1964.6508239601624	0.0	0	0.0	3489.17106763793	1	0	tensor(3, device='cuda:0')	1.6066004383259278
131154.58473776566	2000.0	2334.5863298722543	0.0	0	0.0	3489.1710676379153	1	0	tensor(3, device='cuda:0')	1.6066004383259291
131828.541227224	2000.0	2660.629840413903	0.0	0	0.0	3489.171067637886	1	0	tensor(3, device='cuda:0')	1.6066004383259331
132701.5975198166	2000.0	2787.573547821289	0.0	0	0.0	3489.1710676378716	1	0	tensor(3, device='cuda:0')	1.6066004383259405
134226.3862891618	2000.0	2262.7847784760725	0.0	0	0.0	3489.171067637857	1	0	tensor(3, device='cuda:0')	1.6066004383259471
135236.2537842174	2000.0	2252.9172834204865	0.0	0	0.0	3489.171067637857	1	0	tensor(3, device='cuda:0')	1.606600438325948
136126.77002758966	2000.0	2362.401040048263	0.0	0	0.0	3489.171067637886	1	0	tensor(3, device='cuda:0')	1.6066004383259398
136598.20941995844	2000.0	2890.961647679487	0.0	0	0.0	3489.171067637886	1	0	tensor(3, device='cuda:0')	1.6066004383259398
137200.0	2000.0	3289.171067637906	0.0	0	143.65233784430893	3489.171067637886	1	0	tensor(3, device='cuda:0')	1.6066004383259398
138200.0	2000.0	3289.1710676379375	0.0	0	252.99443358241115	3489.1710676379153	1	0	tensor(3, device='cuda:0')	1.6066004383259316
139570.8349473751	2000.0	2918.336120262832	0.0	0	0.0	3489.1710676379153	1	0	tensor(3, device='cuda:0')	1.6066004383259316
141187.84348246153	2000.0	2301.3275851764006	0.0	0	0.0	3489.171067637886	1	0	tensor(3, device='cuda:0')	1.6066004383259398
142292.4553418252	2000.0	2196.7157258127163	0.0	0	0.0	3489.1710676379153	1	0	tensor(3, device='cuda:0')	1.6066004383259316
143305.55869699712	2000.0	2183.6123706408	0.0	0	0.0	3489.1710676379153	1	0	tensor(3, device='cuda:0')	1.6066004383259316
144951.08792967378	2000.0	1538.0831379641165	0.0	0	0.0	3489.1710676379153	1	0	tensor(3, device='cuda:0')	1.6066004383259316
146189.04283288182	2000.0	1300.1282347560868	0.0	0	0.0	3489.1710676379153	1	0	tensor(3, device='cuda:0')	1.6066004383259316
147728.8854897503	2000.0	760.2855778876032	0.0	0	0.0	3489.1710676379153	1	0	tensor(3, device='cuda:0')	1.6066004383259316
149148.40605639078	2000.0	340.7650112471398	0.0	0	0.0	3489.1710676379153	1	0	tensor(3, device='cuda:0')	1.6066004383259316
149802.24873386056	500.0	698.7177492081667	11.795415430792957	0	0.0	3500.9664830687107	1	0	tensor(3, device='cuda:0')	-1.2400545847384825
150297.28606221516	500.0	1203.6804208535768	0.0	0	0.0	3500.9664830687107	1	0	tensor(3, device='cuda:0')	0.21701226896616607
150600.57191228477	500.0	1900.3945707839734	0.0	0	0.0	3500.9664830687398	1	0	tensor(3, device='cuda:0')	0.21701226896615797
151820.63460424	2000.0	1680.3318788287233	0.0	0	0.0	3500.9664830687107	1	0	tensor(3, device='cuda:0')	0.217012268966166
152629.00579158543	2000.0	1871.9606914833048	0.0	0	0.0	3500.9664830687107	1	0	tensor(3, device='cuda:0')	1.6033066300860566
153523.03193142838	2000.0	1977.934551640332	0.0	0	0.0	3500.9664830687107	1	0	tensor(3, device='cuda:0')	1.6033066300860566
154052.53854336802	2000.0	2448.4279397006853	0.0	0	0.0	3500.9664830687107	1	0	tensor(3, device='cuda:0')	1.6033066300860566
155068.09346029419	2000.0	2432.8730227745077	0.0	0	0.0	3500.9664830687107	1	0	tensor(3, device='cuda:0')	1.6033066300860566
156441.97849831838	2000.0	2058.9879847503335	0.0	0	0.0	3500.9664830687107	1	0	tensor(3, device='cuda:0')	1.6033066300860566
157581.25709918007	2000.0	1919.709383888642	0.0	0	0.0	3500.9664830687107	1	0	tensor(3, device='cuda:0')	1.6033066300860566
159937.82890332837	2000.0	563.1375797403822	0.0	0	0.0	3500.9664830687398	1	0	tensor(3, device='cuda:0')	1.6033066300860486
160297.04348883865	500.0	1203.922994230069	0.0	0	0.0	3500.9664830687398	1	0	tensor(3, device='cuda:0')	-1.1692820921537326
160660.1727328574	500.0	1840.793750211334	0.0	0	0.0	3500.9664830687398	1	0	tensor(3, device='cuda:0')	0.21701226896615797
162668.72903850707	2000.0	832.2374445616979	0.0	0	0.0	3500.9664830687398	1	0	tensor(3, device='cuda:0')	0.21701226896615805
163076.91531473296	500.0	1424.051168335772	0.0	0	0.0	3500.9664830687398	1	0	tensor(3, device='cuda:0')	-1.1692820921537326
163438.89448496152	500.0	2062.071998107235	0.0	0	0.0	3500.9664830687398	1	0	tensor(3, device='cuda:0')	0.21701226896615797
164306.1283980168	2000.0	2194.838085051956	0.0	0	0.0	3500.9664830687398	1	0	tensor(3, device='cuda:0')	0.21701226896615805
165918.9799523768	2000.0	1581.9865306919382	0.0	0	0.0	3500.9664830687398	1	0	tensor(3, device='cuda:0')	1.6033066300860486
166611.23480769424	2000.0	1889.7316753745072	0.0	0	0.0	3500.9664830687398	1	0	tensor(3, device='cuda:0')	1.6033066300860486
167109.56299319246	2000.0	2391.403489876274	0.0	0	0.0	3500.9664830687398	1	0	tensor(3, device='cuda:0')	1.6033066300860486
167806.3755167545	2000.0	2694.590966314273	0.0	0	0.0	3500.9664830687398	1	0	tensor(3, device='cuda:0')	1.6033066300860486
168698.48985444702	2000.0	2802.4766286217287	0.0	0	0.0	3500.9664830687398	1	0	tensor(3, device='cuda:0')	1.6033066300860486
169742.24136888472	2000.0	2758.7251141840393	0.0	0	0.0	3500.9664830687398	1	0	tensor(3, device='cuda:0')	1.6033066300860486
170648.74184233206	2000.0	2852.224640736722	0.0	0	0.0	3500.9664830687398	1	0	tensor(3, device='cuda:0')	1.6033066300860486
171422.63628463104	2000.0	3078.330198437766	0.0	0	0.0	3500.966483068769	1	0	tensor(3, device='cuda:0')	1.6033066300860406
172200.0	2000.0	3300.9664830687952	0.0	0	306.1041045268357	3500.966483068769	1	0	tensor(3, device='cuda:0')	1.6033066300860406
173200.0	2000.0	3300.966483068805	0.0	0	181.91940709244227	3500.966483068798	1	0	tensor(3, device='cuda:0')	1.6033066300860321
174200.0	2000.0	3300.966483068831	0.0	0	474.41517822170863	3500.966483068798	1	0	tensor(3, device='cuda:0')	1.6033066300860321
175200.0	2000.0	3300.9664830688707	0.0	0	361.96735131944297	3500.966483068798	1	0	tensor(3, device='cuda:0')	1.6033066300860321
176200.0	2000.0	3300.9664830688803	0.0	0	534.0593561353744	3500.966483068827	1	0	tensor(3, device='cuda:0')	1.6033066300860241
177200.0	2000.0	3300.966483068883	0.0	0	148.91259872846422	3500.966483068798	1	0	tensor(3, device='cuda:0')	1.6033066300860321
178215.28922984665	2000.0	3285.677253222262	0.0	0	0.0	3500.966483068827	1	0	tensor(3, device='cuda:0')	1.6033066300860241
179369.77449466745	2000.0	3131.191988401441	0.0	0	0.0	3500.966483068827	1	0	tensor(3, device='cuda:0')	1.6033066300860241
180200.0	2000.0	3300.9664830688766	0.0	0	227.32350030067028	3500.966483068798	1	0	tensor(3, device='cuda:0')	1.6033066300860321
181200.0	2000.0	3300.966483068882	0.0	0	350.82121703913435	3500.966483068798	1	0	tensor(3, device='cuda:0')	1.6033066300860321
182280.207028754	2000.0	3220.759454314909	0.0	0	0.0	3500.966483068798	1	0	tensor(3, device='cuda:0')	1.6033066300860321
183200.0	2000.0	3300.9664830689107	0.0	0	169.56001221912447	3500.966483068798	1	0	tensor(3, device='cuda:0')	1.6033066300860321
184200.0	2000.0	3300.9664830689476	0.0	0	302.4063322628499	3500.966483068798	1	0	tensor(3, device='cuda:0')	1.6033066300860321
185200.0	2000.0	3300.96648306897	0.0	0	16.771968089276925	3500.966483068798	1	0	tensor(3, device='cuda:0')	1.6033066300860321
186200.0	2000.0	3300.9664830689885	0.0	0	262.4960187030956	3500.966483068798	1	0	tensor(3, device='cuda:0')	1.6033066300860321
187200.0	2000.0	3300.966483068984	0.0	0	8.718979976431001	3500.966483068798	1	0	tensor(3, device='cuda:0')	1.6033066300860321
188200.0	2000.0	3300.9664830689676	0.0	0	171.13252785315854	3500.966483068769	1	0	tensor(3, device='cuda:0')	1.6033066300860406
189738.8590198629	2000.0	2762.1074632060618	0.0	0	0.0	3500.9664830687398	1	0	tensor(3, device='cuda:0')	1.6033066300860486
190967.0144810751	2000.0	2533.9520019938604	0.0	0	0.0	3500.9664830687398	1	0	tensor(3, device='cuda:0')	1.6033066300860486
192234.68750430667	2000.0	2266.278978762326	0.0	0	0.0	3500.9664830687398	1	0	tensor(3, device='cuda:0')	1.6033066300860486
194214.5225836628	2000.0	1286.4438994062375	0.0	0	0.0	3500.9664830687398	1	0	tensor(3, device='cuda:0')	1.6033066300860486
195006.11351135332	2000.0	1494.8529717156673	0.0	0	0.0	3500.9664830687398	1	0	tensor(3, device='cuda:0')	1.6033066300860486
195689.30676220768	2000.0	1811.6597208613541	0.0	0	0.0	3500.9664830687398	1	0	tensor(3, device='cuda:0')	1.6033066300860486
196457.86211816903	2000.0	2043.1043649000123	0.0	0	0.0	3500.9664830687398	1	0	tensor(3, device='cuda:0')	1.6033066300860486
197206.58352388995	2000.0	2294.382959179115	0.0	0	0.0	3500.966483068769	1	0	tensor(3, device='cuda:0')	1.6033066300860406
197783.54033299777	2000.0	2717.4261500712887	0.0	0	0.0	3500.966483068769	1	0	tensor(3, device='cuda:0')	1.6033066300860406
198516.44951242514	2000.0	2984.516970643971	0.0	0	0.0	3500.966483068769	1	0	tensor(3, device='cuda:0')	1.6033066300860406
199529.53421306482	2000.0	2971.432270004272	0.0	0	0.0	3500.9664830687398	1	0	tensor(3, device='cuda:0')	1.6033066300860486
200801.1791047484	2000.0	2699.7873783206946	0.0	0	0.0	3500.9664830687107	1	0	tensor(3, device='cuda:0')	1.6033066300860566
201645.81730600802	2000.0	2855.1491770610983	0.0	0	0.0	3500.9664830687398	1	0	tensor(3, device='cuda:0')	1.6033066300860486
202707.73166677688	2000.0	2793.234816292191	0.0	0	0.0	3500.9664830687107	1	0	tensor(3, device='cuda:0')	1.6033066300860566
203864.6053062184	2000.0	2636.3611768506807	0.0	0	0.0	3500.9664830687107	1	0	tensor(3, device='cuda:0')	1.6033066300860566
204789.97723034787	2000.0	2710.989252721222	0.0	0	0.0	3500.9664830687107	1	0	tensor(3, device='cuda:0')	1.6033066300860566
205868.52729968878	2000.0	2632.4391833802883	0.0	0	0.0	3500.9664830687107	1	0	tensor(3, device='cuda:0')	1.6033066300860566
206755.8363922992	2000.0	2745.1300907698796	0.0	0	0.0	3500.9664830687107	1	0	tensor(3, device='cuda:0')	1.6033066300860566
208266.27225501445	2000.0	2234.6942280546655	0.0	0	0.0	3500.9664830687107	1	0	tensor(3, device='cuda:0')	1.6033066300860566
210141.25159077888	2000.0	1359.714892290237	0.0	0	0.0	3500.9664830687107	1	0	tensor(3, device='cuda:0')	1.6033066300860566
211829.90083598628	2000.0	671.0656470828235	0.0	0	0.0	3500.9664830687107	1	0	tensor(3, device='cuda:0')	1.6033066300860566
212270.3396902738	500.0	1230.6267927952879	0.0	0	0.0	3500.9664830687107	1	0	tensor(3, device='cuda:0')	-1.1692820921537248
212974.61853577226	500.0	1526.3479472968193	0.0	0	0.0	3500.9664830687107	1	0	tensor(3, device='cuda:0')	0.21701226896616607
213324.84051199438	500.0	2176.1259710746945	0.0	0	0.0	3500.9664830687107	1	0	tensor(3, device='cuda:0')	0.21701226896616607
214195.4446219441	2000.0	2305.5218611249807	0.0	0	0.0	3500.9664830687107	1	0	tensor(3, device='cuda:0')	0.217012268966166
214709.57342535927	2000.0	2791.393057709832	0.0	0	0.0	3500.9664830687107	1	0	tensor(3, device='cuda:0')	1.6033066300860566
215200.0	2000.0	3300.966483069095	0.0	0	26.14811485746759	3500.9664830686816	1	0	tensor(3, device='cuda:0')	1.603306630086065
216385.61165032283	2000.0	3115.3548327462636	0.0	0	0.0	3500.9664830686525	1	0	tensor(3, device='cuda:0')	1.603306630086073
218141.68427589268	2000.0	2359.282207176432	0.0	0	0.0	3500.9664830686525	1	0	tensor(3, device='cuda:0')	1.603306630086073
219128.46956207475	2000.0	2372.496920994366	0.0	0	0.0	3500.9664830686816	1	0	tensor(3, device='cuda:0')	1.603306630086065
220209.9098234039	2000.0	2291.0566596652225	0.0	0	0.0	3500.9664830686816	1	0	tensor(3, device='cuda:0')	1.603306630086065
221174.3058632576	2000.0	2326.660619811507	0.0	0	0.0	3500.9664830686816	1	0	tensor(3, device='cuda:0')	1.603306630086065
222645.7315896908	2000.0	1855.2348933782973	0.0	0	0.0	3500.9664830686816	1	0	tensor(3, device='cuda:0')	1.603306630086065
224065.79890436307	2000.0	1435.1675787060165	0.0	0	0.0	3500.9664830686816	1	0	tensor(3, device='cuda:0')	1.603306630086065
224892.1173355776	2000.0	1608.849147491491	0.0	0	0.0	3500.9664830686816	1	0	tensor(3, device='cuda:0')	1.603306630086065
225652.16239893562	2000.0	1848.8040841334778	0.0	0	0.0	3500.9664830686816	1	0	tensor(3, device='cuda:0')	1.603306630086065
226570.74390369843	2000.0	1930.2225793706423	0.0	0	0.0	3500.9664830686816	1	0	tensor(3, device='cuda:0')	1.603306630086065
227455.2893739231	2000.0	2045.6771091460075	0.0	0	0.0	3500.9664830686816	1	0	tensor(3, device='cuda:0')	1.603306630086065
228518.06572250967	2000.0	1982.9007605594286	0.0	0	0.0	3500.9664830686816	1	0	tensor(3, device='cuda:0')	1.603306630086065
229618.03168499062	2000.0	1882.934798078449	0.0	0	0.0	3500.9664830686816	1	0	tensor(3, device='cuda:0')	1.603306630086065
230319.41662626318	2000.0	2181.5498568058874	0.0	0	0.0	3500.9664830686816	1	0	tensor(3, device='cuda:0')	1.603306630086065
231113.7630921692	2000.0	2387.203390899904	0.0	0	0.0	3500.9664830686816	1	0	tensor(3, device='cuda:0')	1.603306630086065
231813.1828185266	2000.0	2687.7836645424727	0.0	0	0.0	3500.9664830686816	1	0	tensor(3, device='cuda:0')	1.603306630086065
232373.0116982427	2000.0	3127.954784826372	0.0	0	0.0	3500.9664830686816	1	0	tensor(3, device='cuda:0')	1.603306630086065
233379.44193418665	2000.0	3121.5245488824476	0.0	0	0.0	3500.9664830686816	1	0	tensor(3, device='cuda:0')	1.603306630086065
234390.81465733986	2000.0	3110.151825729225	0.0	0	0.0	3500.9664830686816	1	0	tensor(3, device='cuda:0')	1.603306630086065
235444.04621529314	2000.0	3056.920267775935	0.0	0	0.0	3500.9664830686816	1	0	tensor(3, device='cuda:0')	1.603306630086065
236599.50261345456	2000.0	2901.4638696145184	0.0	0	0.0	3500.9664830686816	1	0	tensor(3, device='cuda:0')	1.603306630086065
237977.5026753924	2000.0	2523.4638076766796	0.0	0	0.0	3500.9664830686816	1	0	tensor(3, device='cuda:0')	1.603306630086065
238851.82410370308	2000.0	2649.142379365963	0.0	0	0.0	3500.9664830686525	1	0	tensor(3, device='cuda:0')	1.603306630086073
240011.8000805453	2000.0	2489.166402523743	0.0	0	0.0	3500.9664830686525	1	0	tensor(3, device='cuda:0')	1.603306630086073
241292.18682897693	2000.0	2208.779654092144	0.0	0	0.0	3500.9664830686525	1	0	tensor(3, device='cuda:0')	1.603306630086073
243049.85613212403	2000.0	1451.1103509450381	0.0	0	0.0	3500.9664830686525	1	0	tensor(3, device='cuda:0')	1.603306630086073
244657.06480475818	2000.0	843.9016783108659	0.0	0	0.0	3500.9664830686525	1	0	tensor(3, device='cuda:0')	1.603306630086073
245609.6578114425	2000.0	891.3086716265236	0.0	0	0.0	3500.9664830686816	1	0	tensor(3, device='cuda:0')	1.603306630086065
247133.0542229937	2000.0	367.91226007531714	0.0	0	0.0	3500.9664830686816	1	0	tensor(3, device='cuda:0')	1.603306630086065
247468.351704335	500.0	1032.6147787340235	0.0	0	0.0	3500.9664830686816	1	0	tensor(3, device='cuda:0')	-1.1692820921537161
248288.50094472402	2000.0	1212.4655383450174	0.0	0	0.0	3500.9664830686816	1	0	tensor(3, device='cuda:0')	0.2170122689661742
249129.8764088815	2000.0	1371.0900741875212	0.0	0	0.0	3500.9664830686816	1	0	tensor(3, device='cuda:0')	1.603306630086065
250036.82523093073	2000.0	1464.1412521382845	0.0	0	0.0	3500.9664830686525	1	0	tensor(3, device='cuda:0')	1.603306630086073
250846.0070330772	2000.0	1654.9594499917946	0.0	0	0.0	3500.9664830686525	1	0	tensor(3, device='cuda:0')	1.603306630086073
251698.83558762955	2000.0	1802.130895439453	0.0	0	0.0	3500.9664830686525	1	0	tensor(3, device='cuda:0')	1.603306630086073
252594.29218829153	2000.0	1906.674294777474	0.0	0	0.0	3500.9664830686233	1	0	tensor(3, device='cuda:0')	1.6033066300860812
253512.5491233819	2000.0	1988.4173596870842	0.0	0	0.0	3500.9664830686525	1	0	tensor(3, device='cuda:0')	1.603306630086073
254373.5494742856	2000.0	2127.417008783399	0.0	0	0.0	3500.9664830686816	1	0	tensor(3, device='cuda:0')	1.603306630086065
255237.87518280878	2000.0	2263.0913002602306	0.0	0	0.0	3500.9664830686816	1	0	tensor(3, device='cuda:0')	1.603306630086065
256112.1328466824	2000.0	2388.833636386642	0.0	0	0.0	3500.9664830687107	1	0	tensor(3, device='cuda:0')	1.6033066300860566
256784.58253720496	2000.0	2716.383945864092	0.0	0	0.0	3500.9664830687107	1	0	tensor(3, device='cuda:0')	1.6033066300860566
257687.48073880476	2000.0	2813.485744264248	0.0	0	0.0	3500.9664830687107	1	0	tensor(3, device='cuda:0')	1.6033066300860566
259068.92930044787	2000.0	2432.037182621104	0.0	0	0.0	3500.9664830687107	1	0	tensor(3, device='cuda:0')	1.6033066300860566
259893.75500098141	2000.0	2607.211482087581	0.0	0	0.0	3500.9664830687398	1	0	tensor(3, device='cuda:0')	1.6033066300860486
260981.695435116	2000.0	2519.2710479529756	0.0	0	0.0	3500.9664830687398	1	0	tensor(3, device='cuda:0')	1.6033066300860486
262291.06606166717	2000.0	2209.900421401804	0.0	0	0.0	3500.9664830687398	1	0	tensor(3, device='cuda:0')	1.6033066300860486
263417.40596461174	2000.0	2083.560518457234	0.0	0	0.0	3500.966483068769	1	0	tensor(3, device='cuda:0')	1.6033066300860437
264679.51566791895	2000.0	1821.450815150054	0.0	0	0.0	3500.966483068798	1	0	tensor(3, device='cuda:0')	1.6033066300860306
265348.32353474834	2000.0	2152.642948320744	0.0	0	0.0	3500.9664830688853	1	0	tensor(3, device='cuda:0')	1.6033066300860241
265930.02506452333	2000.0	2570.941418545775	0.0	0	0.0	3500.9664830688853	1	0	tensor(3, device='cuda:0')	1.6033066300860077
266501.5039598736	2000.0	2999.462523195523	0.0	0	0.0	3500.9664830688853	1	0	tensor(3, device='cuda:0')	1.6033066300860077
267488.5234293332	2000.0	3012.4430537359185	0.0	0	0.0	3500.9664830688853	1	0	tensor(3, device='cuda:0')	1.6033066300860077
268822.929795689	2000.0	2678.036687380042	0.0	0	0.0	3500.966483068827	1	0	tensor(3, device='cuda:0')	1.6033066300860241
269418.2316588441	2000.0	3082.7348242249377	0.0	0	0.0	3500.966483068827	1	0	tensor(3, device='cuda:0')	1.6033066300860241
270200.0	2000.0	3300.9664830690695	0.0	0	194.16710822249297	3500.9664830688853	1	0	tensor(3, device='cuda:0')	1.6033066300860077
271200.0	2000.0	3300.966483069062	0.0	0	236.86424436001107	3500.9664830689435	1	0	tensor(3, device='cuda:0')	1.6033066300859913
272320.50106353237	2000.0	3180.4654195367293	0.0	0	0.0	3500.9664830689435	1	0	tensor(3, device='cuda:0')	1.6033066300859913
273270.49631624686	2000.0	3230.4701668221423	0.0	0	0.0	3500.9664830689435	1	0	tensor(3, device='cuda:0')	1.6033066300859913
274200.0	2000.0	3300.966483068991	0.0	0	19.859203802305274	3500.9664830689435	1	0	tensor(3, device='cuda:0')	1.6033066300859913
275200.0	2000.0	3300.9664830689558	0.0	0	208.10755035688635	3500.9664830690017	1	0	tensor(3, device='cuda:0')	1.6033066300859748
276200.0	2000.0	3300.9664830689762	0.0	0	153.36977714771638	3500.9664830690017	1	0	tensor(3, device='cuda:0')	1.6033066300859748
277292.3890959195	2000.0	3208.577387149504	0.0	0	0.0	3500.96648306906	1	0	tensor(3, device='cuda:0')	1.6033066300859586
278200.0	2000.0	3300.966483069046	0.0	0	125.72589192807209	3500.96648306906	1	0	tensor(3, device='cuda:0')	1.6033066300859586
279484.2460712539	2000.0	3016.720411815113	0.0	0	0.0	3500.9664830690017	1	0	tensor(3, device='cuda:0')	1.6033066300859748
280407.5286296717	2000.0	3093.437853397356	0.0	0	0.0	3500.9664830690017	1	0	tensor(3, device='cuda:0')	1.6033066300859748
282073.6089556829	2000.0	2427.357527386188	0.0	0	0.0	3500.9664830690017	1	0	tensor(3, device='cuda:0')	1.6033066300859748
282955.7781301618	2000.0	2545.1883529071843	0.0	0	0.0	3500.9664830690017	1	0	tensor(3, device='cuda:0')	1.6033066300859748
284978.35138413036	2000.0	1522.6150989385962	0.0	0	0.0	3500.9664830689435	1	0	tensor(3, device='cuda:0')	1.6033066300859913
286186.11544017907	2000.0	1314.8510428898455	0.0	0	0.0	3500.9664830689435	1	0	tensor(3, device='cuda:0')	1.6033066300859913
286646.4793285341	500.0	1854.4871545347855	0.0	0	0.0	3500.9664830689435	1	0	tensor(3, device='cuda:0')	-1.1692820921537903
287175.5420334876	500.0	2325.424449581298	0.0	0	0.0	3500.9664830689435	1	0	tensor(3, device='cuda:0')	0.21701226896610076
288787.270345661	2000.0	1713.696137407864	0.0	0	0.0	3500.9664830689435	1	0	tensor(3, device='cuda:0')	0.21701226896610065
290433.3273313782	2000.0	1067.6391516906087	0.0	0	0.0	3500.9664830689435	1	0	tensor(3, device='cuda:0')	1.6033066300859913
292201.21062495967	2000.0	299.7558581091545	0.0	0	0.0	3500.9664830689435	1	0	tensor(3, device='cuda:0')	1.6033066300859913
292560.07937951514	500.0	940.8871035536265	0.0	0	0.0	3500.9664830689435	1	0	tensor(3, device='cuda:0')	-1.1692820921537903
292927.09738356934	500.0	1573.8690994994386	0.0	0	0.0	3500.9664830689435	1	0	tensor(3, device='cuda:0')	0.21701226896610076
294008.3512745743	2000.0	1492.6152084945218	0.0	0	0.0	3500.9664830689435	1	0	tensor(3, device='cuda:0')	0.21701226896610065
295529.8030313985	2000.0	971.163451670358	0.0	0	0.0	3500.9664830690017	1	0	tensor(3, device='cuda:0')	1.6033066300859748
296262.6727298616	2000.0	1238.2937532073063	0.0	0	0.0	3500.9664830690017	1	0	tensor(3, device='cuda:0')	1.6033066300859748
297073.0218455836	2000.0	1427.944637485368	0.0	0	0.0	3500.9664830690017	1	0	tensor(3, device='cuda:0')	1.6033066300859748
297926.3913995651	2000.0	1574.575083503856	0.0	0	0.0	3500.9664830690017	1	0	tensor(3, device='cuda:0')	1.6033066300859748
298582.5525149735	2000.0	1918.4139680954047	0.0	0	0.0	3500.9664830690017	1	0	tensor(3, device='cuda:0')	1.6033066300859748
299208.23044852004	2000.0	2292.736034548895	0.0	0	0.0	3500.9664830690017	1	0	tensor(3, device='cuda:0')	1.6033066300859748
300113.72738367924	2000.0	2387.239099389671	0.0	0	0.0	3500.9664830690017	1	0	tensor(3, device='cuda:0')	1.6033066300859748
301444.2433718835	2000.0	2056.7231111853034	0.0	0	0.0	3500.9664830689435	1	0	tensor(3, device='cuda:0')	1.6033066300859913
2.15	2.39	2.64	2.79	2.46	3.04	2.7	2.13	1.97	2.02	1.87	2.29	2.63	2.43	2.14	2.21	2.19	3.24	2.77	3.04	1.19	2.59	2.65	2.48	1.61	2.06	2.25	1.81	1.25	1.98	1.39	1.83	2.41	1.73	2.12	1.84	2.4	2.03	1.7	1.77	1.32	1.75	2.31	1.97	2.21	2.15	1.89	1.78	1.55	3.07	2.36	2.93	2.87	1.44	1.88	2.03	3.02	1.82	3.16	4.11	4.62	1.97	3.27	2.79	2.54	2.19	1.51	1.67	2.62	1.45	1.69	1.84	1.25	1.91	1.64	1.75	2.61	2.12	2.64	3.31	2.97	2.28	3.59	4.2	1.7	1.63	0.707	2.25	3.06	1.26	0.927	1.55	2.41	2.94	3.34	1.4	1.3	1.93	1.71	2.37	1.61	2.61	1.45	2.49	1.9	2.1	1.56	1.29	1.98	1.75	2.34	1.48	2.12	1.51	2.56	1.61	0.51	1.58	2.35	2.15	1.63	1.9	3.06	3.24	1.6	0.904	1.82	2.99	4.02	3.64	2.14	1.7	1.03	1.2	2.86	2.02	0.741	2.37	1.44	1.66	1.11	1.04	1.8	1.97	2.36	3.04	2.34	1.75	1.44	1.27	0.869	1.41	1.76	1.12	1.53	1.82	1.61	1.58	3.14	2.56	1.95	1.64	2.73	3.53	1.85	3.88	3.54	3.26	2.92	2.42	2.12	2.81	2.4	2.43	3.06	3.89	2.47	2.25	2.34	2.21	1.76	1.73	2.36	1.24	1.62	1.04	2.05	2.69	2.48	3.41	3.02	1.41	2.03	2.17	1.88	2.57	2.34	1.89	1.98	1.36	1.32	1.51	1.52	1.59	0.927	2.36	3.6	2.07	1.83	1.07	1.85	1.97	1.92	1.81	1.48	1.8	1.95	3.27	2.55	2.31	2.06	2.54	2.49	3.31	2.51	1.74	2.29	1.83	1.75	0.799	2.1	2.29	2.05	1.53	1.4	1.33	2.05	1.75	1.26	2.04	3.15	2.31	2.51	2.15	2.59	2.57	2.77	1.76	2.63	1.62	1.73	2.55	2.22	1.97	2.19	2.0	2.14	2.94	3.01	2.12	2.02	3.26	2.1	1.39	1.46	1.92	2.9	2.56	1.98	2.29	1.37	2.75	1.27	1.64	2.26	1.15	1.36	1.37	1.23	1.77	1.51	1.17	1.54	1.52	1.87	2.03	1.6	1.73	3.42	1.96	2.99	2.15	1.38	1.3	1.78	2.22
196.0	197.0	198.0	199.0	200.0	201.0	202.0	203.0	204.0	205.0	206.0	207.0	208.0	209.0	210.0	211.0	212.0	213.0	214.0	215.0	216.0	217.0	218.0	219.0	220.0	221.0	222.0	223.0	224.0	225.0	226.0	227.0	228.0	229.0	230.0	231.0	232.0	233.0	234.0	235.0	236.0	237.0	238.0	239.0	240.0	241.0	242.0	243.0	244.0	245.0	246.0	247.0	248.0	249.0	250.0	251.0	252.0	253.0	254.0	255.0	256.0	257.0	258.0	259.0	260.0	261.0	262.0	263.0	264.0	265.0	266.0	267.0	268.0	269.0	270.0	271.0	272.0	273.0	274.0	275.0	276.0	277.0	278.0	279.0	280.0	281.0	282.0	283.0	284.0	285.0	286.0	287.0	288.0	289.0	290.0	291.0	292.0	293.0	294.0	295.0	296.0	297.0	298.0	299.0	300.0	301.0	302.0	303.0	304.0	305.0	306.0	307.0	308.0	309.0	310.0	311.0	312.0	313.0	314.0	315.0	316.0	317.0	318.0	319.0	320.0	321.0	322.0	323.0	324.0	325.0	326.0	327.0	328.0	329.0	330.0	331.0	332.0	333.0	334.0	335.0	336.0	337.0	338.0	339.0	340.0	341.0	342.0	343.0	344.0	345.0	346.0	347.0	348.0	349.0	350.0	351.0	352.0	353.0	354.0	355.0	356.0	357.0	358.0	359.0	360.0	361.0	362.0	363.0	364.0	365.0	366.0	367.0	368.0	369.0	370.0	371.0	372.0	373.0	374.0	375.0	376.0	377.0	378.0	379.0	380.0	381.0	382.0	383.0	384.0	385.0	386.0	387.0	388.0	389.0	390.0	391.0	392.0	393.0	394.0	395.0	396.0	397.0	398.0	399.0	400.0	401.0	402.0	403.0	404.0	405.0	406.0	407.0	408.0	409.0	410.0	411.0	412.0	413.0	414.0	415.0	416.0	417.0	418.0	419.0	420.0	421.0	422.0	423.0	424.0	425.0	426.0	427.0	428.0	429.0	430.0	431.0	432.0	433.0	434.0	435.0	436.0	437.0	438.0	439.0	440.0	441.0	442.0	443.0	444.0	445.0	446.0	447.0	448.0	449.0	450.0	451.0	452.0	453.0	454.0	455.0	456.0	457.0	458.0	459.0	460.0	461.0	462.0	463.0	464.0	465.0	466.0	467.0	468.0	469.0	470.0	471.0	472.0	473.0	474.0	475.0	476.0	477.0	478.0	479.0	480.0	481.0	482.0	483.0	484.0	485.0	486.0	487.0	488.0	489.0	490.0	491.0
8131.0
