4893.057007060769	500.0	2000.0	213.94444559742502	0	0.0	4893.057007060769	1	0	tensor(5, device='cuda:0')	-2.73515288636271
5682.68236172494	2000.0	2012.968306669786	0.0	0	0.0	4695.650668394726	1	0	tensor(5, device='cuda:0')	-0.763757566215472
6719.138620184549	2000.0	1717.397983595275	0.0	0	0.0	4436.536603779824	1	0	tensor(5, device='cuda:0')	0.6544982742993486
8251.038509634085	2000.0	802.5231217833558	0.0	0	0.0	4053.5616314174413	1	0	tensor(5, device='cuda:0')	0.5928727711323489
9221.288589100193	2000.0	589.71052245072	0.0	0	0.0	3810.9991115509138	1	0	tensor(5, device='cuda:0')	0.9953037639486599
10547.283265151518	2000.0	263.71584639939454	0.0	0	0.0	3810.999111550913	1	0	tensor(3, device='cuda:0')	1.004040195583017
11035.772904196176	500.0	775.2262073547383	0.0	0	0.0	3810.9991115509147	1	0	tensor(3, device='cuda:0')	-1.2685485266567644
11490.690056459101	500.0	1320.3090550918123	0.0	0	0.0	3810.9991115509147	1	0	tensor(3, device='cuda:0')	0.11774583446312578
11692.795071991095	500.0	2118.2040395598187	0.0	0	0.0	3810.9991115509138	1	0	tensor(3, device='cuda:0')	0.1177458344631264
12756.458593287338	2000.0	2054.540518263575	0.0	0	0.0	3810.9991115509147	1	0	tensor(3, device='cuda:0')	0.11774583446312586
13575.640912003986	2000.0	2235.358199546926	0.0	0	0.0	3810.9991115509147	1	0	tensor(3, device='cuda:0')	1.5040401955830165
14399.561347442414	2000.0	2411.4377641084993	0.0	0	0.0	3810.9991115509147	1	0	tensor(3, device='cuda:0')	1.5040401955830165
16430.687782012126	2000.0	1380.311329538786	0.0	0	0.0	3810.9991115509147	1	0	tensor(3, device='cuda:0')	1.5040401955830165
17559.50975297409	2000.0	969.283865836338	0.0	0	0.0	3528.7936188104304	1	0	tensor(5, device='cuda:0')	0.5100709730385029
17901.54904660071	500.0	1627.244572209716	0.0	0	0.0	3528.7936188104304	1	0	tensor(3, device='cuda:0')	-1.67718437732669
18422.99887395931	500.0	2105.7947448511195	0.0	0	0.0	3528.7936188104322	1	0	tensor(3, device='cuda:0')	0.20910998379320067
18734.0867244061	500.0	2794.706894404327	0.0	0	0.0	3528.7936188104304	1	0	tensor(3, device='cuda:0')	0.209109983793201
20115.13181353849	2000.0	2413.6618052719446	0.0	0	0.0	3528.7936188104322	1	0	tensor(3, device='cuda:0')	0.20910998379320078
21384.051599748975	2000.0	2144.742019061458	0.0	0	0.0	3528.7936188104322	1	0	tensor(3, device='cuda:0')	1.5954043449130912
23035.665222252122	2000.0	1493.1283965583104	0.0	0	0.0	3528.793618810436	1	0	tensor(3, device='cuda:0')	1.59540434491309
24494.627127222015	2000.0	1034.1664915884203	0.0	0	0.0	3528.7936188104395	1	0	tensor(3, device='cuda:0')	1.595404344913089
24767.832834936646	500.0	1760.9607838737904	0.0	0	0.0	3528.793618810443	1	0	tensor(3, device='cuda:0')	-1.1771843773266932
25904.340022183493	2000.0	1624.4535966269393	0.0	0	0.0	3528.793618810443	1	0	tensor(3, device='cuda:0')	0.20910998379319712
26870.558120461363	2000.0	1658.2354983490718	0.0	0	0.0	3528.793618810443	1	0	tensor(3, device='cuda:0')	1.5954043449130877
27414.902923163136	500.0	2113.890695647299	0.0	0	0.0	3528.793618810443	1	0	tensor(3, device='cuda:0')	-1.1771843773266932
27950.2690434206	500.0	2578.5245753898366	0.0	0	0.0	3528.793618810443	1	0	tensor(3, device='cuda:0')	0.20910998379319723
28354.088755733483	500.0	3174.704863076953	0.0	0	0.0	3528.793618810447	1	0	tensor(3, device='cuda:0')	0.2091099837931962
30175.155698381666	2000.0	2353.637920428774	0.0	0	0.0	3528.793618810447	1	0	tensor(3, device='cuda:0')	0.209109983793196
31639.38568243102	2000.0	1889.4079363794174	0.0	0	0.0	3528.793618810447	1	0	tensor(3, device='cuda:0')	1.5954043449130868
33087.33454468982	2000.0	1441.4590741206232	0.0	0	0.0	3528.7936188104504	1	0	tensor(3, device='cuda:0')	1.5954043449130866
33487.19560082057	500.0	2041.59801798987	0.0	0	0.0	3528.793618810447	1	0	tensor(3, device='cuda:0')	-1.1771843773266941
33948.664329220126	500.0	2580.129289590307	0.0	0	0.0	3528.793618810443	1	0	tensor(3, device='cuda:0')	0.20910998379319706
34312.04788989629	500.0	3216.745728914146	0.0	0	0.0	3528.7936188104504	1	0	tensor(3, device='cuda:0')	0.209109983793196
35430.43327508027	2000.0	3098.3603437301704	0.0	0	0.0	3528.793618810454	1	0	tensor(3, device='cuda:0')	0.209109983793194
37612.34794323004	2000.0	1916.445675580407	0.0	0	0.0	3528.7936188104577	1	0	tensor(3, device='cuda:0')	1.5954043449130837
38659.54399025778	2000.0	1869.2496285526634	0.0	0	0.0	3528.7936188104577	1	0	tensor(3, device='cuda:0')	1.5954043449130837
40209.519031532735	2000.0	1319.2745872777118	0.0	0	0.0	3528.793618810465	1	0	tensor(3, device='cuda:0')	1.5954043449130817
41095.38995762733	500.0	1433.4036611831154	0.0	0	0.0	3528.793618810465	1	0	tensor(3, device='cuda:0')	-1.1771843773266997
42399.940757818906	500.0	1128.8528609915415	0.0	0	0.0	3528.793618810465	1	0	tensor(3, device='cuda:0')	0.20910998379319096
43124.77587433181	500.0	1404.017744478646	0.0	0	0.0	3528.793618810465	1	0	tensor(3, device='cuda:0')	0.20910998379319096
43649.77299723945	500.0	1879.0206215710073	0.0	0	0.0	3528.793618810465	1	0	tensor(3, device='cuda:0')	0.20910998379319096
44092.356312607866	500.0	2436.4373062025925	0.0	0	0.0	3528.7936188104723	1	0	tensor(3, device='cuda:0')	0.20910998379318893
44456.36001768036	500.0	3072.4336011301043	0.0	0	0.0	3528.7936188104723	1	0	tensor(3, device='cuda:0')	0.20910998379318893
46422.43038092629	2000.0	2106.363237884175	0.0	0	0.0	3528.7936188104795	1	0	tensor(3, device='cuda:0')	0.20910998379318668
48425.53105294769	2000.0	1103.2625658627708	0.0	0	0.0	3528.7936188104795	1	0	tensor(3, device='cuda:0')	1.5954043449130773
48808.229703738056	500.0	1720.5639150723969	0.0	0	0.0	3528.7936188104795	1	0	tensor(3, device='cuda:0')	-1.1771843773267041
50239.014532502166	2000.0	1289.7790863082785	0.0	0	0.0	3528.7936188104795	1	0	tensor(3, device='cuda:0')	0.20910998379318668
51145.11797325206	2000.0	1383.67564555838	0.0	0	0.0	3528.7936188104795	1	0	tensor(3, device='cuda:0')	1.5954043449130773
53488.23315126907	2000.0	200.0	159.43953245863042	0	0.0	3688.233151269116	1	0	tensor(3, device='cuda:0')	0.6289658862687199
53980.54819273133	500.0	770.4703195116937	62.78536097395104	0	0.0	3751.0185122430703	1	0	tensor(3, device='cuda:0')	-1.6240398341211244
54388.33552993882	500.0	1362.6829823042017	0.0	0	0.0	3751.018512243063	1	0	tensor(3, device='cuda:0')	0.13896669284247515
54752.578210964784	500.0	1998.440301278238	0.0	0	0.0	3751.0185122430703	1	0	tensor(3, device='cuda:0')	0.1389666928424726
56007.19963333398	2000.0	1743.8188789090448	0.0	0	0.0	3751.0185122430703	1	0	tensor(3, device='cuda:0')	0.13896669284247248
57279.43034523526	2000.0	1471.5881670077613	0.0	0	0.0	3751.0185122430703	1	0	tensor(3, device='cuda:0')	1.5252610539623632
58979.33253818336	2000.0	771.6859740596692	0.0	0	0.0	3751.0185122430703	1	0	tensor(3, device='cuda:0')	1.5252610539623632
59389.13436816136	500.0	1361.8841440816711	0.0	0	0.0	3751.0185122430703	1	0	tensor(3, device='cuda:0')	-1.2473276682774181
59868.65231667319	500.0	1882.3661955698312	0.0	0	0.0	3751.0185122430703	1	0	tensor(3, device='cuda:0')	0.1389666928424726
60242.37065010474	500.0	2508.6478621382857	0.0	0	0.0	3751.018512243063	1	0	tensor(3, device='cuda:0')	0.13896669284247515
61270.91831407625	2000.0	2480.100198166792	0.0	0	0.0	3751.018512243063	1	0	tensor(3, device='cuda:0')	0.1389666928424751
63487.7181862955	2000.0	1263.300325947534	0.0	0	0.0	3751.018512243063	1	0	tensor(3, device='cuda:0')	1.5252610539623657
63881.15517947311	500.0	1869.8633327699154	0.0	0	0.0	3751.0185122430557	1	0	tensor(3, device='cuda:0')	-1.2473276682774133
64895.211277841736	2000.0	1855.807234401296	0.0	0	0.0	3751.0185122430557	1	0	tensor(3, device='cuda:0')	0.13896669284247748
65745.25996216238	2000.0	2005.7585500806601	0.0	0	0.0	3751.0185122430557	1	0	tensor(3, device='cuda:0')	1.525261053962368
66835.4700164192	2000.0	1915.5484958238292	0.0	0	0.0	3751.0185122430485	1	0	tensor(3, device='cuda:0')	1.52526105396237
67700.62632111077	2000.0	2050.3921911322577	0.0	0	0.0	3751.0185122430485	1	0	tensor(3, device='cuda:0')	1.52526105396237
68801.99168800123	2000.0	1949.0268242417985	0.0	0	0.0	3751.0185122430485	1	0	tensor(3, device='cuda:0')	1.5252610539623688
70128.50335361478	2000.0	1290.8872422248628	0.0	0	0.0	3419.39059583965	1	0	tensor(5, device='cuda:0')	0.4389586180257157
71446.1827783693	2000.0	973.207817470356	0.0	0	0.0	3419.3905958396645	1	0	tensor(3, device='cuda:0')	1.1254231160857702
72057.50765833106	500.0	1361.8829375085948	0.0	0	0.0	3419.390595839679	1	0	tensor(3, device='cuda:0')	-1.1471656061540145
72473.71783764653	500.0	1945.6727581931245	0.0	0	0.0	3419.390595839679	1	0	tensor(3, device='cuda:0')	0.23912875496587602
72860.1174484056	500.0	2559.2731474340558	0.0	0	0.0	3419.3905958396645	1	0	tensor(3, device='cuda:0')	0.2391287549658797
74678.1475461955	2000.0	1741.2430496441525	0.0	0	0.0	3419.3905958396645	1	0	tensor(3, device='cuda:0')	0.2391287549658796
75693.75746384443	2000.0	1725.633131995214	0.0	0	0.0	3419.3905958396645	1	0	tensor(3, device='cuda:0')	1.6254231160857702
77023.27634840485	2000.0	1396.1142474348164	0.0	0	0.0	3419.390595839679	1	0	tensor(3, device='cuda:0')	1.6254231160857666
77953.00224514309	2000.0	1466.3883506965676	0.0	0	0.0	3419.3905958396645	1	0	tensor(3, device='cuda:0')	1.6254231160857702
79007.1989292118	2000.0	1412.1916666278591	0.0	0	0.0	3419.3905958396645	1	0	tensor(3, device='cuda:0')	1.6254231160857702
80291.57577674989	2000.0	1127.814819089757	0.0	0	0.0	3419.3905958396645	1	0	tensor(3, device='cuda:0')	1.6254231160857702
82094.57332354362	2000.0	324.8172722960238	0.0	0	0.0	3419.3905958396645	1	0	tensor(3, device='cuda:0')	1.6254231160857702
82520.14068746069	500.0	899.2499083789606	0.0	0	0.0	3419.3905958396645	1	0	tensor(3, device='cuda:0')	-1.1471656061540112
82972.97573653804	500.0	1446.41485930161	0.0	0	0.0	3419.39059583965	1	0	tensor(3, device='cuda:0')	0.23912875496588357
83394.5783630397	500.0	2024.812232799958	0.0	0	0.0	3419.39059583965	1	0	tensor(3, device='cuda:0')	0.23912875496588357
83813.6149595671	500.0	2605.7756362725618	0.0	0	0.0	3419.39059583965	1	0	tensor(3, device='cuda:0')	0.23912875496588357
85406.86884141888	2000.0	2012.5217544207899	0.0	0	0.0	3419.39059583965	1	0	tensor(3, device='cuda:0')	0.23912875496588337
87066.85747518716	2000.0	1352.5331206524968	0.0	0	0.0	3419.39059583965	1	0	tensor(3, device='cuda:0')	1.625423116085774
88983.75914282797	2000.0	435.63145301170715	0.0	0	0.0	3419.3905958396645	1	0	tensor(3, device='cuda:0')	1.6254231160857702
89516.92456018156	500.0	902.4660356581123	0.0	0	0.0	3419.3905958396645	1	0	tensor(3, device='cuda:0')	-1.1471656061540112
89923.91663077018	500.0	1495.4739650694894	0.0	0	0.0	3419.3905958396645	1	0	tensor(3, device='cuda:0')	0.2391287549658797
90370.78407994515	500.0	2048.606515894533	0.0	0	0.0	3419.3905958396645	1	0	tensor(3, device='cuda:0')	0.2391287549658797
91289.43711893843	2000.0	2129.953476901243	0.0	0	0.0	3419.3905958396645	1	0	tensor(3, device='cuda:0')	0.2391287549658796
92991.300339174	2000.0	1428.0902566656673	0.0	0	0.0	3419.3905958396645	1	0	tensor(3, device='cuda:0')	1.6254231160857702
93627.11643539357	500.0	1792.2741604460966	0.0	0	0.0	3419.3905958396645	1	0	tensor(3, device='cuda:0')	-1.1471656061540112
94129.84789476474	500.0	2289.542701074914	0.0	0	0.0	3419.3905958396645	1	0	tensor(3, device='cuda:0')	0.2391287549658797
94704.02160791741	500.0	2715.368987922215	0.0	0	0.0	3419.3905958396645	1	0	tensor(3, device='cuda:0')	0.2391287549658797
95200.0	500.0	3219.390595839608	0.0	0	55.22732410044409	3419.3905958396645	1	0	tensor(3, device='cuda:0')	0.2391287549658797
97046.77407740688	2000.0	2372.6165184327256	0.0	0	0.0	3419.3905958396645	1	0	tensor(3, device='cuda:0')	0.2391287549658796
98837.49554540229	2000.0	1581.8950504373229	0.0	0	0.0	3419.3905958396645	1	0	tensor(3, device='cuda:0')	1.6254231160857702
99496.32128653296	500.0	1923.0693093066507	0.0	0	0.0	3419.3905958396645	1	0	tensor(3, device='cuda:0')	-1.1471656061540112
99900.32692577006	500.0	2519.063670069549	0.0	0	0.0	3419.3905958396645	1	0	tensor(3, device='cuda:0')	0.2391287549658797
101128.78349707731	2000.0	2290.6070987623025	0.0	0	0.0	3419.3905958396645	1	0	tensor(3, device='cuda:0')	0.2391287549658796
103229.74715973678	2000.0	1189.6434361028116	0.0	0	0.0	3419.39059583965	1	0	tensor(3, device='cuda:0')	1.625423116085774
103597.98914989461	500.0	1821.4014459449897	0.0	0	0.0	3419.3905958396645	1	0	tensor(3, device='cuda:0')	-1.1471656061540112
103928.91881101127	500.0	2490.47178482833	0.0	0	0.0	3419.390595839679	1	0	tensor(3, device='cuda:0')	0.23912875496587602
104961.07526455357	2000.0	2458.3153312860427	0.0	0	0.0	3419.390595839679	1	0	tensor(3, device='cuda:0')	0.2391287549658761
106864.77086199523	2000.0	1554.619733844371	0.0	0	0.0	3419.390595839679	1	0	tensor(3, device='cuda:0')	1.6254231160857666
108434.9461271993	2000.0	984.4444686402903	0.0	0	0.0	3419.390595839679	1	0	tensor(3, device='cuda:0')	1.6254231160857666
108696.75810780992	500.0	1722.6324880296695	0.0	0	0.0	3419.390595839679	1	0	tensor(3, device='cuda:0')	-1.1471656061540145
109748.54237359152	2000.0	1670.8482222480627	0.0	0	0.0	3419.390595839679	1	0	tensor(3, device='cuda:0')	0.2391287549658761
110555.27234282573	2000.0	1864.1182530138371	0.0	0	0.0	3419.390595839679	1	0	tensor(3, device='cuda:0')	1.6254231160857666
112127.22667005254	2000.0	1292.1639257870472	0.0	0	0.0	3419.390595839679	1	0	tensor(3, device='cuda:0')	1.6254231160857666
113218.88167940118	2000.0	1200.5089164383985	0.0	0	0.0	3419.390595839679	1	0	tensor(3, device='cuda:0')	1.6254231160857666
113576.48163241717	500.0	1842.908963422399	0.0	0	0.0	3419.3905958396645	1	0	tensor(3, device='cuda:0')	-1.1471656061540112
114020.6448862458	500.0	2398.7457095937625	0.0	0	0.0	3419.3905958396645	1	0	tensor(3, device='cuda:0')	0.2391287549658797
114493.77829266143	500.0	2925.612303178144	0.0	0	0.0	3419.3905958396645	1	0	tensor(3, device='cuda:0')	0.2391287549658797
115566.29843308283	2000.0	2853.0921627567463	0.0	0	0.0	3419.3905958396645	1	0	tensor(3, device='cuda:0')	0.2391287549658796
116456.05246279002	2000.0	2963.3381330495627	0.0	0	0.0	3419.3905958396645	1	0	tensor(3, device='cuda:0')	1.6254231160857702
117429.43836510788	2000.0	2989.9522307316834	0.0	0	0.0	3419.390595839679	1	0	tensor(3, device='cuda:0')	1.6254231160857666
118664.58258949243	2000.0	2754.8080063471293	0.0	0	0.0	3419.390595839679	1	0	tensor(3, device='cuda:0')	1.6254231160857666
119598.15920200133	2000.0	2821.2313938382285	0.0	0	0.0	3419.3905958396645	1	0	tensor(3, device='cuda:0')	1.6254231160857702
120557.06772477036	2000.0	2862.3228710692138	0.0	0	0.0	3419.390595839679	1	0	tensor(3, device='cuda:0')	1.6254231160857666
121803.14747074623	2000.0	2616.2431250933364	0.0	0	0.0	3419.390595839679	1	0	tensor(3, device='cuda:0')	1.6254231160857666
123250.4982319595	2000.0	2168.8923638800798	0.0	0	0.0	3419.390595839679	1	0	tensor(3, device='cuda:0')	1.6254231160857666
124777.6332443676	2000.0	1641.7573514719763	0.0	0	0.0	3419.390595839679	1	0	tensor(3, device='cuda:0')	1.6254231160857666
126717.1430470676	2000.0	702.2475487719922	0.0	0	0.0	3419.390595839679	1	0	tensor(3, device='cuda:0')	1.6254231160857666
127180.66753405065	500.0	1238.7230617889409	0.0	0	0.0	3419.390595839679	1	0	tensor(3, device='cuda:0')	-1.1471656061540145
127735.62312116411	500.0	1683.7674746754863	0.0	0	0.0	3419.390595839679	1	0	tensor(3, device='cuda:0')	0.23912875496587602
128074.11495490087	500.0	2345.2756409387143	0.0	0	0.0	3419.390595839679	1	0	tensor(3, device='cuda:0')	0.23912875496587602
129795.72407074305	2000.0	1623.666525096537	0.0	0	0.0	3419.3905958396645	1	0	tensor(3, device='cuda:0')	0.2391287549658796
130258.43934041914	500.0	2160.9512554204402	0.0	0	0.0	3419.3905958396645	1	0	tensor(3, device='cuda:0')	-1.1471656061540112
130675.55947823077	500.0	2743.8311176087996	0.0	0	0.0	3419.3905958396645	1	0	tensor(3, device='cuda:0')	0.2391287549658797
132218.10722183576	2000.0	2201.2833740037727	0.0	0	0.0	3419.390595839621	1	0	tensor(3, device='cuda:0')	0.23912875496588581
133386.62818307892	2000.0	2032.7624127606307	0.0	0	0.0	3419.39059583965	1	0	tensor(3, device='cuda:0')	1.6254231160857762
134868.2164708095	2000.0	1551.1741250300547	0.0	0	0.0	3419.39059583965	1	0	tensor(3, device='cuda:0')	1.6254231160857726
136221.79371187926	2000.0	1197.5968839603224	0.0	0	0.0	3419.39059583965	1	0	tensor(3, device='cuda:0')	1.625423116085774
137370.82192541572	2000.0	1048.5686704238738	0.0	0	0.0	3419.39059583965	1	0	tensor(3, device='cuda:0')	1.625423116085774
138874.62220133925	2000.0	544.7683945003575	0.0	0	0.0	3419.39059583965	1	0	tensor(3, device='cuda:0')	1.625423116085774
139393.6861373315	500.0	1025.7044585080691	0.0	0	0.0	3419.39059583965	1	0	tensor(3, device='cuda:0')	-1.147165606154007
139911.36714720575	500.0	1508.0234486338495	0.0	0	0.0	3419.39059583965	1	0	tensor(3, device='cuda:0')	0.23912875496588357
140444.40766090987	500.0	1974.9829349297463	0.0	0	0.0	3419.39059583965	1	0	tensor(3, device='cuda:0')	0.23912875496588357
140749.2609056124	500.0	2670.1296902272024	0.0	0	0.0	3419.39059583965	1	0	tensor(3, device='cuda:0')	0.23912875496588357
141769.3111485688	2000.0	2650.079447270817	0.0	0	0.0	3419.39059583965	1	0	tensor(3, device='cuda:0')	0.23912875496588337
142425.9320604543	2000.0	2993.4585353853126	0.0	0	0.0	3419.39059583965	1	0	tensor(3, device='cuda:0')	1.625423116085774
143200.0	2000.0	3219.3905958396085	0.0	0	67.07945925707463	3419.39059583965	1	0	tensor(3, device='cuda:0')	1.625423116085774
144200.0	2000.0	3219.3905958395867	0.0	0	85.94383627630305	3419.39059583965	1	0	tensor(3, device='cuda:0')	1.625423116085774
145200.0	2000.0	3219.390595839589	0.0	0	174.3887682503264	3419.39059583965	1	0	tensor(3, device='cuda:0')	1.625423116085774
146800.78514141042	2000.0	2618.6054544291374	0.0	0	0.0	3419.390595839621	1	0	tensor(3, device='cuda:0')	1.625423116085782
148469.6354066329	2000.0	1949.7551892066413	0.0	0	0.0	3419.390595839621	1	0	tensor(3, device='cuda:0')	1.625423116085782
150267.22487679022	2000.0	1152.1657190493434	0.0	0	0.0	3419.390595839621	1	0	tensor(3, device='cuda:0')	1.625423116085782
151184.0352635599	2000.0	1235.3553322796665	0.0	0	0.0	3419.390595839621	1	0	tensor(3, device='cuda:0')	1.625423116085782
152226.28105770008	2000.0	1193.1095381394673	0.0	0	0.0	3419.390595839621	1	0	tensor(3, device='cuda:0')	1.625423116085782
153369.2704674568	2000.0	1050.120128382759	0.0	0	0.0	3419.390595839621	1	0	tensor(3, device='cuda:0')	1.625423116085782
153808.00618611806	500.0	1611.3844097214908	0.0	0	0.0	3419.390595839621	1	0	tensor(3, device='cuda:0')	-1.1471656061539992
154274.62411315468	500.0	2144.766482684873	0.0	0	0.0	3419.390595839621	1	0	tensor(3, device='cuda:0')	0.23912875496589125
154636.8223653384	500.0	2782.5682305011624	0.0	0	0.0	3419.390595839621	1	0	tensor(3, device='cuda:0')	0.23912875496589125
156006.96769539622	2000.0	2412.422900443359	0.0	0	0.0	3419.390595839621	1	0	tensor(3, device='cuda:0')	0.23912875496589114
157335.888557108	2000.0	2083.5020387316	0.0	0	0.0	3419.390595839621	1	0	tensor(3, device='cuda:0')	1.625423116085782
158416.2505942738	2000.0	2003.1400015657832	0.0	0	0.0	3419.390595839621	1	0	tensor(3, device='cuda:0')	1.625423116085782
159429.80753973383	2000.0	1989.5830561057435	0.0	0	0.0	3419.390595839621	1	0	tensor(3, device='cuda:0')	1.625423116085782
161366.88509976087	2000.0	1052.5054960787047	0.0	0	0.0	3419.390595839621	1	0	tensor(3, device='cuda:0')	1.625423116085782
161735.2102939836	500.0	1684.1803018559624	0.0	0	0.0	3419.390595839621	1	0	tensor(3, device='cuda:0')	-1.1471656061539992
162173.20716377982	500.0	2246.1834320597513	0.0	0	0.0	3419.390595839621	1	0	tensor(3, device='cuda:0')	0.23912875496589125
162622.34038343185	500.0	2797.050212407741	0.0	0	0.0	3419.390595839621	1	0	tensor(3, device='cuda:0')	0.23912875496589125
163200.0	500.0	3219.3905958395676	0.0	0	19.96614924943424	3419.390595839621	1	0	tensor(3, device='cuda:0')	0.23912875496589125
164535.28653127287	2000.0	2884.1040645667044	0.0	0	0.0	3419.390595839621	1	0	tensor(3, device='cuda:0')	0.23912875496589114
165863.14992789354	2000.0	2556.2406679460228	0.0	0	0.0	3419.39059583965	1	0	tensor(3, device='cuda:0')	1.625423116085774
167074.06740469587	2000.0	2345.3231911436715	0.0	0	0.0	3419.39059583965	1	0	tensor(3, device='cuda:0')	1.625423116085774
168430.02779655266	2000.0	1989.3627992869215	0.0	0	0.0	3419.39059583965	1	0	tensor(3, device='cuda:0')	1.625423116085774
169636.08338104028	2000.0	1783.3072147992966	0.0	0	0.0	3419.39059583965	1	0	tensor(3, device='cuda:0')	1.625423116085774
170850.55468380652	2000.0	1568.8359120330704	0.0	0	0.0	3419.39059583965	1	0	tensor(3, device='cuda:0')	1.625423116085774
173213.342157063	2000.0	206.04843877660096	0.0	0	0.0	3419.390595839621	1	0	tensor(3, device='cuda:0')	1.625423116085782
173755.77468121267	500.0	739.5748054084133	75.95889078149128	0	0.0	3495.3494866210967	1	0	tensor(3, device='cuda:0')	-1.62346280594623
174100.3277982826	500.0	1395.0216883384944	0.0	0	0.0	3495.3494866210967	1	0	tensor(3, device='cuda:0')	0.21858489986260837
174527.67938897182	500.0	1967.6700976492957	0.0	0	0.0	3495.3494866210967	1	0	tensor(3, device='cuda:0')	0.21858489986260837
174746.84249784576	500.0	2748.5069887753702	0.0	0	0.0	3495.3494866210967	1	0	tensor(3, device='cuda:0')	0.21858489986260837
176083.12725396283	2000.0	2412.2222326583105	0.0	0	0.0	3495.349486621126	1	0	tensor(3, device='cuda:0')	0.2185848998626001
178113.47796343686	2000.0	1381.8715231842532	0.0	0	0.0	3495.349486621155	1	0	tensor(3, device='cuda:0')	1.6048792609824827
180098.95620295778	2000.0	396.3932836633651	0.0	0	0.0	3495.349486621155	1	0	tensor(3, device='cuda:0')	1.6048792609824827
180530.47844669162	500.0	964.8710399295294	0.0	0	0.0	3495.349486621155	1	0	tensor(3, device='cuda:0')	-1.167709461257299
180929.6691920393	500.0	1565.680294581868	0.0	0	0.0	3495.349486621155	1	0	tensor(3, device='cuda:0')	0.21858489986259216
181359.75132652582	500.0	2135.598160095381	0.0	0	0.0	3495.349486621155	1	0	tensor(3, device='cuda:0')	0.21858489986259216
181657.20403111726	500.0	2838.145455503934	0.0	0	0.0	3495.349486621126	1	0	tensor(3, device='cuda:0')	0.2185848998626003
183783.39175809806	2000.0	1711.9577285231292	0.0	0	0.0	3495.349486621126	1	0	tensor(3, device='cuda:0')	0.2185848998626001
184818.2534998917	2000.0	1677.0959867294696	0.0	0	0.0	3495.349486621126	1	0	tensor(3, device='cuda:0')	1.6048792609824907
186339.99555467046	2000.0	1155.3539319507145	0.0	0	0.0	3495.349486621155	1	0	tensor(3, device='cuda:0')	1.6048792609824827
186692.6106082469	500.0	1802.7388783742795	0.0	0	0.0	3495.349486621155	1	0	tensor(3, device='cuda:0')	-1.167709461257299
187054.74337331278	500.0	2440.606113308406	0.0	0	0.0	3495.349486621184	1	0	tensor(3, device='cuda:0')	0.21858489986258411
188514.24191307605	2000.0	1981.107573545136	0.0	0	0.0	3495.349486621184	1	0	tensor(3, device='cuda:0')	0.21858489986258411
190103.07269823112	2000.0	1392.2767883900947	0.0	0	0.0	3495.349486621184	1	0	tensor(3, device='cuda:0')	1.6048792609824747
190531.87573098193	500.0	1963.4737556392602	0.0	0	0.0	3495.349486621184	1	0	tensor(3, device='cuda:0')	-1.1677094612573067
190812.77604860146	500.0	2682.5734380197505	0.0	0	0.0	3495.349486621184	1	0	tensor(3, device='cuda:0')	0.21858489986258411
191640.51387279568	2000.0	2854.835613825523	0.0	0	0.0	3495.349486621213	1	0	tensor(3, device='cuda:0')	0.21858489986257568
192419.50611653234	2000.0	3075.843370088885	0.0	0	0.0	3495.349486621213	1	0	tensor(3, device='cuda:0')	1.6048792609824662
193580.71327805507	2000.0	2914.6362085661763	0.0	0	0.0	3495.349486621184	1	0	tensor(3, device='cuda:0')	1.6048792609824747
194472.8049507401	2000.0	3022.5445358811508	0.0	0	0.0	3495.349486621184	1	0	tensor(3, device='cuda:0')	1.6048792609824747
195200.0	2000.0	3295.3494866212363	0.0	0	3.148549313278636	3495.349486621184	1	0	tensor(3, device='cuda:0')	1.6048792609824747
196200.0	2000.0	3295.3494866212795	0.0	0	12.542651278927224	3495.349486621184	1	0	tensor(3, device='cuda:0')	1.6048792609824747
197200.0	2000.0	3295.3494866213014	0.0	0	51.59118106888491	3495.349486621155	1	0	tensor(3, device='cuda:0')	1.6048792609824827
198200.0	2000.0	3295.3494866213196	0.0	0	375.650742738042	3495.349486621184	1	0	tensor(3, device='cuda:0')	1.6048792609824747
199560.12928562504	2000.0	2935.2202009963257	0.0	0	0.0	3495.349486621213	1	0	tensor(3, device='cuda:0')	1.6048792609824662
200629.78811892105	2000.0	2865.561367700311	0.0	0	0.0	3495.349486621213	1	0	tensor(3, device='cuda:0')	1.6048792609824662
201737.03291221047	2000.0	2758.3165744108846	0.0	0	0.0	3495.349486621213	1	0	tensor(3, device='cuda:0')	1.6048792609824662
202663.18153772072	2000.0	2832.167948900646	0.0	0	0.0	3495.349486621213	1	0	tensor(3, device='cuda:0')	1.6048792609824662
204516.21742579926	2000.0	1979.1320608221326	0.0	0	0.0	3495.349486621184	1	0	tensor(3, device='cuda:0')	1.6048792609824747
205535.900835321	2000.0	1959.4486513003872	0.0	0	0.0	3495.349486621184	1	0	tensor(3, device='cuda:0')	1.6048792609824747
206982.5339931723	2000.0	1512.8154934490808	0.0	0	0.0	3495.349486621213	1	0	tensor(3, device='cuda:0')	1.6048792609824662
209638.788638249	2000.0	200.0	343.4391516276027	0	0.0	3838.7886382490105	1	0	tensor(3, device='cuda:0')	-0.4860375592294297
210091.25531975186	500.0	782.1060608661654	34.5727423690368	0	0.0	3873.3613806180365	1	0	tensor(3, device='cuda:0')	-1.4991527849582043
210580.69469913657	500.0	1292.6666814814375	0.0	0	0.0	3873.3613806180365	1	0	tensor(3, device='cuda:0')	0.09457803037590744
210941.97964180162	500.0	1931.3817388163627	0.0	0	0.0	3873.3613806180365	1	0	tensor(3, device='cuda:0')	0.09457803037590744
211482.81013594815	500.0	2390.5512446698085	0.0	0	0.0	3873.3613806180074	1	0	tensor(3, device='cuda:0')	0.09457803037591854
212176.60750069364	500.0	2696.753879924323	0.0	0	0.0	3873.3613806180074	1	0	tensor(3, device='cuda:0')	0.09457803037591854
212631.1162178751	500.0	3242.245162742844	0.0	0	0.0	3873.3613806179783	1	0	tensor(3, device='cuda:0')	0.09457803037592978
214138.9210294287	2000.0	2734.440351189278	0.0	0	0.0	3873.3613806179783	1	0	tensor(3, device='cuda:0')	0.09457803037592982
215464.18396305968	2000.0	2409.177417558297	0.0	0	0.0	3873.3613806179783	1	0	tensor(3, device='cuda:0')	1.4808723914958204
216886.4179558536	2000.0	1986.9434247643915	0.0	0	0.0	3873.3613806179783	1	0	tensor(3, device='cuda:0')	1.4808723914958204
218400.33824320167	2000.0	1473.0231374163268	0.0	0	0.0	3873.3613806179783	1	0	tensor(3, device='cuda:0')	1.4808723914958204
219950.59071827162	2000.0	535.2075435788945	0.0	0	0.0	3485.7982618504902	1	0	tensor(5, device='cuda:0')	0.3042523536849868
220330.7552271488	500.0	1155.043034701725	0.0	0	0.0	3485.7982618504902	1	0	tensor(3, device='cuda:0')	-1.6650524968748908
220635.3319669221	500.0	1850.4662949284111	0.0	0	0.0	3485.7982618504902	1	0	tensor(3, device='cuda:0')	0.22124186424500003
221258.95148512674	2000.0	2226.84677672377	0.0	0	0.0	3485.7982618504902	1	0	tensor(3, device='cuda:0')	0.22124186424500003
221875.1644649554	2000.0	2610.6337968951407	0.0	0	0.0	3485.7982618504902	1	0	tensor(3, device='cuda:0')	1.6075362253648906
222918.58513125143	2000.0	2567.2131305991015	0.0	0	0.0	3485.7982618505193	1	0	tensor(3, device='cuda:0')	1.6075362253648826
224336.88395877637	2000.0	2148.914303074146	0.0	0	0.0	3485.7982618505193	1	0	tensor(3, device='cuda:0')	1.6075362253648826
225436.16331419433	2000.0	2049.634947656182	0.0	0	0.0	3485.7982618505193	1	0	tensor(3, device='cuda:0')	1.6075362253648826
226520.1330373002	2000.0	1965.6652245502953	0.0	0	0.0	3485.7982618505193	1	0	tensor(3, device='cuda:0')	1.6075362253648826
227746.8138364373	2000.0	1738.984425413158	0.0	0	0.0	3485.7982618505193	1	0	tensor(3, device='cuda:0')	1.6075362253648826
230208.3319206668	2000.0	277.4663411836146	0.0	0	0.0	3485.7982618505193	1	0	tensor(3, device='cuda:0')	1.6075362253648826
230817.10076346717	500.0	746.1491217274347	77.45162334419744	0	0.0	3563.2498851946148	1	0	tensor(3, device='cuda:0')	-1.6519395963493178
231337.8611238164	500.0	1225.3887613782158	0.0	0	0.0	3563.249885194644	1	0	tensor(3, device='cuda:0')	0.19906450483574864
231758.6286856273	500.0	1804.621199567304	0.0	0	0.0	3563.249885194644	1	0	tensor(3, device='cuda:0')	0.19906450483574864
233112.34477031554	2000.0	1450.905114879084	0.0	0	0.0	3563.249885194644	1	0	tensor(3, device='cuda:0')	0.19906450483574872
233875.35716224933	2000.0	1687.892722945304	0.0	0	0.0	3563.249885194644	1	0	tensor(3, device='cuda:0')	1.5853588659556392
234696.5860402888	2000.0	1866.663844905874	0.0	0	0.0	3563.249885194673	1	0	tensor(3, device='cuda:0')	1.5853588659556306
235466.33638679516	2000.0	2096.913498399565	0.0	0	0.0	3563.249885194673	1	0	tensor(3, device='cuda:0')	1.5853588659556306
236260.7132366176	2000.0	2302.5366485771074	0.0	0	0.0	3563.249885194673	1	0	tensor(3, device='cuda:0')	1.5853588659556306
237649.7515969341	2000.0	1913.4982882605755	0.0	0	0.0	3563.249885194673	1	0	tensor(3, device='cuda:0')	1.5853588659556306
238827.25179263216	2000.0	1735.9980925625014	0.0	0	0.0	3563.249885194673	1	0	tensor(3, device='cuda:0')	1.5853588659556306
239703.73625736506	2000.0	1859.5136278296068	0.0	0	0.0	3563.249885194702	1	0	tensor(3, device='cuda:0')	1.585358865955622
240911.65266321506	2000.0	1651.597221979597	0.0	0	0.0	3563.249885194702	1	0	tensor(3, device='cuda:0')	1.585358865955622
242239.5974280748	2000.0	1323.652457119847	0.0	0	0.0	3563.249885194702	1	0	tensor(3, device='cuda:0')	1.585358865955622
243724.36988480345	2000.0	838.8800003911743	0.0	0	0.0	3563.249885194702	1	0	tensor(3, device='cuda:0')	1.585358865955622
245049.16247047106	2000.0	514.0874147235863	0.0	0	0.0	3563.249885194702	1	0	tensor(3, device='cuda:0')	1.585358865955622
245526.7889869311	500.0	1036.460898263555	0.0	0	0.0	3563.249885194673	1	0	tensor(3, device='cuda:0')	-1.1872298562841508
245888.77796913855	500.0	1674.4719160560928	0.0	0	0.0	3563.249885194673	1	0	tensor(3, device='cuda:0')	0.19906450483573992
246369.00196057867	500.0	2194.2479246159774	0.0	0	0.0	3563.249885194673	1	0	tensor(3, device='cuda:0')	0.19906450483573992
247512.21357592967	2000.0	2051.0363092650036	0.0	0	0.0	3563.249885194673	1	0	tensor(3, device='cuda:0')	0.19906450483574
248627.85720430515	2000.0	1935.3926808895349	0.0	0	0.0	3563.249885194673	1	0	tensor(3, device='cuda:0')	1.5853588659556306
250134.50416541693	2000.0	1428.7457197777298	0.0	0	0.0	3563.249885194644	1	0	tensor(3, device='cuda:0')	1.5853588659556392
251055.93846995517	2000.0	1507.3114152394683	0.0	0	0.0	3563.249885194644	1	0	tensor(3, device='cuda:0')	1.5853588659556392
251938.81953653746	2000.0	1624.4303486571832	0.0	0	0.0	3563.249885194644	1	0	tensor(3, device='cuda:0')	1.5853588659556392
252808.35364590117	2000.0	1754.8962392934632	0.0	0	0.0	3563.249885194644	1	0	tensor(3, device='cuda:0')	1.5853588659556392
253989.209374022	2000.0	1574.0405111726266	0.0	0	0.0	3563.249885194673	1	0	tensor(3, device='cuda:0')	1.5853588659556306
255587.71671515662	2000.0	975.5331700379903	0.0	0	0.0	3563.249885194644	1	0	tensor(3, device='cuda:0')	1.5853588659556392
255973.54129267603	500.0	1589.7085925186032	0.0	0	0.0	3563.249885194644	1	0	tensor(3, device='cuda:0')	-1.187229856284142
256526.3069919905	500.0	2036.9428932041208	0.0	0	0.0	3563.249885194644	1	0	tensor(3, device='cuda:0')	0.19906450483574864
257050.70371510883	500.0	2512.546170085815	0.0	0	0.0	3563.249885194644	1	0	tensor(3, device='cuda:0')	0.19906450483574864
257544.6172297541	500.0	3018.6326554405455	0.0	0	0.0	3563.249885194644	1	0	tensor(3, device='cuda:0')	0.19906450483574864
259010.4458560184	2000.0	2552.804029176245	0.0	0	0.0	3563.249885194644	1	0	tensor(3, device='cuda:0')	0.19906450483574872
260827.47614839856	2000.0	1735.77373679606	0.0	0	0.0	3563.249885194644	1	0	tensor(3, device='cuda:0')	1.5853588659556392
262038.48179080113	2000.0	1524.7680943935006	0.0	0	0.0	3563.249885194673	1	0	tensor(3, device='cuda:0')	1.5853588659556306
263137.4506006092	2000.0	1425.799284585432	0.0	0	0.0	3563.249885194673	1	0	tensor(3, device='cuda:0')	1.5853588659556324
263923.49489333184	2000.0	1639.7549918627149	0.0	0	0.0	3563.249885194644	1	0	tensor(3, device='cuda:0')	1.5853588659556377
264895.5028032508	2000.0	1667.7470819437312	0.0	0	0.0	3563.249885194644	1	0	tensor(3, device='cuda:0')	1.5853588659556426
265887.14490744204	2000.0	1676.1049777524775	0.0	0	0.0	3563.249885194644	1	0	tensor(3, device='cuda:0')	1.5853588659556426
267212.37461109937	2000.0	1350.8752740951456	0.0	0	0.0	3563.249885194644	1	0	tensor(3, device='cuda:0')	1.5853588659556392
268532.36833347747	2000.0	1030.8815517170553	0.0	0	0.0	3563.249885194644	1	0	tensor(3, device='cuda:0')	1.5853588659556392
270163.1232552038	2000.0	400.1266299906824	0.0	0	0.0	3563.249885194644	1	0	tensor(3, device='cuda:0')	1.5853588659556392
270498.21480623627	500.0	1065.0350789581853	0.0	0	0.0	3563.249885194644	1	0	tensor(3, device='cuda:0')	-1.187229856284142
270861.1892147576	500.0	1702.0606704369202	0.0	0	0.0	3563.2498851945857	1	0	tensor(3, device='cuda:0')	0.19906450483576582
271245.8279912388	500.0	2317.4218939557013	0.0	0	0.0	3563.2498851945857	1	0	tensor(3, device='cuda:0')	0.19906450483576582
273035.34163108806	2000.0	1527.9082541063933	0.0	0	0.0	3563.2498851945857	1	0	tensor(3, device='cuda:0')	0.1990645048357657
274292.26001309353	2000.0	1270.989872100884	0.0	0	0.0	3563.2498851945857	1	0	tensor(3, device='cuda:0')	1.5853588659556563
275393.2405021633	2000.0	1170.0093830311278	0.0	0	0.0	3563.2498851945857	1	0	tensor(3, device='cuda:0')	1.5853588659556563
277693.09819955775	2000.0	200.0	329.8483143633055	0	0.0	3893.0981995579205	1	0	tensor(3, device='cuda:0')	-0.4301161728308008
278242.7896484281	500.0	723.4234682867148	73.11491715702704	0	0.0	3966.2131167149637	1	0	tensor(3, device='cuda:0')	-1.7670713712568293
279280.50031952007	500.0	685.7127971947147	0.0	0	0.0	3966.2131167149637	1	0	tensor(3, device='cuda:0')	0.05791249280522319
279922.59670936805	500.0	1043.6164073467828	0.0	0	0.0	3966.2131167149637	1	0	tensor(3, device='cuda:0')	0.05791249280522319
280352.4279396962	500.0	1613.7851770186226	0.0	0	0.0	3966.2131167149637	1	0	tensor(3, device='cuda:0')	0.05791249280522319
280679.4786232496	500.0	2286.7344934651464	0.0	0	0.0	3966.2131167149637	1	0	tensor(3, device='cuda:0')	0.05791249280522319
282014.99427475745	2000.0	1951.2188419572942	0.0	0	0.0	3966.2131167149637	1	0	tensor(3, device='cuda:0')	0.05791249280522315
283433.9352317297	2000.0	1532.2778849850376	0.0	0	0.0	3966.2131167149637	1	0	tensor(3, device='cuda:0')	1.4442068539251138
285315.7894718097	2000.0	200.0	16.03193209200265	0	0.0	3515.7894718098687	1	0	tensor(5, device='cuda:0')	0.041031031111164254
286260.24334858137	500.0	440.881776928872	185.33565370051042	0	0.0	3701.1251255102106	1	0	tensor(3, device='cuda:0')	-2.8424569121294634
286743.1622582512	500.0	957.962867258973	0.0	0	0.0	3701.1251255102106	1	0	tensor(3, device='cuda:0')	0.15585137119349035
287202.49068845087	500.0	1498.6344370593308	0.0	0	0.0	3701.1251255102106	1	0	tensor(3, device='cuda:0')	0.15585137119349035
287655.8785268842	500.0	2045.2465986259272	0.0	0	0.0	3701.125125510269	1	0	tensor(3, device='cuda:0')	0.15585137119347087
288067.79947925685	500.0	2633.3256462532318	0.0	0	0.0	3701.125125510269	1	0	tensor(3, device='cuda:0')	0.15585137119347087
288563.75029855233	500.0	3137.3748269577436	0.0	0	0.0	3701.125125510269	1	0	tensor(3, device='cuda:0')	0.15585137119347087
289242.7005524811	500.0	3458.4245730289313	0.0	0	0.0	3701.125125510269	1	0	tensor(3, device='cuda:0')	0.15585137119347087
290702.7628831364	2000.0	2998.3622423736897	0.0	0	0.0	3701.125125510269	1	0	tensor(3, device='cuda:0')	0.1558513711934708
291657.4466942446	2000.0	3043.6784312655427	0.0	0	0.0	3701.125125510327	1	0	tensor(3, device='cuda:0')	1.5421457323133423
292999.9315581446	2000.0	2701.1935673654452	0.0	0	0.0	3701.125125510327	1	0	tensor(3, device='cuda:0')	1.5421457323133423
294694.7374875345	2000.0	2006.3876379755616	0.0	0	0.0	3701.1251255103853	1	0	tensor(3, device='cuda:0')	1.542145732313323
297292.36579850566	2000.0	408.7593270044558	0.0	0	0.0	3701.1251255104435	1	0	tensor(3, device='cuda:0')	1.5421457323133037
297909.83403236413	500.0	791.2910931460499	0.0	0	0.0	3701.1251255104435	1	0	tensor(3, device='cuda:0')	-1.2304429899264777
298456.15230758087	500.0	1244.9728179292933	0.0	0	0.0	3701.1251255104435	1	0	tensor(3, device='cuda:0')	0.15585137119341308
298846.40860133996	500.0	1854.7165241702003	0.0	0	0.0	3701.1251255104435	1	0	tensor(3, device='cuda:0')	0.15585137119341308
299130.7226245332	500.0	2570.4025009769475	0.0	0	0.0	3701.1251255104435	1	0	tensor(3, device='cuda:0')	0.15585137119341308
300864.5023493852	2000.0	1836.6227761249947	0.0	0	0.0	3701.1251255103853	1	0	tensor(3, device='cuda:0')	0.1558513711934324
302267.06729911343	2000.0	1434.05782639673	0.0	0	0.0	3701.1251255103853	1	0	tensor(3, device='cuda:0')	1.542145732313323
2.58	2.46	1.89	1.62	1.77	1.11	1.27	2.15	2.57	2.14	1.36	1.19	1.38	1.25	1.67	2.14	1.93	1.16	0.799	1.26	1.82	1.91	1.02	1.26	1.12	1.22	1.77	1.23	1.23	1.09	1.51	1.32	0.95	1.44	1.42	0.857	0.452	0.313	0.66	1.36	0.822	1.2	1.07	1.18	1.75	1.81	1.73	1.15	0.73	1.07	1.99	1.68	1.18	0.695	1.37	1.55	1.83	0.938	1.07	1.78	2.66	2.03	1.71	2.17	1.18	1.37	1.22	1.04	1.54	1.41	1.59	1.7	2.32	2.4	1.27	2.25	1.37	1.09	1.25	1.91	1.46	1.1	1.27	1.37	1.03	1.6	1.82	1.17	0.996	0.869	1.09	1.18	1.38	1.05	1.03	1.47	1.19	0.927	1.08	1.48	1.46	0.95	1.2	1.55	2.68	2.32	1.36	1.59	1.39	1.17	1.8	1.99	2.58	2.06	1.93	1.91	1.64	1.61	1.24	1.46	1.56	1.02	0.985	1.51	0.915	1.09	1.73	1.34	1.41	1.42	1.39	2.25	1.9	1.49	1.27	1.3	2.11	2.95	2.47	2.33	1.93	1.4	1.44	1.62	0.973	1.93	1.83	1.78	1.4	1.02	1.64	2.34	1.75	1.62	1.83	1.33	1.38	1.3	1.27	1.63	1.75	1.45	2.18	1.71	1.89	1.41	0.915	1.25	1.24	1.42	2.22	1.47	1.16	1.14	0.846	0.973	1.32	1.68	0.788	1.52	1.88	1.2	1.42	1.49	1.17	1.36	2.51	2.48	1.82	2.91	2.56	2.27	2.78	2.27	1.82	2.43	1.98	2.13	1.3	1.26	1.66	1.9	1.33	0.915	0.649	1.04	1.25	0.799	1.22	1.71	1.62	1.78	2.06	1.53	1.26	1.6	2.88	2.34	1.05	1.68	1.97	2.0	1.99	1.15	0.776	0.846	1.27	1.76	2.18	2.79	2.79	2.55	0.857	1.38	2.14	2.33	1.87	1.34	1.83	1.68	1.48	1.47	1.82	1.48	0.915	1.58	2.02	2.15	2.18	1.2	1.15	1.11	1.23	1.99	1.16	1.27	1.85	2.4	2.39	2.35	1.51	1.59	2.24	1.48	1.58	1.67	1.34	1.33	1.53	1.9	1.81	1.04	0.938	0.776	0.498	1.09	1.74	1.66	1.33	0.799	1.14	0.637	1.2	1.07	1.05	2.02	1.85	1.36	1.73	1.49	1.24	0.996	0.741	0.788	1.58	1.33	1.66	2.19	1.8	1.75
684.0	685.0	686.0	687.0	688.0	689.0	690.0	691.0	692.0	693.0	694.0	695.0	696.0	697.0	698.0	699.0	700.0	701.0	702.0	703.0	704.0	705.0	706.0	707.0	708.0	709.0	710.0	711.0	712.0	713.0	714.0	715.0	716.0	717.0	718.0	719.0	720.0	721.0	722.0	723.0	724.0	725.0	726.0	727.0	728.0	729.0	730.0	731.0	732.0	733.0	734.0	735.0	736.0	737.0	738.0	739.0	740.0	741.0	742.0	743.0	744.0	745.0	746.0	747.0	748.0	749.0	750.0	751.0	752.0	753.0	754.0	755.0	756.0	757.0	758.0	759.0	760.0	761.0	762.0	763.0	764.0	765.0	766.0	767.0	768.0	769.0	770.0	771.0	772.0	773.0	774.0	775.0	776.0	777.0	778.0	779.0	780.0	781.0	782.0	783.0	784.0	785.0	786.0	787.0	788.0	789.0	790.0	791.0	792.0	793.0	794.0	795.0	796.0	797.0	798.0	799.0	800.0	801.0	802.0	803.0	804.0	805.0	806.0	807.0	808.0	809.0	810.0	811.0	812.0	813.0	814.0	815.0	816.0	817.0	818.0	819.0	820.0	821.0	822.0	823.0	824.0	825.0	826.0	827.0	828.0	829.0	830.0	831.0	832.0	833.0	834.0	835.0	836.0	837.0	838.0	839.0	840.0	841.0	842.0	843.0	844.0	845.0	846.0	847.0	848.0	849.0	850.0	851.0	852.0	853.0	854.0	855.0	856.0	857.0	858.0	859.0	860.0	861.0	862.0	863.0	864.0	865.0	866.0	867.0	868.0	869.0	870.0	871.0	872.0	873.0	874.0	875.0	876.0	877.0	878.0	879.0	880.0	881.0	882.0	883.0	884.0	885.0	886.0	887.0	888.0	889.0	890.0	891.0	892.0	893.0	894.0	895.0	896.0	897.0	898.0	899.0	900.0	901.0	902.0	903.0	904.0	905.0	906.0	907.0	908.0	909.0	910.0	911.0	912.0	913.0	914.0	915.0	916.0	917.0	918.0	919.0	920.0	921.0	922.0	923.0	924.0	925.0	926.0	927.0	928.0	929.0	930.0	931.0	932.0	933.0	934.0	935.0	936.0	937.0	938.0	939.0	940.0	941.0	942.0	943.0	944.0	945.0	946.0	947.0	948.0	949.0	950.0	951.0	952.0	953.0	954.0	955.0	956.0	957.0	958.0	959.0	960.0	961.0	962.0	963.0	964.0	965.0	966.0	967.0	968.0	969.0	970.0	971.0	972.0	973.0	974.0	975.0	976.0	977.0	978.0	979.0	980.0	981.0	982.0	983.0
4526.0
