5756.860896415787	500.0	2000.0	204.2821994320152	0	0.0	5756.860896415787	1	0	tensor(5, device='cuda:0')	-3.428570516555417
6529.004233637149	2000.0	2034.8208284732968	0.0	0	0.0	5563.825062110446	1	0	tensor(5, device='cuda:0')	-1.476329195425622
7428.168707738298	2000.0	1910.865235846861	0.0	0	0.0	5339.033943585158	1	0	tensor(5, device='cuda:0')	0.03869675343659367
8201.84155840468	2000.0	1943.774172513884	0.0	0	0.0	5145.615730918564	1	0	tensor(5, device='cuda:0')	0.28162104005300825
9637.562325997165	2000.0	1149.1232130232768	0.0	0	0.0	4786.685539020442	1	0	tensor(5, device='cuda:0')	0.18900427276401938
10185.00792677274	500.0	1464.8162120538097	0.0	0	0.0	4649.82413882655	1	0	tensor(5, device='cuda:0')	-1.9852360121034012
10658.33652618869	500.0	1873.1554627838711	0.0	0	0.0	4531.491988972562	1	0	tensor(5, device='cuda:0')	-0.48063479128410314
11029.338414036083	500.0	2409.4031029746293	0.0	0	0.0	4438.741517010712	1	0	tensor(5, device='cuda:0')	-0.3717385277722945
11520.200301666868	500.0	2795.82574343615	0.0	0	0.0	4316.026045103019	1	0	tensor(5, device='cuda:0')	-0.3655602345643683
12572.484774047634	2000.0	2480.470152960191	0.0	0	0.0	4052.954927007828	1	0	tensor(5, device='cuda:0')	-0.530367846363196
13147.973883950071	2000.0	2904.9810430577536	0.0	0	0.0	4052.954927007828	1	0	tensor(3, device='cuda:0')	0.9075067954503571
14322.843894781603	2000.0	2436.3935295183387	0.0	0	0.0	3759.237424299945	1	0	tensor(5, device='cuda:0')	0.40586644056010424
15120.414662657937	2000.0	2638.8227616420045	0.0	0	0.0	3759.237424299945	1	0	tensor(3, device='cuda:0')	1.0224134775778375
16773.898713373193	2000.0	1985.3387109267464	0.0	0	0.0	3759.237424299943	1	0	tensor(3, device='cuda:0')	1.5224134775778375
17785.820409471697	2000.0	1973.41701482824	0.0	0	0.0	3759.2374242999394	1	0	tensor(3, device='cuda:0')	1.5224134775778393
18621.283964960527	2000.0	2137.9534593394137	0.0	0	0.0	3759.237424299943	1	0	tensor(3, device='cuda:0')	1.5224134775778384
19518.45406190326	2000.0	2240.7833623966817	0.0	0	0.0	3759.237424299943	1	0	tensor(3, device='cuda:0')	1.5224134775778375
20912.857608443694	2000.0	1846.379815856248	0.0	0	0.0	3759.237424299943	1	0	tensor(3, device='cuda:0')	1.522413477577838
21648.301379303208	2000.0	2110.936044996733	0.0	0	0.0	3759.2374242999394	1	0	tensor(3, device='cuda:0')	1.5224134775778395
22590.51036065614	2000.0	2168.727063643797	0.0	0	0.0	3759.237424299936	1	0	tensor(3, device='cuda:0')	1.5224134775778408
23892.941377204952	2000.0	1866.2960470949845	0.0	0	0.0	3759.237424299936	1	0	tensor(3, device='cuda:0')	1.5224134775778408
24671.43518003508	2000.0	2087.8022442648517	0.0	0	0.0	3759.237424299936	1	0	tensor(3, device='cuda:0')	1.5224134775778408
25663.580765608862	2000.0	2095.656658691075	0.0	0	0.0	3759.237424299932	1	0	tensor(3, device='cuda:0')	1.522413477577842
26773.977528991618	2000.0	1707.6607044626298	0.0	0	0.0	3481.638233454243	1	0	tensor(5, device='cuda:0')	0.5350764010898152
27836.98971742817	2000.0	1644.648516026078	0.0	0	0.0	3481.638233454243	1	0	tensor(3, device='cuda:0')	1.108686737492664
29475.089293994188	2000.0	1006.5489394600606	0.0	0	0.0	3481.638233454247	1	0	tensor(3, device='cuda:0')	1.608686737492663
30677.026086867132	2000.0	804.6121465871145	0.0	0	0.0	3481.638233454243	1	0	tensor(3, device='cuda:0')	1.608686737492664
31646.096667999427	2000.0	835.5415654548164	0.0	0	0.0	3481.6382334542395	1	0	tensor(3, device='cuda:0')	1.608686737492665
32136.718863119047	500.0	1344.9193703351928	0.0	0	0.0	3481.6382334542395	1	0	tensor(3, device='cuda:0')	-1.1639019847471164
32493.78962963033	500.0	1987.8486038239091	0.0	0	0.0	3481.6382334542395	1	0	tensor(3, device='cuda:0')	0.22239237637277454
33637.90112284798	2000.0	1843.7371106062606	0.0	0	0.0	3481.6382334542395	1	0	tensor(3, device='cuda:0')	0.2223923763727751
34793.647302557925	2000.0	1687.9909308963115	0.0	0	0.0	3481.6382334542395	1	0	tensor(3, device='cuda:0')	1.608686737492665
35788.28109387515	2000.0	1693.3571395790868	0.0	0	0.0	3481.6382334542395	1	0	tensor(3, device='cuda:0')	1.608686737492665
37459.48066418817	2000.0	1022.1575692660681	0.0	0	0.0	3481.638233454236	1	0	tensor(3, device='cuda:0')	1.608686737492666
37940.275576178276	500.0	1541.3626572759772	0.0	0	0.0	3481.638233454236	1	0	tensor(3, device='cuda:0')	-1.1639019847471153
38451.27617417906	500.0	2030.3620592751909	0.0	0	0.0	3481.6382334542286	1	0	tensor(3, device='cuda:0')	0.22239237637277756
38863.13443062444	500.0	2618.5038028298177	0.0	0	0.0	3481.6382334542286	1	0	tensor(3, device='cuda:0')	0.22239237637277756
39587.666743619615	500.0	2893.971489834651	0.0	0	0.0	3481.6382334542286	1	0	tensor(3, device='cuda:0')	0.22239237637277756
40200.0	500.0	3281.638233454273	0.0	0	91.50733058787591	3481.6382334542286	1	0	tensor(3, device='cuda:0')	0.22239237637277756
41200.0	500.0	3281.638233454273	0.0	0	428.1833882539504	3481.6382334542213	1	0	tensor(3, device='cuda:0')	0.22239237637277953
42200.0	2000.0	3281.638233454275	0.0	0	17.8759336877265	3481.6382334542286	1	0	tensor(3, device='cuda:0')	0.2223923763727776
43311.931650566185	2000.0	3169.706582888088	0.0	0	0.0	3481.6382334542286	1	0	tensor(3, device='cuda:0')	1.608686737492668
44200.0	2000.0	3281.6382334542627	0.0	0	31.528589503926923	3481.6382334542286	1	0	tensor(3, device='cuda:0')	1.608686737492668
45200.0	2000.0	3281.6382334542654	0.0	0	30.480328388963244	3481.638233454236	1	0	tensor(3, device='cuda:0')	1.608686737492666
46318.02491141389	2000.0	3163.613322040373	0.0	0	0.0	3481.638233454236	1	0	tensor(3, device='cuda:0')	1.608686737492666
48100.739450466746	2000.0	2380.898782987514	0.0	0	0.0	3481.638233454236	1	0	tensor(3, device='cuda:0')	1.608686737492666
49507.8297671772	2000.0	1973.808466277062	0.0	0	0.0	3481.638233454236	1	0	tensor(3, device='cuda:0')	1.608686737492666
50401.43960565285	2000.0	2080.1986278014188	0.0	0	0.0	3481.638233454236	1	0	tensor(3, device='cuda:0')	1.608686737492666
51827.40127039574	2000.0	1654.2369630585192	0.0	0	0.0	3481.6382334542286	1	0	tensor(3, device='cuda:0')	1.608686737492668
53100.678055155724	2000.0	1380.9601782985421	0.0	0	0.0	3481.6382334542286	1	0	tensor(3, device='cuda:0')	1.608686737492668
54373.91585798506	2000.0	1107.722375469204	0.0	0	0.0	3481.638233454236	1	0	tensor(3, device='cuda:0')	1.608686737492666
54709.53776737813	500.0	1772.1004660761391	0.0	0	0.0	3481.638233454236	1	0	tensor(3, device='cuda:0')	-1.1639019847471153
55630.8956139117	2000.0	1850.7426195425733	0.0	0	0.0	3481.638233454243	1	0	tensor(3, device='cuda:0')	0.22239237637277348
58653.9585191525	2000.0	200.0	372.32028569821813	0	0.0	3853.9585191524675	1	0	tensor(3, device='cuda:0')	-0.6571048719275232
59270.22045907817	500.0	674.2742645597893	90.53620448546357	0	0.0	3944.4947236379303	1	0	tensor(3, device='cuda:0')	-1.8627846099589551
59688.187908283006	500.0	1256.306815354958	0.0	0	0.0	3944.4947236379303	1	0	tensor(3, device='cuda:0')	0.0667269780737171
59969.876940477836	500.0	1974.617783160129	0.0	0	0.0	3944.4947236379303	1	0	tensor(3, device='cuda:0')	0.0667269780737171
60912.898860700945	2000.0	2031.5958629370186	0.0	0	0.0	3944.4947236379303	1	0	tensor(3, device='cuda:0')	0.06672697807371697
61733.21564744485	2000.0	2211.2790761931105	0.0	0	0.0	3944.4947236379303	1	0	tensor(3, device='cuda:0')	1.4530213391936075
63134.23169821893	2000.0	1460.0090127255062	0.0	0	0.0	3594.2407109444102	1	0	tensor(5, device='cuda:0')	0.3460795920293045
64246.85882300689	2000.0	1347.381887937541	0.0	0	0.0	3594.2407109444102	1	0	tensor(3, device='cuda:0')	1.0760721779489728
65377.03948317148	2000.0	1217.201227772942	0.0	0	0.0	3594.2407109444102	1	0	tensor(3, device='cuda:0')	1.5760721779489728
66805.58587231848	2000.0	788.6548386259439	0.0	0	0.0	3594.2407109444102	1	0	tensor(3, device='cuda:0')	1.5760721779489746
67469.45384875753	500.0	1124.786862186883	0.0	0	0.0	3594.240710944403	1	0	tensor(3, device='cuda:0')	-1.1965165442908077
68026.531952375	500.0	1567.7087585694055	0.0	0	0.0	3594.240710944381	1	0	tensor(3, device='cuda:0')	0.18977781682908895
68754.4288043688	500.0	1839.8119065755989	0.0	0	0.0	3594.2407109443884	1	0	tensor(3, device='cuda:0')	0.18977781682909067
69459.503068921	500.0	2134.737642023424	0.0	0	0.0	3594.2407109443884	1	0	tensor(3, device='cuda:0')	0.18977781682908895
69966.21310040106	500.0	2628.027610543352	0.0	0	0.0	3594.2407109443884	1	0	tensor(3, device='cuda:0')	0.18977781682908895
70480.20671400032	500.0	3114.033996944089	0.0	0	0.0	3594.240710944374	1	0	tensor(3, device='cuda:0')	0.1897778168290934
71952.46867453397	2000.0	2641.772036410432	0.0	0	0.0	3594.2407109443593	1	0	tensor(3, device='cuda:0')	0.18977781682909778
72911.94407467697	2000.0	2682.29663626743	0.0	0	0.0	3594.2407109443593	1	0	tensor(3, device='cuda:0')	1.5760721779489884
74363.6892435405	2000.0	2230.551467403896	0.0	0	0.0	3594.2407109443593	1	0	tensor(3, device='cuda:0')	1.5760721779489884
75469.99814965717	2000.0	2124.2425612872366	0.0	0	0.0	3594.2407109443448	1	0	tensor(3, device='cuda:0')	1.5760721779489928
76553.6132872112	2000.0	2040.6274237332007	0.0	0	0.0	3594.24071094433	1	0	tensor(3, device='cuda:0')	1.5760721779489972
78616.85915499409	2000.0	977.3815559503048	0.0	0	0.0	3594.24071094433	1	0	tensor(3, device='cuda:0')	1.5760721779489972
80344.29473772451	2000.0	249.94597321988135	0.0	0	0.0	3594.24071094433	1	0	tensor(3, device='cuda:0')	1.5760721779489972
80729.13652444321	500.0	865.1041865012031	0.0	0	0.0	3594.24071094433	1	0	tensor(3, device='cuda:0')	-1.1965165442907841
81125.81629838515	500.0	1468.4244125592656	0.0	0	0.0	3594.2407109443448	1	0	tensor(3, device='cuda:0')	0.18977781682910214
81494.88858628222	500.0	2099.3521246622117	0.0	0	0.0	3594.2407109443593	1	0	tensor(3, device='cuda:0')	0.1897778168290977
81885.95875715194	500.0	2708.2819537925047	0.0	0	0.0	3594.2407109443593	1	0	tensor(3, device='cuda:0')	0.1897778168290977
83183.342564975	2000.0	2410.8981459694496	0.0	0	0.0	3594.240710944374	1	0	tensor(3, device='cuda:0')	0.18977781682909334
84205.97535510517	2000.0	2388.265355839275	0.0	0	0.0	3594.240710944374	1	0	tensor(3, device='cuda:0')	1.576072177948984
85406.53415743743	2000.0	2187.7065535069983	0.0	0	0.0	3594.240710944374	1	0	tensor(3, device='cuda:0')	1.576072177948984
86626.26670804356	2000.0	1967.9740029008606	0.0	0	0.0	3594.240710944374	1	0	tensor(3, device='cuda:0')	1.576072177948984
87687.2340746324	2000.0	1907.006636312015	0.0	0	0.0	3594.240710944374	1	0	tensor(3, device='cuda:0')	1.576072177948984
88395.007194761	2000.0	2199.2335161834335	0.0	0	0.0	3594.240710944374	1	0	tensor(3, device='cuda:0')	1.576072177948984
89596.21263969096	2000.0	1998.02807125345	0.0	0	0.0	3594.240710944374	1	0	tensor(3, device='cuda:0')	1.576072177948984
91352.34440244999	2000.0	1241.8963084944103	0.0	0	0.0	3594.240710944374	1	0	tensor(3, device='cuda:0')	1.576072177948984
91859.89271027641	500.0	1734.348000667997	0.0	0	0.0	3594.240710944374	1	0	tensor(3, device='cuda:0')	-1.1965165442907975
92225.1619021205	500.0	2369.0788088238887	0.0	0	0.0	3594.2407109443593	1	0	tensor(3, device='cuda:0')	0.1897778168290977
93717.47047508041	2000.0	1876.7702358639735	0.0	0	0.0	3594.2407109443593	1	0	tensor(3, device='cuda:0')	0.18977781682909778
94241.95123733798	500.0	2352.2894736064013	0.0	0	0.0	3594.2407109443448	1	0	tensor(3, device='cuda:0')	-1.1965165442907886
94597.14677137457	500.0	2997.0939395698215	0.0	0	0.0	3594.2407109443448	1	0	tensor(3, device='cuda:0')	0.18977781682910214
95966.93612606429	2000.0	2627.304584880105	0.0	0	0.0	3594.2407109443448	1	0	tensor(3, device='cuda:0')	0.18977781682910222
97469.0811144286	2000.0	2125.1595965158035	0.0	0	0.0	3594.2407109443448	1	0	tensor(3, device='cuda:0')	1.5760721779489928
98081.64493927089	500.0	2512.5957716735056	0.0	0	0.0	3594.24071094433	1	0	tensor(3, device='cuda:0')	-1.1965165442907841
98611.89104647853	500.0	2982.3496644658567	0.0	0	0.0	3594.24071094433	1	0	tensor(3, device='cuda:0')	0.18977781682910658
99569.52621991633	2000.0	3024.714491028061	0.0	0	0.0	3594.24071094433	1	0	tensor(3, device='cuda:0')	0.18977781682910666
100831.64189102054	2000.0	2762.5988199238527	0.0	0	0.0	3594.2407109443448	1	0	tensor(3, device='cuda:0')	1.5760721779489928
101945.60052536974	2000.0	2648.6401855746653	0.0	0	0.0	3594.2407109443448	1	0	tensor(3, device='cuda:0')	1.5760721779489928
102890.23202025855	2000.0	2704.0086906858323	0.0	0	0.0	3594.2407109443448	1	0	tensor(3, device='cuda:0')	1.5760721779489928
105444.0379366124	2000.0	1150.2027743319745	0.0	0	0.0	3594.2407109443448	1	0	tensor(3, device='cuda:0')	1.5760721779489928
106833.9518695798	2000.0	760.288841364573	0.0	0	0.0	3594.2407109443593	1	0	tensor(3, device='cuda:0')	1.5760721779489884
107225.61602694794	500.0	1368.6246839964404	0.0	0	0.0	3594.2407109443593	1	0	tensor(3, device='cuda:0')	-1.196516544290793
107548.5431083173	500.0	2045.6976026270652	0.0	0	0.0	3594.2407109443448	1	0	tensor(3, device='cuda:0')	0.18977781682910214
108024.19431275601	500.0	2570.046398188355	0.0	0	0.0	3594.24071094433	1	0	tensor(3, device='cuda:0')	0.18977781682910658
108418.22331715807	500.0	3176.0173937862774	0.0	0	0.0	3594.2407109443448	1	0	tensor(3, device='cuda:0')	0.18977781682910214
109802.7837401004	2000.0	2791.456970843946	0.0	0	0.0	3594.24071094433	1	0	tensor(3, device='cuda:0')	0.18977781682910666
111027.83483757863	2000.0	2566.4058733657293	0.0	0	0.0	3594.2407109443157	1	0	tensor(3, device='cuda:0')	1.5760721779490017
112929.24464904983	2000.0	1664.9960618945288	0.0	0	0.0	3594.24071094433	1	0	tensor(3, device='cuda:0')	1.5760721779489972
114229.44004667728	2000.0	1364.8006642670748	0.0	0	0.0	3594.24071094433	1	0	tensor(3, device='cuda:0')	1.5760721779489972
115358.94945609702	2000.0	1235.2912548473519	0.0	0	0.0	3594.24071094433	1	0	tensor(3, device='cuda:0')	1.5760721779489972
116852.18422246631	2000.0	742.0564884780615	0.0	0	0.0	3594.24071094433	1	0	tensor(3, device='cuda:0')	1.5760721779489972
117262.54433415394	500.0	1331.6963767904433	0.0	0	0.0	3594.2407109443448	1	0	tensor(3, device='cuda:0')	-1.1965165442907886
117521.04097059336	500.0	2073.1997403510245	0.0	0	0.0	3594.2407109443448	1	0	tensor(3, device='cuda:0')	0.18977781682910214
118492.47262531787	2000.0	2101.768085626525	0.0	0	0.0	3594.2407109443593	1	0	tensor(3, device='cuda:0')	0.18977781682909778
119284.82437434055	2000.0	2309.4163366038297	0.0	0	0.0	3594.2407109443593	1	0	tensor(3, device='cuda:0')	1.5760721779489884
121336.67866499853	2000.0	1257.5620459458535	0.0	0	0.0	3594.2407109443593	1	0	tensor(3, device='cuda:0')	1.5760721779489884
122870.24871910947	2000.0	723.9919918349152	0.0	0	0.0	3594.2407109443593	1	0	tensor(3, device='cuda:0')	1.5760721779489884
123186.18035404617	500.0	1408.0603568982115	0.0	0	0.0	3594.2407109443593	1	0	tensor(3, device='cuda:0')	-1.196516544290793
124075.67603590857	2000.0	1518.564675035813	0.0	0	0.0	3594.2407109443448	1	0	tensor(3, device='cuda:0')	0.18977781682910222
126078.57816326627	2000.0	515.6625476781271	0.0	0	0.0	3594.2407109443448	1	0	tensor(3, device='cuda:0')	1.5760721779489928
126531.01574825738	500.0	1063.2249626870039	0.0	0	0.0	3594.2407109443448	1	0	tensor(3, device='cuda:0')	-1.1965165442907886
126827.99226023433	500.0	1766.2484507100517	0.0	0	0.0	3594.2407109443448	1	0	tensor(3, device='cuda:0')	0.18977781682910214
127738.73301326732	2000.0	1855.5076976770436	0.0	0	0.0	3594.2407109443448	1	0	tensor(3, device='cuda:0')	0.18977781682910222
128858.41523091949	2000.0	1735.825480024868	0.0	0	0.0	3594.2407109443448	1	0	tensor(3, device='cuda:0')	1.5760721779489928
130154.85983396877	2000.0	1439.3808769755888	0.0	0	0.0	3594.2407109443448	1	0	tensor(3, device='cuda:0')	1.5760721779489928
131330.4025051574	2000.0	1263.8382057869562	0.0	0	0.0	3594.2407109443593	1	0	tensor(3, device='cuda:0')	1.576072177948992
132722.52561206862	2000.0	871.7150988757405	0.0	0	0.0	3594.240710944374	1	0	tensor(3, device='cuda:0')	1.576072177948983
133665.49500293456	2000.0	928.7457080098255	0.0	0	0.0	3594.240710944403	1	0	tensor(3, device='cuda:0')	1.5760721779489795
133971.31063349356	500.0	1622.9300774508067	0.0	0	0.0	3594.2407109443884	1	0	tensor(3, device='cuda:0')	-1.1965165442908046
135194.67896711998	2000.0	1399.5617438244117	0.0	0	0.0	3594.240710944403	1	0	tensor(3, device='cuda:0')	0.18977781682908534
135599.36138219366	500.0	1994.879328750714	0.0	0	0.0	3594.240710944403	1	0	tensor(3, device='cuda:0')	-1.1965165442908063
135971.18931565023	500.0	2623.051395294167	0.0	0	0.0	3594.240710944403	1	0	tensor(3, device='cuda:0')	0.1897778168290845
137205.9756646842	2000.0	2388.2650462601764	0.0	0	0.0	3594.240710944403	1	0	tensor(3, device='cuda:0')	0.18977781682908446
138074.7716022191	2000.0	2519.4691087252604	0.0	0	0.0	3594.240710944403	1	0	tensor(3, device='cuda:0')	1.576072177948975
138880.05353074466	2000.0	2714.1871801996713	0.0	0	0.0	3594.240710944374	1	0	tensor(3, device='cuda:0')	1.576072177948984
140285.58311626545	2000.0	2308.65759467885	0.0	0	0.0	3594.240710944374	1	0	tensor(3, device='cuda:0')	1.576072177948984
142265.4174525792	2000.0	1328.823258365111	0.0	0	0.0	3594.240710944374	1	0	tensor(3, device='cuda:0')	1.576072177948984
143244.17326515366	2000.0	1350.0674457906673	0.0	0	0.0	3594.240710944374	1	0	tensor(3, device='cuda:0')	1.576072177948984
143853.71348117222	2000.0	1740.527229772092	0.0	0	0.0	3594.240710944374	1	0	tensor(3, device='cuda:0')	1.576072177948984
144353.08562280357	2000.0	2241.155088140731	0.0	0	0.0	3594.240710944374	1	0	tensor(3, device='cuda:0')	1.576072177948984
145352.15059149344	2000.0	2242.0901194508638	0.0	0	0.0	3594.240710944374	1	0	tensor(3, device='cuda:0')	1.576072177948984
147067.72654716915	2000.0	1526.514163775186	0.0	0	0.0	3594.2407109443448	1	0	tensor(3, device='cuda:0')	1.5760721779489928
148790.65628724417	2000.0	803.5844237001575	0.0	0	0.0	3594.2407109443448	1	0	tensor(3, device='cuda:0')	1.5760721779489928
150118.6147623389	2000.0	475.6259486054305	0.0	0	0.0	3594.2407109443448	1	0	tensor(3, device='cuda:0')	1.5760721779489928
151154.4918088462	2000.0	439.74890209817517	0.0	0	0.0	3594.2407109443448	1	0	tensor(3, device='cuda:0')	1.5760721779489928
151627.59463924868	500.0	966.6460716956797	0.0	0	0.0	3594.2407109443448	1	0	tensor(3, device='cuda:0')	-1.1965165442907886
152308.28438089267	500.0	1285.9563300516877	0.0	0	0.0	3594.2407109443448	1	0	tensor(3, device='cuda:0')	0.18977781682910214
152738.69151856352	500.0	1855.5491923808352	0.0	0	0.0	3594.2407109443448	1	0	tensor(3, device='cuda:0')	0.18977781682910214
153178.7126150443	500.0	2415.528095900067	0.0	0	0.0	3594.2407109443448	1	0	tensor(3, device='cuda:0')	0.18977781682910214
154640.76926370471	2000.0	1953.4714472396508	0.0	0	0.0	3594.2407109443157	1	0	tensor(3, device='cuda:0')	0.1897778168291111
156053.96807846476	2000.0	1540.2726324795808	0.0	0	0.0	3594.2407109442865	1	0	tensor(3, device='cuda:0')	1.5760721779490103
157258.26142641588	2000.0	1335.9792845284696	0.0	0	0.0	3594.2407109442865	1	0	tensor(3, device='cuda:0')	1.5760721779490103
158191.6592444817	2000.0	1402.5814664626284	0.0	0	0.0	3594.2407109442865	1	0	tensor(3, device='cuda:0')	1.5760721779490103
159070.58894539103	2000.0	1523.651765553318	0.0	0	0.0	3594.2407109442865	1	0	tensor(3, device='cuda:0')	1.5760721779490103
160105.2423242784	2000.0	1488.998386665924	0.0	0	0.0	3594.2407109442865	1	0	tensor(3, device='cuda:0')	1.5760721779490103
161041.1618210046	2000.0	1553.0788899397035	0.0	0	0.0	3594.2407109442865	1	0	tensor(3, device='cuda:0')	1.5760721779490103
161920.50513586224	2000.0	1673.735575082092	0.0	0	0.0	3594.2407109442865	1	0	tensor(3, device='cuda:0')	1.5760721779490103
162813.95096085712	2000.0	1780.2897500872004	0.0	0	0.0	3594.2407109442865	1	0	tensor(3, device='cuda:0')	1.5760721779490103
163946.93787945298	2000.0	1647.3028314913756	0.0	0	0.0	3594.2407109442865	1	0	tensor(3, device='cuda:0')	1.5760721779490103
165875.95203887075	2000.0	718.2886720735755	0.0	0	0.0	3594.2407109442865	1	0	tensor(3, device='cuda:0')	1.5760721779490103
166509.5262723578	500.0	1084.7144385865313	0.0	0	0.0	3594.2407109443157	1	0	tensor(3, device='cuda:0')	-1.1965165442907797
167026.2755632387	500.0	1567.9651477056077	0.0	0	0.0	3594.2407109442865	1	0	tensor(3, device='cuda:0')	0.18977781682911976
167437.25490769843	500.0	2156.9858032458505	0.0	0	0.0	3594.2407109442865	1	0	tensor(3, device='cuda:0')	0.18977781682911976
168366.9159957565	2000.0	2227.3247151877895	0.0	0	0.0	3594.2407109442574	1	0	tensor(3, device='cuda:0')	0.18977781682912886
169440.5709784895	2000.0	2153.669732454801	0.0	0	0.0	3594.2407109442283	1	0	tensor(3, device='cuda:0')	1.576072177949028
170297.83324521134	2000.0	2296.407465732972	0.0	0	0.0	3594.2407109442574	1	0	tensor(3, device='cuda:0')	1.5760721779490194
171643.0700852561	2000.0	1951.17062568818	0.0	0	0.0	3594.2407109442574	1	0	tensor(3, device='cuda:0')	1.5760721779490194
172553.6209397191	2000.0	2040.619771225182	0.0	0	0.0	3594.2407109442865	1	0	tensor(3, device='cuda:0')	1.5760721779490103
173112.45000581775	2000.0	2481.790705126525	0.0	0	0.0	3594.2407109442865	1	0	tensor(3, device='cuda:0')	1.5760721779490103
173756.1801090526	2000.0	2838.060601891677	0.0	0	0.0	3594.2407109442865	1	0	tensor(3, device='cuda:0')	1.5760721779490103
175046.06908330487	2000.0	2548.1716276393863	0.0	0	0.0	3594.2407109442574	1	0	tensor(3, device='cuda:0')	1.5760721779490194
176579.1255914906	2000.0	2015.1151194536526	0.0	0	0.0	3594.2407109442574	1	0	tensor(3, device='cuda:0')	1.5760721779490194
177671.06923374982	2000.0	1923.1714771944319	0.0	0	0.0	3594.2407109442574	1	0	tensor(3, device='cuda:0')	1.5760721779490194
178793.7907524521	2000.0	1800.4499584921232	0.0	0	0.0	3594.2407109442574	1	0	tensor(3, device='cuda:0')	1.5760721779490194
179806.65256574715	2000.0	1787.5881451970606	0.0	0	0.0	3594.2407109442574	1	0	tensor(3, device='cuda:0')	1.5760721779490194
181057.27823692543	2000.0	1536.962474018787	0.0	0	0.0	3594.2407109442574	1	0	tensor(3, device='cuda:0')	1.5760721779490194
181912.37223558562	2000.0	1681.8684753585908	0.0	0	0.0	3594.2407109442574	1	0	tensor(3, device='cuda:0')	1.5760721779490194
182681.79344741232	2000.0	1912.4472635319148	0.0	0	0.0	3594.2407109442574	1	0	tensor(3, device='cuda:0')	1.5760721779490194
183488.76029617325	2000.0	2105.4804147709856	0.0	0	0.0	3594.2407109442574	1	0	tensor(3, device='cuda:0')	1.5760721779490194
184205.83570573578	2000.0	2388.4050052084517	0.0	0	0.0	3594.2407109442574	1	0	tensor(3, device='cuda:0')	1.5760721779490194
185212.46704788436	2000.0	2381.7736630598897	0.0	0	0.0	3594.2407109442574	1	0	tensor(3, device='cuda:0')	1.5760721779490194
187904.61589428983	2000.0	689.6248166543851	0.0	0	0.0	3594.2407109442574	1	0	tensor(3, device='cuda:0')	1.5760721779490194
188783.60708665274	2000.0	810.6336242914821	0.0	0	0.0	3594.2407109442574	1	0	tensor(3, device='cuda:0')	1.5760721779490194
189762.42544484383	2000.0	831.8152661003963	0.0	0	0.0	3594.2407109442574	1	0	tensor(3, device='cuda:0')	1.5760721779490194
191194.08908704657	2000.0	400.1516238976625	0.0	0	0.0	3594.2407109442574	1	0	tensor(3, device='cuda:0')	1.5760721779490194
191522.64826193958	500.0	1071.5924490046395	0.0	0	0.0	3594.2407109442865	1	0	tensor(3, device='cuda:0')	-1.1965165442907708
191925.0482148429	500.0	1669.192496101362	0.0	0	0.0	3594.2407109442865	1	0	tensor(3, device='cuda:0')	0.18977781682911976
192253.46433643086	500.0	2340.77637451342	0.0	0	0.0	3594.2407109442865	1	0	tensor(3, device='cuda:0')	0.18977781682911976
194090.07411030124	2000.0	1504.1666006430137	0.0	0	0.0	3594.2407109442865	1	0	tensor(3, device='cuda:0')	0.18977781682911982
196551.61866369093	2000.0	200.0	157.37795274669585	0	0.0	3751.6186636909842	1	0	tensor(3, device='cuda:0')	0.6175401326355856
197056.85549505256	500.0	765.0000813833142	70.23691274495326	0	0.0	3821.855576435948	1	0	tensor(3, device='cuda:0')	-1.6939211916632462
197610.39643741853	500.0	1211.45913901732	0.0	0	0.0	3821.855576435948	1	0	tensor(3, device='cuda:0')	0.11379464592636425
198145.80272154938	500.0	1676.0528548864972	0.0	0	0.0	3821.855576435977	1	0	tensor(3, device='cuda:0')	0.11379464592635377
198568.66499776262	500.0	2253.190578673272	0.0	0	0.0	3821.855576435977	1	0	tensor(3, device='cuda:0')	0.11379464592635377
199597.28959043132	2000.0	2224.5659860045753	0.0	0	0.0	3821.855576435977	1	0	tensor(3, device='cuda:0')	0.11379464592635374
200282.61657709492	2000.0	2539.238999340987	0.0	0	0.0	3821.855576435977	1	0	tensor(3, device='cuda:0')	1.5000890070462445
200993.38643065203	2000.0	2828.4691457838753	0.0	0	0.0	3821.855576435977	1	0	tensor(3, device='cuda:0')	1.5000890070462445
201690.0730393136	2000.0	3131.782537122281	0.0	0	0.0	3821.855576435948	1	0	tensor(3, device='cuda:0')	1.5000890070462547
202531.9036614574	2000.0	3289.9519149784687	0.0	0	0.0	3821.855576435948	1	0	tensor(3, device='cuda:0')	1.5000890070462547
204279.62034018995	2000.0	2542.2352362459396	0.0	0	0.0	3821.855576435948	1	0	tensor(3, device='cuda:0')	1.5000890070462547
205483.21123087005	2000.0	2037.7466228958413	0.0	0	0.0	3520.9578537659254	1	0	tensor(5, device='cuda:0')	0.47254773198393973
206272.2594708192	2000.0	2248.6983829466644	0.0	0	0.0	3520.9578537659254	1	0	tensor(3, device='cuda:0')	1.097648373800453
207359.41355108938	2000.0	2161.544302676443	0.0	0	0.0	3520.9578537659254	1	0	tensor(3, device='cuda:0')	1.597648373800453
208758.4678698803	2000.0	1762.4899838855677	0.0	0	0.0	3520.9578537659254	1	0	tensor(3, device='cuda:0')	1.597648373800453
209887.4711985656	2000.0	1633.4866552002798	0.0	0	0.0	3520.9578537659545	1	0	tensor(3, device='cuda:0')	1.5976483738004446
210864.56712246145	2000.0	1656.390731304427	0.0	0	0.0	3520.9578537659545	1	0	tensor(3, device='cuda:0')	1.5976483738004446
211573.71841931227	2000.0	1947.2394344535862	0.0	0	0.0	3520.9578537659545	1	0	tensor(3, device='cuda:0')	1.5976483738004446
214081.18633257857	2000.0	439.7715211873023	0.0	0	0.0	3520.9578537659836	1	0	tensor(3, device='cuda:0')	1.597648373800436
214488.56240225193	500.0	1032.3954515139549	0.0	0	0.0	3520.9578537659836	1	0	tensor(3, device='cuda:0')	-1.174940348439345
214845.1750094038	500.0	1675.7828443620326	0.0	0	0.0	3520.9578537659836	1	0	tensor(3, device='cuda:0')	0.21135401268054554
215143.34704872145	500.0	2377.6108050443886	0.0	0	0.0	3520.9578537659836	1	0	tensor(3, device='cuda:0')	0.21135401268054554
217055.12657221654	2000.0	1465.8312815492918	0.0	0	0.0	3520.9578537659836	1	0	tensor(3, device='cuda:0')	0.21135401268054532
218279.66089509698	2000.0	1241.2969586688139	0.0	0	0.0	3520.9578537659836	1	0	tensor(3, device='cuda:0')	1.597648373800436
219002.5607343781	500.0	1518.3971193877296	0.0	0	0.0	3520.9578537659836	1	0	tensor(3, device='cuda:0')	-1.174940348439345
219666.18788763948	500.0	1854.7699661263525	0.0	0	0.0	3520.9578537660127	1	0	tensor(3, device='cuda:0')	0.21135401268053905
220200.70260923856	500.0	2320.2552445272604	0.0	0	0.0	3520.9578537660127	1	0	tensor(3, device='cuda:0')	0.21135401268053738
220724.79661282455	500.0	2796.161240941294	0.0	0	0.0	3520.9578537660127	1	0	tensor(3, device='cuda:0')	0.21135401268053738
221200.0	500.0	3320.957853765837	0.0	0	112.99087167152902	3520.9578537660127	1	0	tensor(3, device='cuda:0')	0.21135401268053738
222664.67889703548	2000.0	2856.278956730356	0.0	0	0.0	3520.9578537660127	1	0	tensor(3, device='cuda:0')	0.21135401268053727
223338.6379378614	2000.0	3182.3199159044066	0.0	0	0.0	3520.9578537660127	1	0	tensor(3, device='cuda:0')	1.597648373800428
224200.0	2000.0	3320.9578537658317	0.0	0	123.70982426908449	3520.957853766042	1	0	tensor(3, device='cuda:0')	1.5976483738004197
225200.0	2000.0	3320.9578537658076	0.0	0	50.75214821830741	3520.957853766042	1	0	tensor(3, device='cuda:0')	1.5976483738004197
226299.9107399388	2000.0	3221.0471138270664	0.0	0	0.0	3520.957853766071	1	0	tensor(3, device='cuda:0')	1.5976483738004112
227716.73692046668	2000.0	2804.220933299199	0.0	0	0.0	3520.957853766071	1	0	tensor(3, device='cuda:0')	1.5976483738004112
228451.65254377952	2000.0	3069.3053099863287	0.0	0	0.0	3520.957853766071	1	0	tensor(3, device='cuda:0')	1.5976483738004112
229502.5811166377	2000.0	3018.3767371281556	0.0	0	0.0	3520.957853766071	1	0	tensor(3, device='cuda:0')	1.5976483738004112
230390.15906779605	2000.0	3130.7987859698123	0.0	0	0.0	3520.957853766071	1	0	tensor(3, device='cuda:0')	1.5976483738004112
231445.0425057378	2000.0	3075.915348028058	0.0	0	0.0	3520.957853766071	1	0	tensor(3, device='cuda:0')	1.5976483738004112
232200.0	2000.0	3320.9578537658494	0.0	0	129.43033316655783	3520.957853766071	1	0	tensor(3, device='cuda:0')	1.5976483738004112
233200.0	2000.0	3320.9578537658313	0.0	0	54.03840310807573	3520.957853766071	1	0	tensor(3, device='cuda:0')	1.5976483738004112
234770.9988795834	2000.0	2749.958974182423	0.0	0	0.0	3520.957853766071	1	0	tensor(3, device='cuda:0')	1.5976483738004112
236109.38875562887	2000.0	2411.56909813698	0.0	0	0.0	3520.957853766071	1	0	tensor(3, device='cuda:0')	1.5976483738004112
237817.19553781505	2000.0	1703.7623159507825	0.0	0	0.0	3520.957853766071	1	0	tensor(3, device='cuda:0')	1.5976483738004112
238214.03421531577	500.0	2306.923638450079	0.0	0	0.0	3520.957853766042	1	0	tensor(3, device='cuda:0')	-1.1749403484393617
238822.88399069055	500.0	2698.0738630752735	0.0	0	0.0	3520.957853766042	1	0	tensor(3, device='cuda:0')	0.21135401268052906
239477.18372821744	500.0	3043.774125548379	0.0	0	0.0	3520.957853766042	1	0	tensor(3, device='cuda:0')	0.21135401268052906
240980.9046535941	2000.0	2540.053200171709	0.0	0	0.0	3520.957853766042	1	0	tensor(3, device='cuda:0')	0.21135401268052895
243096.40121069254	2000.0	1424.556643073297	0.0	0	0.0	3520.957853766071	1	0	tensor(3, device='cuda:0')	1.5976483738004112
243577.70762445926	500.0	1943.2502293065572	0.0	0	0.0	3520.957853766042	1	0	tensor(3, device='cuda:0')	-1.1749403484393617
245585.669408657	2000.0	935.2884451088357	0.0	0	0.0	3520.957853766042	1	0	tensor(3, device='cuda:0')	0.21135401268052895
246039.04460647074	500.0	1481.913247295115	0.0	0	0.0	3520.957853766042	1	0	tensor(3, device='cuda:0')	-1.1749403484393617
246411.3264379927	500.0	2109.6314157731003	0.0	0	0.0	3520.957853766042	1	0	tensor(3, device='cuda:0')	0.21135401268052906
248313.11145620083	2000.0	1207.8463975649772	0.0	0	0.0	3520.957853766042	1	0	tensor(3, device='cuda:0')	0.21135401268052895
248952.20138141225	500.0	1568.7564723535393	0.0	0	0.0	3520.957853766042	1	0	tensor(3, device='cuda:0')	-1.1749403484393617
249362.38757665883	500.0	2158.5702771069614	0.0	0	0.0	3520.957853766042	1	0	tensor(3, device='cuda:0')	0.21135401268052906
249684.95309235377	500.0	2836.0047614120117	0.0	0	0.0	3520.957853766042	1	0	tensor(3, device='cuda:0')	0.21135401268052906
251149.69942077517	2000.0	2371.25843299061	0.0	0	0.0	3520.957853766042	1	0	tensor(3, device='cuda:0')	0.21135401268052895
252577.30185917992	2000.0	1943.6559945858864	0.0	0	0.0	3520.957853766042	1	0	tensor(3, device='cuda:0')	1.5976483738004197
254555.86823237228	2000.0	965.0896213935484	0.0	0	0.0	3520.957853766042	1	0	tensor(3, device='cuda:0')	1.5976483738004197
255423.69252675265	2000.0	1097.2653270131577	0.0	0	0.0	3520.957853766042	1	0	tensor(3, device='cuda:0')	1.5976483738004197
256602.59144164785	2000.0	918.3664121179579	0.0	0	0.0	3520.957853766042	1	0	tensor(3, device='cuda:0')	1.5976483738004197
256983.7896873535	500.0	1537.1681664123419	0.0	0	0.0	3520.957853766042	1	0	tensor(3, device='cuda:0')	-1.1749403484393617
257277.5891492617	500.0	2243.368704504147	0.0	0	0.0	3520.957853766042	1	0	tensor(3, device='cuda:0')	0.21135401268052906
259035.14932101849	2000.0	1485.8085327473796	0.0	0	0.0	3520.957853766071	1	0	tensor(3, device='cuda:0')	0.21135401268052062
260431.24426358246	2000.0	1089.7135901834013	0.0	0	0.0	3520.957853766071	1	0	tensor(3, device='cuda:0')	1.5976483738004112
261584.9046008298	2000.0	936.053252936051	0.0	0	0.0	3520.957853766042	1	0	tensor(3, device='cuda:0')	1.5976483738004197
263259.37904071435	2000.0	261.57881305150624	0.0	0	0.0	3520.957853766071	1	0	tensor(3, device='cuda:0')	1.5976483738004095
263864.47699442826	500.0	691.9772619883165	35.49640265075442	0	0.0	3556.4542564168223	1	0	tensor(3, device='cuda:0')	-1.398203938556484
264470.20186911896	500.0	1086.2523872976174	0.0	0	0.0	3556.454256416793	1	0	tensor(3, device='cuda:0')	0.20106883846793822
265228.58767302975	500.0	1327.8665833868704	0.0	0	0.0	3556.4542564168514	1	0	tensor(3, device='cuda:0')	0.2010688384679331
265790.95374149404	500.0	1765.5005149225253	0.0	0	0.0	3556.454256416764	1	0	tensor(3, device='cuda:0')	0.20106883846794166
266304.72340202675	500.0	2251.730854389799	0.0	0	0.0	3556.454256416764	1	0	tensor(3, device='cuda:0')	0.2010688384679485
266682.96735464456	500.0	2873.4869017720566	0.0	0	0.0	3556.454256416764	1	0	tensor(3, device='cuda:0')	0.2010688384679485
268377.146151808	2000.0	2179.3081046086263	0.0	0	0.0	3556.454256416764	1	0	tensor(3, device='cuda:0')	0.20106883846794843
269148.40378082317	2000.0	2408.050475593502	0.0	0	0.0	3556.454256416764	1	0	tensor(3, device='cuda:0')	1.587363199587839
269841.8941790071	2000.0	2714.56007740954	0.0	0	0.0	3556.454256416706	1	0	tensor(3, device='cuda:0')	1.5873631995878563
270972.8533080552	2000.0	2583.600948361495	0.0	0	0.0	3556.454256416706	1	0	tensor(3, device='cuda:0')	1.5873631995878563
272245.55313889025	2000.0	2310.9011175264377	0.0	0	0.0	3556.454256416706	1	0	tensor(3, device='cuda:0')	1.5873631995878563
273247.4134238798	2000.0	2309.040832536826	0.0	0	0.0	3556.454256416706	1	0	tensor(3, device='cuda:0')	1.5873631995878563
274392.1765159864	2000.0	2164.2777404302674	0.0	0	0.0	3556.454256416706	1	0	tensor(3, device='cuda:0')	1.5873631995878563
275924.628437226	2000.0	1631.8258191906411	0.0	0	0.0	3556.4542564166477	1	0	tensor(3, device='cuda:0')	1.5873631995878734
276872.66084166354	2000.0	1683.7934147530625	0.0	0	0.0	3556.4542564165895	1	0	tensor(3, device='cuda:0')	1.5873631995878905
278424.0770591708	2000.0	1132.3771972457607	0.0	0	0.0	3556.4542564165895	1	0	tensor(3, device='cuda:0')	1.5873631995878905
279017.1970779853	500.0	1539.2571784312545	0.0	0	0.0	3556.4542564165895	1	0	tensor(3, device='cuda:0')	-1.1852255226518904
279543.83526038524	500.0	2012.6189960313152	0.0	0	0.0	3556.4542564165895	1	0	tensor(3, device='cuda:0')	0.2010688384679999
279939.5020001587	500.0	2616.95225625789	0.0	0	0.0	3556.4542564165895	1	0	tensor(3, device='cuda:0')	0.2010688384679999
280462.8890497467	500.0	3093.5652066700277	0.0	0	0.0	3556.4542564165895	1	0	tensor(3, device='cuda:0')	0.2010688384679999
282333.8270474025	2000.0	2222.6272090142	0.0	0	0.0	3556.4542564165895	1	0	tensor(3, device='cuda:0')	0.20106883846799994
283420.6039395297	2000.0	2135.8503168869543	0.0	0	0.0	3556.4542564165895	1	0	tensor(3, device='cuda:0')	1.5873631995878905
284646.0875667155	2000.0	1910.3666897011603	0.0	0	0.0	3556.4542564165895	1	0	tensor(3, device='cuda:0')	1.5873631995878905
286175.8109374256	2000.0	1380.6433189911068	0.0	0	0.0	3556.4542564165895	1	0	tensor(3, device='cuda:0')	1.5873631995878905
287609.8096195626	2000.0	946.6446368541187	0.0	0	0.0	3556.4542564165895	1	0	tensor(3, device='cuda:0')	1.5873631995878905
287992.5113663267	500.0	1563.942890089981	0.0	0	0.0	3556.4542564165895	1	0	tensor(3, device='cuda:0')	-1.1852255226518904
288363.98135853105	500.0	2192.472897885611	0.0	0	0.0	3556.4542564165895	1	0	tensor(3, device='cuda:0')	0.2010688384679999
288735.7858152627	500.0	2820.6684411539327	0.0	0	0.0	3556.4542564165895	1	0	tensor(3, device='cuda:0')	0.2010688384679999
289797.0962593697	2000.0	2759.3579970469596	0.0	0	0.0	3556.4542564165895	1	0	tensor(3, device='cuda:0')	0.20106883846799994
290739.6080523608	2000.0	2816.846204055892	0.0	0	0.0	3556.4542564166477	1	0	tensor(3, device='cuda:0')	1.5873631995878734
292210.4949711634	2000.0	2345.959285253294	0.0	0	0.0	3556.4542564165895	1	0	tensor(3, device='cuda:0')	1.5873631995878905
293170.4499933155	2000.0	2386.0042631011447	0.0	0	0.0	3556.4542564165895	1	0	tensor(3, device='cuda:0')	1.5873631995878905
294073.85214501934	2000.0	2482.602111397258	0.0	0	0.0	3556.4542564165895	1	0	tensor(3, device='cuda:0')	1.5873631995878905
295373.0276031055	2000.0	2183.4266533110354	0.0	0	0.0	3556.4542564165895	1	0	tensor(3, device='cuda:0')	1.5873631995878905
296385.7167177798	2000.0	2170.737538636775	0.0	0	0.0	3556.4542564166477	1	0	tensor(3, device='cuda:0')	1.5873631995878734
298971.1016157801	2000.0	585.3526406365465	0.0	0	0.0	3556.4542564166477	1	0	tensor(3, device='cuda:0')	1.5873631995878734
299377.82110339165	500.0	1178.6331530250181	0.0	0	0.0	3556.4542564166477	1	0	tensor(3, device='cuda:0')	-1.185225522651908
299961.3716442793	500.0	1595.08261213737	0.0	0	0.0	3556.4542564166477	1	0	tensor(3, device='cuda:0')	0.20106883846798285
300546.7409400283	500.0	2009.713316388279	0.0	0	0.0	3556.4542564166477	1	0	tensor(3, device='cuda:0')	0.20106883846798285
301006.6267355817	500.0	2549.827520834893	0.0	0	0.0	3556.4542564166477	1	0	tensor(3, device='cuda:0')	0.20106883846798285
2.12	2.97	2.07	1.34	1.07	1.23	1.63	2.72	2.04	1.99	1.32	1.83	2.11	2.18	1.75	2.53	1.58	1.73	1.92	2.25	1.31	1.67	1.83	1.51	1.84	1.7	1.4	2.25	2.49	1.69	1.66	1.52	1.14	0.961	0.788	1.39	1.88	2.15	1.97	1.92	2.0	1.44	1.51	1.59	1.8	2.02	1.03	1.32	1.4	2.2	1.59	0.591	0.637	0.915	1.74	2.61	1.98	1.85	1.62	2.36	2.0	0.996	0.799	0.973	1.15	1.14	2.2	1.64	1.18	1.68	1.96	1.17	0.927	1.76	1.14	1.32	1.46	2.18	1.93	1.69	1.47	2.32	2.61	1.59	1.1	1.33	1.37	1.68	1.32	1.42	1.11	0.927	0.985	1.58	1.78	1.62	2.28	1.47	0.822	0.892	1.31	1.62	1.12	1.56	1.95	1.63	1.4	1.4	2.15	1.23	1.58	1.48	2.13	2.54	1.31	0.938	1.42	1.75	1.69	1.22	1.32	2.22	2.25	1.87	1.97	1.14	1.47	1.85	1.59	1.29	1.39	1.42	2.11	1.98	1.03	1.12	1.27	2.02	3.12	2.06	1.62	1.45	1.2	1.62	2.04	1.76	0.869	1.46	1.91	1.56	1.98	2.28	2.15	2.41	2.31	2.56	2.88	1.67	1.58	1.45	0.672	1.14	2.24	1.71	2.51	1.49	2.29	3.21	2.07	1.12	1.54	2.29	2.25	2.14	2.13	1.99	2.87	2.86	2.55	1.6	0.614	0.961	1.34	2.53	1.92	1.83	1.56	1.46	1.63	1.09	0.544	1.22	1.19	1.67	2.64	2.95	2.56	1.44	0.904	2.04	2.42	2.37	1.84	2.44	2.42	2.48	1.19	0.66	1.11	1.59	1.34	1.46	1.54	0.834	0.776	1.24	1.59	2.66	2.81	2.65	1.39	1.17	2.17	2.55	1.69	2.05	2.71	1.66	1.19	1.45	1.1	1.29	1.12	0.88	1.33	1.09	1.29	1.2	1.75	0.892	1.53	1.51	1.01	0.985	1.32	1.59	1.19	1.33	1.24	2.19	1.78	1.52	1.02	1.59	1.61	2.27	1.68	1.22	0.985	0.904	1.31	1.19	1.22	2.31	2.61	2.19	1.91	1.82	1.52	1.96	1.56	1.78	1.47	1.16	0.996	1.45	1.47	1.52	1.32	1.44	1.67	1.04	1.11	1.76	2.5	1.66	1.93	2.29	1.73	1.42	1.69	0.811	0.776	0.996	0.892	1.39	1.39	1.41	1.93
1622.0	1623.0	1624.0	1625.0	1626.0	1627.0	1628.0	1629.0	1630.0	1631.0	1632.0	1633.0	1634.0	1635.0	1636.0	1637.0	1638.0	1639.0	1640.0	1641.0	1642.0	1643.0	1644.0	1645.0	1646.0	1647.0	1648.0	1649.0	1650.0	1651.0	1652.0	1653.0	1654.0	1655.0	1656.0	1657.0	1658.0	1659.0	1660.0	1661.0	1662.0	1663.0	1664.0	1665.0	1666.0	1667.0	1668.0	1669.0	1670.0	1671.0	1672.0	1673.0	1674.0	1675.0	1676.0	1677.0	1678.0	1679.0	1680.0	1681.0	1682.0	1683.0	1684.0	1685.0	1686.0	1687.0	1688.0	1689.0	1690.0	1691.0	1692.0	1693.0	1694.0	1695.0	1696.0	1697.0	1698.0	1699.0	1700.0	1701.0	1702.0	1703.0	1704.0	1705.0	1706.0	1707.0	1708.0	1709.0	1710.0	1711.0	1712.0	1713.0	1714.0	1715.0	1716.0	1717.0	1718.0	1719.0	1720.0	1721.0	1722.0	1723.0	1724.0	1725.0	1726.0	1727.0	1728.0	1729.0	1730.0	1731.0	1732.0	1733.0	1734.0	1735.0	1736.0	1737.0	1738.0	1739.0	1740.0	1741.0	1742.0	1743.0	1744.0	1745.0	1746.0	1747.0	1748.0	1749.0	1750.0	1751.0	1752.0	1753.0	1754.0	1755.0	1756.0	1757.0	1758.0	1759.0	1760.0	1761.0	1762.0	1763.0	1764.0	1765.0	1766.0	1767.0	1768.0	1769.0	1770.0	1771.0	1772.0	1773.0	1774.0	1775.0	1776.0	1777.0	1778.0	1779.0	1780.0	1781.0	1782.0	1783.0	1784.0	1785.0	1786.0	1787.0	1788.0	1789.0	1790.0	1791.0	1792.0	1793.0	1794.0	1795.0	1796.0	1797.0	1798.0	1799.0	1800.0	1801.0	1802.0	1803.0	1804.0	1805.0	1806.0	1807.0	1808.0	1809.0	1810.0	1811.0	1812.0	1813.0	1814.0	1815.0	1816.0	1817.0	1818.0	1819.0	1820.0	1821.0	1822.0	1823.0	1824.0	1825.0	1826.0	1827.0	1828.0	1829.0	1830.0	1831.0	1832.0	1833.0	1834.0	1835.0	1836.0	1837.0	1838.0	1839.0	1840.0	1841.0	1842.0	1843.0	1844.0	1845.0	1846.0	1847.0	1848.0	1849.0	1850.0	1851.0	1852.0	1853.0	1854.0	1855.0	1856.0	1857.0	1858.0	1859.0	1860.0	1861.0	1862.0	1863.0	1864.0	1865.0	1866.0	1867.0	1868.0	1869.0	1870.0	1871.0	1872.0	1873.0	1874.0	1875.0	1876.0	1877.0	1878.0	1879.0	1880.0	1881.0	1882.0	1883.0	1884.0	1885.0	1886.0	1887.0	1888.0	1889.0	1890.0	1891.0	1892.0	1893.0	1894.0	1895.0	1896.0	1897.0	1898.0	1899.0	1900.0	1901.0	1902.0	1903.0	1904.0	1905.0	1906.0	1907.0	1908.0	1909.0	1910.0	1911.0	1912.0	1913.0	1914.0	1915.0	1916.0	1917.0	1918.0	1919.0	1920.0
5396.0
