8646.063875780173	300.0	2000.0	145.37857483966823	0	0.0	8646.063875780173	1	0	tensor(5, device='cuda:0')	-5.090094114914813
9225.47213573263	2000.0	2275.7396750594307	0.0	0	0.0	8501.211810792061	1	0	tensor(5, device='cuda:0')	-3.9863806753721565
10076.781835368713	2000.0	2211.60255051433	0.0	0	0.0	8288.384385883042	1	0	tensor(5, device='cuda:0')	-2.169779619176539
11444.04269847551	2000.0	1502.526471630832	0.0	0	0.0	7946.5691701063415	1	0	tensor(5, device='cuda:0')	-2.31367312100373
12400.744833793186	2000.0	1306.6488024837388	0.0	0	0.0	7707.393636276924	1	0	tensor(5, device='cuda:0')	-1.9870497759684247
13128.304001665196	2000.0	1397.1998426437249	0.0	0	0.0	7525.503844308919	1	0	tensor(5, device='cuda:0')	-1.7690061051985946
14042.896345669415	2000.0	1253.959412638453	0.0	0	0.0	7296.855758307867	1	0	tensor(5, device='cuda:0')	-1.728927390088662
14535.718621366921	2000.0	1637.9315680165707	0.0	0	0.0	7173.650189383493	1	0	tensor(5, device='cuda:0')	-1.4127688904232507
14991.158411912113	2000.0	2068.6318298350807	0.0	0	0.0	7059.790241747195	1	0	tensor(5, device='cuda:0')	-1.3128384351883406
15667.45834526333	2000.0	2223.2569131460587	0.0	0	0.0	6890.715258409389	1	0	tensor(5, device='cuda:0')	-1.3060432016836883
16182.590805435064	2000.0	2579.341337931393	0.0	0	0.0	6761.932143366457	1	0	tensor(5, device='cuda:0')	-1.1065431862468773
17122.55428019914	2000.0	2404.3869944762973	0.0	0	0.0	6526.941274675439	1	0	tensor(5, device='cuda:0')	-1.1359254192583088
17852.615242326054	2000.0	2491.8107918176515	0.0	0	0.0	6344.4260341437075	1	0	tensor(5, device='cuda:0')	-0.8455237077704993
18584.502486543257	2000.0	2576.951736546141	0.0	0	0.0	6161.4542230894	1	0	tensor(5, device='cuda:0')	-0.6612742525210592
19205.587488746853	2000.0	2800.5954837916547	0.0	0	0.0	6006.182972538509	1	0	tensor(5, device='cuda:0')	-0.45037136341282363
19898.534983814687	2000.0	2934.411114956864	0.0	0	0.0	5832.946098771552	1	0	tensor(5, device='cuda:0')	-0.31905278585258495
20886.508886603977	2000.0	2699.44373647025	0.0	0	0.0	5585.952623074227	1	0	tensor(5, device='cuda:0')	-0.23560269076407137
21533.305159710973	2000.0	2890.9483950865106	0.0	0	0.0	5424.253554797484	1	0	tensor(5, device='cuda:0')	0.11264795253128632
22041.94018792434	2000.0	3255.154609819801	0.0	0	0.0	5297.0947977441465	1	0	tensor(5, device='cuda:0')	0.2990645543952952
22542.186068718955	2000.0	3629.847258826541	0.0	0	0.0	5172.033327545498	1	0	tensor(5, device='cuda:0')	0.4144325193978397
23149.427964762664	2000.0	3870.7948887718994	0.0	0	0.0	5020.222853534564	1	0	tensor(5, device='cuda:0')	0.4788776549126731
23926.043428173296	2000.0	3900.025559508608	0.0	0	0.0	4826.068987681905	1	0	tensor(5, device='cuda:0')	0.5356875362816731
24554.667801385825	2000.0	4114.245092992947	0.0	0	0.0	4668.912894378773	1	0	tensor(5, device='cuda:0')	0.7327520725914105
25200.0	2000.0	4307.579844725227	0.0	0	156.06002091317714	4507.579844725227	1	0	tensor(5, device='cuda:0')	0.8125278822554932
26200.0	2000.0	4057.579844725231	0.0	0	31.926836158294464	4257.579844725227	1	0	tensor(5, device='cuda:0')	0.7745295229140634
27200.0	2000.0	3807.579844725236	0.0	0	165.5269792256695	4007.579844725238	1	0	tensor(5, device='cuda:0')	0.8904833127972653
28200.0	2000.0	3807.5798447252323	0.0	0	385.8065264026882	4007.579844725238	1	0	tensor(3, device='cuda:0')	0.9270062495192554
29200.0	2000.0	3807.5798447252323	0.0	0	449.2071808690671	4007.5798447252346	1	0	tensor(3, device='cuda:0')	1.427006249519257
30200.0	2000.0	3807.579844725229	0.0	0	432.3854149058752	4007.5798447252346	1	0	tensor(3, device='cuda:0')	1.427006249519257
31200.0	2000.0	3807.5798447252323	0.0	0	347.10447095426935	4007.5798447252346	1	0	tensor(3, device='cuda:0')	1.427006249519257
32200.0	2000.0	3807.5798447252355	0.0	0	516.1032746169476	4007.5798447252346	1	0	tensor(3, device='cuda:0')	1.427006249519257
33200.0	2000.0	3807.5798447252296	0.0	0	254.1721350942462	4007.5798447252237	1	0	tensor(3, device='cuda:0')	1.4270062495192593
34200.0	2000.0	3807.579844725229	0.0	0	403.63842496175494	4007.5798447252237	1	0	tensor(3, device='cuda:0')	1.42700624951926
35200.0	2000.0	3807.579844725231	0.0	0	483.4888039424841	4007.5798447252273	1	0	tensor(3, device='cuda:0')	1.4270062495192604
36200.0	2000.0	3807.579844725238	0.0	0	379.5767166310834	4007.5798447252346	1	0	tensor(3, device='cuda:0')	1.4270062495192581
37200.0	2000.0	3807.579844725241	0.0	0	333.5529551598229	4007.5798447252455	1	0	tensor(3, device='cuda:0')	1.4270062495192537
38200.0	2000.0	3807.579844725243	0.0	0	354.8211488631132	4007.579844725238	1	0	tensor(3, device='cuda:0')	1.4270062495192555
39200.0	2000.0	3807.579844725242	0.0	0	572.7741901731279	4007.579844725238	1	0	tensor(3, device='cuda:0')	1.4270062495192555
40200.0	2000.0	3807.5798447252478	0.0	0	545.169889644334	4007.579844725238	1	0	tensor(3, device='cuda:0')	1.4270062495192555
41200.0	2000.0	3807.579844725255	0.0	0	373.7624392595608	4007.579844725238	1	0	tensor(3, device='cuda:0')	1.4270062495192555
42200.0	2000.0	3807.5798447252605	0.0	0	449.9944072974831	4007.5798447252455	1	0	tensor(3, device='cuda:0')	1.4270062495192524
43200.0	2000.0	3807.5798447252555	0.0	0	55.647197803642484	4007.5798447252455	1	0	tensor(3, device='cuda:0')	1.4270062495192524
44200.0	2000.0	3807.5798447252537	0.0	0	310.71234516843106	4007.5798447252528	1	0	tensor(3, device='cuda:0')	1.427006249519249
45200.0	2000.0	3557.5798447252514	0.0	0	280.09684614140133	3757.5798447252455	1	0	tensor(5, device='cuda:0')	0.4903068496294618
46200.0	2000.0	3557.5798447252605	0.0	0	242.4248102727579	3757.5798447252455	1	0	tensor(3, device='cuda:0')	1.022989296956074
47200.0	2000.0	3557.579844725263	0.0	0	450.4580626719544	3757.5798447252528	1	0	tensor(3, device='cuda:0')	1.5229892969560717
48200.0	2000.0	3557.5798447252632	0.0	0	603.2964172025895	3757.5798447252528	1	0	tensor(3, device='cuda:0')	1.5229892969560717
49200.0	2000.0	3557.579844725261	0.0	0	589.988155287916	3757.5798447252455	1	0	tensor(3, device='cuda:0')	1.522989296956074
50200.0	2000.0	3557.579844725262	0.0	0	506.1918698760346	3757.5798447252455	1	0	tensor(3, device='cuda:0')	1.522989296956074
51200.0	2000.0	3557.5798447252555	0.0	0	362.8831432920415	3757.5798447252455	1	0	tensor(3, device='cuda:0')	1.522989296956074
52200.0	2000.0	3557.579844725255	0.0	0	408.03043690352933	3757.5798447252455	1	0	tensor(3, device='cuda:0')	1.522989296956074
53200.0	2000.0	3557.579844725254	0.0	0	593.9153660450102	3757.5798447252455	1	0	tensor(3, device='cuda:0')	1.522989296956074
54200.0	2000.0	3557.5798447252587	0.0	0	606.9415586234973	3757.5798447252528	1	0	tensor(3, device='cuda:0')	1.5229892969560717
55200.0	2000.0	3557.579844725254	0.0	0	461.08768420603883	3757.5798447252528	1	0	tensor(3, device='cuda:0')	1.5229892969560717
56334.09859256856	2000.0	3423.4812521566932	0.0	0	0.0	3757.5798447252528	1	0	tensor(3, device='cuda:0')	1.5229892969560717
57200.0	2000.0	3557.5798447252546	0.0	0	80.09628557884571	3757.5798447252528	1	0	tensor(3, device='cuda:0')	1.5229892969560717
58200.0	2000.0	3557.5798447252546	0.0	0	257.76516655052546	3757.5798447252528	1	0	tensor(3, device='cuda:0')	1.5229892969560717
59200.0	2000.0	3557.579844725252	0.0	0	412.35023810265557	3757.5798447252528	1	0	tensor(3, device='cuda:0')	1.5229892969560717
60200.0	2000.0	3557.5798447252514	0.0	0	410.71182525615586	3757.5798447252455	1	0	tensor(3, device='cuda:0')	1.522989296956074
61200.0	2000.0	3557.579844725261	0.0	0	232.1008071989272	3757.5798447252455	1	0	tensor(3, device='cuda:0')	1.522989296956074
62222.02633618864	2000.0	3535.553508536622	0.0	0	0.0	3757.5798447252455	1	0	tensor(3, device='cuda:0')	1.522989296956074
63449.25536653966	2000.0	3308.324478185596	0.0	0	0.0	3757.5798447252455	1	0	tensor(3, device='cuda:0')	1.522989296956074
64200.0	2000.0	3557.5798447252514	0.0	0	135.09727212171856	3757.5798447252455	1	0	tensor(3, device='cuda:0')	1.522989296956074
65433.40300123262	2000.0	3324.1768434926366	0.0	0	0.0	3757.579844725238	1	0	tensor(3, device='cuda:0')	1.5229892969560763
66200.0	2000.0	3557.5798447252564	0.0	0	240.31291403631622	3757.579844725238	1	0	tensor(3, device='cuda:0')	1.5229892969560774
67200.0	2000.0	3557.5798447252346	0.0	0	253.7600715377339	3757.579844725209	1	0	tensor(3, device='cuda:0')	1.5229892969560832
68200.0	2000.0	3557.5798447252214	0.0	0	314.09397853168775	3757.5798447251946	1	0	tensor(3, device='cuda:0')	1.522989296956088
69200.0	2000.0	3557.5798447252223	0.0	0	590.7115153520863	3757.5798447251946	1	0	tensor(3, device='cuda:0')	1.5229892969560894
70200.0	2000.0	3557.5798447252323	0.0	0	588.8370505737694	3757.579844725202	1	0	tensor(3, device='cuda:0')	1.522989296956089
71200.0	2000.0	3557.5798447252196	0.0	0	332.1116131039307	3757.579844725202	1	0	tensor(3, device='cuda:0')	1.522989296956089
72200.0	2000.0	3557.579844725215	0.0	0	350.3835429773753	3757.579844725202	1	0	tensor(3, device='cuda:0')	1.522989296956089
73291.2990806408	2000.0	3466.2807640843967	0.0	0	0.0	3757.579844725202	1	0	tensor(3, device='cuda:0')	1.522989296956089
74715.7698616193	2000.0	3041.8099831059194	0.0	0	0.0	3757.579844725202	1	0	tensor(3, device='cuda:0')	1.522989296956089
75403.5193678743	2000.0	3354.060476850913	0.0	0	0.0	3757.579844725202	1	0	tensor(3, device='cuda:0')	1.522989296956089
76291.2056422139	2000.0	3466.3742025112965	0.0	0	0.0	3757.579844725202	1	0	tensor(3, device='cuda:0')	1.522989296956089
77200.0	2000.0	3557.5798447251914	0.0	0	357.7677649725374	3757.5798447251873	1	0	tensor(3, device='cuda:0')	1.522989296956094
78200.0	2000.0	3557.579844725197	0.0	0	415.0919818002003	3757.5798447251873	1	0	tensor(3, device='cuda:0')	1.522989296956094
79200.0	2000.0	3557.5798447251896	0.0	0	514.1250979010947	3757.5798447251873	1	0	tensor(3, device='cuda:0')	1.522989296956094
80200.0	2000.0	3557.579844725193	0.0	0	326.1030587280693	3757.5798447251873	1	0	tensor(3, device='cuda:0')	1.522989296956094
81200.0	2000.0	3557.5798447251836	0.0	0	461.4679797280114	3757.5798447251873	1	0	tensor(3, device='cuda:0')	1.522989296956094
82200.0	2000.0	3557.579844725194	0.0	0	462.1546896621003	3757.579844725202	1	0	tensor(3, device='cuda:0')	1.522989296956089
83200.0	2000.0	3557.579844725186	0.0	0	371.83098433921987	3757.5798447251873	1	0	tensor(3, device='cuda:0')	1.522989296956094
84200.0	2000.0	3557.5798447251973	0.0	0	482.17427125207905	3757.5798447251873	1	0	tensor(3, device='cuda:0')	1.522989296956094
85200.0	2000.0	3557.579844725218	0.0	0	662.2666154829349	3757.5798447251873	1	0	tensor(3, device='cuda:0')	1.522989296956094
86200.0	2000.0	3557.579844725221	0.0	0	240.20427876373287	3757.579844725202	1	0	tensor(3, device='cuda:0')	1.522989296956089
87457.33439879796	2000.0	3300.2454459272535	0.0	0	0.0	3757.579844725202	1	0	tensor(3, device='cuda:0')	1.522989296956089
88536.16591017385	2000.0	3221.413934551371	0.0	0	0.0	3757.579844725202	1	0	tensor(3, device='cuda:0')	1.522989296956089
89389.69873073132	2000.0	3367.8811139938994	0.0	0	0.0	3757.579844725202	1	0	tensor(3, device='cuda:0')	1.522989296956089
90200.0	2000.0	3557.57984472523	0.0	0	100.9004143706552	3757.579844725202	1	0	tensor(3, device='cuda:0')	1.522989296956089
91200.0	2000.0	3557.579844725223	0.0	0	572.0500641577673	3757.579844725202	1	0	tensor(3, device='cuda:0')	1.522989296956089
92200.0	2000.0	3557.579844725214	0.0	0	633.3599715726741	3757.579844725202	1	0	tensor(3, device='cuda:0')	1.522989296956089
93200.0	2000.0	3557.579844725229	0.0	0	469.97394598774554	3757.579844725202	1	0	tensor(3, device='cuda:0')	1.522989296956089
94200.0	2000.0	3557.57984472522	0.0	0	560.6317887054465	3757.579844725202	1	0	tensor(3, device='cuda:0')	1.522989296956089
95200.0	2000.0	3557.5798447251977	0.0	0	483.8358794248343	3757.579844725202	1	0	tensor(3, device='cuda:0')	1.522989296956089
96200.0	2000.0	3557.579844725203	0.0	0	111.51418677251786	3757.5798447252164	1	0	tensor(3, device='cuda:0')	1.522989296956084
97200.0	2000.0	3557.579844725206	0.0	0	263.13034772239916	3757.5798447252164	1	0	tensor(3, device='cuda:0')	1.522989296956084
98200.0	2000.0	3557.579844725204	0.0	0	590.8238411729544	3757.5798447252164	1	0	tensor(3, device='cuda:0')	1.522989296956084
99200.0	2000.0	3557.5798447252023	0.0	0	498.04080933307705	3757.5798447252164	1	0	tensor(3, device='cuda:0')	1.522989296956084
100200.0	2000.0	3557.579844725203	0.0	0	118.18573294076486	3757.5798447252164	1	0	tensor(3, device='cuda:0')	1.522989296956084
101200.0	2000.0	3557.57984472522	0.0	0	107.74978595398716	3757.5798447252164	1	0	tensor(3, device='cuda:0')	1.522989296956084
102200.0	2000.0	3557.579844725215	0.0	0	29.63581655222515	3757.579844725202	1	0	tensor(3, device='cuda:0')	1.522989296956089
103200.0	2000.0	3557.5798447252087	0.0	0	349.5576410005742	3757.579844725202	1	0	tensor(3, device='cuda:0')	1.522989296956089
104200.0	2000.0	3557.5798447252023	0.0	0	360.87610180448974	3757.579844725202	1	0	tensor(3, device='cuda:0')	1.522989296956089
105200.0	2000.0	3557.5798447251977	0.0	0	466.0436887132091	3757.579844725202	1	0	tensor(3, device='cuda:0')	1.522989296956089
106200.0	2000.0	3557.5798447251896	0.0	0	546.6823207794077	3757.579844725202	1	0	tensor(3, device='cuda:0')	1.522989296956089
107200.0	2000.0	3557.5798447251846	0.0	0	329.4714032486663	3757.579844725202	1	0	tensor(3, device='cuda:0')	1.522989296956089
108200.0	2000.0	3557.57984472518	0.0	0	217.46537700219778	3757.579844725202	1	0	tensor(3, device='cuda:0')	1.522989296956089
109200.0	2000.0	3557.579844725189	0.0	0	478.70701142787584	3757.579844725202	1	0	tensor(3, device='cuda:0')	1.522989296956089
110200.0	2000.0	3557.579844725191	0.0	0	437.94867802511726	3757.579844725202	1	0	tensor(3, device='cuda:0')	1.522989296956089
111200.0	2000.0	3557.5798447252055	0.0	0	402.78365446886164	3757.579844725202	1	0	tensor(3, device='cuda:0')	1.522989296956089
112200.0	2000.0	3557.579844725222	0.0	0	253.30126089515397	3757.579844725202	1	0	tensor(3, device='cuda:0')	1.522989296956089
113200.0	2000.0	3557.57984472524	0.0	0	279.2827089754137	3757.5798447252164	1	0	tensor(3, device='cuda:0')	1.522989296956084
114200.0	2000.0	3557.5798447252514	0.0	0	501.12961208849447	3757.579844725231	1	0	tensor(3, device='cuda:0')	1.522989296956079
115200.0	2000.0	3557.5798447252396	0.0	0	74.58699669316411	3757.579844725231	1	0	tensor(3, device='cuda:0')	1.522989296956079
116200.0	2000.0	3557.57984472523	0.0	0	253.4013195738953	3757.579844725231	1	0	tensor(3, device='cuda:0')	1.522989296956079
117200.0	2000.0	3557.5798447252264	0.0	0	106.51269826710632	3757.5798447252164	1	0	tensor(3, device='cuda:0')	1.522989296956084
118229.39424601164	2000.0	3528.185598713593	0.0	0	0.0	3757.5798447252164	1	0	tensor(3, device='cuda:0')	1.522989296956084
119433.78854180209	2000.0	3323.791302923127	0.0	0	0.0	3757.5798447252164	1	0	tensor(3, device='cuda:0')	1.522989296956084
120289.76032050398	2000.0	3467.8195242212487	0.0	0	0.0	3757.579844725231	1	0	tensor(3, device='cuda:0')	1.522989296956079
121200.0	2000.0	3557.579844725229	0.0	0	170.56966767672566	3757.579844725231	1	0	tensor(3, device='cuda:0')	1.522989296956079
122200.0	2000.0	3557.579844725239	0.0	0	7.894122019642964	3757.5798447252164	1	0	tensor(3, device='cuda:0')	1.522989296956084
123343.87351392533	2000.0	3413.706330799915	0.0	0	0.0	3757.5798447252164	1	0	tensor(3, device='cuda:0')	1.522989296956084
124698.42380329213	2000.0	3059.156041433116	0.0	0	0.0	3757.5798447252164	1	0	tensor(3, device='cuda:0')	1.522989296956084
125578.700174829	2000.0	3178.8796698962497	0.0	0	0.0	3757.5798447252164	1	0	tensor(3, device='cuda:0')	1.522989296956084
126523.20790585579	2000.0	3234.3719388694635	0.0	0	0.0	3757.5798447252164	1	0	tensor(3, device='cuda:0')	1.522989296956084
127478.6586335655	2000.0	3278.9212111597544	0.0	0	0.0	3757.5798447252164	1	0	tensor(3, device='cuda:0')	1.522989296956084
128200.0	2000.0	3557.5798447252396	0.0	0	124.1720111152099	3757.5798447252164	1	0	tensor(3, device='cuda:0')	1.522989296956084
129200.0	2000.0	3557.5798447252587	0.0	0	208.55967515750672	3757.5798447252164	1	0	tensor(3, device='cuda:0')	1.522989296956084
130200.0	2000.0	3557.5798447252796	0.0	0	324.3518366501521	3757.5798447252164	1	0	tensor(3, device='cuda:0')	1.522989296956084
131200.0	2000.0	3557.579844725293	0.0	0	400.3818916905002	3757.5798447252164	1	0	tensor(3, device='cuda:0')	1.522989296956084
132200.0	2000.0	3557.5798447252614	0.0	0	514.4474866689125	3757.5798447251873	1	0	tensor(3, device='cuda:0')	1.522989296956087
133200.0	2000.0	3557.579844725255	0.0	0	556.5116977187281	3757.5798447251727	1	0	tensor(3, device='cuda:0')	1.522989296956096
134200.0	2000.0	3557.5798447252296	0.0	0	330.2499329994316	3757.579844725158	1	0	tensor(3, device='cuda:0')	1.5229892969561023
135200.0	2000.0	3557.5798447252173	0.0	0	396.9732843072852	3757.5798447251436	1	0	tensor(3, device='cuda:0')	1.5229892969561054
136200.0	2000.0	3557.5798447252073	0.0	0	564.5488527504785	3757.5798447251436	1	0	tensor(3, device='cuda:0')	1.5229892969561094
137256.25700813078	2000.0	3501.3228365944083	0.0	0	0.0	3757.5798447251436	1	0	tensor(3, device='cuda:0')	1.5229892969561094
138200.0	2000.0	3557.579844725194	0.0	0	15.954598644661019	3757.5798447251436	1	0	tensor(3, device='cuda:0')	1.5229892969561094
139200.0	2000.0	3557.579844725216	0.0	0	516.7993472388771	3757.5798447251436	1	0	tensor(3, device='cuda:0')	1.5229892969561094
140200.0	2000.0	3557.579844725192	0.0	0	380.122696141334	3757.5798447251436	1	0	tensor(3, device='cuda:0')	1.5229892969561094
141200.0	2000.0	3557.579844725157	0.0	0	416.76269794494146	3757.5798447251436	1	0	tensor(3, device='cuda:0')	1.5229892969561094
142200.0	2000.0	3557.5798447251614	0.0	0	200.76644252549158	3757.5798447251436	1	0	tensor(3, device='cuda:0')	1.5229892969561094
143204.6928917675	2000.0	3552.886952957659	0.0	0	0.0	3757.5798447251436	1	0	tensor(3, device='cuda:0')	1.5229892969561094
144200.0	2000.0	3557.5798447251927	0.0	0	156.92398922884604	3757.5798447251436	1	0	tensor(3, device='cuda:0')	1.5229892969561094
145200.0	2000.0	3557.5798447251896	0.0	0	259.1726508170541	3757.5798447251436	1	0	tensor(3, device='cuda:0')	1.5229892969561094
146200.0	2000.0	3557.579844725178	0.0	0	288.750804832438	3757.5798447251436	1	0	tensor(3, device='cuda:0')	1.5229892969561094
147200.0	2000.0	3557.579844725164	0.0	0	407.71169937137165	3757.5798447251436	1	0	tensor(3, device='cuda:0')	1.5229892969561094
148200.0	2000.0	3557.579844725149	0.0	0	324.9332015683758	3757.5798447251145	1	0	tensor(3, device='cuda:0')	1.5229892969561192
149200.0	2000.0	3557.579844725177	0.0	0	241.1611082489544	3757.5798447251145	1	0	tensor(3, device='cuda:0')	1.5229892969561192
150200.0	2000.0	3557.5798447251395	0.0	0	258.7595782438584	3757.5798447251145	1	0	tensor(3, device='cuda:0')	1.5229892969561192
151200.0	2000.0	3557.57984472517	0.0	0	197.93456515166326	3757.5798447251145	1	0	tensor(3, device='cuda:0')	1.5229892969561192
152200.0	2000.0	3557.579844725186	0.0	0	380.5035585000005	3757.5798447251145	1	0	tensor(3, device='cuda:0')	1.5229892969561192
153200.0	2000.0	3557.5798447251887	0.0	0	312.12574451992987	3757.5798447251145	1	0	tensor(3, device='cuda:0')	1.5229892969561192
154200.0	2000.0	3557.57984472518	0.0	0	313.9029214119946	3757.5798447251145	1	0	tensor(3, device='cuda:0')	1.5229892969561192
155200.0	2000.0	3557.57984472517	0.0	0	114.9490564945736	3757.5798447251145	1	0	tensor(3, device='cuda:0')	1.5229892969561192
156548.60607500756	2000.0	3208.973769717625	0.0	0	0.0	3757.5798447250854	1	0	tensor(3, device='cuda:0')	1.5229892969561296
157841.62633511593	2000.0	2915.9535096092714	0.0	0	0.0	3757.5798447250854	1	0	tensor(3, device='cuda:0')	1.5229892969561296
158944.7455677917	2000.0	2812.8342769335027	0.0	0	0.0	3757.5798447250854	1	0	tensor(3, device='cuda:0')	1.5229892969561296
159885.50866423245	2000.0	2872.0711804927273	0.0	0	0.0	3757.5798447250854	1	0	tensor(3, device='cuda:0')	1.5229892969561296
160720.292633079	2000.0	3037.287211646199	0.0	0	0.0	3757.5798447250854	1	0	tensor(3, device='cuda:0')	1.5229892969561296
161648.1793358054	2000.0	3109.4005089197844	0.0	0	0.0	3757.5798447250854	1	0	tensor(3, device='cuda:0')	1.5229892969561296
162200.0	2000.0	3557.5798447251955	0.0	0	48.17644812242361	3757.5798447250854	1	0	tensor(3, device='cuda:0')	1.5229892969561296
163200.0	2000.0	3557.5798447252046	0.0	0	488.58967156603467	3757.5798447250854	1	0	tensor(3, device='cuda:0')	1.5229892969561296
164287.35300511483	2000.0	3470.226839610377	0.0	0	0.0	3757.5798447251145	1	0	tensor(3, device='cuda:0')	1.5229892969561192
165878.72698422993	2000.0	2878.8528604952553	0.0	0	0.0	3757.5798447251145	1	0	tensor(3, device='cuda:0')	1.5229892969561192
167125.5754505716	2000.0	2632.004394153584	0.0	0	0.0	3757.5798447251145	1	0	tensor(3, device='cuda:0')	1.5229892969561192
168000.48931290794	2000.0	2757.0905318172054	0.0	0	0.0	3757.5798447251145	1	0	tensor(3, device='cuda:0')	1.5229892969561192
168700.76914088996	2000.0	3056.8107038351745	0.0	0	0.0	3757.5798447251145	1	0	tensor(3, device='cuda:0')	1.5229892969561192
169415.74598614813	2000.0	3341.833858576988	0.0	0	0.0	3757.5798447251145	1	0	tensor(3, device='cuda:0')	1.5229892969561192
170513.1051318966	2000.0	3244.4747128285035	0.0	0	0.0	3757.5798447250854	1	0	tensor(3, device='cuda:0')	1.5229892969561296
171876.90208792855	2000.0	2880.6777567965355	0.0	0	0.0	3757.5798447250854	1	0	tensor(3, device='cuda:0')	1.5229892969561296
172601.16084158138	2000.0	3156.419003143673	0.0	0	0.0	3757.5798447250854	1	0	tensor(3, device='cuda:0')	1.5229892969561296
173200.0	2000.0	3557.5798447250536	0.0	0	175.43782946452848	3757.5798447250854	1	0	tensor(3, device='cuda:0')	1.5229892969561296
174200.0	2000.0	3557.5798447250645	0.0	0	315.2949927925074	3757.5798447250854	1	0	tensor(3, device='cuda:0')	1.5229892969561296
175346.87393521078	2000.0	3410.705909514269	0.0	0	0.0	3757.5798447250563	1	0	tensor(3, device='cuda:0')	1.5229892969561396
176448.1495246328	2000.0	3309.4303200922477	0.0	0	0.0	3757.579844725027	1	0	tensor(3, device='cuda:0')	1.5229892969561498
177720.35017973435	2000.0	3037.2296649907044	0.0	0	0.0	3757.579844725027	1	0	tensor(3, device='cuda:0')	1.5229892969561498
178573.67918654645	2000.0	3183.9006581785707	0.0	0	0.0	3757.579844725027	1	0	tensor(3, device='cuda:0')	1.5229892969561498
179460.80746427714	2000.0	3296.7723804478946	0.0	0	0.0	3757.5798447250563	1	0	tensor(3, device='cuda:0')	1.5229892969561396
180200.0	2000.0	3557.579844725046	0.0	0	253.32069810011308	3757.5798447250563	1	0	tensor(3, device='cuda:0')	1.5229892969561396
181200.0	2000.0	3557.579844725024	0.0	0	36.07373140458367	3757.579844725027	1	0	tensor(3, device='cuda:0')	1.5229892969561498
182235.91031989432	2000.0	3521.6695248306996	0.0	0	0.0	3757.579844725027	1	0	tensor(3, device='cuda:0')	1.5229892969561498
183203.47045528327	2000.0	3554.109389441723	0.0	0	0.0	3757.579844725027	1	0	tensor(3, device='cuda:0')	1.5229892969561498
184200.0	2000.0	3557.5798447249963	0.0	0	299.3463838470634	3757.5798447250563	1	0	tensor(3, device='cuda:0')	1.5229892969561396
185200.0	2000.0	3557.57984472504	0.0	0	33.29314030249952	3757.5798447250563	1	0	tensor(3, device='cuda:0')	1.5229892969561396
186200.0	2000.0	3557.579844725041	0.0	0	30.116465322615113	3757.5798447250563	1	0	tensor(3, device='cuda:0')	1.5229892969561396
187200.0	2000.0	3557.5798447250286	0.0	0	112.93402351910481	3757.5798447250563	1	0	tensor(3, device='cuda:0')	1.5229892969561396
188200.0	2000.0	3557.579844725052	0.0	0	355.61601058224915	3757.5798447250854	1	0	tensor(3, device='cuda:0')	1.5229892969561296
189200.0	2000.0	3557.579844725059	0.0	0	343.978572083608	3757.5798447251145	1	0	tensor(3, device='cuda:0')	1.5229892969561192
190200.0	2000.0	3557.579844725092	0.0	0	333.31346692997613	3757.5798447251436	1	0	tensor(3, device='cuda:0')	1.5229892969561094
191200.0	2000.0	3557.5798447250886	0.0	0	389.58680610419833	3757.5798447251436	1	0	tensor(3, device='cuda:0')	1.5229892969561094
192200.0	2000.0	3557.5798447250586	0.0	0	392.2038303146837	3757.5798447251436	1	0	tensor(3, device='cuda:0')	1.5229892969561094
193200.0	2000.0	3557.579844725064	0.0	0	489.5507842451334	3757.5798447251436	1	0	tensor(3, device='cuda:0')	1.5229892969561094
194216.88382979366	2000.0	3540.6960149314255	0.0	0	0.0	3757.5798447251436	1	0	tensor(3, device='cuda:0')	1.5229892969561094
195274.319261675	2000.0	3483.2605830500697	0.0	0	0.0	3757.5798447251436	1	0	tensor(3, device='cuda:0')	1.5229892969561094
196217.19919252946	2000.0	3540.3806521956017	0.0	0	0.0	3757.5798447251436	1	0	tensor(3, device='cuda:0')	1.5229892969561094
197200.0	2000.0	3557.5798447250972	0.0	0	143.42267958607408	3757.5798447251727	1	0	tensor(3, device='cuda:0')	1.5229892969560992
198403.07628214607	2000.0	3354.5035625790624	0.0	0	0.0	3757.579844725202	1	0	tensor(3, device='cuda:0')	1.522989296956089
199327.0538908711	2000.0	3430.5259538540176	0.0	0	0.0	3757.579844725202	1	0	tensor(3, device='cuda:0')	1.522989296956089
200234.996607191	2000.0	3522.5832375341183	0.0	0	0.0	3757.579844725202	1	0	tensor(3, device='cuda:0')	1.522989296956089
201200.0	2000.0	3557.5798447251104	0.0	0	316.49335337549564	3757.579844725202	1	0	tensor(3, device='cuda:0')	1.522989296956089
202200.0	2000.0	3557.5798447251173	0.0	0	185.91424291156	3757.579844725202	1	0	tensor(3, device='cuda:0')	1.522989296956089
203200.0	2000.0	3557.5798447251386	0.0	0	230.5781070055964	3757.579844725202	1	0	tensor(3, device='cuda:0')	1.522989296956089
204200.0	2000.0	3557.579844725162	0.0	0	316.9228581621719	3757.579844725202	1	0	tensor(3, device='cuda:0')	1.522989296956089
205200.0	2000.0	3557.5798447251777	0.0	0	305.21119676239323	3757.579844725202	1	0	tensor(3, device='cuda:0')	1.522989296956089
206200.0	2000.0	3557.579844725166	0.0	0	318.677898816386	3757.579844725202	1	0	tensor(3, device='cuda:0')	1.522989296956089
207200.0	2000.0	3557.5798447251777	0.0	0	388.2687152745202	3757.579844725202	1	0	tensor(3, device='cuda:0')	1.522989296956089
208200.0	2000.0	3557.579844725183	0.0	0	284.7328485251928	3757.579844725202	1	0	tensor(3, device='cuda:0')	1.522989296956089
209200.0	2000.0	3557.579844725161	0.0	0	378.8477755166532	3757.579844725202	1	0	tensor(3, device='cuda:0')	1.522989296956089
210200.0	2000.0	3557.5798447251473	0.0	0	142.51227340198238	3757.579844725202	1	0	tensor(3, device='cuda:0')	1.522989296956089
211200.0	2000.0	3557.579844725149	0.0	0	174.26748571623466	3757.579844725202	1	0	tensor(3, device='cuda:0')	1.522989296956089
212200.0	2000.0	3557.5798447251377	0.0	0	181.16074093070347	3757.579844725202	1	0	tensor(3, device='cuda:0')	1.522989296956089
213200.0	2000.0	3557.5798447251054	0.0	0	345.3530687192979	3757.579844725202	1	0	tensor(3, device='cuda:0')	1.522989296956089
214200.0	2000.0	3557.5798447250722	0.0	0	44.2357539026998	3757.5798447251727	1	0	tensor(3, device='cuda:0')	1.5229892969560992
215741.35425237153	2000.0	3016.2255923535713	0.0	0	0.0	3757.5798447251727	1	0	tensor(3, device='cuda:0')	1.5229892969560992
216522.93055091312	2000.0	3234.6492938119623	0.0	0	0.0	3757.5798447251727	1	0	tensor(3, device='cuda:0')	1.5229892969560992
217247.87549344657	2000.0	3509.7043512784717	0.0	0	0.0	3757.5798447251727	1	0	tensor(3, device='cuda:0')	1.5229892969560992
218200.0	2000.0	3557.5798447250613	0.0	0	332.2275677698781	3757.5798447251727	1	0	tensor(3, device='cuda:0')	1.5229892969560992
219200.0	2000.0	3557.57984472507	0.0	0	477.51160150647047	3757.5798447251727	1	0	tensor(3, device='cuda:0')	1.5229892969560992
220200.0	2000.0	3557.57984472505	0.0	0	427.82992523617577	3757.5798447251727	1	0	tensor(3, device='cuda:0')	1.5229892969560992
221200.0	2000.0	3557.5798447250563	0.0	0	123.81429323341581	3757.5798447251727	1	0	tensor(3, device='cuda:0')	1.5229892969560992
222293.4595111511	2000.0	3464.120333573954	0.0	0	0.0	3757.5798447251436	1	0	tensor(3, device='cuda:0')	1.5229892969561094
223200.0	2000.0	3557.5798447250536	0.0	0	391.47945201583207	3757.5798447251436	1	0	tensor(3, device='cuda:0')	1.5229892969561094
224273.48107707207	2000.0	3484.0987676529644	0.0	0	0.0	3757.5798447251436	1	0	tensor(3, device='cuda:0')	1.5229892969561094
225203.54426306454	2000.0	3554.035581660516	0.0	0	0.0	3757.5798447251436	1	0	tensor(3, device='cuda:0')	1.5229892969561094
226200.0	2000.0	3557.5798447250736	0.0	0	13.726322634116514	3757.5798447251145	1	0	tensor(3, device='cuda:0')	1.5229892969561192
227200.0	2000.0	3557.579844725057	0.0	0	228.7349936979881	3757.5798447251145	1	0	tensor(3, device='cuda:0')	1.5229892969561192
228200.0	2000.0	3557.579844725068	0.0	0	435.0067044462485	3757.5798447251145	1	0	tensor(3, device='cuda:0')	1.5229892969561192
229200.0	2000.0	3557.5798447250927	0.0	0	518.2097459317592	3757.5798447251436	1	0	tensor(3, device='cuda:0')	1.5229892969561094
230200.0	2000.0	3557.5798447250827	0.0	0	678.1531104867754	3757.5798447251436	1	0	tensor(3, device='cuda:0')	1.5229892969561094
231200.0	2000.0	3557.5798447251027	0.0	0	442.26495100706234	3757.5798447251436	1	0	tensor(3, device='cuda:0')	1.5229892969561094
232200.0	2000.0	3557.5798447250886	0.0	0	327.1632539249258	3757.5798447251145	1	0	tensor(3, device='cuda:0')	1.5229892969561192
233200.0	2000.0	3557.5798447251022	0.0	0	18.484184710425325	3757.5798447251145	1	0	tensor(3, device='cuda:0')	1.5229892969561192
234200.0	2000.0	3557.5798447250936	0.0	0	96.6489715044736	3757.5798447251145	1	0	tensor(3, device='cuda:0')	1.5229892969561192
235200.0	2000.0	3557.5798447251213	0.0	0	334.98714116666815	3757.5798447251145	1	0	tensor(3, device='cuda:0')	1.5229892969561192
236200.0	2000.0	3557.5798447250963	0.0	0	236.13564355042763	3757.5798447251145	1	0	tensor(3, device='cuda:0')	1.5229892969561192
237200.0	2000.0	3557.5798447251063	0.0	0	150.75320271585952	3757.5798447251145	1	0	tensor(3, device='cuda:0')	1.5229892969561192
238200.0	2000.0	3557.5798447251027	0.0	0	275.5803046092915	3757.5798447251145	1	0	tensor(3, device='cuda:0')	1.5229892969561192
239200.0	2000.0	3557.5798447250877	0.0	0	212.43095519498456	3757.5798447251145	1	0	tensor(3, device='cuda:0')	1.5229892969561192
240200.0	2000.0	3557.5798447251	0.0	0	155.92721177768544	3757.5798447251145	1	0	tensor(3, device='cuda:0')	1.5229892969561192
241200.0	2000.0	3557.5798447250977	0.0	0	386.13278555872967	3757.5798447251436	1	0	tensor(3, device='cuda:0')	1.5229892969561094
242200.0	2000.0	3557.579844725094	0.0	0	316.2202876697411	3757.5798447251436	1	0	tensor(3, device='cuda:0')	1.5229892969561094
243200.0	2000.0	3557.5798447250863	0.0	0	345.3317865336139	3757.5798447251436	1	0	tensor(3, device='cuda:0')	1.5229892969561094
244200.0	2000.0	3557.579844725088	0.0	0	203.50668018171564	3757.5798447251436	1	0	tensor(3, device='cuda:0')	1.5229892969561094
245387.0585036004	2000.0	3370.5213411246923	0.0	0	0.0	3757.5798447251436	1	0	tensor(3, device='cuda:0')	1.5229892969561094
246200.0	2000.0	3557.5798447250622	0.0	0	52.809593526268145	3757.5798447251436	1	0	tensor(3, device='cuda:0')	1.5229892969561094
247200.0	2000.0	3557.5798447250468	0.0	0	232.41081887483597	3757.5798447251145	1	0	tensor(3, device='cuda:0')	1.5229892969561192
248203.95503113687	2000.0	3553.6248135881797	0.0	0	0.0	3757.5798447251436	1	0	tensor(3, device='cuda:0')	1.5229892969561094
249319.27989705588	2000.0	3438.29994766918	0.0	0	0.0	3757.5798447251727	1	0	tensor(3, device='cuda:0')	1.5229892969560992
250516.84204522683	2000.0	3240.737799498203	0.0	0	0.0	3757.5798447251727	1	0	tensor(3, device='cuda:0')	1.5229892969560992
251458.04030415358	2000.0	3299.539540571453	0.0	0	0.0	3757.5798447251727	1	0	tensor(3, device='cuda:0')	1.5229892969560992
252200.0	2000.0	3557.579844725035	0.0	0	67.83702779532177	3757.5798447251727	1	0	tensor(3, device='cuda:0')	1.5229892969560992
253200.0	2000.0	3557.5798447250263	0.0	0	23.7147623639612	3757.5798447251436	1	0	tensor(3, device='cuda:0')	1.5229892969561094
254200.0	2000.0	3557.5798447249977	0.0	0	38.24275173692149	3757.5798447251145	1	0	tensor(3, device='cuda:0')	1.5229892969561192
255285.20434852925	2000.0	3472.3754961957184	0.0	0	0.0	3757.5798447251436	1	0	tensor(3, device='cuda:0')	1.5229892969561094
256250.37105153044	2000.0	3507.2087931945507	0.0	0	0.0	3757.5798447251436	1	0	tensor(3, device='cuda:0')	1.5229892969561094
257200.0	2000.0	3557.5798447250054	0.0	0	260.746620262682	3757.5798447251727	1	0	tensor(3, device='cuda:0')	1.5229892969560992
258200.0	2000.0	3557.5798447250118	0.0	0	256.63026567877387	3757.5798447251727	1	0	tensor(3, device='cuda:0')	1.5229892969560992
259200.0	2000.0	3557.579844725009	0.0	0	495.55945219355635	3757.5798447251727	1	0	tensor(3, device='cuda:0')	1.5229892969560992
260200.0	2000.0	3557.5798447249945	0.0	0	410.0052987841773	3757.5798447251727	1	0	tensor(3, device='cuda:0')	1.5229892969560992
261200.0	2000.0	3557.5798447250263	0.0	0	608.9394109223795	3757.5798447251727	1	0	tensor(3, device='cuda:0')	1.5229892969560992
262200.0	2000.0	3557.579844725046	0.0	0	488.67419193690876	3757.579844725202	1	0	tensor(3, device='cuda:0')	1.522989296956089
263200.0	2000.0	3557.5798447250554	0.0	0	501.20378970570164	3757.579844725231	1	0	tensor(3, device='cuda:0')	1.5229892969560932
264200.0	2000.0	3557.579844725115	0.0	0	455.3933425156283	3757.5798447253183	1	0	tensor(3, device='cuda:0')	1.5229892969560568
265200.0	2000.0	3557.5798447251123	0.0	0	185.01260065386305	3757.5798447253474	1	0	tensor(3, device='cuda:0')	1.5229892969560448
266200.0	2000.0	3557.579844725166	0.0	0	277.80063191527734	3757.5798447253183	1	0	tensor(3, device='cuda:0')	1.5229892969560468
267200.0	2000.0	3557.5798447252214	0.0	0	118.8732841144083	3757.5798447253183	1	0	tensor(3, device='cuda:0')	1.5229892969560488
268200.0	2000.0	3557.579844725206	0.0	0	226.28874801791972	3757.5798447253183	1	0	tensor(3, device='cuda:0')	1.5229892969560488
269200.0	2000.0	3557.5798447251836	0.0	0	131.58530537225306	3757.57984472526	1	0	tensor(3, device='cuda:0')	1.5229892969560688
270200.0	2000.0	3557.5798447251473	0.0	0	408.27196109108627	3757.57984472526	1	0	tensor(3, device='cuda:0')	1.5229892969560688
271200.0	2000.0	3557.5798447251855	0.0	0	269.8951203294564	3757.5798447253183	1	0	tensor(3, device='cuda:0')	1.5229892969560488
272200.0	2000.0	3557.5798447251736	0.0	0	206.71231514104875	3757.5798447253183	1	0	tensor(3, device='cuda:0')	1.5229892969560488
273200.0	2000.0	3557.5798447252196	0.0	0	373.600914277893	3757.57984472526	1	0	tensor(3, device='cuda:0')	1.5229892969560688
274200.0	2000.0	3557.5798447252514	0.0	0	348.8992641620571	3757.57984472526	1	0	tensor(3, device='cuda:0')	1.5229892969560688
275200.0	2000.0	3557.579844725286	0.0	0	281.96074181818403	3757.57984472526	1	0	tensor(3, device='cuda:0')	1.5229892969560688
276420.8238540956	2000.0	3336.7559906296897	0.0	0	0.0	3757.57984472526	1	0	tensor(3, device='cuda:0')	1.5229892969560688
277749.8837929665	2000.0	3007.6960517587336	0.0	0	0.0	3757.57984472526	1	0	tensor(3, device='cuda:0')	1.5229892969560688
278836.2043909856	2000.0	2921.375453739588	0.0	0	0.0	3757.57984472526	1	0	tensor(3, device='cuda:0')	1.5229892969560688
279780.84013832844	2000.0	2976.739706396734	0.0	0	0.0	3757.57984472526	1	0	tensor(3, device='cuda:0')	1.5229892969560688
280483.85329250543	2000.0	3273.7265522196935	0.0	0	0.0	3757.57984472526	1	0	tensor(3, device='cuda:0')	1.5229892969560688
281316.5641312004	2000.0	3441.015713524749	0.0	0	0.0	3757.579844725202	1	0	tensor(3, device='cuda:0')	1.522989296956089
282200.0	2000.0	3557.579844725118	0.0	0	220.22090621676762	3757.579844725202	1	0	tensor(3, device='cuda:0')	1.522989296956089
283200.0	2000.0	3557.579844725208	0.0	0	530.4308015807183	3757.579844725202	1	0	tensor(3, device='cuda:0')	1.522989296956089
284200.0	2000.0	3557.579844725178	0.0	0	407.10223909217166	3757.579844725202	1	0	tensor(3, device='cuda:0')	1.522989296956089
285273.562116276	2000.0	3484.01772844918	0.0	0	0.0	3757.579844725202	1	0	tensor(3, device='cuda:0')	1.522989296956089
286200.0	2000.0	3557.579844725135	0.0	0	43.11553586553782	3757.579844725202	1	0	tensor(3, device='cuda:0')	1.522989296956089
287200.0	2000.0	3557.5798447251595	0.0	0	197.37056589697022	3757.579844725202	1	0	tensor(3, device='cuda:0')	1.522989296956089
288200.0	2000.0	3557.5798447250836	0.0	0	604.0932005990762	3757.579844725202	1	0	tensor(3, device='cuda:0')	1.522989296956089
289200.0	2000.0	3557.5798447251427	0.0	0	510.89923870691564	3757.579844725202	1	0	tensor(3, device='cuda:0')	1.522989296956089
290200.0	2000.0	3557.5798447251595	0.0	0	605.0489482718986	3757.579844725202	1	0	tensor(3, device='cuda:0')	1.522989296956089
291234.61142220057	2000.0	3522.968422524603	0.0	0	0.0	3757.5798447251436	1	0	tensor(3, device='cuda:0')	1.5229892969561094
292200.0	2000.0	3557.5798447251655	0.0	0	91.57676283759065	3757.5798447251436	1	0	tensor(3, device='cuda:0')	1.5229892969561094
293529.013264716	2000.0	3228.566580009111	0.0	0	0.0	3757.579844725202	1	0	tensor(3, device='cuda:0')	1.522989296956089
294547.3595029339	2000.0	3210.220341791271	0.0	0	0.0	3757.579844725202	1	0	tensor(3, device='cuda:0')	1.522989296956089
295200.0	2000.0	3557.579844725148	0.0	0	186.57613680249779	3757.579844725202	1	0	tensor(3, device='cuda:0')	1.522989296956089
296200.0	2000.0	3557.5798447250813	0.0	0	502.7659016986727	3757.579844725202	1	0	tensor(3, device='cuda:0')	1.522989296956089
297200.0	2000.0	3557.5798447251145	0.0	0	77.78709342179354	3757.579844725202	1	0	tensor(3, device='cuda:0')	1.522989296956089
298200.0	2000.0	3557.579844725168	0.0	0	179.47523481963435	3757.579844725202	1	0	tensor(3, device='cuda:0')	1.522989296956089
299200.0	2000.0	3557.5798447251577	0.0	0	415.3294794256799	3757.579844725202	1	0	tensor(3, device='cuda:0')	1.522989296956089
300200.0	2000.0	3557.5798447251877	0.0	0	201.11574705451494	3757.579844725202	1	0	tensor(3, device='cuda:0')	1.522989296956089
2.77	1.69	1.83	2.05	2.43	3.12	4.41	3.65	2.4	2.65	3.21	2.61	2.58	3.45	3.1	3.32	3.83	2.59	2.75	3.97	4.36	4.74	4.27	3.68	3.3	3.24	2.9	2.88	3.66	3.6	4.65	5.58	4.19	4.08	2.55	2.19	2.97	3.43	3.92	5.02	5.53	5.04	3.21	3.24	4.17	5.21	3.58	1.73	2.18	2.69	3.22	2.94	3.34	2.4	1.68	2.69	2.07	2.98	3.06	4.24	4.99	3.54	4.1	4.02	2.18	1.71	2.22	2.13	3.22	3.3	4.02	4.15	2.7	3.13	3.21	4.36	5.21	2.44	1.87	2.31	2.53	3.68	4.38	4.8	5.4	4.83	2.72	2.77	3.78	4.88	4.24	3.04	2.58	2.44	2.53	3.65	4.84	4.97	3.87	3.52	3.32	3.45	3.82	2.98	3.46	3.44	2.44	2.9	2.97	2.04	1.78	2.97	2.79	2.72	1.54	1.92	2.11	2.06	2.34	2.57	2.36	3.41	3.51	4.29	4.24	3.49	4.51	4.14	1.76	2.47	3.67	4.6	3.74	2.66	1.91	2.29	2.72	3.06	3.13	2.7	3.68	3.66	3.32	4.47	4.1	2.86	1.76	1.55	1.81	2.21	2.59	2.72	2.22	3.26	3.37	2.31	1.56	1.26	2.32	3.12	2.9	2.32	1.63	2.49	3.81	2.24	2.09	2.18	1.84	2.44	2.94	3.5	2.63	2.03	2.51	2.11	1.73	2.02	2.39	3.17	4.36	3.78	3.65	3.53	3.27	2.68	2.2	2.27	2.02	2.35	1.97	2.25	2.53	2.75	3.29	2.36	2.35	2.94	4.16	2.71	2.5	2.99	2.63	2.87	2.99	2.2	1.34	2.25	3.35	4.07	4.19	3.0	1.8	2.61	3.51	2.39	2.73	2.39	3.56	3.48	4.31	5.36	4.24	3.24	2.18	2.4	2.42	2.15	2.72	3.56	3.34	3.24	2.64	2.39	3.56	2.79	1.62	2.77	2.61	1.53	1.4	1.85	2.36	2.56	2.13	1.63	2.19	2.48	2.76	3.7	4.26	4.15	4.12	4.45	4.32	2.7	2.44	2.81	2.95	2.51	3.2	2.94	3.42	3.52	4.01	3.03	2.42	2.18	1.87	1.54	2.15	2.17	3.1	3.68	3.44	3.58	2.47	2.25	3.31	4.39	5.73	3.96	2.02	1.84	1.89	2.32	3.63	4.03	2.09	3.16	4.19	2.43	2.59	3.66	3.12	3.43
237.0	238.0	239.0	240.0	241.0	242.0	243.0	244.0	245.0	246.0	247.0	248.0	249.0	250.0	251.0	252.0	253.0	254.0	255.0	256.0	257.0	258.0	259.0	260.0	261.0	262.0	263.0	264.0	265.0	266.0	267.0	268.0	269.0	270.0	271.0	272.0	273.0	274.0	275.0	276.0	277.0	278.0	279.0	280.0	281.0	282.0	283.0	284.0	285.0	286.0	287.0	288.0	289.0	290.0	291.0	292.0	293.0	294.0	295.0	296.0	297.0	298.0	299.0	300.0	301.0	302.0	303.0	304.0	305.0	306.0	307.0	308.0	309.0	310.0	311.0	312.0	313.0	314.0	315.0	316.0	317.0	318.0	319.0	320.0	321.0	322.0	323.0	324.0	325.0	326.0	327.0	328.0	329.0	330.0	331.0	332.0	333.0	334.0	335.0	336.0	337.0	338.0	339.0	340.0	341.0	342.0	343.0	344.0	345.0	346.0	347.0	348.0	349.0	350.0	351.0	352.0	353.0	354.0	355.0	356.0	357.0	358.0	359.0	360.0	361.0	362.0	363.0	364.0	365.0	366.0	367.0	368.0	369.0	370.0	371.0	372.0	373.0	374.0	375.0	376.0	377.0	378.0	379.0	380.0	381.0	382.0	383.0	384.0	385.0	386.0	387.0	388.0	389.0	390.0	391.0	392.0	393.0	394.0	395.0	396.0	397.0	398.0	399.0	400.0	401.0	402.0	403.0	404.0	405.0	406.0	407.0	408.0	409.0	410.0	411.0	412.0	413.0	414.0	415.0	416.0	417.0	418.0	419.0	420.0	421.0	422.0	423.0	424.0	425.0	426.0	427.0	428.0	429.0	430.0	431.0	432.0	433.0	434.0	435.0	436.0	437.0	438.0	439.0	440.0	441.0	442.0	443.0	444.0	445.0	446.0	447.0	448.0	449.0	450.0	451.0	452.0	453.0	454.0	455.0	456.0	457.0	458.0	459.0	460.0	461.0	462.0	463.0	464.0	465.0	466.0	467.0	468.0	469.0	470.0	471.0	472.0	473.0	474.0	475.0	476.0	477.0	478.0	479.0	480.0	481.0	482.0	483.0	484.0	485.0	486.0	487.0	488.0	489.0	490.0	491.0	492.0	493.0	494.0	495.0	496.0	497.0	498.0	499.0	500.0	501.0	502.0	503.0	504.0	505.0	506.0	507.0	508.0	509.0	510.0	511.0	512.0	513.0	514.0	515.0	516.0	517.0	518.0	519.0	520.0	521.0	522.0	523.0	524.0	525.0	526.0	527.0	528.0	529.0	530.0	531.0	532.0
8335.0
