8858.377236608	300.0	2000.0	97.35372516108305	0	0.0	8858.377236608	1	0	tensor(5, device='cuda:0')	-4.854285446711252
9459.364627448118	2000.0	2248.7657614498503	0.0	0	0.0	8708.13038889797	1	0	tensor(5, device='cuda:0')	-4.049185071264228
10017.019609120793	2000.0	2551.697034359007	0.0	0	0.0	8568.7166434798	1	0	tensor(5, device='cuda:0')	-2.095622238268375
10563.994466902155	2000.0	2867.9784621323065	0.0	0	0.0	8431.972929034462	1	0	tensor(5, device='cuda:0')	-2.0536772497778375
11035.149455937822	2000.0	3279.034725837722	0.0	0	0.0	8314.184181775545	1	0	tensor(5, device='cuda:0')	-1.977757001753682
11352.191773148521	2000.0	3882.7318293243475	0.0	0	0.0	8234.923602472869	1	0	tensor(5, device='cuda:0')	-1.8719469229486478
11826.001300680975	2000.0	4290.469919908779	0.0	0	0.0	8116.471220589754	1	0	tensor(5, device='cuda:0')	-1.910327436321761
12220.45394399932	2000.0	4797.404115760845	0.0	0	0.0	8017.858059760167	1	0	tensor(5, device='cuda:0')	-1.8302237898911315
12498.117586554923	2000.0	5450.324562566341	0.0	0	0.0	7948.442149121265	1	0	tensor(5, device='cuda:0')	-1.7395768773352034
12831.150433431947	2000.0	6034.033503970063	0.0	0	0.0	7865.183937402011	1	0	tensor(5, device='cuda:0')	-1.7327804030360026
13212.729049665584	2000.0	6557.0602336780175	0.0	0	0.0	7769.789283343603	1	0	tensor(5, device='cuda:0')	-1.7137592424550694
13590.45214995781	2000.0	7084.906358312736	0.0	0	0.0	7675.358508270548	1	0	tensor(5, device='cuda:0')	-1.6628045218318526
14200.0	2000.0	7322.971545759997	0.0	0	57.37771783589778	7522.971545759999	1	0	tensor(5, device='cuda:0')	-1.7096667280209676
15200.0	2000.0	7072.971545759996	0.0	0	357.5650966915364	7272.971545759998	1	0	tensor(5, device='cuda:0')	-1.7800385613174556
16200.0	2000.0	6822.971545759998	0.0	0	483.19295589756257	7022.971545759996	1	0	tensor(5, device='cuda:0')	-1.608276511196896
17200.0	2000.0	6572.9715457600005	0.0	0	440.5699494467408	6772.97154576	1	0	tensor(5, device='cuda:0')	-1.410159831027356
18200.0	2000.0	6322.971545760001	0.0	0	115.69105643660441	6522.97154576	1	0	tensor(5, device='cuda:0')	-1.1824872396876105
19374.83897409614	2000.0	5854.422828139829	0.0	0	0.0	6229.2618022359675	1	0	tensor(5, device='cuda:0')	-0.9805574087518285
20272.967740876633	2000.0	5731.761869664216	0.0	0	0.0	6004.729610540846	1	0	tensor(5, device='cuda:0')	-0.6008821321110372
21282.69627212209	2000.0	5469.60120560739	0.0	0	0.0	5752.2974777294785	1	0	tensor(5, device='cuda:0')	-0.4126379711435347
22200.0	2000.0	5322.971545760007	0.0	0	21.74420625269704	5522.971545760007	1	0	tensor(5, device='cuda:0')	-0.14011233190430555
23200.0	2000.0	5072.9715457600105	0.0	0	259.83362186531303	5272.9715457600105	1	0	tensor(5, device='cuda:0')	0.02320605525935051
24200.0	2000.0	4822.971545760011	0.0	0	246.3199765620593	5022.9715457600105	1	0	tensor(5, device='cuda:0')	0.24053168130439812
25200.0	2000.0	4572.97154576001	0.0	0	215.0383376829268	4772.9715457600105	1	0	tensor(5, device='cuda:0')	0.43633593966305256
26200.0	2000.0	4322.971545760004	0.0	0	145.4727463907402	4522.971545760003	1	0	tensor(5, device='cuda:0')	0.6170431784496396
27200.0	2000.0	4072.9715457599978	0.0	0	209.41876916412002	4272.971545759996	1	0	tensor(5, device='cuda:0')	0.7579936761429984
28200.0	2000.0	3822.971545760002	0.0	0	155.28820840734625	4022.971545760003	1	0	tensor(5, device='cuda:0')	0.8803647190123159
29200.0	2000.0	3822.9715457599996	0.0	0	365.13797202318165	4022.971545760003	1	0	tensor(3, device='cuda:0')	0.9204666254995052
30200.0	2000.0	3822.971545759996	0.0	0	337.6053977798292	4022.971545760003	1	0	tensor(3, device='cuda:0')	1.4204666254995053
31200.0	2000.0	3822.971545759996	0.0	0	350.73830728402027	4022.971545760003	1	0	tensor(3, device='cuda:0')	1.4204666254995053
32200.0	2000.0	3822.9715457599928	0.0	0	589.2620581771698	4022.971545760003	1	0	tensor(3, device='cuda:0')	1.4204666254995053
33200.0	2000.0	3822.971545759986	0.0	0	576.7785814077761	4022.971545759996	1	0	tensor(3, device='cuda:0')	1.4204666254995062
34200.0	2000.0	3822.9715457599837	0.0	0	389.45180375249765	4022.9715457599923	1	0	tensor(3, device='cuda:0')	1.4204666254995097
35200.0	2000.0	3822.9715457599914	0.0	0	361.2754809193939	4022.971545759996	1	0	tensor(3, device='cuda:0')	1.4204666254995084
36200.0	2000.0	3822.9715457599937	0.0	0	476.8953918216066	4022.971545759996	1	0	tensor(3, device='cuda:0')	1.4204666254995089
37200.0	2000.0	3822.971545759986	0.0	0	411.6141679493885	4022.971545759996	1	0	tensor(3, device='cuda:0')	1.4204666254995089
38200.0	2000.0	3822.971545759977	0.0	0	603.2033503732164	4022.9715457599887	1	0	tensor(3, device='cuda:0')	1.4204666254995115
39200.0	2000.0	3822.9715457599714	0.0	0	627.997106738323	4022.9715457599887	1	0	tensor(3, device='cuda:0')	1.4204666254995115
40200.0	2000.0	3822.971545759974	0.0	0	671.3525523662611	4022.971545759996	1	0	tensor(3, device='cuda:0')	1.4204666254995084
41200.0	2000.0	3822.971545759982	0.0	0	561.147142526439	4022.971545759996	1	0	tensor(3, device='cuda:0')	1.4204666254995084
42200.0	2000.0	3822.971545759984	0.0	0	624.5968840236965	4022.971545759996	1	0	tensor(3, device='cuda:0')	1.4204666254995084
43200.0	2000.0	3822.971545759983	0.0	0	565.8070831903024	4022.971545759996	1	0	tensor(3, device='cuda:0')	1.4204666254995084
44200.0	2000.0	3822.971545759985	0.0	0	616.3748684462043	4022.971545759996	1	0	tensor(3, device='cuda:0')	1.4204666254995084
45200.0	2000.0	3822.971545759989	0.0	0	447.0042500822092	4022.971545759996	1	0	tensor(3, device='cuda:0')	1.4204666254995084
46200.0	2000.0	3822.9715457599978	0.0	0	95.42245754592295	4022.971545759996	1	0	tensor(3, device='cuda:0')	1.4204666254995084
47200.0	2000.0	3822.9715457600014	0.0	0	389.4694948362303	4022.971545760003	1	0	tensor(3, device='cuda:0')	1.4204666254995053
48200.0	2000.0	3822.971545759993	0.0	0	395.4730760658276	4022.971545760003	1	0	tensor(3, device='cuda:0')	1.4204666254995053
49200.0	2000.0	3822.9715457599987	0.0	0	574.8235548867524	4022.971545760003	1	0	tensor(3, device='cuda:0')	1.4204666254995053
50200.0	2000.0	3822.971545759994	0.0	0	535.203848560479	4022.971545760003	1	0	tensor(3, device='cuda:0')	1.4204666254995053
51200.0	2000.0	3822.9715457599946	0.0	0	501.39561038991815	4022.9715457600105	1	0	tensor(3, device='cuda:0')	1.4204666254995018
52200.0	2000.0	3822.971545759991	0.0	0	459.7139275806476	4022.9715457600105	1	0	tensor(3, device='cuda:0')	1.4204666254995018
53200.0	2000.0	3822.971545759996	0.0	0	441.924615562486	4022.9715457600105	1	0	tensor(3, device='cuda:0')	1.4204666254995018
54200.0	2000.0	3822.9715457599914	0.0	0	559.0179903476674	4022.9715457600105	1	0	tensor(3, device='cuda:0')	1.4204666254995018
55200.0	2000.0	3822.9715457599923	0.0	0	596.7133031671838	4022.9715457600105	1	0	tensor(3, device='cuda:0')	1.4204666254995018
56200.0	2000.0	3822.9715457599914	0.0	0	594.4456315638381	4022.9715457600105	1	0	tensor(3, device='cuda:0')	1.4204666254995018
57200.0	2000.0	3822.9715457599887	0.0	0	121.8205153032468	4022.971545760003	1	0	tensor(3, device='cuda:0')	1.4204666254995053
58200.0	2000.0	3822.971545759989	0.0	0	396.3825673176616	4022.971545760003	1	0	tensor(3, device='cuda:0')	1.4204666254995053
59200.0	2000.0	3822.9715457600014	0.0	0	141.8022943720207	4022.971545760003	1	0	tensor(3, device='cuda:0')	1.4204666254995053
60200.0	2000.0	3572.971545760002	0.0	0	299.4833649793218	3772.971545760003	1	0	tensor(5, device='cuda:0')	0.48516893131752825
61200.0	2000.0	3572.971545760007	0.0	0	274.0500667178494	3772.971545760003	1	0	tensor(3, device='cuda:0')	1.0176126935492418
62200.0	2000.0	3572.971545760014	0.0	0	262.89080174263654	3772.971545760003	1	0	tensor(3, device='cuda:0')	1.5176126935492418
63200.0	2000.0	3572.9715457600114	0.0	0	213.76408495012583	3772.971545760003	1	0	tensor(3, device='cuda:0')	1.5176126935492418
64200.0	2000.0	3572.9715457600173	0.0	0	457.47121346890344	3772.971545760003	1	0	tensor(3, device='cuda:0')	1.5176126935492418
65200.0	2000.0	3572.9715457600173	0.0	0	369.88026309843553	3772.971545760003	1	0	tensor(3, device='cuda:0')	1.5176126935492418
66200.0	2000.0	3572.971545760019	0.0	0	299.3141919771151	3772.971545759996	1	0	tensor(3, device='cuda:0')	1.5176126935492436
67200.0	2000.0	3572.9715457600114	0.0	0	643.2286757680558	3772.9715457599887	1	0	tensor(3, device='cuda:0')	1.5176126935492444
68200.0	2000.0	3572.971545760013	0.0	0	598.3184400323225	3772.9715457599887	1	0	tensor(3, device='cuda:0')	1.517612693549248
69200.0	2000.0	3572.9715457600105	0.0	0	668.9696998682921	3772.9715457599887	1	0	tensor(3, device='cuda:0')	1.5176126935492467
70200.0	2000.0	3572.971545760007	0.0	0	550.0079533363169	3772.9715457599814	1	0	tensor(3, device='cuda:0')	1.5176126935492495
71200.0	2000.0	3572.971545760016	0.0	0	613.5093014362792	3772.9715457599814	1	0	tensor(3, device='cuda:0')	1.5176126935492495
72200.0	2000.0	3572.971545759998	0.0	0	475.59291323577054	3772.9715457599814	1	0	tensor(3, device='cuda:0')	1.5176126935492495
73200.0	2000.0	3572.971545759982	0.0	0	540.059202659977	3772.971545759967	1	0	tensor(3, device='cuda:0')	1.5176126935492547
74200.0	2000.0	3572.9715457599746	0.0	0	638.6357923347678	3772.9715457599523	1	0	tensor(3, device='cuda:0')	1.5176126935492595
75200.0	2000.0	3572.9715457599814	0.0	0	602.3884275760065	3772.9715457599523	1	0	tensor(3, device='cuda:0')	1.5176126935492595
76200.0	2000.0	3572.9715457599737	0.0	0	344.9321984621347	3772.9715457599523	1	0	tensor(3, device='cuda:0')	1.5176126935492595
77221.50561071826	2000.0	3551.465935041719	0.0	0	0.0	3772.971545759967	1	0	tensor(3, device='cuda:0')	1.5176126935492547
78200.0	2000.0	3572.9715457599605	0.0	0	48.3300738416292	3772.971545759967	1	0	tensor(3, device='cuda:0')	1.5176126935492547
79200.0	2000.0	3572.9715457599746	0.0	0	313.13892297956045	3772.971545759967	1	0	tensor(3, device='cuda:0')	1.5176126935492547
80200.0	2000.0	3572.9715457599673	0.0	0	449.736093143787	3772.971545759967	1	0	tensor(3, device='cuda:0')	1.5176126935492547
81200.0	2000.0	3572.9715457599614	0.0	0	474.57586463500047	3772.971545759967	1	0	tensor(3, device='cuda:0')	1.5176126935492547
82200.0	2000.0	3572.9715457599727	0.0	0	160.80225646354666	3772.971545759967	1	0	tensor(3, device='cuda:0')	1.5176126935492547
83200.0	2000.0	3572.971545759975	0.0	0	428.16726866307727	3772.971545759967	1	0	tensor(3, device='cuda:0')	1.5176126935492547
84200.0	2000.0	3572.9715457599787	0.0	0	362.136341027217	3772.971545759967	1	0	tensor(3, device='cuda:0')	1.5176126935492547
85200.0	2000.0	3572.9715457599705	0.0	0	222.43730196326214	3772.971545759967	1	0	tensor(3, device='cuda:0')	1.5176126935492547
86200.0	2000.0	3572.971545759985	0.0	0	407.38763311521325	3772.971545759967	1	0	tensor(3, device='cuda:0')	1.5176126935492547
87200.0	2000.0	3572.97154575997	0.0	0	390.59495075175073	3772.971545759967	1	0	tensor(3, device='cuda:0')	1.5176126935492547
88257.47095048732	2000.0	3515.5005952726597	0.0	0	0.0	3772.9715457599814	1	0	tensor(3, device='cuda:0')	1.5176126935492495
89266.88835613051	2000.0	3506.083189629464	0.0	0	0.0	3772.971545759967	1	0	tensor(3, device='cuda:0')	1.5176126935492547
90200.0	2000.0	3572.9715457599755	0.0	0	82.48234654242697	3772.9715457599523	1	0	tensor(3, device='cuda:0')	1.5176126935492595
91200.0	2000.0	3572.9715457599623	0.0	0	314.12720015543164	3772.9715457599523	1	0	tensor(3, device='cuda:0')	1.5176126935492595
92200.0	2000.0	3572.9715457599705	0.0	0	412.3377738994168	3772.9715457599523	1	0	tensor(3, device='cuda:0')	1.5176126935492595
93200.0	2000.0	3572.9715457599673	0.0	0	502.21909284807043	3772.9715457599523	1	0	tensor(3, device='cuda:0')	1.5176126935492595
94200.0	2000.0	3572.9715457599473	0.0	0	605.9757319500932	3772.9715457599377	1	0	tensor(3, device='cuda:0')	1.5176126935492649
95200.0	2000.0	3572.971545759938	0.0	0	679.3590592093824	3772.971545759923	1	0	tensor(3, device='cuda:0')	1.5176126935492698
96200.0	2000.0	3572.9715457599373	0.0	0	794.2621764414507	3772.971545759923	1	0	tensor(3, device='cuda:0')	1.5176126935492698
97200.0	2000.0	3572.971545759952	0.0	0	788.6466731591499	3772.971545759923	1	0	tensor(3, device='cuda:0')	1.5176126935492698
98200.0	2000.0	3572.9715457599555	0.0	0	511.0414349284838	3772.971545759923	1	0	tensor(3, device='cuda:0')	1.5176126935492698
99200.0	2000.0	3572.9715457599573	0.0	0	343.2923117869359	3772.971545759923	1	0	tensor(3, device='cuda:0')	1.5176126935492698
100200.0	2000.0	3572.9715457599727	0.0	0	330.0969936200854	3772.971545759923	1	0	tensor(3, device='cuda:0')	1.5176126935492698
101200.0	2000.0	3572.971545759973	0.0	0	255.31493981731182	3772.971545759923	1	0	tensor(3, device='cuda:0')	1.5176126935492698
102200.0	2000.0	3572.971545759973	0.0	0	227.25827043199388	3772.9715457599377	1	0	tensor(3, device='cuda:0')	1.5176126935492649
103200.0	2000.0	3572.971545759977	0.0	0	273.16134528041584	3772.971545759923	1	0	tensor(3, device='cuda:0')	1.5176126935492698
104200.0	2000.0	3572.9715457599837	0.0	0	7.562913281013607	3772.971545759923	1	0	tensor(3, device='cuda:0')	1.5176126935492698
105200.0	2000.0	3572.9715457599837	0.0	0	340.23573780368315	3772.971545759923	1	0	tensor(3, device='cuda:0')	1.5176126935492698
106200.0	2000.0	3572.971545759975	0.0	0	280.14241947564005	3772.971545759923	1	0	tensor(3, device='cuda:0')	1.5176126935492698
107200.0	2000.0	3572.971545759979	0.0	0	388.31220573904284	3772.9715457599377	1	0	tensor(3, device='cuda:0')	1.5176126935492649
108200.0	2000.0	3572.971545759982	0.0	0	169.75155346257088	3772.9715457599377	1	0	tensor(3, device='cuda:0')	1.5176126935492649
109200.0	2000.0	3572.971545759971	0.0	0	152.7458669149055	3772.9715457599377	1	0	tensor(3, device='cuda:0')	1.5176126935492649
110200.0	2000.0	3572.971545759965	0.0	0	256.2283000801108	3772.9715457599377	1	0	tensor(3, device='cuda:0')	1.5176126935492649
111200.0	2000.0	3572.97154575997	0.0	0	269.34746015109704	3772.9715457599377	1	0	tensor(3, device='cuda:0')	1.5176126935492649
112200.0	2000.0	3572.9715457599823	0.0	0	218.0114123862004	3772.9715457599377	1	0	tensor(3, device='cuda:0')	1.5176126935492649
113200.0	2000.0	3572.971545759996	0.0	0	352.46963449737814	3772.9715457599377	1	0	tensor(3, device='cuda:0')	1.5176126935492649
114200.0	2000.0	3572.9715457599896	0.0	0	306.3278686965641	3772.9715457599377	1	0	tensor(3, device='cuda:0')	1.5176126935492649
115273.24338045278	2000.0	3499.7281653072173	0.0	0	0.0	3772.971545759923	1	0	tensor(3, device='cuda:0')	1.5176126935492698
116200.0	2000.0	3572.9715457599987	0.0	0	14.561312196587096	3772.971545759923	1	0	tensor(3, device='cuda:0')	1.5176126935492698
117200.0	2000.0	3572.971545759999	0.0	0	194.69878762291046	3772.971545759923	1	0	tensor(3, device='cuda:0')	1.5176126935492698
118200.0	2000.0	3572.9715457600228	0.0	0	148.33664974517887	3772.971545759923	1	0	tensor(3, device='cuda:0')	1.5176126935492698
119239.49999891975	2000.0	3533.471546840267	0.0	0	0.0	3772.9715457599377	1	0	tensor(3, device='cuda:0')	1.5176126935492649
120213.92447077292	2000.0	3559.047074987118	0.0	0	0.0	3772.9715457599377	1	0	tensor(3, device='cuda:0')	1.5176126935492649
121200.0	2000.0	3572.9715457600496	0.0	0	364.57798425307556	3772.971545759923	1	0	tensor(3, device='cuda:0')	1.5176126935492698
122200.0	2000.0	3572.9715457600455	0.0	0	377.1463806536485	3772.971545759923	1	0	tensor(3, device='cuda:0')	1.5176126935492698
123200.0	2000.0	3572.9715457600546	0.0	0	594.5067739252263	3772.971545759923	1	0	tensor(3, device='cuda:0')	1.5176126935492698
124200.0	2000.0	3572.971545760039	0.0	0	591.1952643562399	3772.971545759923	1	0	tensor(3, device='cuda:0')	1.5176126935492698
125200.0	2000.0	3572.971545760034	0.0	0	488.5294790283515	3772.971545759923	1	0	tensor(3, device='cuda:0')	1.5176126935492698
126200.0	2000.0	3572.9715457600328	0.0	0	612.0948777805461	3772.9715457599086	1	0	tensor(3, device='cuda:0')	1.517612693549275
127200.0	2000.0	3572.971545760019	0.0	0	726.5898694527277	3772.9715457599086	1	0	tensor(3, device='cuda:0')	1.517612693549275
128200.0	2000.0	3572.971545760024	0.0	0	738.6089135110669	3772.9715457599086	1	0	tensor(3, device='cuda:0')	1.517612693549275
129200.0	2000.0	3572.971545760029	0.0	0	621.094915712587	3772.9715457599086	1	0	tensor(3, device='cuda:0')	1.517612693549275
130200.0	2000.0	3572.9715457600428	0.0	0	707.2127554245671	3772.971545759923	1	0	tensor(3, device='cuda:0')	1.5176126935492698
131200.0	2000.0	3572.971545760058	0.0	0	677.9064411514555	3772.971545759923	1	0	tensor(3, device='cuda:0')	1.5176126935492698
132200.0	2000.0	3572.9715457600355	0.0	0	399.0660808303219	3772.9715457598795	1	0	tensor(3, device='cuda:0')	1.5176126935492802
133200.0	2000.0	3572.971545760007	0.0	0	413.222336722567	3772.971545759865	1	0	tensor(3, device='cuda:0')	1.5176126935492862
134200.0	2000.0	3572.971545760003	0.0	0	225.644401213096	3772.971545759865	1	0	tensor(3, device='cuda:0')	1.5176126935492904
135200.0	2000.0	3572.9715457599873	0.0	0	244.55262573124492	3772.9715457598795	1	0	tensor(3, device='cuda:0')	1.5176126935492893
136200.0	2000.0	3572.971545759959	0.0	0	391.9046713638236	3772.9715457598504	1	0	tensor(3, device='cuda:0')	1.5176126935492953
137200.0	2000.0	3572.9715457599773	0.0	0	428.76846525311703	3772.9715457598504	1	0	tensor(3, device='cuda:0')	1.5176126935492953
138200.0	2000.0	3572.971545759966	0.0	0	511.435273960029	3772.9715457598504	1	0	tensor(3, device='cuda:0')	1.5176126935492953
139200.0	2000.0	3572.971545759922	0.0	0	407.01738504398963	3772.9715457598504	1	0	tensor(3, device='cuda:0')	1.5176126935492953
140200.0	2000.0	3572.971545759941	0.0	0	414.9042187613086	3772.9715457598504	1	0	tensor(3, device='cuda:0')	1.5176126935492953
141200.0	2000.0	3572.971545759964	0.0	0	496.31240122325835	3772.9715457598504	1	0	tensor(3, device='cuda:0')	1.5176126935492953
142200.0	2000.0	3572.9715457599373	0.0	0	590.5385987863992	3772.9715457598213	1	0	tensor(3, device='cuda:0')	1.5176126935493057
143200.0	2000.0	3572.971545759941	0.0	0	410.2310588976834	3772.9715457598213	1	0	tensor(3, device='cuda:0')	1.5176126935493057
144200.0	2000.0	3572.971545759965	0.0	0	493.11533172268537	3772.9715457598213	1	0	tensor(3, device='cuda:0')	1.5176126935493057
145200.0	2000.0	3572.9715457600028	0.0	0	469.7820362475468	3772.9715457598504	1	0	tensor(3, device='cuda:0')	1.5176126935492953
146200.0	2000.0	3572.9715457600046	0.0	0	192.76192181848455	3772.9715457598504	1	0	tensor(3, device='cuda:0')	1.5176126935492953
147200.0	2000.0	3572.9715457599973	0.0	0	312.6262673661113	3772.9715457598504	1	0	tensor(3, device='cuda:0')	1.5176126935492953
148200.0	2000.0	3572.9715457599727	0.0	0	169.04516767332098	3772.9715457598504	1	0	tensor(3, device='cuda:0')	1.5176126935492953
149200.0	2000.0	3572.9715457599614	0.0	0	526.378989157849	3772.9715457598504	1	0	tensor(3, device='cuda:0')	1.5176126935492953
150200.0	2000.0	3572.9715457599623	0.0	0	531.0492128885235	3772.9715457598213	1	0	tensor(3, device='cuda:0')	1.5176126935493057
151200.0	2000.0	3572.9715457599777	0.0	0	573.3424548952607	3772.971545759792	1	0	tensor(3, device='cuda:0')	1.517612693549316
152200.0	2000.0	3572.9715457599486	0.0	0	290.71183699919493	3772.971545759792	1	0	tensor(3, device='cuda:0')	1.517612693549316
153200.0	2000.0	3572.971545759973	0.0	0	353.93515198660316	3772.971545759792	1	0	tensor(3, device='cuda:0')	1.517612693549316
154200.0	2000.0	3572.9715457599577	0.0	0	279.964286591101	3772.971545759792	1	0	tensor(3, device='cuda:0')	1.517612693549316
155200.0	2000.0	3572.971545759927	0.0	0	357.18042063026223	3772.971545759792	1	0	tensor(3, device='cuda:0')	1.517612693549316
156200.0	2000.0	3572.9715457599227	0.0	0	455.16197827571887	3772.971545759792	1	0	tensor(3, device='cuda:0')	1.517612693549316
157200.0	2000.0	3572.971545759943	0.0	0	47.06216610450065	3772.971545759792	1	0	tensor(3, device='cuda:0')	1.517612693549316
158200.0	2000.0	3572.971545759968	0.0	0	283.7047297208628	3772.971545759792	1	0	tensor(3, device='cuda:0')	1.517612693549316
159200.0	2000.0	3572.9715457599514	0.0	0	484.184660165658	3772.971545759792	1	0	tensor(3, device='cuda:0')	1.517612693549316
160200.0	2000.0	3572.971545759974	0.0	0	539.5342328548431	3772.971545759792	1	0	tensor(3, device='cuda:0')	1.517612693549316
161200.0	2000.0	3572.9715457599877	0.0	0	372.47735202815966	3772.971545759792	1	0	tensor(3, device='cuda:0')	1.517612693549316
162200.0	2000.0	3572.9715457599764	0.0	0	441.55907320210827	3772.9715457598213	1	0	tensor(3, device='cuda:0')	1.5176126935493057
163200.0	2000.0	3572.9715457600146	0.0	0	619.905211708654	3772.9715457598213	1	0	tensor(3, device='cuda:0')	1.5176126935493057
164200.0	2000.0	3572.9715457600046	0.0	0	635.9709128442337	3772.9715457598213	1	0	tensor(3, device='cuda:0')	1.5176126935493057
165200.0	2000.0	3572.971545759996	0.0	0	567.6512574336084	3772.9715457598213	1	0	tensor(3, device='cuda:0')	1.5176126935493057
166200.0	2000.0	3572.971545760024	0.0	0	475.0899986245495	3772.9715457598213	1	0	tensor(3, device='cuda:0')	1.5176126935493057
167200.0	2000.0	3572.971545760018	0.0	0	575.7949223423493	3772.971545759792	1	0	tensor(3, device='cuda:0')	1.517612693549316
168200.0	2000.0	3572.9715457600646	0.0	0	551.7933015485178	3772.9715457598213	1	0	tensor(3, device='cuda:0')	1.5176126935493057
169200.0	2000.0	3572.9715457600387	0.0	0	465.5537090600701	3772.9715457598213	1	0	tensor(3, device='cuda:0')	1.5176126935493057
170200.0	2000.0	3572.9715457600514	0.0	0	395.631667820795	3772.9715457598213	1	0	tensor(3, device='cuda:0')	1.5176126935493057
171200.0	2000.0	3572.971545760054	0.0	0	477.907616039447	3772.9715457598213	1	0	tensor(3, device='cuda:0')	1.5176126935493057
172200.0	2000.0	3572.9715457600614	0.0	0	468.3099721701583	3772.9715457598213	1	0	tensor(3, device='cuda:0')	1.5176126935493057
173200.0	2000.0	3572.9715457600823	0.0	0	581.6347133675881	3772.9715457598504	1	0	tensor(3, device='cuda:0')	1.5176126935492953
174200.0	2000.0	3572.9715457600596	0.0	0	612.8231029438612	3772.9715457598504	1	0	tensor(3, device='cuda:0')	1.5176126935492953
175200.0	2000.0	3572.971545760032	0.0	0	96.96233068872243	3772.9715457598795	1	0	tensor(3, device='cuda:0')	1.517612693549285
176354.99729260034	2000.0	3417.9742531597126	0.0	0	0.0	3772.9715457598795	1	0	tensor(3, device='cuda:0')	1.517612693549285
177200.0	2000.0	3572.9715457600787	0.0	0	163.7153243488283	3772.9715457598795	1	0	tensor(3, device='cuda:0')	1.517612693549285
178200.0	2000.0	3572.971545760074	0.0	0	143.8395540395286	3772.9715457598795	1	0	tensor(3, device='cuda:0')	1.517612693549285
179242.590457428	2000.0	3530.3810883320725	0.0	0	0.0	3772.9715457598504	1	0	tensor(3, device='cuda:0')	1.5176126935492953
180200.0	2000.0	3572.9715457601096	0.0	0	116.5369599442929	3772.9715457598504	1	0	tensor(3, device='cuda:0')	1.5176126935492953
181278.73639795618	2000.0	3494.2351478039304	0.0	0	0.0	3772.9715457598504	1	0	tensor(3, device='cuda:0')	1.5176126935492953
182366.95030067503	2000.0	3406.0212450850963	0.0	0	0.0	3772.9715457598504	1	0	tensor(3, device='cuda:0')	1.5176126935492953
183720.53863100638	2000.0	3052.4329147537455	0.0	0	0.0	3772.9715457598504	1	0	tensor(3, device='cuda:0')	1.5176126935492953
184802.0544729692	2000.0	2970.9170727909	0.0	0	0.0	3772.9715457598795	1	0	tensor(3, device='cuda:0')	1.517612693549285
185524.99805247883	2000.0	3247.973493281297	0.0	0	0.0	3772.9715457598795	1	0	tensor(3, device='cuda:0')	1.517612693549285
186293.3478443952	2000.0	3287.536253385811	0.0	0	0.0	3580.8840977807704	1	0	tensor(5, device='cuda:0')	0.6818761996227625
187200.0	2000.0	3380.8840977810387	0.0	0	42.906280169205274	3580.8840977807413	1	0	tensor(3, device='cuda:0')	1.0801041570203391
188200.0	2000.0	3380.884097781023	0.0	0	196.22511127707548	3580.8840977807413	1	0	tensor(3, device='cuda:0')	1.5801041570203391
189200.0	2000.0	3380.884097780994	0.0	0	440.11218696422293	3580.884097780712	1	0	tensor(3, device='cuda:0')	1.580104157020348
190200.0	2000.0	3380.8840977810105	0.0	0	607.7619132155087	3580.884097780712	1	0	tensor(3, device='cuda:0')	1.580104157020348
191200.0	2000.0	3380.8840977809805	0.0	0	553.7375403949991	3580.884097780683	1	0	tensor(3, device='cuda:0')	1.5801041570203567
192200.0	2000.0	3380.884097780983	0.0	0	559.6777367487666	3580.884097780683	1	0	tensor(3, device='cuda:0')	1.5801041570203567
193200.0	2000.0	3380.884097781014	0.0	0	516.120147939655	3580.884097780683	1	0	tensor(3, device='cuda:0')	1.5801041570203567
194200.0	2000.0	3380.8840977810164	0.0	0	467.75372447728296	3580.884097780683	1	0	tensor(3, device='cuda:0')	1.5801041570203567
195200.0	2000.0	3380.8840977810146	0.0	0	668.4757276197779	3580.884097780683	1	0	tensor(3, device='cuda:0')	1.5801041570203567
196200.0	2000.0	3380.88409778102	0.0	0	606.193186200253	3580.884097780683	1	0	tensor(3, device='cuda:0')	1.5801041570203567
197200.0	2000.0	3380.884097781004	0.0	0	652.6166399554932	3580.884097780683	1	0	tensor(3, device='cuda:0')	1.5801041570203567
198200.0	2000.0	3380.8840977809555	0.0	0	345.9812297440076	3580.884097780654	1	0	tensor(3, device='cuda:0')	1.5801041570203656
199200.0	2000.0	3380.884097780948	0.0	0	84.31767198923626	3580.884097780654	1	0	tensor(3, device='cuda:0')	1.5801041570203656
200200.0	2000.0	3380.88409778091	0.0	0	353.9955545612611	3580.884097780654	1	0	tensor(3, device='cuda:0')	1.5801041570203656
201200.0	2000.0	3380.8840977809105	0.0	0	296.0645183052984	3580.884097780683	1	0	tensor(3, device='cuda:0')	1.5801041570203567
202200.0	2000.0	3380.884097780931	0.0	0	404.4891722575703	3580.884097780683	1	0	tensor(3, device='cuda:0')	1.5801041570203567
203200.0	2000.0	3380.8840977809145	0.0	0	362.3556834166229	3580.884097780654	1	0	tensor(3, device='cuda:0')	1.5801041570203656
204200.0	2000.0	3380.884097780905	0.0	0	331.2816019253223	3580.884097780654	1	0	tensor(3, device='cuda:0')	1.5801041570203656
205200.0	2000.0	3380.884097780877	0.0	0	178.39376923252712	3580.884097780625	1	0	tensor(3, device='cuda:0')	1.5801041570203744
206200.0	2000.0	3380.8840977808636	0.0	0	300.6193648878252	3580.8840977805958	1	0	tensor(3, device='cuda:0')	1.5801041570203829
207200.0	2000.0	3380.8840977808286	0.0	0	123.25432808938785	3580.8840977805958	1	0	tensor(3, device='cuda:0')	1.5801041570203829
208200.0	2000.0	3380.8840977808377	0.0	0	262.7693148839462	3580.884097780625	1	0	tensor(3, device='cuda:0')	1.5801041570203744
209200.0	2000.0	3380.884097780815	0.0	0	313.38157690051594	3580.884097780625	1	0	tensor(3, device='cuda:0')	1.5801041570203744
210784.1445211215	2000.0	2796.739576659344	0.0	0	0.0	3580.884097780625	1	0	tensor(3, device='cuda:0')	1.5801041570203744
212479.5511808641	2000.0	2101.332916916743	0.0	0	0.0	3580.884097780625	1	0	tensor(3, device='cuda:0')	1.5801041570203744
213601.55345079998	2000.0	1979.3306469808826	0.0	0	0.0	3580.884097780625	1	0	tensor(3, device='cuda:0')	1.5801041570203744
214326.60840078074	2000.0	2254.2756970001196	0.0	0	0.0	3580.8840977805958	1	0	tensor(3, device='cuda:0')	1.5801041570203829
214847.49501081184	2000.0	2733.3890869690194	0.0	0	0.0	3580.8840977805958	1	0	tensor(3, device='cuda:0')	1.5801041570203829
215345.0890203607	2000.0	3235.7950774201354	0.0	0	0.0	3580.8840977805958	1	0	tensor(3, device='cuda:0')	1.5801041570203829
216200.0	2000.0	3380.8840977808554	0.0	0	141.93449682320352	3580.884097780625	1	0	tensor(3, device='cuda:0')	1.5801041570203744
217200.0	2000.0	3380.8840977808522	0.0	0	17.20436966815032	3580.884097780625	1	0	tensor(3, device='cuda:0')	1.5801041570203744
218200.0	2000.0	3380.8840977808686	0.0	0	139.47718602133682	3580.884097780625	1	0	tensor(3, device='cuda:0')	1.5801041570203744
219200.0	2000.0	3380.8840977808263	0.0	0	450.9214343549975	3580.884097780625	1	0	tensor(3, device='cuda:0')	1.5801041570203744
220200.0	2000.0	3380.88409778086	0.0	0	95.32130932304426	3580.884097780625	1	0	tensor(3, device='cuda:0')	1.5801041570203744
221200.0	2000.0	3380.8840977808586	0.0	0	423.23836422682507	3580.8840977805958	1	0	tensor(3, device='cuda:0')	1.5801041570203829
222200.0	2000.0	3380.884097780843	0.0	0	552.2339190264174	3580.8840977805958	1	0	tensor(3, device='cuda:0')	1.5801041570203829
223200.0	2000.0	3380.8840977808427	0.0	0	413.7210563767294	3580.8840977805958	1	0	tensor(3, device='cuda:0')	1.5801041570203829
224200.0	2000.0	3380.88409778085	0.0	0	571.6406230222492	3580.8840977805958	1	0	tensor(3, device='cuda:0')	1.5801041570203829
225200.0	2000.0	3380.8840977808604	0.0	0	350.71032962491154	3580.8840977805958	1	0	tensor(3, device='cuda:0')	1.5801041570203829
226200.0	2000.0	3380.884097780831	0.0	0	392.2252677261713	3580.8840977805667	1	0	tensor(3, device='cuda:0')	1.5801041570203918
227200.0	2000.0	3380.884097780813	0.0	0	315.0428694388829	3580.8840977805376	1	0	tensor(3, device='cuda:0')	1.5801041570204006
228200.0	2000.0	3380.8840977808077	0.0	0	99.800048436824	3580.8840977805376	1	0	tensor(3, device='cuda:0')	1.5801041570204006
229200.0	2000.0	3380.8840977808013	0.0	0	126.71269388470682	3580.8840977805085	1	0	tensor(3, device='cuda:0')	1.580104157020409
230200.0	2000.0	3380.8840977807977	0.0	0	63.653937427006895	3580.8840977805085	1	0	tensor(3, device='cuda:0')	1.580104157020409
231200.0	2000.0	3380.8840977807818	0.0	0	468.7064762223454	3580.8840977805376	1	0	tensor(3, device='cuda:0')	1.5801041570204006
232200.0	2000.0	3380.8840977807654	0.0	0	436.82374181287014	3580.8840977805667	1	0	tensor(3, device='cuda:0')	1.5801041570203918
233200.0	2000.0	3380.8840977807713	0.0	0	591.5166957761103	3580.8840977805667	1	0	tensor(3, device='cuda:0')	1.5801041570203918
234200.0	2000.0	3380.8840977807795	0.0	0	530.5998140085721	3580.8840977805667	1	0	tensor(3, device='cuda:0')	1.5801041570203918
235200.0	2000.0	3380.8840977807863	0.0	0	596.5538358915655	3580.8840977805958	1	0	tensor(3, device='cuda:0')	1.5801041570203829
236200.0	2000.0	3380.8840977807477	0.0	0	466.2942282614531	3580.8840977805958	1	0	tensor(3, device='cuda:0')	1.5801041570203829
237200.0	2000.0	3380.884097780765	0.0	0	613.1540904891735	3580.8840977805958	1	0	tensor(3, device='cuda:0')	1.5801041570203829
238200.0	2000.0	3380.8840977807813	0.0	0	572.4004713651957	3580.8840977805958	1	0	tensor(3, device='cuda:0')	1.5801041570203829
239200.0	2000.0	3380.8840977807804	0.0	0	471.57029064313974	3580.8840977805958	1	0	tensor(3, device='cuda:0')	1.5801041570203829
240200.0	2000.0	3380.8840977807495	0.0	0	258.750766108511	3580.8840977805958	1	0	tensor(3, device='cuda:0')	1.5801041570203829
241200.0	2000.0	3380.8840977807413	0.0	0	13.519497156259604	3580.8840977805958	1	0	tensor(3, device='cuda:0')	1.5801041570203829
242200.0	2000.0	3380.884097780749	0.0	0	404.3164911874919	3580.8840977805958	1	0	tensor(3, device='cuda:0')	1.5801041570203829
243200.0	2000.0	3380.884097780745	0.0	0	172.4332587996032	3580.8840977805958	1	0	tensor(3, device='cuda:0')	1.5801041570203829
244200.0	2000.0	3380.8840977807463	0.0	0	116.69075700617395	3580.8840977805958	1	0	tensor(3, device='cuda:0')	1.5801041570203829
245200.0	2000.0	3380.8840977807445	0.0	0	313.8677826053754	3580.8840977805958	1	0	tensor(3, device='cuda:0')	1.5801041570203829
246200.0	2000.0	3380.884097780777	0.0	0	127.35154034054722	3580.8840977805958	1	0	tensor(3, device='cuda:0')	1.5801041570203829
247200.0	2000.0	3380.8840977807704	0.0	0	516.2537230243615	3580.8840977805958	1	0	tensor(3, device='cuda:0')	1.5801041570203829
248200.0	2000.0	3380.884097780783	0.0	0	386.0168286600674	3580.8840977805958	1	0	tensor(3, device='cuda:0')	1.5801041570203829
249200.0	2000.0	3380.8840977807695	0.0	0	502.06968403296196	3580.8840977805958	1	0	tensor(3, device='cuda:0')	1.5801041570203829
250200.0	2000.0	3380.884097780748	0.0	0	535.5878109358309	3580.8840977805958	1	0	tensor(3, device='cuda:0')	1.5801041570203829
251200.0	2000.0	3380.8840977807454	0.0	0	626.5360603260342	3580.8840977805958	1	0	tensor(3, device='cuda:0')	1.5801041570203829
252200.0	2000.0	3380.884097780737	0.0	0	746.3106174992572	3580.8840977805958	1	0	tensor(3, device='cuda:0')	1.5801041570203829
253200.0	2000.0	3380.8840977807326	0.0	0	613.0994451266015	3580.8840977805667	1	0	tensor(3, device='cuda:0')	1.5801041570203918
254200.0	2000.0	3380.8840977807426	0.0	0	728.8820615008299	3580.8840977805958	1	0	tensor(3, device='cuda:0')	1.5801041570203829
255200.0	2000.0	3380.8840977807727	0.0	0	576.6181390801503	3580.8840977805958	1	0	tensor(3, device='cuda:0')	1.5801041570203829
256200.0	2000.0	3380.8840977807513	0.0	0	492.5349860712304	3580.8840977805958	1	0	tensor(3, device='cuda:0')	1.5801041570203829
257200.0	2000.0	3380.884097780755	0.0	0	474.8717799394799	3580.8840977805667	1	0	tensor(3, device='cuda:0')	1.5801041570203918
258200.0	2000.0	3380.88409778075	0.0	0	506.3833154562453	3580.8840977805667	1	0	tensor(3, device='cuda:0')	1.5801041570203918
259200.0	2000.0	3380.8840977807495	0.0	0	566.3801344337699	3580.8840977805667	1	0	tensor(3, device='cuda:0')	1.5801041570203918
260200.0	2000.0	3380.8840977807704	0.0	0	42.50816415954614	3580.8840977805667	1	0	tensor(3, device='cuda:0')	1.5801041570203918
261200.0	2000.0	3380.8840977807895	0.0	0	270.47665171089466	3580.8840977805667	1	0	tensor(3, device='cuda:0')	1.5801041570203918
262200.0	2000.0	3380.8840977808054	0.0	0	22.66655715100933	3580.8840977805376	1	0	tensor(3, device='cuda:0')	1.5801041570203935
263200.0	2000.0	3380.8840977808554	0.0	0	125.60866341291694	3580.8840977805958	1	0	tensor(3, device='cuda:0')	1.5801041570203846
264200.0	2000.0	3380.8840977808813	0.0	0	370.029895790678	3580.884097780625	1	0	tensor(3, device='cuda:0')	1.5801041570203778
265200.0	2000.0	3380.8840977808486	0.0	0	551.5934177727904	3580.8840977805667	1	0	tensor(3, device='cuda:0')	1.5801041570203864
266200.0	2000.0	3380.8840977807954	0.0	0	540.4399317393545	3580.8840977805667	1	0	tensor(3, device='cuda:0')	1.5801041570203953
267200.0	2000.0	3380.884097780824	0.0	0	560.0504980410915	3580.8840977805085	1	0	tensor(3, device='cuda:0')	1.580104157020409
268200.0	2000.0	3380.884097780868	0.0	0	621.4464102002094	3580.8840977805085	1	0	tensor(3, device='cuda:0')	1.580104157020409
269200.0	2000.0	3380.8840977808713	0.0	0	659.3180982131744	3580.8840977804502	1	0	tensor(3, device='cuda:0')	1.5801041570204266
270200.0	2000.0	3380.8840977808886	0.0	0	446.28362114855554	3580.8840977804502	1	0	tensor(3, device='cuda:0')	1.5801041570204266
271200.0	2000.0	3380.884097780881	0.0	0	498.6041765783448	3580.8840977804502	1	0	tensor(3, device='cuda:0')	1.5801041570204266
272200.0	2000.0	3380.884097780854	0.0	0	528.0473726280616	3580.8840977804502	1	0	tensor(3, device='cuda:0')	1.5801041570204266
273200.0	2000.0	3380.884097780843	0.0	0	425.8395366074983	3580.8840977804502	1	0	tensor(3, device='cuda:0')	1.5801041570204266
274200.0	2000.0	3380.8840977808595	0.0	0	345.49794571084203	3580.8840977804502	1	0	tensor(3, device='cuda:0')	1.5801041570204266
275200.0	2000.0	3380.884097780771	0.0	0	372.71564455115004	3580.8840977804502	1	0	tensor(3, device='cuda:0')	1.5801041570204266
276200.0	2000.0	3380.8840977807745	0.0	0	298.0284721723292	3580.8840977805085	1	0	tensor(3, device='cuda:0')	1.580104157020409
277200.0	2000.0	3380.8840977808254	0.0	0	399.2196825032006	3580.8840977805667	1	0	tensor(3, device='cuda:0')	1.5801041570203918
278200.0	2000.0	3380.8840977807895	0.0	0	551.5011998580303	3580.8840977805085	1	0	tensor(3, device='cuda:0')	1.580104157020409
279200.0	2000.0	3380.884097780814	0.0	0	640.6445880262763	3580.8840977805085	1	0	tensor(3, device='cuda:0')	1.580104157020409
280200.0	2000.0	3380.884097780856	0.0	0	548.7683298040065	3580.8840977804502	1	0	tensor(3, device='cuda:0')	1.5801041570204266
281200.0	2000.0	3380.884097780881	0.0	0	596.1222261270159	3580.8840977804502	1	0	tensor(3, device='cuda:0')	1.5801041570204266
282200.0	2000.0	3380.8840977809364	0.0	0	458.2913491418585	3580.8840977804502	1	0	tensor(3, device='cuda:0')	1.5801041570204266
283200.0	2000.0	3380.8840977808945	0.0	0	662.8762802751735	3580.8840977804502	1	0	tensor(3, device='cuda:0')	1.5801041570204266
284200.0	2000.0	3380.884097780862	0.0	0	618.60920160776	3580.8840977805085	1	0	tensor(3, device='cuda:0')	1.580104157020409
285200.0	2000.0	3380.8840977808563	0.0	0	609.6221805890673	3580.8840977805085	1	0	tensor(3, device='cuda:0')	1.580104157020409
286200.0	2000.0	3380.884097780877	0.0	0	612.4741451024311	3580.8840977805085	1	0	tensor(3, device='cuda:0')	1.580104157020409
287200.0	2000.0	3380.8840977808563	0.0	0	457.6540796557092	3580.8840977804502	1	0	tensor(3, device='cuda:0')	1.5801041570204266
288200.0	2000.0	3380.884097780798	0.0	0	479.8371962533565	3580.8840977804502	1	0	tensor(3, device='cuda:0')	1.5801041570204266
289200.0	2000.0	3380.884097780849	0.0	0	603.8512201482081	3580.8840977805085	1	0	tensor(3, device='cuda:0')	1.580104157020409
290200.0	2000.0	3380.88409778087	0.0	0	420.52844245755114	3580.8840977805085	1	0	tensor(3, device='cuda:0')	1.580104157020409
291200.0	2000.0	3380.884097780921	0.0	0	443.1503853071481	3580.8840977805085	1	0	tensor(3, device='cuda:0')	1.580104157020409
292200.0	2000.0	3380.8840977809677	0.0	0	478.6693022227264	3580.8840977805085	1	0	tensor(3, device='cuda:0')	1.580104157020409
293200.0	2000.0	3380.8840977809937	0.0	0	688.9071242231294	3580.8840977804502	1	0	tensor(3, device='cuda:0')	1.5801041570204266
294200.0	2000.0	3380.8840977809823	0.0	0	515.6810979634756	3580.8840977804502	1	0	tensor(3, device='cuda:0')	1.5801041570204266
295200.0	2000.0	3380.884097780929	0.0	0	688.0174972689128	3580.8840977804502	1	0	tensor(3, device='cuda:0')	1.5801041570204266
296200.0	2000.0	3380.8840977809314	0.0	0	722.6825349453138	3580.8840977804502	1	0	tensor(3, device='cuda:0')	1.5801041570204266
297200.0	2000.0	3380.8840977808736	0.0	0	462.75429281266406	3580.8840977804502	1	0	tensor(3, device='cuda:0')	1.5801041570204266
298200.0	2000.0	3380.8840977808895	0.0	0	367.5861193778692	3580.8840977804502	1	0	tensor(3, device='cuda:0')	1.5801041570204266
299200.0	2000.0	3380.884097780908	0.0	0	497.3604218532564	3580.8840977804502	1	0	tensor(3, device='cuda:0')	1.5801041570204266
300200.0	2000.0	3380.884097780914	0.0	0	649.2087797510321	3580.8840977805085	1	0	tensor(3, device='cuda:0')	1.580104157020409
4.07	5.0	5.87	6.73	5.26	4.01	4.68	3.26	3.28	2.27	2.06	2.57	2.66	3.1	2.61	2.49	2.36	2.9	3.52	2.42	3.04	3.94	4.51	4.23	3.8	4.24	3.76	4.53	4.83	5.94	5.39	6.06	5.12	5.28	4.45	5.09	2.7	2.56	3.34	4.15	4.88	3.53	3.53	4.55	5.26	5.66	4.52	3.09	2.95	2.72	2.09	2.61	2.02	2.58	3.29	3.13	3.67	4.46	5.02	6.09	5.76	5.37	5.32	4.31	4.43	5.18	2.93	2.02	2.13	2.36	3.01	3.63	3.06	3.36	3.58	3.07	2.76	3.37	2.88	2.21	2.7	3.49	4.38	5.1	6.01	6.78	9.67	10.1	6.32	3.82	3.74	3.43	2.42	2.63	2.63	2.7	3.01	2.44	2.72	2.9	3.22	2.27	2.99	3.72	3.66	2.05	2.44	3.16	3.02	2.78	2.27	2.98	3.67	4.71	5.4	4.76	5.41	6.04	6.68	7.43	8.27	5.68	4.69	3.96	3.37	3.36	4.08	4.48	4.27	4.66	4.18	4.98	5.47	4.71	4.53	4.67	3.76	2.78	2.93	3.82	3.97	4.05	4.15	2.64	2.41	3.31	2.81	2.68	3.19	4.12	4.29	4.24	4.74	5.55	6.13	6.23	4.71	5.03	4.22	3.35	3.29	3.7	4.08	5.06	5.64	3.98	2.13	2.44	3.29	2.87	2.29	2.27	1.78	1.52	1.82	1.89	2.47	2.17	3.05	3.89	4.74	5.21	5.5	5.56	4.82	4.92	6.01	5.69	3.12	1.73	2.43	3.15	3.21	2.75	2.56	2.51	2.03	2.61	2.58	2.95	1.7	1.11	1.2	1.75	2.54	3.24	3.56	2.18	2.47	2.99	2.64	2.59	3.45	4.05	4.11	3.59	3.97	3.64	3.12	2.94	2.57	3.09	3.76	3.72	4.12	4.91	4.88	5.0	4.69	4.04	4.12	2.85	2.79	2.68	3.3	2.77	2.83	3.36	4.24	4.78	5.87	6.59	7.21	6.09	7.53	6.8	5.64	5.26	5.47	5.19	3.6	2.13	2.11	2.92	2.94	3.45	3.94	4.97	5.46	5.14	3.75	3.5	3.95	3.8	3.07	3.49	2.92	3.1	3.81	4.71	4.22	5.03	4.62	4.92	5.17	4.76	4.83	3.65	3.53	4.46	3.83	4.67	5.19	5.76	4.85	5.93	6.28	6.07	4.09	4.48	5.26	6.26	5.73	6.07	6.42
552.0	553.0	554.0	555.0	556.0	557.0	558.0	559.0	560.0	561.0	562.0	563.0	564.0	565.0	566.0	567.0	568.0	569.0	570.0	571.0	572.0	573.0	574.0	575.0	576.0	577.0	578.0	579.0	580.0	581.0	582.0	583.0	584.0	585.0	586.0	587.0	588.0	589.0	590.0	591.0	592.0	593.0	594.0	595.0	596.0	597.0	598.0	599.0	600.0	601.0	602.0	603.0	604.0	605.0	606.0	607.0	608.0	609.0	610.0	611.0	612.0	613.0	614.0	615.0	616.0	617.0	618.0	619.0	620.0	621.0	622.0	623.0	624.0	625.0	626.0	627.0	628.0	629.0	630.0	631.0	632.0	633.0	634.0	635.0	636.0	637.0	638.0	639.0	640.0	641.0	642.0	643.0	644.0	645.0	646.0	647.0	648.0	649.0	650.0	651.0	652.0	653.0	654.0	655.0	656.0	657.0	658.0	659.0	660.0	661.0	662.0	663.0	664.0	665.0	666.0	667.0	668.0	669.0	670.0	671.0	672.0	673.0	674.0	675.0	676.0	677.0	678.0	679.0	680.0	681.0	682.0	683.0	684.0	685.0	686.0	687.0	688.0	689.0	690.0	691.0	692.0	693.0	694.0	695.0	696.0	697.0	698.0	699.0	700.0	701.0	702.0	703.0	704.0	705.0	706.0	707.0	708.0	709.0	710.0	711.0	712.0	713.0	714.0	715.0	716.0	717.0	718.0	719.0	720.0	721.0	722.0	723.0	724.0	725.0	726.0	727.0	728.0	729.0	730.0	731.0	732.0	733.0	734.0	735.0	736.0	737.0	738.0	739.0	740.0	741.0	742.0	743.0	744.0	745.0	746.0	747.0	748.0	749.0	750.0	751.0	752.0	753.0	754.0	755.0	756.0	757.0	758.0	759.0	760.0	761.0	762.0	763.0	764.0	765.0	766.0	767.0	768.0	769.0	770.0	771.0	772.0	773.0	774.0	775.0	776.0	777.0	778.0	779.0	780.0	781.0	782.0	783.0	784.0	785.0	786.0	787.0	788.0	789.0	790.0	791.0	792.0	793.0	794.0	795.0	796.0	797.0	798.0	799.0	800.0	801.0	802.0	803.0	804.0	805.0	806.0	807.0	808.0	809.0	810.0	811.0	812.0	813.0	814.0	815.0	816.0	817.0	818.0	819.0	820.0	821.0	822.0	823.0	824.0	825.0	826.0	827.0	828.0	829.0	830.0	831.0	832.0	833.0	834.0	835.0	836.0	837.0	838.0	839.0	840.0	841.0	842.0	843.0	844.0	845.0	846.0
8670.0
