2875.6136668565755	2000.0	2000.0	383.94341401540936	0	0.0	2875.6136668565755	1	0	tensor(3, device='cuda:0')	-2.448435089698387
3284.0562875975547	2000.0	2591.5573792590203	0.0	0	0.0	2875.613666856575	1	0	tensor(3, device='cuda:0')	1.7385605748022845
4200.0	2000.0	2675.6136668565755	0.0	0	392.66192997819417	2875.6136668565755	1	0	tensor(3, device='cuda:0')	1.7385605748022845
5200.0	2000.0	2675.6136668565746	0.0	0	504.4662905792484	2875.6136668565746	1	0	tensor(3, device='cuda:0')	1.7385605748022845
6200.0	2000.0	2675.613666856573	0.0	0	581.6563549087859	2875.613666856573	1	0	tensor(3, device='cuda:0')	1.7385605748022848
7200.0	2000.0	2675.6136668565746	0.0	0	628.3784972138028	2875.613666856574	1	0	tensor(3, device='cuda:0')	1.7385605748022848
8200.0	2000.0	2675.613666856575	0.0	0	591.8871001461621	2875.613666856574	1	0	tensor(3, device='cuda:0')	1.7385605748022848
9200.0	2000.0	2675.613666856574	0.0	0	388.5248387428255	2875.613666856574	1	0	tensor(3, device='cuda:0')	1.7385605748022848
10200.0	2000.0	2675.6136668565723	0.0	0	573.4847557753455	2875.6136668565714	1	0	tensor(3, device='cuda:0')	1.7385605748022848
11200.0	2000.0	2675.613666856571	0.0	0	455.7520553800241	2875.6136668565705	1	0	tensor(3, device='cuda:0')	1.7385605748022854
12200.0	2000.0	2675.6136668565714	0.0	0	663.3625378066554	2875.6136668565705	1	0	tensor(3, device='cuda:0')	1.7385605748022854
13200.0	2000.0	2675.6136668565714	0.0	0	634.3391298081679	2875.6136668565705	1	0	tensor(3, device='cuda:0')	1.7385605748022854
14200.0	2000.0	2675.6136668565723	0.0	0	509.4987632000266	2875.6136668565705	1	0	tensor(3, device='cuda:0')	1.7385605748022854
15200.0	2000.0	2675.6136668565723	0.0	0	325.7904318812998	2875.6136668565705	1	0	tensor(3, device='cuda:0')	1.7385605748022854
16200.0	2000.0	2675.6136668565737	0.0	0	425.45648557392815	2875.6136668565705	1	0	tensor(3, device='cuda:0')	1.7385605748022854
17200.0	2000.0	2675.613666856571	0.0	0	444.298272381242	2875.613666856567	1	0	tensor(3, device='cuda:0')	1.7385605748022854
18200.0	2000.0	2675.613666856571	0.0	0	586.3698752516029	2875.613666856567	1	0	tensor(3, device='cuda:0')	1.7385605748022859
19200.0	2000.0	2675.6136668565714	0.0	0	479.7796139766069	2875.613666856567	1	0	tensor(3, device='cuda:0')	1.7385605748022854
20200.0	2000.0	2675.613666856574	0.0	0	527.6391376200991	2875.613666856567	1	0	tensor(3, device='cuda:0')	1.7385605748022859
21200.0	2000.0	2675.613666856572	0.0	0	608.1051131449749	2875.613666856567	1	0	tensor(3, device='cuda:0')	1.7385605748022859
22200.0	2000.0	2675.6136668565705	0.0	0	508.2752859396787	2875.613666856567	1	0	tensor(3, device='cuda:0')	1.7385605748022859
23200.0	2000.0	2675.613666856569	0.0	0	522.2504911865763	2875.613666856563	1	0	tensor(3, device='cuda:0')	1.7385605748022863
24200.0	2000.0	2675.613666856568	0.0	0	346.24783226527506	2875.613666856563	1	0	tensor(3, device='cuda:0')	1.7385605748022863
25200.0	2000.0	2675.613666856572	0.0	0	338.2944341897128	2875.613666856563	1	0	tensor(3, device='cuda:0')	1.7385605748022863
26200.0	2000.0	2675.6136668565714	0.0	0	51.84736354450433	2875.613666856563	1	0	tensor(3, device='cuda:0')	1.7385605748022863
27200.0	2000.0	2675.613666856569	0.0	0	429.04999363345996	2875.613666856563	1	0	tensor(3, device='cuda:0')	1.7385605748022863
28200.0	2000.0	2675.6136668565673	0.0	0	192.7503901260061	2875.613666856563	1	0	tensor(3, device='cuda:0')	1.7385605748022863
29200.0	2000.0	2675.613666856572	0.0	0	217.3572464480676	2875.613666856563	1	0	tensor(3, device='cuda:0')	1.7385605748022863
30200.0	2000.0	2675.613666856575	0.0	0	123.4186975964949	2875.613666856567	1	0	tensor(3, device='cuda:0')	1.7385605748022859
31200.0	2000.0	2675.613666856577	0.0	0	299.50030635895746	2875.613666856567	1	0	tensor(3, device='cuda:0')	1.7385605748022859
32200.0	2000.0	2675.6136668565755	0.0	0	505.9332337338965	2875.613666856567	1	0	tensor(3, device='cuda:0')	1.7385605748022859
33200.0	2000.0	2675.613666856573	0.0	0	263.81398595314386	2875.6136668565596	1	0	tensor(3, device='cuda:0')	1.738560574802286
34237.87598463996	2000.0	2637.737682216619	0.0	0	0.0	2875.613666856567	1	0	tensor(3, device='cuda:0')	1.7385605748022868
35200.0	2000.0	2675.6136668565923	0.0	0	13.449876156817481	2875.6136668565814	1	0	tensor(3, device='cuda:0')	1.7385605748022843
36324.44881267161	2000.0	2551.1648541849813	0.0	0	0.0	2875.6136668565814	1	0	tensor(3, device='cuda:0')	1.7385605748022834
37200.0	2000.0	2675.61366685658	0.0	0	230.09355218857672	2875.613666856574	1	0	tensor(3, device='cuda:0')	1.7385605748022848
38200.0	2000.0	2675.613666856583	0.0	0	363.6722022481845	2875.613666856574	1	0	tensor(3, device='cuda:0')	1.7385605748022848
39200.0	2000.0	2675.6136668565805	0.0	0	494.70803386899934	2875.613666856574	1	0	tensor(3, device='cuda:0')	1.7385605748022848
40200.0	2000.0	2675.6136668565828	0.0	0	388.73214770702907	2875.613666856574	1	0	tensor(3, device='cuda:0')	1.7385605748022848
41200.0	2000.0	2675.613666856583	0.0	0	394.0622491754257	2875.613666856574	1	0	tensor(3, device='cuda:0')	1.7385605748022848
42200.0	2000.0	2675.6136668565887	0.0	0	637.1832941624671	2875.613666856574	1	0	tensor(3, device='cuda:0')	1.7385605748022848
43200.0	2000.0	2675.613666856584	0.0	0	692.0300121112159	2875.613666856574	1	0	tensor(3, device='cuda:0')	1.7385605748022848
44200.0	2000.0	2675.6136668565828	0.0	0	683.9479289274532	2875.6136668565814	1	0	tensor(3, device='cuda:0')	1.7385605748022834
45200.0	2000.0	2675.6136668565805	0.0	0	632.7296261768279	2875.6136668565814	1	0	tensor(3, device='cuda:0')	1.7385605748022834
46200.0	2000.0	2675.6136668565787	0.0	0	587.9358433320158	2875.6136668565887	1	0	tensor(3, device='cuda:0')	1.7385605748022823
47200.0	2000.0	2675.613666856577	0.0	0	318.3783520684301	2875.6136668565887	1	0	tensor(3, device='cuda:0')	1.7385605748022823
48200.0	2000.0	2675.613666856575	0.0	0	385.08297030640097	2875.6136668565887	1	0	tensor(3, device='cuda:0')	1.7385605748022823
49200.0	2000.0	2675.6136668565787	0.0	0	499.5478147353497	2875.6136668565887	1	0	tensor(3, device='cuda:0')	1.7385605748022823
50200.0	2000.0	2675.613666856573	0.0	0	577.1233667456909	2875.6136668565814	1	0	tensor(3, device='cuda:0')	1.7385605748022834
51200.0	2000.0	2675.613666856572	0.0	0	380.9259523462315	2875.6136668565887	1	0	tensor(3, device='cuda:0')	1.7385605748022823
52200.0	2000.0	2675.613666856574	0.0	0	208.56224916285282	2875.6136668565887	1	0	tensor(3, device='cuda:0')	1.7385605748022823
53200.0	2000.0	2675.6136668565837	0.0	0	430.88166640319105	2875.6136668565887	1	0	tensor(3, device='cuda:0')	1.7385605748022823
54200.0	2000.0	2675.6136668565805	0.0	0	8.120255641653785	2875.6136668565814	1	0	tensor(3, device='cuda:0')	1.7385605748022834
55200.0	2000.0	2675.6136668565787	0.0	0	139.8578074310135	2875.6136668565887	1	0	tensor(3, device='cuda:0')	1.7385605748022823
56268.963696852166	2000.0	2606.6499700044133	0.0	0	0.0	2875.6136668565814	1	0	tensor(3, device='cuda:0')	1.7385605748022834
57200.0	2000.0	2675.613666856584	0.0	0	119.63137543488119	2875.6136668565814	1	0	tensor(3, device='cuda:0')	1.7385605748022834
58304.43794589395	2000.0	2571.17572096264	0.0	0	0.0	2875.6136668565814	1	0	tensor(3, device='cuda:0')	1.7385605748022834
59509.021586316725	2000.0	2366.592080539873	0.0	0	0.0	2875.6136668565887	1	0	tensor(3, device='cuda:0')	1.7385605748022832
60399.286560997774	2000.0	2476.327105858823	0.0	0	0.0	2875.6136668565887	1	0	tensor(3, device='cuda:0')	1.7385605748022823
61200.0	2000.0	2675.6136668565982	0.0	0	243.0274067433711	2875.6136668565887	1	0	tensor(3, device='cuda:0')	1.7385605748022823
62200.0	2000.0	2675.6136668565973	0.0	0	367.1643903107033	2875.6136668565887	1	0	tensor(3, device='cuda:0')	1.7385605748022823
63200.0	2000.0	2675.613666856597	0.0	0	484.5050244578306	2875.6136668565887	1	0	tensor(3, device='cuda:0')	1.7385605748022823
64200.0	2000.0	2675.6136668565955	0.0	0	438.0452966399753	2875.6136668565887	1	0	tensor(3, device='cuda:0')	1.7385605748022823
65200.0	2000.0	2675.613666856589	0.0	0	487.7577625799968	2875.6136668565887	1	0	tensor(3, device='cuda:0')	1.7385605748022823
66200.0	2000.0	2675.6136668565905	0.0	0	597.1367427076839	2875.6136668565814	1	0	tensor(3, device='cuda:0')	1.7385605748022825
67200.0	2000.0	2675.61366685661	0.0	0	406.9401243100292	2875.6136668566032	1	0	tensor(3, device='cuda:0')	1.7385605748022812
68200.0	2000.0	2675.6136668566182	0.0	0	143.91143910538813	2875.6136668566105	1	0	tensor(3, device='cuda:0')	1.738560574802279
69200.0	2000.0	2675.6136668566232	0.0	0	79.63812302159204	2875.613666856618	1	0	tensor(3, device='cuda:0')	1.7385605748022774
70790.63368616538	2000.0	2084.9799806912442	0.0	0	0.0	2875.613666856618	1	0	tensor(3, device='cuda:0')	1.7385605748022774
71738.60872024485	2000.0	2137.0049466117734	0.0	0	0.0	2875.613666856618	1	0	tensor(3, device='cuda:0')	1.7385605748022774
72589.12008967639	2000.0	2286.493577180255	0.0	0	0.0	2875.613666856618	1	0	tensor(3, device='cuda:0')	1.7385605748022774
73294.09736378906	2000.0	2581.5163030675835	0.0	0	0.0	2875.613666856618	1	0	tensor(3, device='cuda:0')	1.7385605748022774
74200.0	2000.0	2675.6136668566237	0.0	0	368.7363399966416	2875.613666856618	1	0	tensor(3, device='cuda:0')	1.7385605748022774
75200.0	2000.0	2675.6136668566123	0.0	0	372.33841980742	2875.6136668566323	1	0	tensor(3, device='cuda:0')	1.7385605748022752
76200.0	2000.0	2675.613666856591	0.0	0	128.98631248385936	2875.6136668566323	1	0	tensor(3, device='cuda:0')	1.7385605748022752
77200.0	2000.0	2675.6136668566	0.0	0	322.4826157085481	2875.6136668566323	1	0	tensor(3, device='cuda:0')	1.7385605748022752
78200.0	2000.0	2675.6136668566014	0.0	0	498.97254145618354	2875.6136668566323	1	0	tensor(3, device='cuda:0')	1.7385605748022752
79200.0	2000.0	2675.6136668566037	0.0	0	490.6441167886951	2875.6136668566323	1	0	tensor(3, device='cuda:0')	1.7385605748022752
80200.0	2000.0	2675.613666856606	0.0	0	131.83438824352925	2875.6136668566323	1	0	tensor(3, device='cuda:0')	1.7385605748022752
81200.0	2000.0	2675.61366685662	0.0	0	456.22774295204727	2875.6136668566323	1	0	tensor(3, device='cuda:0')	1.7385605748022752
82200.0	2000.0	2675.6136668566137	0.0	0	415.72386789166194	2875.6136668566323	1	0	tensor(3, device='cuda:0')	1.7385605748022752
83200.0	2000.0	2675.6136668566196	0.0	0	482.17481443242286	2875.6136668566323	1	0	tensor(3, device='cuda:0')	1.7385605748022752
84200.0	2000.0	2675.613666856615	0.0	0	496.63833636754134	2875.613666856618	1	0	tensor(3, device='cuda:0')	1.7385605748022774
85200.0	2000.0	2675.6136668566096	0.0	0	293.62053209713486	2875.613666856618	1	0	tensor(3, device='cuda:0')	1.7385605748022774
86200.0	2000.0	2675.613666856615	0.0	0	572.608534933097	2875.613666856618	1	0	tensor(3, device='cuda:0')	1.7385605748022774
87200.0	2000.0	2675.6136668565955	0.0	0	505.74950960879505	2875.613666856618	1	0	tensor(3, device='cuda:0')	1.7385605748022774
88200.0	2000.0	2675.613666856611	0.0	0	597.1837901983818	2875.6136668566323	1	0	tensor(3, device='cuda:0')	1.7385605748022752
89200.0	2000.0	2675.613666856602	0.0	0	666.0119216493913	2875.6136668566323	1	0	tensor(3, device='cuda:0')	1.7385605748022752
90200.0	2000.0	2675.613666856589	0.0	0	345.3026468858443	2875.6136668566323	1	0	tensor(3, device='cuda:0')	1.7385605748022752
91200.0	2000.0	2675.613666856593	0.0	0	399.1755274915049	2875.6136668566323	1	0	tensor(3, device='cuda:0')	1.7385605748022752
92200.0	2000.0	2675.6136668565973	0.0	0	353.2749075330066	2875.6136668566323	1	0	tensor(3, device='cuda:0')	1.7385605748022752
93200.0	2000.0	2675.613666856588	0.0	0	388.87672113593726	2875.6136668566323	1	0	tensor(3, device='cuda:0')	1.7385605748022752
94200.0	2000.0	2675.6136668565873	0.0	0	433.25912296876777	2875.613666856618	1	0	tensor(3, device='cuda:0')	1.7385605748022774
95200.0	2000.0	2675.613666856583	0.0	0	557.7003646921657	2875.613666856618	1	0	tensor(3, device='cuda:0')	1.7385605748022774
96200.0	2000.0	2675.6136668565823	0.0	0	398.815524652382	2875.613666856618	1	0	tensor(3, device='cuda:0')	1.7385605748022774
97200.0	2000.0	2675.613666856588	0.0	0	394.3877046725247	2875.6136668566323	1	0	tensor(3, device='cuda:0')	1.7385605748022752
98200.0	2000.0	2675.6136668565964	0.0	0	413.23436858424975	2875.613666856647	1	0	tensor(3, device='cuda:0')	1.7385605748022728
99200.0	2000.0	2675.613666856596	0.0	0	418.70089178945636	2875.613666856647	1	0	tensor(3, device='cuda:0')	1.7385605748022728
100200.0	2000.0	2675.613666856608	0.0	0	365.23529704479733	2875.6136668566614	1	0	tensor(3, device='cuda:0')	1.7385605748022706
101200.0	2000.0	2675.613666856616	0.0	0	226.86904282127216	2875.613666856676	1	0	tensor(3, device='cuda:0')	1.738560574802268
102200.0	2000.0	2675.6136668566187	0.0	0	110.12926429262734	2875.613666856676	1	0	tensor(3, device='cuda:0')	1.738560574802268
103200.0	2000.0	2675.6136668566132	0.0	0	348.4560727831122	2875.613666856676	1	0	tensor(3, device='cuda:0')	1.738560574802268
104200.0	2000.0	2675.6136668565905	0.0	0	207.32574129925342	2875.613666856676	1	0	tensor(3, device='cuda:0')	1.738560574802268
105200.0	2000.0	2675.6136668565746	0.0	0	412.9328352161101	2875.613666856676	1	0	tensor(3, device='cuda:0')	1.738560574802268
106200.0	2000.0	2675.613666856579	0.0	0	342.2896952581941	2875.6136668566905	1	0	tensor(3, device='cuda:0')	1.738560574802266
107200.0	2000.0	2675.613666856577	0.0	0	415.58646667649737	2875.6136668566905	1	0	tensor(3, device='cuda:0')	1.738560574802266
108200.0	2000.0	2675.613666856578	0.0	0	430.9769642485044	2875.613666856676	1	0	tensor(3, device='cuda:0')	1.738560574802268
109200.0	2000.0	2675.613666856571	0.0	0	267.8866832150816	2875.613666856676	1	0	tensor(3, device='cuda:0')	1.738560574802268
110200.0	2000.0	2675.613666856579	0.0	0	339.1989301920112	2875.613666856676	1	0	tensor(3, device='cuda:0')	1.738560574802268
111200.0	2000.0	2675.6136668565873	0.0	0	516.3160003482772	2875.613666856676	1	0	tensor(3, device='cuda:0')	1.738560574802268
112200.0	2000.0	2675.6136668565864	0.0	0	597.4369800735585	2875.613666856676	1	0	tensor(3, device='cuda:0')	1.738560574802268
113200.0	2000.0	2675.613666856591	0.0	0	559.665787722508	2875.613666856676	1	0	tensor(3, device='cuda:0')	1.738560574802268
114200.0	2000.0	2675.6136668565855	0.0	0	671.6804391598562	2875.6136668566614	1	0	tensor(3, device='cuda:0')	1.7385605748022706
115200.0	2000.0	2675.6136668565814	0.0	0	514.5694628132187	2875.6136668566614	1	0	tensor(3, device='cuda:0')	1.7385605748022706
116200.0	2000.0	2675.6136668566014	0.0	0	694.7204364323115	2875.613666856676	1	0	tensor(3, device='cuda:0')	1.738560574802268
117200.0	2000.0	2675.613666856608	0.0	0	748.7857774328877	2875.613666856676	1	0	tensor(3, device='cuda:0')	1.738560574802268
118200.0	2000.0	2675.6136668566014	0.0	0	682.6979743264383	2875.6136668566905	1	0	tensor(3, device='cuda:0')	1.738560574802266
119200.0	2000.0	2675.6136668565937	0.0	0	607.2965910361527	2875.6136668566905	1	0	tensor(3, device='cuda:0')	1.738560574802266
120200.0	2000.0	2675.6136668565923	0.0	0	353.7069888109545	2875.6136668566905	1	0	tensor(3, device='cuda:0')	1.738560574802266
122668.86178711594	2000.0	1206.751879740651	0.0	0	0.0	2875.6136668566905	1	0	tensor(3, device='cuda:0')	1.738560574802266
123956.17066824749	2000.0	919.4429986090996	0.0	0	0.0	2875.6136668566905	1	0	tensor(3, device='cuda:0')	1.738560574802266
125075.04311579361	2000.0	800.5705510629799	0.0	0	0.0	2875.6136668566905	1	0	tensor(3, device='cuda:0')	1.738560574802266
125648.6476795812	2000.0	1226.9659872753866	0.0	0	0.0	2875.6136668566905	1	0	tensor(3, device='cuda:0')	1.738560574802266
126625.67600935136	2000.0	1249.9376575052338	0.0	0	0.0	2875.6136668566905	1	0	tensor(3, device='cuda:0')	1.738560574802266
127622.88224803368	2000.0	1252.7314188228875	0.0	0	0.0	2875.6136668566905	1	0	tensor(3, device='cuda:0')	1.738560574802266
128431.86324440659	2000.0	1443.7504224499698	0.0	0	0.0	2875.613666856676	1	0	tensor(3, device='cuda:0')	1.738560574802268
128975.40448355509	2000.0	1900.2091833014833	0.0	0	0.0	2875.613666856676	1	0	tensor(3, device='cuda:0')	1.738560574802268
129513.82369654867	2000.0	2361.789970307902	0.0	0	0.0	2875.6136668566614	1	0	tensor(3, device='cuda:0')	1.7385605748022706
130216.74573822683	2000.0	2658.8679286297397	0.0	0	0.0	2875.6136668566614	1	0	tensor(3, device='cuda:0')	1.7385605748022706
131200.0	2000.0	2675.6136668565714	0.0	0	147.7884680997231	2875.6136668566614	1	0	tensor(3, device='cuda:0')	1.7385605748022706
132200.0	2000.0	2675.613666856577	0.0	0	238.0206956101465	2875.613666856676	1	0	tensor(3, device='cuda:0')	1.738560574802271
133200.0	2000.0	2675.6136668565787	0.0	0	387.9765471138817	2875.613666856676	1	0	tensor(3, device='cuda:0')	1.7385605748022677
134200.0	2000.0	2675.6136668565587	0.0	0	537.1315792363021	2875.6136668566614	1	0	tensor(3, device='cuda:0')	1.738560574802269
135200.0	2000.0	2675.6136668566	0.0	0	555.2518573806738	2875.6136668566614	1	0	tensor(3, device='cuda:0')	1.7385605748022706
136200.0	2000.0	2675.6136668565764	0.0	0	596.5753100024594	2875.6136668566614	1	0	tensor(3, device='cuda:0')	1.7385605748022706
137200.0	2000.0	2675.613666856582	0.0	0	340.2900088127353	2875.6136668566614	1	0	tensor(3, device='cuda:0')	1.7385605748022706
138200.0	2000.0	2675.6136668565578	0.0	0	392.11216873078956	2875.6136668566614	1	0	tensor(3, device='cuda:0')	1.7385605748022706
139200.0	2000.0	2675.6136668565664	0.0	0	89.00947299791733	2875.6136668566905	1	0	tensor(3, device='cuda:0')	1.738560574802266
140200.0	2000.0	2675.6136668565277	0.0	0	288.55663933002506	2875.6136668566905	1	0	tensor(3, device='cuda:0')	1.738560574802266
141200.0	2000.0	2675.613666856553	0.0	0	188.81356203567702	2875.6136668566905	1	0	tensor(3, device='cuda:0')	1.738560574802266
142200.0	2000.0	2675.613666856583	0.0	0	244.0978673933132	2875.6136668566905	1	0	tensor(3, device='cuda:0')	1.738560574802266
143210.77578232574	2000.0	2664.8378845308434	0.0	0	0.0	2875.6136668566614	1	0	tensor(3, device='cuda:0')	1.7385605748022706
144200.0	2000.0	2675.613666856573	0.0	0	185.42806259711506	2875.6136668566323	1	0	tensor(3, device='cuda:0')	1.7385605748022752
145304.22664504344	2000.0	2571.3870218131397	0.0	0	0.0	2875.6136668566323	1	0	tensor(3, device='cuda:0')	1.7385605748022752
146327.66762711343	2000.0	2547.9460397431485	0.0	0	0.0	2875.6136668566323	1	0	tensor(3, device='cuda:0')	1.7385605748022752
147200.0	2000.0	2675.6136668565537	0.0	0	110.67080879915738	2875.6136668566323	1	0	tensor(3, device='cuda:0')	1.7385605748022752
148200.0	2000.0	2675.6136668565496	0.0	0	347.97686605431954	2875.6136668566032	1	0	tensor(3, device='cuda:0')	1.73856057480228
149200.0	2000.0	2675.6136668565414	0.0	0	339.57991057034815	2875.6136668566032	1	0	tensor(3, device='cuda:0')	1.73856057480228
150200.0	2000.0	2675.6136668565723	0.0	0	272.8916589844739	2875.6136668566032	1	0	tensor(3, device='cuda:0')	1.73856057480228
151200.0	2000.0	2675.61366685656	0.0	0	330.6605436358077	2875.6136668566032	1	0	tensor(3, device='cuda:0')	1.73856057480228
152200.0	2000.0	2675.613666856561	0.0	0	449.6719744630391	2875.6136668566032	1	0	tensor(3, device='cuda:0')	1.73856057480228
153200.0	2000.0	2675.613666856574	0.0	0	481.7515104923805	2875.6136668566032	1	0	tensor(3, device='cuda:0')	1.73856057480228
154200.0	2000.0	2675.6136668565623	0.0	0	496.42173584731063	2875.6136668566032	1	0	tensor(3, device='cuda:0')	1.73856057480228
155200.0	2000.0	2675.6136668565564	0.0	0	184.6714921865787	2875.6136668566323	1	0	tensor(3, device='cuda:0')	1.7385605748022752
156200.0	2000.0	2675.6136668565714	0.0	0	118.52041602547979	2875.6136668566614	1	0	tensor(3, device='cuda:0')	1.7385605748022706
157200.0	2000.0	2675.6136668565578	0.0	0	430.0963734439574	2875.6136668566614	1	0	tensor(3, device='cuda:0')	1.7385605748022706
158200.0	2000.0	2675.6136668565405	0.0	0	327.29233196296263	2875.6136668566614	1	0	tensor(3, device='cuda:0')	1.7385605748022706
159200.0	2000.0	2675.61366685652	0.0	0	503.39686475438066	2875.6136668566614	1	0	tensor(3, device='cuda:0')	1.7385605748022706
160200.0	2000.0	2675.6136668565264	0.0	0	462.7173918899498	2875.6136668566614	1	0	tensor(3, device='cuda:0')	1.7385605748022706
161200.0	2000.0	2675.613666856511	0.0	0	482.1076954807795	2875.6136668566614	1	0	tensor(3, device='cuda:0')	1.7385605748022706
162200.0	2000.0	2675.6136668565	0.0	0	402.7654780061566	2875.6136668566614	1	0	tensor(3, device='cuda:0')	1.7385605748022706
163200.0	2000.0	2675.613666856506	0.0	0	465.41811062037596	2875.6136668566905	1	0	tensor(3, device='cuda:0')	1.738560574802266
164200.0	2000.0	2675.613666856511	0.0	0	224.0635168069566	2875.6136668566614	1	0	tensor(3, device='cuda:0')	1.7385605748022706
165200.0	2000.0	2675.6136668564977	0.0	0	52.21186155563919	2875.6136668566614	1	0	tensor(3, device='cuda:0')	1.7385605748022706
166200.0	2000.0	2675.6136668564923	0.0	0	395.6475357749441	2875.6136668566905	1	0	tensor(3, device='cuda:0')	1.738560574802266
167200.0	2000.0	2675.6136668564795	0.0	0	343.24954713342595	2875.6136668566614	1	0	tensor(3, device='cuda:0')	1.7385605748022706
168200.0	2000.0	2675.613666856449	0.0	0	595.4734015498834	2875.6136668566614	1	0	tensor(3, device='cuda:0')	1.7385605748022706
169200.0	2000.0	2675.6136668564586	0.0	0	684.3591283310088	2875.6136668566905	1	0	tensor(3, device='cuda:0')	1.7385605748022668
170200.0	2000.0	2675.613666856455	0.0	0	490.88220559840556	2875.6136668566905	1	0	tensor(3, device='cuda:0')	1.738560574802266
171200.0	2000.0	2675.613666856452	0.0	0	330.8951326898532	2875.6136668567196	1	0	tensor(3, device='cuda:0')	1.7385605748022612
172200.0	2000.0	2675.6136668564363	0.0	0	456.1868740412756	2875.6136668566905	1	0	tensor(3, device='cuda:0')	1.738560574802266
173200.0	2000.0	2675.6136668564345	0.0	0	201.05442249862244	2875.6136668566905	1	0	tensor(3, device='cuda:0')	1.738560574802266
174200.0	2000.0	2675.6136668564104	0.0	0	573.1642914810218	2875.6136668566905	1	0	tensor(3, device='cuda:0')	1.738560574802266
175200.0	2000.0	2675.6136668564495	0.0	0	532.367339771823	2875.6136668566614	1	0	tensor(3, device='cuda:0')	1.7385605748022706
176200.0	2000.0	2675.6136668564245	0.0	0	413.7363534439646	2875.6136668566323	1	0	tensor(3, device='cuda:0')	1.7385605748022752
177200.0	2000.0	2675.6136668564423	0.0	0	383.8954267302179	2875.6136668566614	1	0	tensor(3, device='cuda:0')	1.7385605748022706
178200.0	2000.0	2675.6136668564372	0.0	0	386.10665495094145	2875.6136668566614	1	0	tensor(3, device='cuda:0')	1.7385605748022706
179253.78281201093	2000.0	2621.8308548454816	0.0	0	0.0	2875.6136668566614	1	0	tensor(3, device='cuda:0')	1.7385605748022706
180395.90282309562	2000.0	2479.7108437607994	0.0	0	0.0	2875.6136668566614	1	0	tensor(3, device='cuda:0')	1.7385605748022706
181253.9691112676	2000.0	2621.6445555888135	0.0	0	0.0	2875.6136668566614	1	0	tensor(3, device='cuda:0')	1.7385605748022706
182200.0	2000.0	2675.61366685641	0.0	0	391.66498683040845	2875.6136668566614	1	0	tensor(3, device='cuda:0')	1.7385605748022706
183200.0	2000.0	2675.613666856384	0.0	0	520.8254699868558	2875.6136668566614	1	0	tensor(3, device='cuda:0')	1.7385605748022706
184200.0	2000.0	2675.6136668563827	0.0	0	606.3192349507008	2875.6136668566614	1	0	tensor(3, device='cuda:0')	1.7385605748022706
185200.0	2000.0	2675.61366685639	0.0	0	488.7014878063346	2875.6136668566614	1	0	tensor(3, device='cuda:0')	1.7385605748022706
186200.0	2000.0	2675.613666856362	0.0	0	531.1335450901242	2875.6136668566614	1	0	tensor(3, device='cuda:0')	1.7385605748022706
187200.0	2000.0	2675.613666856333	0.0	0	685.9170172587328	2875.6136668566614	1	0	tensor(3, device='cuda:0')	1.7385605748022706
188200.0	2000.0	2675.6136668563504	0.0	0	585.0569779840298	2875.6136668566614	1	0	tensor(3, device='cuda:0')	1.7385605748022706
189200.0	2000.0	2675.6136668563413	0.0	0	546.5275696096942	2875.6136668566614	1	0	tensor(3, device='cuda:0')	1.7385605748022706
190213.0354474623	2000.0	2662.5782193940368	0.0	0	0.0	2875.6136668566323	1	0	tensor(3, device='cuda:0')	1.7385605748022752
191200.0	2000.0	2675.613666856344	0.0	0	114.96920339323697	2875.6136668566323	1	0	tensor(3, device='cuda:0')	1.7385605748022752
192200.0	2000.0	2675.613666856357	0.0	0	174.04101292148698	2875.6136668566323	1	0	tensor(3, device='cuda:0')	1.7385605748022752
193200.0	2000.0	2675.6136668563763	0.0	0	351.46128806183697	2875.6136668566032	1	0	tensor(3, device='cuda:0')	1.73856057480228
194200.0	2000.0	2675.613666856371	0.0	0	505.58251367948833	2875.6136668566032	1	0	tensor(3, device='cuda:0')	1.73856057480228
195200.0	2000.0	2675.613666856369	0.0	0	508.7197258884844	2875.6136668566032	1	0	tensor(3, device='cuda:0')	1.73856057480228
196200.0	2000.0	2675.613666856367	0.0	0	639.8504592276877	2875.6136668566032	1	0	tensor(3, device='cuda:0')	1.73856057480228
197200.0	2000.0	2675.6136668563568	0.0	0	558.5540951858566	2875.6136668566032	1	0	tensor(3, device='cuda:0')	1.73856057480228
198200.0	2000.0	2675.613666856346	0.0	0	674.0493982150219	2875.613666856574	1	0	tensor(3, device='cuda:0')	1.7385605748022848
199200.0	2000.0	2675.6136668563377	0.0	0	600.3202966746467	2875.613666856574	1	0	tensor(3, device='cuda:0')	1.7385605748022848
200200.0	2000.0	2675.613666856324	0.0	0	523.1386447599216	2875.613666856574	1	0	tensor(3, device='cuda:0')	1.7385605748022848
201200.0	2000.0	2675.6136668563286	0.0	0	500.00475867884234	2875.613666856574	1	0	tensor(3, device='cuda:0')	1.7385605748022848
202200.0	2000.0	2675.6136668563395	0.0	0	575.9881144925894	2875.613666856574	1	0	tensor(3, device='cuda:0')	1.7385605748022848
203200.0	2000.0	2675.613666856344	0.0	0	340.15744627578533	2875.613666856574	1	0	tensor(3, device='cuda:0')	1.7385605748022848
204200.0	2000.0	2675.6136668563586	0.0	0	276.6857731327473	2875.6136668566032	1	0	tensor(3, device='cuda:0')	1.73856057480228
205394.8603295212	2000.0	2480.7533373351257	0.0	0	0.0	2875.6136668566032	1	0	tensor(3, device='cuda:0')	1.73856057480228
206589.35433701877	2000.0	2286.259329837587	0.0	0	0.0	2875.6136668566032	1	0	tensor(3, device='cuda:0')	1.73856057480228
207667.08685223016	2000.0	2208.526814626215	0.0	0	0.0	2875.6136668566032	1	0	tensor(3, device='cuda:0')	1.73856057480228
208872.10257047077	2000.0	2003.5110963855777	0.0	0	0.0	2875.613666856574	1	0	tensor(3, device='cuda:0')	1.7385605748022848
209603.22054041736	2000.0	2272.3931264390076	0.0	0	0.0	2875.613666856574	1	0	tensor(3, device='cuda:0')	1.7385605748022848
210335.58040876174	2000.0	2540.0332580946256	0.0	0	0.0	2875.613666856574	1	0	tensor(3, device='cuda:0')	1.7385605748022848
211200.0	2000.0	2675.6136668563922	0.0	0	212.42142388934735	2875.613666856574	1	0	tensor(3, device='cuda:0')	1.7385605748022848
212200.0	2000.0	2675.6136668564027	0.0	0	270.5682057936501	2875.613666856545	1	0	tensor(3, device='cuda:0')	1.7385605748022894
213306.8386568088	2000.0	2568.7750100476037	0.0	0	0.0	2875.613666856545	1	0	tensor(3, device='cuda:0')	1.7385605748022894
214200.0	2000.0	2675.6136668563845	0.0	0	97.95415745658102	2875.613666856545	1	0	tensor(3, device='cuda:0')	1.7385605748022894
215200.0	2000.0	2675.6136668563745	0.0	0	312.7517388902197	2875.613666856545	1	0	tensor(3, device='cuda:0')	1.7385605748022894
216200.0	2000.0	2675.6136668563904	0.0	0	525.2343259611807	2875.613666856545	1	0	tensor(3, device='cuda:0')	1.7385605748022894
217408.0934106622	2000.0	2467.520256194209	0.0	0	0.0	2875.613666856516	1	0	tensor(3, device='cuda:0')	1.7385605748022943
218788.73727334224	2000.0	2086.8763935141633	0.0	0	0.0	2875.613666856516	1	0	tensor(3, device='cuda:0')	1.7385605748022943
219625.67965841803	2000.0	2249.9340084383903	0.0	0	0.0	2875.613666856516	1	0	tensor(3, device='cuda:0')	1.7385605748022943
220307.1111171463	2000.0	2568.50254971014	0.0	0	0.0	2875.613666856516	1	0	tensor(3, device='cuda:0')	1.7385605748022943
221200.0	2000.0	2675.61366685643	0.0	0	81.0870588759717	2875.613666856516	1	0	tensor(3, device='cuda:0')	1.7385605748022943
222200.0	2000.0	2675.613666856404	0.0	0	262.68525840181974	2875.613666856516	1	0	tensor(3, device='cuda:0')	1.7385605748022943
223200.0	2000.0	2675.6136668563954	0.0	0	271.0916369026236	2875.613666856516	1	0	tensor(3, device='cuda:0')	1.7385605748022943
224200.0	2000.0	2675.613666856397	0.0	0	153.63892376289004	2875.613666856487	1	0	tensor(3, device='cuda:0')	1.7385605748022988
225200.0	2000.0	2675.6136668563922	0.0	0	70.6146672697796	2875.613666856487	1	0	tensor(3, device='cuda:0')	1.7385605748022988
226200.0	2000.0	2675.613666856386	0.0	0	103.57877559770714	2875.613666856516	1	0	tensor(3, device='cuda:0')	1.7385605748022943
227200.0	2000.0	2675.613666856358	0.0	0	80.56450343830511	2875.613666856545	1	0	tensor(3, device='cuda:0')	1.7385605748022894
228621.9704894618	2000.0	2253.643177394559	0.0	0	0.0	2875.613666856516	1	0	tensor(3, device='cuda:0')	1.7385605748022903
229753.17630579649	2000.0	2122.4373610598623	0.0	0	0.0	2875.613666856516	1	0	tensor(3, device='cuda:0')	1.7385605748022943
231364.90968025653	2000.0	1510.703986599823	0.0	0	0.0	2875.613666856545	1	0	tensor(3, device='cuda:0')	1.7385605748022894
232179.20138737524	2000.0	1696.412279481104	0.0	0	0.0	2875.613666856545	1	0	tensor(3, device='cuda:0')	1.7385605748022894
233052.92035049907	2000.0	1822.6933163572417	0.0	0	0.0	2875.613666856545	1	0	tensor(3, device='cuda:0')	1.7385605748022894
233605.1026518069	2000.0	2270.5110150494475	0.0	0	0.0	2875.613666856574	1	0	tensor(3, device='cuda:0')	1.7385605748022857
234209.41859997253	2000.0	2666.195066883794	0.0	0	0.0	2875.613666856574	1	0	tensor(3, device='cuda:0')	1.7385605748022848
235200.0	2000.0	2675.6136668563477	0.0	0	335.30358603500645	2875.613666856545	1	0	tensor(3, device='cuda:0')	1.7385605748022894
236209.54996122897	2000.0	2666.063705627376	0.0	0	0.0	2875.613666856574	1	0	tensor(3, device='cuda:0')	1.7385605748022848
237200.0	2000.0	2675.6136668563418	0.0	0	383.8371342688333	2875.613666856545	1	0	tensor(3, device='cuda:0')	1.7385605748022894
238200.0	2000.0	2675.6136668563336	0.0	0	478.19769506168086	2875.613666856516	1	0	tensor(3, device='cuda:0')	1.7385605748022943
239200.0	2000.0	2675.613666856346	0.0	0	591.3582470717956	2875.613666856516	1	0	tensor(3, device='cuda:0')	1.7385605748022943
240200.0	2000.0	2675.613666856349	0.0	0	627.01925603993	2875.613666856516	1	0	tensor(3, device='cuda:0')	1.7385605748022943
241200.0	2000.0	2675.6136668563518	0.0	0	642.5317087872827	2875.613666856516	1	0	tensor(3, device='cuda:0')	1.7385605748022943
242200.0	2000.0	2675.6136668563463	0.0	0	654.4992581693805	2875.613666856545	1	0	tensor(3, device='cuda:0')	1.7385605748022894
243200.0	2000.0	2675.6136668563627	0.0	0	441.26876258681295	2875.613666856545	1	0	tensor(3, device='cuda:0')	1.7385605748022894
244200.0	2000.0	2675.6136668563367	0.0	0	194.27351419682964	2875.613666856545	1	0	tensor(3, device='cuda:0')	1.7385605748022894
245200.0	2000.0	2675.6136668563468	0.0	0	593.5741767715663	2875.613666856574	1	0	tensor(3, device='cuda:0')	1.7385605748022848
246200.0	2000.0	2675.613666856323	0.0	0	572.1875931502436	2875.613666856574	1	0	tensor(3, device='cuda:0')	1.7385605748022848
247200.0	2000.0	2675.613666856326	0.0	0	498.5487102481129	2875.613666856574	1	0	tensor(3, device='cuda:0')	1.7385605748022848
248200.0	2000.0	2675.613666856345	0.0	0	614.3525894701597	2875.6136668566032	1	0	tensor(3, device='cuda:0')	1.7385605748022812
249200.0	2000.0	2675.613666856343	0.0	0	644.4713661541755	2875.6136668566032	1	0	tensor(3, device='cuda:0')	1.73856057480228
250200.0	2000.0	2675.613666856361	0.0	0	483.67419490465545	2875.6136668566323	1	0	tensor(3, device='cuda:0')	1.738560574802276
251200.0	2000.0	2675.6136668563604	0.0	0	485.1657735693443	2875.6136668566323	1	0	tensor(3, device='cuda:0')	1.7385605748022752
252200.0	2000.0	2675.613666856368	0.0	0	495.99625933836796	2875.6136668566323	1	0	tensor(3, device='cuda:0')	1.7385605748022752
253200.0	2000.0	2675.6136668563367	0.0	0	372.18014128351933	2875.6136668566032	1	0	tensor(3, device='cuda:0')	1.73856057480228
254200.0	2000.0	2675.613666856368	0.0	0	476.0446783693624	2875.6136668566032	1	0	tensor(3, device='cuda:0')	1.73856057480228
255200.0	2000.0	2675.6136668563277	0.0	0	372.9932377586665	2875.6136668566032	1	0	tensor(3, device='cuda:0')	1.73856057480228
256200.0	2000.0	2675.613666856338	0.0	0	319.6409049613285	2875.613666856574	1	0	tensor(3, device='cuda:0')	1.7385605748022848
257200.0	2000.0	2675.613666856326	0.0	0	288.0359022935445	2875.613666856545	1	0	tensor(3, device='cuda:0')	1.7385605748022894
258200.0	2000.0	2675.6136668563136	0.0	0	247.98981675476534	2875.613666856545	1	0	tensor(3, device='cuda:0')	1.7385605748022894
259200.0	2000.0	2675.613666856276	0.0	0	375.02625944130705	2875.613666856545	1	0	tensor(3, device='cuda:0')	1.7385605748022894
260200.0	2000.0	2675.6136668562795	0.0	0	247.29722104984103	2875.613666856545	1	0	tensor(3, device='cuda:0')	1.7385605748022894
261200.0	2000.0	2675.6136668562763	0.0	0	413.77191654616036	2875.613666856574	1	0	tensor(3, device='cuda:0')	1.7385605748022848
262200.0	2000.0	2675.6136668563054	0.0	0	641.1102263997309	2875.613666856574	1	0	tensor(3, device='cuda:0')	1.7385605748022848
263200.0	2000.0	2675.613666856311	0.0	0	365.7255061235628	2875.613666856545	1	0	tensor(3, device='cuda:0')	1.738560574802292
264200.0	2000.0	2675.61366685635	0.0	0	272.7586254400085	2875.613666856545	1	0	tensor(3, device='cuda:0')	1.7385605748022903
265200.0	2000.0	2675.613666856358	0.0	0	393.4438454853953	2875.613666856545	1	0	tensor(3, device='cuda:0')	1.738560574802293
266205.31325244746	2000.0	2670.300414408868	0.0	0	0.0	2875.613666856545	1	0	tensor(3, device='cuda:0')	1.7385605748022894
267491.5357075777	2000.0	2384.0779592785907	0.0	0	0.0	2875.613666856545	1	0	tensor(3, device='cuda:0')	1.7385605748022819
268283.42450664495	2000.0	2592.18916021143	0.0	0	0.0	2875.613666856545	1	0	tensor(3, device='cuda:0')	1.7385605748022894
269200.0	2000.0	2675.6136668563818	0.0	0	319.89241690246854	2875.613666856545	1	0	tensor(3, device='cuda:0')	1.7385605748022894
270200.0	2000.0	2675.6136668564277	0.0	0	477.02237748511834	2875.6136668566032	1	0	tensor(3, device='cuda:0')	1.73856057480228
271200.0	2000.0	2675.6136668563795	0.0	0	589.3224587930599	2875.613666856545	1	0	tensor(3, device='cuda:0')	1.7385605748022894
272200.0	2000.0	2675.613666856427	0.0	0	427.29636578430654	2875.613666856545	1	0	tensor(3, device='cuda:0')	1.7385605748022894
273200.0	2000.0	2675.6136668563654	0.0	0	340.9072005295893	2875.613666856545	1	0	tensor(3, device='cuda:0')	1.7385605748022894
274200.0	2000.0	2675.613666856337	0.0	0	391.68668591824826	2875.613666856545	1	0	tensor(3, device='cuda:0')	1.7385605748022894
275200.0	2000.0	2675.6136668563663	0.0	0	432.2165214815177	2875.613666856545	1	0	tensor(3, device='cuda:0')	1.7385605748022894
276200.0	2000.0	2675.6136668563963	0.0	0	417.4694555334281	2875.613666856545	1	0	tensor(3, device='cuda:0')	1.7385605748022894
277200.0	2000.0	2675.6136668564172	0.0	0	312.9245694913552	2875.613666856545	1	0	tensor(3, device='cuda:0')	1.7385605748022894
278200.0	2000.0	2675.613666856431	0.0	0	263.6958290882176	2875.613666856545	1	0	tensor(3, device='cuda:0')	1.7385605748022894
279200.0	2000.0	2675.613666856404	0.0	0	337.15996232349426	2875.613666856487	1	0	tensor(3, device='cuda:0')	1.7385605748022988
280200.0	2000.0	2675.6136668563677	0.0	0	425.6452203457011	2875.613666856487	1	0	tensor(3, device='cuda:0')	1.7385605748022988
281200.0	2000.0	2675.613666856388	0.0	0	497.4587610629387	2875.613666856487	1	0	tensor(3, device='cuda:0')	1.7385605748022988
282200.0	2000.0	2675.613666856445	0.0	0	532.224494742346	2875.613666856487	1	0	tensor(3, device='cuda:0')	1.7385605748022988
283200.0	2000.0	2675.6136668564636	0.0	0	410.44140650104964	2875.613666856487	1	0	tensor(3, device='cuda:0')	1.7385605748022988
284200.0	2000.0	2675.6136668564686	0.0	0	290.0751900508767	2875.6136668564286	1	0	tensor(3, device='cuda:0')	1.738560574802308
285200.0	2000.0	2675.6136668564327	0.0	0	310.3504704773077	2875.6136668564286	1	0	tensor(3, device='cuda:0')	1.738560574802308
286200.0	2000.0	2675.6136668564577	0.0	0	376.0731912337942	2875.6136668564286	1	0	tensor(3, device='cuda:0')	1.738560574802308
287200.0	2000.0	2675.6136668564886	0.0	0	90.74962210387457	2875.6136668564286	1	0	tensor(3, device='cuda:0')	1.738560574802308
288200.0	2000.0	2675.6136668565446	0.0	0	274.41939209081465	2875.6136668564286	1	0	tensor(3, device='cuda:0')	1.738560574802308
289200.0	2000.0	2675.6136668565473	0.0	0	360.59363764413865	2875.6136668563704	1	0	tensor(3, device='cuda:0')	1.7385605748023174
290200.0	2000.0	2675.6136668565537	0.0	0	527.4924214993371	2875.613666856312	1	0	tensor(3, device='cuda:0')	1.738560574802327
291200.0	2000.0	2675.6136668565596	0.0	0	630.005618492607	2875.6136668563704	1	0	tensor(3, device='cuda:0')	1.7385605748023192
292200.0	2000.0	2675.613666856609	0.0	0	536.7886554165743	2875.6136668563704	1	0	tensor(3, device='cuda:0')	1.7385605748023174
293200.0	2000.0	2675.613666856592	0.0	0	381.046624242852	2875.6136668564286	1	0	tensor(3, device='cuda:0')	1.738560574802308
294200.0	2000.0	2675.6136668565896	0.0	0	322.1662438635831	2875.6136668563704	1	0	tensor(3, device='cuda:0')	1.7385605748023174
295200.0	2000.0	2675.6136668566187	0.0	0	258.3344009682187	2875.6136668563704	1	0	tensor(3, device='cuda:0')	1.7385605748023174
296200.0	2000.0	2675.613666856585	0.0	0	375.39438437781064	2875.6136668563704	1	0	tensor(3, device='cuda:0')	1.7385605748023174
297200.0	2000.0	2675.6136668565873	0.0	0	327.9170193239697	2875.6136668563704	1	0	tensor(3, device='cuda:0')	1.7385605748023174
298200.0	2000.0	2675.6136668565478	0.0	0	373.188422619598	2875.6136668564286	1	0	tensor(3, device='cuda:0')	1.738560574802308
299200.0	2000.0	2675.613666856548	0.0	0	72.14462149690371	2875.6136668564286	1	0	tensor(3, device='cuda:0')	1.738560574802308
300200.0	2000.0	2675.6136668565196	0.0	0	455.0549834211124	2875.613666856487	1	0	tensor(3, device='cuda:0')	1.7385605748022988
4.6	4.22	4.88	4.53	4.67	5.2	4.32	3.9	4.41	5.44	5.88	3.9	4.01	4.68	4.02	4.95	5.35	5.1	3.86	3.23	3.43	3.7	2.85	2.65	3.46	3.29	3.01	2.99	3.07	3.56	3.01	2.49	2.4	2.35	3.16	3.81	3.7	4.08	4.85	5.46	6.56	7.09	6.23	3.53	3.95	4.58	5.39	3.88	3.6	3.41	2.66	1.71	2.0	2.51	2.98	1.97	2.06	2.88	3.58	4.4	3.59	3.41	4.12	3.96	1.84	1.99	1.88	1.52	1.97	2.63	3.57	3.92	3.17	2.98	3.46	3.85	3.0	2.7	3.64	3.79	3.95	3.46	4.08	4.74	5.76	6.3	4.38	4.19	4.55	3.67	3.76	4.34	5.04	3.08	3.85	3.06	2.86	2.79	3.08	3.01	3.44	3.0	3.67	4.3	3.17	2.61	2.93	3.58	3.74	4.01	4.6	5.37	6.23	6.95	7.05	5.35	4.84	2.34	0.626	0.927	1.23	2.1	2.66	2.68	2.56	3.05	3.23	3.27	2.22	2.54	3.37	4.14	5.14	5.73	3.65	2.54	2.58	2.8	2.61	2.05	2.39	2.05	2.25	2.21	2.88	3.6	4.1	3.43	3.42	3.31	3.85	3.6	3.02	2.49	3.15	3.67	4.37	4.09	4.87	4.51	4.83	3.1	2.46	2.73	3.56	4.47	5.12	5.64	3.15	2.97	3.6	3.54	4.03	4.71	4.39	4.0	2.68	2.56	2.31	3.13	3.79	4.67	5.44	5.27	5.54	6.12	5.57	3.07	2.19	3.0	3.19	3.45	4.01	4.95	5.83	5.41	5.64	3.86	4.01	4.36	4.37	2.95	2.13	2.06	2.24	2.39	2.32	2.24	3.01	3.08	2.81	2.27	2.76	3.45	3.6	1.91	1.88	2.09	2.66	2.91	2.5	3.05	2.77	2.5	2.93	2.75	1.84	1.59	1.89	1.51	2.25	3.1	3.81	2.66	2.07	2.93	3.68	4.51	5.26	6.3	4.95	2.85	3.56	4.49	4.98	5.0	5.28	5.75	4.09	3.48	3.49	4.36	4.11	2.84	2.41	2.31	2.5	2.87	3.56	4.36	4.84	4.16	2.97	2.86	1.97	1.85	2.77	3.49	4.53	4.71	4.2	3.78	4.69	5.2	4.59	3.56	3.31	4.08	4.19	3.7	3.79	3.76	3.35	2.95	3.3	2.91	3.32	4.1	5.04	5.5	5.15	2.85	2.87	2.04	2.58	3.15	3.1	2.59	3.42	4.31	4.91	5.87
1840.0	1841.0	1842.0	1843.0	1844.0	1845.0	1846.0	1847.0	1848.0	1849.0	1850.0	1851.0	1852.0	1853.0	1854.0	1855.0	1856.0	1857.0	1858.0	1859.0	1860.0	1861.0	1862.0	1863.0	1864.0	1865.0	1866.0	1867.0	1868.0	1869.0	1870.0	1871.0	1872.0	1873.0	1874.0	1875.0	1876.0	1877.0	1878.0	1879.0	1880.0	1881.0	1882.0	1883.0	1884.0	1885.0	1886.0	1887.0	1888.0	1889.0	1890.0	1891.0	1892.0	1893.0	1894.0	1895.0	1896.0	1897.0	1898.0	1899.0	1900.0	1901.0	1902.0	1903.0	1904.0	1905.0	1906.0	1907.0	1908.0	1909.0	1910.0	1911.0	1912.0	1913.0	1914.0	1915.0	1916.0	1917.0	1918.0	1919.0	1920.0	1921.0	1922.0	1923.0	1924.0	1925.0	1926.0	1927.0	1928.0	1929.0	1930.0	1931.0	1932.0	1933.0	1934.0	1935.0	1936.0	1937.0	1938.0	1939.0	1940.0	1941.0	1942.0	1943.0	1944.0	1945.0	1946.0	1947.0	1948.0	1949.0	1950.0	1951.0	1952.0	1953.0	1954.0	1955.0	1956.0	1957.0	1958.0	1959.0	1960.0	1961.0	1962.0	1963.0	1964.0	1965.0	1966.0	1967.0	1968.0	1969.0	1970.0	1971.0	1972.0	1973.0	1974.0	1975.0	1976.0	1977.0	1978.0	1979.0	1980.0	1981.0	1982.0	1983.0	1984.0	1985.0	1986.0	1987.0	1988.0	1989.0	1990.0	1991.0	1992.0	1993.0	1994.0	1995.0	1996.0	1997.0	1998.0	1999.0	2000.0	2000.0	2001.0	2002.0	2003.0	2004.0	2005.0	2006.0	2007.0	2008.0	2009.0	2010.0	2011.0	2012.0	2013.0	2014.0	2015.0	2016.0	2017.0	2018.0	2019.0	2020.0	2021.0	2022.0	2023.0	2024.0	2025.0	2026.0	2027.0	2028.0	2029.0	2030.0	2031.0	2032.0	2033.0	2034.0	2035.0	2036.0	2037.0	2038.0	2039.0	2040.0	2041.0	2042.0	2043.0	2044.0	2045.0	2046.0	2047.0	2048.0	2049.0	2050.0	2051.0	2052.0	2053.0	2054.0	2055.0	2056.0	2057.0	2058.0	2059.0	2060.0	2061.0	2062.0	2063.0	2064.0	2065.0	2066.0	2067.0	2068.0	2069.0	2070.0	2071.0	2072.0	2073.0	2074.0	2075.0	2076.0	2077.0	2078.0	2079.0	2080.0	2081.0	2082.0	2083.0	2084.0	2085.0	2086.0	2087.0	2088.0	2089.0	2090.0	2091.0	2092.0	2093.0	2094.0	2095.0	2096.0	2097.0	2098.0	2099.0	2100.0	2101.0	2102.0	2103.0	2104.0	2105.0	2106.0	2107.0	2108.0	2109.0	2110.0	2111.0	2112.0	2113.0	2114.0	2115.0	2116.0	2117.0	2118.0	2119.0	2120.0	2121.0	2122.0	2123.0	2124.0	2125.0	2126.0	2127.0	2128.0	2129.0	2130.0	2131.0	2132.0	2133.0	2134.0	2135.0	2136.0	2137.0	2138.0	2139.0	2140.0
2411.0
