10099.763000682715	1000.0	2000.0	94.51801923776392	0	0.0	10099.763000682715	1	0	tensor(5, device='cuda:0')	-4.991015558672274
10196.221956314404	1000.0	2879.426305460387	0.0	0	0.0	10075.648261774792	1	0	tensor(5, device='cuda:0')	-2.7678353823547206
10285.995303321115	1000.0	3767.209621702	0.0	0	0.0	10053.204925023114	1	0	tensor(5, device='cuda:0')	-2.763007892883496
10452.902572389621	3000.0	4558.575535366369	0.0	0	0.0	10011.47810775599	1	0	tensor(5, device='cuda:0')	-2.7990624318162345
10628.991990921098	3000.0	5338.463762202021	0.0	0	0.0	9967.455753123118	1	0	tensor(5, device='cuda:0')	-1.7019992071986518
10768.796096314563	3000.0	6163.708630460189	0.0	0	0.0	9932.504726774752	1	0	tensor(5, device='cuda:0')	-1.6811432979689054
11022.177606630275	3000.0	6846.98174256555	0.0	0	0.0	9869.159349195823	1	0	tensor(5, device='cuda:0')	-1.7338652140338546
11327.917980755912	3000.0	7464.806274908506	0.0	0	0.0	9792.724255664416	1	0	tensor(5, device='cuda:0')	-1.7537891546302904
11623.537702218346	3000.0	8095.2816230804665	0.0	0	0.0	9718.81932529881	1	0	tensor(5, device='cuda:0')	-1.7422655324752636
11900.517133073863	3000.0	8749.057334511064	0.0	0	0.0	9649.574467584927	1	0	tensor(5, device='cuda:0')	-1.7262408923574073
12200.0	3000.0	9374.703750853394	0.0	0	34.966615949455445	9574.703750853394	1	0	tensor(5, device='cuda:0')	-1.7305691749839185
13200.0	3000.0	9124.703750853394	0.0	0	689.3491614748837	9324.703750853396	1	0	tensor(5, device='cuda:0')	-2.0611090914044663
14200.0	3000.0	8874.703750853394	0.0	0	450.70645077602785	9074.703750853394	1	0	tensor(5, device='cuda:0')	-2.0262674876474662
15200.0	3000.0	8624.703750853394	0.0	0	528.1546114663997	8824.703750853394	1	0	tensor(5, device='cuda:0')	-1.9829959458780575
16200.0	3000.0	8374.70375085339	0.0	0	549.279486545809	8574.703750853392	1	0	tensor(5, device='cuda:0')	-1.9287099357091368
17200.0	3000.0	8124.7037508533895	0.0	0	514.1252812925195	8324.70375085339	1	0	tensor(5, device='cuda:0')	-1.8613464973764744
18200.0	3000.0	7874.703750853394	0.0	0	413.7692925026313	8074.703750853394	1	0	tensor(5, device='cuda:0')	-1.7770227364533615
19200.0	3000.0	7624.703750853397	0.0	0	514.634973914217	7824.703750853396	1	0	tensor(5, device='cuda:0')	-1.67611459950176
20200.0	3000.0	7374.703750853399	0.0	0	686.3688462820937	7574.703750853394	1	0	tensor(5, device='cuda:0')	-1.5554230242087521
21200.0	3000.0	7124.703750853402	0.0	0	579.7135683540619	7324.703750853396	1	0	tensor(5, device='cuda:0')	-1.410390383932652
22200.0	3000.0	6874.703750853405	0.0	0	743.3563387228787	7074.703750853398	1	0	tensor(5, device='cuda:0')	-1.2425499509615379
23200.0	3000.0	6624.703750853404	0.0	0	669.0586565274534	6824.703750853394	1	0	tensor(5, device='cuda:0')	-1.050645093149049
24200.0	3000.0	6374.703750853405	0.0	0	529.8465337008602	6574.703750853398	1	0	tensor(5, device='cuda:0')	-0.8345136471419337
25200.0	3000.0	6124.703750853409	0.0	0	625.0164101620467	6324.703750853405	1	0	tensor(5, device='cuda:0')	-0.6054579943632175
26200.0	3000.0	5874.703750853409	0.0	0	335.1602576155383	6074.703750853405	1	0	tensor(5, device='cuda:0')	-0.355450630550849
27200.0	3000.0	5624.703750853411	0.0	0	373.80686874603634	5824.703750853412	1	0	tensor(5, device='cuda:0')	-0.10591912719826957
28200.0	3000.0	5374.7037508534095	0.0	0	569.574321514021	5574.703750853409	1	0	tensor(5, device='cuda:0')	0.13513160089670917
29200.0	3000.0	5124.703750853407	0.0	0	391.2768663970892	5324.703750853412	1	0	tensor(5, device='cuda:0')	0.37708809510785535
30200.0	3000.0	4874.703750853409	0.0	0	722.273806565725	5074.703750853412	1	0	tensor(5, device='cuda:0')	0.5930865260430803
31200.0	3000.0	4624.703750853411	0.0	0	734.3362516478919	4824.703750853409	1	0	tensor(5, device='cuda:0')	0.7939559542447353
32200.0	3000.0	4374.703750853419	0.0	0	671.144793383759	4574.703750853409	1	0	tensor(5, device='cuda:0')	0.9717601025625981
33200.0	3000.0	4124.703750853423	0.0	0	610.1500606285772	4324.703750853416	1	0	tensor(5, device='cuda:0')	1.1260547770114078
34200.0	3000.0	3874.7037508534195	0.0	0	663.2517455384295	4074.7037508534195	1	0	tensor(5, device='cuda:0')	1.2564140237164472
35200.0	3000.0	3624.7037508534154	0.0	0	656.0288323372733	3824.703750853412	1	0	tensor(5, device='cuda:0')	1.3656211138404157
36200.0	3000.0	3374.703750853407	0.0	0	715.749767530222	3574.7037508534086	1	0	tensor(5, device='cuda:0')	1.4556108771272147
37200.0	3000.0	3124.7037508534017	0.0	0	653.864645117741	3324.703750853412	1	0	tensor(5, device='cuda:0')	1.5289297783285816
38200.0	3000.0	2874.703750853401	0.0	0	741.8789808915753	3074.703750853412	1	0	tensor(5, device='cuda:0')	1.5881165267454378
39200.0	3000.0	2624.7037508533995	0.0	0	569.4348606664571	2824.703750853405	1	0	tensor(5, device='cuda:0')	1.635689261242434
40200.0	3000.0	2374.7037508534027	0.0	0	659.8588126046816	2574.703750853405	1	0	tensor(5, device='cuda:0')	1.6733096275593118
41200.0	3000.0	2124.7037508534036	0.0	0	784.5902026777912	2324.703750853412	1	0	tensor(5, device='cuda:0')	1.7032484923304025
42200.0	3000.0	1874.70375085339	0.0	0	730.1488733316291	2074.703750853383	1	0	tensor(5, device='cuda:0')	1.7268900255720285
43200.0	3000.0	1624.703750853386	0.0	0	648.2201819978291	1824.7037508533904	1	0	tensor(5, device='cuda:0')	1.745502989194648
44200.0	3000.0	1374.7037508533851	0.0	0	535.2480737559745	1574.7037508533977	1	0	tensor(5, device='cuda:0')	1.7601558888522302
45200.0	3000.0	1124.703750853384	0.0	0	385.12942049477715	1324.7037508533977	1	0	tensor(5, device='cuda:0')	1.771779545055634
46200.0	3000.0	874.7037508533801	0.0	0	520.9228859517025	1074.7037508533977	1	0	tensor(5, device='cuda:0')	1.780646245959999
47200.0	3000.0	874.7037508533897	0.0	0	630.4398422917366	1074.7037508533977	1	0	tensor(3, device='cuda:0')	1.7836426293744276
48200.0	3000.0	874.7037508533856	0.0	0	502.12770596857445	1074.7037508533977	1	0	tensor(3, device='cuda:0')	2.2836426293744276
49200.0	3000.0	874.7037508533851	0.0	0	590.7885854321357	1074.7037508533977	1	0	tensor(3, device='cuda:0')	2.2836426293744276
50200.0	3000.0	874.7037508533838	0.0	0	432.3507478005049	1074.7037508533977	1	0	tensor(3, device='cuda:0')	2.2836426293744276
51200.0	3000.0	874.7037508533881	0.0	0	575.5389281319076	1074.703750853405	1	0	tensor(3, device='cuda:0')	2.2836426293744276
52200.0	3000.0	874.7037508533854	0.0	0	769.4578894141159	1074.703750853405	1	0	tensor(3, device='cuda:0')	2.2836426293744276
53200.0	3000.0	874.7037508533881	0.0	0	695.3925303644428	1074.703750853405	1	0	tensor(3, device='cuda:0')	2.2836426293744276
54200.0	3000.0	874.7037508533873	0.0	0	443.9763636040152	1074.703750853405	1	0	tensor(3, device='cuda:0')	2.2836426293744276
55200.0	3000.0	874.7037508533889	0.0	0	480.9014931903075	1074.703750853405	1	0	tensor(3, device='cuda:0')	2.2836426293744276
56200.0	3000.0	874.7037508533848	0.0	0	277.29982458376617	1074.703750853405	1	0	tensor(3, device='cuda:0')	2.2836426293744276
57200.0	3000.0	874.7037508533826	0.0	0	485.29150031664904	1074.7037508533977	1	0	tensor(3, device='cuda:0')	2.2836426293744276
58200.0	3000.0	874.7037508533772	0.0	0	738.6635618642249	1074.7037508533977	1	0	tensor(3, device='cuda:0')	2.2836426293744276
59200.0	3000.0	874.7037508533776	0.0	0	785.178361481594	1074.7037508533977	1	0	tensor(3, device='cuda:0')	2.2836426293744276
60200.0	3000.0	874.703750853369	0.0	0	736.147272811606	1074.7037508533977	1	0	tensor(3, device='cuda:0')	2.2836426293744276
61200.0	3000.0	874.7037508533779	0.0	0	654.0805439264295	1074.7037508533977	1	0	tensor(3, device='cuda:0')	2.2836426293744276
62200.0	3000.0	874.7037508533845	0.0	0	526.3967498050624	1074.7037508533977	1	0	tensor(3, device='cuda:0')	2.2836426293744276
63200.0	3000.0	874.7037508533888	0.0	0	586.2675695327562	1074.7037508533977	1	0	tensor(3, device='cuda:0')	2.2836426293744276
64200.0	3000.0	874.7037508533826	0.0	0	641.565878174275	1074.7037508533977	1	0	tensor(3, device='cuda:0')	2.2836426293744276
65200.0	3000.0	874.7037508533849	0.0	0	689.7462212579194	1074.7037508533977	1	0	tensor(3, device='cuda:0')	2.2836426293744276
66200.0	3000.0	874.7037508533747	0.0	0	813.5609176842481	1074.703750853383	1	0	tensor(3, device='cuda:0')	2.283642629374428
67200.0	3000.0	874.703750853366	0.0	0	750.3362986180582	1074.703750853383	1	0	tensor(3, device='cuda:0')	2.283642629374428
68200.0	3000.0	874.7037508533774	0.0	0	535.798513928341	1074.703750853383	1	0	tensor(3, device='cuda:0')	2.283642629374428
69200.0	3000.0	874.7037508533867	0.0	0	672.9613049243344	1074.7037508533685	1	0	tensor(3, device='cuda:0')	2.2836426293744285
70200.0	3000.0	874.7037508533824	0.0	0	708.3008464466402	1074.7037508533685	1	0	tensor(3, device='cuda:0')	2.2836426293744285
71200.0	3000.0	874.7037508533703	0.0	0	387.8689547670947	1074.703750853354	1	0	tensor(3, device='cuda:0')	2.283642629374429
72200.0	3000.0	874.7037508533881	0.0	0	587.5852497690357	1074.7037508533685	1	0	tensor(3, device='cuda:0')	2.2836426293744285
73200.0	3000.0	874.7037508533906	0.0	0	605.1260352805257	1074.7037508533685	1	0	tensor(3, device='cuda:0')	2.2836426293744285
74200.0	3000.0	874.7037508534013	0.0	0	768.0450615891168	1074.7037508533685	1	0	tensor(3, device='cuda:0')	2.2836426293744285
75200.0	3000.0	874.7037508533857	0.0	0	614.209645440249	1074.7037508533685	1	0	tensor(3, device='cuda:0')	2.2836426293744285
76200.0	3000.0	874.7037508533842	0.0	0	406.19241279832204	1074.7037508533685	1	0	tensor(3, device='cuda:0')	2.2836426293744285
77200.0	3000.0	874.7037508533837	0.0	0	607.614329357617	1074.7037508533685	1	0	tensor(3, device='cuda:0')	2.2836426293744285
78200.0	3000.0	874.703750853387	0.0	0	461.7510278127738	1074.703750853383	1	0	tensor(3, device='cuda:0')	2.283642629374428
79200.0	3000.0	874.7037508533958	0.0	0	657.5782864373468	1074.7037508533685	1	0	tensor(3, device='cuda:0')	2.2836426293744285
80200.0	3000.0	874.7037508533813	0.0	0	660.1252210955281	1074.7037508533685	1	0	tensor(3, device='cuda:0')	2.2836426293744285
81200.0	3000.0	874.7037508533729	0.0	0	649.1814270832401	1074.703750853354	1	0	tensor(3, device='cuda:0')	2.283642629374429
82200.0	3000.0	874.7037508533845	0.0	0	661.3715905228601	1074.703750853354	1	0	tensor(3, device='cuda:0')	2.283642629374429
83200.0	3000.0	874.7037508533822	0.0	0	566.1964070610993	1074.703750853354	1	0	tensor(3, device='cuda:0')	2.283642629374429
84200.0	3000.0	874.7037508533904	0.0	0	771.4910620041337	1074.7037508533685	1	0	tensor(3, device='cuda:0')	2.2836426293744285
85200.0	3000.0	874.7037508533886	0.0	0	774.7877006926574	1074.7037508533685	1	0	tensor(3, device='cuda:0')	2.2836426293744285
86200.0	3000.0	874.7037508533936	0.0	0	643.0307506599202	1074.703750853383	1	0	tensor(3, device='cuda:0')	2.283642629374428
87200.0	3000.0	874.703750853407	0.0	0	712.9583453075174	1074.703750853383	1	0	tensor(3, device='cuda:0')	2.283642629374428
88200.0	3000.0	874.703750853399	0.0	0	577.6529812998197	1074.7037508533685	1	0	tensor(3, device='cuda:0')	2.2836426293744285
89200.0	3000.0	874.7037508534063	0.0	0	745.9658748911752	1074.703750853354	1	0	tensor(3, device='cuda:0')	2.283642629374429
90200.0	3000.0	874.7037508533951	0.0	0	692.4065980979358	1074.703750853354	1	0	tensor(3, device='cuda:0')	2.283642629374429
91200.0	3000.0	874.7037508533867	0.0	0	755.302745328765	1074.703750853354	1	0	tensor(3, device='cuda:0')	2.283642629374429
92200.0	3000.0	874.7037508533945	0.0	0	549.260360885266	1074.703750853354	1	0	tensor(3, device='cuda:0')	2.283642629374429
93200.0	3000.0	874.7037508533938	0.0	0	383.0823610138905	1074.7037508533394	1	0	tensor(3, device='cuda:0')	2.2836426293744294
94200.0	3000.0	874.7037508533954	0.0	0	539.6000670739304	1074.7037508533394	1	0	tensor(3, device='cuda:0')	2.2836426293744294
95200.0	3000.0	874.7037508533808	0.0	0	583.1353955929517	1074.7037508533394	1	0	tensor(3, device='cuda:0')	2.2836426293744294
96200.0	3000.0	874.7037508533695	0.0	0	696.8199157816125	1074.7037508533394	1	0	tensor(3, device='cuda:0')	2.2836426293744294
97200.0	3000.0	874.7037508533676	0.0	0	620.7741946413007	1074.7037508533394	1	0	tensor(3, device='cuda:0')	2.2836426293744294
98200.0	3000.0	874.7037508533726	0.0	0	772.8194501945982	1074.7037508533394	1	0	tensor(3, device='cuda:0')	2.2836426293744294
99200.0	3000.0	874.7037508533763	0.0	0	772.5644257793465	1074.7037508533394	1	0	tensor(3, device='cuda:0')	2.2836426293744294
100200.0	3000.0	874.7037508533776	0.0	0	689.33968592163	1074.7037508533394	1	0	tensor(3, device='cuda:0')	2.2836426293744294
101200.0	3000.0	874.7037508533883	0.0	0	595.8353895772889	1074.7037508533394	1	0	tensor(3, device='cuda:0')	2.2836426293744294
102200.0	3000.0	874.7037508533858	0.0	0	676.0849132240401	1074.703750853325	1	0	tensor(3, device='cuda:0')	2.28364262937443
103200.0	3000.0	874.7037508534011	0.0	0	639.1163808104757	1074.703750853325	1	0	tensor(3, device='cuda:0')	2.28364262937443
104200.0	3000.0	874.7037508534108	0.0	0	448.036138817537	1074.703750853325	1	0	tensor(3, device='cuda:0')	2.28364262937443
105200.0	3000.0	874.7037508534115	0.0	0	371.37609919432725	1074.703750853325	1	0	tensor(3, device='cuda:0')	2.28364262937443
106200.0	3000.0	874.7037508534168	0.0	0	480.62366586081043	1074.703750853325	1	0	tensor(3, device='cuda:0')	2.28364262937443
107200.0	3000.0	874.7037508534099	0.0	0	573.048892101302	1074.7037508533103	1	0	tensor(3, device='cuda:0')	2.2836426293744303
108200.0	3000.0	874.7037508534083	0.0	0	591.7989576412656	1074.7037508533103	1	0	tensor(3, device='cuda:0')	2.2836426293744303
109200.0	3000.0	874.7037508534034	0.0	0	448.57748433054076	1074.7037508533103	1	0	tensor(3, device='cuda:0')	2.2836426293744303
110200.0	3000.0	874.7037508533872	0.0	0	352.59541401041497	1074.7037508532958	1	0	tensor(3, device='cuda:0')	2.2836426293744303
111200.0	3000.0	874.70375085338	0.0	0	505.4368822411925	1074.7037508532958	1	0	tensor(3, device='cuda:0')	2.2836426293744303
112200.0	3000.0	874.7037508533849	0.0	0	667.4930108383851	1074.7037508532958	1	0	tensor(3, device='cuda:0')	2.2836426293744303
113200.0	3000.0	874.7037508533776	0.0	0	753.8311175806593	1074.7037508532958	1	0	tensor(3, device='cuda:0')	2.2836426293744303
114200.0	3000.0	874.7037508533895	0.0	0	657.3368136244098	1074.7037508532958	1	0	tensor(3, device='cuda:0')	2.2836426293744303
115200.0	3000.0	874.7037508533829	0.0	0	614.784947797205	1074.7037508532958	1	0	tensor(3, device='cuda:0')	2.2836426293744303
116200.0	3000.0	874.7037508533772	0.0	0	699.5274223669257	1074.7037508533103	1	0	tensor(3, device='cuda:0')	2.2836426293744303
117200.0	3000.0	874.7037508533658	0.0	0	492.13645523689047	1074.7037508533103	1	0	tensor(3, device='cuda:0')	2.2836426293744303
118200.0	3000.0	874.7037508533617	0.0	0	522.8893939696718	1074.7037508532958	1	0	tensor(3, device='cuda:0')	2.2836426293744303
119200.0	3000.0	874.7037508533667	0.0	0	712.5843509456754	1074.7037508532812	1	0	tensor(3, device='cuda:0')	2.283642629374431
120200.0	3000.0	874.7037508533713	0.0	0	668.2479764365999	1074.7037508532812	1	0	tensor(3, device='cuda:0')	2.283642629374431
121200.0	3000.0	874.7037508533886	0.0	0	601.4721902224701	1074.7037508532812	1	0	tensor(3, device='cuda:0')	2.283642629374431
122200.0	3000.0	874.7037508533956	0.0	0	654.3239272069623	1074.7037508532812	1	0	tensor(3, device='cuda:0')	2.283642629374431
123200.0	3000.0	874.7037508533958	0.0	0	722.1389404347865	1074.7037508532812	1	0	tensor(3, device='cuda:0')	2.283642629374431
124200.0	3000.0	874.7037508533724	0.0	0	773.3121535365644	1074.7037508532812	1	0	tensor(3, device='cuda:0')	2.283642629374431
125200.0	3000.0	874.7037508533697	0.0	0	702.6697126440267	1074.7037508532812	1	0	tensor(3, device='cuda:0')	2.283642629374431
126200.0	3000.0	874.7037508533722	0.0	0	767.8570301031723	1074.7037508532812	1	0	tensor(3, device='cuda:0')	2.283642629374431
127200.0	3000.0	874.7037508533792	0.0	0	572.5381960658415	1074.7037508532812	1	0	tensor(3, device='cuda:0')	2.283642629374431
128200.0	3000.0	874.7037508533776	0.0	0	678.2100533364282	1074.7037508532812	1	0	tensor(3, device='cuda:0')	2.283642629374431
129200.0	3000.0	874.7037508533833	0.0	0	379.6049313968397	1074.7037508532812	1	0	tensor(3, device='cuda:0')	2.283642629374431
130200.0	3000.0	874.7037508533838	0.0	0	500.1855841938668	1074.7037508532812	1	0	tensor(3, device='cuda:0')	2.283642629374431
131200.0	3000.0	874.7037508533883	0.0	0	417.5062609715533	1074.7037508532667	1	0	tensor(3, device='cuda:0')	2.283642629374431
132200.0	3000.0	874.7037508533965	0.0	0	546.6099600303569	1074.7037508532521	1	0	tensor(3, device='cuda:0')	2.2836426293744316
133200.0	3000.0	874.7037508534083	0.0	0	716.9299603114487	1074.7037508532521	1	0	tensor(3, device='cuda:0')	2.283642629374432
134200.0	3000.0	874.7037508534484	0.0	0	714.0298176582437	1074.7037508532521	1	0	tensor(3, device='cuda:0')	2.283642629374432
135200.0	3000.0	874.7037508534424	0.0	0	661.8973849678878	1074.7037508532521	1	0	tensor(3, device='cuda:0')	2.283642629374432
136200.0	3000.0	874.7037508534258	0.0	0	605.7346766011033	1074.703750853223	1	0	tensor(3, device='cuda:0')	2.283642629374433
137200.0	3000.0	874.7037508534356	0.0	0	586.9198972998129	1074.703750853223	1	0	tensor(3, device='cuda:0')	2.283642629374433
138200.0	3000.0	874.7037508534545	0.0	0	559.9664277533011	1074.7037508532521	1	0	tensor(3, device='cuda:0')	2.283642629374432
139200.0	3000.0	874.7037508534631	0.0	0	492.16741655612714	1074.703750853223	1	0	tensor(3, device='cuda:0')	2.283642629374433
140200.0	3000.0	874.7037508534285	0.0	0	512.1823490130482	1074.703750853194	1	0	tensor(3, device='cuda:0')	2.2836426293744334
141200.0	3000.0	874.7037508534229	0.0	0	573.4399249874405	1074.703750853194	1	0	tensor(3, device='cuda:0')	2.2836426293744334
142200.0	3000.0	874.7037508534577	0.0	0	529.4960021479637	1074.703750853223	1	0	tensor(3, device='cuda:0')	2.283642629374433
143200.0	3000.0	874.7037508534727	0.0	0	721.6329473597289	1074.703750853223	1	0	tensor(3, device='cuda:0')	2.283642629374433
144200.0	3000.0	874.7037508535134	0.0	0	685.1813282768999	1074.703750853223	1	0	tensor(3, device='cuda:0')	2.283642629374433
145200.0	3000.0	874.7037508534934	0.0	0	809.1349019805784	1074.703750853223	1	0	tensor(3, device='cuda:0')	2.283642629374433
146200.0	3000.0	874.7037508535016	0.0	0	720.5623034714663	1074.7037508532521	1	0	tensor(3, device='cuda:0')	2.283642629374432
147200.0	3000.0	874.7037508535159	0.0	0	704.8495356099447	1074.7037508532521	1	0	tensor(3, device='cuda:0')	2.283642629374432
148200.0	3000.0	874.7037508534904	0.0	0	660.5327399379748	1074.7037508532521	1	0	tensor(3, device='cuda:0')	2.283642629374432
149200.0	3000.0	874.7037508535195	0.0	0	728.5795840137289	1074.7037508532521	1	0	tensor(3, device='cuda:0')	2.283642629374432
150200.0	3000.0	874.7037508535168	0.0	0	725.0091968968918	1074.7037508532521	1	0	tensor(3, device='cuda:0')	2.283642629374432
151200.0	3000.0	874.7037508534956	0.0	0	817.9063453276758	1074.7037508532521	1	0	tensor(3, device='cuda:0')	2.283642629374432
152200.0	3000.0	874.7037508535018	0.0	0	778.9483530268772	1074.7037508532521	1	0	tensor(3, device='cuda:0')	2.283642629374432
153200.0	3000.0	874.7037508535059	0.0	0	824.9379071485018	1074.7037508532521	1	0	tensor(3, device='cuda:0')	2.283642629374432
154200.0	3000.0	874.7037508534859	0.0	0	809.193616898323	1074.7037508532521	1	0	tensor(3, device='cuda:0')	2.283642629374432
155200.0	3000.0	874.7037508534618	0.0	0	827.6129784476943	1074.7037508532521	1	0	tensor(3, device='cuda:0')	2.283642629374432
156200.0	3000.0	874.7037508534634	0.0	0	778.0035234960669	1074.7037508532521	1	0	tensor(3, device='cuda:0')	2.283642629374432
157200.0	3000.0	874.7037508535004	0.0	0	512.615696071618	1074.7037508532521	1	0	tensor(3, device='cuda:0')	2.283642629374432
158200.0	3000.0	874.7037508535168	0.0	0	609.1432923975808	1074.7037508532812	1	0	tensor(3, device='cuda:0')	2.283642629374431
159200.0	3000.0	874.7037508535136	0.0	0	593.7972995593736	1074.7037508532812	1	0	tensor(3, device='cuda:0')	2.283642629374431
160200.0	3000.0	874.7037508534963	0.0	0	770.110630264302	1074.7037508532812	1	0	tensor(3, device='cuda:0')	2.283642629374431
161200.0	3000.0	874.7037508534972	0.0	0	734.8723648354353	1074.7037508533103	1	0	tensor(3, device='cuda:0')	2.2836426293744303
162200.0	3000.0	874.7037508534959	0.0	0	642.4729411298176	1074.7037508533103	1	0	tensor(3, device='cuda:0')	2.2836426293744303
163200.0	3000.0	874.7037508535034	0.0	0	750.9822512150276	1074.7037508533103	1	0	tensor(3, device='cuda:0')	2.2836426293744303
164200.0	3000.0	874.7037508535273	0.0	0	815.2163178405608	1074.7037508533103	1	0	tensor(3, device='cuda:0')	2.2836426293744303
165200.0	3000.0	874.7037508535263	0.0	0	763.0862563500996	1074.7037508533103	1	0	tensor(3, device='cuda:0')	2.2836426293744303
166200.0	3000.0	874.703750853535	0.0	0	711.3017414825154	1074.7037508533103	1	0	tensor(3, device='cuda:0')	2.2836426293744303
167200.0	3000.0	874.7037508535296	0.0	0	581.3463313585962	1074.7037508533103	1	0	tensor(3, device='cuda:0')	2.2836426293744303
168200.0	3000.0	874.7037508535404	0.0	0	583.5711100197805	1074.7037508533103	1	0	tensor(3, device='cuda:0')	2.2836426293744303
169200.0	3000.0	874.7037508535541	0.0	0	648.1266664867871	1074.7037508533103	1	0	tensor(3, device='cuda:0')	2.2836426293744303
170200.0	3000.0	874.7037508535441	0.0	0	614.4559669543232	1074.7037508533103	1	0	tensor(3, device='cuda:0')	2.2836426293744303
171200.0	3000.0	874.7037508535343	0.0	0	726.605600196257	1074.7037508533103	1	0	tensor(3, device='cuda:0')	2.2836426293744303
172200.0	3000.0	874.7037508535517	0.0	0	660.8218456214236	1074.7037508533394	1	0	tensor(3, device='cuda:0')	2.2836426293744294
173200.0	3000.0	874.7037508535691	0.0	0	688.3889458456251	1074.7037508533394	1	0	tensor(3, device='cuda:0')	2.2836426293744294
174200.0	3000.0	874.7037508535805	0.0	0	780.4654763396247	1074.7037508533394	1	0	tensor(3, device='cuda:0')	2.2836426293744294
175200.0	3000.0	874.7037508535877	0.0	0	737.7083156622539	1074.7037508533685	1	0	tensor(3, device='cuda:0')	2.2836426293744285
176200.0	3000.0	874.7037508535986	0.0	0	657.1543732901919	1074.7037508533685	1	0	tensor(3, device='cuda:0')	2.2836426293744285
177200.0	3000.0	874.70375085358	0.0	0	631.4991003369505	1074.7037508533685	1	0	tensor(3, device='cuda:0')	2.2836426293744285
178200.0	3000.0	874.7037508535657	0.0	0	554.5525066162518	1074.7037508533685	1	0	tensor(3, device='cuda:0')	2.2836426293744285
179200.0	3000.0	874.7037508535739	0.0	0	748.7393380338326	1074.7037508533394	1	0	tensor(3, device='cuda:0')	2.2836426293744294
180200.0	3000.0	874.7037508535786	0.0	0	795.8446777309582	1074.7037508533103	1	0	tensor(3, device='cuda:0')	2.2836426293744303
181200.0	3000.0	874.7037508535891	0.0	0	600.6031858551432	1074.7037508533103	1	0	tensor(3, device='cuda:0')	2.2836426293744303
182200.0	3000.0	874.7037508535745	0.0	0	589.9455088973627	1074.7037508533103	1	0	tensor(3, device='cuda:0')	2.2836426293744303
183200.0	3000.0	874.7037508535605	0.0	0	775.1726940593508	1074.7037508533103	1	0	tensor(3, device='cuda:0')	2.2836426293744303
184200.0	3000.0	874.703750853555	0.0	0	677.7252684776904	1074.7037508533103	1	0	tensor(3, device='cuda:0')	2.2836426293744303
185200.0	3000.0	874.7037508535684	0.0	0	577.6313254536362	1074.7037508533103	1	0	tensor(3, device='cuda:0')	2.2836426293744303
186200.0	3000.0	874.70375085359	0.0	0	619.3017593473778	1074.7037508533103	1	0	tensor(3, device='cuda:0')	2.2836426293744303
187200.0	3000.0	874.7037508535689	0.0	0	689.3146374884818	1074.7037508533103	1	0	tensor(3, device='cuda:0')	2.2836426293744303
188200.0	3000.0	874.7037508535161	0.0	0	776.026413592248	1074.7037508532812	1	0	tensor(3, device='cuda:0')	2.283642629374431
189200.0	3000.0	874.7037508534897	0.0	0	789.0991593486397	1074.7037508532812	1	0	tensor(3, device='cuda:0')	2.283642629374431
190200.0	3000.0	874.7037508535057	0.0	0	689.8139188543719	1074.7037508532812	1	0	tensor(3, device='cuda:0')	2.283642629374431
191200.0	3000.0	874.7037508535309	0.0	0	601.7619933259848	1074.7037508532812	1	0	tensor(3, device='cuda:0')	2.283642629374431
192200.0	3000.0	874.7037508535254	0.0	0	723.5607814501273	1074.7037508532812	1	0	tensor(3, device='cuda:0')	2.283642629374431
193200.0	3000.0	874.7037508535393	0.0	0	655.0801897299243	1074.7037508533103	1	0	tensor(3, device='cuda:0')	2.2836426293744303
194200.0	3000.0	874.7037508535564	0.0	0	566.312536469748	1074.7037508533394	1	0	tensor(3, device='cuda:0')	2.2836426293744294
195200.0	3000.0	874.7037508535391	0.0	0	540.7858524766343	1074.7037508533394	1	0	tensor(3, device='cuda:0')	2.2836426293744294
196200.0	3000.0	874.7037508535507	0.0	0	694.6687682206393	1074.7037508533685	1	0	tensor(3, device='cuda:0')	2.2836426293744285
197200.0	3000.0	874.7037508535473	0.0	0	797.4807497153815	1074.7037508533685	1	0	tensor(3, device='cuda:0')	2.2836426293744285
198200.0	3000.0	874.7037508535798	0.0	0	856.6540636659483	1074.7037508533685	1	0	tensor(3, device='cuda:0')	2.2836426293744285
199200.0	3000.0	874.7037508535516	0.0	0	804.8697111855145	1074.7037508533685	1	0	tensor(3, device='cuda:0')	2.2836426293744285
200200.0	3000.0	874.7037508535896	0.0	0	689.8297491062549	1074.7037508533685	1	0	tensor(3, device='cuda:0')	2.2836426293744285
201200.0	3000.0	874.7037508535748	0.0	0	711.4345327768533	1074.7037508533685	1	0	tensor(3, device='cuda:0')	2.2836426293744285
202200.0	3000.0	874.7037508535703	0.0	0	477.0550282357726	1074.7037508533685	1	0	tensor(3, device='cuda:0')	2.2836426293744285
203200.0	3000.0	874.7037508535377	0.0	0	711.8218611060583	1074.7037508533685	1	0	tensor(3, device='cuda:0')	2.2836426293744285
204200.0	3000.0	874.7037508535254	0.0	0	798.5638986495906	1074.7037508533685	1	0	tensor(3, device='cuda:0')	2.2836426293744285
205200.0	3000.0	874.7037508535225	0.0	0	783.0931184745859	1074.7037508533685	1	0	tensor(3, device='cuda:0')	2.2836426293744285
206200.0	3000.0	874.70375085351	0.0	0	602.5180065990717	1074.7037508533685	1	0	tensor(3, device='cuda:0')	2.2836426293744285
207200.0	3000.0	874.703750853515	0.0	0	625.3998194802552	1074.7037508533685	1	0	tensor(3, device='cuda:0')	2.2836426293744285
208200.0	3000.0	874.7037508535029	0.0	0	560.9400827076752	1074.7037508533685	1	0	tensor(3, device='cuda:0')	2.2836426293744285
209200.0	3000.0	874.7037508535329	0.0	0	768.0316654610797	1074.7037508533685	1	0	tensor(3, device='cuda:0')	2.2836426293744285
210200.0	3000.0	874.7037508535498	0.0	0	735.8012366819894	1074.7037508533685	1	0	tensor(3, device='cuda:0')	2.2836426293744285
211200.0	3000.0	874.7037508535468	0.0	0	555.4034791330632	1074.7037508533394	1	0	tensor(3, device='cuda:0')	2.2836426293744294
212200.0	3000.0	874.7037508535673	0.0	0	591.7945332606614	1074.7037508533394	1	0	tensor(3, device='cuda:0')	2.2836426293744294
213200.0	3000.0	874.7037508536009	0.0	0	672.7028277837671	1074.7037508533394	1	0	tensor(3, device='cuda:0')	2.2836426293744294
214200.0	3000.0	874.7037508535411	0.0	0	775.3473088696192	1074.7037508533394	1	0	tensor(3, device='cuda:0')	2.2836426293744294
215200.0	3000.0	874.7037508535457	0.0	0	554.5578484643192	1074.7037508533394	1	0	tensor(3, device='cuda:0')	2.2836426293744294
216200.0	3000.0	874.7037508535636	0.0	0	634.3360621876782	1074.7037508533394	1	0	tensor(3, device='cuda:0')	2.2836426293744294
217200.0	3000.0	874.7037508535617	0.0	0	561.3429331631341	1074.7037508533394	1	0	tensor(3, device='cuda:0')	2.2836426293744294
218200.0	3000.0	874.703750853553	0.0	0	688.7712876829028	1074.7037508533394	1	0	tensor(3, device='cuda:0')	2.2836426293744294
219200.0	3000.0	874.7037508535363	0.0	0	694.767345425993	1074.7037508533394	1	0	tensor(3, device='cuda:0')	2.2836426293744294
220200.0	3000.0	874.7037508535448	0.0	0	771.2610559926252	1074.7037508533394	1	0	tensor(3, device='cuda:0')	2.2836426293744294
221200.0	3000.0	874.7037508535484	0.0	0	574.2653031518566	1074.7037508533394	1	0	tensor(3, device='cuda:0')	2.2836426293744294
222200.0	3000.0	874.7037508535325	0.0	0	435.2159372047463	1074.7037508533394	1	0	tensor(3, device='cuda:0')	2.2836426293744294
223200.0	3000.0	874.7037508535119	0.0	0	443.37990795605583	1074.7037508533394	1	0	tensor(3, device='cuda:0')	2.2836426293744294
224200.0	3000.0	874.7037508534986	0.0	0	528.9828509123181	1074.7037508533394	1	0	tensor(3, device='cuda:0')	2.2836426293744294
225200.0	3000.0	874.7037508535352	0.0	0	641.3079415992252	1074.7037508533394	1	0	tensor(3, device='cuda:0')	2.2836426293744294
226200.0	3000.0	874.7037508535376	0.0	0	543.3567423714558	1074.7037508533394	1	0	tensor(3, device='cuda:0')	2.2836426293744294
227200.0	3000.0	874.7037508535313	0.0	0	418.4258428128087	1074.7037508533394	1	0	tensor(3, device='cuda:0')	2.2836426293744294
228200.0	3000.0	874.7037508535377	0.0	0	458.70772766825394	1074.7037508533685	1	0	tensor(3, device='cuda:0')	2.2836426293744285
229200.0	3000.0	874.7037508535099	0.0	0	668.0714822136215	1074.7037508533685	1	0	tensor(3, device='cuda:0')	2.2836426293744285
230200.0	3000.0	874.7037508535075	0.0	0	564.138328314526	1074.7037508533685	1	0	tensor(3, device='cuda:0')	2.2836426293744285
231200.0	3000.0	874.703750853505	0.0	0	697.8458558735147	1074.7037508533685	1	0	tensor(3, device='cuda:0')	2.2836426293744285
232200.0	3000.0	874.703750853543	0.0	0	615.9692493569746	1074.7037508533685	1	0	tensor(3, device='cuda:0')	2.2836426293744285
233200.0	3000.0	874.70375085354	0.0	0	639.5850200175773	1074.7037508533394	1	0	tensor(3, device='cuda:0')	2.2836426293744294
234200.0	3000.0	874.7037508535673	0.0	0	673.0081934860209	1074.7037508533394	1	0	tensor(3, device='cuda:0')	2.2836426293744294
235200.0	3000.0	874.7037508535661	0.0	0	693.795950186206	1074.7037508533103	1	0	tensor(3, device='cuda:0')	2.2836426293744303
236200.0	3000.0	874.7037508535377	0.0	0	615.3364120009064	1074.7037508533103	1	0	tensor(3, device='cuda:0')	2.2836426293744303
237200.0	3000.0	874.7037508535493	0.0	0	716.9094718372216	1074.7037508533103	1	0	tensor(3, device='cuda:0')	2.2836426293744303
238200.0	3000.0	874.7037508535695	0.0	0	653.7068759748363	1074.7037508533103	1	0	tensor(3, device='cuda:0')	2.2836426293744303
239200.0	3000.0	874.703750853563	0.0	0	718.3495641000336	1074.7037508533103	1	0	tensor(3, device='cuda:0')	2.2836426293744303
240200.0	3000.0	874.7037508535423	0.0	0	609.5374037838774	1074.7037508533103	1	0	tensor(3, device='cuda:0')	2.2836426293744303
241200.0	3000.0	874.7037508534945	0.0	0	451.71397236033226	1074.7037508533103	1	0	tensor(3, device='cuda:0')	2.2836426293744303
242200.0	3000.0	874.70375085348	0.0	0	648.7189806192473	1074.7037508533103	1	0	tensor(3, device='cuda:0')	2.2836426293744303
243200.0	3000.0	874.7037508534931	0.0	0	611.2020181481785	1074.7037508533103	1	0	tensor(3, device='cuda:0')	2.2836426293744303
244200.0	3000.0	874.7037508534909	0.0	0	741.8972595527885	1074.7037508533103	1	0	tensor(3, device='cuda:0')	2.2836426293744303
245200.0	3000.0	874.7037508535042	0.0	0	599.6420310734829	1074.7037508533103	1	0	tensor(3, device='cuda:0')	2.2836426293744303
246200.0	3000.0	874.7037508534995	0.0	0	565.376667910401	1074.7037508533394	1	0	tensor(3, device='cuda:0')	2.2836426293744294
247200.0	3000.0	874.7037508534743	0.0	0	623.038139817043	1074.7037508533394	1	0	tensor(3, device='cuda:0')	2.2836426293744294
248200.0	3000.0	874.7037508535018	0.0	0	506.62179835434654	1074.7037508533685	1	0	tensor(3, device='cuda:0')	2.2836426293744285
249200.0	3000.0	874.7037508535029	0.0	0	727.3413336481899	1074.7037508533685	1	0	tensor(3, device='cuda:0')	2.2836426293744285
250200.0	3000.0	874.7037508534884	0.0	0	630.3087036495272	1074.7037508533685	1	0	tensor(3, device='cuda:0')	2.2836426293744285
251200.0	3000.0	874.7037508534811	0.0	0	752.9574329416791	1074.7037508533685	1	0	tensor(3, device='cuda:0')	2.2836426293744285
252200.0	3000.0	874.7037508534827	0.0	0	626.953737439093	1074.7037508533685	1	0	tensor(3, device='cuda:0')	2.2836426293744285
253200.0	3000.0	874.7037508534506	0.0	0	666.1652304689342	1074.7037508533685	1	0	tensor(3, device='cuda:0')	2.2836426293744285
254200.0	3000.0	874.7037508534484	0.0	0	782.8987057480845	1074.7037508533685	1	0	tensor(3, device='cuda:0')	2.2836426293744285
255200.0	3000.0	874.7037508534363	0.0	0	735.1417466195999	1074.7037508533394	1	0	tensor(3, device='cuda:0')	2.2836426293744294
256200.0	3000.0	874.7037508534363	0.0	0	779.704350104148	1074.7037508533394	1	0	tensor(3, device='cuda:0')	2.2836426293744294
257200.0	3000.0	874.7037508534368	0.0	0	747.3778842495522	1074.7037508533394	1	0	tensor(3, device='cuda:0')	2.2836426293744294
258200.0	3000.0	874.7037508534115	0.0	0	720.804335173947	1074.7037508533103	1	0	tensor(3, device='cuda:0')	2.2836426293744303
259200.0	3000.0	874.703750853409	0.0	0	813.9917505819758	1074.7037508532812	1	0	tensor(3, device='cuda:0')	2.283642629374431
260200.0	3000.0	874.7037508534133	0.0	0	755.5620679794811	1074.7037508532812	1	0	tensor(3, device='cuda:0')	2.283642629374431
261200.0	3000.0	874.7037508534017	0.0	0	739.2430595679325	1074.7037508533103	1	0	tensor(3, device='cuda:0')	2.2836426293744303
262200.0	3000.0	874.7037508534027	0.0	0	604.6882450597186	1074.7037508533103	1	0	tensor(3, device='cuda:0')	2.2836426293744303
263200.0	3000.0	874.703750853384	0.0	0	430.11355799023295	1074.7037508532812	1	0	tensor(3, device='cuda:0')	2.283642629374431
264200.0	3000.0	874.7037508533658	0.0	0	616.2162142289453	1074.7037508532521	1	0	tensor(3, device='cuda:0')	2.283642629374432
265200.0	3000.0	874.7037508533637	0.0	0	618.4449748208863	1074.7037508532521	1	0	tensor(3, device='cuda:0')	2.283642629374432
266200.0	3000.0	874.7037508534286	0.0	0	684.491009164718	1074.7037508532521	1	0	tensor(3, device='cuda:0')	2.283642629374432
267200.0	3000.0	874.7037508534445	0.0	0	589.6591905190726	1074.7037508532521	1	0	tensor(3, device='cuda:0')	2.283642629374432
268200.0	3000.0	874.7037508534663	0.0	0	741.2922916350653	1074.7037508532521	1	0	tensor(3, device='cuda:0')	2.283642629374432
269200.0	3000.0	874.70375085347	0.0	0	731.9901424721465	1074.703750853194	1	0	tensor(3, device='cuda:0')	2.2836426293744334
270200.0	3000.0	874.7037508534415	0.0	0	691.193821161869	1074.703750853194	1	0	tensor(3, device='cuda:0')	2.2836426293744334
271200.0	3000.0	874.7037508534047	0.0	0	636.9749282319099	1074.703750853194	1	0	tensor(3, device='cuda:0')	2.2836426293744334
272200.0	3000.0	874.7037508533997	0.0	0	693.5717939716415	1074.7037508532521	1	0	tensor(3, device='cuda:0')	2.283642629374432
273200.0	3000.0	874.7037508534213	0.0	0	579.4227596560377	1074.7037508532521	1	0	tensor(3, device='cuda:0')	2.283642629374432
274200.0	3000.0	874.7037508533969	0.0	0	583.7549934199196	1074.7037508532521	1	0	tensor(3, device='cuda:0')	2.283642629374432
275200.0	3000.0	874.7037508533422	0.0	0	618.986749516509	1074.703750853194	1	0	tensor(3, device='cuda:0')	2.2836426293744334
276200.0	3000.0	874.7037508533076	0.0	0	542.4225137375761	1074.7037508532521	1	0	tensor(3, device='cuda:0')	2.283642629374432
277200.0	3000.0	874.7037508533224	0.0	0	622.215794564283	1074.7037508532521	1	0	tensor(3, device='cuda:0')	2.283642629374432
278200.0	3000.0	874.7037508533019	0.0	0	657.6609710371704	1074.7037508532521	1	0	tensor(3, device='cuda:0')	2.283642629374432
279200.0	3000.0	874.7037508532858	0.0	0	703.2425515062059	1074.7037508532521	1	0	tensor(3, device='cuda:0')	2.283642629374432
280200.0	3000.0	874.703750853304	0.0	0	713.4652651457	1074.7037508532521	1	0	tensor(3, device='cuda:0')	2.283642629374432
281200.0	3000.0	874.7037508533608	0.0	0	591.9276390629238	1074.7037508533103	1	0	tensor(3, device='cuda:0')	2.2836426293744303
282200.0	3000.0	874.7037508533291	0.0	0	560.0880921896896	1074.7037508533103	1	0	tensor(3, device='cuda:0')	2.2836426293744303
283200.0	3000.0	874.7037508533404	0.0	0	708.4418116153684	1074.7037508533103	1	0	tensor(3, device='cuda:0')	2.2836426293744303
284200.0	3000.0	874.703750853314	0.0	0	581.7348621911951	1074.7037508533103	1	0	tensor(3, device='cuda:0')	2.2836426293744303
285200.0	3000.0	874.7037508533359	0.0	0	496.19454448571196	1074.7037508532521	1	0	tensor(3, device='cuda:0')	2.283642629374432
286200.0	3000.0	874.7037508533494	0.0	0	467.5665884552873	1074.7037508533103	1	0	tensor(3, device='cuda:0')	2.2836426293744303
287200.0	3000.0	874.7037508533531	0.0	0	564.3435173302423	1074.7037508533103	1	0	tensor(3, device='cuda:0')	2.2836426293744303
288200.0	3000.0	874.7037508533685	0.0	0	705.1341596410493	1074.7037508533103	1	0	tensor(3, device='cuda:0')	2.2836426293744303
289200.0	3000.0	874.7037508533385	0.0	0	672.0481867475319	1074.7037508533103	1	0	tensor(3, device='cuda:0')	2.2836426293744303
290200.0	3000.0	874.7037508533906	0.0	0	652.2709898769972	1074.7037508533103	1	0	tensor(3, device='cuda:0')	2.2836426293744303
291200.0	3000.0	874.7037508533913	0.0	0	424.621808694792	1074.7037508533103	1	0	tensor(3, device='cuda:0')	2.2836426293744303
292200.0	3000.0	874.7037508533756	0.0	0	625.6250267594587	1074.7037508533103	1	0	tensor(3, device='cuda:0')	2.2836426293744303
293200.0	3000.0	874.7037508533904	0.0	0	720.9595855741063	1074.7037508533103	1	0	tensor(3, device='cuda:0')	2.2836426293744303
294200.0	3000.0	874.703750853384	0.0	0	680.3959328542114	1074.7037508533103	1	0	tensor(3, device='cuda:0')	2.2836426293744303
295200.0	3000.0	874.7037508533645	0.0	0	720.9042267554905	1074.7037508532521	1	0	tensor(3, device='cuda:0')	2.283642629374432
296200.0	3000.0	874.7037508533779	0.0	0	663.588737358572	1074.7037508532521	1	0	tensor(3, device='cuda:0')	2.283642629374432
297200.0	3000.0	874.7037508533995	0.0	0	733.8184352298849	1074.7037508532521	1	0	tensor(3, device='cuda:0')	2.283642629374432
298200.0	3000.0	874.7037508533626	0.0	0	715.5500570606091	1074.7037508533103	1	0	tensor(3, device='cuda:0')	2.2836426293744303
299200.0	3000.0	874.7037508533087	0.0	0	654.439317673794	1074.7037508533103	1	0	tensor(3, device='cuda:0')	2.2836426293744303
300200.0	3000.0	874.7037508533826	0.0	0	385.13386050693225	1074.7037508533103	1	0	tensor(3, device='cuda:0')	2.2836426293744303
19.7	11.9	16.7	7.77	7.27	7.51	9.35	5.84	6.06	8.24	8.32	10.9	10.7	7.22	7.88	6.16	5.94	6.82	6.35	9.59	10.5	8.1	9.85	10.6	8.28	11.0	11.5	12.5	6.15	11.9	16.8	17.5	13.6	8.29	6.52	7.27	8.64	7.77	6.12	5.32	6.49	13.2	10.6	6.99	5.2	5.75	7.3	13.8	18.4	13.8	10.1	8.05	6.39	7.85	12.1	18.3	11.1	8.62	9.68	10.9	6.3	8.1	9.06	14.4	8.48	7.12	8.0	5.72	7.84	10.7	13.2	8.6	8.5	13.4	11.8	10.6	10.2	10.0	10.2	11.6	12.0	7.71	6.09	6.3	8.47	11.5	11.3	13.6	15.2	13.0	10.3	8.04	11.3	5.29	5.18	7.87	8.09	8.36	7.16	4.16	8.57	8.36	11.7	13.0	9.93	10.0	7.01	8.53	10.2	10.5	8.05	10.4	8.82	13.2	15.3	11.1	9.74	7.88	6.7	6.19	5.13	8.02	10.3	8.94	10.1	8.7	10.4	6.12	7.05	7.48	7.54	8.92	9.2	12.7	14.8	15.6	13.7	8.63	13.6	15.9	19.4	19.3	18.1	14.3	21.1	12.5	8.19	10.9	9.16	11.5	13.9	8.61	10.8	15.3	13.8	13.1	10.1	9.06	10.3	9.26	12.1	13.0	8.06	13.3	11.9	8.5	8.48	8.31	13.1	18.4	9.36	10.3	13.6	11.1	10.2	10.8	11.3	14.3	15.1	13.0	10.3	10.4	11.2	8.22	5.88	9.39	15.7	21.2	20.4	9.89	12.1	7.07	8.4	13.6	13.4	8.62	9.16	9.08	13.1	11.4	7.73	6.93	13.0	17.4	8.31	9.88	9.43	9.99	10.4	12.9	8.13	6.82	7.6	6.05	7.27	6.83	4.99	6.7	10.8	8.28	13.9	11.6	8.84	10.8	14.3	9.77	11.2	12.7	9.52	8.09	7.44	8.21	9.31	9.65	11.2	6.49	7.31	6.96	9.06	11.1	10.9	9.86	11.2	12.6	14.3	11.8	15.5	12.1	15.1	13.0	14.9	10.6	7.17	9.19	12.0	9.19	6.36	10.9	13.4	15.0	11.1	7.78	10.1	9.96	10.4	9.88	8.38	9.02	12.0	10.3	7.23	9.43	9.74	6.59	8.31	5.37	7.99	11.7	12.5	9.05	7.17	10.6	9.87	10.3	11.0	12.2	17.3	11.5	8.18	5.29	6.64	10.0
1433.0	1434.0	1435.0	1436.0	1437.0	1438.0	1439.0	1440.0	1441.0	1442.0	1443.0	1444.0	1445.0	1446.0	1447.0	1448.0	1449.0	1450.0	1451.0	1452.0	1453.0	1454.0	1455.0	1456.0	1457.0	1458.0	1459.0	1460.0	1461.0	1462.0	1463.0	1464.0	1465.0	1466.0	1467.0	1468.0	1469.0	1470.0	1471.0	1472.0	1473.0	1474.0	1475.0	1476.0	1477.0	1478.0	1479.0	1480.0	1481.0	1482.0	1483.0	1484.0	1485.0	1486.0	1487.0	1488.0	1489.0	1490.0	1491.0	1492.0	1493.0	1494.0	1495.0	1496.0	1497.0	1498.0	1499.0	1500.0	1501.0	1502.0	1503.0	1504.0	1505.0	1506.0	1507.0	1508.0	1509.0	1510.0	1511.0	1512.0	1513.0	1514.0	1515.0	1516.0	1517.0	1518.0	1519.0	1520.0	1521.0	1522.0	1523.0	1524.0	1525.0	1526.0	1527.0	1528.0	1529.0	1530.0	1531.0	1532.0	1533.0	1534.0	1535.0	1536.0	1537.0	1538.0	1539.0	1540.0	1541.0	1542.0	1543.0	1544.0	1545.0	1546.0	1547.0	1548.0	1549.0	1550.0	1551.0	1552.0	1553.0	1554.0	1555.0	1556.0	1557.0	1558.0	1559.0	1560.0	1561.0	1562.0	1563.0	1564.0	1565.0	1566.0	1567.0	1568.0	1569.0	1570.0	1571.0	1572.0	1573.0	1574.0	1575.0	1576.0	1577.0	1578.0	1579.0	1580.0	1581.0	1582.0	1583.0	1584.0	1585.0	1586.0	1587.0	1588.0	1589.0	1590.0	1591.0	1592.0	1593.0	1594.0	1595.0	1596.0	1597.0	1598.0	1599.0	1600.0	1601.0	1602.0	1603.0	1604.0	1605.0	1606.0	1607.0	1608.0	1609.0	1610.0	1611.0	1612.0	1613.0	1614.0	1615.0	1616.0	1617.0	1618.0	1619.0	1620.0	1621.0	1622.0	1623.0	1624.0	1625.0	1626.0	1627.0	1628.0	1629.0	1630.0	1631.0	1632.0	1633.0	1634.0	1635.0	1636.0	1637.0	1638.0	1639.0	1640.0	1641.0	1642.0	1643.0	1644.0	1645.0	1646.0	1647.0	1648.0	1649.0	1650.0	1651.0	1652.0	1653.0	1654.0	1655.0	1656.0	1657.0	1658.0	1659.0	1660.0	1661.0	1662.0	1663.0	1664.0	1665.0	1666.0	1667.0	1668.0	1669.0	1670.0	1671.0	1672.0	1673.0	1674.0	1675.0	1676.0	1677.0	1678.0	1679.0	1680.0	1681.0	1682.0	1683.0	1684.0	1685.0	1686.0	1687.0	1688.0	1689.0	1690.0	1691.0	1692.0	1693.0	1694.0	1695.0	1696.0	1697.0	1698.0	1699.0	1700.0	1701.0	1702.0	1703.0	1704.0	1705.0	1706.0	1707.0	1708.0	1709.0	1710.0	1711.0	1712.0	1713.0	1714.0	1715.0	1716.0	1717.0	1718.0	1719.0	1720.0	1721.0	1722.0	1723.0	1724.0
9955.0
