4613.151014210487	3000.0	2000.0	1366.5568792136005	0	0.0	4613.151014210487	1	0	tensor(3, device='cuda:0')	-8.784956660650531
5093.11487200917	1000.0	2400.045177751646	0.0	0	0.0	4493.160049760816	1	0	tensor(5, device='cuda:0')	-1.3680562432183558
5461.6536667512055	1000.0	2939.371684324101	0.0	0	0.0	4401.025351075306	1	0	tensor(5, device='cuda:0')	0.3436490087798397
6463.235904096984	3000.0	2687.3938876418774	0.0	0	0.0	4150.629791738862	1	0	tensor(5, device='cuda:0')	0.13837572643804386
7730.709367250509	3000.0	2103.052058699972	0.0	0	0.0	3833.7614259504803	1	0	tensor(5, device='cuda:0')	1.2379496320066457
8528.647218866912	3000.0	2105.629744179468	0.0	0	0.0	3634.276963046378	1	0	tensor(5, device='cuda:0')	1.5549435517376844
9330.614526570891	3000.0	2103.1706095494956	0.0	0	0.0	3433.785136120384	1	0	tensor(5, device='cuda:0')	1.6151246232141707
10041.370619050043	3000.0	2214.7254939505565	0.0	0	0.0	3256.096113000597	1	0	tensor(5, device='cuda:0')	1.7047975253919936
11225.446553951742	3000.0	1734.6305753234324	0.0	0	0.0	2960.0771292751724	1	0	tensor(5, device='cuda:0')	1.525469015888831
12023.67212716765	3000.0	1936.405002107524	0.0	0	0.0	2960.0771292751724	1	0	tensor(3, device='cuda:0')	1.629857460803625
13152.279747612389	3000.0	1525.6454765515991	0.0	0	0.0	2677.925224163986	1	0	tensor(5, device='cuda:0')	1.0986528932585768
14053.518267388858	3000.0	1399.0973268310124	0.0	0	0.0	2452.6155942198657	1	0	tensor(5, device='cuda:0')	1.7436028744295162
15225.158595959954	3000.0	1227.4569982599155	0.0	0	0.0	2452.6155942198657	1	0	tensor(3, device='cuda:0')	1.7005009602783123
16603.146163622412	3000.0	849.4694305974563	0.0	0	0.0	2452.615594219864	1	0	tensor(3, device='cuda:0')	2.2005009602783123
16966.61789261877	1000.0	1395.1297693520157	0.0	0	0.0	2361.747661970783	1	0	tensor(5, device='cuda:0')	-0.671129631744481
17853.344453990456	3000.0	1508.4032079803271	0.0	0	0.0	2361.7476619707795	1	0	tensor(3, device='cuda:0')	0.611365747386233
18532.96293868913	3000.0	1828.7847232816553	0.0	0	0.0	2361.7476619707795	1	0	tensor(3, device='cuda:0')	2.209978036054343
19345.37814622486	3000.0	2016.3695157459238	0.0	0	0.0	2361.7476619707777	1	0	tensor(3, device='cuda:0')	2.209978036054343
20552.06187989137	3000.0	1809.6857820794146	0.0	0	0.0	2361.7476619707813	1	0	tensor(3, device='cuda:0')	2.2099780360543426
21526.893140467422	3000.0	1834.8545215033616	0.0	0	0.0	2361.7476619707813	1	0	tensor(3, device='cuda:0')	2.2099780360543426
22548.578023514398	3000.0	1813.1696384563838	0.0	0	0.0	2361.7476619707813	1	0	tensor(3, device='cuda:0')	2.2099780360543426
23344.36726783556	3000.0	2017.3803941352212	0.0	0	0.0	2361.747661970785	1	0	tensor(3, device='cuda:0')	2.2099780360543426
24200.0	3000.0	2161.7476619707845	0.0	0	198.93849964888432	2361.747661970785	1	0	tensor(3, device='cuda:0')	2.2099780360543426
25200.0	3000.0	2161.747661970785	0.0	0	488.1927633575542	2361.747661970785	1	0	tensor(3, device='cuda:0')	2.2099780360543426
26200.0	3000.0	2161.7476619707854	0.0	0	241.6374131456796	2361.747661970785	1	0	tensor(3, device='cuda:0')	2.2099780360543426
27498.834018881364	3000.0	1862.913643089421	0.0	0	0.0	2361.7476619707813	1	0	tensor(3, device='cuda:0')	2.2099780360543426
28779.2126389244	3000.0	1582.535023046386	0.0	0	0.0	2361.7476619707813	1	0	tensor(3, device='cuda:0')	2.2099780360543426
29450.22349222794	3000.0	1911.5241697428462	0.0	0	0.0	2361.7476619707813	1	0	tensor(3, device='cuda:0')	2.2099780360543426
30397.876471231062	3000.0	1963.871190739723	0.0	0	0.0	2361.7476619707813	1	0	tensor(3, device='cuda:0')	2.2099780360543426
31473.730853472658	3000.0	1888.0168084981278	0.0	0	0.0	2361.7476619707813	1	0	tensor(3, device='cuda:0')	2.2099780360543426
32747.96111976826	3000.0	1613.786542202523	0.0	0	0.0	2361.7476619707813	1	0	tensor(3, device='cuda:0')	2.2099780360543426
34169.31712452505	3000.0	1192.430537445739	0.0	0	0.0	2361.7476619707886	1	0	tensor(3, device='cuda:0')	2.209978036054342
34806.80294383221	3000.0	1554.9447181385722	0.0	0	0.0	2361.7476619707813	1	0	tensor(3, device='cuda:0')	2.2099780360543426
35651.55053947265	3000.0	1710.1971224981357	0.0	0	0.0	2361.7476619707813	1	0	tensor(3, device='cuda:0')	2.2099780360543426
37095.05152442932	3000.0	1266.6961375414671	0.0	0	0.0	2361.7476619707813	1	0	tensor(3, device='cuda:0')	2.2099780360543426
37523.545862942134	1000.0	1838.2017990286568	0.0	0	0.0	2361.747661970774	1	0	tensor(3, device='cuda:0')	0.012753458718123889
38244.08145230346	3000.0	2117.66620966733	0.0	0	0.0	2361.747661970774	1	0	tensor(3, device='cuda:0')	1.111365747386234
39200.0	3000.0	2161.747661970782	0.0	0	505.17457250584266	2361.7476619707813	1	0	tensor(3, device='cuda:0')	2.2099780360543426
40200.0	3000.0	2161.7476619707736	0.0	0	209.47668142299517	2361.7476619707813	1	0	tensor(3, device='cuda:0')	2.2099780360543426
41200.0	3000.0	1911.7476619707795	0.0	0	414.2097375349549	2111.7476619707886	1	0	tensor(5, device='cuda:0')	1.2241979476116875
42200.0	3000.0	1911.747661970774	0.0	0	322.44191714705084	2111.7476619707886	1	0	tensor(3, device='cuda:0')	1.7321953779579815
43490.33057574202	3000.0	1621.417086228755	0.0	0	0.0	2111.7476619707813	1	0	tensor(3, device='cuda:0')	2.232195377957982
44254.601861854775	3000.0	1857.1458001159901	0.0	0	0.0	2111.747661970774	1	0	tensor(3, device='cuda:0')	2.2321953779579826
45523.10779626411	3000.0	1588.6398657066602	0.0	0	0.0	2111.747661970774	1	0	tensor(3, device='cuda:0')	2.2321953779579826
46497.46431358983	3000.0	1614.2833483809354	0.0	0	0.0	2111.747661970774	1	0	tensor(3, device='cuda:0')	2.2321953779579826
47275.556327284	3000.0	1836.1913346867627	0.0	0	0.0	2111.747661970774	1	0	tensor(3, device='cuda:0')	2.2321953779579826
48431.07326774901	3000.0	1680.6743942217604	0.0	0	0.0	2111.747661970767	1	0	tensor(3, device='cuda:0')	2.232195377957983
49437.434106085	3000.0	1674.3135558857687	0.0	0	0.0	2111.747661970767	1	0	tensor(3, device='cuda:0')	2.232195377957983
50330.405487793454	3000.0	1781.3421741773122	0.0	0	0.0	2111.7476619707595	1	0	tensor(3, device='cuda:0')	2.232195377957984
51200.0	3000.0	1911.7476619707684	0.0	0	226.60004944141838	2111.7476619707595	1	0	tensor(3, device='cuda:0')	2.232195377957984
52200.0	3000.0	1911.7476619707677	0.0	0	335.24846074153174	2111.7476619707595	1	0	tensor(3, device='cuda:0')	2.232195377957984
53276.37188698734	3000.0	1566.2828032365908	0.0	0	0.0	1842.654690223928	1	0	tensor(5, device='cuda:0')	1.2077968150011855
54369.843601661356	3000.0	1472.8110885625833	0.0	0	0.0	1842.654690223928	1	0	tensor(3, device='cuda:0')	1.7508438782708273
55200.0	3000.0	1642.654690223937	0.0	0	136.64574715030903	1842.6546902239352	1	0	tensor(3, device='cuda:0')	2.250843878270827
56200.0	3000.0	1642.6546902239397	0.0	0	151.40509434778505	1842.6546902239352	1	0	tensor(3, device='cuda:0')	2.250843878270827
57200.0	3000.0	1642.6546902239413	0.0	0	152.83940712379263	1842.6546902239352	1	0	tensor(3, device='cuda:0')	2.250843878270827
58200.0	3000.0	1642.6546902239365	0.0	0	461.0051396731433	1842.654690223928	1	0	tensor(3, device='cuda:0')	2.2508438782708273
59499.034096224255	3000.0	1343.6205939996862	0.0	0	0.0	1842.654690223928	1	0	tensor(3, device='cuda:0')	2.2508438782708273
60794.79026698082	3000.0	1047.864423243118	0.0	0	0.0	1842.654690223928	1	0	tensor(3, device='cuda:0')	2.2508438782708273
62260.22313222428	3000.0	582.431557999655	0.0	0	0.0	1842.654690223928	1	0	tensor(3, device='cuda:0')	2.2508438782708273
62865.30574052415	3000.0	977.3489496997807	0.0	0	0.0	1842.654690223928	1	0	tensor(3, device='cuda:0')	2.2508438782708273
64084.86536701011	3000.0	757.7893232138233	0.0	0	0.0	1842.654690223928	1	0	tensor(3, device='cuda:0')	2.2508438782708273
65304.230962120426	3000.0	538.4237281035087	0.0	0	0.0	1842.654690223928	1	0	tensor(3, device='cuda:0')	2.2508438782708273
66037.06760296387	3000.0	805.5870872600665	0.0	0	0.0	1842.6546902239352	1	0	tensor(3, device='cuda:0')	2.2508438782708273
66533.84182627712	3000.0	1308.8128639468202	0.0	0	0.0	1842.6546902239425	1	0	tensor(3, device='cuda:0')	2.250843878270827
67284.75178537109	3000.0	1557.9029048528535	0.0	0	0.0	1842.6546902239497	1	0	tensor(3, device='cuda:0')	2.2508438782708255
68351.62599441405	3000.0	1491.028695809894	0.0	0	0.0	1842.6546902239497	1	0	tensor(3, device='cuda:0')	2.2508438782708264
69200.0	3000.0	1642.6546902239318	0.0	0	83.76102616760181	1842.6546902239497	1	0	tensor(3, device='cuda:0')	2.2508438782708264
70200.0	3000.0	1642.6546902239372	0.0	0	512.6230377926404	1842.6546902239497	1	0	tensor(3, device='cuda:0')	2.2508438782708264
71200.0	3000.0	1642.6546902239359	0.0	0	475.3779770743713	1842.6546902239497	1	0	tensor(3, device='cuda:0')	2.2508438782708264
72353.38046002628	3000.0	1489.2742301976616	0.0	0	0.0	1842.6546902239497	1	0	tensor(3, device='cuda:0')	2.2508438782708264
73550.5683640843	3000.0	1292.0863261396432	0.0	0	0.0	1842.6546902239497	1	0	tensor(3, device='cuda:0')	2.2508438782708264
74457.87923604186	3000.0	1384.7754541821014	0.0	0	0.0	1842.6546902239497	1	0	tensor(3, device='cuda:0')	2.2508438782708264
75200.0	3000.0	1642.6546902239613	0.0	0	58.592675200125086	1842.6546902239497	1	0	tensor(3, device='cuda:0')	2.2508438782708264
76200.0	3000.0	1642.6546902239659	0.0	0	59.80554260194185	1842.6546902239497	1	0	tensor(3, device='cuda:0')	2.2508438782708264
78158.42162915488	3000.0	684.2330610690858	0.0	0	0.0	1842.6546902239497	1	0	tensor(3, device='cuda:0')	2.2508438782708264
78877.4437234072	3000.0	965.2109668167739	0.0	0	0.0	1842.6546902239497	1	0	tensor(3, device='cuda:0')	2.2508438782708264
79498.1270265945	3000.0	1344.5276636294743	0.0	0	0.0	1842.6546902239352	1	0	tensor(3, device='cuda:0')	2.250843878270827
80682.4169570594	3000.0	1160.2377331645957	0.0	0	0.0	1842.6546902239497	1	0	tensor(3, device='cuda:0')	2.2508438782708264
81394.52752193839	3000.0	1448.1271682855972	0.0	0	0.0	1842.6546902239497	1	0	tensor(3, device='cuda:0')	2.2508438782708264
82406.62547265037	3000.0	1436.0292175736092	0.0	0	0.0	1842.6546902239497	1	0	tensor(3, device='cuda:0')	2.2508438782708264
83457.39911418156	3000.0	1385.2555760424104	0.0	0	0.0	1842.6546902239497	1	0	tensor(3, device='cuda:0')	2.2508438782708264
84385.05674765099	3000.0	1457.5979425729784	0.0	0	0.0	1842.6546902239497	1	0	tensor(3, device='cuda:0')	2.2508438782708264
85341.53550750013	3000.0	1501.1191827238372	0.0	0	0.0	1842.6546902239643	1	0	tensor(3, device='cuda:0')	2.250843878270825
86397.28322198059	3000.0	1445.3714682433847	0.0	0	0.0	1842.6546902239643	1	0	tensor(3, device='cuda:0')	2.250843878270825
87651.17721091468	3000.0	1191.4774793092838	0.0	0	0.0	1842.6546902239643	1	0	tensor(3, device='cuda:0')	2.250843878270825
88572.22614069295	3000.0	1270.4285495310191	0.0	0	0.0	1842.6546902239643	1	0	tensor(3, device='cuda:0')	2.250843878270825
89506.34932031043	3000.0	1336.3053699135357	0.0	0	0.0	1842.6546902239643	1	0	tensor(3, device='cuda:0')	2.250843878270825
90940.98190639864	3000.0	901.6727838253289	0.0	0	0.0	1842.6546902239643	1	0	tensor(3, device='cuda:0')	2.250843878270825
91800.14291142511	1000.0	827.7215275422526	0.0	0	0.0	1627.8644389673573	1	0	tensor(5, device='cuda:0')	-0.8667229389716531
92427.45738591708	1000.0	1200.4070530502718	0.0	0	0.0	1627.8644389673573	1	0	tensor(3, device='cuda:0')	0.6639958288321754
93200.0	1000.0	1427.8644389673423	0.0	0	180.864041411347	1627.8644389673573	1	0	tensor(3, device='cuda:0')	1.1639958288321754
94200.0	1000.0	1427.8644389673514	0.0	0	490.7602417692542	1627.8644389673718	1	0	tensor(3, device='cuda:0')	1.1639958288321748
95322.42595111884	3000.0	1305.4384878485193	0.0	0	0.0	1627.8644389673573	1	0	tensor(3, device='cuda:0')	1.1639958288321754
96485.29987771834	3000.0	1142.5645612490134	0.0	0	0.0	1627.8644389673573	1	0	tensor(3, device='cuda:0')	2.2626081175002852
97753.56072727175	3000.0	874.3037116956161	0.0	0	0.0	1627.8644389673573	1	0	tensor(3, device='cuda:0')	2.2626081175002852
98681.3036365007	3000.0	946.5608024666699	0.0	0	0.0	1627.8644389673573	1	0	tensor(3, device='cuda:0')	2.2626081175002852
100242.93106300486	3000.0	384.93337596250706	0.0	0	0.0	1627.8644389673573	1	0	tensor(3, device='cuda:0')	2.2626081175002852
100967.6931107105	3000.0	660.1713282568511	0.0	0	0.0	1627.8644389673573	1	0	tensor(3, device='cuda:0')	2.2626081175002852
102214.39505158638	3000.0	413.46938738095344	0.0	0	0.0	1627.8644389673573	1	0	tensor(3, device='cuda:0')	2.2626081175002852
102825.74086637743	3000.0	802.1235725899109	0.0	0	0.0	1627.8644389673573	1	0	tensor(3, device='cuda:0')	2.2626081175002852
103523.5631604558	3000.0	1104.3012785115452	0.0	0	0.0	1627.8644389673573	1	0	tensor(3, device='cuda:0')	2.2626081175002852
104468.18589739689	3000.0	1159.6785415704655	0.0	0	0.0	1627.8644389673427	1	0	tensor(3, device='cuda:0')	2.262608117500286
105278.85389828548	3000.0	1349.0105406818773	0.0	0	0.0	1627.8644389673427	1	0	tensor(3, device='cuda:0')	2.262608117500286
106218.03983424467	3000.0	1409.824604722708	0.0	0	0.0	1627.8644389673427	1	0	tensor(3, device='cuda:0')	2.262608117500286
107382.69996224775	3000.0	1245.1644767196294	0.0	0	0.0	1627.8644389673282	1	0	tensor(3, device='cuda:0')	2.2626081175002866
108512.85114067764	3000.0	1115.013298289713	0.0	0	0.0	1627.8644389673282	1	0	tensor(3, device='cuda:0')	2.2626081175002866
109811.72231161183	3000.0	816.1421273555336	0.0	0	0.0	1627.8644389673282	1	0	tensor(3, device='cuda:0')	2.2626081175002866
110770.94457871113	3000.0	856.9198602562312	0.0	0	0.0	1627.8644389673282	1	0	tensor(3, device='cuda:0')	2.2626081175002866
111632.0555635449	3000.0	995.808875422456	0.0	0	0.0	1627.8644389673136	1	0	tensor(3, device='cuda:0')	2.2626081175002875
112319.73794256184	3000.0	1308.1264964055147	0.0	0	0.0	1627.8644389673282	1	0	tensor(3, device='cuda:0')	2.2626081175002866
113200.0	3000.0	1427.8644389673348	0.0	0	9.411968049331335	1627.8644389673282	1	0	tensor(3, device='cuda:0')	2.2626081175002866
114341.00062706732	3000.0	1286.8638119000143	0.0	0	0.0	1627.8644389673282	1	0	tensor(3, device='cuda:0')	2.2626081175002866
115240.67519565126	3000.0	1387.1892433160756	0.0	0	0.0	1627.8644389673136	1	0	tensor(3, device='cuda:0')	2.2626081175002875
116200.0	3000.0	1427.8644389673618	0.0	0	356.3504632297263	1627.8644389673136	1	0	tensor(3, device='cuda:0')	2.2626081175002875
117200.0	3000.0	1427.8644389673602	0.0	0	261.64260055703926	1627.8644389673136	1	0	tensor(3, device='cuda:0')	2.2626081175002875
118200.0	3000.0	1427.8644389673514	0.0	0	257.47963232525217	1627.8644389673136	1	0	tensor(3, device='cuda:0')	2.2626081175002875
119200.0	3000.0	1427.8644389673461	0.0	0	44.008095305092866	1627.8644389673136	1	0	tensor(3, device='cuda:0')	2.2626081175002875
120200.0	3000.0	1427.8644389673418	0.0	0	204.32912261023012	1627.8644389673136	1	0	tensor(3, device='cuda:0')	2.2626081175002875
121200.0	3000.0	1427.8644389673302	0.0	0	147.86434957954043	1627.8644389673282	1	0	tensor(3, device='cuda:0')	2.2626081175002866
122663.35090241645	3000.0	964.5135365508681	0.0	0	0.0	1627.8644389673282	1	0	tensor(3, device='cuda:0')	2.2626081175002866
123473.88028746827	3000.0	1153.98415149906	0.0	0	0.0	1627.8644389673282	1	0	tensor(3, device='cuda:0')	2.2626081175002866
124479.71506334082	3000.0	1148.14937562652	0.0	0	0.0	1627.8644389673282	1	0	tensor(3, device='cuda:0')	2.2626081175002866
125339.04270617841	3000.0	1288.8217327889217	0.0	0	0.0	1627.8644389673282	1	0	tensor(3, device='cuda:0')	2.2626081175002866
127321.51192738557	3000.0	306.35251158176766	0.0	0	0.0	1627.8644389673282	1	0	tensor(3, device='cuda:0')	2.2626081175002866
128125.22902561043	3000.0	620.3488329076247	117.71341955072018	0	0.0	1745.5778585180524	1	0	tensor(3, device='cuda:0')	1.5501853006769748
128717.12677521091	3000.0	1028.4510833071704	0.0	0	0.0	1745.577858518067	1	0	tensor(3, device='cuda:0')	2.256465817981295
129580.81230351194	3000.0	1164.7655550061502	0.0	0	0.0	1745.5778585180815	1	0	tensor(3, device='cuda:0')	2.256465817981294
131101.60581471742	3000.0	643.9720438006875	0.0	0	0.0	1745.577858518096	1	0	tensor(3, device='cuda:0')	2.256465817981294
131967.99644184086	3000.0	777.5814166772218	0.0	0	0.0	1745.577858518067	1	0	tensor(3, device='cuda:0')	2.2564658179812946
133091.53854168952	3000.0	654.0393168285834	0.0	0	0.0	1745.5778585180815	1	0	tensor(3, device='cuda:0')	2.256465817981294
134158.20800751523	3000.0	587.3698510028768	0.0	0	0.0	1745.5778585181106	1	0	tensor(3, device='cuda:0')	2.256465817981293
135243.16890814973	3000.0	502.4089503683921	0.0	0	0.0	1745.5778585181106	1	0	tensor(3, device='cuda:0')	2.256465817981293
136168.75545734377	3000.0	576.8224011743368	0.0	0	0.0	1745.5778585181106	1	0	tensor(3, device='cuda:0')	2.256465817981293
136562.3448957147	1000.0	1183.2329628034113	0.0	0	0.0	1745.5778585180815	1	0	tensor(3, device='cuda:0')	0.05924124064507491
137609.62014935247	3000.0	1135.9577091656329	0.0	0	0.0	1745.5778585180815	1	0	tensor(3, device='cuda:0')	1.1578535293131846
138786.7501412101	3000.0	958.8277173080052	0.0	0	0.0	1745.5778585180815	1	0	tensor(3, device='cuda:0')	2.256465817981294
139410.6684380505	3000.0	1334.909420467608	0.0	0	0.0	1745.5778585180815	1	0	tensor(3, device='cuda:0')	2.256465817981294
140206.9551825431	3000.0	1538.6226759749961	0.0	0	0.0	1745.5778585181106	1	0	tensor(3, device='cuda:0')	2.256465817981293
141396.81385605058	3000.0	1348.7640024675147	0.0	0	0.0	1745.5778585181106	1	0	tensor(3, device='cuda:0')	2.256465817981293
142271.75137253656	3000.0	1473.8264859815106	0.0	0	0.0	1745.5778585181106	1	0	tensor(3, device='cuda:0')	2.256465817981293
143200.0	3000.0	1545.5778585180753	0.0	0	230.33269547583768	1745.5778585181106	1	0	tensor(3, device='cuda:0')	2.256465817981293
144361.74030490775	3000.0	1383.8375536103226	0.0	0	0.0	1745.5778585181106	1	0	tensor(3, device='cuda:0')	2.256465817981293
145635.8123059955	3000.0	1109.7655525225996	0.0	0	0.0	1745.5778585181106	1	0	tensor(3, device='cuda:0')	2.256465817981293
146406.36983923582	3000.0	1339.2080192822868	0.0	0	0.0	1745.5778585181106	1	0	tensor(3, device='cuda:0')	2.256465817981293
147222.04586520913	3000.0	1523.5319933089772	0.0	0	0.0	1745.5778585181106	1	0	tensor(3, device='cuda:0')	2.256465817981293
148200.0	3000.0	1545.5778585180876	0.0	0	85.27562020282494	1745.5778585180815	1	0	tensor(3, device='cuda:0')	2.256465817981294
149200.0	3000.0	1545.577858518067	0.0	0	301.4558264252846	1745.5778585180815	1	0	tensor(3, device='cuda:0')	2.256465817981294
150508.92236184556	3000.0	1236.6554966725114	0.0	0	0.0	1745.5778585181106	1	0	tensor(3, device='cuda:0')	2.256465817981293
152443.98162346377	3000.0	301.5962350542857	0.0	0	0.0	1745.5778585181106	1	0	tensor(3, device='cuda:0')	2.256465817981293
154060.14319226565	3000.0	223.56233368463072	538.1276674322287	0	0.0	2283.705525950296	1	0	tensor(3, device='cuda:0')	-1.0112757384308426
154448.5366182264	1000.0	755.3590347195163	13.830786788645213	0	0.0	2203.89565294591	1	0	tensor(5, device='cuda:0')	-0.7450028245373899
154751.7892960798	1000.0	1452.106356866097	0.0	0	0.0	2203.89565294591	1	0	tensor(3, device='cuda:0')	0.6260040847366032
155554.98713570138	3000.0	1648.9085172445389	0.0	0	0.0	2203.89565294591	1	0	tensor(3, device='cuda:0')	1.1260040847366033
156600.3194133521	3000.0	1603.5762395938355	0.0	0	0.0	2203.89565294591	1	0	tensor(3, device='cuda:0')	2.224616373404713
157315.1812768167	3000.0	1888.7143761291923	0.0	0	0.0	2203.895652945881	1	0	tensor(3, device='cuda:0')	2.2246163734047157
158200.0	3000.0	2003.8956529458965	0.0	0	168.4516447983915	2203.895652945881	1	0	tensor(3, device='cuda:0')	2.2246163734047157
159200.0	3000.0	1753.895652945921	0.0	0	345.13545355561655	1953.8956529459101	1	0	tensor(5, device='cuda:0')	1.2368779304288562
160200.0	3000.0	1753.895652945897	0.0	0	5.278736252017552	1953.8956529459101	1	0	tensor(3, device='cuda:0')	1.7437166905694137
161244.9660681116	3000.0	1708.9295848342883	0.0	0	0.0	1953.8956529459101	1	0	tensor(3, device='cuda:0')	2.2437166905694137
162206.81434948064	3000.0	1747.0813034652203	0.0	0	0.0	1953.8956529459101	1	0	tensor(3, device='cuda:0')	2.2437166905694137
163200.0	3000.0	1753.8956529458646	0.0	0	477.14510432534735	1953.8956529459392	1	0	tensor(3, device='cuda:0')	2.2437166905694115
164200.0	3000.0	1753.8956529458678	0.0	0	377.3542116218887	1953.8956529459392	1	0	tensor(3, device='cuda:0')	2.2437166905694115
165200.0	3000.0	1503.8956529459267	0.0	0	150.70818113075802	1703.8956529459974	1	0	tensor(5, device='cuda:0')	1.2541338486219615
166200.0	3000.0	1503.8956529459017	0.0	0	201.82001274288632	1703.8956529459974	1	0	tensor(3, device='cuda:0')	1.758721713089712
167200.0	3000.0	1503.8956529459265	0.0	0	83.70726483440376	1703.8956529459974	1	0	tensor(3, device='cuda:0')	2.258721713089712
168200.0	3000.0	1503.8956529459642	0.0	0	312.0906327601406	1703.8956529459974	1	0	tensor(3, device='cuda:0')	2.258721713089712
169200.0	3000.0	1503.8956529459674	0.0	0	309.3849698846461	1703.8956529459974	1	0	tensor(3, device='cuda:0')	2.258721713089712
170200.0	3000.0	1503.8956529459479	0.0	0	88.1145500249695	1703.8956529459974	1	0	tensor(3, device='cuda:0')	2.258721713089712
171200.0	3000.0	1503.8956529459774	0.0	0	30.013080609525787	1703.8956529459974	1	0	tensor(3, device='cuda:0')	2.258721713089712
172200.0	3000.0	1503.8956529459747	0.0	0	21.76929839514196	1703.8956529459974	1	0	tensor(3, device='cuda:0')	2.258721713089712
173200.0	3000.0	1503.89565294598	0.0	0	440.0086630685837	1703.8956529459974	1	0	tensor(3, device='cuda:0')	2.258721713089712
174200.0	3000.0	1503.895652945959	0.0	0	25.61995314634987	1703.8956529459974	1	0	tensor(3, device='cuda:0')	2.258721713089712
175253.9501737915	3000.0	1449.9454791544601	0.0	0	0.0	1703.8956529459974	1	0	tensor(3, device='cuda:0')	2.258721713089712
176426.55962948818	3000.0	1277.3360234577922	0.0	0	0.0	1703.8956529459974	1	0	tensor(3, device='cuda:0')	2.258721713089712
177716.1033361297	3000.0	987.7923168162708	0.0	0	0.0	1703.8956529459974	1	0	tensor(3, device='cuda:0')	2.258721713089712
178597.24548391905	3000.0	1106.6501690269024	0.0	0	0.0	1703.8956529459974	1	0	tensor(3, device='cuda:0')	2.258721713089712
179238.14473290293	3000.0	1465.750920043014	0.0	0	0.0	1703.8956529459974	1	0	tensor(3, device='cuda:0')	2.258721713089712
180200.0	3000.0	1503.8956529459517	0.0	0	52.89510665828129	1703.8956529459974	1	0	tensor(3, device='cuda:0')	2.258721713089712
181200.0	3000.0	1503.8956529459656	0.0	0	72.34694888873491	1703.8956529459974	1	0	tensor(3, device='cuda:0')	2.258721713089712
182383.06186783692	3000.0	1320.8337851090348	0.0	0	0.0	1703.8956529459974	1	0	tensor(3, device='cuda:0')	2.258721713089712
183416.58217837266	3000.0	1287.3134745732832	0.0	0	0.0	1703.8956529459974	1	0	tensor(3, device='cuda:0')	2.258721713089712
184230.6211359815	3000.0	1473.2745169644595	0.0	0	0.0	1703.8956529459974	1	0	tensor(3, device='cuda:0')	2.258721713089712
185200.0	3000.0	1503.8956529459458	0.0	0	537.54969744556	1703.8956529459974	1	0	tensor(3, device='cuda:0')	2.258721713089712
186229.60660595744	3000.0	1474.2890469885233	0.0	0	0.0	1703.8956529459974	1	0	tensor(3, device='cuda:0')	2.258721713089712
187545.75158255684	3000.0	1158.1440703891426	0.0	0	0.0	1703.8956529459974	1	0	tensor(3, device='cuda:0')	2.258721713089712
188555.89232255585	3000.0	1148.0033303901298	0.0	0	0.0	1703.8956529459974	1	0	tensor(3, device='cuda:0')	2.258721713089712
189200.0	3000.0	1503.8956529459917	0.0	0	125.26257622704725	1703.8956529460265	1	0	tensor(3, device='cuda:0')	2.2587217130897104
190200.0	3000.0	1503.8956529460036	0.0	0	317.2958900165686	1703.8956529460265	1	0	tensor(3, device='cuda:0')	2.2587217130897104
191200.0	3000.0	1503.89565294598	0.0	0	211.87047563065425	1703.8956529459974	1	0	tensor(3, device='cuda:0')	2.258721713089712
192338.66893953088	3000.0	1365.2267134150954	0.0	0	0.0	1703.8956529459683	1	0	tensor(3, device='cuda:0')	2.2587217130897135
193200.0	3000.0	1503.8956529459806	0.0	0	224.749553789763	1703.8956529459974	1	0	tensor(3, device='cuda:0')	2.258721713089712
194363.7942139842	3000.0	1340.1014389617637	0.0	0	0.0	1703.8956529460265	1	0	tensor(3, device='cuda:0')	2.2587217130897104
195329.35437750284	3000.0	1374.5412754431272	0.0	0	0.0	1703.8956529460265	1	0	tensor(3, device='cuda:0')	2.2587217130897104
196525.3439561667	3000.0	1178.551696779264	0.0	0	0.0	1703.8956529460265	1	0	tensor(3, device='cuda:0')	2.2587217130897104
197567.38699513124	3000.0	1136.5086578147275	0.0	0	0.0	1703.8956529460265	1	0	tensor(3, device='cuda:0')	2.2587217130897104
198471.2373052963	3000.0	1232.6583476496667	0.0	0	0.0	1703.8956529460265	1	0	tensor(3, device='cuda:0')	2.2587217130897104
199203.73123781136	3000.0	1500.1644151345513	0.0	0	0.0	1703.8956529460265	1	0	tensor(3, device='cuda:0')	2.2587217130897104
200340.0317295808	3000.0	1363.8639233651022	0.0	0	0.0	1703.8956529460556	1	0	tensor(3, device='cuda:0')	2.258721713089709
201371.01684019127	3000.0	1332.8788127546502	0.0	0	0.0	1703.8956529460556	1	0	tensor(3, device='cuda:0')	2.258721713089709
202421.63446457477	3000.0	1282.2611883711322	0.0	0	0.0	1703.8956529460556	1	0	tensor(3, device='cuda:0')	2.258721713089709
203443.3752271144	3000.0	1260.5204258314932	0.0	0	0.0	1703.8956529460265	1	0	tensor(3, device='cuda:0')	2.2587217130897104
204340.18384861428	3000.0	1363.7118043316098	0.0	0	0.0	1703.8956529460265	1	0	tensor(3, device='cuda:0')	2.2587217130897104
205583.11182598872	3000.0	1120.7838269571675	0.0	0	0.0	1703.8956529460265	1	0	tensor(3, device='cuda:0')	2.2587217130897104
206966.12641918956	3000.0	737.769233756298	0.0	0	0.0	1703.8956529460265	1	0	tensor(3, device='cuda:0')	2.2587217130897104
207991.13170321487	3000.0	712.7639497309909	0.0	0	0.0	1703.8956529460265	1	0	tensor(3, device='cuda:0')	2.2587217130897104
208438.54484287207	3000.0	1265.3508100737645	0.0	0	0.0	1703.8956529459974	1	0	tensor(3, device='cuda:0')	2.258721713089712
209200.0	3000.0	1503.8956529458223	0.0	0	225.51254428262473	1703.8956529459974	1	0	tensor(3, device='cuda:0')	2.258721713089712
210200.0	3000.0	1503.8956529458085	0.0	0	331.15663730347296	1703.8956529460265	1	0	tensor(3, device='cuda:0')	2.2587217130897104
211322.88581239912	3000.0	1381.0098405466813	0.0	0	0.0	1703.8956529460265	1	0	tensor(3, device='cuda:0')	2.2587217130897104
212394.442084276	3000.0	1309.453568669789	0.0	0	0.0	1703.8956529460265	1	0	tensor(3, device='cuda:0')	2.2587217130897104
213345.1463749734	3000.0	1358.749277972366	0.0	0	0.0	1703.8956529459974	1	0	tensor(3, device='cuda:0')	2.258721713089712
214200.0	3000.0	1503.8956529457857	0.0	0	30.385893404396484	1703.8956529459974	1	0	tensor(3, device='cuda:0')	2.258721713089712
215364.8618571982	3000.0	1339.0337957476045	0.0	0	0.0	1703.8956529459974	1	0	tensor(3, device='cuda:0')	2.258721713089712
216403.19048392435	3000.0	1300.7051690214862	0.0	0	0.0	1703.8956529459974	1	0	tensor(3, device='cuda:0')	2.258721713089712
217447.14519494507	3000.0	1256.750458000782	0.0	0	0.0	1703.8956529459974	1	0	tensor(3, device='cuda:0')	2.258721713089712
218871.53491990175	3000.0	832.360733044121	0.0	0	0.0	1703.8956529460265	1	0	tensor(3, device='cuda:0')	2.2587217130897104
219944.097302884	3000.0	759.7983500618684	0.0	0	0.0	1703.8956529460556	1	0	tensor(3, device='cuda:0')	2.258721713089709
221144.75103065072	3000.0	559.1446222951747	0.0	0	0.0	1703.8956529460556	1	0	tensor(3, device='cuda:0')	2.258721713089709
221556.45138076463	3000.0	1147.4442721812661	0.0	0	0.0	1703.8956529460556	1	0	tensor(3, device='cuda:0')	2.258721713089709
222257.68277916842	3000.0	1446.2128737775051	0.0	0	0.0	1703.8956529460556	1	0	tensor(3, device='cuda:0')	2.258721713089709
223200.0	3000.0	1503.8956529459124	0.0	0	315.10177154041594	1703.8956529460556	1	0	tensor(3, device='cuda:0')	2.258721713089709
224281.05708473222	3000.0	1422.8385682136748	0.0	0	0.0	1703.8956529460556	1	0	tensor(3, device='cuda:0')	2.258721713089709
225200.0	3000.0	1503.8956529459222	0.0	0	287.8967673285224	1703.8956529460556	1	0	tensor(3, device='cuda:0')	2.258721713089709
226410.75372144044	3000.0	1293.1419315054654	0.0	0	0.0	1703.8956529460556	1	0	tensor(3, device='cuda:0')	2.258721713089709
227227.1138644684	3000.0	1476.781788477495	0.0	0	0.0	1703.8956529460556	1	0	tensor(3, device='cuda:0')	2.258721713089709
228200.0	3000.0	1503.8956529459288	0.0	0	102.88168621214572	1703.8956529460556	1	0	tensor(3, device='cuda:0')	2.258721713089709
229200.0	3000.0	1503.8956529459738	0.0	0	39.51512619131245	1703.8956529460556	1	0	tensor(3, device='cuda:0')	2.258721713089709
230200.0	3000.0	1503.895652945956	0.0	0	558.8958008086192	1703.8956529460556	1	0	tensor(3, device='cuda:0')	2.258721713089709
231307.2631990945	3000.0	1396.6324538514143	0.0	0	0.0	1703.8956529460556	1	0	tensor(3, device='cuda:0')	2.258721713089709
233098.24085053234	3000.0	605.6548024136057	0.0	0	0.0	1703.8956529460556	1	0	tensor(3, device='cuda:0')	2.258721713089709
234165.03036161256	3000.0	538.8652913333813	0.0	0	0.0	1703.8956529460847	1	0	tensor(3, device='cuda:0')	2.2587217130897073
234989.63918645037	3000.0	714.2564664955482	0.0	0	0.0	1703.8956529460847	1	0	tensor(3, device='cuda:0')	2.2587217130897073
236253.14800060706	3000.0	450.7476523388266	0.0	0	0.0	1703.8956529460847	1	0	tensor(3, device='cuda:0')	2.2587217130897073
237296.20861692552	3000.0	562.0177032172951	154.33066719695285	0	0.0	1858.2263201430324	1	0	tensor(3, device='cuda:0')	1.323907790950281
237982.967211149	3000.0	875.2591089938145	0.0	0	0.0	1858.2263201430324	1	0	tensor(3, device='cuda:0')	2.249891794131998
238837.36015920423	3000.0	1020.8661609385551	0.0	0	0.0	1858.2263201430324	1	0	tensor(3, device='cuda:0')	2.249891794131998
239711.08888219285	3000.0	1147.1374379499107	0.0	0	0.0	1858.2263201430324	1	0	tensor(3, device='cuda:0')	2.249891794131998
240578.84412623386	3000.0	1279.38219390891	0.0	0	0.0	1858.2263201430324	1	0	tensor(3, device='cuda:0')	2.249891794131998
241822.66833449755	3000.0	1035.5579856452368	0.0	0	0.0	1858.2263201430615	1	0	tensor(3, device='cuda:0')	2.2498917941319965
242824.97783417677	3000.0	1033.2484859659837	0.0	0	0.0	1858.2263201430324	1	0	tensor(3, device='cuda:0')	2.249891794131998
243605.15774890708	3000.0	1253.0685712356758	0.0	0	0.0	1858.2263201430324	1	0	tensor(3, device='cuda:0')	2.249891794131998
244443.4747038095	3000.0	1414.7516163332539	0.0	0	0.0	1858.2263201430324	1	0	tensor(3, device='cuda:0')	2.249891794131998
246034.788302452	3000.0	823.4380176907647	0.0	0	0.0	1858.2263201430615	1	0	tensor(3, device='cuda:0')	2.2498917941319965
246295.42838949006	1000.0	1562.7979306526804	0.0	0	0.0	1858.2263201430615	1	0	tensor(3, device='cuda:0')	0.05266721679577657
247321.31293197145	3000.0	1536.91338817128	0.0	0	0.0	1858.2263201430615	1	0	tensor(3, device='cuda:0')	1.1512795054638865
248408.58786108522	3000.0	1449.6384590575055	0.0	0	0.0	1858.2263201430615	1	0	tensor(3, device='cuda:0')	2.2498917941319965
249303.65982884282	3000.0	1554.5664912998832	0.0	0	0.0	1858.2263201430324	1	0	tensor(3, device='cuda:0')	2.249891794131998
250330.40159999082	3000.0	1527.8247201518861	0.0	0	0.0	1858.2263201430324	1	0	tensor(3, device='cuda:0')	2.249891794131998
251200.0	3000.0	1658.2263201427104	0.0	0	215.8351917625987	1858.2263201430324	1	0	tensor(3, device='cuda:0')	2.249891794131998
252200.0	3000.0	1658.2263201427245	0.0	0	418.45521767347236	1858.2263201430324	1	0	tensor(3, device='cuda:0')	2.249891794131998
253200.0	3000.0	1658.226320142725	0.0	0	93.19938063673908	1858.2263201430324	1	0	tensor(3, device='cuda:0')	2.249891794131998
254200.0	3000.0	1658.2263201427168	0.0	0	256.2380762861285	1858.2263201430324	1	0	tensor(3, device='cuda:0')	2.249891794131998
255200.0	3000.0	1658.2263201427054	0.0	0	26.902862838411238	1858.2263201430324	1	0	tensor(3, device='cuda:0')	2.249891794131998
256273.24801527557	3000.0	1584.9783048671259	0.0	0	0.0	1858.2263201430615	1	0	tensor(3, device='cuda:0')	2.2498917941319965
257235.08993920212	3000.0	1623.1363809405934	0.0	0	0.0	1858.2263201430615	1	0	tensor(3, device='cuda:0')	2.2498917941319965
258409.00810719785	3000.0	1449.218212944837	0.0	0	0.0	1858.2263201430615	1	0	tensor(3, device='cuda:0')	2.2498917941319965
259247.5543694542	3000.0	1610.671950688481	0.0	0	0.0	1858.2263201430615	1	0	tensor(3, device='cuda:0')	2.2498917941319965
260372.03187602258	3000.0	1486.1944441201092	0.0	0	0.0	1858.2263201430615	1	0	tensor(3, device='cuda:0')	2.2498917941319965
261200.0	3000.0	1658.2263201426822	0.0	0	84.44788698019693	1858.2263201430324	1	0	tensor(3, device='cuda:0')	2.249891794131998
262823.4930214903	3000.0	1034.7332986523793	0.0	0	0.0	1858.2263201430032	1	0	tensor(3, device='cuda:0')	2.2498917941319996
263962.88110531156	3000.0	895.3452148310923	0.0	0	0.0	1858.2263201429741	1	0	tensor(3, device='cuda:0')	2.2498917941320014
265262.49096793897	3000.0	595.7353522036439	0.0	0	0.0	1858.226320142916	1	0	tensor(3, device='cuda:0')	2.2498917941320054
266073.09862105903	3000.0	785.1276990835421	0.0	0	0.0	1858.2263201428577	1	0	tensor(3, device='cuda:0')	2.249891794132009
266762.21611069556	3000.0	1096.0102094470385	0.0	0	0.0	1858.2263201428577	1	0	tensor(3, device='cuda:0')	2.249891794132009
267680.24272304535	3000.0	1177.9835970972363	0.0	0	0.0	1858.2263201428577	1	0	tensor(3, device='cuda:0')	2.249891794132009
268818.75157569535	3000.0	1039.4747444472869	0.0	0	0.0	1858.226320142916	1	0	tensor(3, device='cuda:0')	2.2498917941320054
270087.33999907685	3000.0	770.8863210658525	0.0	0	0.0	1858.226320142916	1	0	tensor(3, device='cuda:0')	2.2498917941320054
270466.9246669305	1000.0	1296.405486248699	0.0	0	0.0	1763.3301531794132	1	0	tensor(5, device='cuda:0')	-0.6327633480711248
271803.8602476292	3000.0	959.4699055499124	0.0	0	0.0	1763.330153179355	1	0	tensor(3, device='cuda:0')	0.6568646443627146
272200.0	1000.0	1563.3301531791244	0.0	0	13.944835690956097	1763.330153179355	1	0	tensor(3, device='cuda:0')	0.05825235569460474
273348.9421890318	3000.0	1414.3879641472683	0.0	0	0.0	1763.330153179355	1	0	tensor(3, device='cuda:0')	1.1568646443627146
274200.0	3000.0	1563.330153179093	0.0	0	115.81734632782172	1763.3301531794132	1	0	tensor(3, device='cuda:0')	2.2554769330308213
275200.0	3000.0	1563.3301531791037	0.0	0	30.072870769246947	1763.3301531794132	1	0	tensor(3, device='cuda:0')	2.2554769330308213
276326.37627196236	3000.0	1436.9538812166854	0.0	0	0.0	1763.3301531794132	1	0	tensor(3, device='cuda:0')	2.2554769330308213
277546.0807482849	3000.0	1217.2494048942085	0.0	0	0.0	1763.3301531794714	1	0	tensor(3, device='cuda:0')	2.2554769330308178
279115.06502297823	3000.0	648.2651302009224	0.0	0	0.0	1763.3301531794714	1	0	tensor(3, device='cuda:0')	2.2554769330308178
280189.5002576475	3000.0	573.8298955317082	0.0	0	0.0	1763.3301531794714	1	0	tensor(3, device='cuda:0')	2.2554769330308178
281124.2368279887	3000.0	639.0933251905477	0.0	0	0.0	1763.3301531794714	1	0	tensor(3, device='cuda:0')	2.2554769330308178
281605.4551111437	3000.0	1157.8750420355282	0.0	0	0.0	1763.3301531794714	1	0	tensor(3, device='cuda:0')	2.2554769330308178
282335.12366758817	3000.0	1428.2064855911233	0.0	0	0.0	1763.3301531794714	1	0	tensor(3, device='cuda:0')	2.2554769330308178
283332.3853737753	3000.0	1430.9447794039374	0.0	0	0.0	1763.3301531794132	1	0	tensor(3, device='cuda:0')	2.2554769330308213
284770.68145610753	3000.0	992.6486970717316	0.0	0	0.0	1763.3301531794132	1	0	tensor(3, device='cuda:0')	2.2554769330308213
285447.6258873895	3000.0	1315.7042657897528	0.0	0	0.0	1763.3301531794132	1	0	tensor(3, device='cuda:0')	2.2554769330308213
286200.0	3000.0	1563.330153179229	0.0	0	200.40357341768686	1763.3301531794714	1	0	tensor(3, device='cuda:0')	2.2554769330308178
287200.0	3000.0	1563.330153179203	0.0	0	71.70124463085085	1763.3301531794714	1	0	tensor(3, device='cuda:0')	2.2554769330308178
288200.0	3000.0	1563.3301531792645	0.0	0	126.11411723814672	1763.3301531795296	1	0	tensor(3, device='cuda:0')	2.2554769330308146
289251.66311630193	3000.0	1511.6670368773296	0.0	0	0.0	1763.3301531795878	1	0	tensor(3, device='cuda:0')	2.2554769330308115
290200.0	3000.0	1563.330153179231	0.0	0	87.81483113433933	1763.3301531795878	1	0	tensor(3, device='cuda:0')	2.2554769330308115
291200.0	3000.0	1563.3301531792615	0.0	0	376.8359251609072	1763.3301531795878	1	0	tensor(3, device='cuda:0')	2.2554769330308115
292200.0	3000.0	1563.330153179271	0.0	0	29.441904021950904	1763.3301531795878	1	0	tensor(3, device='cuda:0')	2.2554769330308115
293200.0	3000.0	1563.3301531793518	0.0	0	11.613660044153221	1763.330153179646	1	0	tensor(3, device='cuda:0')	2.255476933030808
294386.996851759	3000.0	1376.3333014204431	0.0	0	0.0	1763.330153179646	1	0	tensor(3, device='cuda:0')	2.255476933030808
295200.0	3000.0	1563.3301531793966	0.0	0	207.4439130636165	1763.330153179646	1	0	tensor(3, device='cuda:0')	2.255476933030808
296200.0	3000.0	1563.3301531793347	0.0	0	316.0191880912171	1763.330153179646	1	0	tensor(3, device='cuda:0')	2.255476933030808
297200.0	3000.0	1563.3301531793943	0.0	0	127.63287474709796	1763.3301531797042	1	0	tensor(3, device='cuda:0')	2.255476933030805
298314.19853838213	3000.0	1449.1316147973027	0.0	0	0.0	1763.3301531797042	1	0	tensor(3, device='cuda:0')	2.255476933030805
299200.0	3000.0	1563.3301531794114	0.0	0	277.1196788708912	1763.330153179646	1	0	tensor(3, device='cuda:0')	2.255476933030808
300200.0	3000.0	1563.3301531794732	0.0	0	211.1960971132503	1763.330153179646	1	0	tensor(3, device='cuda:0')	2.255476933030808
2.93	2.59	2.94	2.85	3.16	3.83	5.36	2.36	4.8	3.06	2.54	2.17	2.94	2.68	3.26	5.46	2.53	3.68	3.06	3.63	3.59	4.93	3.66	3.15	2.49	3.66	4.7	3.48	3.1	2.47	2.75	3.97	2.71	1.39	2.95	6.51	3.86	4.69	3.43	2.92	3.82	2.27	3.41	4.43	3.05	2.18	3.19	6.46	4.77	3.05	2.18	4.31	3.12	4.2	4.74	2.7	2.21	2.76	2.42	4.45	2.79	1.84	4.23	5.18	2.51	2.98	6.7	5.54	3.12	2.22	3.85	4.37	4.46	1.34	1.3	3.39	4.18	2.8	4.04	2.25	3.39	3.59	2.49	1.83	2.26	3.44	2.92	0.765	1.74	2.21	2.1	2.63	3.67	2.53	3.39	2.95	2.24	5.05	2.81	3.89	3.45	3.92	3.51	2.99	3.32	2.41	3.53	3.67	3.6	3.88	2.87	4.11	5.28	4.73	3.93	3.2	4.36	4.51	1.74	3.35	3.68	4.27	1.92	1.48	3.87	5.26	1.89	2.48	4.08	3.48	2.34	3.85	3.75	2.57	2.62	3.85	4.73	3.22	3.95	5.31	3.5	2.34	3.72	4.55	3.37	3.74	2.13	2.41	1.45	2.32	2.53	3.09	2.75	5.12	4.9	3.88	3.17	2.86	3.79	5.27	4.78	3.97	4.38	3.63	5.68	3.79	3.48	2.53	3.92	5.46	3.06	2.76	3.39	3.32	2.94	4.0	4.51	4.55	2.22	2.69	3.71	5.75	3.76	3.1	3.21	4.83	5.43	3.26	2.9	5.51	2.5	3.22	3.72	2.5	4.17	5.0	3.27	4.16	2.36	3.3	4.04	3.09	2.65	2.25	3.14	6.14	5.28	2.62	2.76	3.76	3.81	2.35	3.61	3.75	1.98	1.88	3.08	2.66	5.72	6.39	2.73	4.63	2.54	3.28	3.14	3.58	7.77	3.44	2.63	1.6	3.53	3.36	2.27	2.98	5.41	4.38	4.39	2.51	3.02	3.16	3.34	2.84	2.24	3.81	2.86	2.99	3.15	4.24	4.26	4.07	3.41	2.5	2.21	3.2	3.0	4.14	2.58	3.32	2.7	1.83	2.9	2.71	3.97	3.72	3.0	2.83	1.95	3.42	1.87	3.03	4.37	3.75	2.99	2.65	2.58	2.43	2.93	3.67	5.21	3.44	3.09	2.34	5.31	4.09	4.73	3.7	3.7	5.07	2.87	2.88	3.31	3.88	3.76	3.48	2.49	3.87	3.37	3.83	1.82
671.0	672.0	673.0	674.0	675.0	676.0	677.0	678.0	679.0	680.0	681.0	682.0	683.0	684.0	685.0	686.0	687.0	688.0	689.0	690.0	691.0	692.0	693.0	694.0	695.0	696.0	697.0	698.0	699.0	700.0	701.0	702.0	703.0	704.0	705.0	706.0	707.0	708.0	709.0	710.0	711.0	712.0	713.0	714.0	715.0	716.0	717.0	718.0	719.0	720.0	721.0	722.0	723.0	724.0	725.0	726.0	727.0	728.0	729.0	730.0	731.0	732.0	733.0	734.0	735.0	736.0	737.0	738.0	739.0	740.0	741.0	742.0	743.0	744.0	745.0	746.0	747.0	748.0	749.0	750.0	751.0	752.0	753.0	754.0	755.0	756.0	757.0	758.0	759.0	760.0	761.0	762.0	763.0	764.0	765.0	766.0	767.0	768.0	769.0	770.0	771.0	772.0	773.0	774.0	775.0	776.0	777.0	778.0	779.0	780.0	781.0	782.0	783.0	784.0	785.0	786.0	787.0	788.0	789.0	790.0	791.0	792.0	793.0	794.0	795.0	796.0	797.0	798.0	799.0	800.0	801.0	802.0	803.0	804.0	805.0	806.0	807.0	808.0	809.0	810.0	811.0	812.0	813.0	814.0	815.0	816.0	817.0	818.0	819.0	820.0	821.0	822.0	823.0	824.0	825.0	826.0	827.0	828.0	829.0	830.0	831.0	832.0	833.0	834.0	835.0	836.0	837.0	838.0	839.0	840.0	841.0	842.0	843.0	844.0	845.0	846.0	847.0	848.0	849.0	850.0	851.0	852.0	853.0	854.0	855.0	856.0	857.0	858.0	859.0	860.0	861.0	862.0	863.0	864.0	865.0	866.0	867.0	868.0	869.0	870.0	871.0	872.0	873.0	874.0	875.0	876.0	877.0	878.0	879.0	880.0	881.0	882.0	883.0	884.0	885.0	886.0	887.0	888.0	889.0	890.0	891.0	892.0	893.0	894.0	895.0	896.0	897.0	898.0	899.0	900.0	901.0	902.0	903.0	904.0	905.0	906.0	907.0	908.0	909.0	910.0	911.0	912.0	913.0	914.0	915.0	916.0	917.0	918.0	919.0	920.0	921.0	922.0	923.0	924.0	925.0	926.0	927.0	928.0	929.0	930.0	931.0	932.0	933.0	934.0	935.0	936.0	937.0	938.0	939.0	940.0	941.0	942.0	943.0	944.0	945.0	946.0	947.0	948.0	949.0	950.0	951.0	952.0	953.0	954.0	955.0	956.0	957.0	958.0	959.0	960.0	961.0	962.0	963.0	964.0	965.0	966.0	967.0	968.0	969.0
3097.0
