10567.805278046333	1000.0	2000.0	174.05823860957042	0	0.0	10567.805278046333	1	0	tensor(5, device='cuda:0')	-5.491854668103084
10747.133405511971	1000.0	2775.8398406679535	0.0	0	0.0	10522.973246179925	1	0	tensor(5, device='cuda:0')	-2.833273783318564
10921.473110776853	1000.0	3557.915209086851	0.0	0	0.0	10479.388319863703	1	0	tensor(5, device='cuda:0')	-2.8288365393821886
11447.119936131458	3000.0	3900.856677393596	0.0	0	0.0	10347.976613525054	1	0	tensor(5, device='cuda:0')	-2.9995868165388284
11900.053172958633	3000.0	4334.690131359625	0.0	0	0.0	10234.74330431826	1	0	tensor(5, device='cuda:0')	-1.858369107983263
12290.081529294657	3000.0	4847.154685939593	0.0	0	0.0	10137.236215234252	1	0	tensor(5, device='cuda:0')	-1.8212019072923806
12936.759571123572	3000.0	5038.80713365345	0.0	0	0.0	9975.566704777026	1	0	tensor(5, device='cuda:0')	-1.9399164980299592
13404.62513068974	3000.0	5453.975184195742	0.0	0	0.0	9858.600314885483	1	0	tensor(5, device='cuda:0')	-1.8403141531960785
13637.088785682718	3000.0	6163.3956154545185	0.0	0	0.0	9800.484401137239	1	0	tensor(5, device='cuda:0')	-1.7173163375723817
13978.900470522272	3000.0	6736.131009405075	0.0	0	0.0	9715.031479927351	1	0	tensor(5, device='cuda:0')	-1.7650325803158857
14319.663225245356	3000.0	7310.17756600122	0.0	0	0.0	9629.840791246581	1	0	tensor(5, device='cuda:0')	-1.7564298265459373
14580.685298272672	3000.0	7983.899974717072	0.0	0	0.0	9564.585272989749	1	0	tensor(5, device='cuda:0')	-1.7095780276069676
14828.527066030785	3000.0	8674.097765019433	0.0	0	0.0	9502.624831050223	1	0	tensor(5, device='cuda:0')	-1.6960299005237862
15200.0	3000.0	9209.756597557915	0.0	0	121.92146302006404	9409.75659755792	1	0	tensor(5, device='cuda:0')	-1.7499503252088215
16200.0	3000.0	8959.756597557916	0.0	0	691.8378212046973	9159.75659755792	1	0	tensor(5, device='cuda:0')	-2.0392830075341832
17200.0	3000.0	8709.756597557916	0.0	0	549.8274667362239	8909.756597557915	1	0	tensor(5, device='cuda:0')	-1.9991674713645384
18200.0	3000.0	8459.756597557916	0.0	0	472.61924923950573	8659.756597557913	1	0	tensor(5, device='cuda:0')	-1.9481051401479221
19200.0	3000.0	8209.75659755792	0.0	0	652.4792292330785	8409.756597557916	1	0	tensor(5, device='cuda:0')	-1.886135175422872
20200.0	3000.0	7959.756597557922	0.0	0	808.0380777896899	8159.75659755792	1	0	tensor(5, device='cuda:0')	-1.808785614745681
21200.0	3000.0	7709.756597557917	0.0	0	753.8122551646593	7909.756597557918	1	0	tensor(5, device='cuda:0')	-1.7139993644068243
22200.0	3000.0	7459.756597557917	0.0	0	618.5520155806589	7659.756597557916	1	0	tensor(5, device='cuda:0')	-1.5993566064282625
23200.0	3000.0	7209.756597557918	0.0	0	734.8533097884429	7409.756597557916	1	0	tensor(5, device='cuda:0')	-1.4626797262579079
24200.0	3000.0	6959.756597557917	0.0	0	675.1549930637229	7159.756597557913	1	0	tensor(5, device='cuda:0')	-1.302501315688846
25200.0	3000.0	6709.7565975579155	0.0	0	709.6611512882082	6909.756597557909	1	0	tensor(5, device='cuda:0')	-1.1185033687722958
26200.0	3000.0	6459.756597557914	0.0	0	704.9033365450123	6659.756597557913	1	0	tensor(5, device='cuda:0')	-0.9119415363154344
27200.0	3000.0	6209.756597557919	0.0	0	589.7927584370664	6409.756597557924	1	0	tensor(5, device='cuda:0')	-0.6855049498006763
28200.0	3000.0	5959.756597557917	0.0	0	726.5915706958986	6159.75659755792	1	0	tensor(5, device='cuda:0')	-0.44551318448491356
29200.0	3000.0	5709.756597557917	0.0	0	675.0630478603562	5909.756597557927	1	0	tensor(5, device='cuda:0')	-0.19726875643569552
30200.0	3000.0	5459.7565975579155	0.0	0	701.1645177248283	5659.756597557924	1	0	tensor(5, device='cuda:0')	0.051275921018858084
31200.0	3000.0	5209.756597557913	0.0	0	563.4117967109887	5409.75659755792	1	0	tensor(5, device='cuda:0')	0.29296871257779805
32200.0	3000.0	4959.7565975579155	0.0	0	688.4087869976211	5159.75659755792	1	0	tensor(5, device='cuda:0')	0.5198985442658771
33200.0	3000.0	4709.756597557913	0.0	0	523.2274786361922	4909.75659755792	1	0	tensor(5, device='cuda:0')	0.7301346615730859
34200.0	3000.0	4459.756597557911	0.0	0	721.745242156765	4659.75659755792	1	0	tensor(5, device='cuda:0')	0.9139425046708156
35200.0	3000.0	4209.756597557919	0.0	0	707.8704451077647	4409.75659755792	1	0	tensor(5, device='cuda:0')	1.0759865403821913
36200.0	3000.0	3959.75659755792	0.0	0	628.7863261139355	4159.756597557927	1	0	tensor(5, device='cuda:0')	1.2144570323341528
37200.0	3000.0	3709.7565975579246	0.0	0	735.5409696297938	3909.7565975579346	1	0	tensor(5, device='cuda:0')	1.3307478773319241
38200.0	3000.0	3459.7565975579305	0.0	0	631.3090225833294	3659.7565975579346	1	0	tensor(5, device='cuda:0')	1.4269959500420972
39200.0	3000.0	3209.7565975579405	0.0	0	661.0485829900936	3409.756597557949	1	0	tensor(5, device='cuda:0')	1.5056969139969494
40200.0	3000.0	2959.756597557944	0.0	0	673.8127869113523	3159.7565975579637	1	0	tensor(5, device='cuda:0')	1.5694147821197024
41200.0	3000.0	2709.756597557944	0.0	0	469.14461915401625	2909.756597557971	1	0	tensor(5, device='cuda:0')	1.6208205292923972
42200.0	3000.0	2459.7565975579478	0.0	0	606.271834930325	2659.756597557993	1	0	tensor(5, device='cuda:0')	1.6614239267690836
43200.0	3000.0	2209.7565975579405	0.0	0	641.1239849855629	2409.7565975579855	1	0	tensor(5, device='cuda:0')	1.693840844042156
44200.0	3000.0	1959.7565975579396	0.0	0	758.5043210736112	2159.756597557993	1	0	tensor(5, device='cuda:0')	1.7194697052156798
45200.0	3000.0	1709.7565975579369	0.0	0	734.4288281500267	1909.7565975579928	1	0	tensor(5, device='cuda:0')	1.739666266524219
46200.0	3000.0	1459.7565975579353	0.0	0	787.3111242099476	1659.7565975579928	1	0	tensor(5, device='cuda:0')	1.7555412861193966
47200.0	3000.0	1209.7565975579332	0.0	0	747.3831198480111	1409.7565975579782	1	0	tensor(5, device='cuda:0')	1.767994379775049
48200.0	3000.0	959.7565975579364	0.0	0	771.8539509429756	1159.7565975579782	1	0	tensor(5, device='cuda:0')	1.7777477459080984
49200.0	3000.0	709.7565975579435	0.0	0	679.1763800978515	909.7565975579782	1	0	tensor(5, device='cuda:0')	1.7853772201326001
50200.0	3000.0	709.756597557945	0.0	0	579.8471238127095	909.7565975579782	1	0	tensor(3, device='cuda:0')	1.7880001841782964
51200.0	3000.0	709.7565975579479	0.0	0	569.7150103554304	909.7565975579782	1	0	tensor(3, device='cuda:0')	2.2880001841782964
52200.0	3000.0	709.7565975579536	0.0	0	672.4642103589067	909.7565975579782	1	0	tensor(3, device='cuda:0')	2.2880001841782964
53200.0	3000.0	709.7565975579577	0.0	0	638.4985042559638	909.7565975579782	1	0	tensor(3, device='cuda:0')	2.2880001841782964
54200.0	3000.0	709.7565975579523	0.0	0	784.3079016662596	909.7565975579782	1	0	tensor(3, device='cuda:0')	2.2880001841782964
55200.0	3000.0	709.7565975579469	0.0	0	725.9334973072837	909.7565975579782	1	0	tensor(3, device='cuda:0')	2.2880001841782964
56200.0	3000.0	709.7565975579456	0.0	0	757.1636543579443	909.7565975579782	1	0	tensor(3, device='cuda:0')	2.2880001841782964
57200.0	3000.0	709.7565975579458	0.0	0	700.2123000840438	909.7565975579782	1	0	tensor(3, device='cuda:0')	2.2880001841782964
58200.0	3000.0	709.7565975579354	0.0	0	650.5966820273679	909.7565975579782	1	0	tensor(3, device='cuda:0')	2.2880001841782964
59200.0	3000.0	709.7565975579417	0.0	0	711.2938879847788	909.7565975579782	1	0	tensor(3, device='cuda:0')	2.2880001841782964
60200.0	3000.0	709.7565975579384	0.0	0	525.1052917991037	909.7565975579782	1	0	tensor(3, device='cuda:0')	2.2880001841782964
61200.0	3000.0	709.7565975579331	0.0	0	658.3751430803677	909.7565975579782	1	0	tensor(3, device='cuda:0')	2.2880001841782964
62200.0	3000.0	709.7565975579358	0.0	0	798.2210611988994	909.7565975579782	1	0	tensor(3, device='cuda:0')	2.2880001841782964
63200.0	3000.0	709.7565975579301	0.0	0	766.6478068307624	909.7565975579782	1	0	tensor(3, device='cuda:0')	2.2880001841782964
64200.0	3000.0	709.756597557926	0.0	0	646.0344930457795	909.7565975579782	1	0	tensor(3, device='cuda:0')	2.2880001841782964
65200.0	3000.0	709.756597557928	0.0	0	617.9123227385571	909.7565975579782	1	0	tensor(3, device='cuda:0')	2.2880001841782964
66200.0	3000.0	709.7565975579122	0.0	0	765.41789102638	909.7565975579564	1	0	tensor(3, device='cuda:0')	2.288000184178297
67200.0	3000.0	709.7565975579171	0.0	0	581.8384974521614	909.7565975579637	1	0	tensor(3, device='cuda:0')	2.288000184178297
68200.0	3000.0	709.7565975579306	0.0	0	697.4694737521786	909.7565975579782	1	0	tensor(3, device='cuda:0')	2.2880001841782964
69200.0	3000.0	709.7565975579341	0.0	0	684.4032170352875	909.7565975579782	1	0	tensor(3, device='cuda:0')	2.2880001841782964
70200.0	3000.0	709.7565975579344	0.0	0	552.2966581151122	909.7565975579782	1	0	tensor(3, device='cuda:0')	2.2880001841782964
71200.0	3000.0	709.756597557937	0.0	0	565.9218696026073	909.7565975579782	1	0	tensor(3, device='cuda:0')	2.2880001841782964
72200.0	3000.0	709.7565975579478	0.0	0	581.3670828255126	909.7565975579782	1	0	tensor(3, device='cuda:0')	2.2880001841782964
73200.0	3000.0	709.7565975579563	0.0	0	792.7730384351598	909.7565975579782	1	0	tensor(3, device='cuda:0')	2.2880001841782964
74200.0	3000.0	709.7565975579419	0.0	0	656.0927309913677	909.7565975579637	1	0	tensor(3, device='cuda:0')	2.288000184178297
75200.0	3000.0	709.7565975579391	0.0	0	553.6584081340843	909.7565975579637	1	0	tensor(3, device='cuda:0')	2.288000184178297
76200.0	3000.0	709.7565975579473	0.0	0	616.815060600813	909.7565975579637	1	0	tensor(3, device='cuda:0')	2.288000184178297
77200.0	3000.0	709.7565975579474	0.0	0	641.9747041312221	909.7565975579637	1	0	tensor(3, device='cuda:0')	2.288000184178297
78200.0	3000.0	709.7565975579553	0.0	0	713.0063170401554	909.7565975579637	1	0	tensor(3, device='cuda:0')	2.288000184178297
79200.0	3000.0	709.7565975579463	0.0	0	769.3512044124363	909.7565975579491	1	0	tensor(3, device='cuda:0')	2.2880001841782973
80200.0	3000.0	709.756597557958	0.0	0	611.3062080597301	909.7565975579637	1	0	tensor(3, device='cuda:0')	2.288000184178297
81200.0	3000.0	709.7565975579539	0.0	0	660.6763871388539	909.7565975579637	1	0	tensor(3, device='cuda:0')	2.288000184178297
82200.0	3000.0	709.7565975579656	0.0	0	684.5225490848243	909.7565975579637	1	0	tensor(3, device='cuda:0')	2.288000184178297
83200.0	3000.0	709.7565975579713	0.0	0	732.5834151173185	909.7565975579637	1	0	tensor(3, device='cuda:0')	2.288000184178297
84200.0	3000.0	709.7565975579632	0.0	0	695.4594488521834	909.7565975579637	1	0	tensor(3, device='cuda:0')	2.288000184178297
85200.0	3000.0	709.7565975579579	0.0	0	638.2459466695582	909.7565975579637	1	0	tensor(3, device='cuda:0')	2.288000184178297
86200.0	3000.0	709.756597557957	0.0	0	492.81012073402235	909.7565975579491	1	0	tensor(3, device='cuda:0')	2.2880001841782973
87200.0	3000.0	709.7565975579585	0.0	0	655.9866600485693	909.7565975579637	1	0	tensor(3, device='cuda:0')	2.288000184178297
88200.0	3000.0	709.7565975579435	0.0	0	671.6587456273555	909.7565975579491	1	0	tensor(3, device='cuda:0')	2.2880001841782973
89200.0	3000.0	709.7565975579364	0.0	0	708.4123811364261	909.7565975579346	1	0	tensor(3, device='cuda:0')	2.2880001841782978
90200.0	3000.0	709.7565975579365	0.0	0	729.4949378082965	909.75659755792	1	0	tensor(3, device='cuda:0')	2.2880001841782978
91200.0	3000.0	709.7565975579403	0.0	0	628.6436996027478	909.7565975579346	1	0	tensor(3, device='cuda:0')	2.2880001841782978
92200.0	3000.0	709.7565975579465	0.0	0	729.1842753605015	909.7565975579346	1	0	tensor(3, device='cuda:0')	2.2880001841782978
93200.0	3000.0	709.7565975579356	0.0	0	705.2461704125308	909.7565975579346	1	0	tensor(3, device='cuda:0')	2.2880001841782978
94200.0	3000.0	709.7565975579419	0.0	0	702.6854676184885	909.75659755792	1	0	tensor(3, device='cuda:0')	2.2880001841782978
95200.0	3000.0	709.7565975579562	0.0	0	748.2009054033551	909.75659755792	1	0	tensor(3, device='cuda:0')	2.2880001841782978
96200.0	3000.0	709.7565975579583	0.0	0	783.2331682301301	909.75659755792	1	0	tensor(3, device='cuda:0')	2.2880001841782978
97200.0	3000.0	709.756597557955	0.0	0	567.9761781786219	909.7565975579346	1	0	tensor(3, device='cuda:0')	2.2880001841782978
98200.0	3000.0	709.75659755796	0.0	0	705.645952549472	909.7565975579346	1	0	tensor(3, device='cuda:0')	2.2880001841782978
99200.0	3000.0	709.7565975579603	0.0	0	734.0755989918107	909.7565975579346	1	0	tensor(3, device='cuda:0')	2.2880001841782978
100200.0	3000.0	709.7565975579655	0.0	0	768.6461620952032	909.7565975579346	1	0	tensor(3, device='cuda:0')	2.2880001841782978
101200.0	3000.0	709.756597557966	0.0	0	737.9279661050969	909.7565975579346	1	0	tensor(3, device='cuda:0')	2.2880001841782978
102200.0	3000.0	709.7565975579803	0.0	0	533.6187333112612	909.7565975579346	1	0	tensor(3, device='cuda:0')	2.2880001841782978
103200.0	3000.0	709.756597557988	0.0	0	670.8125673930917	909.7565975579346	1	0	tensor(3, device='cuda:0')	2.2880001841782978
104200.0	3000.0	709.7565975579822	0.0	0	684.0008147355838	909.7565975579346	1	0	tensor(3, device='cuda:0')	2.2880001841782978
105200.0	3000.0	709.7565975579864	0.0	0	650.2987206892285	909.75659755792	1	0	tensor(3, device='cuda:0')	2.2880001841782978
106200.0	3000.0	709.7565975579846	0.0	0	661.6596619154298	909.75659755792	1	0	tensor(3, device='cuda:0')	2.2880001841782978
107200.0	3000.0	709.7565975579892	0.0	0	781.6414676991699	909.7565975579346	1	0	tensor(3, device='cuda:0')	2.2880001841782978
108200.0	3000.0	709.7565975580031	0.0	0	738.1705228883802	909.7565975579346	1	0	tensor(3, device='cuda:0')	2.2880001841782978
109200.0	3000.0	709.7565975579965	0.0	0	719.7503235596232	909.7565975579346	1	0	tensor(3, device='cuda:0')	2.2880001841782978
110200.0	3000.0	709.7565975579794	0.0	0	641.3570698149852	909.7565975579346	1	0	tensor(3, device='cuda:0')	2.2880001841782978
111200.0	3000.0	709.7565975579807	0.0	0	514.7958491493337	909.7565975579346	1	0	tensor(3, device='cuda:0')	2.2880001841782978
112200.0	3000.0	709.7565975579752	0.0	0	642.3094188030664	909.7565975579346	1	0	tensor(3, device='cuda:0')	2.2880001841782978
113200.0	3000.0	709.7565975579763	0.0	0	419.94881680130493	909.7565975579346	1	0	tensor(3, device='cuda:0')	2.2880001841782978
114200.0	3000.0	709.7565975579781	0.0	0	346.0030275043973	909.7565975579346	1	0	tensor(3, device='cuda:0')	2.2880001841782978
115200.0	3000.0	709.7565975579665	0.0	0	709.240055018905	909.7565975579346	1	0	tensor(3, device='cuda:0')	2.2880001841782978
116200.0	3000.0	709.7565975579633	0.0	0	776.9723932295601	909.7565975579346	1	0	tensor(3, device='cuda:0')	2.2880001841782978
117200.0	3000.0	709.7565975579582	0.0	0	599.3281202252983	909.7565975579346	1	0	tensor(3, device='cuda:0')	2.2880001841782978
118200.0	3000.0	709.7565975579636	0.0	0	621.8605026917649	909.7565975579491	1	0	tensor(3, device='cuda:0')	2.2880001841782973
119200.0	3000.0	709.7565975579504	0.0	0	661.5840527325781	909.7565975579491	1	0	tensor(3, device='cuda:0')	2.2880001841782973
120200.0	3000.0	709.7565975579508	0.0	0	700.1659599272534	909.7565975579346	1	0	tensor(3, device='cuda:0')	2.2880001841782978
121200.0	3000.0	709.75659755795	0.0	0	769.9228026678029	909.75659755792	1	0	tensor(3, device='cuda:0')	2.2880001841782978
122200.0	3000.0	709.7565975579429	0.0	0	563.9117004130676	909.7565975579055	1	0	tensor(3, device='cuda:0')	2.288000184178298
123200.0	3000.0	709.7565975579332	0.0	0	725.5700070380117	909.7565975579055	1	0	tensor(3, device='cuda:0')	2.288000184178298
124200.0	3000.0	709.7565975579474	0.0	0	588.2142808001663	909.75659755792	1	0	tensor(3, device='cuda:0')	2.2880001841782978
125200.0	3000.0	709.7565975579336	0.0	0	659.0207336813182	909.75659755792	1	0	tensor(3, device='cuda:0')	2.2880001841782978
126200.0	3000.0	709.756597557937	0.0	0	664.0099734105461	909.75659755792	1	0	tensor(3, device='cuda:0')	2.2880001841782978
127200.0	3000.0	709.7565975579394	0.0	0	484.1204704991396	909.75659755792	1	0	tensor(3, device='cuda:0')	2.2880001841782978
128200.0	3000.0	709.7565975579495	0.0	0	627.1052119933447	909.75659755792	1	0	tensor(3, device='cuda:0')	2.2880001841782978
129200.0	3000.0	709.7565975579469	0.0	0	506.33358098774625	909.75659755792	1	0	tensor(3, device='cuda:0')	2.2880001841782978
130200.0	3000.0	709.7565975579433	0.0	0	646.3716936475248	909.75659755792	1	0	tensor(3, device='cuda:0')	2.2880001841782978
131200.0	3000.0	709.7565975579435	0.0	0	800.9171128818998	909.75659755792	1	0	tensor(3, device='cuda:0')	2.2880001841782978
132200.0	3000.0	709.756597557933	0.0	0	822.0809458039585	909.75659755792	1	0	tensor(3, device='cuda:0')	2.288000184178298
133200.0	3000.0	709.756597557922	0.0	0	756.2880484658235	909.75659755792	1	0	tensor(3, device='cuda:0')	2.2880001841782978
134200.0	3000.0	709.756597557916	0.0	0	653.855901475792	909.75659755792	1	0	tensor(3, device='cuda:0')	2.2880001841782978
135200.0	3000.0	709.7565975579298	0.0	0	722.9698693566606	909.75659755792	1	0	tensor(3, device='cuda:0')	2.2880001841782978
136200.0	3000.0	709.7565975579278	0.0	0	615.7430293397629	909.75659755792	1	0	tensor(3, device='cuda:0')	2.2880001841782978
137200.0	3000.0	709.7565975579239	0.0	0	767.1419316662941	909.7565975578909	1	0	tensor(3, device='cuda:0')	2.2880001841782986
138200.0	3000.0	709.7565975579247	0.0	0	680.9452851806709	909.75659755792	1	0	tensor(3, device='cuda:0')	2.2880001841782978
139200.0	3000.0	709.7565975579421	0.0	0	778.8448739815503	909.75659755792	1	0	tensor(3, device='cuda:0')	2.2880001841782978
140200.0	3000.0	709.756597557936	0.0	0	543.3912907731719	909.75659755792	1	0	tensor(3, device='cuda:0')	2.2880001841782978
141200.0	3000.0	709.7565975579472	0.0	0	683.1358715368842	909.75659755792	1	0	tensor(3, device='cuda:0')	2.2880001841782978
142200.0	3000.0	709.7565975579648	0.0	0	809.9371038723621	909.75659755792	1	0	tensor(3, device='cuda:0')	2.2880001841782978
143200.0	3000.0	709.7565975579429	0.0	0	736.3781739881379	909.7565975578909	1	0	tensor(3, device='cuda:0')	2.2880001841782986
144200.0	3000.0	709.7565975579234	0.0	0	637.2129947079811	909.7565975578618	1	0	tensor(3, device='cuda:0')	2.2880001841782995
145200.0	3000.0	709.7565975578858	0.0	0	449.664977280685	909.7565975578618	1	0	tensor(3, device='cuda:0')	2.2880001841782995
146200.0	3000.0	709.7565975579115	0.0	0	538.6591007336392	909.7565975578618	1	0	tensor(3, device='cuda:0')	2.2880001841782995
147200.0	3000.0	709.7565975579269	0.0	0	472.6655802906607	909.7565975578618	1	0	tensor(3, device='cuda:0')	2.2880001841782995
148200.0	3000.0	709.7565975579397	0.0	0	641.9232314809342	909.7565975578618	1	0	tensor(3, device='cuda:0')	2.2880001841782995
149200.0	3000.0	709.7565975579208	0.0	0	677.4730253957678	909.7565975578618	1	0	tensor(3, device='cuda:0')	2.2880001841782995
150200.0	3000.0	709.7565975579139	0.0	0	651.7646578085551	909.7565975578618	1	0	tensor(3, device='cuda:0')	2.2880001841782995
151200.0	3000.0	709.756597557941	0.0	0	454.28509989232407	909.7565975578618	1	0	tensor(3, device='cuda:0')	2.2880001841782995
152200.0	3000.0	709.756597557935	0.0	0	519.5818995045265	909.7565975578618	1	0	tensor(3, device='cuda:0')	2.2880001841782995
153200.0	3000.0	709.7565975579389	0.0	0	619.7899142249662	909.7565975578618	1	0	tensor(3, device='cuda:0')	2.2880001841782995
154200.0	3000.0	709.7565975579458	0.0	0	707.6692417539307	909.7565975578909	1	0	tensor(3, device='cuda:0')	2.2880001841782986
155200.0	3000.0	709.7565975579457	0.0	0	692.2080096732534	909.7565975578909	1	0	tensor(3, device='cuda:0')	2.2880001841782986
156200.0	3000.0	709.756597557945	0.0	0	748.9745068651973	909.75659755792	1	0	tensor(3, device='cuda:0')	2.2880001841782978
157200.0	3000.0	709.7565975579708	0.0	0	779.4454794669582	909.75659755792	1	0	tensor(3, device='cuda:0')	2.2880001841782978
158200.0	3000.0	709.7565975579548	0.0	0	561.4050335936772	909.75659755792	1	0	tensor(3, device='cuda:0')	2.2880001841782978
159200.0	3000.0	709.7565975579578	0.0	0	684.3861188202864	909.7565975579491	1	0	tensor(3, device='cuda:0')	2.2880001841782973
160200.0	3000.0	709.7565975580113	0.0	0	595.4366994372685	909.7565975579491	1	0	tensor(3, device='cuda:0')	2.2880001841782973
161200.0	3000.0	709.7565975580253	0.0	0	654.6228570338571	909.7565975579491	1	0	tensor(3, device='cuda:0')	2.2880001841782973
162200.0	3000.0	709.756597557984	0.0	0	741.3458647078369	909.75659755792	1	0	tensor(3, device='cuda:0')	2.2880001841782978
163200.0	3000.0	709.7565975579822	0.0	0	684.2082441375533	909.75659755792	1	0	tensor(3, device='cuda:0')	2.2880001841782978
164200.0	3000.0	709.756597558013	0.0	0	768.594271563401	909.75659755792	1	0	tensor(3, device='cuda:0')	2.2880001841782978
165200.0	3000.0	709.7565975580274	0.0	0	624.1002622763917	909.75659755792	1	0	tensor(3, device='cuda:0')	2.2880001841782978
166200.0	3000.0	709.7565975580501	0.0	0	693.9965444851841	909.75659755792	1	0	tensor(3, device='cuda:0')	2.2880001841782978
167200.0	3000.0	709.7565975580385	0.0	0	609.5537948167766	909.75659755792	1	0	tensor(3, device='cuda:0')	2.2880001841782978
168200.0	3000.0	709.7565975580401	0.0	0	530.1327083286305	909.75659755792	1	0	tensor(3, device='cuda:0')	2.2880001841782978
169200.0	3000.0	709.7565975580536	0.0	0	629.1893920783477	909.75659755792	1	0	tensor(3, device='cuda:0')	2.2880001841782978
170200.0	3000.0	709.7565975580278	0.0	0	256.77941117828595	909.75659755792	1	0	tensor(3, device='cuda:0')	2.2880001841782978
171200.0	3000.0	709.7565975580208	0.0	0	563.142554306367	909.75659755792	1	0	tensor(3, device='cuda:0')	2.2880001841782978
172200.0	3000.0	709.7565975580367	0.0	0	538.8467266002845	909.7565975579491	1	0	tensor(3, device='cuda:0')	2.2880001841782973
173200.0	3000.0	709.75659755806	0.0	0	678.9096827300673	909.7565975579491	1	0	tensor(3, device='cuda:0')	2.2880001841782973
174200.0	3000.0	709.7565975580625	0.0	0	708.5612774497131	909.7565975579782	1	0	tensor(3, device='cuda:0')	2.2880001841782964
175200.0	3000.0	709.756597558092	0.0	0	559.9046195700939	909.7565975579782	1	0	tensor(3, device='cuda:0')	2.2880001841782964
176200.0	3000.0	709.7565975580519	0.0	0	497.49752543572686	909.7565975579491	1	0	tensor(3, device='cuda:0')	2.2880001841782973
177200.0	3000.0	709.7565975580255	0.0	0	558.1213476119156	909.7565975579491	1	0	tensor(3, device='cuda:0')	2.2880001841782973
178200.0	3000.0	709.7565975580118	0.0	0	756.4119380994234	909.7565975579491	1	0	tensor(3, device='cuda:0')	2.2880001841782973
179200.0	3000.0	709.7565975580095	0.0	0	508.4510036065185	909.7565975579491	1	0	tensor(3, device='cuda:0')	2.2880001841782973
180200.0	3000.0	709.7565975580367	0.0	0	501.84109712499776	909.7565975579782	1	0	tensor(3, device='cuda:0')	2.2880001841782964
181200.0	3000.0	709.7565975580306	0.0	0	659.5674155414454	909.7565975579491	1	0	tensor(3, device='cuda:0')	2.2880001841782973
182200.0	3000.0	709.7565975580638	0.0	0	681.5556226178596	909.7565975579782	1	0	tensor(3, device='cuda:0')	2.2880001841782964
183200.0	3000.0	709.7565975580708	0.0	0	731.0970922392444	909.7565975579782	1	0	tensor(3, device='cuda:0')	2.2880001841782964
184200.0	3000.0	709.7565975580826	0.0	0	756.0617485803086	909.7565975580073	1	0	tensor(3, device='cuda:0')	2.2880001841782955
185200.0	3000.0	709.7565975580749	0.0	0	662.565332246566	909.7565975580073	1	0	tensor(3, device='cuda:0')	2.2880001841782955
186200.0	3000.0	709.7565975581094	0.0	0	668.6572263892158	909.7565975580364	1	0	tensor(3, device='cuda:0')	2.288000184178295
187200.0	3000.0	709.7565975581208	0.0	0	733.2416203121538	909.7565975580364	1	0	tensor(3, device='cuda:0')	2.288000184178295
188200.0	3000.0	709.7565975581338	0.0	0	639.1551360629965	909.7565975580364	1	0	tensor(3, device='cuda:0')	2.288000184178295
189200.0	3000.0	709.7565975581684	0.0	0	464.728130410047	909.7565975580364	1	0	tensor(3, device='cuda:0')	2.288000184178295
190200.0	3000.0	709.7565975581821	0.0	0	545.8442645610194	909.7565975580364	1	0	tensor(3, device='cuda:0')	2.288000184178295
191200.0	3000.0	709.7565975581877	0.0	0	738.817632996157	909.7565975580364	1	0	tensor(3, device='cuda:0')	2.288000184178295
192200.0	3000.0	709.7565975581747	0.0	0	639.5334513203998	909.7565975580364	1	0	tensor(3, device='cuda:0')	2.288000184178295
193200.0	3000.0	709.7565975581322	0.0	0	398.97589762110147	909.7565975580364	1	0	tensor(3, device='cuda:0')	2.288000184178295
194200.0	3000.0	709.7565975581468	0.0	0	538.4811861710041	909.7565975580364	1	0	tensor(3, device='cuda:0')	2.288000184178295
195200.0	3000.0	709.7565975581524	0.0	0	624.2705035102263	909.7565975580073	1	0	tensor(3, device='cuda:0')	2.2880001841782955
196200.0	3000.0	709.7565975581633	0.0	0	607.6692929376441	909.7565975580073	1	0	tensor(3, device='cuda:0')	2.2880001841782955
197200.0	3000.0	709.7565975581819	0.0	0	660.8843732921523	909.7565975580073	1	0	tensor(3, device='cuda:0')	2.2880001841782955
198200.0	3000.0	709.756597558169	0.0	0	562.9080527886108	909.7565975580073	1	0	tensor(3, device='cuda:0')	2.2880001841782955
199200.0	3000.0	709.756597558188	0.0	0	714.7401116848923	909.7565975580364	1	0	tensor(3, device='cuda:0')	2.288000184178295
200200.0	3000.0	709.7565975581875	0.0	0	715.3624362235132	909.7565975580364	1	0	tensor(3, device='cuda:0')	2.288000184178295
201200.0	3000.0	709.7565975582105	0.0	0	760.856531670026	909.7565975580364	1	0	tensor(3, device='cuda:0')	2.288000184178295
202200.0	3000.0	709.7565975582233	0.0	0	776.4951107759553	909.7565975580364	1	0	tensor(3, device='cuda:0')	2.288000184178295
203200.0	3000.0	709.7565975582354	0.0	0	688.5868292541709	909.7565975580364	1	0	tensor(3, device='cuda:0')	2.288000184178295
204200.0	3000.0	709.7565975582066	0.0	0	629.9505719531153	909.7565975580073	1	0	tensor(3, device='cuda:0')	2.2880001841782955
205200.0	3000.0	709.7565975582124	0.0	0	700.5874424416688	909.7565975580073	1	0	tensor(3, device='cuda:0')	2.2880001841782955
206200.0	3000.0	709.7565975582519	0.0	0	557.8547621930193	909.7565975580073	1	0	tensor(3, device='cuda:0')	2.2880001841782955
207200.0	3000.0	709.7565975582446	0.0	0	550.0213019974472	909.7565975580073	1	0	tensor(3, device='cuda:0')	2.2880001841782955
208200.0	3000.0	709.7565975582493	0.0	0	639.9668430421443	909.7565975580073	1	0	tensor(3, device='cuda:0')	2.2880001841782955
209200.0	3000.0	709.7565975582481	0.0	0	657.4143574589689	909.7565975580073	1	0	tensor(3, device='cuda:0')	2.2880001841782955
210200.0	3000.0	709.7565975582407	0.0	0	640.5898887096846	909.7565975580073	1	0	tensor(3, device='cuda:0')	2.2880001841782955
211200.0	3000.0	709.7565975582239	0.0	0	764.5366654887621	909.7565975580073	1	0	tensor(3, device='cuda:0')	2.2880001841782955
212200.0	3000.0	709.7565975582087	0.0	0	696.1233454163303	909.7565975580073	1	0	tensor(3, device='cuda:0')	2.2880001841782955
213200.0	3000.0	709.756597558256	0.0	0	529.8352258400992	909.7565975580073	1	0	tensor(3, device='cuda:0')	2.2880001841782955
214200.0	3000.0	709.7565975582643	0.0	0	567.1053059900878	909.7565975580073	1	0	tensor(3, device='cuda:0')	2.2880001841782955
215200.0	3000.0	709.7565975582681	0.0	0	538.3171540239127	909.7565975580073	1	0	tensor(3, device='cuda:0')	2.2880001841782955
216200.0	3000.0	709.7565975582485	0.0	0	579.2101452472562	909.7565975580073	1	0	tensor(3, device='cuda:0')	2.2880001841782955
217200.0	3000.0	709.756597558259	0.0	0	713.6354524049384	909.7565975580073	1	0	tensor(3, device='cuda:0')	2.2880001841782955
218200.0	3000.0	709.7565975582526	0.0	0	613.1209474282805	909.7565975580073	1	0	tensor(3, device='cuda:0')	2.2880001841782955
219200.0	3000.0	709.7565975582177	0.0	0	333.2884717491979	909.7565975580073	1	0	tensor(3, device='cuda:0')	2.2880001841782955
220200.0	3000.0	709.7565975582553	0.0	0	574.2943894710043	909.7565975580073	1	0	tensor(3, device='cuda:0')	2.2880001841782955
221200.0	3000.0	709.7565975582779	0.0	0	424.1622087309952	909.7565975580073	1	0	tensor(3, device='cuda:0')	2.2880001841782955
222200.0	3000.0	709.7565975582899	0.0	0	497.7337236001331	909.7565975580073	1	0	tensor(3, device='cuda:0')	2.2880001841782955
223200.0	3000.0	709.7565975582825	0.0	0	631.2076544041047	909.7565975580073	1	0	tensor(3, device='cuda:0')	2.2880001841782955
224200.0	3000.0	709.756597558316	0.0	0	663.0231238638225	909.7565975580364	1	0	tensor(3, device='cuda:0')	2.288000184178295
225200.0	3000.0	709.7565975583612	0.0	0	489.7529168774199	909.7565975580364	1	0	tensor(3, device='cuda:0')	2.288000184178295
226200.0	3000.0	709.7565975583714	0.0	0	255.40391448294395	909.7565975580073	1	0	tensor(3, device='cuda:0')	2.2880001841782955
227200.0	3000.0	709.7565975583562	0.0	0	322.9817622946575	909.7565975580073	1	0	tensor(3, device='cuda:0')	2.2880001841782955
228200.0	3000.0	709.7565975583507	0.0	0	362.37829327132204	909.7565975580073	1	0	tensor(3, device='cuda:0')	2.2880001841782955
229200.0	3000.0	709.7565975583318	0.0	0	629.851385160553	909.7565975580073	1	0	tensor(3, device='cuda:0')	2.2880001841782955
230200.0	3000.0	709.7565975583453	0.0	0	567.3802193173615	909.7565975579782	1	0	tensor(3, device='cuda:0')	2.2880001841782964
231200.0	3000.0	709.7565975583683	0.0	0	539.5560785707494	909.7565975579782	1	0	tensor(3, device='cuda:0')	2.2880001841782964
232200.0	3000.0	709.7565975583759	0.0	0	649.2387794023962	909.7565975579782	1	0	tensor(3, device='cuda:0')	2.2880001841782964
233200.0	3000.0	709.7565975583664	0.0	0	694.0798309088568	909.7565975579782	1	0	tensor(3, device='cuda:0')	2.2880001841782964
234200.0	3000.0	709.756597558341	0.0	0	680.8717700162961	909.7565975579491	1	0	tensor(3, device='cuda:0')	2.2880001841782973
235200.0	3000.0	709.7565975583506	0.0	0	574.2212494383857	909.7565975579491	1	0	tensor(3, device='cuda:0')	2.2880001841782973
236200.0	3000.0	709.7565975583705	0.0	0	379.82608353268006	909.7565975579491	1	0	tensor(3, device='cuda:0')	2.2880001841782973
237200.0	3000.0	709.7565975583758	0.0	0	707.4088828163804	909.7565975579491	1	0	tensor(3, device='cuda:0')	2.2880001841782973
238200.0	3000.0	709.7565975583946	0.0	0	695.621510448429	909.7565975579491	1	0	tensor(3, device='cuda:0')	2.2880001841782973
239200.0	3000.0	709.7565975584128	0.0	0	700.5506150624133	909.7565975579491	1	0	tensor(3, device='cuda:0')	2.2880001841782973
240200.0	3000.0	709.7565975584085	0.0	0	757.6456476688618	909.7565975579491	1	0	tensor(3, device='cuda:0')	2.2880001841782973
241200.0	3000.0	709.7565975584232	0.0	0	724.8730962773552	909.75659755792	1	0	tensor(3, device='cuda:0')	2.2880001841782978
242200.0	3000.0	709.7565975584025	0.0	0	699.5245005667675	909.75659755792	1	0	tensor(3, device='cuda:0')	2.2880001841782978
243200.0	3000.0	709.7565975584356	0.0	0	599.6263460099581	909.75659755792	1	0	tensor(3, device='cuda:0')	2.2880001841782978
244200.0	3000.0	709.7565975584405	0.0	0	724.2236282078957	909.75659755792	1	0	tensor(3, device='cuda:0')	2.2880001841782978
245200.0	3000.0	709.7565975584239	0.0	0	766.045741519396	909.7565975578909	1	0	tensor(3, device='cuda:0')	2.2880001841782986
246200.0	3000.0	709.7565975584115	0.0	0	536.6876851195702	909.7565975578618	1	0	tensor(3, device='cuda:0')	2.2880001841782995
247200.0	3000.0	709.7565975583968	0.0	0	636.8826180392643	909.7565975578618	1	0	tensor(3, device='cuda:0')	2.2880001841782995
248200.0	3000.0	709.7565975584035	0.0	0	691.9429081728158	909.7565975578618	1	0	tensor(3, device='cuda:0')	2.2880001841782995
249200.0	3000.0	709.7565975584125	0.0	0	653.5543623017729	909.7565975578618	1	0	tensor(3, device='cuda:0')	2.2880001841782995
250200.0	3000.0	709.7565975584273	0.0	0	612.4789315507805	909.7565975578618	1	0	tensor(3, device='cuda:0')	2.2880001841782995
251200.0	3000.0	709.7565975584066	0.0	0	566.2170502335357	909.7565975578618	1	0	tensor(3, device='cuda:0')	2.2880001841782995
252200.0	3000.0	709.7565975584369	0.0	0	696.8119612287264	909.7565975578909	1	0	tensor(3, device='cuda:0')	2.2880001841782986
253200.0	3000.0	709.7565975584322	0.0	0	709.7945347951609	909.7565975578909	1	0	tensor(3, device='cuda:0')	2.2880001841782986
254200.0	3000.0	709.7565975584456	0.0	0	740.0345490930777	909.7565975578909	1	0	tensor(3, device='cuda:0')	2.2880001841782986
255200.0	3000.0	709.7565975584635	0.0	0	733.0640181238996	909.7565975578909	1	0	tensor(3, device='cuda:0')	2.2880001841782986
256200.0	3000.0	709.7565975584611	0.0	0	560.8754928904818	909.7565975578909	1	0	tensor(3, device='cuda:0')	2.2880001841782986
257200.0	3000.0	709.7565975584803	0.0	0	685.4970814638946	909.7565975578909	1	0	tensor(3, device='cuda:0')	2.2880001841782986
258200.0	3000.0	709.7565975584968	0.0	0	632.4014360406436	909.7565975578909	1	0	tensor(3, device='cuda:0')	2.2880001841782986
259200.0	3000.0	709.7565975584653	0.0	0	701.1806906268466	909.7565975578618	1	0	tensor(3, device='cuda:0')	2.2880001841782995
260200.0	3000.0	709.7565975584279	0.0	0	658.1022692191182	909.7565975578618	1	0	tensor(3, device='cuda:0')	2.2880001841782995
261200.0	3000.0	709.7565975584467	0.0	0	664.7115969100851	909.7565975578618	1	0	tensor(3, device='cuda:0')	2.2880001841782995
262200.0	3000.0	709.7565975584464	0.0	0	510.3570378051081	909.7565975578618	1	0	tensor(3, device='cuda:0')	2.2880001841782995
263200.0	3000.0	709.7565975584091	0.0	0	649.3229005927569	909.7565975578036	1	0	tensor(3, device='cuda:0')	2.2880001841783004
264200.0	3000.0	709.7565975584243	0.0	0	602.4146988029825	909.7565975578036	1	0	tensor(3, device='cuda:0')	2.288000184178301
265200.0	3000.0	709.7565975584807	0.0	0	654.1219925878686	909.7565975577454	1	0	tensor(3, device='cuda:0')	2.288000184178302
266200.0	3000.0	709.7565975585093	0.0	0	668.2759119388065	909.7565975577454	1	0	tensor(3, device='cuda:0')	2.288000184178302
267200.0	3000.0	709.7565975585385	0.0	0	719.5425800569355	909.7565975577454	1	0	tensor(3, device='cuda:0')	2.288000184178302
268200.0	3000.0	709.7565975585524	0.0	0	642.1626229116227	909.7565975578036	1	0	tensor(3, device='cuda:0')	2.288000184178301
269200.0	3000.0	709.7565975585418	0.0	0	804.4681432304787	909.7565975578036	1	0	tensor(3, device='cuda:0')	2.288000184178301
270200.0	3000.0	709.756597558502	0.0	0	768.2567699028295	909.7565975578036	1	0	tensor(3, device='cuda:0')	2.288000184178301
271200.0	3000.0	709.7565975584739	0.0	0	783.7550108099822	909.7565975578036	1	0	tensor(3, device='cuda:0')	2.288000184178301
272200.0	3000.0	709.7565975584981	0.0	0	801.8376299243537	909.7565975578618	1	0	tensor(3, device='cuda:0')	2.2880001841782995
273200.0	3000.0	709.7565975584433	0.0	0	799.747864526289	909.7565975578036	1	0	tensor(3, device='cuda:0')	2.288000184178301
274200.0	3000.0	709.7565975584916	0.0	0	804.6280627028318	909.7565975578036	1	0	tensor(3, device='cuda:0')	2.288000184178301
275200.0	3000.0	709.7565975584869	0.0	0	711.7894950608024	909.7565975577454	1	0	tensor(3, device='cuda:0')	2.288000184178302
276200.0	3000.0	709.7565975584298	0.0	0	736.7922388284933	909.7565975577454	1	0	tensor(3, device='cuda:0')	2.288000184178302
277200.0	3000.0	709.7565975584363	0.0	0	743.8431126741343	909.7565975578036	1	0	tensor(3, device='cuda:0')	2.288000184178301
278200.0	3000.0	709.7565975583867	0.0	0	713.9949862195062	909.7565975578036	1	0	tensor(3, device='cuda:0')	2.288000184178301
279200.0	3000.0	709.7565975584281	0.0	0	702.1544571002596	909.7565975578618	1	0	tensor(3, device='cuda:0')	2.2880001841782995
280200.0	3000.0	709.7565975584331	0.0	0	686.5381356604048	909.7565975578618	1	0	tensor(3, device='cuda:0')	2.2880001841782995
281200.0	3000.0	709.7565975584317	0.0	0	647.8677692792844	909.7565975578036	1	0	tensor(3, device='cuda:0')	2.288000184178301
282200.0	3000.0	709.756597558423	0.0	0	610.6633347175084	909.7565975578036	1	0	tensor(3, device='cuda:0')	2.288000184178301
283200.0	3000.0	709.7565975584263	0.0	0	638.3577342882636	909.7565975578036	1	0	tensor(3, device='cuda:0')	2.288000184178301
284200.0	3000.0	709.7565975584173	0.0	0	585.5939067812869	909.7565975578036	1	0	tensor(3, device='cuda:0')	2.288000184178301
285200.0	3000.0	709.7565975584338	0.0	0	505.9785608983948	909.7565975578036	1	0	tensor(3, device='cuda:0')	2.288000184178301
286200.0	3000.0	709.7565975583673	0.0	0	583.9944245921797	909.7565975578036	1	0	tensor(3, device='cuda:0')	2.288000184178301
287200.0	3000.0	709.756597558374	0.0	0	605.4958004211076	909.7565975578036	1	0	tensor(3, device='cuda:0')	2.288000184178301
288200.0	3000.0	709.7565975583535	0.0	0	637.2524951914675	909.7565975578036	1	0	tensor(3, device='cuda:0')	2.288000184178301
289200.0	3000.0	709.7565975583309	0.0	0	654.2364702872583	909.7565975578618	1	0	tensor(3, device='cuda:0')	2.2880001841782995
290200.0	3000.0	709.7565975583597	0.0	0	595.739385003224	909.7565975578618	1	0	tensor(3, device='cuda:0')	2.2880001841782995
291200.0	3000.0	709.756597558404	0.0	0	357.3824854393606	909.7565975578618	1	0	tensor(3, device='cuda:0')	2.2880001841782995
292200.0	3000.0	709.7565975583859	0.0	0	431.5665615097969	909.7565975578618	1	0	tensor(3, device='cuda:0')	2.2880001841782995
293200.0	3000.0	709.7565975584279	0.0	0	372.7200622879318	909.7565975578036	1	0	tensor(3, device='cuda:0')	2.288000184178301
294200.0	3000.0	709.756597558375	0.0	0	692.7237238428206	909.7565975578036	1	0	tensor(3, device='cuda:0')	2.288000184178301
295200.0	3000.0	709.756597558363	0.0	0	735.83024654974	909.7565975578036	1	0	tensor(3, device='cuda:0')	2.288000184178301
296200.0	3000.0	709.7565975583409	0.0	0	550.8145463473047	909.7565975578036	1	0	tensor(3, device='cuda:0')	2.288000184178301
297200.0	3000.0	709.7565975583377	0.0	0	704.6047685092781	909.7565975578036	1	0	tensor(3, device='cuda:0')	2.288000184178301
298200.0	3000.0	709.7565975582959	0.0	0	800.7841167231672	909.7565975578036	1	0	tensor(3, device='cuda:0')	2.288000184178301
299200.0	3000.0	709.7565975582461	0.0	0	809.9599939338514	909.7565975578036	1	0	tensor(3, device='cuda:0')	2.288000184178301
300200.0	3000.0	709.7565975582343	0.0	0	778.289962611103	909.7565975578036	1	0	tensor(3, device='cuda:0')	2.288000184178301
7.71	6.87	6.19	12.6	11.2	12.8	7.77	7.62	14.0	18.8	11.6	8.88	10.8	14.7	8.73	11.4	10.4	10.5	11.3	11.9	7.99	8.55	9.09	13.6	9.55	10.0	12.4	11.2	12.6	13.3	5.73	6.29	10.4	16.8	14.3	13.2	19.7	13.7	6.92	10.9	8.68	8.17	11.7	14.5	15.5	15.5	9.74	7.73	9.93	6.38	10.4	16.9	14.1	10.6	8.8	12.6	8.49	11.5	8.7	9.45	7.11	11.5	14.6	9.53	7.3	8.92	8.44	15.0	10.8	8.0	11.9	14.3	10.2	8.33	6.15	8.34	9.74	12.6	11.6	14.1	6.97	11.3	12.4	10.7	13.1	12.4	8.35	9.75	14.4	10.4	12.0	8.73	7.68	13.8	12.3	12.9	13.0	16.0	16.4	9.95	8.72	7.19	6.45	6.23	11.3	13.5	9.36	11.2	13.1	15.7	10.1	7.19	11.0	6.57	6.88	12.6	6.63	7.47	7.8	12.8	19.7	18.8	13.4	10.8	9.06	10.0	12.5	13.9	11.4	8.65	14.7	14.9	12.5	9.14	5.68	5.6	7.83	10.9	5.99	9.51	7.0	6.93	10.6	10.5	11.0	16.7	16.2	7.68	11.6	9.9	11.6	15.0	12.3	14.2	10.1	7.8	11.2	8.71	6.49	5.24	7.62	7.74	8.63	12.1	9.11	4.67	9.5	10.7	5.0	7.32	11.3	9.6	11.1	13.4	11.3	10.5	10.6	10.3	6.97	9.3	11.2	9.44	6.45	10.0	9.89	9.79	11.1	7.61	9.45	9.63	13.7	11.2	9.07	9.42	12.4	7.53	8.39	13.1	9.67	10.9	12.5	11.2	8.65	5.94	8.77	9.15	9.56	6.41	4.99	7.75	7.05	6.32	7.89	7.54	7.32	5.11	5.99	5.26	7.4	7.81	9.13	9.23	9.28	10.9	4.44	7.39	10.4	14.8	12.4	13.7	11.4	10.6	10.4	11.4	16.7	7.34	12.6	13.0	11.1	6.36	7.11	9.15	12.8	15.9	7.23	9.3	12.5	11.4	12.2	10.1	8.34	8.5	8.54	8.33	8.24	10.2	8.63	11.8	14.9	18.4	21.0	14.1	13.7	18.8	13.9	13.3	16.7	14.8	10.9	12.2	9.86	7.26	8.99	6.58	4.58	7.84	9.01	12.9	10.8	5.61	5.64	6.73	6.31	9.05	10.8	8.58	11.0	16.5	13.0	13.3	12.5
88.0	89.0	90.0	91.0	92.0	93.0	94.0	95.0	96.0	97.0	98.0	99.0	100.0	101.0	102.0	103.0	104.0	105.0	106.0	107.0	108.0	109.0	110.0	111.0	112.0	113.0	114.0	115.0	116.0	117.0	118.0	119.0	120.0	121.0	122.0	123.0	124.0	125.0	126.0	127.0	128.0	129.0	130.0	131.0	132.0	133.0	134.0	135.0	136.0	137.0	138.0	139.0	140.0	141.0	142.0	143.0	144.0	145.0	146.0	147.0	148.0	149.0	150.0	151.0	152.0	153.0	154.0	155.0	156.0	157.0	158.0	159.0	160.0	161.0	162.0	163.0	164.0	165.0	166.0	167.0	168.0	169.0	170.0	171.0	172.0	173.0	174.0	175.0	176.0	177.0	178.0	179.0	180.0	181.0	182.0	183.0	184.0	185.0	186.0	187.0	188.0	189.0	190.0	191.0	192.0	193.0	194.0	195.0	196.0	197.0	198.0	199.0	200.0	201.0	202.0	203.0	204.0	205.0	206.0	207.0	208.0	209.0	210.0	211.0	212.0	213.0	214.0	215.0	216.0	217.0	218.0	219.0	220.0	221.0	222.0	223.0	224.0	225.0	226.0	227.0	228.0	229.0	230.0	231.0	232.0	233.0	234.0	235.0	236.0	237.0	238.0	239.0	240.0	241.0	242.0	243.0	244.0	245.0	246.0	247.0	248.0	249.0	250.0	251.0	252.0	253.0	254.0	255.0	256.0	257.0	258.0	259.0	260.0	261.0	262.0	263.0	264.0	265.0	266.0	267.0	268.0	269.0	270.0	271.0	272.0	273.0	274.0	275.0	276.0	277.0	278.0	279.0	280.0	281.0	282.0	283.0	284.0	285.0	286.0	287.0	288.0	289.0	290.0	291.0	292.0	293.0	294.0	295.0	296.0	297.0	298.0	299.0	300.0	301.0	302.0	303.0	304.0	305.0	306.0	307.0	308.0	309.0	310.0	311.0	312.0	313.0	314.0	315.0	316.0	317.0	318.0	319.0	320.0	321.0	322.0	323.0	324.0	325.0	326.0	327.0	328.0	329.0	330.0	331.0	332.0	333.0	334.0	335.0	336.0	337.0	338.0	339.0	340.0	341.0	342.0	343.0	344.0	345.0	346.0	347.0	348.0	349.0	350.0	351.0	352.0	353.0	354.0	355.0	356.0	357.0	358.0	359.0	360.0	361.0	362.0	363.0	364.0	365.0	366.0	367.0	368.0	369.0	370.0	371.0	372.0	373.0	374.0	375.0	376.0	377.0	378.0
10312.0
