2200.0	3000.0	1517.6018899909639	411.6488041127901	0	482.39811000903615	1717.6018899909639	0	0	tensor(3, device='cuda:0')	-2.5096260598040163
3200.0	3000.0	1878.5915330787816	360.98964308781797	0	527.5691061704415	2078.5915330787816	1	0	tensor(3, device='cuda:0')	0.07124783440369142
4200.0	3000.0	1878.5915330787816	0.0	0	669.9843753995233	2078.5915330787816	1	0	tensor(3, device='cuda:0')	2.2347626495883843
5200.0	3000.0	1628.5915330787816	0.0	0	546.4114297636816	1828.591533078782	1	0	tensor(5, device='cuda:0')	1.2453994559915325
6200.0	3000.0	1378.5915330787825	0.0	0	728.28419288855	1578.5915330787848	1	0	tensor(5, device='cuda:0')	1.7599212005758056
7200.0	3000.0	1128.591533078782	0.0	0	628.0213041682473	1328.5915330787848	1	0	tensor(5, device='cuda:0')	1.7714263081822772
8200.0	3000.0	1128.5915330787816	0.0	0	238.41325177071758	1328.5915330787848	1	0	tensor(3, device='cuda:0')	1.7753863931275653
9200.0	3000.0	1128.5915330787825	0.0	0	366.72708739601876	1328.5915330787866	1	0	tensor(3, device='cuda:0')	2.2753863931275653
10200.0	3000.0	1128.5915330787843	0.0	0	670.9764077437358	1328.5915330787866	1	0	tensor(3, device='cuda:0')	2.2753863931275653
11200.0	3000.0	1128.591533078783	0.0	0	471.6981283811674	1328.5915330787866	1	0	tensor(3, device='cuda:0')	2.2753863931275653
12200.0	3000.0	1128.5915330787836	0.0	0	221.38777245886922	1328.5915330787866	1	0	tensor(3, device='cuda:0')	2.2753863931275653
13200.0	3000.0	1128.5915330787834	0.0	0	211.998305062054	1328.5915330787848	1	0	tensor(3, device='cuda:0')	2.2753863931275653
14200.0	3000.0	1128.5915330787836	0.0	0	519.666937678443	1328.5915330787848	1	0	tensor(3, device='cuda:0')	2.2753863931275653
15200.0	3000.0	1128.5915330787834	0.0	0	667.5349187609336	1328.591533078783	1	0	tensor(3, device='cuda:0')	2.2753863931275653
16200.0	3000.0	1128.5915330787814	0.0	0	680.8006454725619	1328.591533078783	1	0	tensor(3, device='cuda:0')	2.2753863931275653
17200.0	3000.0	1128.591533078784	0.0	0	649.2139886834739	1328.5915330787848	1	0	tensor(3, device='cuda:0')	2.2753863931275653
18200.0	3000.0	1128.591533078783	0.0	0	632.0396833737068	1328.591533078783	1	0	tensor(3, device='cuda:0')	2.2753863931275653
19200.0	3000.0	1128.5915330787811	0.0	0	692.599642374942	1328.591533078783	1	0	tensor(3, device='cuda:0')	2.2753863931275653
20200.0	3000.0	1128.5915330787805	0.0	0	462.73033406889226	1328.591533078783	1	0	tensor(3, device='cuda:0')	2.2753863931275653
21200.0	3000.0	1128.591533078781	0.0	0	436.08338155394085	1328.591533078783	1	0	tensor(3, device='cuda:0')	2.2753863931275653
22200.0	3000.0	1128.59153307878	0.0	0	606.1722485408136	1328.591533078783	1	0	tensor(3, device='cuda:0')	2.2753863931275653
23200.0	3000.0	1128.5915330787784	0.0	0	418.68684597977335	1328.591533078783	1	0	tensor(3, device='cuda:0')	2.2753863931275653
24200.0	3000.0	1128.5915330787745	0.0	0	494.6520456030594	1328.591533078783	1	0	tensor(3, device='cuda:0')	2.2753863931275653
25200.0	3000.0	1128.5915330787764	0.0	0	668.9911527358709	1328.591533078783	1	0	tensor(3, device='cuda:0')	2.2753863931275653
26200.0	3000.0	1128.5915330787757	0.0	0	707.3447285975853	1328.5915330787866	1	0	tensor(3, device='cuda:0')	2.2753863931275653
27200.0	3000.0	1128.5915330787734	0.0	0	761.0740445174124	1328.5915330787866	1	0	tensor(3, device='cuda:0')	2.2753863931275653
28200.0	3000.0	1128.5915330787727	0.0	0	646.5839081513404	1328.5915330787902	1	0	tensor(3, device='cuda:0')	2.275386393127565
29200.0	3000.0	1128.5915330787734	0.0	0	558.9302106957875	1328.5915330787902	1	0	tensor(3, device='cuda:0')	2.275386393127565
30200.0	3000.0	1128.591533078773	0.0	0	709.3516031744002	1328.5915330787902	1	0	tensor(3, device='cuda:0')	2.275386393127565
31200.0	3000.0	1128.5915330787734	0.0	0	513.5784879637758	1328.5915330787902	1	0	tensor(3, device='cuda:0')	2.275386393127565
32214.031072080164	3000.0	1114.5604609986065	0.0	0	0.0	1328.5915330787902	1	0	tensor(3, device='cuda:0')	2.275386393127565
33200.0	3000.0	1128.5915330787716	0.0	0	471.08748916064724	1328.5915330787902	1	0	tensor(3, device='cuda:0')	2.275386393127565
34200.0	3000.0	1128.5915330787689	0.0	0	342.84336981983506	1328.591533078783	1	0	tensor(3, device='cuda:0')	2.2753863931275653
35200.0	3000.0	1128.5915330787734	0.0	0	597.9862377488171	1328.5915330787902	1	0	tensor(3, device='cuda:0')	2.275386393127565
36200.0	3000.0	1128.5915330787636	0.0	0	520.61505439967	1328.5915330787902	1	0	tensor(3, device='cuda:0')	2.275386393127565
37200.0	3000.0	1128.5915330787582	0.0	0	523.3248699322285	1328.591533078783	1	0	tensor(3, device='cuda:0')	2.2753863931275653
38200.0	3000.0	1128.5915330787593	0.0	0	487.33708573834883	1328.591533078783	1	0	tensor(3, device='cuda:0')	2.2753863931275653
39200.0	3000.0	1128.5915330787575	0.0	0	629.2735271853307	1328.5915330787902	1	0	tensor(3, device='cuda:0')	2.275386393127565
40200.0	3000.0	1128.5915330787493	0.0	0	319.6430715543247	1328.591533078783	1	0	tensor(3, device='cuda:0')	2.2753863931275653
41200.0	3000.0	1128.591533078758	0.0	0	630.0401910070868	1328.591533078783	1	0	tensor(3, device='cuda:0')	2.2753863931275653
42200.0	3000.0	1128.5915330787575	0.0	0	338.9094047435574	1328.5915330787902	1	0	tensor(3, device='cuda:0')	2.275386393127565
43200.0	3000.0	1128.5915330787464	0.0	0	65.68557976682496	1328.5915330787902	1	0	tensor(3, device='cuda:0')	2.275386393127565
44200.0	3000.0	1128.5915330787457	0.0	0	45.73006063546927	1328.5915330787975	1	0	tensor(3, device='cuda:0')	2.275386393127565
45200.0	3000.0	1128.5915330787418	0.0	0	586.2234451621698	1328.5915330787975	1	0	tensor(3, device='cuda:0')	2.275386393127565
46200.0	3000.0	1128.5915330787452	0.0	0	651.4413884316964	1328.5915330787975	1	0	tensor(3, device='cuda:0')	2.275386393127565
47200.0	3000.0	1128.5915330787525	0.0	0	703.3636706291509	1328.5915330787975	1	0	tensor(3, device='cuda:0')	2.275386393127565
48200.0	3000.0	1128.5915330787507	0.0	0	573.8415647561778	1328.5915330787902	1	0	tensor(3, device='cuda:0')	2.275386393127565
49200.0	3000.0	1128.5915330787493	0.0	0	410.7128313303183	1328.5915330787902	1	0	tensor(3, device='cuda:0')	2.275386393127565
50200.0	3000.0	1128.5915330787411	0.0	0	282.57280978095514	1328.5915330787902	1	0	tensor(3, device='cuda:0')	2.275386393127565
51200.0	3000.0	1128.5915330787407	0.0	0	467.9518909552862	1328.5915330787902	1	0	tensor(3, device='cuda:0')	2.275386393127565
52200.0	3000.0	1128.5915330787357	0.0	0	367.60862625621667	1328.5915330787902	1	0	tensor(3, device='cuda:0')	2.275386393127565
53200.0	3000.0	1128.591533078735	0.0	0	296.75851381516986	1328.5915330787902	1	0	tensor(3, device='cuda:0')	2.275386393127565
54200.0	3000.0	1128.5915330787434	0.0	0	552.2347504625432	1328.5915330787902	1	0	tensor(3, device='cuda:0')	2.275386393127565
55200.0	3000.0	1128.591533078736	0.0	0	574.6230064419797	1328.5915330787902	1	0	tensor(3, device='cuda:0')	2.275386393127565
56200.0	3000.0	1128.5915330787386	0.0	0	644.4867029180168	1328.5915330787902	1	0	tensor(3, device='cuda:0')	2.275386393127565
57200.0	3000.0	1128.5915330787404	0.0	0	611.8504053706711	1328.5915330787902	1	0	tensor(3, device='cuda:0')	2.275386393127565
58200.0	3000.0	1128.591533078745	0.0	0	286.0039118123241	1328.5915330787902	1	0	tensor(3, device='cuda:0')	2.275386393127565
59200.0	3000.0	1128.5915330787484	0.0	0	488.8438546320467	1328.5915330787975	1	0	tensor(3, device='cuda:0')	2.275386393127565
60200.0	3000.0	1128.5915330787482	0.0	0	502.17279325728305	1328.5915330787975	1	0	tensor(3, device='cuda:0')	2.275386393127565
61200.0	3000.0	1128.5915330787457	0.0	0	453.3976651816338	1328.5915330787975	1	0	tensor(3, device='cuda:0')	2.275386393127565
62200.0	3000.0	1128.5915330787461	0.0	0	625.3613898355761	1328.5915330787975	1	0	tensor(3, device='cuda:0')	2.275386393127565
63200.0	3000.0	1128.5915330787468	0.0	0	576.0616151859795	1328.5915330787975	1	0	tensor(3, device='cuda:0')	2.275386393127565
64200.0	3000.0	1128.5915330787407	0.0	0	579.4068201078044	1328.5915330787975	1	0	tensor(3, device='cuda:0')	2.275386393127565
65200.0	3000.0	1128.5915330787436	0.0	0	780.4610688684406	1328.5915330787975	1	0	tensor(3, device='cuda:0')	2.275386393127565
66200.0	3000.0	1128.5915330787516	0.0	0	646.7158428332914	1328.5915330787975	1	0	tensor(3, device='cuda:0')	2.275386393127565
67200.0	3000.0	1128.5915330787452	0.0	0	487.51642557383457	1328.5915330787975	1	0	tensor(3, device='cuda:0')	2.275386393127565
68200.0	3000.0	1128.5915330787377	0.0	0	493.96566038271703	1328.591533078812	1	0	tensor(3, device='cuda:0')	2.2753863931275644
69200.0	3000.0	1128.5915330787386	0.0	0	644.9352497116342	1328.591533078812	1	0	tensor(3, device='cuda:0')	2.2753863931275644
70200.0	3000.0	1128.5915330787343	0.0	0	643.9124948655517	1328.5915330787975	1	0	tensor(3, device='cuda:0')	2.275386393127565
71200.0	3000.0	1128.591533078724	0.0	0	410.74865053617395	1328.5915330787975	1	0	tensor(3, device='cuda:0')	2.275386393127565
72200.0	3000.0	1128.5915330787268	0.0	0	401.68381632147066	1328.5915330787975	1	0	tensor(3, device='cuda:0')	2.275386393127565
73200.0	3000.0	1128.591533078724	0.0	0	418.8637077135063	1328.5915330787975	1	0	tensor(3, device='cuda:0')	2.275386393127565
74222.31024075656	3000.0	1106.2812923221695	0.0	0	0.0	1328.5915330787975	1	0	tensor(3, device='cuda:0')	2.275386393127565
75200.0	3000.0	1128.591533078731	0.0	0	517.0249972677266	1328.5915330787975	1	0	tensor(3, device='cuda:0')	2.275386393127565
76200.0	3000.0	1128.5915330787143	0.0	0	627.0441327770823	1328.5915330787975	1	0	tensor(3, device='cuda:0')	2.275386393127565
77200.0	3000.0	1128.5915330787232	0.0	0	736.5543325907784	1328.591533078812	1	0	tensor(3, device='cuda:0')	2.2753863931275644
78200.0	3000.0	1128.591533078723	0.0	0	588.7656907078053	1328.591533078812	1	0	tensor(3, device='cuda:0')	2.2753863931275644
79200.0	3000.0	1128.5915330787159	0.0	0	309.4962855480844	1328.591533078812	1	0	tensor(3, device='cuda:0')	2.2753863931275644
80200.0	3000.0	1128.5915330787248	0.0	0	531.17006693437	1328.591533078812	1	0	tensor(3, device='cuda:0')	2.2753863931275644
81200.0	3000.0	1128.5915330787082	0.0	0	369.02637400702224	1328.591533078812	1	0	tensor(3, device='cuda:0')	2.2753863931275644
82200.0	3000.0	1128.5915330787143	0.0	0	555.0571593031782	1328.591533078812	1	0	tensor(3, device='cuda:0')	2.2753863931275644
83200.0	3000.0	1128.5915330787318	0.0	0	559.8680984390085	1328.5915330788266	1	0	tensor(3, device='cuda:0')	2.2753863931275635
84200.0	3000.0	1128.591533078724	0.0	0	475.5465507681947	1328.591533078812	1	0	tensor(3, device='cuda:0')	2.2753863931275644
85200.0	3000.0	1128.5915330787418	0.0	0	380.14105070891674	1328.591533078812	1	0	tensor(3, device='cuda:0')	2.2753863931275644
86200.0	3000.0	1128.5915330787227	0.0	0	437.60955640014436	1328.591533078812	1	0	tensor(3, device='cuda:0')	2.2753863931275644
87200.0	3000.0	1128.591533078716	0.0	0	431.69528637272015	1328.591533078812	1	0	tensor(3, device='cuda:0')	2.2753863931275644
88200.0	3000.0	1128.591533078701	0.0	0	758.0175857964787	1328.591533078812	1	0	tensor(3, device='cuda:0')	2.2753863931275644
89200.0	3000.0	1128.5915330787172	0.0	0	552.3204803188564	1328.591533078812	1	0	tensor(3, device='cuda:0')	2.2753863931275644
90200.0	3000.0	1128.5915330787277	0.0	0	379.9923911095975	1328.591533078812	1	0	tensor(3, device='cuda:0')	2.2753863931275644
91201.50531261179	3000.0	1127.0862204669481	0.0	0	0.0	1328.591533078812	1	0	tensor(3, device='cuda:0')	2.2753863931275644
92200.0	3000.0	1128.5915330787286	0.0	0	339.5270119220513	1328.591533078812	1	0	tensor(3, device='cuda:0')	2.2753863931275644
93200.0	3000.0	1128.5915330787302	0.0	0	466.9350735487824	1328.5915330788266	1	0	tensor(3, device='cuda:0')	2.2753863931275635
94200.0	3000.0	1128.5915330787225	0.0	0	590.2559458870237	1328.5915330788266	1	0	tensor(3, device='cuda:0')	2.2753863931275635
95200.0	3000.0	1128.5915330787323	0.0	0	697.6739507005987	1328.5915330788266	1	0	tensor(3, device='cuda:0')	2.2753863931275635
96200.0	3000.0	1128.5915330787218	0.0	0	676.0145167588053	1328.5915330788266	1	0	tensor(3, device='cuda:0')	2.2753863931275635
97200.0	3000.0	1128.5915330787068	0.0	0	574.4701124008425	1328.5915330788266	1	0	tensor(3, device='cuda:0')	2.2753863931275635
98200.0	3000.0	1128.5915330787136	0.0	0	737.9128998694068	1328.5915330788266	1	0	tensor(3, device='cuda:0')	2.2753863931275635
99200.0	3000.0	1128.591533078694	0.0	0	523.5810531236493	1328.5915330788266	1	0	tensor(3, device='cuda:0')	2.2753863931275635
100200.0	3000.0	1128.5915330786897	0.0	0	553.9748689994885	1328.5915330788266	1	0	tensor(3, device='cuda:0')	2.2753863931275635
101200.0	3000.0	1128.5915330786984	0.0	0	573.0479189790349	1328.5915330788412	1	0	tensor(3, device='cuda:0')	2.275386393127563
102200.0	3000.0	1128.5915330786981	0.0	0	549.629427393389	1328.5915330788557	1	0	tensor(3, device='cuda:0')	2.2753863931275626
103200.0	3000.0	1128.5915330786988	0.0	0	485.9355400270433	1328.5915330788557	1	0	tensor(3, device='cuda:0')	2.2753863931275626
104200.0	3000.0	1128.591533078715	0.0	0	648.2579045076127	1328.5915330788557	1	0	tensor(3, device='cuda:0')	2.2753863931275626
105200.0	3000.0	1128.591533078694	0.0	0	464.74719840731996	1328.5915330788557	1	0	tensor(3, device='cuda:0')	2.2753863931275626
106200.0	3000.0	1128.5915330786747	0.0	0	442.634413493739	1328.5915330788557	1	0	tensor(3, device='cuda:0')	2.2753863931275626
107200.0	3000.0	1128.59153307868	0.0	0	510.80910227721324	1328.5915330788703	1	0	tensor(3, device='cuda:0')	2.275386393127562
108200.0	3000.0	1128.5915330786802	0.0	0	460.1176533987891	1328.5915330788703	1	0	tensor(3, device='cuda:0')	2.275386393127562
109200.0	3000.0	1128.5915330786795	0.0	0	317.543066054277	1328.5915330788703	1	0	tensor(3, device='cuda:0')	2.275386393127562
110200.58509556857	3000.0	1128.0064375101176	0.0	0	0.0	1328.5915330788703	1	0	tensor(3, device='cuda:0')	2.275386393127562
111200.0	3000.0	1128.5915330786866	0.0	0	433.55261422308104	1328.5915330788557	1	0	tensor(3, device='cuda:0')	2.2753863931275626
112200.0	3000.0	1128.5915330786952	0.0	0	684.7231741303112	1328.5915330788557	1	0	tensor(3, device='cuda:0')	2.2753863931275626
113200.0	3000.0	1128.5915330786845	0.0	0	647.4639351984806	1328.5915330788557	1	0	tensor(3, device='cuda:0')	2.2753863931275626
114200.0	3000.0	1128.5915330786956	0.0	0	657.7400154328934	1328.5915330788703	1	0	tensor(3, device='cuda:0')	2.275386393127562
115200.0	3000.0	1128.5915330787059	0.0	0	427.2341286021401	1328.5915330788703	1	0	tensor(3, device='cuda:0')	2.275386393127562
116200.0	3000.0	1128.5915330787184	0.0	0	531.3254442335747	1328.5915330788703	1	0	tensor(3, device='cuda:0')	2.275386393127562
117200.0	3000.0	1128.5915330787043	0.0	0	654.8314486511663	1328.5915330788703	1	0	tensor(3, device='cuda:0')	2.275386393127562
118200.0	3000.0	1128.5915330787109	0.0	0	587.5760617543856	1328.5915330788557	1	0	tensor(3, device='cuda:0')	2.2753863931275626
119200.0	3000.0	1128.591533078715	0.0	0	383.8706319851044	1328.5915330788557	1	0	tensor(3, device='cuda:0')	2.2753863931275626
120200.0	3000.0	1128.5915330787234	0.0	0	595.3828361882042	1328.5915330788703	1	0	tensor(3, device='cuda:0')	2.275386393127562
121200.0	3000.0	1128.5915330787195	0.0	0	587.1881838427507	1328.5915330788703	1	0	tensor(3, device='cuda:0')	2.275386393127562
122200.0	3000.0	1128.5915330787075	0.0	0	291.6993722175539	1328.5915330788703	1	0	tensor(3, device='cuda:0')	2.275386393127562
123200.0	3000.0	1128.5915330787038	0.0	0	383.3844256130251	1328.5915330788703	1	0	tensor(3, device='cuda:0')	2.275386393127562
124200.0	3000.0	1128.591533078707	0.0	0	371.2134532897471	1328.5915330788848	1	0	tensor(3, device='cuda:0')	2.2753863931275617
125200.0	3000.0	1128.5915330787213	0.0	0	229.2234280862467	1328.5915330788848	1	0	tensor(3, device='cuda:0')	2.2753863931275617
126200.0	3000.0	1128.5915330787357	0.0	0	610.4451608826494	1328.5915330788848	1	0	tensor(3, device='cuda:0')	2.2753863931275617
127200.0	3000.0	1128.5915330787284	0.0	0	575.3514610363491	1328.5915330788848	1	0	tensor(3, device='cuda:0')	2.2753863931275617
128200.0	3000.0	1128.5915330787197	0.0	0	602.4323552069982	1328.5915330788848	1	0	tensor(3, device='cuda:0')	2.2753863931275617
129200.0	3000.0	1128.591533078724	0.0	0	270.869532149678	1328.5915330788848	1	0	tensor(3, device='cuda:0')	2.2753863931275617
130200.0	3000.0	1128.5915330787218	0.0	0	485.65551389612665	1328.5915330788848	1	0	tensor(3, device='cuda:0')	2.2753863931275617
131200.0	3000.0	1128.5915330787286	0.0	0	436.1139830089087	1328.5915330788703	1	0	tensor(3, device='cuda:0')	2.275386393127562
132200.0	3000.0	1128.591533078761	0.0	0	639.9369321466656	1328.5915330788994	1	0	tensor(3, device='cuda:0')	2.2753863931275617
133200.0	3000.0	1128.5915330787498	0.0	0	503.90441264532274	1328.5915330788994	1	0	tensor(3, device='cuda:0')	2.2753863931275613
134200.0	3000.0	1128.5915330787625	0.0	0	467.1029203417129	1328.5915330788994	1	0	tensor(3, device='cuda:0')	2.2753863931275613
135200.0	3000.0	1128.5915330787752	0.0	0	565.7672334809613	1328.5915330788994	1	0	tensor(3, device='cuda:0')	2.2753863931275613
136200.0	3000.0	1128.5915330787786	0.0	0	622.2055871888588	1328.5915330789285	1	0	tensor(3, device='cuda:0')	2.27538639312756
137200.0	3000.0	1128.5915330788057	0.0	0	691.9843287525291	1328.5915330789576	1	0	tensor(3, device='cuda:0')	2.275386393127559
138200.0	3000.0	1128.591533078796	0.0	0	650.7079770009441	1328.5915330789285	1	0	tensor(3, device='cuda:0')	2.27538639312756
139200.0	3000.0	1128.5915330787836	0.0	0	502.25016410509124	1328.5915330789285	1	0	tensor(3, device='cuda:0')	2.27538639312756
140200.0	3000.0	1128.5915330787784	0.0	0	608.9109309575288	1328.5915330789285	1	0	tensor(3, device='cuda:0')	2.27538639312756
141200.0	3000.0	1128.5915330787989	0.0	0	533.1696349013946	1328.5915330789285	1	0	tensor(3, device='cuda:0')	2.27538639312756
142200.0	3000.0	1128.591533078795	0.0	0	662.1409311521857	1328.5915330789285	1	0	tensor(3, device='cuda:0')	2.27538639312756
143200.0	3000.0	1128.5915330787882	0.0	0	686.7304350620252	1328.5915330788994	1	0	tensor(3, device='cuda:0')	2.2753863931275613
144200.0	3000.0	1128.5915330787893	0.0	0	645.6223591720045	1328.5915330788994	1	0	tensor(3, device='cuda:0')	2.2753863931275613
145200.0	3000.0	1128.5915330787723	0.0	0	745.3419579239271	1328.5915330788703	1	0	tensor(3, device='cuda:0')	2.275386393127562
146200.0	3000.0	1128.5915330787702	0.0	0	562.9344112076215	1328.5915330788703	1	0	tensor(3, device='cuda:0')	2.275386393127562
147200.0	3000.0	1128.591533078784	0.0	0	720.2539082349394	1328.5915330788703	1	0	tensor(3, device='cuda:0')	2.275386393127562
148200.0	3000.0	1128.5915330787966	0.0	0	647.0016312286316	1328.5915330788703	1	0	tensor(3, device='cuda:0')	2.275386393127562
149200.0	3000.0	1128.5915330787714	0.0	0	564.4065107816714	1328.5915330788412	1	0	tensor(3, device='cuda:0')	2.275386393127563
150200.0	3000.0	1128.5915330787657	0.0	0	465.3706116513058	1328.591533078812	1	0	tensor(3, device='cuda:0')	2.2753863931275644
151200.0	3000.0	1128.5915330787925	0.0	0	322.5956028669025	1328.591533078812	1	0	tensor(3, device='cuda:0')	2.2753863931275644
152200.0	3000.0	1128.591533078823	0.0	0	545.061423046398	1328.5915330788412	1	0	tensor(3, device='cuda:0')	2.275386393127563
153200.0	3000.0	1128.591533078816	0.0	0	633.3435049404798	1328.591533078812	1	0	tensor(3, device='cuda:0')	2.2753863931275644
154200.0	3000.0	1128.5915330787861	0.0	0	67.16265362856211	1328.591533078812	1	0	tensor(3, device='cuda:0')	2.2753863931275644
155200.0	3000.0	1128.591533078801	0.0	0	227.89239211424137	1328.591533078812	1	0	tensor(3, device='cuda:0')	2.2753863931275644
156200.0	3000.0	1128.591533078813	0.0	0	571.5611030378204	1328.591533078812	1	0	tensor(3, device='cuda:0')	2.2753863931275644
157200.0	3000.0	1128.5915330788407	0.0	0	345.2374212521827	1328.591533078812	1	0	tensor(3, device='cuda:0')	2.2753863931275644
158200.0	3000.0	1128.5915330788253	0.0	0	418.63055250956677	1328.591533078783	1	0	tensor(3, device='cuda:0')	2.2753863931275653
159200.0	3000.0	1128.591533078839	0.0	0	494.98864256881643	1328.591533078783	1	0	tensor(3, device='cuda:0')	2.2753863931275653
160200.0	3000.0	1128.591533078847	0.0	0	539.9288771850988	1328.591533078812	1	0	tensor(3, device='cuda:0')	2.2753863931275644
161200.0	3000.0	1128.5915330788478	0.0	0	523.2889159330225	1328.591533078783	1	0	tensor(3, device='cuda:0')	2.2753863931275653
162200.0	3000.0	1128.5915330788343	0.0	0	557.1417643062014	1328.591533078783	1	0	tensor(3, device='cuda:0')	2.2753863931275653
163200.0	3000.0	1128.5915330788173	0.0	0	414.12757076110574	1328.591533078783	1	0	tensor(3, device='cuda:0')	2.2753863931275653
164200.0	3000.0	1128.5915330788323	0.0	0	410.68520447509945	1328.591533078812	1	0	tensor(3, device='cuda:0')	2.2753863931275644
165200.0	3000.0	1128.5915330788239	0.0	0	89.15034005287453	1328.591533078812	1	0	tensor(3, device='cuda:0')	2.2753863931275644
166200.0	3000.0	1128.5915330788234	0.0	0	532.4808173484635	1328.591533078812	1	0	tensor(3, device='cuda:0')	2.2753863931275644
167200.0	3000.0	1128.5915330788105	0.0	0	499.96120120069827	1328.591533078812	1	0	tensor(3, device='cuda:0')	2.2753863931275644
168200.0	3000.0	1128.591533078787	0.0	0	314.2392381526588	1328.591533078812	1	0	tensor(3, device='cuda:0')	2.2753863931275644
169200.0	3000.0	1128.59153307878	0.0	0	518.7303969369677	1328.591533078812	1	0	tensor(3, device='cuda:0')	2.2753863931275644
170200.0	3000.0	1128.5915330787616	0.0	0	576.1596357471135	1328.591533078812	1	0	tensor(3, device='cuda:0')	2.2753863931275644
171200.0	3000.0	1128.5915330787561	0.0	0	659.5467546936998	1328.591533078812	1	0	tensor(3, device='cuda:0')	2.2753863931275644
172200.0	3000.0	1128.5915330787413	0.0	0	399.6087316244666	1328.591533078812	1	0	tensor(3, device='cuda:0')	2.2753863931275644
173200.0	3000.0	1128.5915330786968	0.0	0	651.2521207511891	1328.591533078783	1	0	tensor(3, device='cuda:0')	2.2753863931275653
174200.0	3000.0	1128.5915330786956	0.0	0	619.1491963159351	1328.591533078812	1	0	tensor(3, device='cuda:0')	2.2753863931275644
175200.0	3000.0	1128.5915330786777	0.0	0	456.1705738847377	1328.591533078812	1	0	tensor(3, device='cuda:0')	2.2753863931275644
176200.0	3000.0	1128.5915330786568	0.0	0	614.494879333768	1328.591533078812	1	0	tensor(3, device='cuda:0')	2.2753863931275644
177200.0	3000.0	1128.591533078666	0.0	0	602.2291415037762	1328.591533078812	1	0	tensor(3, device='cuda:0')	2.2753863931275644
178200.0	3000.0	1128.591533078647	0.0	0	673.2548378491192	1328.591533078783	1	0	tensor(3, device='cuda:0')	2.2753863931275653
179200.0	3000.0	1128.591533078651	0.0	0	566.74066730286	1328.591533078783	1	0	tensor(3, device='cuda:0')	2.2753863931275653
180200.0	3000.0	1128.591533078673	0.0	0	59.401239660714054	1328.591533078783	1	0	tensor(3, device='cuda:0')	2.2753863931275653
181200.0	3000.0	1128.5915330786436	0.0	0	189.07156900267	1328.591533078783	1	0	tensor(3, device='cuda:0')	2.2753863931275653
182200.0	3000.0	1128.5915330786415	0.0	0	205.9550837390707	1328.5915330787539	1	0	tensor(3, device='cuda:0')	2.275386393127566
183200.0	3000.0	1128.5915330786304	0.0	0	529.3371666904713	1328.5915330787539	1	0	tensor(3, device='cuda:0')	2.275386393127566
184200.0	3000.0	1128.5915330786152	0.0	0	623.251385120675	1328.591533078783	1	0	tensor(3, device='cuda:0')	2.2753863931275653
185200.0	3000.0	1128.5915330786304	0.0	0	303.3355323805881	1328.591533078783	1	0	tensor(3, device='cuda:0')	2.2753863931275653
186200.0	3000.0	1128.591533078615	0.0	0	452.6674908736022	1328.5915330787539	1	0	tensor(3, device='cuda:0')	2.275386393127566
187200.0	3000.0	1128.5915330786206	0.0	0	719.5392535544815	1328.5915330787248	1	0	tensor(3, device='cuda:0')	2.2753863931275675
188200.0	3000.0	1128.591533078635	0.0	0	560.9009264070191	1328.5915330787539	1	0	tensor(3, device='cuda:0')	2.275386393127566
189200.0	3000.0	1128.591533078625	0.0	0	521.6184762261109	1328.5915330787248	1	0	tensor(3, device='cuda:0')	2.2753863931275675
190200.0	3000.0	1128.5915330786095	0.0	0	541.0235957750992	1328.5915330787248	1	0	tensor(3, device='cuda:0')	2.2753863931275675
191200.0	3000.0	1128.5915330786054	0.0	0	451.0988776789454	1328.5915330787248	1	0	tensor(3, device='cuda:0')	2.2753863931275675
192200.0	3000.0	1128.5915330785901	0.0	0	394.53954416769557	1328.5915330786956	1	0	tensor(3, device='cuda:0')	2.275386393127569
193244.92722931015	3000.0	1083.6643037684303	0.0	0	0.0	1328.5915330786665	1	0	tensor(3, device='cuda:0')	2.2753863931275697
194200.0	3000.0	1128.5915330785942	0.0	0	410.6310141236754	1328.5915330786665	1	0	tensor(3, device='cuda:0')	2.2753863931275697
195200.0	3000.0	1128.591533078581	0.0	0	576.2839039477694	1328.5915330786665	1	0	tensor(3, device='cuda:0')	2.2753863931275697
196200.0	3000.0	1128.5915330786067	0.0	0	168.78035834155162	1328.5915330786665	1	0	tensor(3, device='cuda:0')	2.2753863931275697
197200.0	3000.0	1128.591533078625	0.0	0	426.4828955694975	1328.5915330786665	1	0	tensor(3, device='cuda:0')	2.2753863931275697
198200.0	3000.0	1128.5915330786256	0.0	0	479.8294996821787	1328.5915330786665	1	0	tensor(3, device='cuda:0')	2.2753863931275697
199200.0	3000.0	1128.5915330786306	0.0	0	642.7165139583522	1328.5915330786665	1	0	tensor(3, device='cuda:0')	2.2753863931275697
200200.0	3000.0	1128.5915330786313	0.0	0	621.0669428396213	1328.5915330786665	1	0	tensor(3, device='cuda:0')	2.2753863931275697
201200.0	3000.0	1128.591533078648	0.0	0	408.01062157037086	1328.5915330786665	1	0	tensor(3, device='cuda:0')	2.2753863931275697
202200.0	3000.0	1128.591533078657	0.0	0	519.0538436177303	1328.5915330786665	1	0	tensor(3, device='cuda:0')	2.2753863931275697
203200.0	3000.0	1128.59153307868	0.0	0	460.36254994611954	1328.5915330786665	1	0	tensor(3, device='cuda:0')	2.2753863931275697
204200.0	3000.0	1128.5915330786825	0.0	0	281.9334601595765	1328.5915330786665	1	0	tensor(3, device='cuda:0')	2.2753863931275697
205200.0	3000.0	1128.5915330786725	0.0	0	394.3703379628423	1328.5915330786665	1	0	tensor(3, device='cuda:0')	2.2753863931275697
206200.0	3000.0	1128.5915330786804	0.0	0	559.0862539273221	1328.5915330786956	1	0	tensor(3, device='cuda:0')	2.275386393127569
207200.0	3000.0	1128.5915330787209	0.0	0	535.10937115259	1328.5915330786956	1	0	tensor(3, device='cuda:0')	2.275386393127569
208200.0	3000.0	1128.5915330786868	0.0	0	665.2447178633302	1328.5915330786956	1	0	tensor(3, device='cuda:0')	2.275386393127569
209200.0	3000.0	1128.591533078672	0.0	0	377.20613878100994	1328.5915330787248	1	0	tensor(3, device='cuda:0')	2.2753863931275675
210225.1037259497	3000.0	1103.4878071289684	0.0	0	0.0	1328.5915330787248	1	0	tensor(3, device='cuda:0')	2.2753863931275675
211200.0	3000.0	1128.5915330786831	0.0	0	577.6416020814213	1328.5915330787248	1	0	tensor(3, device='cuda:0')	2.2753863931275675
212200.0	3000.0	1128.591533078701	0.0	0	624.5003574448929	1328.5915330787248	1	0	tensor(3, device='cuda:0')	2.2753863931275675
213200.0	3000.0	1128.5915330786872	0.0	0	212.32665923953755	1328.5915330787248	1	0	tensor(3, device='cuda:0')	2.2753863931275675
214200.0	3000.0	1128.5915330786654	0.0	0	518.5661911066563	1328.5915330786956	1	0	tensor(3, device='cuda:0')	2.275386393127569
215200.0	3000.0	1128.591533078673	0.0	0	607.6716901794134	1328.5915330786956	1	0	tensor(3, device='cuda:0')	2.275386393127569
216200.0	3000.0	1128.5915330786952	0.0	0	33.096920573792886	1328.5915330786956	1	0	tensor(3, device='cuda:0')	2.275386393127569
217200.0	3000.0	1128.591533078693	0.0	0	199.60723810462514	1328.5915330786956	1	0	tensor(3, device='cuda:0')	2.275386393127569
218200.0	3000.0	1128.5915330786977	0.0	0	534.6013979700801	1328.5915330786956	1	0	tensor(3, device='cuda:0')	2.275386393127569
219200.0	3000.0	1128.5915330786688	0.0	0	625.776906494255	1328.5915330786956	1	0	tensor(3, device='cuda:0')	2.275386393127569
220200.0	3000.0	1128.591533078652	0.0	0	488.93676697128103	1328.5915330786956	1	0	tensor(3, device='cuda:0')	2.275386393127569
221200.0	3000.0	1128.5915330786656	0.0	0	330.7218199603958	1328.5915330786956	1	0	tensor(3, device='cuda:0')	2.275386393127569
222200.0	3000.0	1128.5915330786893	0.0	0	506.5968072969699	1328.5915330786956	1	0	tensor(3, device='cuda:0')	2.275386393127569
223200.0	3000.0	1128.5915330787109	0.0	0	482.6312579474179	1328.5915330786956	1	0	tensor(3, device='cuda:0')	2.275386393127569
224200.0	3000.0	1128.5915330786859	0.0	0	394.065825464495	1328.5915330786956	1	0	tensor(3, device='cuda:0')	2.275386393127569
225200.0	3000.0	1128.5915330787032	0.0	0	492.8418517910177	1328.5915330786956	1	0	tensor(3, device='cuda:0')	2.275386393127569
226200.0	3000.0	1128.5915330787184	0.0	0	217.36740040610312	1328.5915330787248	1	0	tensor(3, device='cuda:0')	2.2753863931275675
227200.0	3000.0	1128.5915330787445	0.0	0	551.192671697354	1328.5915330787248	1	0	tensor(3, device='cuda:0')	2.2753863931275675
228200.0	3000.0	1128.5915330787432	0.0	0	529.874836560979	1328.5915330787248	1	0	tensor(3, device='cuda:0')	2.2753863931275675
229200.0	3000.0	1128.5915330787448	0.0	0	572.3903686308186	1328.5915330787248	1	0	tensor(3, device='cuda:0')	2.2753863931275675
230200.0	3000.0	1128.5915330787482	0.0	0	611.0691181046132	1328.5915330787248	1	0	tensor(3, device='cuda:0')	2.2753863931275675
231200.0	3000.0	1128.5915330787318	0.0	0	391.85030981127056	1328.5915330787248	1	0	tensor(3, device='cuda:0')	2.2753863931275675
232200.0	3000.0	1128.591533078744	0.0	0	644.1822932228097	1328.5915330787248	1	0	tensor(3, device='cuda:0')	2.2753863931275675
233200.0	3000.0	1128.5915330786993	0.0	0	630.4719090296421	1328.5915330786956	1	0	tensor(3, device='cuda:0')	2.275386393127569
234200.0	3000.0	1128.5915330786993	0.0	0	181.21616809786065	1328.5915330786956	1	0	tensor(3, device='cuda:0')	2.275386393127569
235200.0	3000.0	1128.5915330787102	0.0	0	545.9305088184483	1328.5915330786956	1	0	tensor(3, device='cuda:0')	2.275386393127569
236200.0	3000.0	1128.5915330786765	0.0	0	359.1896405010193	1328.5915330786665	1	0	tensor(3, device='cuda:0')	2.2753863931275697
237200.0	3000.0	1128.591533078627	0.0	0	379.39751811311	1328.5915330786374	1	0	tensor(3, device='cuda:0')	2.2753863931275706
238200.0	3000.0	1128.591533078644	0.0	0	303.3489855500811	1328.5915330786374	1	0	tensor(3, device='cuda:0')	2.2753863931275706
239200.0	3000.0	1128.5915330786468	0.0	0	646.6242890523863	1328.5915330786665	1	0	tensor(3, device='cuda:0')	2.2753863931275697
240200.0	3000.0	1128.5915330786397	0.0	0	667.3195994428243	1328.5915330786665	1	0	tensor(3, device='cuda:0')	2.2753863931275697
241200.0	3000.0	1128.5915330786545	0.0	0	503.9744904806721	1328.5915330786374	1	0	tensor(3, device='cuda:0')	2.2753863931275706
242200.0	3000.0	1128.5915330786358	0.0	0	536.9142478386057	1328.5915330786083	1	0	tensor(3, device='cuda:0')	2.2753863931275715
243200.0	3000.0	1128.5915330786086	0.0	0	488.3356614339282	1328.5915330786083	1	0	tensor(3, device='cuda:0')	2.2753863931275715
244200.0	3000.0	1128.5915330786302	0.0	0	272.54436112372787	1328.5915330786374	1	0	tensor(3, device='cuda:0')	2.2753863931275706
245200.0	3000.0	1128.5915330786388	0.0	0	234.2992399278737	1328.5915330786374	1	0	tensor(3, device='cuda:0')	2.2753863931275706
246200.0	3000.0	1128.5915330786468	0.0	0	198.05978954501916	1328.5915330786374	1	0	tensor(3, device='cuda:0')	2.2753863931275706
247200.0	3000.0	1128.5915330786759	0.0	0	221.6420863844396	1328.5915330786374	1	0	tensor(3, device='cuda:0')	2.2753863931275706
248200.0	3000.0	1128.591533078693	0.0	0	96.93720894725993	1328.5915330786083	1	0	tensor(3, device='cuda:0')	2.2753863931275715
249200.0	3000.0	1128.5915330787043	0.0	0	530.5087267606286	1328.5915330786083	1	0	tensor(3, device='cuda:0')	2.2753863931275715
250200.0	3000.0	1128.5915330787207	0.0	0	390.1626372242463	1328.5915330786083	1	0	tensor(3, device='cuda:0')	2.2753863931275715
251200.0	3000.0	1128.5915330787461	0.0	0	223.70688488168526	1328.5915330786083	1	0	tensor(3, device='cuda:0')	2.2753863931275715
252200.0	3000.0	1128.5915330787193	0.0	0	446.3136480197718	1328.5915330786083	1	0	tensor(3, device='cuda:0')	2.2753863931275715
253200.0	3000.0	1128.591533078731	0.0	0	431.89974931799225	1328.5915330786083	1	0	tensor(3, device='cuda:0')	2.2753863931275715
254200.0	3000.0	1128.5915330787288	0.0	0	518.0767705303442	1328.5915330786083	1	0	tensor(3, device='cuda:0')	2.2753863931275715
255200.0	3000.0	1128.5915330786966	0.0	0	360.6856418380339	1328.5915330785792	1	0	tensor(3, device='cuda:0')	2.275386393127573
256200.0	3000.0	1128.591533078679	0.0	0	453.07822938033496	1328.5915330785792	1	0	tensor(3, device='cuda:0')	2.275386393127573
257200.0	3000.0	1128.5915330786452	0.0	0	408.64760522014694	1328.5915330785501	1	0	tensor(3, device='cuda:0')	2.2753863931275737
258200.0	3000.0	1128.5915330786247	0.0	0	574.6696140461718	1328.591533078521	1	0	tensor(3, device='cuda:0')	2.275386393127575
259200.0	3000.0	1128.5915330786022	0.0	0	615.6329986900673	1328.591533078521	1	0	tensor(3, device='cuda:0')	2.275386393127575
260200.0	3000.0	1128.5915330785979	0.0	0	421.9467934186687	1328.591533078521	1	0	tensor(3, device='cuda:0')	2.275386393127575
261200.0	3000.0	1128.5915330786327	0.0	0	390.84414069596096	1328.591533078521	1	0	tensor(3, device='cuda:0')	2.275386393127575
262200.0	3000.0	1128.5915330785838	0.0	0	365.66203900033724	1328.591533078521	1	0	tensor(3, device='cuda:0')	2.275386393127575
263200.0	3000.0	1128.591533078593	0.0	0	626.8396177033428	1328.591533078492	1	0	tensor(3, device='cuda:0')	2.2753863931275755
264200.0	3000.0	1128.5915330786647	0.0	0	232.38535583071643	1328.591533078521	1	0	tensor(3, device='cuda:0')	2.275386393127575
265200.0	3000.0	1128.5915330787034	0.0	0	485.2192889029393	1328.591533078521	1	0	tensor(3, device='cuda:0')	2.275386393127575
266200.0	3000.0	1128.59153307865	0.0	0	574.9024410037091	1328.5915330784628	1	0	tensor(3, device='cuda:0')	2.2753863931275773
267200.0	3000.0	1128.5915330786515	0.0	0	130.84972044220194	1328.5915330784628	1	0	tensor(3, device='cuda:0')	2.2753863931275773
268200.0	3000.0	1128.5915330786459	0.0	0	624.0464833346196	1328.5915330784628	1	0	tensor(3, device='cuda:0')	2.2753863931275773
269200.0	3000.0	1128.5915330786258	0.0	0	689.1619598371908	1328.5915330784628	1	0	tensor(3, device='cuda:0')	2.2753863931275773
270200.0	3000.0	1128.5915330786256	0.0	0	608.0609133415273	1328.591533078521	1	0	tensor(3, device='cuda:0')	2.275386393127575
271200.0	3000.0	1128.5915330785747	0.0	0	537.7884257521364	1328.5915330784628	1	0	tensor(3, device='cuda:0')	2.2753863931275773
272200.0	3000.0	1128.59153307858	0.0	0	517.0477268514223	1328.5915330784628	1	0	tensor(3, device='cuda:0')	2.2753863931275773
273200.0	3000.0	1128.5915330786083	0.0	0	586.711626202974	1328.591533078521	1	0	tensor(3, device='cuda:0')	2.275386393127575
274200.0	3000.0	1128.591533078591	0.0	0	301.08055331360083	1328.591533078521	1	0	tensor(3, device='cuda:0')	2.275386393127575
275200.0	3000.0	1128.5915330786347	0.0	0	460.32571741734864	1328.5915330785792	1	0	tensor(3, device='cuda:0')	2.275386393127573
276200.0	3000.0	1128.5915330786484	0.0	0	667.40914705256	1328.591533078521	1	0	tensor(3, device='cuda:0')	2.275386393127575
277200.0	3000.0	1128.591533078629	0.0	0	34.08570736134425	1328.591533078521	1	0	tensor(3, device='cuda:0')	2.275386393127575
278200.0	3000.0	1128.591533078616	0.0	0	390.1263044536463	1328.5915330785792	1	0	tensor(3, device='cuda:0')	2.275386393127573
279200.0	3000.0	1128.5915330786288	0.0	0	557.516597882146	1328.5915330785792	1	0	tensor(3, device='cuda:0')	2.275386393127573
280256.4937255437	3000.0	1072.0978075349637	0.0	0	0.0	1328.5915330785792	1	0	tensor(3, device='cuda:0')	2.275386393127573
281200.0	3000.0	1128.5915330786686	0.0	0	356.41910618089605	1328.5915330785792	1	0	tensor(3, device='cuda:0')	2.275386393127573
282200.0	3000.0	1128.5915330786665	0.0	0	443.3300941878697	1328.5915330786374	1	0	tensor(3, device='cuda:0')	2.2753863931275706
283200.0	3000.0	1128.5915330786202	0.0	0	344.57057605171576	1328.5915330785792	1	0	tensor(3, device='cuda:0')	2.275386393127573
284200.0	3000.0	1128.5915330786265	0.0	0	382.0492602469167	1328.591533078521	1	0	tensor(3, device='cuda:0')	2.275386393127575
285200.0	3000.0	1128.5915330785933	0.0	0	678.0198695674189	1328.591533078521	1	0	tensor(3, device='cuda:0')	2.275386393127575
286200.0	3000.0	1128.5915330786365	0.0	0	424.78234415722545	1328.591533078521	1	0	tensor(3, device='cuda:0')	2.275386393127575
287200.0	3000.0	1128.5915330786609	0.0	0	283.7407275705482	1328.591533078521	1	0	tensor(3, device='cuda:0')	2.275386393127575
288200.0	3000.0	1128.591533078647	0.0	0	388.05588133836864	1328.591533078521	1	0	tensor(3, device='cuda:0')	2.275386393127575
289200.0	3000.0	1128.5915330786104	0.0	0	455.80826247431105	1328.591533078521	1	0	tensor(3, device='cuda:0')	2.275386393127575
290200.0	3000.0	1128.591533078532	0.0	0	365.42564633098664	1328.591533078521	1	0	tensor(3, device='cuda:0')	2.275386393127575
291200.0	3000.0	1128.5915330784849	0.0	0	529.9800777728087	1328.591533078521	1	0	tensor(3, device='cuda:0')	2.275386393127575
292200.0	3000.0	1128.5915330784735	0.0	0	276.0422065507155	1328.591533078521	1	0	tensor(3, device='cuda:0')	2.275386393127575
293200.0	3000.0	1128.5915330785347	0.0	0	609.312334215967	1328.5915330785792	1	0	tensor(3, device='cuda:0')	2.275386393127573
294200.0	3000.0	1128.5915330785665	0.0	0	692.2475762887625	1328.5915330785792	1	0	tensor(3, device='cuda:0')	2.275386393127573
295200.0	3000.0	1128.59153307854	0.0	0	620.8493441751343	1328.591533078521	1	0	tensor(3, device='cuda:0')	2.275386393127575
296200.0	3000.0	1128.5915330785845	0.0	0	640.1093537262641	1328.591533078521	1	0	tensor(3, device='cuda:0')	2.275386393127575
297200.0	3000.0	1128.5915330786343	0.0	0	628.7118612771155	1328.591533078521	1	0	tensor(3, device='cuda:0')	2.275386393127575
298200.0	3000.0	1128.591533078691	0.0	0	704.1899133907864	1328.5915330785792	1	0	tensor(3, device='cuda:0')	2.275386393127573
299200.0	3000.0	1128.5915330787168	0.0	0	750.8094872669317	1328.5915330786374	1	0	tensor(3, device='cuda:0')	2.2753863931275706
300200.0	3000.0	1128.591533078716	0.0	0	509.9837013122742	1328.5915330786374	1	0	tensor(3, device='cuda:0')	2.2753863931275706
6.34	7.16	7.66	6.08	9.7	7.09	3.78	4.48	8.97	4.81	4.16	4.91	7.37	8.22	10.5	11.3	10.5	11.3	7.8	7.16	7.19	7.15	6.41	7.51	12.7	11.3	8.83	8.43	8.62	5.1	3.8	6.78	5.49	10.0	8.49	7.32	6.56	9.92	6.13	6.71	6.06	2.84	3.95	7.05	7.61	10.7	7.8	5.55	5.8	5.18	6.83	5.31	7.98	8.21	8.24	7.88	4.52	5.48	7.14	7.97	8.92	6.58	8.2	13.3	10.0	8.06	5.4	7.99	7.3	7.03	5.29	4.51	3.34	6.38	9.12	10.3	9.41	5.06	6.74	5.6	5.75	9.43	6.87	5.07	7.43	7.0	12.9	5.54	5.98	4.0	5.68	7.1	10.3	11.8	9.04	9.44	9.85	5.27	5.72	7.95	7.87	7.47	6.82	7.21	6.07	8.25	6.1	5.53	4.03	5.42	9.87	8.27	8.63	5.86	5.19	8.24	6.41	6.72	7.25	6.07	4.7	6.6	6.66	4.9	7.82	10.0	6.36	5.11	5.85	5.09	9.12	7.29	6.64	8.33	9.31	9.19	11.0	8.66	9.53	7.6	7.56	8.42	9.15	10.6	7.01	10.0	10.4	7.14	7.14	5.86	7.92	6.81	4.23	4.98	5.99	5.27	4.53	8.4	8.34	9.36	8.32	5.92	7.15	4.65	5.75	7.88	5.76	9.16	5.83	7.81	6.67	6.83	8.57	6.27	7.61	10.5	11.6	7.01	4.36	4.81	3.45	6.24	9.59	5.58	6.8	9.15	6.31	5.12	7.16	6.39	5.51	3.09	5.36	7.12	3.86	6.99	6.9	6.77	10.2	6.89	8.09	7.75	4.71	4.26	8.4	9.36	9.43	6.29	3.56	6.78	7.51	5.17	5.6	6.08	4.16	4.68	5.72	8.4	6.45	4.34	6.85	4.54	4.78	6.09	4.49	7.96	7.11	8.91	7.21	4.78	11.2	9.65	4.84	6.04	3.79	6.02	5.14	7.32	10.0	6.74	5.86	6.1	5.33	4.81	4.93	4.71	3.7	5.07	4.05	4.78	6.05	6.37	5.24	5.34	5.26	7.25	6.83	9.77	6.1	4.11	6.61	9.61	5.06	7.48	7.38	4.45	6.42	10.1	9.23	8.87	7.41	8.27	5.39	4.7	8.0	4.09	4.65	5.73	3.71	6.05	5.79	4.07	4.65	7.85	7.31	5.06	5.98	5.86	5.63	7.02	5.32	7.12	8.1	8.04	10.0	9.86	8.86	11.4	6.85	4.54	7.8
394.0	395.0	396.0	397.0	398.0	399.0	400.0	401.0	402.0	403.0	404.0	405.0	406.0	407.0	408.0	409.0	410.0	411.0	412.0	413.0	414.0	415.0	416.0	417.0	418.0	419.0	420.0	421.0	422.0	423.0	424.0	425.0	426.0	427.0	428.0	429.0	430.0	431.0	432.0	433.0	434.0	435.0	436.0	437.0	438.0	439.0	440.0	441.0	442.0	443.0	444.0	445.0	446.0	447.0	448.0	449.0	450.0	451.0	452.0	453.0	454.0	455.0	456.0	457.0	458.0	459.0	460.0	461.0	462.0	463.0	464.0	465.0	466.0	467.0	468.0	469.0	470.0	471.0	472.0	473.0	474.0	475.0	476.0	477.0	478.0	479.0	480.0	481.0	482.0	483.0	484.0	485.0	486.0	487.0	488.0	489.0	490.0	491.0	492.0	493.0	494.0	495.0	496.0	497.0	498.0	499.0	500.0	501.0	502.0	503.0	504.0	505.0	506.0	507.0	508.0	509.0	510.0	511.0	512.0	513.0	514.0	515.0	516.0	517.0	518.0	519.0	520.0	521.0	522.0	523.0	524.0	525.0	526.0	527.0	528.0	529.0	530.0	531.0	532.0	533.0	534.0	535.0	536.0	537.0	538.0	539.0	540.0	541.0	542.0	543.0	544.0	545.0	546.0	547.0	548.0	549.0	550.0	551.0	552.0	553.0	554.0	555.0	556.0	557.0	558.0	559.0	560.0	561.0	562.0	563.0	564.0	565.0	566.0	567.0	568.0	569.0	570.0	571.0	572.0	573.0	574.0	575.0	576.0	577.0	578.0	579.0	580.0	581.0	582.0	583.0	584.0	585.0	586.0	587.0	588.0	589.0	590.0	591.0	592.0	593.0	594.0	595.0	596.0	597.0	598.0	599.0	600.0	601.0	602.0	603.0	604.0	605.0	606.0	607.0	608.0	609.0	610.0	611.0	612.0	613.0	614.0	615.0	616.0	617.0	618.0	619.0	620.0	621.0	622.0	623.0	624.0	625.0	626.0	627.0	628.0	629.0	630.0	631.0	632.0	633.0	634.0	635.0	636.0	637.0	638.0	639.0	640.0	641.0	642.0	643.0	644.0	645.0	646.0	647.0	648.0	649.0	650.0	651.0	652.0	653.0	654.0	655.0	656.0	657.0	658.0	659.0	660.0	661.0	662.0	663.0	664.0	665.0	666.0	667.0	668.0	669.0	670.0	671.0	672.0	673.0	674.0	675.0	676.0	677.0	678.0	679.0	680.0	681.0	682.0	683.0	684.0	685.0	686.0	687.0	688.0	689.0	690.0	691.0	692.0	693.0	694.0
1219.0
