10349.881445569006	1000.0	2000.0	192.48947538450955	0	0.0	10349.881445569006	1	0	tensor(5, device='cuda:0')	-5.591759279045501
10576.131126912536	1000.0	2717.1878983205875	0.0	0	0.0	10293.319025233124	1	0	tensor(5, device='cuda:0')	-2.846053362810276
10736.18332244508	1000.0	3517.1226539049085	0.0	0	0.0	10253.30597634999	1	0	tensor(5, device='cuda:0')	-2.8105538374687153
10917.127434428652	1000.0	4290.942513925444	0.0	0	0.0	10208.069948354098	1	0	tensor(5, device='cuda:0')	-2.8185552819026105
11268.271459668971	3000.0	4852.012482375046	0.0	0	0.0	10120.283942044018	1	0	tensor(5, device='cuda:0')	-2.898882523172684
11510.519090773147	3000.0	5549.202943494825	0.0	0	0.0	10059.722034267974	1	0	tensor(5, device='cuda:0')	-1.7417135764130267
11811.078867076347	3000.0	6173.503223115825	0.0	0	0.0	9984.582090192174	1	0	tensor(5, device='cuda:0')	-1.7660782511775568
12078.546959381325	3000.0	6839.168107734602	0.0	0	0.0	9917.715067115929	1	0	tensor(5, device='cuda:0')	-1.744473679499196
12339.78036371296	3000.0	7512.626352320057	0.0	0	0.0	9852.406716033018	1	0	tensor(5, device='cuda:0')	-1.7361423759811034
12639.520376778944	3000.0	8137.951335987576	0.0	0	0.0	9777.471712766523	1	0	tensor(5, device='cuda:0')	-1.7495113745691404
12844.603198524488	3000.0	8881.597808805647	0.0	0	0.0	9726.201007330137	1	0	tensor(5, device='cuda:0')	-1.6970412325934325
13200.0	3000.0	9437.351806961256	0.0	0	9.18242314752024	9637.351806961258	1	0	tensor(5, device='cuda:0')	-1.765271012590658
14200.0	3000.0	9187.351806961256	0.0	0	686.2546937363095	9387.351806961262	1	0	tensor(5, device='cuda:0')	-2.068556398275761
15200.0	3000.0	8937.351806961255	0.0	0	470.17525156078045	9137.351806961262	1	0	tensor(5, device='cuda:0')	-2.0356972561339304
16200.0	3000.0	8687.351806961256	0.0	0	525.9722829943184	8887.351806961262	1	0	tensor(5, device='cuda:0')	-1.9946803439179601
17200.0	3000.0	8437.351806961256	0.0	0	564.9963472813506	8637.351806961262	1	0	tensor(5, device='cuda:0')	-1.9434108641480006
18200.0	3000.0	8187.351806961258	0.0	0	503.86673085095754	8387.351806961262	1	0	tensor(5, device='cuda:0')	-1.8795303996786192
19200.0	3000.0	7937.351806961258	0.0	0	421.6877645164568	8137.351806961262	1	0	tensor(5, device='cuda:0')	-1.7999452702924938
20200.0	3000.0	7687.351806961259	0.0	0	335.3335101443845	7887.351806961264	1	0	tensor(5, device='cuda:0')	-1.7014746592134236
21200.0	3000.0	7437.351806961255	0.0	0	539.742704954464	7637.351806961258	1	0	tensor(5, device='cuda:0')	-1.58769778282953
22200.0	3000.0	7187.351806961254	0.0	0	453.7048418469858	7387.351806961258	1	0	tensor(5, device='cuda:0')	-1.4475998488792996
23200.0	3000.0	6937.351806961259	0.0	0	501.97909535657163	7137.3518069612655	1	0	tensor(5, device='cuda:0')	-1.2849630128669567
24200.0	3000.0	6687.351806961259	0.0	0	114.57002260863374	6887.3518069612655	1	0	tensor(5, device='cuda:0')	-1.0855191090008922
25200.0	3000.0	6437.35180696126	0.0	0	134.01311440947393	6637.351806961262	1	0	tensor(5, device='cuda:0')	-0.8764706492897771
26200.0	3000.0	6187.351806961261	0.0	0	440.86418095472254	6387.351806961262	1	0	tensor(5, device='cuda:0')	-0.6618074714927816
27200.0	3000.0	5937.35180696126	0.0	0	252.96673410113362	6137.351806961262	1	0	tensor(5, device='cuda:0')	-0.41020885890213443
28200.0	3000.0	5687.351806961262	0.0	0	384.3043211443219	5887.351806961269	1	0	tensor(5, device='cuda:0')	-0.17019029647923709
29200.0	3000.0	5437.351806961265	0.0	0	717.8220974326287	5637.351806961276	1	0	tensor(5, device='cuda:0')	0.07330381585479476
30200.0	3000.0	5187.351806961262	0.0	0	538.7309721357233	5387.351806961276	1	0	tensor(5, device='cuda:0')	0.3155422422949232
31200.0	3000.0	4937.351806961263	0.0	0	387.8233689697154	5137.35180696128	1	0	tensor(5, device='cuda:0')	0.5438996973901813
32200.0	3000.0	4687.351806961265	0.0	0	631.8286635191471	4887.35180696128	1	0	tensor(5, device='cuda:0')	0.7457158480713904
33200.0	3000.0	4437.351806961264	0.0	0	321.86442269316467	4637.351806961284	1	0	tensor(5, device='cuda:0')	0.9339732072948009
34200.0	3000.0	4187.351806961249	0.0	0	173.5560392945481	4387.351806961262	1	0	tensor(5, device='cuda:0')	1.0995566421889933
35200.0	3000.0	3937.351806961246	0.0	0	265.5300383636568	4137.351806961258	1	0	tensor(5, device='cuda:0')	1.2318401222174815
36200.0	3000.0	3687.3518069612387	0.0	0	116.74480779968144	3887.3518069612546	1	0	tensor(5, device='cuda:0')	1.349675452989135
37200.0	3000.0	3437.3518069612333	0.0	0	383.65602530881733	3637.351806961262	1	0	tensor(5, device='cuda:0')	1.4364149174466827
38200.0	3000.0	3187.351806961223	0.0	0	719.8438109474591	3387.351806961262	1	0	tensor(5, device='cuda:0')	1.5119810160642808
39200.0	3000.0	2937.351806961223	0.0	0	517.3444064233845	3137.3518069612546	1	0	tensor(5, device='cuda:0')	1.5750423253065655
40200.0	3000.0	2687.351806961228	0.0	0	494.844323627156	2887.351806961269	1	0	tensor(5, device='cuda:0')	1.6253330252264466
41200.0	3000.0	2437.3518069612273	0.0	0	449.7666678592577	2637.3518069612765	1	0	tensor(5, device='cuda:0')	1.665197632086526
42200.0	3000.0	2187.3518069612364	0.0	0	192.66889700182946	2387.3518069612837	1	0	tensor(5, device='cuda:0')	1.6983238192622423
43200.0	3000.0	1937.351806961226	0.0	0	599.7652967660906	2137.351806961269	1	0	tensor(5, device='cuda:0')	1.7215067262891803
44200.0	3000.0	1687.351806961213	0.0	0	651.8066757254783	1887.3518069612473	1	0	tensor(5, device='cuda:0')	1.7412505432825005
45200.0	3000.0	1437.3518069612162	0.0	0	571.9149070783969	1637.3518069612473	1	0	tensor(5, device='cuda:0')	1.7568706388920543
46200.0	3000.0	1187.3518069612132	0.0	0	401.6820137434115	1387.35180696124	1	0	tensor(5, device='cuda:0')	1.769150225107826
47200.0	3000.0	937.351806961211	0.0	0	580.2074646311012	1137.3518069612473	1	0	tensor(5, device='cuda:0')	1.7785470671704415
48200.0	3000.0	937.3518069612117	0.0	0	767.3453285198048	1137.3518069612473	1	0	tensor(3, device='cuda:0')	1.781792817927622
49200.0	3000.0	937.3518069612082	0.0	0	567.0422072372894	1137.3518069612546	1	0	tensor(3, device='cuda:0')	2.281792817927622
50200.0	3000.0	937.3518069612196	0.0	0	687.0006375883531	1137.351806961262	1	0	tensor(3, device='cuda:0')	2.2817928179276215
51200.0	3000.0	937.3518069612219	0.0	0	720.2936701349608	1137.351806961262	1	0	tensor(3, device='cuda:0')	2.2817928179276215
52200.0	3000.0	937.3518069612292	0.0	0	663.6859380615933	1137.351806961262	1	0	tensor(3, device='cuda:0')	2.2817928179276215
53200.0	3000.0	937.3518069612196	0.0	0	349.1632841413448	1137.351806961262	1	0	tensor(3, device='cuda:0')	2.2817928179276215
54200.0	3000.0	937.3518069612221	0.0	0	453.5506877648804	1137.351806961262	1	0	tensor(3, device='cuda:0')	2.2817928179276215
55200.0	3000.0	937.3518069612155	0.0	0	710.1174105752943	1137.351806961262	1	0	tensor(3, device='cuda:0')	2.2817928179276215
56200.0	3000.0	937.3518069612119	0.0	0	589.5602605096137	1137.351806961262	1	0	tensor(3, device='cuda:0')	2.2817928179276215
57200.0	3000.0	937.3518069612217	0.0	0	595.9285905371944	1137.351806961262	1	0	tensor(3, device='cuda:0')	2.2817928179276215
58200.0	3000.0	937.3518069612155	0.0	0	487.5756923534209	1137.351806961262	1	0	tensor(3, device='cuda:0')	2.2817928179276215
59200.0	3000.0	937.3518069612064	0.0	0	657.5788325725734	1137.351806961262	1	0	tensor(3, device='cuda:0')	2.2817928179276215
60200.0	3000.0	937.3518069612096	0.0	0	290.84804853329115	1137.351806961262	1	0	tensor(3, device='cuda:0')	2.2817928179276215
61200.0	3000.0	937.3518069612073	0.0	0	376.20185311294335	1137.3518069612546	1	0	tensor(3, device='cuda:0')	2.281792817927622
62200.0	3000.0	937.3518069612071	0.0	0	322.27900903325644	1137.3518069612546	1	0	tensor(3, device='cuda:0')	2.281792817927622
63200.0	3000.0	937.3518069612087	0.0	0	441.29903973184264	1137.3518069612546	1	0	tensor(3, device='cuda:0')	2.281792817927622
64200.0	3000.0	937.3518069612114	0.0	0	702.6830906092873	1137.3518069612546	1	0	tensor(3, device='cuda:0')	2.281792817927622
65200.0	3000.0	937.3518069612107	0.0	0	535.9005317654228	1137.3518069612546	1	0	tensor(3, device='cuda:0')	2.281792817927622
66200.0	3000.0	937.3518069612173	0.0	0	401.723231323238	1137.351806961262	1	0	tensor(3, device='cuda:0')	2.2817928179276215
67200.0	3000.0	937.3518069612314	0.0	0	395.90847392847354	1137.351806961262	1	0	tensor(3, device='cuda:0')	2.2817928179276215
68200.0	3000.0	937.3518069612455	0.0	0	606.3046654934296	1137.351806961262	1	0	tensor(3, device='cuda:0')	2.2817928179276215
69200.0	3000.0	937.3518069612314	0.0	0	658.9468157759547	1137.351806961262	1	0	tensor(3, device='cuda:0')	2.2817928179276215
70200.0	3000.0	937.3518069612483	0.0	0	591.4468862101348	1137.351806961262	1	0	tensor(3, device='cuda:0')	2.2817928179276215
71200.0	3000.0	937.3518069612473	0.0	0	522.6243126877962	1137.351806961262	1	0	tensor(3, device='cuda:0')	2.2817928179276215
72200.0	3000.0	937.351806961248	0.0	0	445.13716450482025	1137.351806961262	1	0	tensor(3, device='cuda:0')	2.2817928179276215
73200.0	3000.0	937.3518069612637	0.0	0	399.3078999429126	1137.351806961262	1	0	tensor(3, device='cuda:0')	2.2817928179276215
74200.0	3000.0	937.3518069612605	0.0	0	614.6168853057461	1137.351806961262	1	0	tensor(3, device='cuda:0')	2.2817928179276215
75200.0	3000.0	937.3518069612567	0.0	0	707.5228542623081	1137.351806961262	1	0	tensor(3, device='cuda:0')	2.2817928179276215
76200.0	3000.0	937.3518069612503	0.0	0	719.8892578266532	1137.351806961262	1	0	tensor(3, device='cuda:0')	2.2817928179276215
77200.0	3000.0	937.3518069612414	0.0	0	696.6863146641554	1137.3518069612473	1	0	tensor(3, device='cuda:0')	2.281792817927622
78200.0	3000.0	937.3518069612428	0.0	0	603.4870090137993	1137.3518069612473	1	0	tensor(3, device='cuda:0')	2.281792817927622
79200.0	3000.0	937.3518069612328	0.0	0	650.6278791991062	1137.3518069612473	1	0	tensor(3, device='cuda:0')	2.281792817927622
80200.0	3000.0	937.3518069612323	0.0	0	695.1881029041833	1137.3518069612473	1	0	tensor(3, device='cuda:0')	2.281792817927622
81200.0	3000.0	937.3518069612178	0.0	0	197.59221315121977	1137.3518069612328	1	0	tensor(3, device='cuda:0')	2.2817928179276223
82200.0	3000.0	937.3518069612069	0.0	0	418.5712218534027	1137.3518069612328	1	0	tensor(3, device='cuda:0')	2.2817928179276223
83200.0	3000.0	937.3518069612028	0.0	0	664.5363505682471	1137.3518069612328	1	0	tensor(3, device='cuda:0')	2.2817928179276223
84200.0	3000.0	937.3518069612119	0.0	0	329.8967013997608	1137.3518069612328	1	0	tensor(3, device='cuda:0')	2.2817928179276223
85200.0	3000.0	937.3518069612162	0.0	0	302.376236478347	1137.3518069612473	1	0	tensor(3, device='cuda:0')	2.281792817927622
86200.0	3000.0	937.3518069612162	0.0	0	376.61937015509466	1137.3518069612473	1	0	tensor(3, device='cuda:0')	2.281792817927622
87200.0	3000.0	937.3518069612389	0.0	0	310.9030293763499	1137.351806961262	1	0	tensor(3, device='cuda:0')	2.2817928179276215
88200.0	3000.0	937.3518069612464	0.0	0	122.95749362104107	1137.351806961262	1	0	tensor(3, device='cuda:0')	2.2817928179276215
89200.0	3000.0	937.3518069612555	0.0	0	449.91989729064517	1137.351806961262	1	0	tensor(3, device='cuda:0')	2.2817928179276215
90200.0	3000.0	937.3518069612564	0.0	0	263.36452449386707	1137.351806961262	1	0	tensor(3, device='cuda:0')	2.2817928179276215
91200.0	3000.0	937.3518069612405	0.0	0	382.25736051716376	1137.351806961262	1	0	tensor(3, device='cuda:0')	2.2817928179276215
92200.0	3000.0	937.351806961238	0.0	0	565.0210814149177	1137.351806961262	1	0	tensor(3, device='cuda:0')	2.2817928179276215
93200.0	3000.0	937.3518069612542	0.0	0	531.7332764245803	1137.351806961262	1	0	tensor(3, device='cuda:0')	2.2817928179276215
94200.0	3000.0	937.3518069612719	0.0	0	341.74658067112614	1137.351806961262	1	0	tensor(3, device='cuda:0')	2.2817928179276215
95200.0	3000.0	937.3518069612708	0.0	0	531.4398345632071	1137.351806961262	1	0	tensor(3, device='cuda:0')	2.2817928179276215
96200.0	3000.0	937.3518069612758	0.0	0	241.81466532284685	1137.3518069612473	1	0	tensor(3, device='cuda:0')	2.281792817927622
97200.0	3000.0	937.351806961286	0.0	0	561.2480865477264	1137.351806961262	1	0	tensor(3, device='cuda:0')	2.2817928179276215
98200.0	3000.0	937.3518069612942	0.0	0	439.2702517159196	1137.351806961262	1	0	tensor(3, device='cuda:0')	2.2817928179276215
99200.0	3000.0	937.3518069612969	0.0	0	384.9500359943195	1137.351806961262	1	0	tensor(3, device='cuda:0')	2.2817928179276215
100200.0	3000.0	937.3518069612924	0.0	0	443.51492253631295	1137.351806961262	1	0	tensor(3, device='cuda:0')	2.2817928179276215
101200.0	3000.0	937.351806961273	0.0	0	559.6877699066972	1137.351806961262	1	0	tensor(3, device='cuda:0')	2.2817928179276215
102200.0	3000.0	937.3518069612874	0.0	0	529.4615452954895	1137.3518069612765	1	0	tensor(3, device='cuda:0')	2.281792817927621
103200.0	3000.0	937.3518069612755	0.0	0	527.6444289517094	1137.3518069612765	1	0	tensor(3, device='cuda:0')	2.281792817927621
104200.0	3000.0	937.3518069612862	0.0	0	437.02968494495144	1137.351806961262	1	0	tensor(3, device='cuda:0')	2.2817928179276215
105200.0	3000.0	937.3518069612824	0.0	0	550.5763654589973	1137.351806961262	1	0	tensor(3, device='cuda:0')	2.2817928179276215
106200.0	3000.0	937.3518069612921	0.0	0	673.6375914787786	1137.351806961262	1	0	tensor(3, device='cuda:0')	2.2817928179276215
107200.0	3000.0	937.3518069612837	0.0	0	646.266837537958	1137.3518069612473	1	0	tensor(3, device='cuda:0')	2.281792817927622
108200.0	3000.0	937.3518069612819	0.0	0	685.2022249546862	1137.3518069612473	1	0	tensor(3, device='cuda:0')	2.281792817927622
109200.0	3000.0	937.3518069612899	0.0	0	383.71517127509287	1137.3518069612473	1	0	tensor(3, device='cuda:0')	2.281792817927622
110200.0	3000.0	937.3518069612937	0.0	0	413.6921149522823	1137.3518069612473	1	0	tensor(3, device='cuda:0')	2.281792817927622
111200.0	3000.0	937.3518069613062	0.0	0	444.1439539198036	1137.3518069612473	1	0	tensor(3, device='cuda:0')	2.281792817927622
112200.0	3000.0	937.3518069613035	0.0	0	634.8136626983032	1137.351806961262	1	0	tensor(3, device='cuda:0')	2.2817928179276215
113200.0	3000.0	937.3518069613062	0.0	0	688.5211370654579	1137.351806961262	1	0	tensor(3, device='cuda:0')	2.2817928179276215
114200.0	3000.0	937.3518069613156	0.0	0	746.6627342486026	1137.351806961262	1	0	tensor(3, device='cuda:0')	2.2817928179276215
115200.0	3000.0	937.3518069613447	0.0	0	596.3674328790657	1137.351806961262	1	0	tensor(3, device='cuda:0')	2.2817928179276215
116200.0	3000.0	937.3518069613574	0.0	0	635.9885708200163	1137.3518069612765	1	0	tensor(3, device='cuda:0')	2.281792817927621
117200.0	3000.0	937.3518069613715	0.0	0	583.6325338228489	1137.3518069612765	1	0	tensor(3, device='cuda:0')	2.281792817927621
118200.0	3000.0	937.3518069613597	0.0	0	549.6568659803015	1137.3518069612765	1	0	tensor(3, device='cuda:0')	2.281792817927621
119200.0	3000.0	937.3518069613574	0.0	0	558.2633810427506	1137.3518069612765	1	0	tensor(3, device='cuda:0')	2.281792817927621
120200.0	3000.0	937.3518069613665	0.0	0	655.7769257573964	1137.351806961291	1	0	tensor(3, device='cuda:0')	2.2817928179276206
121200.0	3000.0	937.3518069613581	0.0	0	728.046991582436	1137.3518069612765	1	0	tensor(3, device='cuda:0')	2.281792817927621
122200.0	3000.0	937.3518069613742	0.0	0	380.96998020070896	1137.3518069612765	1	0	tensor(3, device='cuda:0')	2.281792817927621
123200.0	3000.0	937.3518069613726	0.0	0	250.99546785753046	1137.3518069612765	1	0	tensor(3, device='cuda:0')	2.281792817927621
124200.0	3000.0	937.3518069613656	0.0	0	404.81857758136175	1137.351806961262	1	0	tensor(3, device='cuda:0')	2.2817928179276215
125200.0	3000.0	937.351806961384	0.0	0	335.18868942945846	1137.351806961262	1	0	tensor(3, device='cuda:0')	2.2817928179276215
126200.0	3000.0	937.3518069613997	0.0	0	387.61224135855446	1137.351806961262	1	0	tensor(3, device='cuda:0')	2.2817928179276215
127200.0	3000.0	937.3518069613915	0.0	0	339.02421835719724	1137.3518069612473	1	0	tensor(3, device='cuda:0')	2.281792817927622
128200.0	3000.0	937.351806961397	0.0	0	447.8881209946121	1137.3518069612473	1	0	tensor(3, device='cuda:0')	2.281792817927622
129200.0	3000.0	937.3518069613874	0.0	0	188.9809530312632	1137.3518069612473	1	0	tensor(3, device='cuda:0')	2.281792817927622
130200.0	3000.0	937.351806961389	0.0	0	634.1743365190196	1137.3518069612473	1	0	tensor(3, device='cuda:0')	2.281792817927622
131200.0	3000.0	937.3518069613806	0.0	0	565.9564415728819	1137.3518069612328	1	0	tensor(3, device='cuda:0')	2.2817928179276223
132200.0	3000.0	937.3518069614129	0.0	0	608.4582787301624	1137.3518069612765	1	0	tensor(3, device='cuda:0')	2.281792817927622
133200.0	3000.0	937.3518069614133	0.0	0	541.7539984750329	1137.351806961262	1	0	tensor(3, device='cuda:0')	2.2817928179276215
134200.0	3000.0	937.3518069613963	0.0	0	523.2473261614214	1137.351806961291	1	0	tensor(3, device='cuda:0')	2.2817928179276206
135200.0	3000.0	937.3518069614006	0.0	0	555.8577747591771	1137.351806961291	1	0	tensor(3, device='cuda:0')	2.2817928179276206
136200.0	3000.0	937.3518069614006	0.0	0	447.40122375718784	1137.351806961291	1	0	tensor(3, device='cuda:0')	2.2817928179276206
137200.0	3000.0	937.351806961406	0.0	0	565.0903752940358	1137.351806961291	1	0	tensor(3, device='cuda:0')	2.2817928179276206
138200.0	3000.0	937.3518069614229	0.0	0	569.8338768073008	1137.351806961262	1	0	tensor(3, device='cuda:0')	2.2817928179276215
139200.0	3000.0	937.3518069614124	0.0	0	483.4785112282261	1137.3518069612328	1	0	tensor(3, device='cuda:0')	2.2817928179276223
140200.0	3000.0	937.3518069613956	0.0	0	393.75973791928845	1137.3518069612328	1	0	tensor(3, device='cuda:0')	2.2817928179276223
141200.0	3000.0	937.3518069614161	0.0	0	482.37032845738577	1137.3518069612328	1	0	tensor(3, device='cuda:0')	2.2817928179276223
142200.0	3000.0	937.3518069614238	0.0	0	199.56925835678703	1137.3518069612328	1	0	tensor(3, device='cuda:0')	2.2817928179276223
143200.0	3000.0	937.3518069614765	0.0	0	710.6020060636511	1137.3518069612328	1	0	tensor(3, device='cuda:0')	2.2817928179276223
144200.0	3000.0	937.3518069614743	0.0	0	585.8028677421389	1137.3518069612328	1	0	tensor(3, device='cuda:0')	2.2817928179276223
145200.0	3000.0	937.3518069614552	0.0	0	580.3275408826303	1137.3518069612037	1	0	tensor(3, device='cuda:0')	2.2817928179276232
146200.0	3000.0	937.3518069614206	0.0	0	548.3797505119874	1137.3518069612037	1	0	tensor(3, device='cuda:0')	2.2817928179276232
147200.0	3000.0	937.3518069614247	0.0	0	526.9509853451455	1137.3518069612328	1	0	tensor(3, device='cuda:0')	2.2817928179276223
148200.0	3000.0	937.3518069613967	0.0	0	451.70481897259015	1137.3518069612037	1	0	tensor(3, device='cuda:0')	2.2817928179276232
149200.0	3000.0	937.3518069613838	0.0	0	261.3905942401616	1137.3518069612037	1	0	tensor(3, device='cuda:0')	2.2817928179276232
150200.0	3000.0	937.3518069613651	0.0	0	583.5852217650099	1137.3518069612037	1	0	tensor(3, device='cuda:0')	2.2817928179276232
151200.0	3000.0	937.3518069613654	0.0	0	635.6748388333363	1137.3518069612037	1	0	tensor(3, device='cuda:0')	2.2817928179276232
152200.0	3000.0	937.3518069613419	0.0	0	334.4415532530693	1137.3518069612037	1	0	tensor(3, device='cuda:0')	2.2817928179276232
153200.0	3000.0	937.3518069613365	0.0	0	721.64104338779	1137.3518069612328	1	0	tensor(3, device='cuda:0')	2.2817928179276223
154200.0	3000.0	937.351806961356	0.0	0	575.86454419457	1137.3518069612328	1	0	tensor(3, device='cuda:0')	2.2817928179276223
155200.0	3000.0	937.3518069614026	0.0	0	635.8633700522478	1137.351806961262	1	0	tensor(3, device='cuda:0')	2.2817928179276215
156200.0	3000.0	937.3518069613615	0.0	0	620.7735423862177	1137.3518069612328	1	0	tensor(3, device='cuda:0')	2.2817928179276223
157200.0	3000.0	937.3518069614058	0.0	0	697.5187504827627	1137.351806961262	1	0	tensor(3, device='cuda:0')	2.2817928179276215
158200.0	3000.0	937.3518069614206	0.0	0	597.6552432234166	1137.351806961262	1	0	tensor(3, device='cuda:0')	2.2817928179276215
159200.0	3000.0	937.3518069614113	0.0	0	507.2036266514915	1137.351806961262	1	0	tensor(3, device='cuda:0')	2.2817928179276215
160200.0	3000.0	937.351806961417	0.0	0	333.85632726966287	1137.351806961262	1	0	tensor(3, device='cuda:0')	2.2817928179276215
161200.0	3000.0	937.3518069614086	0.0	0	680.6564075189817	1137.351806961262	1	0	tensor(3, device='cuda:0')	2.2817928179276215
162200.0	3000.0	937.3518069614115	0.0	0	461.99715044387267	1137.351806961262	1	0	tensor(3, device='cuda:0')	2.2817928179276215
163200.0	3000.0	937.3518069614131	0.0	0	503.2068313565105	1137.351806961262	1	0	tensor(3, device='cuda:0')	2.2817928179276215
164200.0	3000.0	937.3518069614522	0.0	0	452.5810146445583	1137.351806961262	1	0	tensor(3, device='cuda:0')	2.2817928179276215
165200.0	3000.0	937.3518069614802	0.0	0	502.5948743967456	1137.351806961262	1	0	tensor(3, device='cuda:0')	2.2817928179276215
166200.0	3000.0	937.3518069615043	0.0	0	574.0503315757669	1137.351806961291	1	0	tensor(3, device='cuda:0')	2.2817928179276206
167200.0	3000.0	937.3518069615116	0.0	0	491.1616384253721	1137.351806961291	1	0	tensor(3, device='cuda:0')	2.2817928179276206
168200.0	3000.0	937.3518069614829	0.0	0	458.4499607773323	1137.351806961291	1	0	tensor(3, device='cuda:0')	2.2817928179276206
169200.0	3000.0	937.3518069614813	0.0	0	695.6619841512584	1137.351806961262	1	0	tensor(3, device='cuda:0')	2.2817928179276215
170200.0	3000.0	937.3518069615152	0.0	0	559.814135680499	1137.351806961262	1	0	tensor(3, device='cuda:0')	2.2817928179276215
171200.0	3000.0	937.3518069615188	0.0	0	605.5158778209588	1137.351806961291	1	0	tensor(3, device='cuda:0')	2.2817928179276206
172200.0	3000.0	937.3518069615338	0.0	0	631.1919359709427	1137.35180696132	1	0	tensor(3, device='cuda:0')	2.2817928179276197
173200.0	3000.0	937.3518069615511	0.0	0	282.7993216306495	1137.35180696132	1	0	tensor(3, device='cuda:0')	2.2817928179276197
174200.0	3000.0	937.3518069615388	0.0	0	319.291236269637	1137.35180696132	1	0	tensor(3, device='cuda:0')	2.2817928179276197
175200.0	3000.0	937.351806961542	0.0	0	103.19080307800323	1137.351806961291	1	0	tensor(3, device='cuda:0')	2.2817928179276206
176200.0	3000.0	937.3518069615216	0.0	0	390.3026715052256	1137.351806961291	1	0	tensor(3, device='cuda:0')	2.2817928179276206
177200.0	3000.0	937.3518069615479	0.0	0	555.8293287592533	1137.351806961291	1	0	tensor(3, device='cuda:0')	2.2817928179276206
178200.0	3000.0	937.351806961517	0.0	0	281.1554409750679	1137.351806961291	1	0	tensor(3, device='cuda:0')	2.2817928179276206
179200.0	3000.0	937.3518069615202	0.0	0	222.1642778176465	1137.35180696132	1	0	tensor(3, device='cuda:0')	2.2817928179276197
180200.0	3000.0	937.3518069615425	0.0	0	356.5325599623029	1137.35180696132	1	0	tensor(3, device='cuda:0')	2.2817928179276197
181200.0	3000.0	937.3518069615541	0.0	0	539.6563423910993	1137.35180696132	1	0	tensor(3, device='cuda:0')	2.2817928179276197
182200.0	3000.0	937.351806961562	0.0	0	629.1414248034416	1137.35180696132	1	0	tensor(3, device='cuda:0')	2.2817928179276197
183200.0	3000.0	937.3518069615534	0.0	0	511.6576837367029	1137.35180696132	1	0	tensor(3, device='cuda:0')	2.2817928179276197
184200.0	3000.0	937.3518069615288	0.0	0	640.1217477297178	1137.351806961291	1	0	tensor(3, device='cuda:0')	2.2817928179276206
185200.0	3000.0	937.3518069615025	0.0	0	309.4562152553699	1137.351806961291	1	0	tensor(3, device='cuda:0')	2.2817928179276206
186200.0	3000.0	937.3518069614972	0.0	0	278.4139095704013	1137.351806961291	1	0	tensor(3, device='cuda:0')	2.2817928179276206
187200.0	3000.0	937.3518069614775	0.0	0	501.6388695652422	1137.351806961291	1	0	tensor(3, device='cuda:0')	2.2817928179276206
188200.0	3000.0	937.3518069614565	0.0	0	457.0714731946355	1137.351806961291	1	0	tensor(3, device='cuda:0')	2.2817928179276206
189200.0	3000.0	937.3518069614406	0.0	0	711.9327867364045	1137.351806961291	1	0	tensor(3, device='cuda:0')	2.2817928179276206
190200.0	3000.0	937.3518069614411	0.0	0	545.4750293557881	1137.351806961291	1	0	tensor(3, device='cuda:0')	2.2817928179276206
191200.0	3000.0	937.3518069614292	0.0	0	457.0792991707858	1137.351806961262	1	0	tensor(3, device='cuda:0')	2.2817928179276215
192200.0	3000.0	937.3518069614188	0.0	0	477.5833894434036	1137.351806961262	1	0	tensor(3, device='cuda:0')	2.2817928179276215
193200.0	3000.0	937.3518069614393	0.0	0	539.710054630239	1137.351806961262	1	0	tensor(3, device='cuda:0')	2.2817928179276215
194200.0	3000.0	937.3518069614079	0.0	0	614.6781345951022	1137.3518069612328	1	0	tensor(3, device='cuda:0')	2.2817928179276223
195200.0	3000.0	937.351806961429	0.0	0	676.0314501467801	1137.3518069612037	1	0	tensor(3, device='cuda:0')	2.2817928179276232
196200.0	3000.0	937.3518069614547	0.0	0	588.655893936113	1137.3518069612037	1	0	tensor(3, device='cuda:0')	2.2817928179276232
197200.0	3000.0	937.3518069614474	0.0	0	458.335857959406	1137.3518069612037	1	0	tensor(3, device='cuda:0')	2.2817928179276232
198200.0	3000.0	937.3518069614524	0.0	0	500.9891454949684	1137.3518069612328	1	0	tensor(3, device='cuda:0')	2.2817928179276223
199200.0	3000.0	937.3518069614231	0.0	0	375.40412805828964	1137.3518069612328	1	0	tensor(3, device='cuda:0')	2.2817928179276223
200200.0	3000.0	937.3518069614095	0.0	0	542.2551727200917	1137.3518069612328	1	0	tensor(3, device='cuda:0')	2.2817928179276223
201200.0	3000.0	937.3518069614033	0.0	0	658.8257733340142	1137.3518069612328	1	0	tensor(3, device='cuda:0')	2.2817928179276223
202200.0	3000.0	937.3518069614215	0.0	0	581.6913456441835	1137.3518069612328	1	0	tensor(3, device='cuda:0')	2.2817928179276223
203200.0	3000.0	937.351806961412	0.0	0	545.4250997507188	1137.3518069612037	1	0	tensor(3, device='cuda:0')	2.2817928179276232
204200.0	3000.0	937.351806961391	0.0	0	418.42877358413534	1137.3518069612037	1	0	tensor(3, device='cuda:0')	2.2817928179276232
205200.0	3000.0	937.3518069613797	0.0	0	492.12457807853934	1137.3518069612037	1	0	tensor(3, device='cuda:0')	2.2817928179276232
206200.0	3000.0	937.3518069613992	0.0	0	440.20271090589813	1137.3518069612037	1	0	tensor(3, device='cuda:0')	2.2817928179276232
207200.0	3000.0	937.351806961386	0.0	0	428.7005407346587	1137.3518069612037	1	0	tensor(3, device='cuda:0')	2.2817928179276232
208200.0	3000.0	937.3518069613854	0.0	0	526.295785702765	1137.3518069612037	1	0	tensor(3, device='cuda:0')	2.2817928179276232
209200.0	3000.0	937.3518069613988	0.0	0	189.7294432638446	1137.3518069612037	1	0	tensor(3, device='cuda:0')	2.2817928179276232
210200.0	3000.0	937.3518069613956	0.0	0	227.2907455386303	1137.3518069612037	1	0	tensor(3, device='cuda:0')	2.2817928179276232
211276.99799223786	3000.0	860.3538147235196	0.0	0	0.0	1137.3518069612037	1	0	tensor(3, device='cuda:0')	2.2817928179276232
212200.0	3000.0	937.3518069613592	0.0	0	136.32392914622324	1137.3518069611746	1	0	tensor(3, device='cuda:0')	2.281792817927624
213200.0	3000.0	937.3518069613763	0.0	0	434.275839980779	1137.3518069611746	1	0	tensor(3, device='cuda:0')	2.281792817927624
214200.0	3000.0	937.3518069613767	0.0	0	545.9692418593622	1137.3518069612037	1	0	tensor(3, device='cuda:0')	2.2817928179276232
215200.0	3000.0	937.3518069613633	0.0	0	651.1202429036202	1137.3518069612037	1	0	tensor(3, device='cuda:0')	2.2817928179276232
216200.0	3000.0	937.3518069613676	0.0	0	648.4251365862729	1137.3518069612037	1	0	tensor(3, device='cuda:0')	2.2817928179276232
217200.0	3000.0	937.3518069613679	0.0	0	384.0207762372738	1137.3518069612037	1	0	tensor(3, device='cuda:0')	2.2817928179276232
218200.0	3000.0	937.3518069613465	0.0	0	529.6974525870173	1137.3518069612037	1	0	tensor(3, device='cuda:0')	2.2817928179276232
219200.0	3000.0	937.3518069613463	0.0	0	659.8250053663796	1137.3518069612037	1	0	tensor(3, device='cuda:0')	2.2817928179276232
220200.0	3000.0	937.3518069613356	0.0	0	408.2217636789137	1137.3518069612037	1	0	tensor(3, device='cuda:0')	2.2817928179276232
221200.0	3000.0	937.3518069613433	0.0	0	443.4340159157582	1137.3518069612037	1	0	tensor(3, device='cuda:0')	2.2817928179276232
222200.0	3000.0	937.3518069613601	0.0	0	90.23135168728186	1137.3518069612037	1	0	tensor(3, device='cuda:0')	2.2817928179276232
223200.0	3000.0	937.3518069613342	0.0	0	544.7209819589625	1137.3518069612037	1	0	tensor(3, device='cuda:0')	2.2817928179276232
224200.0	3000.0	937.351806961336	0.0	0	502.6954289122368	1137.3518069612037	1	0	tensor(3, device='cuda:0')	2.2817928179276232
225200.0	3000.0	937.3518069613108	0.0	0	612.7782122247154	1137.3518069612037	1	0	tensor(3, device='cuda:0')	2.2817928179276232
226200.0	3000.0	937.3518069612855	0.0	0	467.75425420101965	1137.3518069611746	1	0	tensor(3, device='cuda:0')	2.281792817927624
227200.0	3000.0	937.3518069612805	0.0	0	501.40181203591055	1137.3518069612037	1	0	tensor(3, device='cuda:0')	2.2817928179276232
228200.0	3000.0	937.3518069612883	0.0	0	623.4057945746172	1137.3518069612037	1	0	tensor(3, device='cuda:0')	2.2817928179276232
229200.0	3000.0	937.3518069612837	0.0	0	534.1876181010739	1137.3518069612037	1	0	tensor(3, device='cuda:0')	2.2817928179276232
230200.0	3000.0	937.3518069612619	0.0	0	449.3135388986848	1137.3518069612037	1	0	tensor(3, device='cuda:0')	2.2817928179276232
231200.0	3000.0	937.3518069612651	0.0	0	551.5161583458248	1137.3518069612037	1	0	tensor(3, device='cuda:0')	2.2817928179276232
232200.0	3000.0	937.3518069612849	0.0	0	734.7939476672618	1137.3518069612037	1	0	tensor(3, device='cuda:0')	2.2817928179276232
233200.0	3000.0	937.3518069612751	0.0	0	431.783944229217	1137.3518069612037	1	0	tensor(3, device='cuda:0')	2.2817928179276232
234200.0	3000.0	937.3518069612714	0.0	0	255.93460343810148	1137.3518069612037	1	0	tensor(3, device='cuda:0')	2.2817928179276232
235200.0	3000.0	937.3518069612678	0.0	0	568.0754844598705	1137.3518069612037	1	0	tensor(3, device='cuda:0')	2.2817928179276232
236200.0	3000.0	937.3518069612655	0.0	0	592.6052512561728	1137.3518069612037	1	0	tensor(3, device='cuda:0')	2.2817928179276232
237200.0	3000.0	937.3518069612492	0.0	0	608.6856203665084	1137.3518069612037	1	0	tensor(3, device='cuda:0')	2.2817928179276232
238200.0	3000.0	937.3518069612642	0.0	0	482.85109585456667	1137.3518069612037	1	0	tensor(3, device='cuda:0')	2.2817928179276232
239200.0	3000.0	937.3518069612874	0.0	0	476.3728597117297	1137.3518069612037	1	0	tensor(3, device='cuda:0')	2.2817928179276232
240200.0	3000.0	937.351806961273	0.0	0	818.6841496040579	1137.3518069612037	1	0	tensor(3, device='cuda:0')	2.2817928179276232
241200.0	3000.0	937.3518069612614	0.0	0	688.6862246433739	1137.3518069612037	1	0	tensor(3, device='cuda:0')	2.2817928179276232
242200.0	3000.0	937.3518069612983	0.0	0	586.0927577164257	1137.3518069612037	1	0	tensor(3, device='cuda:0')	2.2817928179276232
243200.0	3000.0	937.3518069613046	0.0	0	618.8673896293622	1137.3518069612328	1	0	tensor(3, device='cuda:0')	2.2817928179276223
244200.0	3000.0	937.3518069613249	0.0	0	629.8056470186275	1137.3518069612328	1	0	tensor(3, device='cuda:0')	2.2817928179276223
245200.0	3000.0	937.3518069613592	0.0	0	569.1506547723839	1137.3518069612328	1	0	tensor(3, device='cuda:0')	2.2817928179276223
246200.0	3000.0	937.3518069613642	0.0	0	677.0260840597039	1137.3518069612037	1	0	tensor(3, device='cuda:0')	2.2817928179276232
247200.0	3000.0	937.3518069613524	0.0	0	437.72904017631663	1137.3518069612037	1	0	tensor(3, device='cuda:0')	2.2817928179276232
248200.0	3000.0	937.351806961336	0.0	0	513.3879193491885	1137.3518069612328	1	0	tensor(3, device='cuda:0')	2.2817928179276223
249200.0	3000.0	937.3518069613417	0.0	0	427.2265529613942	1137.3518069612328	1	0	tensor(3, device='cuda:0')	2.2817928179276223
250200.0	3000.0	937.3518069613219	0.0	0	523.05078706739	1137.3518069612328	1	0	tensor(3, device='cuda:0')	2.2817928179276223
251200.0	3000.0	937.3518069612937	0.0	0	639.1972150738584	1137.3518069612328	1	0	tensor(3, device='cuda:0')	2.2817928179276223
252200.0	3000.0	937.3518069612828	0.0	0	638.3344270871603	1137.3518069612328	1	0	tensor(3, device='cuda:0')	2.2817928179276223
253200.0	3000.0	937.3518069612974	0.0	0	682.8690526188875	1137.3518069612328	1	0	tensor(3, device='cuda:0')	2.2817928179276223
254200.0	3000.0	937.3518069612701	0.0	0	428.1246380212833	1137.3518069612328	1	0	tensor(3, device='cuda:0')	2.2817928179276223
255200.0	3000.0	937.3518069612833	0.0	0	401.6124687943375	1137.351806961262	1	0	tensor(3, device='cuda:0')	2.2817928179276215
256200.0	3000.0	937.3518069612719	0.0	0	579.282647310989	1137.351806961262	1	0	tensor(3, device='cuda:0')	2.2817928179276215
257200.0	3000.0	937.3518069612724	0.0	0	505.43143081042217	1137.351806961262	1	0	tensor(3, device='cuda:0')	2.2817928179276215
258200.0	3000.0	937.3518069612683	0.0	0	312.9145246349217	1137.351806961262	1	0	tensor(3, device='cuda:0')	2.2817928179276215
259224.87186313746	3000.0	912.4799438238452	0.0	0	0.0	1137.351806961291	1	0	tensor(3, device='cuda:0')	2.2817928179276206
260200.0	3000.0	937.3518069613042	0.0	0	454.1171697768441	1137.35180696132	1	0	tensor(3, device='cuda:0')	2.2817928179276197
261200.0	3000.0	937.3518069612885	0.0	0	235.67167598530068	1137.351806961291	1	0	tensor(3, device='cuda:0')	2.2817928179276206
262243.1306266593	3000.0	894.2211803019612	0.0	0	0.0	1137.351806961291	1	0	tensor(3, device='cuda:0')	2.2817928179276206
263200.0	3000.0	937.3518069612534	0.0	0	16.46522288356209	1137.3518069612328	1	0	tensor(3, device='cuda:0')	2.2817928179276215
264200.0	3000.0	937.3518069611932	0.0	0	266.0796916686231	1137.3518069612328	1	0	tensor(3, device='cuda:0')	2.2817928179276223
265200.0	3000.0	937.3518069611948	0.0	0	562.2139114690945	1137.3518069612328	1	0	tensor(3, device='cuda:0')	2.2817928179276223
266200.0	3000.0	937.3518069611391	0.0	0	677.2248498842237	1137.3518069612328	1	0	tensor(3, device='cuda:0')	2.2817928179276223
267200.0	3000.0	937.3518069611707	0.0	0	579.7813945309026	1137.3518069611746	1	0	tensor(3, device='cuda:0')	2.281792817927624
268200.0	3000.0	937.351806961195	0.0	0	528.5901395794936	1137.3518069611746	1	0	tensor(3, device='cuda:0')	2.281792817927624
269200.0	3000.0	937.3518069611707	0.0	0	535.2558618994663	1137.3518069611746	1	0	tensor(3, device='cuda:0')	2.281792817927624
270200.0	3000.0	937.3518069610759	0.0	0	462.8079690638697	1137.3518069611746	1	0	tensor(3, device='cuda:0')	2.281792817927624
271200.0	3000.0	937.3518069611359	0.0	0	535.7988399215974	1137.3518069611746	1	0	tensor(3, device='cuda:0')	2.281792817927624
272200.0	3000.0	937.3518069611382	0.0	0	76.74683440604713	1137.3518069611746	1	0	tensor(3, device='cuda:0')	2.281792817927624
273200.0	3000.0	937.3518069611039	0.0	0	577.0451146976557	1137.3518069611746	1	0	tensor(3, device='cuda:0')	2.281792817927624
274200.0	3000.0	937.351806961095	0.0	0	409.0470480961958	1137.3518069611746	1	0	tensor(3, device='cuda:0')	2.281792817927624
275200.0	3000.0	937.3518069609906	0.0	0	615.0669229722698	1137.3518069611164	1	0	tensor(3, device='cuda:0')	2.281792817927626
276200.0	3000.0	937.3518069609972	0.0	0	611.4751347503625	1137.3518069611164	1	0	tensor(3, device='cuda:0')	2.281792817927626
277200.0	3000.0	937.3518069609427	0.0	0	639.069103552727	1137.3518069611164	1	0	tensor(3, device='cuda:0')	2.281792817927626
278200.0	3000.0	937.3518069609536	0.0	0	415.52895942988107	1137.3518069611164	1	0	tensor(3, device='cuda:0')	2.281792817927626
279200.0	3000.0	937.3518069609477	0.0	0	701.4084616673063	1137.3518069611746	1	0	tensor(3, device='cuda:0')	2.281792817927624
280200.0	3000.0	937.3518069609645	0.0	0	227.55472016270505	1137.3518069612328	1	0	tensor(3, device='cuda:0')	2.2817928179276223
281205.39803930616	3000.0	931.9537676547866	0.0	0	0.0	1137.3518069611746	1	0	tensor(3, device='cuda:0')	2.281792817927624
282200.0	3000.0	937.3518069609133	0.0	0	47.15619043522747	1137.3518069611746	1	0	tensor(3, device='cuda:0')	2.281792817927624
283200.0	3000.0	937.3518069608472	0.0	0	542.2213535865885	1137.3518069611746	1	0	tensor(3, device='cuda:0')	2.281792817927624
284200.0	3000.0	937.3518069608617	0.0	0	702.0802456425154	1137.3518069611746	1	0	tensor(3, device='cuda:0')	2.281792817927624
285200.0	3000.0	937.3518069609067	0.0	0	329.2653821667773	1137.3518069612328	1	0	tensor(3, device='cuda:0')	2.2817928179276223
286200.0	3000.0	937.3518069609195	0.0	0	486.76584691368043	1137.3518069612328	1	0	tensor(3, device='cuda:0')	2.2817928179276223
287200.0	3000.0	937.3518069609743	0.0	0	595.1812822049251	1137.3518069612328	1	0	tensor(3, device='cuda:0')	2.2817928179276223
288200.0	3000.0	937.3518069610388	0.0	0	499.57748115458526	1137.3518069612328	1	0	tensor(3, device='cuda:0')	2.2817928179276223
289200.0	3000.0	937.3518069610413	0.0	0	278.82594985421747	1137.3518069612328	1	0	tensor(3, device='cuda:0')	2.2817928179276223
290200.0	3000.0	937.3518069610645	0.0	0	104.71113083953969	1137.3518069612328	1	0	tensor(3, device='cuda:0')	2.2817928179276223
291200.0	3000.0	937.3518069610777	0.0	0	509.60868027986726	1137.3518069612328	1	0	tensor(3, device='cuda:0')	2.2817928179276223
292200.0	3000.0	937.3518069610716	0.0	0	559.8825422588852	1137.3518069612328	1	0	tensor(3, device='cuda:0')	2.2817928179276223
293200.0	3000.0	937.3518069610623	0.0	0	569.3825742605841	1137.3518069611746	1	0	tensor(3, device='cuda:0')	2.281792817927624
294200.0	3000.0	937.3518069611232	0.0	0	402.7224684996763	1137.3518069611746	1	0	tensor(3, device='cuda:0')	2.281792817927624
295200.0	3000.0	937.3518069610975	0.0	0	639.682650342118	1137.3518069611164	1	0	tensor(3, device='cuda:0')	2.281792817927626
296200.0	3000.0	937.3518069610839	0.0	0	735.3629053088371	1137.3518069610582	1	0	tensor(3, device='cuda:0')	2.2817928179276277
297200.0	3000.0	937.3518069611196	0.0	0	464.11445445223944	1137.3518069610582	1	0	tensor(3, device='cuda:0')	2.2817928179276277
298200.0	3000.0	937.3518069610641	0.0	0	353.01692587323487	1137.351806961	1	0	tensor(3, device='cuda:0')	2.2817928179276294
299200.0	3000.0	937.3518069610791	0.0	0	539.1454163443414	1137.351806961	1	0	tensor(3, device='cuda:0')	2.2817928179276294
300200.0	3000.0	937.3518069610573	0.0	0	589.7927581148688	1137.3518069610582	1	0	tensor(3, device='cuda:0')	2.2817928179276277
5.79	11.4	14.2	8.99	6.2	7.34	9.15	5.32	4.63	5.72	7.26	6.6	7.02	4.41	4.7	4.88	4.4	6.14	9.99	6.5	6.37	6.54	5.69	4.39	3.88	4.16	6.28	9.0	7.66	7.76	5.36	5.03	7.46	9.57	7.01	6.93	9.13	13.5	9.34	8.68	8.88	11.3	5.68	6.93	9.86	8.97	9.59	7.25	9.12	5.9	6.82	5.29	7.78	9.85	5.41	5.76	3.97	6.82	8.13	6.82	5.63	4.54	6.22	6.32	9.07	8.34	12.6	10.7	12.1	10.6	4.8	6.28	8.77	4.82	5.22	6.82	5.57	4.53	6.26	5.42	5.64	6.9	5.46	6.2	5.73	3.61	6.9	6.48	5.17	4.43	6.24	6.38	6.82	6.56	7.75	10.0	8.29	9.83	5.73	5.62	7.11	7.84	9.73	10.5	8.95	8.86	8.93	8.41	7.25	9.44	10.8	5.66	5.61	5.35	4.14	4.77	4.43	6.85	4.69	7.49	8.12	7.95	7.39	7.91	8.03	6.67	5.88	8.83	7.6	5.56	6.93	5.17	8.9	8.25	9.06	9.61	7.55	6.32	4.85	5.88	8.78	6.5	10.5	7.43	7.11	9.64	10.3	8.57	8.13	6.26	7.69	7.9	6.34	6.21	5.72	6.3	7.96	6.22	9.28	8.14	8.66	9.71	5.37	3.74	4.16	6.81	5.77	4.96	4.62	5.44	5.22	9.0	8.22	9.37	4.05	3.96	5.09	7.76	9.36	7.65	5.02	6.52	7.99	8.31	10.2	6.73	4.58	5.75	6.08	7.11	7.92	9.06	6.71	5.72	6.86	5.04	6.43	7.39	4.17	4.59	3.31	5.34	6.01	7.15	7.3	7.78	4.38	5.91	9.83	7.1	5.32	4.12	5.57	7.17	8.21	7.23	7.34	9.79	7.05	6.72	8.72	11.5	7.44	5.07	5.62	6.26	6.38	5.09	7.75	15.0	12.1	10.3	7.84	8.14	5.72	7.3	6.36	5.58	5.47	8.72	7.89	10.6	11.1	5.2	6.19	8.7	7.17	5.34	3.78	5.77	3.36	3.52	3.79	5.62	7.59	8.24	8.4	5.37	7.98	6.86	7.92	3.6	5.73	6.16	6.65	7.05	7.32	7.15	8.03	3.96	4.19	3.94	8.38	8.17	4.47	6.26	8.62	8.17	5.46	4.37	5.61	9.13	9.0	5.49	8.6	11.6	7.45	4.7	7.89	7.18	6.85	6.75
1105.0	1106.0	1107.0	1108.0	1109.0	1110.0	1111.0	1112.0	1113.0	1114.0	1115.0	1116.0	1117.0	1118.0	1119.0	1120.0	1121.0	1122.0	1123.0	1124.0	1125.0	1126.0	1127.0	1128.0	1129.0	1130.0	1131.0	1132.0	1133.0	1134.0	1135.0	1136.0	1137.0	1138.0	1139.0	1140.0	1141.0	1142.0	1143.0	1144.0	1145.0	1146.0	1147.0	1148.0	1149.0	1150.0	1151.0	1152.0	1153.0	1154.0	1155.0	1156.0	1157.0	1158.0	1159.0	1160.0	1161.0	1162.0	1163.0	1164.0	1165.0	1166.0	1167.0	1168.0	1169.0	1170.0	1171.0	1172.0	1173.0	1174.0	1175.0	1176.0	1177.0	1178.0	1179.0	1180.0	1181.0	1182.0	1183.0	1184.0	1185.0	1186.0	1187.0	1188.0	1189.0	1190.0	1191.0	1192.0	1193.0	1194.0	1195.0	1196.0	1197.0	1198.0	1199.0	1200.0	1201.0	1202.0	1203.0	1204.0	1205.0	1206.0	1207.0	1208.0	1209.0	1210.0	1211.0	1212.0	1213.0	1214.0	1215.0	1216.0	1217.0	1218.0	1219.0	1220.0	1221.0	1222.0	1223.0	1224.0	1225.0	1226.0	1227.0	1228.0	1229.0	1230.0	1231.0	1232.0	1233.0	1234.0	1235.0	1236.0	1237.0	1238.0	1239.0	1240.0	1241.0	1242.0	1243.0	1244.0	1245.0	1246.0	1247.0	1248.0	1249.0	1250.0	1251.0	1252.0	1253.0	1254.0	1255.0	1256.0	1257.0	1258.0	1259.0	1260.0	1261.0	1262.0	1263.0	1264.0	1265.0	1266.0	1267.0	1268.0	1269.0	1270.0	1271.0	1272.0	1273.0	1274.0	1275.0	1276.0	1277.0	1278.0	1279.0	1280.0	1281.0	1282.0	1283.0	1284.0	1285.0	1286.0	1287.0	1288.0	1289.0	1290.0	1291.0	1292.0	1293.0	1294.0	1295.0	1296.0	1297.0	1298.0	1299.0	1300.0	1301.0	1302.0	1303.0	1304.0	1305.0	1306.0	1307.0	1308.0	1309.0	1310.0	1311.0	1312.0	1313.0	1314.0	1315.0	1316.0	1317.0	1318.0	1319.0	1320.0	1321.0	1322.0	1323.0	1324.0	1325.0	1326.0	1327.0	1328.0	1329.0	1330.0	1331.0	1332.0	1333.0	1334.0	1335.0	1336.0	1337.0	1338.0	1339.0	1340.0	1341.0	1342.0	1343.0	1344.0	1345.0	1346.0	1347.0	1348.0	1349.0	1350.0	1351.0	1352.0	1353.0	1354.0	1355.0	1356.0	1357.0	1358.0	1359.0	1360.0	1361.0	1362.0	1363.0	1364.0	1365.0	1366.0	1367.0	1368.0	1369.0	1370.0	1371.0	1372.0	1373.0	1374.0	1375.0	1376.0	1377.0	1378.0	1379.0	1380.0	1381.0	1382.0	1383.0	1384.0	1385.0	1386.0	1387.0	1388.0	1389.0	1390.0	1391.0	1392.0	1393.0	1394.0	1395.0	1396.0
10074.0
