11085.474578737534	300.0	2000.0	416.50445929836513	0	0.0	11085.474578737534	1	0	tensor(3, device='cuda:0')	-6.461952327634345
11662.755219120212	1000.0	2278.399199521654	0.0	0	0.0	10941.154418641867	1	0	tensor(5, device='cuda:0')	-4.751162669636611
12385.917921088649	1000.0	2374.4458220611086	0.0	0	0.0	10760.363743149757	1	0	tensor(5, device='cuda:0')	-3.115208490599585
12798.937230506745	1000.0	2858.1716852884856	0.0	0	0.0	10657.10891579523	1	0	tensor(5, device='cuda:0')	-2.9559733873556615
13138.225242476921	1000.0	3434.061670325766	0.0	0	0.0	10572.286912802687	1	0	tensor(5, device='cuda:0')	-2.9156563216817406
13474.790041061682	1000.0	4013.355672094816	0.0	0	0.0	10488.145713156498	1	0	tensor(5, device='cuda:0')	-2.9106838221578792
13769.281922875913	1000.0	4645.240819827026	0.0	0	0.0	10414.522742702939	1	0	tensor(5, device='cuda:0')	-2.886380916043728
14057.860102981263	1000.0	5284.518094695334	0.0	0	0.0	10342.3781976766	1	0	tensor(5, device='cuda:0')	-2.8799010860662873
15564.252992394731	3000.0	4401.526982928499	0.0	0	0.0	9965.779975323232	1	0	tensor(5, device='cuda:0')	-3.4733460466945525
16591.816685833714	1000.0	4117.072366129767	0.0	0	0.0	9708.889051963482	1	0	tensor(5, device='cuda:0')	-4.307813834046072
17421.381673075797	1000.0	4080.116132077164	0.0	0	0.0	9501.497805152962	1	0	tensor(5, device='cuda:0')	-3.08950501100719
18062.396241302253	1000.0	4278.847921794093	0.0	0	0.0	9341.244163096348	1	0	tensor(5, device='cuda:0')	-2.97465507005699
18963.342984063762	1000.0	4152.66449334221	0.0	0	0.0	9116.00747740597	1	0	tensor(5, device='cuda:0')	-3.077529553443382
19945.943068227283	1000.0	3924.4143881378113	0.0	0	0.0	8870.357456365093	1	0	tensor(5, device='cuda:0')	-3.0732654288758656
20416.551018484995	1000.0	4336.1544503156765	0.0	0	0.0	8752.705468800672	1	0	tensor(5, device='cuda:0')	-2.786348062498988
20808.081554185675	1000.0	4846.741280689821	0.0	0	0.0	8654.822834875496	1	0	tensor(5, device='cuda:0')	-2.7249645178320065
21115.837923479055	1000.0	5462.045819073096	0.0	0	0.0	8577.88374255215	1	0	tensor(5, device='cuda:0')	-2.662533542423555
21389.78993590015	1000.0	6119.605803546723	0.0	0	0.0	8509.395739446873	1	0	tensor(5, device='cuda:0')	-2.6257391275614372
22104.77264002043	3000.0	6225.877423396369	0.0	0	0.0	8330.650063416795	1	0	tensor(5, device='cuda:0')	-2.8043711908012856
23576.148408282414	3000.0	5386.657713068889	0.0	0	0.0	7962.806121351299	1	0	tensor(5, device='cuda:0')	-1.9742977160140733
24610.09887886424	3000.0	5094.219624841607	0.0	0	0.0	7704.318503705839	1	0	tensor(5, device='cuda:0')	-1.6225307022142326
25549.11791043257	3000.0	4920.445835381194	0.0	0	0.0	7469.563745813757	1	0	tensor(5, device='cuda:0')	-1.4381820740659883
26134.06186162723	3000.0	5189.265896387871	0.0	0	0.0	7323.327758015093	1	0	tensor(5, device='cuda:0')	-1.1629234396803758
27169.91429105749	3000.0	4894.450359600048	0.0	0	0.0	7064.364650657528	1	0	tensor(5, device='cuda:0')	-1.2324483427488007
29204.611213914315	3000.0	3351.0792060290114	0.0	0	0.0	6555.690419943319	1	0	tensor(5, device='cuda:0')	-1.3859271970898472
29774.074555320298	1000.0	3639.2500292715354	0.0	0	0.0	6413.324584591828	1	0	tensor(5, device='cuda:0')	-2.6069203248152535
30206.525725959273	1000.0	4098.686065972814	0.0	0	0.0	6305.211791932081	1	0	tensor(5, device='cuda:0')	-1.3292111377872788
30659.836339854013	1000.0	4532.047798604388	0.0	0	0.0	6191.8841384583975	1	0	tensor(5, device='cuda:0')	-1.2332155497290402
32438.00051026337	3000.0	3309.342585592699	0.0	0	0.0	5747.343095856064	1	0	tensor(5, device='cuda:0')	-1.5298832711656065
33993.67175815657	3000.0	2364.753525726204	0.0	0	0.0	5358.425283882767	1	0	tensor(5, device='cuda:0')	0.058131980721457574
34498.61292947247	1000.0	2733.5770615813303	0.0	0	0.0	5232.189991053794	1	0	tensor(5, device='cuda:0')	-1.4360737378036257
35082.96827157407	1000.0	3003.1328839543194	0.0	0	0.0	5086.101155528384	1	0	tensor(5, device='cuda:0')	-0.2549651292193982
35736.1914439354	1000.0	3186.603918502661	0.0	0	0.0	4922.795362438057	1	0	tensor(5, device='cuda:0')	-0.15962263856599446
36368.34568077489	1000.0	3396.411122453304	0.0	0	0.0	4764.756803228185	1	0	tensor(5, device='cuda:0')	-0.030582206359379152
37286.36298573153	1000.0	3248.889491257494	0.0	0	0.0	4535.252476989019	1	0	tensor(5, device='cuda:0')	-0.03381269310440467
37764.85306660573	1000.0	3650.7768901647455	0.0	0	0.0	4415.62995677047	1	0	tensor(5, device='cuda:0')	0.2761314918124723
38423.5956757677	1000.0	3827.3486287122832	0.0	0	0.0	4250.944304479977	1	0	tensor(5, device='cuda:0')	0.2690090249721237
39200.0	1000.0	3856.8432234219	0.0	0	196.75474669495452	4056.8432234218926	1	0	tensor(5, device='cuda:0')	0.2927347707384033
40601.37052851219	3000.0	3105.130062781673	0.0	0	0.0	3706.5005912938577	1	0	tensor(5, device='cuda:0')	0.11714380172134309
41629.561472686204	3000.0	3076.9391186076664	0.0	0	0.0	3706.5005912938577	1	0	tensor(3, device='cuda:0')	1.4458245054147207
43273.437610451736	3000.0	2022.093946400752	0.0	0	0.0	3295.531556852482	1	0	tensor(5, device='cuda:0')	0.714263178666241
44174.94243813733	3000.0	1895.2129117937548	0.0	0	0.0	3070.155349931083	1	0	tensor(5, device='cuda:0')	1.6477352548110749
45471.42856061728	3000.0	1274.6052586938285	0.0	0	0.0	2746.0338193111093	1	0	tensor(5, device='cuda:0')	1.502403402833989
45879.54223001418	1000.0	1764.463171947702	0.0	0	0.0	2644.005401961891	1	0	tensor(5, device='cuda:0')	-0.2268632549364666
47631.41359670195	3000.0	1012.591805259933	0.0	0	0.0	2644.005401961891	1	0	tensor(3, device='cuda:0')	0.5790656533370213
48660.77000752328	3000.0	983.2353944386051	0.0	0	0.0	2644.0054019618983	1	0	tensor(3, device='cuda:0')	2.17767794200513
49276.1814760697	1000.0	1213.971058755576	0.0	0	0.0	2490.152534825291	1	0	tensor(5, device='cuda:0')	-0.81315947547052
50026.16666284839	1000.0	1276.4895752822233	0.0	0	0.0	2302.656238130621	1	0	tensor(5, device='cuda:0')	0.7374776209636736
51330.16974482473	1000.0	646.4857228117944	0.0	0	0.0	1976.655467636534	1	0	tensor(5, device='cuda:0')	0.48326829149016526
52168.127401340156	1000.0	599.0386521675198	0.0	0	0.0	1767.1660535076953	1	0	tensor(5, device='cuda:0')	0.7347701234590339
52694.49502162673	1000.0	941.0791268093049	0.0	0	0.0	1635.5741484360624	1	0	tensor(5, device='cuda:0')	0.89900407523959
53200.0	1000.0	1435.574148436033	0.0	0	3.461516519120778	1635.5741484360624	1	0	tensor(3, device='cuda:0')	0.663614727626558
54200.0	1000.0	1435.5741484360349	0.0	0	535.3936375566336	1635.5741484360624	1	0	tensor(3, device='cuda:0')	1.163614727626558
55363.27384989955	3000.0	1272.3002985364847	0.0	0	0.0	1635.5741484360624	1	0	tensor(3, device='cuda:0')	1.163614727626558
56812.60439715844	3000.0	822.9697512776047	0.0	0	0.0	1635.5741484360624	1	0	tensor(3, device='cuda:0')	2.262227016294668
57639.13876567993	3000.0	996.4353827561125	0.0	0	0.0	1635.5741484360624	1	0	tensor(3, device='cuda:0')	2.262227016294668
58498.161863646375	3000.0	1137.4122847896624	0.0	0	0.0	1635.5741484360624	1	0	tensor(3, device='cuda:0')	2.262227016294668
59605.48634571379	3000.0	1030.0878027222593	0.0	0	0.0	1635.5741484360697	1	0	tensor(3, device='cuda:0')	2.2622270162946676
60200.0	1000.0	1435.5741484360528	0.0	0	8.805688125699817	1635.574148436077	1	0	tensor(3, device='cuda:0')	0.0650024389584476
62380.466784822056	3000.0	255.10736361399051	0.0	0	0.0	1635.574148436077	1	0	tensor(3, device='cuda:0')	1.1636147276265576
62779.09417510922	1000.0	756.8231257550448	0.0	0	0.0	1535.9173008642902	1	0	tensor(5, device='cuda:0')	-0.6307555557873055
63200.0	1000.0	1335.9173008642645	0.0	0	54.24056585365179	1535.9173008642902	1	0	tensor(3, device='cuda:0')	0.6683266475542617
64630.7600702542	3000.0	905.1572306100579	0.0	0	0.0	1535.9173008642902	1	0	tensor(3, device='cuda:0')	1.1683266475542617
65272.69952169681	1000.0	1102.7329163067939	0.0	0	0.0	1375.4324380036414	1	0	tensor(5, device='cuda:0')	-0.7460867017619576
66200.0	1000.0	1175.4324380036057	0.0	0	555.6808653279004	1375.4324380036414	1	0	tensor(3, device='cuda:0')	0.675012757280326
67200.0	3000.0	1175.4324380036053	0.0	0	239.01792409000336	1375.4324380036414	1	0	tensor(3, device='cuda:0')	1.1750127572803262
68200.0	3000.0	1175.4324380035932	0.0	0	73.83364315444487	1375.432438003656	1	0	tensor(3, device='cuda:0')	2.2736250459484353
70172.91746769997	3000.0	202.51497030363242	0.0	0	0.0	1375.4324380036705	1	0	tensor(3, device='cuda:0')	2.273625045948435
70797.18804614517	1000.0	704.7245261818517	126.48013432340642	0	0.0	1501.9125723270845	1	0	tensor(3, device='cuda:0')	-0.6876607757759539
71250.73026762456	1000.0	1251.18230470246	0.0	0	0.0	1501.91257232707	1	0	tensor(3, device='cuda:0')	1.1698323188325952
72200.0	1000.0	1301.912572327004	0.0	0	540.9770480661246	1501.91257232707	1	0	tensor(3, device='cuda:0')	1.1698323188325952
73790.55344047079	3000.0	711.3591318562158	0.0	0	0.0	1501.91257232707	1	0	tensor(3, device='cuda:0')	1.1698323188325952
74367.49018250701	1000.0	1134.4223898199957	0.0	0	0.0	1501.91257232707	1	0	tensor(3, device='cuda:0')	0.07122003016448547
75200.0	1000.0	1301.9125723270054	0.0	0	509.045241759668	1501.91257232707	1	0	tensor(3, device='cuda:0')	1.1698323188325952
76423.19792626442	3000.0	1078.7146460625956	0.0	0	0.0	1501.9125723270845	1	0	tensor(3, device='cuda:0')	1.1698323188325948
77200.0	1000.0	1107.712053893109	0.0	0	2.6336386204638984	1307.712053893163	1	0	tensor(5, device='cuda:0')	-0.811477820370917
78200.0	1000.0	857.7120538931205	0.0	0	318.3048341016547	1057.7120538931777	1	0	tensor(5, device='cuda:0')	0.6827726291506654
79200.0	1000.0	857.7120538931106	0.0	0	317.25640288375143	1057.712053893163	1	0	tensor(3, device='cuda:0')	0.6855126796878245
80200.0	1000.0	607.7120538931163	0.0	0	134.09741693918477	807.7120538931777	1	0	tensor(5, device='cuda:0')	0.1898015468324224
81200.0	1000.0	357.7120538931099	0.0	0	431.9200943174801	557.7120538931631	1	0	tensor(5, device='cuda:0')	0.6948726944552343
82742.64932825393	3000.0	200.0	384.93727436081883	0	0.0	942.6493282539741	1	0	tensor(3, device='cuda:0')	-1.6207715351513197
83428.30819292035	1000.0	570.766233880689	182.27185177095407	0	0.0	999.0744268010749	1	0	tensor(5, device='cuda:0')	-1.7580756132783035
84347.06547277846	1000.0	441.1289324056362	15.047438678080425	0	0.0	788.1944051841419	1	0	tensor(5, device='cuda:0')	0.6487725424732108
85330.52308396263	1000.0	358.03225457472195	116.9802689194334	0	0.0	688.5553385374078	1	0	tensor(5, device='cuda:0')	0.05777829447182614
86200.0	1000.0	271.1861095279884	0.0	0	558.4432695499709	471.18610952806193	1	0	tensor(5, device='cuda:0')	0.7616835534747826
88034.73137195398	3000.0	200.0	763.5452624259942	0	0.0	1234.7313719540543	1	0	tensor(3, device='cuda:0')	-3.897073946087266
88411.36970445568	1000.0	842.2612408755008	18.899573377188887	0	0.0	1253.6309453312424	1	0	tensor(3, device='cuda:0')	-0.03258010323248853
89200.0	1000.0	1053.6309453311594	0.0	0	365.1936738038203	1253.6309453312424	1	0	tensor(3, device='cuda:0')	1.1794296256987544
90200.0	3000.0	1053.6309453311615	0.0	0	1.1877409640001133	1253.6309453312424	1	0	tensor(3, device='cuda:0')	1.1794296256987549
91474.72241879493	3000.0	778.9085265362439	0.0	0	0.0	1253.630945331257	1	0	tensor(3, device='cuda:0')	2.278041914366864
92200.0	1000.0	872.3115500298833	0.0	0	33.3081314433075	1072.311550029961	1	0	tensor(5, device='cuda:0')	-0.7776544821366874
93200.0	1000.0	872.3115500299026	0.0	0	445.23449501529103	1072.3115500299755	1	0	tensor(3, device='cuda:0')	0.6850987370831576
94200.0	1000.0	872.3115500299227	0.0	0	463.1487043059751	1072.3115500299755	1	0	tensor(3, device='cuda:0')	1.1850987370831576
96385.26960899097	3000.0	200.0	512.9580589610468	0	0.0	1585.2696089909732	1	0	tensor(3, device='cuda:0')	-1.9071589809491587
96863.34006398477	1000.0	719.9840527974231	94.05769723171966	0	0.0	1583.3241167821834	1	0	tensor(5, device='cuda:0')	-1.1901748592567467
97253.32148224882	1000.0	1232.5072799673399	0.0	0	0.0	1485.8287622161588	1	0	tensor(5, device='cuda:0')	0.9744349751980581
98200.0	3000.0	1285.828762216162	0.0	0	59.24650385134737	1485.8287622161442	1	0	tensor(3, device='cuda:0')	0.6705272288449331
100038.53809936567	3000.0	447.2906628504907	0.0	0	0.0	1485.8287622161442	1	0	tensor(3, device='cuda:0')	2.269139517513043
100710.52398400093	1000.0	607.3083070564126	0.0	0	0.0	1317.8322910573188	1	0	tensor(5, device='cuda:0')	-0.758990561711501
101303.49470486066	1000.0	1014.3375861966817	0.0	0	0.0	1317.8322910573042	1	0	tensor(3, device='cuda:0')	0.6771673757222236
102200.0	1000.0	1117.8322910573381	0.0	0	452.59304110698577	1317.8322910573042	1	0	tensor(3, device='cuda:0')	1.1771673757222236
103450.68036877588	3000.0	867.1519222814679	0.0	0	0.0	1317.8322910573042	1	0	tensor(3, device='cuda:0')	1.1771673757222239
104424.45437119428	3000.0	893.3779198630854	0.0	0	0.0	1317.8322910573042	1	0	tensor(3, device='cuda:0')	2.2757796643903334
105730.5854013894	3000.0	587.2468896679712	0.0	0	0.0	1317.8322910573042	1	0	tensor(3, device='cuda:0')	2.2757796643903334
106200.0	1000.0	1117.8322910573766	0.0	0	1.5048740517522674	1317.8322910573042	1	0	tensor(3, device='cuda:0')	0.07855508705411401
108543.25652358032	3000.0	239.31002436610873	464.73425688903137	0	0.0	1782.5665479464224	1	0	tensor(3, device='cuda:0')	-1.6293300268845026
109725.44266978688	3000.0	388.18673523143866	331.06285707189653	0	0.0	2113.6294050183205	1	0	tensor(3, device='cuda:0')	0.24567006695290983
110259.62937996145	1000.0	720.4533475132162	0.0	0	0.0	1980.0827274746844	1	0	tensor(5, device='cuda:0')	-0.7248030470806861
110819.4558185291	1000.0	1160.6269089455711	0.0	0	0.0	1980.0827274746698	1	0	tensor(3, device='cuda:0')	0.6433122022515861
111550.6875593161	1000.0	1246.5872329618176	0.0	0	0.0	1797.274792277909	1	0	tensor(5, device='cuda:0')	0.2856439976102264
112890.64588605051	1000.0	571.6393245437912	0.0	0	0.0	1462.285210594302	1	0	tensor(5, device='cuda:0')	0.49858380364726124
113769.06967077241	1000.0	473.60959364141706	0.0	0	0.0	1242.6792644138332	1	0	tensor(5, device='cuda:0')	0.7385380477244078
114603.62803562361	1000.0	501.5952150347767	56.94686196587895	0	0.0	1105.2232506583969	1	0	tensor(5, device='cuda:0')	0.4521799748876999
115636.5892182888	1000.0	277.9311040485567	54.029893876211815	0	0.0	914.5203223373828	1	0	tensor(5, device='cuda:0')	0.3737257789673649
116680.10250068587	1000.0	347.07444888921384	298.82795826961217	0	0.0	1027.1769495751068	1	0	tensor(5, device='cuda:0')	-0.9808378543621669
117472.60292615836	1000.0	562.958885599621	165.2079748408175	0	0.0	1035.5618117580016	1	0	tensor(5, device='cuda:0')	-0.11987776306254788
118200.0	1000.0	835.561811757973	0.0	0	47.05343086825451	1035.5618117580016	1	0	tensor(3, device='cuda:0')	0.6861294427542923
119200.0	1000.0	585.5618117579722	0.0	0	422.7529837508773	785.5618117580016	1	0	tensor(5, device='cuda:0')	0.19000100743753148
120207.38937635552	1000.0	578.1724354024527	0.0	0	0.0	785.5618117580016	1	0	tensor(3, device='cuda:0')	0.6922309725933378
121200.0	1000.0	337.4091558468658	0.0	0	465.3631574822648	537.4091558468936	1	0	tensor(5, device='cuda:0')	0.19894470255911895
122200.0	1000.0	337.40915584686616	0.0	0	284.306633450411	537.4091558468936	1	0	tensor(3, device='cuda:0')	0.696964790870913
123200.0	1000.0	337.4091558468833	0.0	0	370.7379251997627	537.4091558468936	1	0	tensor(3, device='cuda:0')	1.1969647908709131
124200.0	1000.0	360.4455394579247	23.036383611048223	0	215.49137081063236	560.4455394579418	1	0	tensor(3, device='cuda:0')	1.0583543925546406
125200.0	1000.0	120.74630217486538	8.240610173551914	0	443.7959096550476	320.7463021748845	1	0	tensor(5, device='cuda:0')	0.1535369897004678
126200.0	1000.0	418.6513887789265	297.9050866040495	0	92.99452531593852	618.6513887789188	1	0	tensor(3, device='cuda:0')	-1.0918893591415202
127200.0	1000.0	168.6513887789361	0.0	0	467.484438136511	368.6513887789333	1	0	tensor(5, device='cuda:0')	0.1981028346743136
128200.0	1000.0	345.8958349079024	177.24444612898952	0	332.3007374912995	545.8958349079185	1	0	tensor(3, device='cuda:0')	-0.3666452947678999
129200.0	1000.0	345.89583490788766	0.0	0	607.9958612463233	545.8958349079185	1	0	tensor(3, device='cuda:0')	1.1968213820060372
131161.77080950123	3000.0	200.0	815.8749745933617	0	0.0	1361.770809501264	1	0	tensor(3, device='cuda:0')	-3.714770059247372
131709.0923466642	1000.0	694.8978583818928	143.23982386847393	0	0.0	1403.990205046095	1	0	tensor(5, device='cuda:0')	-1.487432817377442
132200.0	1000.0	1081.263291712102	0.0	0	1.2810408887744416	1281.2632917120936	1	0	tensor(5, device='cuda:0')	0.9318607482867114
133200.0	1000.0	1081.2632917121355	0.0	0	475.3899714720319	1281.2632917120936	1	0	tensor(3, device='cuda:0')	0.6784734103933958
135972.35622496138	3000.0	200.0	891.0929332492633	0	0.0	2172.356224961375	1	0	tensor(3, device='cuda:0')	-4.2034418129960525
136584.0356969247	1000.0	712.8089784944668	221.92665475885943	0	0.0	2296.8446754191827	1	0	tensor(5, device='cuda:0')	-2.010145995761669
136890.25437271653	1000.0	1330.035633754677	0.0	0	0.0	2220.2900064712157	1	0	tensor(5, device='cuda:0')	0.970007006634996
138491.76989401184	3000.0	728.5201124593511	0.0	0	0.0	2220.2900064712157	1	0	tensor(3, device='cuda:0')	0.6245842320485497
138858.53817785752	1000.0	1361.7518286136515	0.0	0	0.0	2220.2900064712157	1	0	tensor(3, device='cuda:0')	0.025971943380439788
139275.06478635056	1000.0	1945.2252201206038	0.0	0	0.0	2220.2900064712157	1	0	tensor(3, device='cuda:0')	1.1245842320485497
141784.8730867744	3000.0	435.4169196967577	0.0	0	0.0	2220.2900064712157	1	0	tensor(3, device='cuda:0')	1.1245842320485497
142238.63259568246	1000.0	868.2175335617043	0.0	0	0.0	2106.850129244209	1	0	tensor(5, device='cuda:0')	-0.6938786865707618
142510.86857223712	1000.0	1527.9225628683548	0.0	0	0.0	2038.7911351055373	1	0	tensor(5, device='cuda:0')	1.0019332843387334
143322.83797818725	3000.0	1715.9531569182104	0.0	0	0.0	2038.7911351055373	1	0	tensor(3, device='cuda:0')	0.6391259679939698
144587.17524915922	3000.0	1451.6158859462373	0.0	0	0.0	2038.7911351055373	1	0	tensor(3, device='cuda:0')	2.2377382566620794
145782.53885117217	3000.0	1256.2522839332946	0.0	0	0.0	2038.7911351055373	1	0	tensor(3, device='cuda:0')	2.2377382566620794
147236.37256715077	3000.0	802.4185679546974	0.0	0	0.0	2038.7911351055373	1	0	tensor(3, device='cuda:0')	2.2377382566620794
147806.2872806922	1000.0	1232.5038544132751	0.0	0	0.0	2038.7911351055081	1	0	tensor(3, device='cuda:0')	0.040513679325862084
148710.91671520154	1000.0	1101.7170612765444	0.0	0	0.0	1812.6337764781201	1	0	tensor(5, device='cuda:0')	0.1974093525077836
149586.8232454696	1000.0	1006.833898441502	0.0	0	0.0	1593.657143911114	1	0	tensor(5, device='cuda:0')	0.7254659776925941
150212.1701765692	1000.0	1381.486967341894	0.0	0	0.0	1593.657143911114	1	0	tensor(3, device='cuda:0')	0.6656526017888368
151200.0	1000.0	1146.6996880534218	0.0	0	536.679284806014	1346.699688053428	1	0	tensor(5, device='cuda:0')	0.1782743067139805
153341.5743312244	3000.0	200.0	194.87464317096877	0	0.0	1541.5743312244012	1	0	tensor(3, device='cuda:0')	-0.49475139025965
154153.0515506514	1000.0	488.5072601511667	242.2830275479494	0	0.0	1641.558810802555	1	0	tensor(5, device='cuda:0')	-2.1762596610560134
154636.07883653784	1000.0	884.7231527931349	0.0	0	0.0	1520.8019893309393	1	0	tensor(5, device='cuda:0')	0.9262740045907001
155200.0	1000.0	1320.8019893309395	0.0	0	41.26506803097436	1520.8019893309393	1	0	tensor(3, device='cuda:0')	0.6690021109203524
157437.2307447735	3000.0	200.0	116.42875544255575	0	0.0	1637.2307447734638	1	0	tensor(3, device='cuda:0')	0.46886861564663523
158323.86660973754	1000.0	409.0998437039292	253.91573992719552	0	0.0	1732.9664534414478	1	0	tensor(5, device='cuda:0')	-2.2832969463798993
159117.2706972212	1000.0	494.0593068322801	61.37165798631912	0	0.0	1611.330004053394	1	0	tensor(5, device='cuda:0')	0.4279953604137058
159671.6287406149	1000.0	801.1117525901681	0.0	0	0.0	1472.7404932049685	1	0	tensor(5, device='cuda:0')	0.8926237486730748
160304.39387197475	1000.0	1168.346621230297	0.0	0	0.0	1472.7404932049685	1	0	tensor(3, device='cuda:0')	0.6710847008901362
161200.0	1000.0	1048.838961198721	0.0	0	498.2029526029946	1248.838961198664	1	0	tensor(5, device='cuda:0')	0.22836939892889424
162200.0	3000.0	1048.8389611987136	0.0	0	26.542835216532694	1248.838961198664	1	0	tensor(3, device='cuda:0')	0.67959282626053
164201.06393532603	3000.0	200.0	152.22497412732776	0	0.0	1401.0639353260049	1	0	tensor(3, device='cuda:0')	1.3627535930146633
164689.8513106431	1000.0	701.1588806231034	89.71447981553875	0	0.0	1391.010191266163	1	0	tensor(5, device='cuda:0')	-1.163220676723571
165232.87860973759	1000.0	1022.3747567550049	0.0	0	0.0	1255.2533664925431	1	0	tensor(5, device='cuda:0')	0.9066002708732221
166200.0	1000.0	1055.2533664925709	0.0	0	432.4918633128109	1255.2533664925431	1	0	tensor(3, device='cuda:0')	0.6793741965205786
168687.44230591433	3000.0	200.0	632.1889394217776	0	0.0	1887.44230591433	1	0	tensor(3, device='cuda:0')	-2.6290423993235996
169429.87610946147	1000.0	545.1119479734593	218.5233619259023	0	0.0	1974.9880574349081	1	0	tensor(5, device='cuda:0')	-2.0312341503205613
170392.4877498001	1000.0	375.7864989400752	27.151281111897788	0	0.0	1768.2742487401702	1	0	tensor(5, device='cuda:0')	0.5223346482724628
171112.71530203745	1000.0	551.866938637381	61.091903995184566	0	0.0	1664.5822406748193	1	0	tensor(5, device='cuda:0')	0.46370218558675624
171625.55604027276	1000.0	910.8160158432482	0.0	0	0.0	1536.3720561160007	1	0	tensor(5, device='cuda:0')	0.9105681513019342
172200.0	1000.0	1336.3720561159992	0.0	0	217.5064476308471	1536.3720561160007	1	0	tensor(3, device='cuda:0')	0.6683061707177704
173357.48648363556	3000.0	1178.885572480425	0.0	0	0.0	1536.3720561160007	1	0	tensor(3, device='cuda:0')	1.1683061707177704
174295.41008265608	3000.0	1240.96197345992	0.0	0	0.0	1536.3720561160007	1	0	tensor(3, device='cuda:0')	2.26691845938588
175200.0	3000.0	1336.3720561159998	0.0	0	103.68194886043784	1536.3720561160299	1	0	tensor(3, device='cuda:0')	2.266918459385879
176354.9488283006	3000.0	1181.4232278154093	0.0	0	0.0	1536.372056116059	1	0	tensor(3, device='cuda:0')	2.2669184593858778
178063.51505903792	3000.0	472.8569970780735	0.0	0	0.0	1536.3720561160299	1	0	tensor(3, device='cuda:0')	2.266918459385879
179038.59456816898	1000.0	420.3030168893213	133.0363249800642	0	0.0	1458.897585058352	1	0	tensor(5, device='cuda:0')	-1.6487092169074555
179655.92837906026	1000.0	661.2302539269116	10.075600521370205	0	0.0	1317.158632987208	1	0	tensor(5, device='cuda:0')	0.8118376555011737
180200.0	1000.0	981.1407277522615	0.0	0	119.36186705020373	1181.140727752354	1	0	tensor(5, device='cuda:0')	0.9081713598811485
181200.0	1000.0	981.1407277522817	0.0	0	140.0761810084805	1181.140727752354	1	0	tensor(3, device='cuda:0')	0.6818181160635994
182200.0	1000.0	731.1407277522904	0.0	0	342.1160939054098	931.1407277524122	1	0	tensor(5, device='cuda:0')	0.18643048183380698
183200.0	1000.0	481.14072775229147	0.0	0	382.82977620424936	681.1407277524122	1	0	tensor(5, device='cuda:0')	0.6924382399417435
184200.0	1000.0	481.1407277523149	0.0	0	475.0763171167637	681.1407277524122	1	0	tensor(3, device='cuda:0')	0.6943654511564175
185200.0	1000.0	231.14072775236406	0.0	0	574.4589437261166	431.1407277524122	1	0	tensor(5, device='cuda:0')	0.19705341045771105
186200.0	3000.0	479.42098496801304	248.28025721562562	0	39.941358859301545	679.4209849680483	1	0	tensor(3, device='cuda:0')	-0.7952827527010131
187300.10456117766	3000.0	406.83715835881435	27.520734568444652	0	0.0	706.9417195364949	1	0	tensor(3, device='cuda:0')	2.127346271380322
188899.54784556193	3000.0	200.0	392.60612602545274	0	0.0	1099.5478455619304	1	0	tensor(3, device='cuda:0')	-0.07182587102553734
189292.42076761773	1000.0	809.9781783040008	2.8511003597850504	0	0.0	1102.3989459217119	1	0	tensor(3, device='cuda:0')	0.06850775411805737
190200.0	3000.0	902.3989459217382	0.0	0	252.22302773644333	1102.3989459216828	1	0	tensor(3, device='cuda:0')	1.1842266449448786
191200.0	3000.0	902.3989459217286	0.0	0	231.06619341226178	1102.3989459216828	1	0	tensor(3, device='cuda:0')	2.2828389336129886
192386.82685866015	3000.0	715.5720872615309	0.0	0	0.0	1102.3989459216536	1	0	tensor(3, device='cuda:0')	2.282838933612989
194851.81008853042	3000.0	200.0	949.4111426087811	0	0.0	2051.8100885303866	1	0	tensor(3, device='cuda:0')	-3.4403500932041986
195447.8423209665	1000.0	639.4610071500406	147.6010381560973	0	0.0	2087.303328116541	1	0	tensor(5, device='cuda:0')	-1.5756977456136738
196062.89184900778	1000.0	870.6490970984257	0.0	0	0.0	1933.5409461061936	1	0	tensor(5, device='cuda:0')	0.8363420833313745
196739.11465267363	1000.0	1025.3705925161073	0.0	0	0.0	1764.4852451897168	1	0	tensor(5, device='cuda:0')	0.8165047196301062
197228.47110747948	1000.0	1536.0141377102186	0.0	0	0.0	1764.4852451897168	1	0	tensor(3, device='cuda:0')	0.656799707425628
198200.0	1000.0	1564.485245189712	0.0	0	112.73889758790028	1764.4852451897168	1	0	tensor(3, device='cuda:0')	1.156799707425628
199200.0	1000.0	1314.4852451897473	0.0	0	354.13517032557866	1514.485245189775	1	0	tensor(5, device='cuda:0')	0.16492037467202586
200492.96119827134	3000.0	1021.5240469184163	0.0	0	0.0	1514.485245189775	1	0	tensor(3, device='cuda:0')	0.6692814460176848
201200.0	1000.0	1137.725544757563	0.0	0	198.75474311047583	1337.725544757588	1	0	tensor(5, device='cuda:0')	-0.7783063239033102
202200.0	1000.0	1137.7255447575726	0.0	0	670.4016591750551	1337.725544757588	1	0	tensor(3, device='cuda:0')	0.6764369637212142
203200.0	3000.0	1137.725544757571	0.0	0	207.33145748617244	1337.725544757588	1	0	tensor(3, device='cuda:0')	1.1764369637212144
204200.0	3000.0	1137.7255447575974	0.0	0	273.65090440015774	1337.725544757588	1	0	tensor(3, device='cuda:0')	2.275049252389324
205619.36032051675	3000.0	718.3652242408634	0.0	0	0.0	1337.725544757588	1	0	tensor(3, device='cuda:0')	2.275049252389324
206950.22003824523	3000.0	387.50550651242054	0.0	0	0.0	1337.725544757588	1	0	tensor(3, device='cuda:0')	2.275049252389324
207571.4526836243	1000.0	610.9646997885565	0.0	0	0.0	1182.4173834127723	1	0	tensor(5, device='cuda:0')	-0.7289189503194353
208200.0	1000.0	825.2805543189174	0.0	0	37.05943713983288	1025.2805543188006	1	0	tensor(5, device='cuda:0')	0.8708814901028562
209200.0	1000.0	825.2805543189596	0.0	0	125.09988609296852	1025.2805543188006	1	0	tensor(3, device='cuda:0')	0.6864111739748023
210200.0	1000.0	575.2805543189472	0.0	0	156.52672102092765	775.2805543187715	1	0	tensor(5, device='cuda:0')	0.19070783852745954
211200.0	1000.0	325.2805543189536	0.0	0	388.8028577064979	525.2805543187424	1	0	tensor(5, device='cuda:0')	0.6954647447197106
212200.0	1000.0	281.94866327143677	165.3344871619718	0	192.9372820633871	481.948663271236	1	0	tensor(5, device='cuda:0')	-0.21284979528579479
213200.0	1000.0	31.9486632714584	0.0	0	652.6165162092075	231.9486632712651	1	0	tensor(5, device='cuda:0')	0.7000584118000144
214795.55376878186	3000.0	336.1724842205171	899.7775897309173	0	0.0	1131.7262530023872	1	0	tensor(3, device='cuda:0')	-4.714934519534747
215623.5737162777	3000.0	598.0048124310754	89.85227570639745	0	0.0	1221.5785287088074	1	0	tensor(3, device='cuda:0')	1.7400053843160683
216645.25525031175	3000.0	576.3232783970021	0.0	0	0.0	1221.5785287088074	1	0	tensor(3, device='cuda:0')	2.279119038554453
217402.60277185272	3000.0	818.9757568560324	0.0	0	0.0	1221.5785287088365	1	0	tensor(3, device='cuda:0')	2.279119038554452
218892.0902363669	3000.0	329.4882923418345	0.0	0	0.0	1221.5785287088074	1	0	tensor(3, device='cuda:0')	2.279119038554453
220333.29293709365	3000.0	200.0	311.7144083848958	0	0.0	1533.2929370936472	1	0	tensor(3, device='cuda:0')	0.3979160597175788
220779.62548163507	1000.0	729.2410671748679	69.72539828133455	0	0.0	1508.8665488099505	1	0	tensor(5, device='cuda:0')	-1.0369609771980048
221200.0	1000.0	1308.8665488099412	0.0	0	56.81828713612049	1508.8665488099505	1	0	tensor(3, device='cuda:0')	0.6695284669058064
222750.22738845527	3000.0	758.639160354656	0.0	0	0.0	1508.8665488099796	1	0	tensor(3, device='cuda:0')	1.1695284669058053
223200.0	1000.0	1308.8665488099243	0.0	0	44.47598702489631	1508.8665488099796	1	0	tensor(3, device='cuda:0')	0.07091617823769542
224200.0	1000.0	1308.866548809911	0.0	0	537.4475221761095	1508.8665488099796	1	0	tensor(3, device='cuda:0')	1.169528466905805
225330.5776221444	1000.0	1178.2889266655043	0.0	0	0.0	1508.8665488099796	1	0	tensor(3, device='cuda:0')	1.169528466905805
226200.0	1000.0	1091.5109543460128	0.0	0	121.98754970543087	1291.5109543461003	1	0	tensor(5, device='cuda:0')	0.24074016980177826
227246.9604384757	1000.0	782.8104062513939	0.0	0	0.0	1029.7708447272016	1	0	tensor(5, device='cuda:0')	0.6608971965123493
228200.0	1000.0	591.5109543459934	0.0	0	540.3578064495232	791.5109543460712	1	0	tensor(5, device='cuda:0')	0.7133481326984109
229566.2214281951	3000.0	285.69796089186366	60.40843474094845	0	0.0	851.9193890870374	1	0	tensor(3, device='cuda:0')	0.32830477121809254
230309.66351851175	1000.0	534.3081181639345	142.33021613430378	0	0.0	843.9716366757348	1	0	tensor(5, device='cuda:0')	-1.563322773965038
231200.0	1000.0	421.38751630359457	0.0	0	479.7727884238411	621.3875163036573	1	0	tensor(5, device='cuda:0')	0.7484886647864052
232206.42384819326	3000.0	477.12419938953167	62.16053127917502	0	0.0	683.5480475828517	1	0	tensor(3, device='cuda:0')	0.32135549900862914
233970.45167360772	3000.0	200.8779595453554	487.7815855702728	0	0.0	1171.3296331530728	1	0	tensor(3, device='cuda:0')	-0.6453815159096158
234457.9347826735	1000.0	776.9493398451226	63.55448936554612	0	0.0	1234.8841225186188	1	0	tensor(3, device='cuda:0')	-0.2998754941175399
235664.33330862256	3000.0	570.5508138960645	0.0	0	0.0	1234.8841225185897	1	0	tensor(3, device='cuda:0')	1.1800637307438475
236600.65796077624	3000.0	634.2261617423867	0.0	0	0.0	1234.8841225185606	1	0	tensor(3, device='cuda:0')	2.2786760194119586
237575.5209882175	3000.0	659.3631343011555	0.0	0	0.0	1234.8841225185606	1	0	tensor(3, device='cuda:0')	2.2786760194119586
238200.0	3000.0	1034.8841225186393	0.0	0	54.40967831804301	1234.8841225185606	1	0	tensor(3, device='cuda:0')	2.2786760194119586
239410.2858430926	3000.0	824.5982794260296	0.0	0	0.0	1234.8841225185315	1	0	tensor(3, device='cuda:0')	2.278676019411959
240287.24941654483	3000.0	947.6347059737782	0.0	0	0.0	1234.8841225185315	1	0	tensor(3, device='cuda:0')	2.278676019411959
242501.8217260736	3000.0	200.0	466.9376035550206	0	0.0	1701.8217260735983	1	0	tensor(3, device='cuda:0')	-0.5288594435627166
243145.65924464547	1000.0	577.2373545266529	145.62740219320705	0	0.0	1722.8965991721197	1	0	tensor(5, device='cuda:0')	-1.564733320836021
243748.68875008376	1000.0	823.4504727287785	0.0	0	0.0	1572.1392228125478	1	0	tensor(5, device='cuda:0')	0.8636157476190498
244200.0	1000.0	1372.1392228125537	0.0	0	22.338189636939205	1572.1392228125478	1	0	tensor(3, device='cuda:0')	0.6666668044851336
245672.4788746906	3000.0	899.6603481219367	0.0	0	0.0	1572.1392228125478	1	0	tensor(3, device='cuda:0')	1.1666668044851338
246665.98064524643	3000.0	906.1585775660941	0.0	0	0.0	1572.1392228125478	1	0	tensor(3, device='cuda:0')	2.2652790931532434
247725.2486713062	3000.0	846.8905515062961	0.0	0	0.0	1572.1392228125478	1	0	tensor(3, device='cuda:0')	2.2652790931532434
249125.63613399887	3000.0	446.5030888136444	0.0	0	0.0	1572.1392228125478	1	0	tensor(3, device='cuda:0')	2.2652790931532434
249706.37845278895	1000.0	865.7607700235678	0.0	0	0.0	1572.139222812577	1	0	tensor(3, device='cuda:0')	0.06805451581702254
250325.24529470224	1000.0	1246.893928110296	0.0	0	0.0	1572.139222812577	1	0	tensor(3, device='cuda:0')	1.1666668044851323
251200.0	1000.0	1372.139222812539	0.0	0	24.37722009368008	1572.139222812577	1	0	tensor(3, device='cuda:0')	1.1666668044851323
252200.0	1000.0	1122.139222812524	0.0	0	416.1986063871591	1322.139222812577	1	0	tensor(5, device='cuda:0')	0.17327879731190549
253200.0	1000.0	1122.1392228125114	0.0	0	303.6195035771234	1322.139222812577	1	0	tensor(3, device='cuda:0')	0.6770104473154004
254200.0	1000.0	1122.1392228125353	0.0	0	497.2755559642392	1322.139222812577	1	0	tensor(3, device='cuda:0')	1.1770104473154004
255200.0	1000.0	1122.1392228125032	0.0	0	418.23820510020596	1322.139222812577	1	0	tensor(3, device='cuda:0')	1.1770104473154004
257079.69816216835	3000.0	242.4410606441444	0.0	0	0.0	1322.139222812577	1	0	tensor(3, device='cuda:0')	1.1770104473154006
257882.3389712511	1000.0	532.5787305776419	234.75094502953374	0	0.0	1414.9177018287592	1	0	tensor(5, device='cuda:0')	-2.1195431841141925
258442.37086155007	1000.0	832.5388677038965	0.0	0	0.0	1274.9097292539664	1	0	tensor(5, device='cuda:0')	0.8974489196508568
259200.0	1000.0	1074.9097292539527	0.0	0	242.09125141013646	1274.9097292539664	1	0	tensor(3, device='cuda:0')	0.678695578838459
260200.0	1000.0	1074.9097292539336	0.0	0	429.25784625892993	1274.9097292539664	1	0	tensor(3, device='cuda:0')	1.178695578838459
261200.0	1000.0	1074.9097292539202	0.0	0	396.5598025578656	1274.9097292539664	1	0	tensor(3, device='cuda:0')	1.178695578838459
262200.0	1000.0	824.9097292539168	0.0	0	631.8060564970365	1024.9097292539664	1	0	tensor(5, device='cuda:0')	0.1835116585073397
263562.43171901256	3000.0	462.47801024132986	0.0	0	0.0	1024.9097292539082	1	0	tensor(3, device='cuda:0')	0.6864212821962961
264200.0	3000.0	824.9097292538692	0.0	0	80.196762974374	1024.9097292539664	1	0	tensor(3, device='cuda:0')	2.285033570864405
265446.70616730035	3000.0	578.2035619535122	0.0	0	0.0	1024.9097292539664	1	0	tensor(3, device='cuda:0')	2.285033570864405
266617.0281944511	3000.0	407.8815348027381	0.0	0	0.0	1024.9097292539664	1	0	tensor(3, device='cuda:0')	2.285033570864405
268352.9701115334	3000.0	200.0	528.0603822795509	0	0.0	1552.9701115334174	1	0	tensor(3, device='cuda:0')	-0.8959674327834363
268864.4317241224	1000.0	676.1884809982814	92.4123973875757	0	0.0	1540.6202051206492	1	0	tensor(5, device='cuda:0')	-1.1959955121487365
270138.5957011714	3000.0	402.02450394923505	0.0	0	0.0	1540.620205120591	1	0	tensor(3, device='cuda:0')	0.6681144437868229
271601.62516775634	3000.0	351.189643873121	412.19460650887544	0	0.0	1952.814811629476	1	0	tensor(3, device='cuda:0')	-0.22896167004205908
273269.2352686421	3000.0	200.0	516.4204570125746	0	0.0	2469.235268642078	1	0	tensor(3, device='cuda:0')	-0.8856548793269468
273737.2210761597	1000.0	723.9551969466191	87.1499650748746	0	0.0	2461.1762731063063	1	0	tensor(5, device='cuda:0')	-1.2140753831637263
274189.61289267713	1000.0	1158.4654262997356	0.0	0	0.0	2348.0783189769136	1	0	tensor(5, device='cuda:0')	0.883678738760107
274659.88555186143	1000.0	1570.6246023193592	0.0	0	0.0	2230.510154180811	1	0	tensor(5, device='cuda:0')	0.8859670955564385
275200.0	1000.0	1895.4815421462333	0.0	0	32.48789401864633	2095.4815421461826	1	0	tensor(5, device='cuda:0')	0.861946301687931
276200.0	1000.0	1895.481542146225	0.0	0	468.4441624492174	2095.4815421461826	1	0	tensor(3, device='cuda:0')	0.6348527883153354
277739.24524297955	3000.0	1356.2362991667194	0.0	0	0.0	2095.4815421461826	1	0	tensor(3, device='cuda:0')	1.1348527883153356
280179.7911575666	3000.0	200.0	284.3096154202426	0	0.0	2379.7911575664766	1	0	tensor(3, device='cuda:0')	0.5193358380240789
280786.0253850242	1000.0	622.7450594589553	144.4302750247503	0	0.0	2408.7704444830306	1	0	tensor(5, device='cuda:0')	-1.5935562758192312
281225.1587717912	1000.0	1073.8283260002213	0.0	0	0.0	2298.9870977912797	1	0	tensor(5, device='cuda:0')	0.8950632057528627
281566.2820160165	1000.0	1647.4242707186238	0.0	0	0.0	2213.7062867349014	1	0	tensor(5, device='cuda:0')	0.9530740668063018
282308.3148303642	3000.0	1905.391456370977	0.0	0	0.0	2213.7062867349596	1	0	tensor(3, device='cuda:0')	0.6251570974109621
283794.49227193097	3000.0	1419.2140148042565	0.0	0	0.0	2213.7062867349596	1	0	tensor(3, device='cuda:0')	2.2237693860790717
284496.77427942585	1000.0	1541.3615054356442	0.0	0	0.0	2038.135784861166	1	0	tensor(5, device='cuda:0')	-0.8135866221294326
285200.0	1000.0	1838.1357848615003	0.0	0	74.13643837306881	2038.135784861166	1	0	tensor(3, device='cuda:0')	0.639174016820711
286200.0	1000.0	1588.1357848614618	0.0	0	500.7130206763977	1788.1357848610496	1	0	tensor(5, device='cuda:0')	0.14945013229840542
287200.0	1000.0	1588.1357848614098	0.0	0	525.311213901965	1788.1357848610496	1	0	tensor(3, device='cuda:0')	0.6554539789425639
288738.9949336957	3000.0	1049.1408511656814	0.0	0	0.0	1788.1357848610496	1	0	tensor(3, device='cuda:0')	1.155453978942564
289611.1677403364	3000.0	1176.968044525066	0.0	0	0.0	1788.1357848611078	1	0	tensor(3, device='cuda:0')	2.2540662676106704
290200.0	1000.0	1588.1357848614612	0.0	0	8.934006974159274	1788.1357848611078	1	0	tensor(3, device='cuda:0')	0.056841690274450685
292569.2709778544	3000.0	218.86480700709396	0.0	0	0.0	1788.1357848611078	1	0	tensor(3, device='cuda:0')	1.1554539789425606
293511.7181447169	3000.0	534.0821329640585	257.6644928195001	0	0.0	2045.800277680566	1	0	tensor(3, device='cuda:0')	0.6912355048579799
294368.0650116836	3000.0	677.7352659973153	0.0	0	0.0	2045.8002776805079	1	0	tensor(3, device='cuda:0')	2.2372224617749845
294699.866857487	1000.0	1345.9334201939475	0.0	0	0.0	2045.8002776805079	1	0	tensor(3, device='cuda:0')	0.03999788443876512
296039.0856522305	3000.0	1006.7146254505058	0.0	0	0.0	2045.800277680566	1	0	tensor(3, device='cuda:0')	1.1386101731068707
296584.9431752881	1000.0	1324.3927216284994	0.0	0	0.0	1909.3358969162218	1	0	tensor(5, device='cuda:0')	-0.7254801264237258
297200.0	1000.0	1709.3358969166698	0.0	0	145.9700844218023	1909.33589691628	1	0	tensor(3, device='cuda:0')	0.6480517182922862
298200.0	1000.0	1709.3358969166372	0.0	0	497.12800324795535	1909.33589691628	1	0	tensor(3, device='cuda:0')	1.1480517182922862
299556.91423877666	3000.0	1352.4216581399637	0.0	0	0.0	1909.3358969162218	1	0	tensor(3, device='cuda:0')	1.1480517182922902
300200.0	1000.0	1548.5644566108526	0.0	0	116.40969805140048	1748.5644566104747	1	0	tensor(5, device='cuda:0')	-0.7657948430974654
0.857	1.77	2.66	4.05	1.89	1.17	1.45	1.46	0.927	1.41	2.61	4.33	2.34	2.47	2.7	4.08	2.93	1.15	0.985	2.19	2.05	2.0	2.56	2.56	1.77	1.89	1.4	2.04	2.06	1.77	2.72	2.21	2.54	2.79	2.79	2.29	1.78	3.16	1.39	1.62	0.765	1.03	2.43	2.91	2.56	2.53	2.33	3.39	3.29	2.25	1.84	1.63	2.86	2.37	1.48	2.61	4.34	2.88	2.1	1.48	2.14	2.32	1.84	2.05	2.58	2.79	1.53	1.6	1.31	1.56	2.49	2.19	1.99	1.24	1.37	2.61	2.29	2.11	2.84	2.65	2.31	1.76	1.75	2.43	1.56	1.78	2.37	3.39	2.15	1.74	2.06	2.18	2.33	2.79	2.65	2.37	1.14	1.95	3.32	2.73	1.6	0.776	1.4	1.08	1.24	1.12	1.07	1.85	1.73	0.938	1.71	1.39	1.73	1.33	1.54	1.37	1.6	2.07	2.09	1.88	1.46	1.85	2.13	1.31	1.02	1.85	2.91	1.82	2.28	1.89	0.73	1.84	3.66	2.44	2.77	2.65	2.87	1.77	1.25	1.97	2.43	1.4	0.683	1.68	2.43	0.938	1.19	1.25	1.34	2.24	3.14	2.29	1.47	1.71	1.6	2.27	1.04	0.73	1.1	1.25	1.9	2.77	2.78	2.84	3.22	3.19	2.37	1.12	1.6	1.85	1.19	1.31	1.97	1.47	2.31	3.94	2.62	2.36	2.35	3.72	3.7	2.12	1.76	1.13	1.67	1.93	2.18	1.47	2.29	2.87	2.05	2.78	4.27	3.08	1.61	2.06	2.12	1.64	1.08	1.63	1.29	1.69	2.71	1.91	3.22	3.95	3.2	2.63	2.9	2.11	2.29	2.26	2.18	1.68	1.11	1.38	1.23	2.25	2.34	1.73	2.7	2.44	1.67	2.32	3.56	2.86	3.54	5.48	2.98	2.76	1.87	0.927	1.3	2.69	2.17	3.02	2.87	3.01	2.49	2.14	1.52	2.09	1.73	1.74	2.59	1.4	1.11	1.97	2.13	1.91	1.66	2.64	2.76	4.14	1.62	3.1	3.65	2.76	1.82	2.51	2.83	1.58	2.79	1.93	2.1	2.13	1.92	1.55	2.25	1.29	1.64	1.88	3.35	1.9	1.49	2.0	2.13	2.83	1.75	2.64	2.34	1.1	1.26	2.32	3.39	2.64	1.42	2.02	2.41	1.87	1.74	1.97	2.28
1746.0	1747.0	1748.0	1749.0	1750.0	1751.0	1752.0	1753.0	1754.0	1755.0	1756.0	1757.0	1758.0	1759.0	1760.0	1761.0	1762.0	1763.0	1764.0	1765.0	1766.0	1767.0	1768.0	1769.0	1770.0	1771.0	1772.0	1773.0	1774.0	1775.0	1776.0	1777.0	1778.0	1779.0	1780.0	1781.0	1782.0	1783.0	1784.0	1785.0	1786.0	1787.0	1788.0	1789.0	1790.0	1791.0	1792.0	1793.0	1794.0	1795.0	1796.0	1797.0	1798.0	1799.0	1800.0	1801.0	1802.0	1803.0	1804.0	1805.0	1806.0	1807.0	1808.0	1809.0	1810.0	1811.0	1812.0	1813.0	1814.0	1815.0	1816.0	1817.0	1818.0	1819.0	1820.0	1821.0	1822.0	1823.0	1824.0	1825.0	1826.0	1827.0	1828.0	1829.0	1830.0	1831.0	1832.0	1833.0	1834.0	1835.0	1836.0	1837.0	1838.0	1839.0	1840.0	1841.0	1842.0	1843.0	1844.0	1845.0	1846.0	1847.0	1848.0	1849.0	1850.0	1851.0	1852.0	1853.0	1854.0	1855.0	1856.0	1857.0	1858.0	1859.0	1860.0	1861.0	1862.0	1863.0	1864.0	1865.0	1866.0	1867.0	1868.0	1869.0	1870.0	1871.0	1872.0	1873.0	1874.0	1875.0	1876.0	1877.0	1878.0	1879.0	1880.0	1881.0	1882.0	1883.0	1884.0	1885.0	1886.0	1887.0	1888.0	1889.0	1890.0	1891.0	1892.0	1893.0	1894.0	1895.0	1896.0	1897.0	1898.0	1899.0	1900.0	1901.0	1902.0	1903.0	1904.0	1905.0	1906.0	1907.0	1908.0	1909.0	1910.0	1911.0	1912.0	1913.0	1914.0	1915.0	1916.0	1917.0	1918.0	1919.0	1920.0	1921.0	1922.0	1923.0	1924.0	1925.0	1926.0	1927.0	1928.0	1929.0	1930.0	1931.0	1932.0	1933.0	1934.0	1935.0	1936.0	1937.0	1938.0	1939.0	1940.0	1941.0	1942.0	1943.0	1944.0	1945.0	1946.0	1947.0	1948.0	1949.0	1950.0	1951.0	1952.0	1953.0	1954.0	1955.0	1956.0	1957.0	1958.0	1959.0	1960.0	1961.0	1962.0	1963.0	1964.0	1965.0	1966.0	1967.0	1968.0	1969.0	1970.0	1971.0	1972.0	1973.0	1974.0	1975.0	1976.0	1977.0	1978.0	1979.0	1980.0	1981.0	1982.0	1983.0	1984.0	1985.0	1986.0	1987.0	1988.0	1989.0	1990.0	1991.0	1992.0	1993.0	1994.0	1995.0	1996.0	1997.0	1998.0	1999.0	2000.0	2000.0	2001.0	2002.0	2003.0	2004.0	2005.0	2006.0	2007.0	2008.0	2009.0	2010.0	2011.0	2012.0	2013.0	2014.0	2015.0	2016.0	2017.0	2018.0	2019.0	2020.0	2021.0	2022.0	2023.0	2024.0	2025.0	2026.0	2027.0	2028.0	2029.0	2030.0	2031.0	2032.0	2033.0	2034.0	2035.0	2036.0	2037.0
10337.0
