3730.6394673673203	1000.0	2000.0	513.7527260289035	0	0.0	3730.6394673673203	1	0	tensor(3, device='cuda:0')	-3.40852034173979
4204.234386353394	1000.0	2408.0063512674083	0.0	0	0.0	3612.2407376208025	1	0	tensor(5, device='cuda:0')	0.1321680637542249
5377.24376486695	3000.0	1941.744628125464	0.0	0	0.0	3318.9883929924144	1	0	tensor(5, device='cuda:0')	0.34898185513148916
5897.550417711868	1000.0	2291.3613120693176	0.0	0	0.0	3188.9117297811854	1	0	tensor(5, device='cuda:0')	-0.3790703939654389
7853.3265759786045	3000.0	846.6411142358967	0.0	0	0.0	2699.967690214501	1	0	tensor(5, device='cuda:0')	0.07716928126315054
8196.481946860293	1000.0	1417.6969006337868	0.0	0	0.0	2614.1788474940795	1	0	tensor(5, device='cuda:0')	-0.18943426414945902
8848.522629052643	3000.0	1765.6562184414354	0.0	0	0.0	2614.1788474940777	1	0	tensor(3, device='cuda:0')	0.5828971395642613
9604.351999918865	3000.0	2009.8268475752132	0.0	0	0.0	2614.1788474940777	1	0	tensor(3, device='cuda:0')	2.181509428232371
10200.0	3000.0	2414.1788474940768	0.0	0	35.51166182065572	2614.178847494076	1	0	tensor(3, device='cuda:0')	2.1815094282323715
11200.0	3000.0	2164.178847494077	0.0	0	584.5589129654927	2364.1788474940786	1	0	tensor(5, device='cuda:0')	1.1990330431524538
12200.0	3000.0	1914.1788474940763	0.0	0	390.58307007846815	2114.178847494075	1	0	tensor(5, device='cuda:0')	1.7240178431712279
13200.0	3000.0	1664.178847494074	0.0	0	444.22750570062635	1864.1788474940713	1	0	tensor(5, device='cuda:0')	1.7431256676163884
14200.0	3000.0	1414.1788474940765	0.0	0	492.73234234855954	1614.178847494075	1	0	tensor(5, device='cuda:0')	1.7582436215964012
15277.050875184359	3000.0	1067.8652535136303	0.0	0	0.0	1344.9161286979888	1	0	tensor(5, device='cuda:0')	1.733204529612328
16562.745046090437	3000.0	782.1710826075532	0.0	0	0.0	1344.9161286979888	1	0	tensor(3, device='cuda:0')	1.7747817104775614
17501.506736001014	3000.0	843.4093926969732	0.0	0	0.0	1344.9161286979852	1	0	tensor(3, device='cuda:0')	2.2747817104775616
18406.00734653811	3000.0	938.9087821598782	0.0	0	0.0	1344.916128697987	1	0	tensor(3, device='cuda:0')	2.274781710477561
19200.0	3000.0	1144.916128697986	0.0	0	117.52938922014437	1344.916128697987	1	0	tensor(3, device='cuda:0')	2.274781710477561
20200.0	3000.0	1144.9161286979859	0.0	0	332.63775564824755	1344.9161286979906	1	0	tensor(3, device='cuda:0')	2.274781710477561
21369.71278181674	3000.0	975.2033468812474	0.0	0	0.0	1344.9161286979906	1	0	tensor(3, device='cuda:0')	2.274781710477561
22964.238468930296	3000.0	380.67765976769056	0.0	0	0.0	1344.9161286979906	1	0	tensor(3, device='cuda:0')	2.274781710477561
24168.643070300077	3000.0	356.9532747819636	180.68021638405338	0	0.0	1525.5963450820454	1	0	tensor(3, device='cuda:0')	1.1833199338604283
24816.12478030059	3000.0	709.4715647814528	0.0	0	0.0	1525.596345082049	1	0	tensor(3, device='cuda:0')	2.2674012321647483
25708.224114715103	3000.0	817.3722303669402	0.0	0	0.0	1525.596345082049	1	0	tensor(3, device='cuda:0')	2.2674012321647483
26500.12196446278	3000.0	1025.47438061926	0.0	0	0.0	1525.596345082049	1	0	tensor(3, device='cuda:0')	2.2674012321647483
27348.87992972682	3000.0	1176.7164153552162	0.0	0	0.0	1525.5963450820454	1	0	tensor(3, device='cuda:0')	2.2674012321647483
28741.13350968538	3000.0	784.4628353966583	0.0	0	0.0	1525.5963450820454	1	0	tensor(3, device='cuda:0')	2.2674012321647483
30016.874798765304	3000.0	508.7215463167373	0.0	0	0.0	1525.5963450820454	1	0	tensor(3, device='cuda:0')	2.2674012321647483
31516.276952141234	3000.0	326.8291729190173	317.5097799782078	0	0.0	1843.1061250602543	1	0	tensor(3, device='cuda:0')	0.34586548755734303
32918.85784680128	3000.0	200.0	275.7517217410229	0	0.0	2118.8578468012784	1	0	tensor(3, device='cuda:0')	0.5778743431360438
33280.160071562896	1000.0	749.3179412137617	0.7565777326202863	0	0.0	2029.4780127766571	1	0	tensor(5, device='cuda:0')	-0.6455039518202781
33936.61355382967	1000.0	1092.8644589469848	0.0	0	0.0	2029.4780127766571	1	0	tensor(3, device='cuda:0')	0.6398059479180116
34485.53491108712	1000.0	1406.7127623751783	0.0	0	0.0	1892.2476734622942	1	0	tensor(5, device='cuda:0')	0.37250047911980744
36360.91657687702	3000.0	531.3310965852712	0.0	0	0.0	1892.2476734622905	1	0	tensor(3, device='cuda:0')	0.6491487270452656
36846.9762097369	1000.0	923.7565555104131	0.0	0	0.0	1770.7327652473177	1	0	tensor(5, device='cuda:0')	-0.6870351842396428
37411.352114332054	1000.0	1218.2866747664661	0.0	0	0.0	1629.6387890985206	1	0	tensor(5, device='cuda:0')	0.880307678664312
38208.49201192763	3000.0	1421.1467771708897	0.0	0	0.0	1629.6387890985206	1	0	tensor(3, device='cuda:0')	0.6639083739509579
39684.05437060265	3000.0	945.5844184958664	0.0	0	0.0	1629.638789098528	1	0	tensor(3, device='cuda:0')	2.2625206626190675
40503.80946038453	1000.0	1125.8293287139945	0.0	0	0.0	1629.638789098528	1	0	tensor(3, device='cuda:0')	0.06529608528284775
41584.11758377666	1000.0	775.4441744738347	0.0	0	0.0	1359.5617582504929	1	0	tensor(5, device='cuda:0')	0.13188412397823773
42395.84354137557	1000.0	760.7867274751923	0.0	0	0.0	1156.6302688507567	1	0	tensor(5, device='cuda:0')	0.7756140589904557
43200.0	1000.0	956.6302688507624	0.0	0	257.1455247648628	1156.6302688507567	1	0	tensor(3, device='cuda:0')	0.6825879439507943
44200.0	1000.0	706.6302688507756	0.0	0	527.9312029242865	906.630268850764	1	0	tensor(5, device='cuda:0')	0.18691660933844623
45200.0	1000.0	706.6302688507649	0.0	0	610.4172325901018	906.630268850764	1	0	tensor(3, device='cuda:0')	0.6894638281527352
46316.61929544389	3000.0	590.0109734068725	0.0	0	0.0	906.630268850764	1	0	tensor(3, device='cuda:0')	1.1894638281527352
47200.0	3000.0	706.6302688507566	0.0	0	39.69878812036768	906.630268850764	1	0	tensor(3, device='cuda:0')	2.2880761168208448
48446.76746849247	3000.0	459.8628003582884	0.0	0	0.0	906.630268850764	1	0	tensor(3, device='cuda:0')	2.2880761168208448
49228.51147449617	3000.0	678.1187943545926	0.0	0	0.0	906.6302688507567	1	0	tensor(3, device='cuda:0')	2.288076116820845
50200.0	3000.0	706.6302688507601	0.0	0	250.75182743529876	906.6302688507567	1	0	tensor(3, device='cuda:0')	2.288076116820845
51295.770751379634	3000.0	610.8595174711302	0.0	0	0.0	906.6302688507567	1	0	tensor(3, device='cuda:0')	2.288076116820845
52475.90220305086	3000.0	430.7280657999107	0.0	0	0.0	906.6302688507494	1	0	tensor(3, device='cuda:0')	2.2880761168208457
53502.87915931629	3000.0	527.802952854704	124.05184332023055	0	0.0	1030.68211217098	1	0	tensor(3, device='cuda:0')	1.5405647432075424
54341.729662885846	3000.0	688.9524492851518	0.0	0	0.0	1030.6821121709727	1	0	tensor(3, device='cuda:0')	2.284875803128926
55200.0	3000.0	830.682112171	0.0	0	309.99408574347035	1030.6821121709727	1	0	tensor(3, device='cuda:0')	2.284875803128926
56200.0	3000.0	830.6821121709929	0.0	0	338.3237143825754	1030.6821121709654	1	0	tensor(3, device='cuda:0')	2.2848758031289265
57200.0	3000.0	830.6821121709963	0.0	0	179.474666476759	1030.6821121709654	1	0	tensor(3, device='cuda:0')	2.2848758031289265
58200.0	3000.0	830.682112170998	0.0	0	3.0702197800274007	1030.6821121709654	1	0	tensor(3, device='cuda:0')	2.2848758031289265
59214.79504389797	3000.0	815.8870682730318	0.0	0	0.0	1030.6821121709654	1	0	tensor(3, device='cuda:0')	2.2848758031289265
60200.0	3000.0	830.6821121710038	0.0	0	158.48981830997218	1030.6821121709654	1	0	tensor(3, device='cuda:0')	2.2848758031289265
61657.36177282237	3000.0	390.6546881546642	17.33434880602715	0	0.0	1048.0164609769927	1	0	tensor(3, device='cuda:0')	2.1803905030803157
62822.97225616308	3000.0	469.2376688172237	244.1934640032726	0	0.0	1292.2099249803068	1	0	tensor(3, device='cuda:0')	0.81153887074444
63486.085241783585	3000.0	806.124683196719	0.0	0	0.0	1292.2099249803068	1	0	tensor(3, device='cuda:0')	2.2766996547640757
64334.40450882545	3000.0	957.8054161548556	0.0	0	0.0	1292.2099249802995	1	0	tensor(3, device='cuda:0')	2.2766996547640757
65200.0	3000.0	1092.2099249802977	0.0	0	10.999292279178917	1292.2099249802995	1	0	tensor(3, device='cuda:0')	2.2766996547640757
66200.0	3000.0	1092.209924980301	0.0	0	185.64311989177077	1292.2099249802995	1	0	tensor(3, device='cuda:0')	2.2766996547640757
67200.0	3000.0	1092.2099249803002	0.0	0	177.4609675885731	1292.2099249802995	1	0	tensor(3, device='cuda:0')	2.2766996547640757
68290.97294084652	3000.0	1001.2369841337878	0.0	0	0.0	1292.209924980314	1	0	tensor(3, device='cuda:0')	2.276699654764075
69734.37713817533	3000.0	557.8327868049753	0.0	0	0.0	1292.209924980314	1	0	tensor(3, device='cuda:0')	2.276699654764075
70723.3445433465	3000.0	568.8653816338317	0.0	0	0.0	1292.209924980314	1	0	tensor(3, device='cuda:0')	2.276699654764075
71983.28413798934	3000.0	310.65401437966864	1.7282273886699784	0	0.0	1293.9381523689808	1	0	tensor(3, device='cuda:0')	2.266268962454377
73153.83792221974	3000.0	393.10625632714243	253.00602617788866	0	0.0	1546.9441785468807	1	0	tensor(3, device='cuda:0')	0.7484036843688779
73822.86887859364	3000.0	724.0752999532535	0.0	0	0.0	1546.9441785468953	1	0	tensor(3, device='cuda:0')	2.2664398414362092
74859.91038892364	3000.0	687.0337896232543	0.0	0	0.0	1546.9441785469098	1	0	tensor(3, device='cuda:0')	2.266439841436209
75585.97927718525	3000.0	960.9649013616527	0.0	0	0.0	1546.9441785469098	1	0	tensor(3, device='cuda:0')	2.266439841436209
76643.33059287647	3000.0	903.6135856704312	0.0	0	0.0	1546.9441785469098	1	0	tensor(3, device='cuda:0')	2.266439841436209
77340.73186392593	3000.0	1206.212314620973	0.0	0	0.0	1546.9441785468953	1	0	tensor(3, device='cuda:0')	2.2664398414362092
78200.0	3000.0	1346.9441785469062	0.0	0	198.54356158468	1546.9441785469098	1	0	tensor(3, device='cuda:0')	2.266439841436209
79200.0	3000.0	1346.9441785469087	0.0	0	527.6894991729932	1546.9441785469098	1	0	tensor(3, device='cuda:0')	2.266439841436209
80200.0	3000.0	1346.9441785469253	0.0	0	5.730163539818022	1546.9441785469244	1	0	tensor(3, device='cuda:0')	2.266439841436208
81458.08803747536	3000.0	1088.856141071563	0.0	0	0.0	1546.9441785469244	1	0	tensor(3, device='cuda:0')	2.266439841436208
83246.28682103255	3000.0	300.6573575143685	0.0	0	0.0	1546.9441785469244	1	0	tensor(3, device='cuda:0')	2.266439841436208
83783.8256553044	1000.0	682.878946685672	43.31610560889291	0	0.0	1466.7046019900881	1	0	tensor(5, device='cuda:0')	-0.9356544606882701
84313.80750962826	1000.0	1020.4016287808722	0.0	0	0.0	1334.2091384091327	1	0	tensor(5, device='cuda:0')	0.9105485981838595
85200.0	1000.0	1134.2091384091448	0.0	0	233.09576359539642	1334.2091384091473	1	0	tensor(3, device='cuda:0')	0.6765671138503137
86200.0	1000.0	1134.2091384091295	0.0	0	236.21378502206062	1334.2091384091473	1	0	tensor(3, device='cuda:0')	1.1765671138503135
87200.0	1000.0	884.2091384091268	0.0	0	495.1478466013359	1084.2091384091182	1	0	tensor(5, device='cuda:0')	0.18174415007279832
88581.63473230007	3000.0	502.57440610904973	0.0	0	0.0	1084.2091384091182	1	0	tensor(3, device='cuda:0')	0.6847569693722204
89339.87109143111	3000.0	744.3380469780099	0.0	0	0.0	1084.2091384091182	1	0	tensor(3, device='cuda:0')	2.2833692580403304
90385.9120147008	3000.0	698.2971237083259	0.0	0	0.0	1084.2091384091182	1	0	tensor(3, device='cuda:0')	2.2833692580403304
91363.27317852231	3000.0	720.9359598868307	0.0	0	0.0	1084.2091384091327	1	0	tensor(3, device='cuda:0')	2.28336925804033
92354.02933516451	3000.0	730.1798032446304	0.0	0	0.0	1084.2091384091182	1	0	tensor(3, device='cuda:0')	2.2833692580403304
93957.2966796611	3000.0	200.0	73.08754125196461	0	0.0	1157.2966796611	1	0	tensor(3, device='cuda:0')	1.8432686202894504
94313.39198363408	1000.0	843.9046960270236	0.0	0	0.0	1157.2966796611	1	0	tensor(3, device='cuda:0')	0.0839549692272441
95381.8139013502	3000.0	775.4827783109131	0.0	0	0.0	1157.2966796611	1	0	tensor(3, device='cuda:0')	1.182567257895354
96200.0	3000.0	957.296679661113	0.0	0	43.044575713414815	1157.2966796611	1	0	tensor(3, device='cuda:0')	2.2811795465634637
97200.0	3000.0	957.2966796611161	0.0	0	329.4870256207505	1157.2966796611	1	0	tensor(3, device='cuda:0')	2.2811795465634637
98200.0	3000.0	957.2966796611272	0.0	0	57.54812450670579	1157.2966796611	1	0	tensor(3, device='cuda:0')	2.2811795465634637
99200.0	3000.0	957.2966796611477	0.0	0	209.74307627227972	1157.2966796611	1	0	tensor(3, device='cuda:0')	2.2811795465634637
100200.0	3000.0	957.2966796611536	0.0	0	304.7122823690879	1157.2966796611	1	0	tensor(3, device='cuda:0')	2.2811795465634637
101200.0	3000.0	957.2966796611477	0.0	0	343.648426170359	1157.2966796611	1	0	tensor(3, device='cuda:0')	2.2811795465634637
102200.0	3000.0	957.296679661144	0.0	0	266.99621097484487	1157.2966796611	1	0	tensor(3, device='cuda:0')	2.2811795465634637
103200.0	3000.0	957.2966796611527	0.0	0	226.12240636556817	1157.2966796611	1	0	tensor(3, device='cuda:0')	2.2811795465634637
104201.59660475743	3000.0	955.700074903715	0.0	0	0.0	1157.2966796611	1	0	tensor(3, device='cuda:0')	2.2811795465634637
105200.0	3000.0	957.2966796611413	0.0	0	300.6770521794533	1157.2966796611	1	0	tensor(3, device='cuda:0')	2.2811795465634637
106200.0	3000.0	957.2966796611404	0.0	0	259.15980433094956	1157.2966796611145	1	0	tensor(3, device='cuda:0')	2.2811795465634632
108159.15493690815	3000.0	200.0	201.8582572470063	0	0.0	1359.1549369081185	1	0	tensor(3, device='cuda:0')	1.0673779348171426
108769.68442528165	1000.0	701.4952998443994	112.02478821789035	0	0.0	1471.179725126014	1	0	tensor(3, device='cuda:0')	-0.5996103140921141
109445.25662724442	1000.0	857.030047390941	0.0	0	0.0	1302.2866746353393	1	0	tensor(5, device='cuda:0')	0.33847244482785305
110200.0	1000.0	1102.286674635358	0.0	0	116.77680408438027	1302.2866746353393	1	0	tensor(3, device='cuda:0')	0.677728311696228
111200.0	1000.0	1102.2866746353463	0.0	0	563.5265902195533	1302.2866746353393	1	0	tensor(3, device='cuda:0')	1.177728311696228
112200.0	3000.0	1102.286674635328	0.0	0	128.83864219137467	1302.2866746353247	1	0	tensor(3, device='cuda:0')	1.1777283116962287
113200.0	3000.0	1102.286674635315	0.0	0	381.8254589353601	1302.2866746353247	1	0	tensor(3, device='cuda:0')	2.2763406003643385
114200.0	3000.0	1102.2866746353156	0.0	0	276.21459383571346	1302.2866746353247	1	0	tensor(3, device='cuda:0')	2.2763406003643385
115200.0	3000.0	1102.2866746353134	0.0	0	49.455689510461525	1302.2866746353247	1	0	tensor(3, device='cuda:0')	2.2763406003643385
116540.9525426494	3000.0	761.3341319859201	0.0	0	0.0	1302.2866746353247	1	0	tensor(3, device='cuda:0')	2.2763406003643385
117411.8499979843	3000.0	890.4366766510198	0.0	0	0.0	1302.2866746353393	1	0	tensor(3, device='cuda:0')	2.276340600364338
118200.0	3000.0	1102.286674635327	0.0	0	196.97271510654537	1302.2866746353393	1	0	tensor(3, device='cuda:0')	2.276340600364338
119200.0	3000.0	1102.2866746353134	0.0	0	187.72983324930829	1302.2866746353393	1	0	tensor(3, device='cuda:0')	2.276340600364338
120200.0	3000.0	1102.2866746353338	0.0	0	302.9670689618797	1302.2866746353538	1	0	tensor(3, device='cuda:0')	2.2763406003643376
121200.0	3000.0	1102.2866746353316	0.0	0	397.67310247461137	1302.2866746353538	1	0	tensor(3, device='cuda:0')	2.2763406003643376
122240.05065970068	3000.0	1062.2360149346478	0.0	0	0.0	1302.2866746353538	1	0	tensor(3, device='cuda:0')	2.2763406003643376
123200.0	3000.0	1102.286674635332	0.0	0	178.76634562046092	1302.2866746353538	1	0	tensor(3, device='cuda:0')	2.2763406003643376
124200.0	3000.0	1102.2866746353347	0.0	0	385.0103641278547	1302.2866746353538	1	0	tensor(3, device='cuda:0')	2.2763406003643376
125200.0	3000.0	1102.2866746353304	0.0	0	436.37792425148655	1302.2866746353393	1	0	tensor(3, device='cuda:0')	2.276340600364338
126370.55880569945	3000.0	931.7278689358845	0.0	0	0.0	1302.2866746353393	1	0	tensor(3, device='cuda:0')	2.276340600364338
127624.81062223465	3000.0	677.4760524006947	0.0	0	0.0	1302.2866746353393	1	0	tensor(3, device='cuda:0')	2.276340600364338
128606.25051542939	3000.0	696.0361592059639	0.0	0	0.0	1302.2866746353393	1	0	tensor(3, device='cuda:0')	2.276340600364338
129372.75878503249	3000.0	929.527889602846	0.0	0	0.0	1302.2866746353393	1	0	tensor(3, device='cuda:0')	2.276340600364338
130352.8229201032	3000.0	949.4637545321565	0.0	0	0.0	1302.2866746353538	1	0	tensor(3, device='cuda:0')	2.2763406003643376
131782.86969693287	3000.0	519.4169777024888	0.0	0	0.0	1302.2866746353684	1	0	tensor(3, device='cuda:0')	2.276340600364337
132726.10070712867	3000.0	581.5017187754975	5.315751268833907	0	0.0	1307.6024259041878	1	0	tensor(3, device='cuda:0')	2.2442552457676426
133629.71526685441	3000.0	677.8871590497344	0.0	0	0.0	1307.6024259041878	1	0	tensor(3, device='cuda:0')	2.276149753380646
134354.9093645493	3000.0	952.693061354854	0.0	0	0.0	1307.6024259041878	1	0	tensor(3, device='cuda:0')	2.276149753380646
135200.0	3000.0	1107.6024259041726	0.0	0	254.72015522079892	1307.602425904217	1	0	tensor(3, device='cuda:0')	2.276149753380645
136200.0	3000.0	1107.6024259041874	0.0	0	135.0075987034943	1307.602425904217	1	0	tensor(3, device='cuda:0')	2.276149753380645
137200.0	3000.0	1107.6024259041906	0.0	0	45.09376017958857	1307.602425904217	1	0	tensor(3, device='cuda:0')	2.276149753380645
138725.38448898387	3000.0	582.2179369203384	0.0	0	0.0	1307.602425904217	1	0	tensor(3, device='cuda:0')	2.276149753380645
139748.40892788288	3000.0	559.193498021337	0.0	0	0.0	1307.602425904246	1	0	tensor(3, device='cuda:0')	2.2761497533806443
140866.51648534503	3000.0	441.085940559179	0.0	0	0.0	1307.602425904246	1	0	tensor(3, device='cuda:0')	2.2761497533806443
142018.56200910156	3000.0	438.51087538023467	149.47045857761623	0	0.0	1457.072884481866	1	0	tensor(3, device='cuda:0')	1.3735322504894891
142851.4112569371	3000.0	605.6616275446825	0.0	0	0.0	1457.072884481866	1	0	tensor(3, device='cuda:0')	2.2703550019551866
143740.43883133496	3000.0	716.6340531467955	0.0	0	0.0	1457.072884481866	1	0	tensor(3, device='cuda:0')	2.2703550019551866
144863.2894098037	3000.0	593.78347467808	0.0	0	0.0	1457.072884481866	1	0	tensor(3, device='cuda:0')	2.2703550019551866
145790.3663847154	3000.0	666.7064997663869	0.0	0	0.0	1457.072884481895	1	0	tensor(3, device='cuda:0')	2.2703550019551857
147021.65123840197	3000.0	435.4216460798236	0.0	0	0.0	1457.0728844819241	1	0	tensor(3, device='cuda:0')	2.2703550019551844
147966.52433385383	3000.0	518.5298254663677	27.981274838393517	0	0.0	1485.054159320338	1	0	tensor(3, device='cuda:0')	2.1012850604691904
148546.71971518858	3000.0	938.3344441316485	0.0	0	0.0	1485.054159320338	1	0	tensor(3, device='cuda:0')	2.2691727094995517
149313.6751905138	3000.0	1171.3789688063953	0.0	0	0.0	1485.0541593203088	1	0	tensor(3, device='cuda:0')	2.2691727094995526
150200.0	3000.0	1285.0541593202258	0.0	0	414.71440782476566	1485.0541593203088	1	0	tensor(3, device='cuda:0')	2.2691727094995526
151200.0	3000.0	1285.054159320205	0.0	0	402.5195020713727	1485.0541593203088	1	0	tensor(3, device='cuda:0')	2.2691727094995526
152200.0	3000.0	1285.0541593202029	0.0	0	473.77746588137234	1485.0541593203088	1	0	tensor(3, device='cuda:0')	2.2691727094995526
153200.0	3000.0	1285.0541593202092	0.0	0	365.79770307498984	1485.0541593203088	1	0	tensor(3, device='cuda:0')	2.2691727094995526
154431.87937568143	3000.0	1053.1747836387954	0.0	0	0.0	1485.0541593203088	1	0	tensor(3, device='cuda:0')	2.2691727094995526
155451.9501315333	3000.0	1033.1040277869015	0.0	0	0.0	1485.0541593203088	1	0	tensor(3, device='cuda:0')	2.2691727094995526
156883.96430289707	3000.0	601.0898564231142	0.0	0	0.0	1485.0541593203088	1	0	tensor(3, device='cuda:0')	2.2691727094995526
157534.46269823977	1000.0	950.5914610804431	0.0	0	0.0	1485.0541593203088	1	0	tensor(3, device='cuda:0')	0.07194813216333323
158200.0	1000.0	1285.054159320239	0.0	0	112.88109672709834	1485.0541593203088	1	0	tensor(3, device='cuda:0')	1.170560420831443
159200.0	1000.0	1285.0541593202524	0.0	0	507.37134358051117	1485.0541593203088	1	0	tensor(3, device='cuda:0')	1.170560420831443
160518.8126528073	3000.0	966.2415065129401	0.0	0	0.0	1485.0541593202797	1	0	tensor(3, device='cuda:0')	1.1705604208314444
161536.34418417464	3000.0	948.709975145611	0.0	0	0.0	1485.0541593202797	1	0	tensor(3, device='cuda:0')	2.2691727094995544
162597.56203524186	3000.0	887.4921240783633	0.0	0	0.0	1485.0541593202797	1	0	tensor(3, device='cuda:0')	2.2691727094995544
163858.05623790715	3000.0	626.9979214130813	0.0	0	0.0	1485.0541593202797	1	0	tensor(3, device='cuda:0')	2.2691727094995544
164910.65234582667	3000.0	574.4018134935411	0.0	0	0.0	1485.0541593202506	1	0	tensor(3, device='cuda:0')	2.2691727094995553
165846.9818880017	3000.0	638.0722713185362	0.0	0	0.0	1485.0541593202506	1	0	tensor(3, device='cuda:0')	2.2691727094995553
166872.09371784408	3000.0	612.9604414761486	0.0	0	0.0	1485.0541593202506	1	0	tensor(3, device='cuda:0')	2.2691727094995553
167758.00272099866	3000.0	727.0514383215562	0.0	0	0.0	1485.0541593202506	1	0	tensor(3, device='cuda:0')	2.2691727094995553
168780.75675000463	3000.0	704.2974093155586	0.0	0	0.0	1485.0541593202215	1	0	tensor(3, device='cuda:0')	2.2691727094995566
170247.1217330655	3000.0	244.81229062429657	6.879864369616087	0	0.0	1491.9340236898279	1	0	tensor(3, device='cuda:0')	2.227597836589691
171389.49719653575	3000.0	493.6089897712002	391.17216261716237	0	0.0	1883.1061863069772	1	0	tensor(3, device='cuda:0')	-0.09869251051266681
172319.06158971632	3000.0	573.4733155628246	9.428718972175773	0	0.0	1892.5349052791717	1	0	tensor(3, device='cuda:0')	2.191170411985184
173127.27861537648	3000.0	765.2562899026705	0.0	0	0.0	1892.5349052791717	1	0	tensor(3, device='cuda:0')	2.2477427258182385
173712.29614212346	3000.0	1180.2387631557235	0.0	0	0.0	1892.5349052791717	1	0	tensor(3, device='cuda:0')	2.2477427258182385
174250.69539777056	3000.0	1641.8395075085873	0.0	0	0.0	1892.5349052791717	1	0	tensor(3, device='cuda:0')	2.2477427258182385
175200.0	3000.0	1692.53490527916	0.0	0	398.4035826008476	1892.5349052791717	1	0	tensor(3, device='cuda:0')	2.2477427258182385
176362.35094110848	3000.0	1530.1839641706576	0.0	0	0.0	1892.5349052791717	1	0	tensor(3, device='cuda:0')	2.2477427258182385
177200.0	3000.0	1692.5349052791335	0.0	0	106.06980046944227	1892.5349052791717	1	0	tensor(3, device='cuda:0')	2.2477427258182385
178200.0	3000.0	1692.5349052791485	0.0	0	63.09781692299293	1892.5349052792008	1	0	tensor(3, device='cuda:0')	2.247742725818237
179200.0	3000.0	1692.5349052791714	0.0	0	127.57712962373625	1892.5349052792008	1	0	tensor(3, device='cuda:0')	2.247742725818237
180200.0	3000.0	1692.5349052791712	0.0	0	108.88697460386902	1892.5349052792008	1	0	tensor(3, device='cuda:0')	2.247742725818237
181200.0	3000.0	1692.5349052791648	0.0	0	491.76142250630073	1892.5349052792008	1	0	tensor(3, device='cuda:0')	2.247742725818237
182200.0	3000.0	1692.5349052791398	0.0	0	442.2159412553592	1892.5349052792008	1	0	tensor(3, device='cuda:0')	2.247742725818237
183200.0	3000.0	1692.5349052791305	0.0	0	470.2678297179518	1892.5349052792008	1	0	tensor(3, device='cuda:0')	2.247742725818237
184200.0	3000.0	1692.5349052791305	0.0	0	496.19698736752616	1892.5349052792008	1	0	tensor(3, device='cuda:0')	2.247742725818237
185200.0	3000.0	1692.5349052791487	0.0	0	28.837973112007603	1892.5349052792008	1	0	tensor(3, device='cuda:0')	2.247742725818237
186200.0	3000.0	1442.5349052791937	0.0	0	191.36271776389913	1642.5349052792299	1	0	tensor(5, device='cuda:0')	1.2573082965716966
187200.0	3000.0	1442.5349052791717	0.0	0	343.34190200807643	1642.5349052792008	1	0	tensor(3, device='cuda:0')	1.7618804676398927
188200.0	3000.0	1442.5349052791864	0.0	0	538.6825557127595	1642.5349052792008	1	0	tensor(3, device='cuda:0')	2.2618804676398927
189200.0	3000.0	1442.5349052791494	0.0	0	201.52435585393687	1642.5349052792008	1	0	tensor(3, device='cuda:0')	2.2618804676398927
190200.0	3000.0	1442.534905279137	0.0	0	83.8346144251409	1642.5349052792008	1	0	tensor(3, device='cuda:0')	2.2618804676398927
191200.0	3000.0	1442.5349052791146	0.0	0	491.24991223873803	1642.5349052792008	1	0	tensor(3, device='cuda:0')	2.2618804676398927
192200.0	3000.0	1442.5349052791253	0.0	0	366.7217991328798	1642.5349052792008	1	0	tensor(3, device='cuda:0')	2.2618804676398927
193200.0	3000.0	1442.5349052791362	0.0	0	146.0548193550785	1642.5349052791717	1	0	tensor(3, device='cuda:0')	2.261880467639894
194200.0	3000.0	1442.5349052791387	0.0	0	189.31486014308757	1642.5349052791717	1	0	tensor(3, device='cuda:0')	2.261880467639894
195200.0	3000.0	1442.5349052791223	0.0	0	314.02707448392175	1642.5349052791717	1	0	tensor(3, device='cuda:0')	2.261880467639894
196200.0	3000.0	1442.534905279129	0.0	0	122.0176223157905	1642.5349052791425	1	0	tensor(3, device='cuda:0')	2.2618804676398954
197200.0	3000.0	1442.5349052791141	0.0	0	384.0981545369141	1642.5349052791425	1	0	tensor(3, device='cuda:0')	2.2618804676398954
198200.24208663916	3000.0	1442.2928186399593	0.0	0	0.0	1642.5349052791425	1	0	tensor(3, device='cuda:0')	2.2618804676398954
199200.0	3000.0	1442.5349052791169	0.0	0	108.08843953820178	1642.5349052791425	1	0	tensor(3, device='cuda:0')	2.2618804676398954
200200.0	3000.0	1442.5349052791164	0.0	0	105.868931306788	1642.5349052791425	1	0	tensor(3, device='cuda:0')	2.2618804676398954
201533.32043193848	3000.0	1109.2144733406208	0.0	0	0.0	1642.5349052791425	1	0	tensor(3, device='cuda:0')	2.2618804676398954
202669.93060234006	3000.0	972.604302939033	0.0	0	0.0	1642.5349052791425	1	0	tensor(3, device='cuda:0')	2.2618804676398954
204279.25937322248	3000.0	363.2755320565973	0.0	0	0.0	1642.5349052791134	1	0	tensor(3, device='cuda:0')	2.2618804676398967
204849.54283941857	1000.0	650.4211993114859	0.0	0	0.0	1499.9640387300751	1	0	tensor(5, device='cuda:0')	-0.7154645975028691
205436.18172454604	1000.0	917.1225929021588	0.0	0	0.0	1353.304317448201	1	0	tensor(5, device='cuda:0')	0.880882778895572
206246.42547573653	1000.0	904.3179039140449	0.0	0	0.0	1150.7433796505502	1	0	tensor(5, device='cuda:0')	0.776098557050613
207200.0	1000.0	712.3497485847147	0.0	0	25.734760802530218	912.3497485846747	1	0	tensor(5, device='cuda:0')	0.7110047456896789
208200.0	1000.0	712.3497485847146	0.0	0	411.8408462766092	912.3497485846747	1	0	tensor(3, device='cuda:0')	0.6893247345962055
209200.0	1000.0	712.3497485847423	0.0	0	656.3543150105397	912.3497485846747	1	0	tensor(3, device='cuda:0')	1.1893247345962055
210772.45819866526	3000.0	208.24220529845695	68.350655378979	0	0.0	980.7004039636522	1	0	tensor(3, device='cuda:0')	0.7774975776563992
211251.5523053056	1000.0	774.0834243870562	44.93532572892698	0	0.0	1025.6357296925562	1	0	tensor(3, device='cuda:0')	-0.18182275416441995
212200.0	3000.0	825.635729692642	0.0	0	41.70067815767834	1025.6357296925562	1	0	tensor(3, device='cuda:0')	1.1864014888772518
213200.0	3000.0	825.6357296926637	0.0	0	325.6099431346229	1025.635729692527	1	0	tensor(3, device='cuda:0')	2.2850137775453625
214200.0	3000.0	825.6357296926695	0.0	0	124.37304979082546	1025.635729692527	1	0	tensor(3, device='cuda:0')	2.2850137775453625
215265.96031811726	3000.0	759.6754115754009	0.0	0	0.0	1025.635729692527	1	0	tensor(3, device='cuda:0')	2.2850137775453625
216334.48288455067	3000.0	691.1528451419896	0.0	0	0.0	1025.635729692527	1	0	tensor(3, device='cuda:0')	2.2850137775453625
217200.0	3000.0	825.6357296926489	0.0	0	297.01240254502045	1025.635729692498	1	0	tensor(3, device='cuda:0')	2.2850137775453634
218200.0	3000.0	825.6357296926409	0.0	0	95.77776689646998	1025.635729692498	1	0	tensor(3, device='cuda:0')	2.2850137775453634
219200.0	3000.0	825.6357296926133	0.0	0	13.939802888169652	1025.6357296924689	1	0	tensor(3, device='cuda:0')	2.2850137775453643
220200.0	3000.0	825.6357296926294	0.0	0	44.93672387988772	1025.6357296924689	1	0	tensor(3, device='cuda:0')	2.2850137775453643
221723.95763631715	3000.0	301.6780933754982	0.0	0	0.0	1025.635729692498	1	0	tensor(3, device='cuda:0')	2.2850137775453634
222873.79091296488	3000.0	445.5411943013089	293.6963775735519	0	0.0	1319.3321072662075	1	0	tensor(3, device='cuda:0')	0.5135468265580045
224458.5321033263	3000.0	256.71045560550806	395.91045166560434	0	0.0	1715.2425589317863	1	0	tensor(3, device='cuda:0')	-0.11727856979082829
225420.61848663673	3000.0	551.7535136445581	257.12944134948333	0	0.0	1972.3720002812915	1	0	tensor(3, device='cuda:0')	0.6996802652037066
226142.2384977984	3000.0	830.1335024828963	0.0	0	0.0	1972.3720002812915	1	0	tensor(3, device='cuda:0')	2.2424569133006065
226968.78108094685	3000.0	1003.5909193344413	0.0	0	0.0	1972.3720002812915	1	0	tensor(3, device='cuda:0')	2.2424569133006065
227679.56517669102	3000.0	1292.8068235902758	0.0	0	0.0	1972.3720002812915	1	0	tensor(3, device='cuda:0')	2.2424569133006065
228264.1838258628	3000.0	1708.1881744185132	0.0	0	0.0	1972.3720002812915	1	0	tensor(3, device='cuda:0')	2.2424569133006065
229200.0	3000.0	1772.3720002813197	0.0	0	332.14111577082076	1972.3720002812915	1	0	tensor(3, device='cuda:0')	2.2424569133006065
230200.0	3000.0	1772.3720002813316	0.0	0	322.9119763135677	1972.3720002812915	1	0	tensor(3, device='cuda:0')	2.2424569133006065
231200.0	3000.0	1772.3720002813393	0.0	0	318.5602338514873	1972.3720002812915	1	0	tensor(3, device='cuda:0')	2.2424569133006065
232200.0	3000.0	1772.372000281347	0.0	0	229.53203337424202	1972.3720002812915	1	0	tensor(3, device='cuda:0')	2.2424569133006065
233587.1421263233	3000.0	1038.444342377205	0.0	0	0.0	1625.586468700436	1	0	tensor(5, device='cuda:0')	1.0640348578358265
235368.2401876644	3000.0	257.34628103609015	0.0	0	0.0	1625.586468700436	1	0	tensor(3, device='cuda:0')	1.7627201734199325
237321.66149301035	3000.0	200.0	896.0750243098915	0	0.0	2521.6614930103533	1	0	tensor(3, device='cuda:0')	-3.172837859307178
237917.56158523078	1000.0	637.1649736449642	145.632071136376	0	0.0	2554.726558875758	1	0	tensor(5, device='cuda:0')	-1.6117630477323965
238266.62060278936	1000.0	1200.8412016966886	0.0	0	0.0	2467.4618044860836	1	0	tensor(5, device='cuda:0')	0.9236946529481581
239747.43632891434	3000.0	720.0254755716841	0.0	0	0.0	2467.4618044860836	1	0	tensor(3, device='cuda:0')	0.6002614364282559
240198.34150588352	1000.0	1156.3940043602183	0.0	0	0.0	2354.7355102438014	1	0	tensor(5, device='cuda:0')	-0.7141899605895793
241222.81911240894	3000.0	1131.9163978348147	0.0	0	0.0	2354.7355102438014	1	0	tensor(3, device='cuda:0')	0.6120637341424608
241605.3775113595	1000.0	1749.3579988842723	0.0	0	0.0	2354.7355102437723	1	0	tensor(3, device='cuda:0')	0.013451445474354007
242728.18309795397	3000.0	1626.5524122897818	0.0	0	0.0	2354.7355102437723	1	0	tensor(3, device='cuda:0')	1.1120637341424637
243992.8771372663	3000.0	1361.8583729774107	0.0	0	0.0	2354.735510243743	1	0	tensor(3, device='cuda:0')	2.2106760228105764
244884.74517402047	3000.0	1469.9903362232376	0.0	0	0.0	2354.735510243743	1	0	tensor(3, device='cuda:0')	2.2106760228105764
245851.25706723455	3000.0	1503.4784430091966	0.0	0	0.0	2354.735510243743	1	0	tensor(3, device='cuda:0')	2.2106760228105764
247037.95744752698	3000.0	1316.778062716743	0.0	0	0.0	2354.735510243714	1	0	tensor(3, device='cuda:0')	2.2106760228105795
247905.67394163623	3000.0	1449.061568607486	0.0	0	0.0	2354.735510243714	1	0	tensor(3, device='cuda:0')	2.2106760228105795
248669.0927588553	3000.0	1685.6427513884285	0.0	0	0.0	2354.735510243714	1	0	tensor(3, device='cuda:0')	2.2106760228105795
249953.71541912088	3000.0	1401.0200911228337	0.0	0	0.0	2354.735510243714	1	0	tensor(3, device='cuda:0')	2.2106760228105795
250670.55271810893	3000.0	1684.182792134774	0.0	0	0.0	2354.735510243714	1	0	tensor(3, device='cuda:0')	2.2106760228105795
251362.30351046048	3000.0	1992.4319997832022	0.0	0	0.0	2354.735510243714	1	0	tensor(3, device='cuda:0')	2.2106760228105795
252410.51575092526	3000.0	1944.2197593184032	0.0	0	0.0	2354.735510243714	1	0	tensor(3, device='cuda:0')	2.2106760228105795
253653.7096493502	3000.0	1701.0258608934885	0.0	0	0.0	2354.735510243714	1	0	tensor(3, device='cuda:0')	2.2106760228105795
254860.1134010115	3000.0	1494.6221092321855	0.0	0	0.0	2354.735510243714	1	0	tensor(3, device='cuda:0')	2.2106760228105795
256142.67606755704	3000.0	1212.059442686632	0.0	0	0.0	2354.735510243714	1	0	tensor(3, device='cuda:0')	2.2106760228105795
257047.84194994677	3000.0	1306.8935602968609	0.0	0	0.0	2354.735510243714	1	0	tensor(3, device='cuda:0')	2.2106760228105795
257979.75739357132	3000.0	1374.9781166723183	0.0	0	0.0	2354.735510243714	1	0	tensor(3, device='cuda:0')	2.2106760228105795
258626.90417324737	3000.0	1727.831336996307	0.0	0	0.0	2354.735510243714	1	0	tensor(3, device='cuda:0')	2.2106760228105795
259323.59240168455	3000.0	2031.1431085591423	0.0	0	0.0	2354.735510243714	1	0	tensor(3, device='cuda:0')	2.2106760228105795
260200.0	3000.0	2154.7355102437027	0.0	0	105.6668721641181	2354.735510243714	1	0	tensor(3, device='cuda:0')	2.2106760228105795
261524.0055457955	3000.0	1830.7299644481834	0.0	0	0.0	2354.735510243714	1	0	tensor(3, device='cuda:0')	2.2106760228105795
263455.9462288148	3000.0	898.7892814288768	0.0	0	0.0	2354.735510243656	1	0	tensor(3, device='cuda:0')	2.2106760228105835
263928.2544731742	1000.0	1426.4810370694056	0.0	0	0.0	2354.7355102435977	1	0	tensor(3, device='cuda:0')	0.013451445474366497
264676.7988436589	1000.0	1490.8005739635005	0.0	0	0.0	2167.5994176223758	1	0	tensor(5, device='cuda:0')	0.25039587402375196
265518.39921404544	1000.0	1438.8001109803035	0.0	0	0.0	1957.1993250257801	1	0	tensor(5, device='cuda:0')	0.720815386515059
266200.0	1000.0	1586.7991285371158	0.0	0	42.650908191513736	1786.7991285371245	1	0	tensor(5, device='cuda:0')	0.8120077916298016
267200.0	1000.0	1336.7991285370995	0.0	0	587.2497946022777	1536.7991285371827	1	0	tensor(5, device='cuda:0')	0.6634613105848233
268200.0	3000.0	1336.7991285371172	0.0	0	39.17762064526323	1536.7991285371827	1	0	tensor(3, device='cuda:0')	0.6682869321033476
269247.37042780727	3000.0	1289.428700729847	0.0	0	0.0	1536.7991285371827	1	0	tensor(3, device='cuda:0')	2.266899220771457
270200.0	3000.0	1336.7991285371097	0.0	0	155.24839865934337	1536.799128537241	1	0	tensor(3, device='cuda:0')	2.266899220771455
271452.4514770749	3000.0	1084.3476514622344	0.0	0	0.0	1536.799128537241	1	0	tensor(3, device='cuda:0')	2.266899220771455
272221.4381814512	3000.0	1315.3609470859355	0.0	0	0.0	1536.799128537241	1	0	tensor(3, device='cuda:0')	2.266899220771455
273338.7828921336	3000.0	1198.0162364035682	0.0	0	0.0	1536.799128537241	1	0	tensor(3, device='cuda:0')	2.266899220771455
274200.0	3000.0	1336.7991285371845	0.0	0	198.57844432484126	1536.799128537241	1	0	tensor(3, device='cuda:0')	2.266899220771455
275200.0	3000.0	1336.7991285371675	0.0	0	17.756887098192237	1536.799128537241	1	0	tensor(3, device='cuda:0')	2.266899220771455
276968.8482783945	3000.0	567.9508501427097	0.0	0	0.0	1536.799128537241	1	0	tensor(3, device='cuda:0')	2.266899220771455
278227.63731016876	3000.0	395.4314150127327	86.26959664432184	0	0.0	1623.0687251815107	1	0	tensor(3, device='cuda:0')	1.7452261549449393
279517.34178358066	3000.0	314.59256266985506	208.86562106905183	0	0.0	1831.9343462505494	1	0	tensor(3, device='cuda:0')	0.998297316525464
279909.90640151105	1000.0	922.0279447394385	0.0	0	0.0	1831.9343462505494	1	0	tensor(3, device='cuda:0')	0.05426646560355536
281399.1175290687	3000.0	432.8168171817537	0.0	0	0.0	1831.9343462506076	1	0	tensor(3, device='cuda:0')	1.1528787542716619
281949.7941418763	1000.0	882.1402043741665	0.0	0	0.0	1831.9343462505494	1	0	tensor(3, device='cuda:0')	0.05426646560355536
282358.5211043723	1000.0	1371.2315012541746	0.0	0	0.0	1729.7526056265342	1	0	tensor(5, device='cuda:0')	0.453077412457111
283876.69629569736	3000.0	853.0563099290466	0.0	0	0.0	1729.7526056265342	1	0	tensor(3, device='cuda:0')	0.6587207984275147
285002.9273616849	3000.0	726.8252439415	0.0	0	0.0	1729.7526056265342	1	0	tensor(3, device='cuda:0')	2.2573330870956245
286175.6251845858	3000.0	554.1274210405932	0.0	0	0.0	1729.7526056265924	1	0	tensor(3, device='cuda:0')	2.2573330870956214
287109.83090888907	3000.0	619.9216967373386	0.0	0	0.0	1729.7526056265924	1	0	tensor(3, device='cuda:0')	2.2573330870956214
287857.79327511694	3000.0	871.9593305094522	0.0	0	0.0	1729.7526056265924	1	0	tensor(3, device='cuda:0')	2.2573330870956214
288890.9844716723	3000.0	838.7681339540723	0.0	0	0.0	1729.7526056265924	1	0	tensor(3, device='cuda:0')	2.2573330870956214
289914.8449629284	3000.0	814.9076426980092	0.0	0	0.0	1729.7526056265924	1	0	tensor(3, device='cuda:0')	2.2573330870956214
290690.4351214727	3000.0	1039.3174841537698	0.0	0	0.0	1729.7526056266506	1	0	tensor(3, device='cuda:0')	2.2573330870956183
291420.8633577472	3000.0	1308.8892478792027	0.0	0	0.0	1729.7526056266506	1	0	tensor(3, device='cuda:0')	2.2573330870956183
292274.4483928977	3000.0	1455.3042127286358	0.0	0	0.0	1729.7526056265924	1	0	tensor(3, device='cuda:0')	2.2573330870956214
293414.894179299	3000.0	1314.8584263273274	0.0	0	0.0	1729.7526056265342	1	0	tensor(3, device='cuda:0')	2.2573330870956245
294622.6913548598	3000.0	1107.061250766506	0.0	0	0.0	1729.7526056265342	1	0	tensor(3, device='cuda:0')	2.2573330870956245
295320.31643122825	3000.0	1409.4361743980808	0.0	0	0.0	1729.7526056265342	1	0	tensor(3, device='cuda:0')	2.2573330870956245
296200.0	3000.0	1529.7526056263225	0.0	0	57.4518690694822	1729.7526056265342	1	0	tensor(3, device='cuda:0')	2.2573330870956245
297200.0	3000.0	1529.752605626284	0.0	0	148.66037504881388	1729.7526056265342	1	0	tensor(3, device='cuda:0')	2.2573330870956245
298200.0	3000.0	1529.7526056262197	0.0	0	172.02084467856912	1729.7526056265342	1	0	tensor(3, device='cuda:0')	2.2573330870956245
299200.0	3000.0	1529.752605626246	0.0	0	575.5627455993672	1729.7526056265342	1	0	tensor(3, device='cuda:0')	2.2573330870956245
300200.0	3000.0	1529.7526056262368	0.0	0	159.00592619838426	1729.7526056265342	1	0	tensor(3, device='cuda:0')	2.2573330870956245
2.4	3.15	2.21	1.71	2.42	3.67	4.82	6.29	6.06	6.56	5.18	2.63	2.22	3.1	4.43	4.48	3.67	3.12	2.2	2.65	3.37	3.68	4.19	5.07	3.27	1.95	2.24	2.17	3.1	2.63	1.97	2.31	1.38	1.75	2.98	2.62	1.84	1.47	0.985	1.85	1.76	2.54	3.03	3.39	3.31	3.56	4.17	3.24	3.53	3.49	4.34	5.55	5.2	5.1	2.78	3.24	3.34	1.81	2.44	3.44	4.04	4.17	4.26	3.24	2.62	2.22	2.53	3.39	2.99	2.95	4.29	3.97	2.9	3.53	4.69	4.93	3.23	3.3	1.83	1.9	1.52	2.07	1.67	2.61	1.87	2.78	3.83	3.56	2.7	2.32	2.56	3.23	3.38	3.92	4.16	4.34	4.6	4.17	3.2	3.38	3.96	4.32	3.21	2.0	1.63	1.85	1.98	3.01	2.95	3.71	3.26	2.54	2.43	3.52	4.31	4.31	5.24	5.54	3.22	3.27	4.41	4.18	2.63	1.9	2.12	2.54	3.97	3.24	2.27	3.28	4.67	5.61	4.93	2.64	2.11	3.13	3.92	2.83	3.39	2.97	3.32	2.7	3.07	3.44	4.25	4.49	5.4	5.55	5.46	4.69	3.5	2.69	3.05	2.11	2.17	2.66	2.85	2.9	2.81	3.08	2.68	3.53	3.35	3.52	2.99	2.25	2.68	2.8	3.6	4.9	4.58	4.62	2.91	3.39	3.63	3.02	3.76	4.85	4.54	5.31	5.17	4.17	4.12	4.62	5.83	4.58	4.45	5.95	6.28	3.61	2.93	3.71	3.56	4.1	3.21	3.38	3.29	2.2	2.22	2.43	2.06	1.51	1.16	1.14	2.24	2.75	2.24	2.48	3.38	4.55	3.98	2.77	3.56	4.6	4.15	3.86	4.46	2.43	2.49	3.17	2.37	2.99	3.07	4.19	4.71	4.17	4.23	5.35	4.69	3.08	2.86	1.74	2.13	1.92	2.32	2.85	2.43	3.32	2.65	2.59	3.39	3.66	2.95	3.31	3.87	3.34	3.17	4.33	3.56	3.24	3.37	2.7	2.9	3.14	4.24	5.26	3.64	1.98	1.83	1.82	1.99	1.45	1.68	2.12	3.42	3.71	3.27	2.83	3.48	3.49	3.51	2.95	2.09	2.2	3.17	3.31	3.07	1.66	1.82	2.26	2.83	2.98	2.61	3.17	3.51	3.98	3.97	3.35	4.14	3.13	2.1	3.05	4.22	4.37	4.97	5.88	4.78	3.2	2.99
1434.0	1435.0	1436.0	1437.0	1438.0	1439.0	1440.0	1441.0	1442.0	1443.0	1444.0	1445.0	1446.0	1447.0	1448.0	1449.0	1450.0	1451.0	1452.0	1453.0	1454.0	1455.0	1456.0	1457.0	1458.0	1459.0	1460.0	1461.0	1462.0	1463.0	1464.0	1465.0	1466.0	1467.0	1468.0	1469.0	1470.0	1471.0	1472.0	1473.0	1474.0	1475.0	1476.0	1477.0	1478.0	1479.0	1480.0	1481.0	1482.0	1483.0	1484.0	1485.0	1486.0	1487.0	1488.0	1489.0	1490.0	1491.0	1492.0	1493.0	1494.0	1495.0	1496.0	1497.0	1498.0	1499.0	1500.0	1501.0	1502.0	1503.0	1504.0	1505.0	1506.0	1507.0	1508.0	1509.0	1510.0	1511.0	1512.0	1513.0	1514.0	1515.0	1516.0	1517.0	1518.0	1519.0	1520.0	1521.0	1522.0	1523.0	1524.0	1525.0	1526.0	1527.0	1528.0	1529.0	1530.0	1531.0	1532.0	1533.0	1534.0	1535.0	1536.0	1537.0	1538.0	1539.0	1540.0	1541.0	1542.0	1543.0	1544.0	1545.0	1546.0	1547.0	1548.0	1549.0	1550.0	1551.0	1552.0	1553.0	1554.0	1555.0	1556.0	1557.0	1558.0	1559.0	1560.0	1561.0	1562.0	1563.0	1564.0	1565.0	1566.0	1567.0	1568.0	1569.0	1570.0	1571.0	1572.0	1573.0	1574.0	1575.0	1576.0	1577.0	1578.0	1579.0	1580.0	1581.0	1582.0	1583.0	1584.0	1585.0	1586.0	1587.0	1588.0	1589.0	1590.0	1591.0	1592.0	1593.0	1594.0	1595.0	1596.0	1597.0	1598.0	1599.0	1600.0	1601.0	1602.0	1603.0	1604.0	1605.0	1606.0	1607.0	1608.0	1609.0	1610.0	1611.0	1612.0	1613.0	1614.0	1615.0	1616.0	1617.0	1618.0	1619.0	1620.0	1621.0	1622.0	1623.0	1624.0	1625.0	1626.0	1627.0	1628.0	1629.0	1630.0	1631.0	1632.0	1633.0	1634.0	1635.0	1636.0	1637.0	1638.0	1639.0	1640.0	1641.0	1642.0	1643.0	1644.0	1645.0	1646.0	1647.0	1648.0	1649.0	1650.0	1651.0	1652.0	1653.0	1654.0	1655.0	1656.0	1657.0	1658.0	1659.0	1660.0	1661.0	1662.0	1663.0	1664.0	1665.0	1666.0	1667.0	1668.0	1669.0	1670.0	1671.0	1672.0	1673.0	1674.0	1675.0	1676.0	1677.0	1678.0	1679.0	1680.0	1681.0	1682.0	1683.0	1684.0	1685.0	1686.0	1687.0	1688.0	1689.0	1690.0	1691.0	1692.0	1693.0	1694.0	1695.0	1696.0	1697.0	1698.0	1699.0	1700.0	1701.0	1702.0	1703.0	1704.0	1705.0	1706.0	1707.0	1708.0	1709.0	1710.0	1711.0	1712.0	1713.0	1714.0	1715.0	1716.0	1717.0	1718.0	1719.0	1720.0	1721.0	1722.0	1723.0	1724.0	1725.0	1726.0	1727.0	1728.0	1729.0	1730.0	1731.0	1732.0
3095.0
