6329.623615092301	1000.0	2000.0	704.4653532317652	0	0.0	6329.623615092301	1	0	tensor(3, device='cuda:0')	-6.37287793670289
6883.911252263376	1000.0	2307.140453536158	0.0	0	0.0	6191.051705799533	1	0	tensor(5, device='cuda:0')	-1.7913108552521833
7469.852412695827	1000.0	2574.714002995596	0.0	0	0.0	6044.566415691422	1	0	tensor(5, device='cuda:0')	-1.1641717960868052
8598.071968046946	1000.0	2164.4395588066977	0.0	0	0.0	5762.511526853643	1	0	tensor(5, device='cuda:0')	-1.1921053643839652
9638.592523126987	1000.0	1863.7888649566487	0.0	0	0.0	5502.381388083633	1	0	tensor(5, device='cuda:0')	-0.8734764657076013
10180.775714705165	1000.0	2186.059875483924	0.0	0	0.0	5366.835590189086	1	0	tensor(5, device='cuda:0')	-0.4771201946398417
10871.260838012002	1000.0	2322.953471350378	0.0	0	0.0	5194.214309362377	1	0	tensor(5, device='cuda:0')	-0.40629401883957716
11444.515763337637	1000.0	2606.384814693334	0.0	0	0.0	5050.900578030968	1	0	tensor(5, device='cuda:0')	-0.21916969404691308
11998.413643557275	1000.0	2914.0124644187886	0.0	0	0.0	4912.42610797606	1	0	tensor(5, device='cuda:0')	-0.09721065532122461
12531.60533309699	1000.0	3247.5228524941454	0.0	0	0.0	4779.128185591133	1	0	tensor(5, device='cuda:0')	0.010377610385374263
13301.795567312627	1000.0	3284.7850597245974	0.0	0	0.0	4586.580627037223	1	0	tensor(5, device='cuda:0')	0.013955266397019175
14384.062455465068	1000.0	2931.951449534049	0.0	0	0.0	4316.013904999114	1	0	tensor(5, device='cuda:0')	0.00792355590441271
15625.649308345419	1000.0	2379.967883433609	0.0	0	0.0	4005.617191779027	1	0	tensor(5, device='cuda:0')	0.08776174348426374
16144.821707123869	1000.0	2731.002384960546	0.0	0	0.0	3875.8240920844164	1	0	tensor(5, device='cuda:0')	0.5153874578405783
16851.77028021799	1000.0	2847.316668592895	0.0	0	0.0	3699.0869488108856	1	0	tensor(5, device='cuda:0')	0.4784951450716606
17725.263854851735	1000.0	2755.449700300709	0.0	0	0.0	3480.713555152448	1	0	tensor(5, device='cuda:0')	0.4645535895039209
18750.234760878142	1000.0	2474.2360677676984	0.0	0	0.0	3224.4708286458444	1	0	tensor(5, device='cuda:0')	0.45185478354832453
19374.634284678148	1000.0	2693.73666301769	0.0	0	0.0	3068.370947695841	1	0	tensor(5, device='cuda:0')	0.6914603744213492
20809.95836438198	1000.0	1899.5815633879029	0.0	0	0.0	2709.5399277698853	1	0	tensor(5, device='cuda:0')	0.34255167641361783
21739.025876438016	1000.0	1738.2471733178554	0.0	0	0.0	2477.273049755873	1	0	tensor(5, device='cuda:0')	0.6282416875840546
22536.562331520447	1000.0	1741.3266044648192	0.0	0	0.0	2277.8889359852656	1	0	tensor(5, device='cuda:0')	0.716056358839998
23226.54111462472	1000.0	1878.8531255844732	0.0	0	0.0	2105.394240209189	1	0	tensor(5, device='cuda:0')	0.7857008940488158
24230.496586073514	1000.0	1623.908786273483	0.0	0	0.0	1854.4053723469879	1	0	tensor(5, device='cuda:0')	0.645160561955307
25200.0	1000.0	1412.0295188653754	0.0	0	147.2268169395902	1612.029518865369	1	0	tensor(5, device='cuda:0')	0.6759976260584453
26200.0	1000.0	1162.0295188653772	0.0	0	46.138094103847834	1362.0295188653727	1	0	tensor(5, device='cuda:0')	0.6726871594552
27200.0	1000.0	912.0295188653813	0.0	0	337.5592302268815	1112.0295188653763	1	0	tensor(5, device='cuda:0')	0.6808487680219015
28200.0	1000.0	662.0295188653824	0.0	0	115.98335152098662	862.0295188653799	1	0	tensor(5, device='cuda:0')	0.6886173867024321
29200.0	1000.0	412.0295188653795	0.0	0	329.86225620966434	612.0295188653763	1	0	tensor(5, device='cuda:0')	0.6939069261413845
30200.0	1000.0	162.02951886537767	0.0	0	481.81978952384816	362.0295188653763	1	0	tensor(5, device='cuda:0')	0.6982171993126027
31200.0	1000.0	308.57969378546	146.55017492008255	0	146.8080669892297	508.57969378546113	1	0	tensor(3, device='cuda:0')	-0.1818580106339801
32200.0	1000.0	362.6989348249688	54.1192410395046	0	283.79783947555916	562.6989348249663	1	0	tensor(3, device='cuda:0')	0.8718184104779766
33200.0	1000.0	179.75421391468353	53.64422327177711	0	300.2834063429473	379.7542139146899	1	0	tensor(5, device='cuda:0')	-0.09702355124527967
34200.0	1000.0	290.0226024830483	110.26838856836686	0	403.8202651442043	490.0226024830481	1	0	tensor(3, device='cuda:0')	0.036133393191843555
35398.540035089005	1000.0	237.78401401812377	146.30144662408372	0	0.0	636.3240491071338	1	0	tensor(3, device='cuda:0')	0.3174073246224327
36269.70557835823	1000.0	578.3727879228093	211.7543171739211	0	0.0	848.0783662810572	1	0	tensor(3, device='cuda:0')	-0.07968244540442204
37200.0	1000.0	415.5047608705918	0.0	0	353.76381137887074	615.5047608706154	1	0	tensor(5, device='cuda:0')	0.22868496342929404
38200.0	1000.0	415.5047608705944	0.0	0	143.2634713496227	615.5047608706154	1	0	tensor(3, device='cuda:0')	0.695598459975947
39416.30376248065	1000.0	298.5476608225255	99.34666243257897	0	0.0	714.8514233031965	1	0	tensor(3, device='cuda:0')	0.5976203559735354
40468.74341697014	1000.0	512.5362868119303	266.4282804788879	0	0.0	981.2797037820783	1	0	tensor(3, device='cuda:0')	-0.41098454470778756
41200.0	1000.0	781.2797037820704	0.0	0	340.41662474413897	981.279703782071	1	0	tensor(3, device='cuda:0')	1.1875851381655402
42200.0	1000.0	781.2797037820682	0.0	0	560.055499751521	981.279703782071	1	0	tensor(3, device='cuda:0')	1.1875851381655402
43200.0	1000.0	781.2797037820686	0.0	0	197.7695387185522	981.279703782071	1	0	tensor(3, device='cuda:0')	1.1875851381655402
44200.0	1000.0	531.2797037820801	0.0	0	381.63321145468944	731.2797037820783	1	0	tensor(5, device='cuda:0')	0.19132739436761806
45200.0	1000.0	531.2797037820842	0.0	0	416.1833586534194	731.2797037820783	1	0	tensor(3, device='cuda:0')	0.6933680631083554
46200.0	1000.0	531.2797037820798	0.0	0	25.702131514131906	731.2797037820783	1	0	tensor(3, device='cuda:0')	1.1933680631083554
47200.0	1000.0	281.27970378208977	0.0	0	98.7654541250231	481.27970378208556	1	0	tensor(5, device='cuda:0')	0.19654372933826794
48200.0	1000.0	189.81122259003644	126.82521504636937	0	326.03471588263346	389.81122259003314	1	0	tensor(5, device='cuda:0')	0.0003265527836588955
49273.49858556033	1000.0	447.9433150334148	331.63067800370914	0	0.0	721.4419005937452	1	0	tensor(3, device='cuda:0')	-1.296216383406897
50564.97001656202	1000.0	200.0	293.1167789749585	0	0.0	764.9700165620234	1	0	tensor(5, device='cuda:0')	-1.5661562850393906
51791.79625646553	1000.0	319.8067849849806	522.6716678914967	0	0.0	1111.6030414505149	1	0	tensor(5, device='cuda:0')	-2.306133148710006
52602.106578670006	1000.0	493.5330810565721	149.29135906174744	0	0.0	1095.6396597265775	1	0	tensor(5, device='cuda:0')	-0.043364948850721174
53669.89725140453	1000.0	300.5077401066886	113.37039997462404	0	0.0	970.4049915112264	1	0	tensor(5, device='cuda:0')	0.028415954669011007
54992.75290510529	1000.0	205.38403200088044	446.75668721611055	0	0.0	1198.136937106181	1	0	tensor(5, device='cuda:0')	-1.9399319418320575
55661.4757015663	1000.0	612.4862698324828	194.40458672628677	0	0.0	1273.961971398785	1	0	tensor(5, device='cuda:0')	-0.22622855786684548
56821.61466285855	1000.0	200.0	30.149945426268488	0	0.0	1021.6146628585557	1	0	tensor(5, device='cuda:0')	0.4386691786987818
58002.82253033494	1000.0	270.2074653104728	437.37383972476755	0	0.0	1273.029995645411	1	0	tensor(5, device='cuda:0')	-1.8200817353960896
58803.70300137482	1000.0	537.7550106646329	214.91850732322	0	0.0	1341.458012039453	1	0	tensor(5, device='cuda:0')	-0.4079486514724861
59599.533079381166	1000.0	542.967413156694	0.0	0	0.0	1142.5004925378526	1	0	tensor(5, device='cuda:0')	0.7837401601291242
60200.0	1000.0	942.5004925378589	0.0	0	31.489988854606054	1142.5004925378526	1	0	tensor(3, device='cuda:0')	0.6830233670855156
61200.0	1000.0	942.500492537853	0.0	0	500.3533202935432	1142.5004925378526	1	0	tensor(3, device='cuda:0')	1.1830233670855157
62415.96464945222	3000.0	726.5358430856325	0.0	0	0.0	1142.5004925378526	1	0	tensor(3, device='cuda:0')	1.1830233670855157
63200.0	1000.0	942.5004925378498	0.0	0	269.8593507328769	1142.5004925378526	1	0	tensor(3, device='cuda:0')	0.0844110784174058
64200.0	1000.0	942.500492537856	0.0	0	280.81877119970886	1142.5004925378598	1	0	tensor(3, device='cuda:0')	1.1830233670855153
65200.0	1000.0	942.500492537848	0.0	0	104.30454690829356	1142.5004925378598	1	0	tensor(3, device='cuda:0')	1.1830233670855153
66200.0	1000.0	692.5004925378456	0.0	0	365.24254347653186	892.5004925378598	1	0	tensor(5, device='cuda:0')	0.1874113536663493
67200.0	1000.0	442.50049253786176	0.0	0	200.47688404681685	642.5004925378598	1	0	tensor(5, device='cuda:0')	0.6933827599575287
68200.0	1000.0	241.72985409601893	39.38348924654096	0	238.85106685156643	441.72985409601824	1	0	tensor(5, device='cuda:0')	0.480489647958091
69200.0	1000.0	241.72985409601574	0.0	0	583.081135211818	441.72985409601824	1	0	tensor(3, device='cuda:0')	0.6985007663428839
70200.0	1000.0	329.1598928919327	87.43003879590569	0	255.35337636714394	529.1598928919266	1	0	tensor(3, device='cuda:0')	0.672522803225492
71200.0	1000.0	79.15989289193362	0.0	0	526.1164166872768	279.1598928919266	1	0	tensor(5, device='cuda:0')	0.1994285465361362
72200.0	1000.0	272.8684406045762	193.70854771264936	0	446.1729077945056	472.8684406045795	1	0	tensor(3, device='cuda:0')	-0.4642344882490809
73200.0	1000.0	344.7438491245531	71.87540851998656	0	274.45508740560035	544.7438491245557	1	0	tensor(3, device='cuda:0')	0.7655884681283682
74200.0	1000.0	94.743849124554	0.0	0	536.1913034566678	294.7438491245557	1	0	tensor(5, device='cuda:0')	0.19922058892413416
76154.5940723169	3000.0	200.0	1059.8502231923517	0	0.0	1354.5940723169042	1	0	tensor(3, device='cuda:0')	-5.674889109751674
76817.28958550576	1000.0	655.1083153163963	226.782165441961	0	0.0	1472.3979008221504	1	0	tensor(5, device='cuda:0')	-2.0076574635412774
77288.89089965817	1000.0	1065.6066726258966	0.0	0	0.0	1354.4975722840609	1	0	tensor(5, device='cuda:0')	0.9388889710173757
78200.0	1000.0	1154.4975722840702	0.0	0	402.27069424408546	1354.4975722840609	1	0	tensor(3, device='cuda:0')	0.6758099766702639
80565.26780994698	3000.0	200.0	410.770237662909	0	0.0	1765.2678099469776	1	0	tensor(3, device='cuda:0')	-1.2970069740957915
81172.53630382716	1000.0	614.5400223509162	138.90051176092294	0	0.0	1787.0763261780667	1	0	tensor(5, device='cuda:0')	-1.512969451742
81725.61422610108	1000.0	923.1926195085117	0.0	0	0.0	1648.8068456095789	1	0	tensor(5, device='cuda:0')	0.8845991517737781
82200.0	1000.0	1448.806845609589	0.0	0	56.34253447537776	1648.8068456095789	1	0	tensor(3, device='cuda:0')	0.6629539036468396
83200.0	1000.0	1448.8068456095853	0.0	0	405.85835385012615	1648.8068456095789	1	0	tensor(3, device='cuda:0')	1.1629539036468397
84424.46282677502	1000.0	918.2283121407952	0.0	0	0.0	1342.691138915834	1	0	tensor(5, device='cuda:0')	0.060948035759188085
85441.7773576387	1000.0	646.5851485611861	0.0	0	0.0	1088.36250619989	1	0	tensor(5, device='cuda:0')	0.6739561727636063
86200.0	1000.0	698.8068456095738	0.0	0	96.82615192778758	898.8068456095643	1	0	tensor(5, device='cuda:0')	0.8089635134108264
87200.0	1000.0	448.8068456095732	0.0	0	445.01851194257324	648.8068456095934	1	0	tensor(5, device='cuda:0')	0.6930691481229141
88200.0	1000.0	448.8068456095791	0.0	0	157.89269537034852	648.806845609608	1	0	tensor(3, device='cuda:0')	0.6949828807181553
89200.0	1000.0	322.31494315426505	98.80647803574752	0	106.33055226832221	522.3149431542843	1	0	tensor(5, device='cuda:0')	-0.34753032567911946
90200.0	1000.0	284.3405473887236	169.62048338756583	0	102.14525553434214	484.3405473887251	1	0	tensor(5, device='cuda:0')	-0.23639887521153496
91227.5351247187	1000.0	264.25874699872645	211.46968440671844	0	0.0	491.7938717174402	1	0	tensor(5, device='cuda:0')	-0.48037554900658536
92200.0	1000.0	350.1749940096237	58.381122292202065	0	375.1585517292697	550.1749940096488	1	0	tensor(3, device='cuda:0')	0.3464618796265011
93200.0	1000.0	351.75696537029546	1.5819713606509822	0	280.94574332049524	551.7569653703104	1	0	tensor(3, device='cuda:0')	1.187229804968563
94200.0	1000.0	351.7569653703044	0.0	0	399.390040242899	551.7569653703104	1	0	tensor(3, device='cuda:0')	1.1967216331324688
95619.7493815843	1000.0	362.5461655503003	430.5385817642949	0	0.0	982.2955471346067	1	0	tensor(3, device='cuda:0')	-1.3951096143446657
96445.67080746921	1000.0	508.69203760885745	142.8381235317461	0	0.0	954.3628450780816	1	0	tensor(5, device='cuda:0')	-0.5115658905618194
97326.91827248772	1000.0	441.1251041474043	27.193918249327567	0	0.0	768.0433766351198	1	0	tensor(5, device='cuda:0')	0.6011744188545763
98200.0	1000.0	349.7729447570639	0.0	0	266.2356392247457	549.7729447570746	1	0	tensor(5, device='cuda:0')	0.7587047732682651
99200.0	1000.0	349.77294475704406	0.0	0	355.30509633981274	549.7729447570746	1	0	tensor(3, device='cuda:0')	0.6967554635187947
100200.0	1000.0	349.7729447570425	0.0	0	621.4129113509844	549.7729447570746	1	0	tensor(3, device='cuda:0')	1.1967554635187947
101547.6405962674	3000.0	292.4082232656319	290.27587477597797	0	0.0	840.0488195330545	1	0	tensor(3, device='cuda:0')	-0.5506287433011599
102200.0	1000.0	640.0488195330133	0.0	0	218.22435661952477	840.0488195330545	1	0	tensor(3, device='cuda:0')	0.09241421668659833
103200.0	1000.0	640.0488195330126	0.0	0	413.3365836665471	840.0488195330399	1	0	tensor(3, device='cuda:0')	1.1910265053547084
105503.130724937	3000.0	200.0	863.0819054039936	0	0.0	1703.1307249370002	1	0	tensor(3, device='cuda:0')	-4.006554462366729
106090.02359792752	1000.0	653.7575923372854	149.8989468603567	0	0.0	1743.78119026481	1	0	tensor(5, device='cuda:0')	-1.560504931963686
107354.02938156808	1000.0	200.0	100.99970977074278	0	0.0	1554.029381568078	1	0	tensor(5, device='cuda:0')	-0.023344329786225804
108036.17192165971	1000.0	557.9385357119754	168.4933686612029	0	0.0	1594.1104573716875	1	0	tensor(5, device='cuda:0')	-0.10430373920561598
108710.43554967955	1000.0	715.109000687189	0.0	0	0.0	1425.5445503667288	1	0	tensor(5, device='cuda:0')	0.834299301580174
109540.42665315786	1000.0	677.6201213392918	0.0	0	0.0	1218.0467744971393	1	0	tensor(5, device='cuda:0')	0.7638240977380145
110200.0	1000.0	1018.0467744971543	0.0	0	72.00560649175895	1218.0467744971538	1	0	tensor(3, device='cuda:0')	0.6806233719754272
111200.0	1000.0	768.0467744971455	0.0	0	410.6287803347659	968.0467744971393	1	0	tensor(5, device='cuda:0')	0.18528346148156924
112200.0	1000.0	768.0467744971504	0.0	0	186.4411994265247	968.0467744971247	1	0	tensor(3, device='cuda:0')	0.6879283447244743
113200.0	1000.0	518.0467744971537	0.0	0	338.4225637460913	718.0467744971393	1	0	tensor(5, device='cuda:0')	0.19164860175107623
114200.0	1000.0	268.0467744971339	0.0	0	224.1186725059233	468.0467744970956	1	0	tensor(5, device='cuda:0')	0.6965798880709465
115200.0	1000.0	88.85972447662408	56.650359983599884	0	485.9634233726538	288.85972447658423	1	0	tensor(5, device='cuda:0')	0.38773246149764307
116200.0	1000.0	238.1901501142525	149.33042563762694	0	476.52489294412953	438.19015011425654	1	0	tensor(3, device='cuda:0')	-0.19742771254710603
117200.0	1000.0	357.91577944721234	119.7256293329587	0	14.890768613448017	557.9157794472121	1	0	tensor(3, device='cuda:0')	0.4782624156545676
118200.0	1000.0	406.88227017601355	48.9664907288016	0	283.24125597806415	606.8822701760073	1	0	tensor(3, device='cuda:0')	0.9019556170523301
119200.0	1000.0	406.88227017603526	0.0	0	490.480529470733	606.8822701760073	1	0	tensor(3, device='cuda:0')	1.1957545614251397
120200.0	1000.0	406.88227017603185	0.0	0	264.87790148262866	606.8822701760073	1	0	tensor(3, device='cuda:0')	1.1957545614251397
121200.0	1000.0	406.8822701760325	0.0	0	229.97259772979305	606.8822701760073	1	0	tensor(3, device='cuda:0')	1.1957545614251397
122200.0	1000.0	156.88227017600724	0.0	0	470.76013207194046	356.88227017599274	1	0	tensor(5, device='cuda:0')	0.19831090803486676
123200.0	1000.0	255.78485789076785	98.90258771474905	0	450.67149967966543	455.78485789075785	1	0	tensor(3, device='cuda:0')	0.10486864201386764
124200.0	1000.0	255.7848578907616	0.0	0	551.3998395210656	455.78485789075785	1	0	tensor(3, device='cuda:0')	1.198284168302362
125200.0	1000.0	258.01873093030827	2.2338730395588158	0	474.01157465178403	458.01873093031463	1	0	tensor(3, device='cuda:0')	1.1848462253683854
126200.0	1000.0	327.6663154284036	69.64758449810637	0	314.8650167163869	527.6663154284179	1	0	tensor(3, device='cuda:0')	0.7792424384206718
127200.0	1000.0	327.6663154284095	0.0	0	338.4828402327548	527.6663154284179	1	0	tensor(3, device='cuda:0')	1.19712794540931
128200.0	1000.0	429.9925155015916	102.32620007317203	0	222.44736874461523	629.9925155015953	1	0	tensor(3, device='cuda:0')	0.5813759516888806
129200.0	1000.0	429.99251550157624	0.0	0	562.432362035106	629.9925155015808	1	0	tensor(3, device='cuda:0')	1.195333152127913
130200.0	1000.0	429.9925155015717	0.0	0	279.33424441913667	629.9925155015662	1	0	tensor(3, device='cuda:0')	1.1953331521279134
131200.0	1000.0	429.99251550157544	0.0	0	83.03143462575099	629.9925155015662	1	0	tensor(3, device='cuda:0')	1.1953331521279136
132200.0	1000.0	318.850203758106	111.08615060520611	0	118.25797894987045	518.8502037581056	1	0	tensor(5, device='cuda:0')	-0.41501043012667205
133200.0	1000.0	208.82808692430478	111.98230653292993	0	260.9915805661876	408.8280869243026	1	0	tensor(5, device='cuda:0')	0.08169593116734855
134200.0	1000.0	381.39958724756804	172.57150032328488	0	228.0901174354076	581.3995872475789	1	0	tensor(3, device='cuda:0')	-0.33922082237819046
135200.0	1000.0	240.17166268157462	87.01766034721808	0	163.97721396785346	440.17166268156143	1	0	tensor(5, device='cuda:0')	-0.2814413415969711
136200.0	1000.0	111.86693994129843	97.35622180780007	0	395.6631977373909	311.86693994130474	1	0	tensor(5, device='cuda:0')	0.16352756341870958
137200.0	1000.0	276.04033383354187	164.17339389225836	0	486.85816697607515	476.04033383354545	1	0	tensor(3, device='cuda:0')	-0.28707370845683655
138200.0	1000.0	336.47818927052043	60.43785543697959	0	388.9250319782004	536.478189270565	1	0	tensor(3, device='cuda:0')	0.834353316503595
139259.9629734846	1000.0	412.36448756295533	135.84927177704145	0	0.0	672.3274610476219	1	0	tensor(3, device='cuda:0')	0.3794400785307561
140443.1377224685	1000.0	267.6582618895177	267.40976844516007	0	0.0	710.7959843581193	1	0	tensor(5, device='cuda:0')	-1.3700802552884215
141200.0	1000.0	396.6437248599941	60.050647907849935	0	160.08692252045148	596.6437248600996	1	0	tensor(5, device='cuda:0')	0.48590769777877424
142200.0	1000.0	146.6437248600347	0.0	0	426.85415309053496	346.6437248601578	1	0	tensor(5, device='cuda:0')	0.698474000254864
143341.3474524503	1000.0	377.99435237197963	372.69807996224716	0	0.0	719.3418048222957	1	0	tensor(3, device='cuda:0')	-1.5425784327388135
144254.6451963809	1000.0	423.0600634404585	149.3503127853774	0	0.0	677.7052598213486	1	0	tensor(5, device='cuda:0')	-0.5848067207501026
145200.0	1000.0	345.4161019040372	83.23963438995943	0	36.33824595063925	545.4161019040621	1	0	tensor(5, device='cuda:0')	0.265127535050126
146200.0	1000.0	353.5363060102982	206.4961632849831	0	66.12736016104463	553.5363060103264	1	0	tensor(5, device='cuda:0')	-0.4402858050455438
147200.0	1000.0	103.53630601030403	0.0	0	544.2889275772031	303.53630601032637	1	0	tensor(5, device='cuda:0')	0.6990933536133529
148660.85875062377	3000.0	200.0	557.3224446134527	0	0.0	860.8587506237673	1	0	tensor(3, device='cuda:0')	-2.6521375213908382
149670.1878260867	1000.0	420.1448885745478	385.4449863225805	0	0.0	1090.3327146612573	1	0	tensor(5, device='cuda:0')	-3.040263021426145
150420.46274298782	1000.0	519.3315309888425	29.62423083256317	0	0.0	939.794273976644	1	0	tensor(5, device='cuda:0')	0.6493378829126875
151200.0	1000.0	739.7942739767025	0.0	0	292.33845323778223	939.7942739766731	1	0	tensor(3, device='cuda:0')	0.6886462634215461
152200.0	1000.0	739.794273976734	0.0	0	382.4003964980657	939.7942739767022	1	0	tensor(3, device='cuda:0')	1.1886462634215453
153200.0	1000.0	489.7942739766926	0.0	0	139.45809390814975	689.7942739766731	1	0	tensor(5, device='cuda:0')	0.19254965509457025
154200.0	1000.0	239.79427397666234	0.0	0	303.90048054553336	439.79427397670224	1	0	tensor(5, device='cuda:0')	0.6971000769515856
155200.0	1000.0	152.0167241416635	129.7779601319924	0	158.23906087584328	352.01672414163477	1	0	tensor(5, device='cuda:0')	-0.015329367312908737
156495.93153746368	1000.0	387.70787773907404	531.6226910610793	0	0.0	883.6394152027497	1	0	tensor(3, device='cuda:0')	-2.4997210593358417
157200.0	1000.0	683.6394152027817	0.0	0	240.3989472244284	883.6394152027497	1	0	tensor(3, device='cuda:0')	1.1900150870306343
158200.0	1000.0	433.6394152028058	0.0	0	601.6880605980696	633.6394152027497	1	0	tensor(5, device='cuda:0')	0.19329132851126934
159680.42336808585	3000.0	201.23485766377001	248.0188105467974	0	0.0	881.6582257495611	1	0	tensor(3, device='cuda:0')	-0.7980143623286762
160200.0	1000.0	724.2329199158097	42.57469416618443	0	48.058685556665296	924.2329199157539	1	0	tensor(3, device='cuda:0')	-0.16502723355018556
162822.9451957601	3000.0	200.0	1098.7122758442642	0	0.0	2022.9451957601123	1	0	tensor(3, device='cuda:0')	-5.425710033460289
163781.8995158339	1000.0	503.00671080666774	401.35968871911206	0	0.0	2284.906226640567	1	0	tensor(5, device='cuda:0')	-3.171560963593432
164485.28772842683	1000.0	623.7714450655408	0.0	0	0.0	2109.0591734923655	1	0	tensor(5, device='cuda:0')	0.778523906219451
165050.79377822293	1000.0	916.8888828204252	0.0	0	0.0	1967.6826610433345	1	0	tensor(5, device='cuda:0')	0.8590518817019959
165981.74829300286	1000.0	753.195739345503	0.0	0	0.0	1734.9440323484014	1	0	tensor(5, device='cuda:0')	0.6894753661517982
166855.73005318418	1000.0	660.7185391188589	0.0	0	0.0	1516.448592303088	1	0	tensor(5, device='cuda:0')	0.7293803800150116
167608.79713310915	1000.0	719.3846892126365	0.0	0	0.0	1328.1818223218434	1	0	tensor(5, device='cuda:0')	0.7983971551364192
168674.97738796327	1000.0	386.6593706450033	0.0	0	0.0	1061.6367586083652	1	0	tensor(5, device='cuda:0')	0.6500427319288069
170083.5345011935	1000.0	201.48815798934154	460.4201431057071	0	0.0	1285.0226591828396	1	0	tensor(5, device='cuda:0')	-2.0610648801287685
171455.42776004924	1000.0	206.746268524628	576.0997472839347	0	0.0	1662.1740285738488	1	0	tensor(5, device='cuda:0')	-2.693641595849905
172448.0429658927	1000.0	488.81830335876396	274.6872406776522	0	0.0	1936.8612692514725	1	0	tensor(3, device='cuda:0')	-1.0018773279861954
173394.4423196268	1000.0	368.74452547764434	50.34033142919748	0	0.0	1763.1868451045011	1	0	tensor(5, device='cuda:0')	-0.09691126681075746
173980.62984332533	1000.0	636.0101208544872	0.0	0	0.0	1616.6399641799217	1	0	tensor(5, device='cuda:0')	0.8695939130536221
174856.7909907686	1000.0	540.8086865504023	0.0	0	0.0	1397.5996773191146	1	0	tensor(5, device='cuda:0')	0.733636117399614
176013.8766499945	1000.0	213.59926205505388	95.31811962958568	0	0.0	1227.4759120496456	1	0	tensor(5, device='cuda:0')	0.07480697311476475
176880.28854940826	1000.0	420.0158477015458	231.54516793095473	0	0.0	1300.3043971098377	1	0	tensor(5, device='cuda:0')	-0.5310872173224175
177759.83575537795	1000.0	492.58634051143144	137.60360021759874	0	0.0	1252.4220958894584	1	0	tensor(5, device='cuda:0')	-0.018895881295686284
178666.18949081455	1000.0	490.8058871219665	104.92937272507078	0	0.0	1156.9953779366333	1	0	tensor(5, device='cuda:0')	0.15069528895639092
179470.5628764677	1000.0	505.8590890505315	16.415947196001753	0	0.0	976.4219655183551	1	0	tensor(5, device='cuda:0')	0.6938804103938834
180422.64417563623	1000.0	449.45822088374155	106.96060463507052	0	0.0	872.1023965200875	1	0	tensor(5, device='cuda:0')	0.124653718934607
181200.0	1000.0	672.1023965200123	0.0	0	220.74181300858618	872.1023965200875	1	0	tensor(3, device='cuda:0')	0.6902870308698914
182200.0	1000.0	672.1023965199839	0.0	0	286.6081702570955	872.1023965200875	1	0	tensor(3, device='cuda:0')	1.1902870308698914
183483.58007503426	1000.0	236.62165857176765	135.19548467565696	0	0.0	720.2017336061108	1	0	tensor(5, device='cuda:0')	-0.6921159329362763
184594.02583611227	1000.0	388.13386090591735	261.9579634121518	0	0.0	982.1596970182727	1	0	tensor(3, device='cuda:0')	-0.8841856249693161
185781.99476573645	1000.0	227.5226685504307	259.47997573979603	0	0.0	1009.5174342869432	1	0	tensor(5, device='cuda:0')	-1.3363545299396637
186776.51121114523	1000.0	655.4718548665404	422.4656317249292	0	0.0	1431.9830660118023	1	0	tensor(3, device='cuda:0')	-1.8620181468014083
187585.52228767474	1000.0	644.2080092046597	0.0	0	0.0	1229.7302968793956	1	0	tensor(5, device='cuda:0')	0.2739194083617178
188360.9867004202	1000.0	674.8774932728694	0.0	0	0.0	1035.8641936930362	1	0	tensor(5, device='cuda:0')	0.7969332923716812
189200.0	1000.0	626.1108687981446	0.0	0	466.4409595929028	826.1108687981032	1	0	tensor(5, device='cuda:0')	0.7696330934341302
191044.38681778428	3000.0	200.0	418.27594898612483	0	0.0	1244.3868177842232	1	0	tensor(3, device='cuda:0')	-1.8277009911915856
191639.7804027565	1000.0	708.5892921212007	202.26501866918372	0	0.0	1348.3696948776778	1	0	tensor(5, device='cuda:0')	-1.8338471887904033
192200.0	1000.0	1148.3696948777126	0.0	0	192.7803176806774	1348.3696948776778	1	0	tensor(3, device='cuda:0')	0.6760402515312762
193314.26179886932	3000.0	1034.1078960084055	0.0	0	0.0	1348.3696948776778	1	0	tensor(3, device='cuda:0')	1.1760402515312762
195396.42202593337	3000.0	200.0	248.05233105564264	0	0.0	1596.422025933367	1	0	tensor(3, device='cuda:0')	0.7834867857508675
195981.36994671178	1000.0	624.5575811140137	124.59398566963237	0	0.0	1605.9275278258137	1	0	tensor(5, device='cuda:0')	-1.4131420858757564
196817.8922711527	1000.0	578.9046755628959	0.0	0	0.0	1396.7969467155926	1	0	tensor(5, device='cuda:0')	0.7530434454870437
197768.4008699731	1000.0	540.5617125676814	119.83422842421301	0	0.0	1308.9625825407566	1	0	tensor(5, device='cuda:0')	0.04141774989209429
198266.63425800749	1000.0	917.7699775246906	0.0	0	0.0	1184.404235532129	1	0	tensor(5, device='cuda:0')	0.9316444998576989
199200.0	1000.0	751.0628000340162	0.0	0	361.6485841871181	951.0628000340075	1	0	tensor(5, device='cuda:0')	0.7191922212754877
200200.0	1000.0	751.0628000340072	0.0	0	316.2469453868689	951.0628000340075	1	0	tensor(3, device='cuda:0')	0.6883623193931518
201200.0	1000.0	751.0628000339724	0.0	0	326.19695517784567	951.0628000340075	1	0	tensor(3, device='cuda:0')	1.1883623193931518
202200.0	1000.0	751.0628000339921	0.0	0	479.7415347272472	951.0628000340366	1	0	tensor(3, device='cuda:0')	1.1883623193931512
203200.0	1000.0	751.062800033982	0.0	0	212.7777467762644	951.0628000340657	1	0	tensor(3, device='cuda:0')	1.1883623193931503
204200.0	1000.0	501.0628000339932	0.0	0	375.5091526876786	701.0628000340948	1	0	tensor(5, device='cuda:0')	0.1919879788597424
205200.0	1000.0	267.13724122201705	12.859552950453207	0	180.25933532280033	467.1372412221681	1	0	tensor(5, device='cuda:0')	0.6260102173561739
206200.0	1000.0	107.73161493058217	72.47549896684124	0	381.6114918120147	307.73161493072985	1	0	tensor(5, device='cuda:0')	0.30043005845071596
207292.61643616846	1000.0	378.9963161611347	363.88113739901553	0	0.0	671.6127523295872	1	0	tensor(3, device='cuda:0')	-1.4887373732153741
208775.80458339723	1000.0	442.77108381543155	546.9629148830905	0	0.0	1218.5756672126881	1	0	tensor(3, device='cuda:0')	-2.1008117546754654
210052.95172580003	1000.0	200.0	282.9302753504694	0	0.0	1252.951725800056	1	0	tensor(5, device='cuda:0')	-1.5173887455240656
210980.0685526523	1000.0	592.5961456551182	319.7129725074104	0	0.0	1572.6646983074315	1	0	tensor(3, device='cuda:0')	-1.251635544822495
211710.61328364123	1000.0	679.4152319189468	0.0	0	0.0	1390.0285155602323	1	0	tensor(5, device='cuda:0')	0.30730587440450174
212662.81596455036	1000.0	489.16188078253003	0.0	0	0.0	1151.9778453329345	1	0	tensor(5, device='cuda:0')	0.704828918269083
213440.38831316333	1000.0	517.1964450163271	0.0	0	0.0	957.5847581796988	1	0	tensor(5, device='cuda:0')	0.7980392622510203
214533.13556996928	1000.0	268.1481466066256	93.50861807816682	0	0.0	801.2837165759411	1	0	tensor(5, device='cuda:0')	0.12947989913944918
216211.21891530877	1000.0	200.0	823.5648280541589	0	0.0	1411.2189153087966	1	0	tensor(5, device='cuda:0')	-4.1931429803887035
216853.56541675533	1000.0	704.8212081194179	147.1677095659845	0	0.0	1558.38662487478	1	0	tensor(3, device='cuda:0')	-0.21570232477388848
217455.4135476527	1000.0	952.5110444977353	0.0	0	0.0	1407.9245921504335	1	0	tensor(5, device='cuda:0')	0.3713463170443029
218200.0	1000.0	1207.9245921504712	0.0	0	169.85452070840984	1407.9245921504626	1	0	tensor(3, device='cuda:0')	0.6737425570142159
219200.0	1000.0	1207.9245921504917	0.0	0	239.23661374140647	1407.9245921504626	1	0	tensor(3, device='cuda:0')	1.173742557014216
220200.0	1000.0	957.9245921504955	0.0	0	510.1611421785783	1157.9245921504335	1	0	tensor(5, device='cuda:0')	0.17930069032866838
221200.0	1000.0	957.9245921504917	0.0	0	512.4482637303299	1157.9245921504335	1	0	tensor(3, device='cuda:0')	0.6825477544457663
222200.0	1000.0	957.9245921504787	0.0	0	329.55942324755597	1157.9245921504335	1	0	tensor(3, device='cuda:0')	1.1825477544457663
223200.0	1000.0	707.9245921504897	0.0	0	11.584157484554453	907.9245921504044	1	0	tensor(5, device='cuda:0')	0.18794362082396768
224200.0	1000.0	457.92459215050644	0.0	0	464.19188649524585	657.9245921504335	1	0	tensor(5, device='cuda:0')	0.6928729855168094
225200.0	1000.0	457.92459215051576	0.0	0	183.56805851540412	657.9245921504335	1	0	tensor(3, device='cuda:0')	0.6948107703896163
226200.0	1000.0	457.9245921505312	0.0	0	367.87653414939996	657.9245921504335	1	0	tensor(3, device='cuda:0')	1.1948107703896163
227414.60508630294	1000.0	304.2926831520225	60.97317730443598	0	0.0	718.8977694548666	1	0	tensor(3, device='cuda:0')	0.8277799288660178
228234.87915079333	1000.0	593.2089423735301	109.19032371188746	0	0.0	828.0880931667634	1	0	tensor(3, device='cuda:0')	0.5361545488667062
229200.0	1000.0	386.80788086522705	0.0	0	420.23509030713467	586.807880865148	1	0	tensor(5, device='cuda:0')	0.21177053275260152
230200.0	1000.0	386.8078808652326	0.0	0	502.8351500494464	586.807880865148	1	0	tensor(3, device='cuda:0')	0.6961128617025667
231200.0	1000.0	386.80788086525286	0.0	0	542.5541759553307	586.8078808651771	1	0	tensor(3, device='cuda:0')	1.196112861702566
233155.12966083965	3000.0	200.0	768.3217799743842	0	0.0	1355.1296608395642	1	0	tensor(3, device='cuda:0')	-3.4292997215511956
233756.64238026747	1000.0	671.828693692463	178.9756743817956	0	0.0	1428.471073959954	1	0	tensor(5, device='cuda:0')	-1.7121670066271306
234512.62531788502	1000.0	726.8500216705146	0.0	0	0.0	1239.47533955556	1	0	tensor(5, device='cuda:0')	0.800149899814742
235200.0	1000.0	867.6316690268264	0.0	0	85.13940280416864	1067.6316690268286	1	0	tensor(5, device='cuda:0')	0.8399692738003534
236200.0	1000.0	617.6316690268089	0.0	0	51.33459176434553	817.6316690268286	1	0	tensor(5, device='cuda:0')	0.6896173151489835
237200.0	1000.0	374.547339486297	5.532536367595014	0	42.257420695968904	574.5473394863075	1	0	tensor(5, device='cuda:0')	0.6647013940515945
238200.0	1000.0	124.5473394863235	0.0	0	518.2446897803748	324.54733948633657	1	0	tensor(5, device='cuda:0')	0.6987843243281853
239200.0	1000.0	225.1519900861063	100.60465059978199	0	481.8537255246192	425.15199008610216	1	0	tensor(3, device='cuda:0')	0.09512448712377475
240200.0	1000.0	313.5628334121926	88.41084332608905	0	448.3581102423195	513.5628334122011	1	0	tensor(3, device='cuda:0')	0.666896288689099
241674.9833800513	3000.0	200.0	361.4205466391055	0	0.0	874.9833800513006	1	0	tensor(3, device='cuda:0')	-0.9759068051234376
243055.9358770856	1000.0	200.0	580.952497034277	0	0.0	1255.9358770856052	1	0	tensor(5, device='cuda:0')	-4.3071047469033985
244031.06592031452	1000.0	485.1385216820457	403.2408605745313	0	0.0	1516.2044419965532	1	0	tensor(5, device='cuda:0')	-1.5385331406366565
244777.50985176236	1000.0	552.0836073722378	0.0	0	0.0	1329.5934591346013	1	0	tensor(5, device='cuda:0')	0.8014490176858673
246195.99408023275	1000.0	200.0	336.817342572621	0	0.0	1395.9940802327474	1	0	tensor(5, device='cuda:0')	-1.387511863944742
246809.04460710616	1000.0	677.0434922942634	194.68532070881747	0	0.0	1486.0880994004547	1	0	tensor(5, device='cuda:0')	-0.20818577470853933
247768.2041515555	1000.0	478.09406173260663	0.0	0	0.0	1246.2982132881298	1	0	tensor(5, device='cuda:0')	0.6973475122715476
248938.47378654464	1000.0	316.2103953251941	240.76270186319402	0	0.0	1254.684181869845	1	0	tensor(5, device='cuda:0')	-0.7323682347052833
249828.8093402281	1000.0	347.11283067261945	115.0575019614032	0	0.0	1175.9221709007397	1	0	tensor(5, device='cuda:0')	0.10177718736285071
250780.5028429797	1000.0	482.7506692096549	260.2037735812522	0	0.0	1263.2535121893743	1	0	tensor(5, device='cuda:0')	-0.7296917832549432
251500.57783206974	1000.0	582.6569328471453	0.0	0	0.0	1083.2347649169096	1	0	tensor(5, device='cuda:0')	0.8232961727357414
252581.7228230204	1000.0	341.3352220944215	88.08762234842811	0	0.0	923.0580451148271	1	0	tensor(5, device='cuda:0')	0.1622826482842375
253561.71269871126	1000.0	385.2968922464095	215.15921181244119	0	0.0	947.009590957663	1	0	tensor(5, device='cuda:0')	-0.48643406778692255
254367.922820214	1000.0	482.15528240314217	83.69683362815289	0	0.0	850.0781026171462	1	0	tensor(5, device='cuda:0')	0.326131661618776
255200.0	1000.0	442.0588076706613	0.0	0	399.8056772639684	642.0588076706044	1	0	tensor(5, device='cuda:0')	0.7773264075517831
256323.63387468716	3000.0	437.8123866718901	119.38745368836163	0	0.0	761.4462613590003	1	0	tensor(3, device='cuda:0')	-0.02358103556128055
257962.502188159	3000.0	200.0	401.0559267999547	0	0.0	1162.50218815892	1	0	tensor(3, device='cuda:0')	-0.12266555401295867
259075.6380757016	1000.0	265.22284481815325	365.3141633971104	0	0.0	1340.8609205197426	1	0	tensor(5, device='cuda:0')	-2.9909809592418273
259695.0264294312	1000.0	689.9170284783831	159.1437006577689	0	0.0	1384.9434579095978	1	0	tensor(5, device='cuda:0')	-0.011579372651154218
260534.139473765	1000.0	641.0257230611529	0.0	0	0.0	1175.1651968261576	1	0	tensor(5, device='cuda:0')	0.7604360779560629
261316.5814719111	1000.0	662.9732253785177	0.0	0	0.0	979.5546972895972	1	0	tensor(5, device='cuda:0')	0.7951283489597589
262271.33454317227	1000.0	469.5318863020632	0.0	0	0.0	740.866429474263	1	0	tensor(5, device='cuda:0')	0.7143969928517926
263200.0	1000.0	308.7000652672718	0.0	0	161.92277939617634	508.7000652672141	1	0	tensor(5, device='cuda:0')	0.731751015626976
264200.0	1000.0	363.3823059049992	54.682240637718365	0	310.40304628183367	563.3823059049319	1	0	tensor(3, device='cuda:0')	0.3684286177612657
265200.0	1000.0	363.3823059050837	0.0	0	401.52773149847053	563.3823059049319	1	0	tensor(3, device='cuda:0')	1.1965220615875758
266200.0	1000.0	379.1411441560599	15.758838250974662	0	249.92951423540944	579.1411441559321	1	0	tensor(3, device='cuda:0')	1.1016948027443512
267200.0	1000.0	361.8904304498534	186.19942903505762	0	4.453765282349195	561.8904304496828	1	0	tensor(5, device='cuda:0')	-0.8287049291732602
268200.0	1000.0	237.11768211576765	100.1818013327174	0	24.586433232645504	437.1176821156405	1	0	tensor(5, device='cuda:0')	0.1463176805388992
269200.0	1000.0	488.3621021946824	251.24442007887853	0	2.0922401815187186	688.3621021945146	1	0	tensor(3, device='cuda:0')	-0.8132416863953651
270200.0	1000.0	488.3621021946343	0.0	0	311.80292489239946	688.3621021944564	1	0	tensor(3, device='cuda:0')	1.1942248340779071
271200.0	1000.0	488.36210219466284	0.0	0	328.2982189966715	688.3621021944564	1	0	tensor(3, device='cuda:0')	1.1942248340779071
272200.0	1000.0	238.36210219464954	0.0	0	345.37085907388246	438.3621021945146	1	0	tensor(5, device='cuda:0')	0.1970345154890534
273200.0	1000.0	158.2328774646886	135.8966202160513	0	326.6873867645045	358.23287746461574	1	0	tensor(5, device='cuda:0')	-0.049108770442053695
274200.0	1000.0	390.5460359692297	232.31315850454735	0	246.76453989074798	590.5460359692224	1	0	tensor(3, device='cuda:0')	-0.6978322712765586
275200.0	1000.0	279.16946947633164	110.8987468056921	0	205.33962535724277	479.16946947627	1	0	tensor(5, device='cuda:0')	-0.4134157451730572
276200.0	1000.0	41.19908541876222	9.623692753983647	0	519.1465512799332	241.199085418717	1	0	tensor(5, device='cuda:0')	0.6470253608572153
277200.0	1000.0	341.4623367200317	300.2632513013083	0	336.20502262358787	541.4623367200838	1	0	tensor(3, device='cuda:0')	-1.1046830575170867
278200.0	1000.0	353.59889417589284	12.136557455895257	0	274.36072517506545	553.598894175957	1	0	tensor(3, device='cuda:0')	1.1238708212564366
279323.9310509056	1000.0	250.719662792891	241.62766579921725	0	0.0	574.6507136985892	1	0	tensor(5, device='cuda:0')	-1.1959706363051328
280200.0	1000.0	453.22053586550606	238.0696475524722	0	29.194807405758183	653.2205358656356	1	0	tensor(5, device='cuda:0')	-0.5536363593661753
281200.0	1000.0	288.62053291897564	68.31999764282699	0	166.19864968548063	488.6205329190125	1	0	tensor(5, device='cuda:0')	0.3206394761922916
282200.0	1000.0	350.13279353431494	249.20980849224554	0	1.990083064243663	550.1327935344307	1	0	tensor(5, device='cuda:0')	-0.6750764078422723
283200.0	1000.0	424.0574689278974	73.92467539358651	0	212.26138106978033	624.0574689279892	1	0	tensor(3, device='cuda:0')	0.25189424635073787
284200.0	1000.0	174.057468927966	0.0	0	554.2982454327866	374.05746892798925	1	0	tensor(5, device='cuda:0')	0.19799230162250808
285343.1063369018	1000.0	356.06943983906626	325.11830781283834	0	0.0	699.1757767408271	1	0	tensor(3, device='cuda:0')	-1.2566974694887771
286200.0	1000.0	352.50640460962063	54.04323491468858	0	182.24620981811313	552.5064046096522	1	0	tensor(5, device='cuda:0')	-0.030320412610119696
287200.0	1000.0	102.50640460961398	0.0	0	476.62875136721414	302.50640460971044	1	0	tensor(5, device='cuda:0')	0.6991080062835947
288200.0	1000.0	204.98372818120083	102.47732357163214	0	551.7844190816395	404.9837281812215	1	0	tensor(3, device='cuda:0')	0.08418904021937346
289200.0	1000.0	245.88671424999308	40.90298606883957	0	513.1890866578324	445.88671425008215	1	0	tensor(3, device='cuda:0')	0.9530191039187421
290200.0	1000.0	261.8476720020479	15.9609577520486	0	472.7998248359072	461.8476720021572	1	0	tensor(3, device='cuda:0')	1.1024240527507754
291200.0	1000.0	331.63553787700545	69.78786587486618	0	347.2787347303238	531.6355378770386	1	0	tensor(3, device='cuda:0')	0.7783344713941891
292200.0	1000.0	356.3258165406397	24.6902786636783	0	141.2535939514637	556.3258165406878	1	0	tensor(3, device='cuda:0')	1.0485018021814798
293200.0	1000.0	201.34336175971407	76.01403617533578	0	303.4176277681836	401.34336175979115	1	0	tensor(5, device='cuda:0')	-0.220372884239641
294200.0	1000.0	378.31357925473526	176.9702174950294	0	107.97451293515041	578.3135792548419	1	0	tensor(3, device='cuda:0')	-0.3655589649299947
295267.47410917544	1000.0	289.30188348463184	196.26475255940312	0	0.0	556.7759926602012	1	0	tensor(5, device='cuda:0')	-0.9178522449645067
296200.0	1000.0	299.9519405251087	141.0459364569702	0	209.930381360522	499.95194052526494	1	0	tensor(5, device='cuda:0')	-0.04581375514354302
297200.0	1000.0	194.31387291539852	115.48954591225353	0	328.506710552203	394.3138729154598	1	0	tensor(5, device='cuda:0')	0.0626060654043043
298200.0	1000.0	274.79039409173146	80.4765211763429	0	468.3008328570286	474.79039409174584	1	0	tensor(3, device='cuda:0')	0.21512730645200756
299200.0	1000.0	288.88578570459435	14.09539161287563	0	357.6789128507371	488.88578570459504	1	0	tensor(3, device='cuda:0')	1.1131896157906487
300200.0	1000.0	394.5439530697764	105.65816736518681	0	153.05288495420245	594.5439530697768	1	0	tensor(3, device='cuda:0')	0.562026622795943
1.97	1.71	1.25	1.1	1.71	2.13	1.54	1.27	0.938	0.938	1.63	1.09	1.3	1.3	0.73	1.4	1.48	1.54	1.05	0.985	1.47	1.03	1.04	1.52	1.8	0.962	1.51	1.73	1.69	0.672	1.39	1.68	0.903	0.568	1.14	2.15	1.73	1.54	1.71	2.09	0.904	0.973	1.19	1.29	0.88	0.904	1.23	1.52	1.26	0.88	1.11	1.27	0.938	1.2	1.39	2.06	2.51	2.04	1.82	1.87	1.46	1.54	1.07	1.6	2.09	1.62	1.69	1.63	1.41	2.57	1.92	1.29	1.98	2.73	1.44	1.62	1.91	2.02	1.25	1.04	1.24	1.61	1.96	1.48	1.42	1.07	0.985	1.6	1.31	1.62	0.579	1.23	1.41	1.88	2.06	2.46	1.99	2.04	2.18	1.71	1.39	1.33	1.02	1.19	1.39	1.73	1.41	1.56	1.62	1.36	1.7	1.66	0.846	1.59	1.9	1.75	1.34	2.36	2.41	1.83	2.05	1.59	1.22	1.9	1.63	1.48	1.26	1.41	1.3	1.37	1.56	1.47	1.62	1.73	1.01	1.17	1.45	1.44	1.11	1.1	1.2	1.37	2.35	2.56	0.927	1.52	1.78	1.23	1.16	1.6	0.973	0.996	1.82	2.1	2.53	2.69	1.82	1.04	0.985	1.53	1.63	1.41	1.37	1.16	0.811	0.892	0.788	1.27	1.41	1.54	1.27	1.15	1.04	1.29	1.59	1.34	2.35	1.41	0.649	1.17	0.683	0.799	1.68	1.77	2.21	1.73	1.8	2.78	2.81	1.53	0.95	1.61	0.811	1.61	2.19	1.42	2.13	1.78	1.46	1.59	1.69	1.34	0.857	0.463	1.07	1.01	1.51	1.34	1.62	0.88	0.66	0.649	1.44	2.29	1.49	1.83	1.61	1.05	1.25	1.89	1.54	1.36	0.544	1.53	1.89	1.45	2.12	1.32	1.22	1.54	1.59	0.95	1.16	2.11	1.75	2.4	1.7	0.741	0.73	1.37	0.927	0.88	1.64	0.915	1.2	0.927	1.34	1.1	1.11	1.61	2.68	2.44	1.55	1.14	1.17	1.67	1.12	1.03	1.03	1.7	1.26	1.42	1.29	0.776	1.2	1.12	1.44	1.32	1.07	1.26	1.8	1.56	2.12	1.62	1.05	1.25	1.38	1.15	1.69	2.03	1.03	1.48	1.84	1.76	1.88	1.66	1.64	1.33	1.87	1.36	1.14	1.31	2.11	2.03	1.47	1.41	1.19
1954.0	1955.0	1956.0	1957.0	1958.0	1959.0	1960.0	1961.0	1962.0	1963.0	1964.0	1965.0	1966.0	1967.0	1968.0	1969.0	1970.0	1971.0	1972.0	1973.0	1974.0	1975.0	1976.0	1977.0	1978.0	1979.0	1980.0	1981.0	1982.0	1983.0	1984.0	1985.0	1986.0	1987.0	1988.0	1989.0	1990.0	1991.0	1992.0	1993.0	1994.0	1995.0	1996.0	1997.0	1998.0	1999.0	2000.0	2000.0	2001.0	2002.0	2003.0	2004.0	2005.0	2006.0	2007.0	2008.0	2009.0	2010.0	2011.0	2012.0	2013.0	2014.0	2015.0	2016.0	2017.0	2018.0	2019.0	2020.0	2021.0	2022.0	2023.0	2024.0	2025.0	2026.0	2027.0	2028.0	2029.0	2030.0	2031.0	2032.0	2033.0	2034.0	2035.0	2036.0	2037.0	2038.0	2039.0	2040.0	2041.0	2042.0	2043.0	2044.0	2045.0	2046.0	2047.0	2048.0	2049.0	2050.0	2051.0	2052.0	2053.0	2054.0	2055.0	2056.0	2057.0	2058.0	2059.0	2060.0	2061.0	2062.0	2063.0	2064.0	2065.0	2066.0	2067.0	2068.0	2069.0	2070.0	2071.0	2072.0	2073.0	2074.0	2075.0	2076.0	2077.0	2078.0	2079.0	2080.0	2081.0	2082.0	2083.0	2084.0	2085.0	2086.0	2087.0	2088.0	2089.0	2090.0	2091.0	2092.0	2093.0	2094.0	2095.0	2096.0	2097.0	2098.0	2099.0	2100.0	2101.0	2102.0	2103.0	2104.0	2105.0	2106.0	2107.0	2108.0	2109.0	2110.0	2111.0	2112.0	2113.0	2114.0	2115.0	2116.0	2117.0	2118.0	2119.0	2120.0	2121.0	2122.0	2123.0	2124.0	2125.0	2126.0	2127.0	2128.0	2129.0	2130.0	2131.0	2132.0	2133.0	2134.0	2135.0	2136.0	2137.0	2138.0	2139.0	2140.0	2141.0	2142.0	2143.0	2144.0	2145.0	2146.0	2147.0	2148.0	2149.0	2150.0	2151.0	2152.0	2153.0	2154.0	2155.0	2156.0	2157.0	2158.0	2159.0	2160.0	2161.0	2162.0	2163.0	2164.0	2165.0	2166.0	2167.0	2168.0	2169.0	2170.0	2171.0	2172.0	2173.0	2174.0	2175.0	2176.0	2177.0	2178.0	2179.0	2180.0	2181.0	2182.0	2183.0	2184.0	2185.0	2186.0	2187.0	2188.0	2189.0	2190.0	2191.0	2192.0	2193.0	2194.0	2195.0	2196.0	2197.0	2198.0	2199.0	2200.0	2201.0	2202.0	2203.0	2204.0	2205.0	2206.0	2207.0	2208.0	2209.0	2210.0	2211.0	2212.0	2213.0	2214.0	2215.0	2216.0	2217.0	2218.0	2219.0	2220.0	2221.0	2222.0	2223.0	2224.0	2225.0	2226.0	2227.0	2228.0	2229.0	2230.0	2231.0	2232.0	2233.0	2234.0	2235.0	2236.0	2237.0	2238.0	2239.0	2240.0	2241.0	2242.0	2243.0	2244.0	2245.0	2246.0	2247.0	2248.0	2249.0
5396.0
