5630.747601992755	1000.0	2000.0	274.28341885561537	0	0.0	5630.747601992755	1	0	tensor(3, device='cuda:0')	-3.2047032115276055
6045.659271660749	1000.0	2481.3604129150085	0.0	0	0.0	5527.019684575757	1	0	tensor(5, device='cuda:0')	-1.0543878168912164
6366.787774119965	1000.0	3079.9497848409887	0.0	0	0.0	5446.737558960954	1	0	tensor(5, device='cuda:0')	-0.4271311207560906
6885.462869105383	1000.0	3431.605916109216	0.0	0	0.0	5317.068785214598	1	0	tensor(5, device='cuda:0')	-0.41486735377718686
8116.766479955865	3000.0	2892.476402546112	0.0	0	0.0	5009.242882501976	1	0	tensor(5, device='cuda:0')	-0.5588316514299686
8808.573353695603	1000.0	3027.7178103714386	0.0	0	0.0	4836.291164067041	1	0	tensor(5, device='cuda:0')	-1.2144975301657879
9300.180510650122	1000.0	3413.20886417829	0.0	0	0.0	4713.38937482841	1	0	tensor(5, device='cuda:0')	0.08174169099566189
9805.292724345974	1000.0	3781.818597058476	0.0	0	0.0	4587.111321404448	1	0	tensor(5, device='cuda:0')	0.1583131859732357
10429.277928883947	1000.0	4001.83709138601	0.0	0	0.0	4431.115020269955	1	0	tensor(5, device='cuda:0')	0.19297267730733395
11628.034960908377	3000.0	3503.3908013554733	0.0	0	0.0	4131.425762263849	1	0	tensor(5, device='cuda:0')	0.0366344762424215
12200.0	1000.0	3788.434502490944	0.0	0	84.26832587977879	3988.4345024909435	1	0	tensor(5, device='cuda:0')	-0.6618361371826267
13734.314952914941	3000.0	2870.5408113472668	0.0	0	0.0	3604.8557642622072	1	0	tensor(5, device='cuda:0')	0.07858605515710326
15188.432762681901	3000.0	2052.8935491385655	0.0	0	0.0	3241.326311820465	1	0	tensor(5, device='cuda:0')	1.3253980091321427
15691.313477209244	1000.0	2424.2926559793873	0.0	0	0.0	3115.6061331886267	1	0	tensor(5, device='cuda:0')	-0.35434637135258107
16340.30787323375	1000.0	2613.049660948754	0.0	0	0.0	2953.3575341825017	1	0	tensor(5, device='cuda:0')	0.7011498425872812
17857.445587528517	3000.0	2095.911946653991	0.0	0	0.0	2953.3575341825017	1	0	tensor(3, device='cuda:0')	0.5324126995343574
19192.788284829294	3000.0	1426.7335750280192	0.0	0	0.0	2619.5218598573047	1	0	tensor(5, device='cuda:0')	1.0006335588277877
19629.623235382543	1000.0	1880.6898868364642	0.0	0	0.0	2510.3131222189986	1	0	tensor(5, device='cuda:0')	-0.2244989764307902
20200.0	1000.0	2310.3131222190104	0.0	0	103.35607632156098	2510.3131222189986	1	0	tensor(3, device='cuda:0')	0.5954349008805482
21200.0	1000.0	2310.313122219013	0.0	0	623.4494734815016	2510.3131222189986	1	0	tensor(3, device='cuda:0')	1.0954349008805482
22866.272780518226	3000.0	1644.0403417007878	0.0	0	0.0	2510.313122218995	1	0	tensor(3, device='cuda:0')	1.0954349008805488
24105.867041748028	3000.0	1404.4460804709843	0.0	0	0.0	2510.313122218995	1	0	tensor(3, device='cuda:0')	2.1940471895486584
25495.3692971905	3000.0	1014.9438250285128	0.0	0	0.0	2510.313122218995	1	0	tensor(3, device='cuda:0')	2.1940471895486584
26412.589290181833	3000.0	1097.7238320371803	0.0	0	0.0	2510.3131222189986	1	0	tensor(3, device='cuda:0')	2.194047189548658
27801.303384799467	3000.0	709.009737419548	0.0	0	0.0	2510.3131222189986	1	0	tensor(3, device='cuda:0')	2.194047189548658
28093.028624723163	1000.0	1344.3531875149272	0.0	0	0.0	2437.3818122380726	1	0	tensor(5, device='cuda:0')	-0.6427909143186644
28890.875867171522	3000.0	1546.5059450665715	0.0	0	0.0	2437.3818122380726	1	0	tensor(3, device='cuda:0')	0.6035348485695073
29859.76724360077	3000.0	1577.614568637322	0.0	0	0.0	2437.381812238069	1	0	tensor(3, device='cuda:0')	2.2021471372376173
30981.170014080384	3000.0	1456.211798157703	0.0	0	0.0	2437.381812238069	1	0	tensor(3, device='cuda:0')	2.2021471372376173
32009.510568526646	3000.0	1427.871243711441	0.0	0	0.0	2437.3818122380653	1	0	tensor(3, device='cuda:0')	2.2021471372376182
33647.11873861161	3000.0	790.2630736264853	0.0	0	0.0	2437.381812238069	1	0	tensor(3, device='cuda:0')	2.202147137237618
34159.36383819695	1000.0	1149.9566991448123	0.0	0	0.0	2309.320537341737	1	0	tensor(5, device='cuda:0')	-0.7412172217365941
34687.3507755279	1000.0	1489.9730274811268	0.0	0	0.0	2177.3238030089997	1	0	tensor(5, device='cuda:0')	0.8612734062788674
35220.18411526298	1000.0	1957.1396877460459	0.0	0	0.0	2177.3238030089997	1	0	tensor(3, device='cuda:0')	0.6282586175516772
36200.0	1000.0	1732.3698318247768	0.0	0	581.2553936946933	1932.3698318247625	1	0	tensor(5, device='cuda:0')	0.1495575756131348
37550.04418992817	3000.0	1382.325641896603	0.0	0	0.0	1932.3698318247698	1	0	tensor(3, device='cuda:0')	0.6465440336895292
38566.35173460562	3000.0	1366.0180972191558	0.0	0	0.0	1932.3698318247625	1	0	tensor(3, device='cuda:0')	2.2451563223576394
39767.82340399484	3000.0	1164.5464278299444	0.0	0	0.0	1932.3698318247625	1	0	tensor(3, device='cuda:0')	2.2451563223576394
40763.06864603068	3000.0	1169.3011857940987	0.0	0	0.0	1932.3698318247625	1	0	tensor(3, device='cuda:0')	2.2451563223576394
41939.961654477636	3000.0	992.4081773471501	0.0	0	0.0	1932.3698318247625	1	0	tensor(3, device='cuda:0')	2.2451563223576394
43389.46536802431	3000.0	542.9044638004859	0.0	0	0.0	1932.3698318247625	1	0	tensor(3, device='cuda:0')	2.2451563223576394
43913.23667782092	1000.0	1019.1331540038772	0.0	0	0.0	1932.3698318247625	1	0	tensor(3, device='cuda:0')	0.04793174502142
44376.61095514629	1000.0	1555.7588766785036	0.0	0	0.0	1932.3698318247625	1	0	tensor(3, device='cuda:0')	1.1465440336895296
45665.268298720286	3000.0	1267.1015331045055	0.0	0	0.0	1932.3698318247698	1	0	tensor(3, device='cuda:0')	1.1465440336895292
47444.7014103758	3000.0	487.6684214489914	0.0	0	0.0	1932.3698318247698	1	0	tensor(3, device='cuda:0')	2.245156322357639
48027.261197062726	1000.0	759.4686880903307	0.0	0	0.0	1786.7298851530359	1	0	tensor(5, device='cuda:0')	-0.7364669515627394
48439.57814354711	1000.0	1347.1517416059553	0.0	0	0.0	1786.7298851530359	1	0	tensor(3, device='cuda:0')	0.6555348422807019
49729.499744245644	3000.0	1057.230140907422	0.0	0	0.0	1786.7298851530359	1	0	tensor(3, device='cuda:0')	1.155534842280702
50457.907704754696	3000.0	1328.822180398376	0.0	0	0.0	1786.7298851530359	1	0	tensor(3, device='cuda:0')	2.254147130948812
51738.96291162824	3000.0	1047.7669735248408	0.0	0	0.0	1786.7298851530359	1	0	tensor(3, device='cuda:0')	2.254147130948812
52667.55727661194	3000.0	1119.1726085411397	0.0	0	0.0	1786.7298851530359	1	0	tensor(3, device='cuda:0')	2.254147130948812
53801.046284668366	3000.0	985.6836004847156	0.0	0	0.0	1786.7298851530359	1	0	tensor(3, device='cuda:0')	2.254147130948812
55220.4042194891	3000.0	566.3256656639768	0.0	0	0.0	1786.7298851530359	1	0	tensor(3, device='cuda:0')	2.254147130948812
56445.67961689595	3000.0	419.64889968808575	78.59863143094833	0	0.0	1865.3285165839843	1	0	tensor(3, device='cuda:0')	1.777860969083151
57495.437504944384	3000.0	464.76658964970545	94.87557801005852	0	0.0	1960.204094594039	1	0	tensor(3, device='cuda:0')	1.6740356162952659
57983.2748718321	1000.0	854.9698810400507	0.0	0	0.0	1838.2447528721023	1	0	tensor(5, device='cuda:0')	-0.6919319103044894
59960.0329375633	3000.0	200.0	321.788184691145	0	0.0	2160.03293756325	1	0	tensor(3, device='cuda:0')	-1.2893941545876566
60410.88832072913	1000.0	755.3876320662688	95.16548881883978	0	0.0	2166.275952795346	1	0	tensor(5, device='cuda:0')	-1.2202782154471545
60884.567314085994	1000.0	1163.288890370187	0.0	0	0.0	2047.8562044561259	1	0	tensor(5, device='cuda:0')	0.8993725214707777
61591.99519643574	1000.0	1279.0040374330092	0.0	0	0.0	1870.9992338686934	1	0	tensor(5, device='cuda:0')	0.7940042003723005
62201.55010880846	1000.0	1669.4491250602953	0.0	0	0.0	1870.9992338686934	1	0	tensor(3, device='cuda:0')	0.6504877475763724
63200.0	1000.0	1421.38676107086	0.0	0	475.34362644423527	1621.3867610708112	1	0	tensor(5, device='cuda:0')	0.1599794767205448
64522.67428265042	3000.0	1098.7124784204402	0.0	0	0.0	1621.3867610708112	1	0	tensor(3, device='cuda:0')	0.664313821753681
65475.37070671569	3000.0	1146.0160543551688	0.0	0	0.0	1621.3867610708112	1	0	tensor(3, device='cuda:0')	2.2629261104217906
66426.34637914925	3000.0	1195.0403819216035	0.0	0	0.0	1621.3867610708112	1	0	tensor(3, device='cuda:0')	2.2629261104217906
67475.37982599155	3000.0	1146.006935079302	0.0	0	0.0	1621.3867610707966	1	0	tensor(3, device='cuda:0')	2.2629261104217915
68444.03123447677	3000.0	1177.3555265940681	0.0	0	0.0	1621.3867610707966	1	0	tensor(3, device='cuda:0')	2.2629261104217915
69782.05402075258	3000.0	839.3327403182707	0.0	0	0.0	1621.3867610707966	1	0	tensor(3, device='cuda:0')	2.2629261104217915
70251.66086615039	1000.0	1369.725894920472	0.0	0	0.0	1621.3867610707966	1	0	tensor(3, device='cuda:0')	0.06570153308557175
71200.0	1000.0	1421.3867610708712	0.0	0	458.58671484704246	1621.3867610707966	1	0	tensor(3, device='cuda:0')	1.1643138217536817
72200.0	1000.0	1421.3867610708787	0.0	0	391.72695659307647	1621.3867610707966	1	0	tensor(3, device='cuda:0')	1.1643138217536817
73200.0	1000.0	1171.3867610708974	0.0	0	310.19953199154406	1371.3867610708112	1	0	tensor(5, device='cuda:0')	0.17141277096923005
74200.0	1000.0	921.3867610708855	0.0	0	317.95410423434805	1121.3867610708112	1	0	tensor(5, device='cuda:0')	0.6807401074593777
75200.0	1000.0	671.3867610708725	0.0	0	346.7878735864797	871.3867610707966	1	0	tensor(5, device='cuda:0')	0.6880008284198124
76200.0	1000.0	671.3867610708721	0.0	0	491.7754676042823	871.3867610707966	1	0	tensor(3, device='cuda:0')	0.6903037975075084
77680.2272035756	3000.0	339.7550596858098	148.59550219054063	0	0.0	1019.9822632613359	1	0	tensor(3, device='cuda:0')	0.2949822351739063
78238.20343509545	1000.0	781.7788281659714	0.0	0	0.0	1019.9822632613359	1	0	tensor(3, device='cuda:0')	0.08794295964904059
79200.0	1000.0	819.982263261412	0.0	0	417.839703583697	1019.9822632613359	1	0	tensor(3, device='cuda:0')	1.1865552483171502
80200.0	3000.0	819.9822632614273	0.0	0	243.77346323079837	1019.9822632613359	1	0	tensor(3, device='cuda:0')	1.1865552483171502
81301.28747910322	3000.0	718.6947841582157	0.0	0	0.0	1019.9822632613359	1	0	tensor(3, device='cuda:0')	2.28516753698526
82417.66020009012	3000.0	602.3220631713253	0.0	0	0.0	1019.9822632613359	1	0	tensor(3, device='cuda:0')	2.28516753698526
83497.90589641708	3000.0	522.0763668443522	0.0	0	0.0	1019.9822632613214	1	0	tensor(3, device='cuda:0')	2.2851675369852607
84306.64485028236	3000.0	713.3374129790717	0.0	0	0.0	1019.9822632613068	1	0	tensor(3, device='cuda:0')	2.285167536985261
85413.27190395404	3000.0	606.7103593073842	0.0	0	0.0	1019.9822632613068	1	0	tensor(3, device='cuda:0')	2.285167536985261
86200.0	3000.0	819.9822632614276	0.0	0	147.17786917832564	1019.9822632613068	1	0	tensor(3, device='cuda:0')	2.285167536985261
87200.0	3000.0	819.9822632614472	0.0	0	267.4939310194022	1019.9822632613068	1	0	tensor(3, device='cuda:0')	2.285167536985261
88200.0	3000.0	819.9822632614491	0.0	0	392.51044840826944	1019.9822632613068	1	0	tensor(3, device='cuda:0')	2.285167536985261
89305.14687646565	3000.0	714.8353867957887	0.0	0	0.0	1019.9822632613068	1	0	tensor(3, device='cuda:0')	2.285167536985261
90200.0	3000.0	819.9822632614184	0.0	0	306.1351938323496	1019.9822632613068	1	0	tensor(3, device='cuda:0')	2.285167536985261
91200.0	3000.0	819.9822632614207	0.0	0	157.0956488565862	1019.9822632613214	1	0	tensor(3, device='cuda:0')	2.2851675369852607
92200.0	3000.0	819.9822632614303	0.0	0	7.300800054144929	1019.9822632613359	1	0	tensor(3, device='cuda:0')	2.28516753698526
93524.7085185538	3000.0	495.27374470763516	0.0	0	0.0	1019.9822632613359	1	0	tensor(3, device='cuda:0')	2.28516753698526
94597.68487595802	3000.0	493.70629068872523	71.4089033853108	0	0.0	1091.3911666466447	1	0	tensor(3, device='cuda:0')	1.8547075803000026
95681.23878364256	3000.0	429.2093802080062	19.056997203842513	0	0.0	1110.4481638504803	1	0	tensor(3, device='cuda:0')	2.1682592246969783
96522.49037817362	3000.0	587.9577856769222	0.0	0	0.0	1110.4481638504658	1	0	tensor(3, device='cuda:0')	2.2826012079200337
97506.5618379625	3000.0	603.8863258880289	0.0	0	0.0	1110.4481638504512	1	0	tensor(3, device='cuda:0')	2.282601207920034
98200.0	3000.0	910.4481638505192	0.0	0	27.62739877816057	1110.4481638504512	1	0	tensor(3, device='cuda:0')	2.282601207920034
99200.0	3000.0	910.4481638505326	0.0	0	445.611978080924	1110.4481638504512	1	0	tensor(3, device='cuda:0')	2.282601207920034
100200.0	3000.0	910.448163850516	0.0	0	301.57800937333377	1110.4481638504512	1	0	tensor(3, device='cuda:0')	2.282601207920034
101200.0	3000.0	910.4481638505235	0.0	0	72.16373136350012	1110.4481638504658	1	0	tensor(3, device='cuda:0')	2.2826012079200337
102200.0	3000.0	910.4481638505299	0.0	0	21.517600182807655	1110.4481638504658	1	0	tensor(3, device='cuda:0')	2.2826012079200337
103608.3204434971	3000.0	502.1277203534398	0.0	0	0.0	1110.4481638504658	1	0	tensor(3, device='cuda:0')	2.2826012079200337
104200.0	1000.0	910.4481638505279	0.0	0	10.662091900900123	1110.4481638504658	1	0	tensor(3, device='cuda:0')	0.085376630583814
106163.14130317743	3000.0	200.0	252.693139326913	0	0.0	1363.1413031773554	1	0	tensor(3, device='cuda:0')	-0.33834913555239016
106740.7786667282	1000.0	723.3772325584854	101.01459610925932	0	0.0	1464.1558992866194	1	0	tensor(3, device='cuda:0')	-0.5332533769332193
107200.0	1000.0	1264.1558992867083	0.0	0	106.5028887855733	1464.155899286634	1	0	tensor(3, device='cuda:0')	1.1714464883904459
108200.0	3000.0	1264.15589928672	0.0	0	67.25893902321695	1464.155899286634	1	0	tensor(3, device='cuda:0')	1.1714464883904459
109560.8267751314	3000.0	903.3291241553252	0.0	0	0.0	1464.1558992866485	1	0	tensor(3, device='cuda:0')	2.270058777058555
110278.98380288323	1000.0	1005.6328394655512	0.0	0	0.0	1284.6166423487157	1	0	tensor(5, device='cuda:0')	-0.780917443038291
111264.86120020243	1000.0	773.2860928165553	0.0	0	0.0	1038.1472930189339	1	0	tensor(5, device='cuda:0')	0.6913637539020152
112200.0	1000.0	604.3625930696071	0.0	0	488.2619957314455	804.3625930695416	1	0	tensor(5, device='cuda:0')	0.7219869376037752
113200.0	1000.0	604.3625930696102	0.0	0	665.925084458213	804.3625930695271	1	0	tensor(3, device='cuda:0')	0.6918226829427792
114517.60502444457	3000.0	286.75756862505483	0.0	0	0.0	804.3625930695125	1	0	tensor(3, device='cuda:0')	1.1918226829427796
115200.0	1000.0	463.56137875808486	23.838023661846222	0	197.16385049832752	663.5613787579787	1	0	tensor(5, device='cuda:0')	-0.8775178251988238
116200.0	1000.0	463.56137875808827	0.0	0	305.34539542927814	663.5613787579787	1	0	tensor(3, device='cuda:0')	0.6947035879790174
117200.0	1000.0	463.5613787580811	0.0	0	487.03565462105325	663.5613787579787	1	0	tensor(3, device='cuda:0')	1.1947035879790175
118200.0	1000.0	463.56137875809566	0.0	0	525.6008555241278	663.5613787579787	1	0	tensor(3, device='cuda:0')	1.1947035879790175
119200.0	1000.0	463.56137875809804	0.0	0	486.46690406952985	663.5613787579787	1	0	tensor(3, device='cuda:0')	1.1947035879790175
120200.0	1000.0	463.5613787580887	0.0	0	331.75248040225415	663.5613787579641	1	0	tensor(3, device='cuda:0')	1.1947035879790178
121200.0	1000.0	463.56137875809566	0.0	0	501.2438159574667	663.5613787579641	1	0	tensor(3, device='cuda:0')	1.1947035879790178
122695.75688525978	3000.0	226.6068779292828	258.80238443096215	0	0.0	922.3637631889287	1	0	tensor(3, device='cuda:0')	-0.3637350058094011
123253.827808425	1000.0	633.3953329492783	83.5016871812214	0	0.0	887.2231413741538	1	0	tensor(5, device='cuda:0')	-1.1478764284507448
124200.0	1000.0	687.2231413742692	0.0	0	301.72056831592636	887.2231413741538	1	0	tensor(3, device='cuda:0')	0.6899299805364354
125200.0	1000.0	687.2231413742711	0.0	0	179.61110685713356	887.2231413741538	1	0	tensor(3, device='cuda:0')	1.1899299805364354
126200.0	1000.0	437.2231413742634	0.0	0	439.96250886048074	637.2231413741829	1	0	tensor(5, device='cuda:0')	0.19328403096443225
127200.0	1000.0	437.2231413742785	0.0	0	689.2829783502821	637.2231413741829	1	0	tensor(3, device='cuda:0')	0.6951993094547692
128200.0	3000.0	437.2231413742734	0.0	0	86.44106678651588	637.2231413741829	1	0	tensor(3, device='cuda:0')	1.1951993094547693
129200.0	3000.0	437.2231413742744	0.0	0	233.82925255074224	637.2231413741974	1	0	tensor(3, device='cuda:0')	2.2938115981228786
130200.0	3000.0	437.22314137427657	0.0	0	241.3177158236067	637.223141374212	1	0	tensor(3, device='cuda:0')	2.2938115981228786
131200.0	3000.0	437.22314137427384	0.0	0	362.74557245527103	637.2231413742265	1	0	tensor(3, device='cuda:0')	2.2938115981228786
132200.0	3000.0	437.2231413742529	0.0	0	625.4166262759827	637.223141374212	1	0	tensor(3, device='cuda:0')	2.2938115981228786
133200.0	3000.0	437.2231413742361	0.0	0	550.516497527191	637.223141374212	1	0	tensor(3, device='cuda:0')	2.2938115981228786
134200.0	3000.0	437.2231413742559	0.0	0	126.11996126468875	637.223141374212	1	0	tensor(3, device='cuda:0')	2.2938115981228786
135200.0	3000.0	456.17520825955114	18.952066885279237	0	7.626754171506036	656.1752082595194	1	0	tensor(3, device='cuda:0')	2.179743800451105
136876.29211422038	3000.0	200.0	420.11690596084554	0	0.0	1076.2921142203559	1	0	tensor(3, device='cuda:0')	-0.2348595725434637
137423.30174222644	1000.0	677.5288083707894	129.03267470268244	0	0.0	1100.830550597224	1	0	tensor(5, device='cuda:0')	-1.398479324276874
138200.0	1000.0	900.8305505972332	0.0	0	165.8398641414533	1100.8305505971948	1	0	tensor(3, device='cuda:0')	0.684272746911929
139200.0	1000.0	900.8305505972437	0.0	0	240.11062534191296	1100.830550597224	1	0	tensor(3, device='cuda:0')	1.184272746911928
140200.0	1000.0	900.8305505972655	0.0	0	366.1685963156051	1100.830550597224	1	0	tensor(3, device='cuda:0')	1.184272746911928
141200.0	1000.0	650.8305505972417	0.0	0	307.8046079755586	850.8305505971948	1	0	tensor(5, device='cuda:0')	0.1885012283004902
142200.0	1000.0	400.8305505972605	0.0	0	543.584208010172	600.8305505971657	1	0	tensor(5, device='cuda:0')	0.6939681966073494
143200.0	1000.0	400.83055059726445	0.0	0	247.59239417151548	600.8305505971657	1	0	tensor(3, device='cuda:0')	0.6958633278210598
144200.0	1000.0	159.70625191775775	7.100561056387448	0	291.34298329334706	359.70625191769795	1	0	tensor(5, device='cuda:0')	0.15925790840430037
145200.0	1000.0	384.9670311891953	225.2607792714394	0	223.22400967762223	584.9670311891532	1	0	tensor(3, device='cuda:0')	-0.6554193127044856
146200.0	1000.0	134.9670311891888	0.0	0	508.9988335330563	334.9670311891241	1	0	tensor(5, device='cuda:0')	0.1986025416245357
147277.86266029315	3000.0	466.46509914425747	409.3607282482126	0	0.0	744.3277594373212	1	0	tensor(3, device='cuda:0')	-1.7630640843984142
148200.0	3000.0	544.3277594374044	0.0	0	40.62423764244886	744.3277594373212	1	0	tensor(3, device='cuda:0')	2.2917125737589714
149200.0	3000.0	544.3277594373887	0.0	0	90.80057125695748	744.3277594372921	1	0	tensor(3, device='cuda:0')	2.2917125737589723
150369.18964790416	3000.0	375.13811153323724	0.0	0	0.0	744.3277594372921	1	0	tensor(3, device='cuda:0')	2.2917125737589723
151200.0	1000.0	544.3277594374438	0.0	0	299.75712193979416	744.3277594373212	1	0	tensor(3, device='cuda:0')	0.09448799642275202
152618.5358796905	3000.0	298.47207173034917	172.68019198341324	0	0.0	917.0079514207318	1	0	tensor(3, device='cuda:0')	0.15312971657277552
153948.80927919265	3000.0	282.3913068118617	314.1926345836708	0	0.0	1231.2005860043864	1	0	tensor(3, device='cuda:0')	0.39364343855959094
154426.91357862588	1000.0	704.9327177180905	16.13742815822002	0	0.0	1131.846296343865	1	0	tensor(5, device='cuda:0')	-0.7439841237723404
155200.0	1000.0	931.8462963440147	0.0	0	188.1734215146571	1131.846296343865	1	0	tensor(3, device='cuda:0')	0.6833477042424201
156563.24433131205	3000.0	568.6019650319784	0.0	0	0.0	1131.846296343865	1	0	tensor(3, device='cuda:0')	1.1833477042424203
157750.9878576236	3000.0	380.8584387204355	0.0	0	0.0	1131.846296343865	1	0	tensor(3, device='cuda:0')	2.28195999291053
158371.4695476621	1000.0	760.3767486819731	0.0	0	0.0	1131.846296343865	1	0	tensor(3, device='cuda:0')	0.0847354155743103
159200.0	1000.0	931.8462963441125	0.0	0	291.71532615757314	1131.8462963438942	1	0	tensor(3, device='cuda:0')	1.1833477042424192
160200.0	1000.0	931.8462963440693	0.0	0	343.38501093757804	1131.8462963438942	1	0	tensor(3, device='cuda:0')	1.1833477042424192
161200.0	1000.0	931.8462963440895	0.0	0	256.01236026076367	1131.8462963439233	1	0	tensor(3, device='cuda:0')	1.1833477042424183
162200.0	1000.0	931.8462963440702	0.0	0	553.9599456408178	1131.8462963439233	1	0	tensor(3, device='cuda:0')	1.1833477042424183
164072.43811026044	3000.0	200.0	140.59181391636622	0	0.0	1272.438110260293	1	0	tensor(3, device='cuda:0')	0.33747440631775505
164761.93216137582	1000.0	590.7271527636269	202.07577332629808	0	0.0	1352.659314139426	1	0	tensor(5, device='cuda:0')	-1.880490058793726
165416.61380095463	1000.0	772.3751032901095	0.0	0	0.0	1188.988904244703	1	0	tensor(5, device='cuda:0')	0.8530127987242354
166200.0	1000.0	988.9889042447214	0.0	0	246.72062097702292	1188.988904244703	1	0	tensor(3, device='cuda:0')	0.6815676688941789
167200.0	1000.0	988.9889042447139	0.0	0	608.2544015778403	1188.988904244674	1	0	tensor(3, device='cuda:0')	1.1815676688941799
168295.43756642638	3000.0	893.5513378183339	0.0	0	0.0	1188.988904244674	1	0	tensor(3, device='cuda:0')	1.1815676688941799
169268.8631108949	3000.0	920.125793349829	0.0	0	0.0	1188.988904244674	1	0	tensor(3, device='cuda:0')	2.28017995756229
170200.0	3000.0	988.9889042447053	0.0	0	36.13828414832824	1188.988904244674	1	0	tensor(3, device='cuda:0')	2.28017995756229
171200.0	3000.0	988.9889042446905	0.0	0	214.6616980432591	1188.9889042446448	1	0	tensor(3, device='cuda:0')	2.2801799575622903
172200.0	3000.0	988.9889042446994	0.0	0	399.8603140384366	1188.9889042446448	1	0	tensor(3, device='cuda:0')	2.2801799575622903
173200.0	3000.0	988.9889042447016	0.0	0	165.83608504460426	1188.9889042446448	1	0	tensor(3, device='cuda:0')	2.2801799575622903
174200.0	3000.0	988.9889042447212	0.0	0	296.2713510541944	1188.9889042446448	1	0	tensor(3, device='cuda:0')	2.2801799575622903
175200.0	3000.0	988.9889042447082	0.0	0	189.29714114990202	1188.9889042446448	1	0	tensor(3, device='cuda:0')	2.2801799575622903
176200.0	3000.0	988.988904244686	0.0	0	129.80326234878157	1188.9889042446448	1	0	tensor(3, device='cuda:0')	2.2801799575622903
177416.4968211701	3000.0	772.4920830746348	0.0	0	0.0	1188.9889042446448	1	0	tensor(3, device='cuda:0')	2.2801799575622903
178200.0	3000.0	988.9889042447007	0.0	0	49.53666316589806	1188.9889042446448	1	0	tensor(3, device='cuda:0')	2.2801799575622903
179204.06993489777	3000.0	984.9189693469317	0.0	0	0.0	1188.988904244674	1	0	tensor(3, device='cuda:0')	2.28017995756229
180551.44279828237	3000.0	637.5461059623759	0.0	0	0.0	1188.988904244674	1	0	tensor(3, device='cuda:0')	2.28017995756229
181200.0	1000.0	988.9889042447414	0.0	0	126.28253791900352	1188.988904244674	1	0	tensor(3, device='cuda:0')	0.08295538022607013
182200.0	1000.0	988.9889042447226	0.0	0	292.31887582168565	1188.988904244674	1	0	tensor(3, device='cuda:0')	1.1815676688941799
183200.0	1000.0	988.9889042447458	0.0	0	441.2765197788249	1188.988904244674	1	0	tensor(3, device='cuda:0')	1.1815676688941799
184200.0	1000.0	988.9889042447576	0.0	0	327.4293425817159	1188.988904244674	1	0	tensor(3, device='cuda:0')	1.1815676688941799
185200.0	1000.0	988.9889042447326	0.0	0	647.4106348690984	1188.988904244674	1	0	tensor(3, device='cuda:0')	1.1815676688941799
186407.58350615285	3000.0	781.405398091905	0.0	0	0.0	1188.988904244674	1	0	tensor(3, device='cuda:0')	1.1815676688941799
187200.0	3000.0	988.9889042447583	0.0	0	39.72912642499432	1188.9889042446448	1	0	tensor(3, device='cuda:0')	2.2801799575622903
188699.87407261948	3000.0	489.11483162526844	0.0	0	0.0	1188.9889042446448	1	0	tensor(3, device='cuda:0')	2.2801799575622903
190434.8113293346	3000.0	200.0	445.8224250898336	0	0.0	1634.811329334596	1	0	tensor(3, device='cuda:0')	-0.4070984968659537
191053.42749275654	1000.0	611.6057233323027	147.90074208780615	0	0.0	1665.0332160888356	1	0	tensor(5, device='cuda:0')	-1.561287918794939
191655.1802287464	1000.0	859.4148033449605	0.0	0	0.0	1514.595032091369	1	0	tensor(5, device='cuda:0')	0.8668237076887877
192200.0	1000.0	1314.5950320913478	0.0	0	118.7172040711448	1514.595032091369	1	0	tensor(3, device='cuda:0')	0.6692766058061388
193200.0	3000.0	1314.5950320913878	0.0	0	255.93237555306405	1514.595032091369	1	0	tensor(3, device='cuda:0')	1.169276605806139
194200.0	3000.0	1314.5950320913792	0.0	0	68.86075816550874	1514.595032091369	1	0	tensor(3, device='cuda:0')	2.2678888944742486
195200.0	3000.0	1314.5950320913805	0.0	0	179.3339467938058	1514.595032091369	1	0	tensor(3, device='cuda:0')	2.2678888944742486
196450.16249144755	3000.0	1064.4325406438195	0.0	0	0.0	1514.595032091369	1	0	tensor(3, device='cuda:0')	2.2678888944742486
197200.0	3000.0	1314.5950320913953	0.0	0	16.836074824619573	1514.595032091369	1	0	tensor(3, device='cuda:0')	2.2678888944742486
198200.0	3000.0	1314.595032091369	0.0	0	165.97313180871424	1514.595032091369	1	0	tensor(3, device='cuda:0')	2.2678888944742486
199330.99612723244	3000.0	1183.5989048589072	0.0	0	0.0	1514.595032091369	1	0	tensor(3, device='cuda:0')	2.2678888944742486
201201.71393859497	3000.0	312.88109349638796	0.0	0	0.0	1514.5950320913398	1	0	tensor(3, device='cuda:0')	2.26788889447425
201741.76219281377	1000.0	680.5585853570269	34.19024770733827	0	0.0	1422.3207781707752	1	0	tensor(5, device='cuda:0')	-0.8848491093765238
202302.46436954616	1000.0	1119.8564086246647	0.0	0	0.0	1422.3207781707752	1	0	tensor(3, device='cuda:0')	0.6731667127843566
203200.0	1000.0	1222.320778170831	0.0	0	258.2670270934759	1422.3207781707752	1	0	tensor(3, device='cuda:0')	1.1731667127843566
204200.0	1000.0	1222.320778170821	0.0	0	503.4855987811461	1422.3207781707752	1	0	tensor(3, device='cuda:0')	1.1731667127843566
205200.0	3000.0	1222.3207781708354	0.0	0	86.9428328021022	1422.3207781707752	1	0	tensor(3, device='cuda:0')	1.1731667127843566
206781.97503516416	3000.0	640.3457430066504	0.0	0	0.0	1422.3207781707752	1	0	tensor(3, device='cuda:0')	2.271779001452466
208393.48038580548	3000.0	200.0	171.1596076346507	0	0.0	1593.480385805451	1	0	tensor(3, device='cuda:0')	1.2393104103823842
208845.71007639545	1000.0	727.938388891333	74.5804017030394	0	0.0	1573.6484652867657	1	0	tensor(5, device='cuda:0')	-1.069601442519398
209369.6032315975	1000.0	1073.071944888783	0.0	0	0.0	1442.6751764862274	1	0	tensor(5, device='cuda:0')	0.9091064125520135
210200.0	1000.0	1242.675176486297	0.0	0	182.85670938240946	1442.6751764862274	1	0	tensor(3, device='cuda:0')	0.6723385578957928
211200.0	1000.0	992.675176486307	0.0	0	542.909293998644	1192.6751764862565	1	0	tensor(5, device='cuda:0')	0.17805558415403366
212549.85695125634	3000.0	642.8182252299714	0.0	0	0.0	1192.6751764862565	1	0	tensor(3, device='cuda:0')	0.6814493652246532
213370.85966490925	3000.0	821.8155115770481	0.0	0	0.0	1192.6751764862565	1	0	tensor(3, device='cuda:0')	2.280061653892763
214606.51888920757	3000.0	586.1562872787347	0.0	0	0.0	1192.6751764862274	1	0	tensor(3, device='cuda:0')	2.280061653892764
216270.73224409556	3000.0	200.0	278.0570676092897	0	0.0	1470.7322440955613	1	0	tensor(3, device='cuda:0')	0.6075591596926033
216824.37246570952	1000.0	640.6845248260099	106.18784147476829	0	0.0	1465.0569905355514	1	0	tensor(5, device='cuda:0')	-1.289613178614037
217415.32734192826	1000.0	1049.7296486072569	0.0	0	0.0	1465.0569905355514	1	0	tensor(3, device='cuda:0')	0.6714086556017225
218302.2402172639	3000.0	1162.816773271637	0.0	0	0.0	1465.0569905355806	1	0	tensor(3, device='cuda:0')	1.1714086556017216
220038.4316766906	3000.0	426.62531384490603	0.0	0	0.0	1465.0569905355806	1	0	tensor(3, device='cuda:0')	2.2700209442698314
220677.80661809916	1000.0	645.1022006135017	14.156450823431271	0	0.0	1322.90881871272	1	0	tensor(5, device='cuda:0')	-0.8204960195252973
221200.0	1000.0	1122.90881871266	0.0	0	119.72057098380174	1322.9088187126908	1	0	tensor(3, device='cuda:0')	0.6769823362003268
222271.88079134165	3000.0	1051.0280273710143	0.0	0	0.0	1322.9088187126617	1	0	tensor(3, device='cuda:0')	1.176982336200328
223620.4943783138	3000.0	702.4144403988532	0.0	0	0.0	1322.9088187126617	1	0	tensor(3, device='cuda:0')	2.2755946248684378
225470.65362091782	3000.0	200.0	347.7448022051951	0	0.0	1670.6536209178157	1	0	tensor(3, device='cuda:0')	0.18076034400368293
225925.00824578368	1000.0	783.9733538389603	38.327978704811414	0	0.0	1708.981599622639	1	0	tensor(3, device='cuda:0')	-0.1687411203871694
226431.6682711592	1000.0	1277.3133284634387	0.0	0	0.0	1708.981599622639	1	0	tensor(3, device='cuda:0')	1.159839040509809
227309.6744954689	3000.0	1399.3071041537257	0.0	0	0.0	1708.981599622639	1	0	tensor(3, device='cuda:0')	1.1598390405098091
228234.5075598719	3000.0	1474.4740397507308	0.0	0	0.0	1708.981599622639	1	0	tensor(3, device='cuda:0')	2.258451329177919
229200.0	3000.0	1508.9815996226528	0.0	0	213.53805529593956	1708.981599622639	1	0	tensor(3, device='cuda:0')	2.258451329177919
230729.08629585378	3000.0	979.895303768913	0.0	0	0.0	1708.981599622668	1	0	tensor(3, device='cuda:0')	2.2584513291779174
232007.6733879754	3000.0	701.3082116472568	0.0	0	0.0	1708.981599622668	1	0	tensor(3, device='cuda:0')	2.2584513291779174
233260.48293708373	3000.0	448.49866253897386	0.0	0	0.0	1708.981599622668	1	0	tensor(3, device='cuda:0')	2.2584513291779174
233739.62983299253	1000.0	969.351766630178	0.0	0	0.0	1708.981599622668	1	0	tensor(3, device='cuda:0')	0.061226751841697735
234844.43363485183	3000.0	864.5479647708896	0.0	0	0.0	1708.981599622668	1	0	tensor(3, device='cuda:0')	1.1598390405098076
235281.41203520802	1000.0	1427.5695644146952	0.0	0	0.0	1708.981599622668	1	0	tensor(3, device='cuda:0')	0.061226751841697735
236200.0	1000.0	1508.9815996227348	0.0	0	382.0902121918043	1708.981599622697	1	0	tensor(3, device='cuda:0')	1.159839040509806
237200.0	1000.0	1508.9815996227476	0.0	0	282.8927868330211	1708.981599622668	1	0	tensor(3, device='cuda:0')	1.1598390405098076
238200.0	1000.0	1258.9815996227053	0.0	0	313.69072266621515	1458.9815996225807	1	0	tensor(5, device='cuda:0')	0.16749484817593857
239200.0	1000.0	1008.9815996226948	0.0	0	565.702100684226	1208.9815996225807	1	0	tensor(5, device='cuda:0')	0.6774233188509806
240497.4275249761	3000.0	711.5540746465774	0.0	0	0.0	1208.9815996225807	1	0	tensor(3, device='cuda:0')	0.68092086565422
241227.9083668708	1000.0	798.4530222782336	0.0	0	0.0	1026.3613891489222	1	0	tensor(5, device='cuda:0')	-0.7788101889093915
242308.94308426822	1000.0	447.159625531493	0.0	0	0.0	756.1027097995975	1	0	tensor(5, device='cuda:0')	0.6507105202775494
243200.0	1000.0	386.7430507497147	42.72365590633609	0	127.25443053909112	586.7430507495883	1	0	tensor(5, device='cuda:0')	0.5143112665673221
244200.0	1000.0	145.68776821173674	7.155773969624988	0	328.57061252370477	345.68776821164647	1	0	tensor(5, device='cuda:0')	0.6591464413296748
245200.0	1000.0	280.07071466602895	134.38294645431603	0	462.01119682964054	480.07071466592606	1	0	tensor(3, device='cuda:0')	-0.10839496647391555
246200.0	1000.0	280.0707146660194	0.0	0	587.1561535575893	480.07071466589696	1	0	tensor(3, device='cuda:0')	1.1979027122519812
247200.0	1000.0	347.6073682589148	67.53665359288544	0	295.6247445056506	547.6073682587885	1	0	tensor(3, device='cuda:0')	0.7915723922552159
248200.0	1000.0	347.6073682589395	0.0	0	375.98075909508043	547.6073682587885	1	0	tensor(3, device='cuda:0')	1.1967923138125287
249200.0	1000.0	347.6073682589332	0.0	0	490.6230853347224	547.6073682587885	1	0	tensor(3, device='cuda:0')	1.1967923138125287
251075.84098371142	3000.0	200.0	728.2336154524571	0	0.0	1275.8409837112704	1	0	tensor(3, device='cuda:0')	-3.1854345492895755
251836.3219150605	1000.0	500.11832536584893	200.57559164176587	0	0.0	1336.4402404263383	1	0	tensor(5, device='cuda:0')	-1.9074868784217753
253085.29557258147	1000.0	244.2159588081413	244.25176427479553	0	0.0	1329.5115313896094	1	0	tensor(5, device='cuda:0')	-0.7940724949767669
253962.08521945885	1000.0	397.7068876009357	199.58238991162904	0	0.0	1359.7921070597658	1	0	tensor(5, device='cuda:0')	-0.3628863795308733
254605.21567223323	1000.0	623.8699586344942	24.060909601234982	0	0.0	1229.0856308676885	1	0	tensor(5, device='cuda:0')	0.7250599249975131
255329.14994414482	1000.0	718.9521187449953	0.0	0	0.0	1048.1020628897822	1	0	tensor(5, device='cuda:0')	0.8226118482636418
256200.0	1000.0	630.389548926044	0.0	0	160.05237424006918	830.3895489260321	1	0	tensor(5, device='cuda:0')	0.7540989953808728
257200.0	1000.0	380.3895489260642	0.0	0	289.39402850941406	580.3895489260904	1	0	tensor(5, device='cuda:0')	0.6945487603607914
258200.0	1000.0	380.3895489260341	0.0	0	562.782053086441	580.3895489260904	1	0	tensor(3, device='cuda:0')	0.6962259243147761
259200.0	1000.0	380.3895489260162	0.0	0	239.76102402241668	580.3895489260904	1	0	tensor(3, device='cuda:0')	1.1962259243147761
260200.0	1000.0	380.38954892601146	0.0	0	414.29852103765006	580.3895489260904	1	0	tensor(3, device='cuda:0')	1.1962259243147761
261200.0	3000.0	395.70202855769287	15.312479631665667	0	151.7909557511739	595.7020285577455	1	0	tensor(3, device='cuda:0')	1.104080114722963
263685.1259841423	3000.0	200.0	1289.4239555846684	0	0.0	1885.1259841423598	1	0	tensor(3, device='cuda:0')	-5.469184587405949
264410.2868843429	1000.0	551.0326321816692	205.98700594591645	0	0.0	1961.3195165246143	1	0	tensor(5, device='cuda:0')	-1.9525053033886215
265174.8012668936	1000.0	595.3896539932052	0.0	0	0.0	1770.1909208868747	1	0	tensor(5, device='cuda:0')	0.7713242745780616
265605.5130421486	1000.0	1056.9999349244674	0.0	0	0.0	1662.512977073202	1	0	tensor(5, device='cuda:0')	0.9455560922451316
266200.0	1000.0	1313.8912376102546	0.0	0	63.39417017693631	1513.891237610369	1	0	tensor(5, device='cuda:0')	0.8699386463628509
267200.0	1000.0	1313.891237610253	0.0	0	458.2889696813072	1513.891237610369	1	0	tensor(3, device='cuda:0')	0.6693076252186025
268577.1309925039	3000.0	936.7602451063448	0.0	0	0.0	1513.891237610369	1	0	tensor(3, device='cuda:0')	1.1693076252186025
269200.0	1000.0	1158.173985736196	0.0	0	10.857693066820502	1358.17398573627	1	0	tensor(5, device='cuda:0')	-0.7358799640279832
270200.0	1000.0	1158.1739857362238	0.0	0	463.0544874119223	1358.1739857362118	1	0	tensor(3, device='cuda:0')	0.6756711576776051
273407.31610644044	3000.0	200.0	1249.1421207041526	0	0.0	2607.316106440441	1	0	tensor(3, device='cuda:0')	-6.368549150739557
274099.8074177347	1000.0	567.1197145517318	186.18708293562128	0	0.0	2666.9271322864806	1	0	tensor(5, device='cuda:0')	-1.8987850793231296
274774.70092875574	1000.0	723.5028257754107	0.0	0	0.0	2498.2037545312196	1	0	tensor(5, device='cuda:0')	0.7548159057437298
275314.27083630644	1000.0	1049.0404413370636	0.0	0	0.0	2363.311277643603	1	0	tensor(5, device='cuda:0')	0.8385179253461469
275840.4158760562	1000.0	1391.3591416498884	0.0	0	0.0	2231.7750177062117	1	0	tensor(5, device='cuda:0')	0.8575082891538932
276287.9872561312	1000.0	1831.8949165561319	0.0	0	0.0	2119.8821726873866	1	0	tensor(5, device='cuda:0')	0.9068898579963236
277200.0	3000.0	1919.8821726873825	0.0	0	101.70850808784598	2119.8821726873866	1	0	tensor(3, device='cuda:0')	0.6329406510980549
278200.0	3000.0	1919.8821726873248	0.0	0	340.1199963061954	2119.8821726873866	1	0	tensor(3, device='cuda:0')	2.2315529397661646
279200.0	3000.0	1919.8821726872989	0.0	0	249.5609272698057	2119.8821726873866	1	0	tensor(3, device='cuda:0')	2.2315529397661646
280660.20956974284	3000.0	1459.6726029444712	0.0	0	0.0	2119.882172687445	1	0	tensor(3, device='cuda:0')	2.2315529397661598
282160.7542879574	3000.0	959.1278847298702	0.0	0	0.0	2119.882172687445	1	0	tensor(3, device='cuda:0')	2.2315529397661598
282683.48751031596	1000.0	1305.7113567817319	0.0	0	0.0	1989.1988670978462	1	0	tensor(5, device='cuda:0')	-0.7197160437392605
283200.0	1000.0	1660.0707446765846	0.0	0	15.326271238853224	1860.0707446766319	1	0	tensor(5, device='cuda:0')	0.890734527220202
284200.0	1000.0	1660.0707446766007	0.0	0	475.00195512740174	1860.07074467669	1	0	tensor(3, device='cuda:0')	0.6511657788461798
285615.3029071588	3000.0	1244.7678375177723	0.0	0	0.0	1860.07074467669	1	0	tensor(3, device='cuda:0')	1.1511657788461798
286586.4085757399	3000.0	1273.6621689367087	0.0	0	0.0	1860.0707446767483	1	0	tensor(3, device='cuda:0')	2.2497780675142858
287893.67834117135	3000.0	966.3924035052394	0.0	0	0.0	1860.0707446767483	1	0	tensor(3, device='cuda:0')	2.2497780675142858
289785.93312370474	3000.0	200.0	125.86237902815958	0	0.0	1985.9331237049191	1	0	tensor(3, device='cuda:0')	1.4925854521800517
290393.12578774703	1000.0	651.3760170573199	168.29347768817766	0	0.0	2044.501804804604	1	0	tensor(5, device='cuda:0')	-1.6915723896607302
290889.6721154772	1000.0	1154.82968932716	0.0	0	0.0	2044.5018048045458	1	0	tensor(3, device='cuda:0')	0.6387059890434306
291300.3217569708	1000.0	1744.1800478336347	0.0	0	0.0	2044.501804804604	1	0	tensor(3, device='cuda:0')	1.1387059890434263
292261.70100748993	3000.0	1782.8007973144154	0.0	0	0.0	2044.501804804604	1	0	tensor(3, device='cuda:0')	1.1387059890434266
294317.8288870539	3000.0	726.6729177504566	0.0	0	0.0	2044.501804804604	1	0	tensor(3, device='cuda:0')	2.2373182777115366
295400.9211819092	1000.0	372.80754918132527	0.0	0	0.0	1773.7287310908432	1	0	tensor(5, device='cuda:0')	-0.9875602850997173
296007.76259649254	1000.0	614.2557809522094	0.0	0	0.0	1622.018377445056	1	0	tensor(5, device='cuda:0')	0.8588603641697339
296544.1178688753	1000.0	943.8116904736991	0.0	0	0.0	1487.929559349257	1	0	tensor(5, device='cuda:0')	0.9009648541434784
297200.0	1000.0	1287.9295593489974	0.0	0	279.20275490166387	1487.929559349257	1	0	tensor(3, device='cuda:0')	0.670437082284397
298515.2848567119	3000.0	972.6447026370263	0.0	0	0.0	1487.929559349257	1	0	tensor(3, device='cuda:0')	1.1704370822843972
299200.0	1000.0	1287.9295593490056	0.0	0	165.77583276713267	1487.929559349257	1	0	tensor(3, device='cuda:0')	0.07182479361628741
300200.0	1000.0	1287.9295593490579	0.0	0	395.3669201725861	1487.929559349257	1	0	tensor(3, device='cuda:0')	1.170437082284397
3.15	2.48	1.55	1.87	1.81	2.32	1.76	2.13	2.15	2.22	1.84	2.49	2.58	2.14	1.87	2.5	2.25	2.27	2.99	2.36	2.7	2.92	3.04	3.71	2.79	2.43	2.62	2.47	2.35	1.99	2.43	2.04	2.42	3.27	3.42	3.46	2.72	2.77	2.54	2.56	2.55	2.1	2.24	2.92	3.23	2.84	2.27	2.58	2.87	2.93	3.3	3.49	2.57	1.88	1.56	2.1	1.96	2.54	1.98	2.4	3.02	3.35	2.51	2.35	1.98	1.6	1.37	1.62	1.87	2.17	2.35	1.92	2.33	2.56	3.15	3.74	3.22	2.65	3.5	3.21	3.86	3.75	3.81	3.49	4.19	4.63	2.94	2.97	3.27	3.81	3.39	4.1	4.67	5.19	4.31	2.92	3.72	3.03	2.04	1.88	2.24	2.42	2.77	1.71	1.44	1.36	2.04	2.75	3.29	1.98	1.88	1.96	1.93	1.53	1.89	2.77	2.4	1.92	1.98	1.49	2.07	2.69	3.7	4.41	5.42	6.07	9.83	8.58	3.13	2.71	2.19	1.8	2.04	1.7	1.29	1.59	1.95	1.36	1.17	1.71	2.57	3.3	3.51	2.79	3.04	2.22	2.2	2.46	2.46	2.43	2.22	2.54	2.43	2.0	1.88	1.88	2.78	1.8	1.67	1.66	2.11	2.7	2.58	3.35	3.9	3.72	4.18	3.9	3.74	2.93	2.8	2.99	3.36	3.12	2.31	2.03	1.44	1.62	2.03	2.26	2.91	3.58	2.8	2.33	1.61	1.76	2.33	3.1	3.92	3.29	3.08	3.83	3.57	2.92	2.47	1.88	2.02	2.04	2.68	3.6	2.34	2.34	1.78	1.8	1.75	2.36	2.98	3.31	2.66	2.61	1.48	2.09	2.54	2.35	1.8	2.35	2.32	2.69	2.58	1.77	2.27	3.21	3.38	3.06	2.46	2.15	2.69	2.57	2.61	1.97	1.68	1.49	1.63	2.24	1.99	1.41	1.24	1.36	1.89	1.49	2.11	1.89	2.03	2.29	2.29	1.48	1.07	1.03	1.12	1.46	1.59	1.8	2.04	1.78	2.34	2.72	1.9	1.49	1.25	1.73	2.17	2.68	2.56	2.07	2.33	1.42	1.22	1.16	1.32	1.52	2.29	3.1	3.82	4.17	2.59	1.95	1.83	1.97	2.15	1.87	2.8	2.78	3.01	1.92	1.87	2.59	2.64	1.53	1.26	1.07	1.77	2.54	2.53	2.26	2.22	2.76	3.45
615.0	616.0	617.0	618.0	619.0	620.0	621.0	622.0	623.0	624.0	625.0	626.0	627.0	628.0	629.0	630.0	631.0	632.0	633.0	634.0	635.0	636.0	637.0	638.0	639.0	640.0	641.0	642.0	643.0	644.0	645.0	646.0	647.0	648.0	649.0	650.0	651.0	652.0	653.0	654.0	655.0	656.0	657.0	658.0	659.0	660.0	661.0	662.0	663.0	664.0	665.0	666.0	667.0	668.0	669.0	670.0	671.0	672.0	673.0	674.0	675.0	676.0	677.0	678.0	679.0	680.0	681.0	682.0	683.0	684.0	685.0	686.0	687.0	688.0	689.0	690.0	691.0	692.0	693.0	694.0	695.0	696.0	697.0	698.0	699.0	700.0	701.0	702.0	703.0	704.0	705.0	706.0	707.0	708.0	709.0	710.0	711.0	712.0	713.0	714.0	715.0	716.0	717.0	718.0	719.0	720.0	721.0	722.0	723.0	724.0	725.0	726.0	727.0	728.0	729.0	730.0	731.0	732.0	733.0	734.0	735.0	736.0	737.0	738.0	739.0	740.0	741.0	742.0	743.0	744.0	745.0	746.0	747.0	748.0	749.0	750.0	751.0	752.0	753.0	754.0	755.0	756.0	757.0	758.0	759.0	760.0	761.0	762.0	763.0	764.0	765.0	766.0	767.0	768.0	769.0	770.0	771.0	772.0	773.0	774.0	775.0	776.0	777.0	778.0	779.0	780.0	781.0	782.0	783.0	784.0	785.0	786.0	787.0	788.0	789.0	790.0	791.0	792.0	793.0	794.0	795.0	796.0	797.0	798.0	799.0	800.0	801.0	802.0	803.0	804.0	805.0	806.0	807.0	808.0	809.0	810.0	811.0	812.0	813.0	814.0	815.0	816.0	817.0	818.0	819.0	820.0	821.0	822.0	823.0	824.0	825.0	826.0	827.0	828.0	829.0	830.0	831.0	832.0	833.0	834.0	835.0	836.0	837.0	838.0	839.0	840.0	841.0	842.0	843.0	844.0	845.0	846.0	847.0	848.0	849.0	850.0	851.0	852.0	853.0	854.0	855.0	856.0	857.0	858.0	859.0	860.0	861.0	862.0	863.0	864.0	865.0	866.0	867.0	868.0	869.0	870.0	871.0	872.0	873.0	874.0	875.0	876.0	877.0	878.0	879.0	880.0	881.0	882.0	883.0	884.0	885.0	886.0	887.0	888.0	889.0	890.0	891.0	892.0	893.0	894.0	895.0	896.0	897.0	898.0	899.0	900.0	901.0	902.0	903.0	904.0	905.0	906.0	907.0	908.0	909.0	910.0	911.0
5245.0
