7565.017253339162	1000.0	2000.0	304.5933317546897	0	0.0	7565.017253339162	1	0	tensor(5, device='cuda:0')	-5.581629212639221
7839.004806631201	1000.0	2657.51555838495	0.0	0	0.0	7496.520365016151	1	0	tensor(5, device='cuda:0')	-2.2016149713361375
8154.614505355195	1000.0	3263.0034349799566	0.0	0	0.0	7417.6179403351525	1	0	tensor(5, device='cuda:0')	-2.1752657122107655
8542.468552392264	1000.0	3778.1858761836233	0.0	0	0.0	7320.654428575887	1	0	tensor(5, device='cuda:0')	-2.153053568420665
8867.54669961596	1000.0	4371.838192154004	0.0	0	0.0	7239.384891769964	1	0	tensor(5, device='cuda:0')	-2.064156602766502
9935.283161476198	3000.0	4037.1676148287065	0.0	0	0.0	6972.450776304905	1	0	tensor(5, device='cuda:0')	-2.276466139000715
10907.04410793742	3000.0	3822.4664317521806	0.0	0	0.0	6729.510539689601	1	0	tensor(5, device='cuda:0')	-0.9250918963389914
12184.062279900236	3000.0	3226.1937167986625	0.0	0	0.0	6410.255996698898	1	0	tensor(5, device='cuda:0')	-0.8095592124336974
12909.409158124616	3000.0	3319.5101190181854	0.0	0	0.0	6228.9192771428025	1	0	tensor(5, device='cuda:0')	-0.3215082243172723
13584.144931562238	3000.0	3476.0904022211585	0.0	0	0.0	6060.2353337833965	1	0	tensor(5, device='cuda:0')	-0.13041559427708255
14351.239978163667	3000.0	3517.2215939693733	0.0	0	0.0	5868.461572133043	1	0	tensor(5, device='cuda:0')	0.009444281190621948
15189.280664411875	3000.0	3469.6707361591107	0.0	0	0.0	5658.951400570988	1	0	tensor(5, device='cuda:0')	0.17482307868012187
16129.940873701898	3000.0	3293.8454745465797	0.0	0	0.0	5423.786348248481	1	0	tensor(5, device='cuda:0')	0.3469657873196114
17473.81574528425	3000.0	2614.001885068639	0.0	0	0.0	5087.817630352893	1	0	tensor(5, device='cuda:0')	0.41767927809762356
18869.537238195273	3000.0	1869.3500189298634	0.0	0	0.0	4738.8872571251395	1	0	tensor(5, device='cuda:0')	0.6642425027912959
19291.90912622472	1000.0	2341.3851588930543	0.0	0	0.0	4633.294285117778	1	0	tensor(5, device='cuda:0')	-0.923896612414351
19812.925156588204	1000.0	2690.1151209386994	0.0	0	0.0	4503.040277526907	1	0	tensor(5, device='cuda:0')	0.20243861273365057
20268.39653840175	1000.0	3120.77589367177	0.0	0	0.0	4389.172432073523	1	0	tensor(5, device='cuda:0')	0.3065518997056922
21191.66939297238	3000.0	2966.684825458481	0.0	0	0.0	4158.354218430864	1	0	tensor(5, device='cuda:0')	0.17593577531375199
21875.402223542882	3000.0	3282.9519948879765	0.0	0	0.0	4158.354218430861	1	0	tensor(3, device='cuda:0')	1.2650485250821066
22688.06635821242	3000.0	3267.1218265510497	0.0	0	0.0	3955.1881847634722	1	0	tensor(5, device='cuda:0')	0.925758097933929
23470.38814248534	3000.0	3289.2195962099067	0.0	0	0.0	3759.6077386952456	1	0	tensor(5, device='cuda:0')	1.518458117062857
24200.0	3000.0	3377.2047743165817	0.0	0	8.538293790847092	3577.204774316582	1	0	tensor(5, device='cuda:0')	1.6062885880080175
25461.575322473334	3000.0	2800.2356212249147	0.0	0	0.0	3261.810943698245	1	0	tensor(5, device='cuda:0')	1.4210934332481515
26213.706654751993	3000.0	3048.1042889462583	0.0	0	0.0	3261.810943698245	1	0	tensor(3, device='cuda:0')	1.569446929719398
27200.0	3000.0	3061.8109436982536	0.0	0	322.2669929576805	3261.810943698245	1	0	tensor(3, device='cuda:0')	2.069446929719398
28200.0	3000.0	3061.810943698255	0.0	0	251.6526936388509	3261.810943698245	1	0	tensor(3, device='cuda:0')	2.069446929719398
29200.0	3000.0	2811.8109436982554	0.0	0	292.9317650565572	3011.8109436982486	1	0	tensor(5, device='cuda:0')	1.1032345851072174
30200.0	3000.0	2561.8109436982536	0.0	0	440.5344825921493	2761.8109436982486	1	0	tensor(5, device='cuda:0')	1.646424691181076
31200.0	3000.0	2311.8109436982522	0.0	0	341.42647024068356	2511.8109436982486	1	0	tensor(5, device='cuda:0')	1.6822692701678272
32200.0	3000.0	2311.810943698252	0.0	0	257.21379317033643	2511.8109436982486	1	0	tensor(3, device='cuda:0')	1.693874935464624
33200.0	3000.0	2061.8109436982486	0.0	0	372.480587153128	2261.8109436982486	1	0	tensor(5, device='cuda:0')	1.2103170466374094
34200.0	3000.0	2061.8109436982577	0.0	0	404.4432072278214	2261.810943698256	1	0	tensor(3, device='cuda:0')	1.7194995142198872
35396.485200922616	3000.0	1865.3257427756375	0.0	0	0.0	2261.810943698256	1	0	tensor(3, device='cuda:0')	2.2194995142198866
36674.71782800615	3000.0	1587.0931156921056	0.0	0	0.0	2261.810943698256	1	0	tensor(3, device='cuda:0')	2.2194995142198866
37721.35159089108	3000.0	1540.4593528071841	0.0	0	0.0	2261.810943698256	1	0	tensor(3, device='cuda:0')	2.2194995142198866
38407.28849169175	3000.0	1854.5224520065074	0.0	0	0.0	2261.810943698256	1	0	tensor(3, device='cuda:0')	2.2194995142198866
39336.692828695006	3000.0	1925.1181150032553	0.0	0	0.0	2261.810943698263	1	0	tensor(3, device='cuda:0')	2.219499514219886
40200.0	3000.0	2061.8109436982636	0.0	0	191.10692286988342	2261.810943698263	1	0	tensor(3, device='cuda:0')	2.219499514219886
41200.0	3000.0	2061.810943698256	0.0	0	226.37167993609182	2261.810943698263	1	0	tensor(3, device='cuda:0')	2.219499514219886
42200.0	3000.0	1811.8109436982554	0.0	0	182.68310144574934	2011.8109436982631	1	0	tensor(5, device='cuda:0')	1.2330881759554897
43200.0	3000.0	1561.8109436982597	0.0	0	367.6093945817702	1761.8109436982631	1	0	tensor(5, device='cuda:0')	1.749989888156414
44200.0	3000.0	1561.8109436982604	0.0	0	350.5189830455565	1761.8109436982631	1	0	tensor(3, device='cuda:0')	1.7555622290435324
45267.99202863447	3000.0	1226.8209079051765	0.0	0	0.0	1494.8129365396453	1	0	tensor(5, device='cuda:0')	1.2312198037086188
46911.84034836972	3000.0	582.9725881699319	0.0	0	0.0	1494.8129365396453	1	0	tensor(3, device='cuda:0')	1.7687526994579974
48163.57856136418	3000.0	374.26717336238426	43.03279818691652	0	0.0	1537.8457347265576	1	0	tensor(3, device='cuda:0')	2.0086552505252477
48546.88089418347	1000.0	990.9648405430944	0.0	0	0.0	1537.8457347265576	1	0	tensor(3, device='cuda:0')	0.06962746231052747
49903.48142386436	3000.0	634.3643108622107	0.0	0	0.0	1537.8457347265576	1	0	tensor(3, device='cuda:0')	1.1682397509786373
51223.21204746033	3000.0	324.60089679238695	9.967209526154079	0	0.0	1547.812944252706	1	0	tensor(3, device='cuda:0')	2.206597033512822
51982.530132499065	3000.0	631.8349711732259	66.5521594195771	0	0.0	1614.3651036722804	1	0	tensor(3, device='cuda:0')	1.8639555896817628
52616.656773679206	3000.0	997.7083299930806	0.0	0	0.0	1614.365103672273	1	0	tensor(3, device='cuda:0')	2.263268546199226
53232.62670527459	3000.0	1381.7383983976968	0.0	0	0.0	1614.365103672273	1	0	tensor(3, device='cuda:0')	2.263268546199226
54200.0	3000.0	1414.3651036722858	0.0	0	66.91857682445698	1614.365103672273	1	0	tensor(3, device='cuda:0')	2.263268546199226
55200.0	3000.0	1414.365103672286	0.0	0	436.44024824385997	1614.3651036722804	1	0	tensor(3, device='cuda:0')	2.2632685461992255
56200.0	3000.0	1414.3651036722918	0.0	0	381.37194634289335	1614.3651036722804	1	0	tensor(3, device='cuda:0')	2.2632685461992255
57200.0	3000.0	1414.3651036722888	0.0	0	468.96689625902945	1614.3651036722804	1	0	tensor(3, device='cuda:0')	2.2632685461992255
58268.35738640734	3000.0	1346.0077172649485	0.0	0	0.0	1614.365103672273	1	0	tensor(3, device='cuda:0')	2.263268546199226
59449.03406972221	3000.0	1165.331033950074	0.0	0	0.0	1614.365103672273	1	0	tensor(3, device='cuda:0')	2.263268546199226
60471.5170414462	3000.0	1142.848062226095	0.0	0	0.0	1614.365103672273	1	0	tensor(3, device='cuda:0')	2.263268546199226
61819.8106904259	3000.0	794.5544132463983	0.0	0	0.0	1614.3651036722658	1	0	tensor(3, device='cuda:0')	2.2632685461992263
62889.619690011445	3000.0	724.7454136608549	0.0	0	0.0	1614.365103672273	1	0	tensor(3, device='cuda:0')	2.263268546199226
64692.303592067714	3000.0	200.0	277.9384883954217	0	0.0	1892.3035920676848	1	0	tensor(3, device='cuda:0')	0.5851143715652171
65291.67017580533	1000.0	645.0926527779227	155.4407059599543	0	0.0	1936.7628285832252	1	0	tensor(5, device='cuda:0')	-1.6093358879820086
65750.23322257471	1000.0	1186.5296060085489	0.0	0	0.0	1936.7628285832252	1	0	tensor(3, device='cuda:0')	0.6462526595292706
66275.53978554998	1000.0	1661.223043033272	0.0	0	0.0	1936.7628285832106	1	0	tensor(3, device='cuda:0')	1.1462526595292712
67384.04305803345	3000.0	1552.7197705497863	0.0	0	0.0	1936.762828583196	1	0	tensor(3, device='cuda:0')	1.1462526595292724
69492.42492193166	3000.0	444.3379066515777	0.0	0	0.0	1936.7628285831888	1	0	tensor(3, device='cuda:0')	2.244864948197383
70140.7516566057	1000.0	633.9294883090265	0.0	0	0.0	1774.6811449146771	1	0	tensor(5, device='cuda:0')	-0.7688604441905913
70469.99310021101	1000.0	1304.6880447037054	0.0	0	0.0	1774.6811449146626	1	0	tensor(3, device='cuda:0')	0.6562233434494164
71345.37353095313	3000.0	1429.307613961591	0.0	0	0.0	1774.6811449146626	1	0	tensor(3, device='cuda:0')	1.1562233434494162
72251.90787592238	3000.0	1522.773268992351	0.0	0	0.0	1774.6811449146626	1	0	tensor(3, device='cuda:0')	2.2548356321175262
73200.0	3000.0	1574.68114491472	0.0	0	200.02994425692305	1774.681144914648	1	0	tensor(3, device='cuda:0')	2.254835632117527
74200.0	3000.0	1574.6811449147299	0.0	0	331.17017081961967	1774.681144914648	1	0	tensor(3, device='cuda:0')	2.254835632117527
75200.0	3000.0	1574.6811449147265	0.0	0	496.38776067427534	1774.6811449146335	1	0	tensor(3, device='cuda:0')	2.254835632117528
76200.0	3000.0	1574.6811449147326	0.0	0	495.14066791794903	1774.6811449146335	1	0	tensor(3, device='cuda:0')	2.254835632117528
77200.0	3000.0	1574.6811449147299	0.0	0	443.19994645814586	1774.6811449146335	1	0	tensor(3, device='cuda:0')	2.254835632117528
78244.49072614199	3000.0	1530.1904187727414	0.0	0	0.0	1774.6811449146335	1	0	tensor(3, device='cuda:0')	2.254835632117528
79200.0	3000.0	1574.6811449147283	0.0	0	137.78607475478202	1774.6811449146335	1	0	tensor(3, device='cuda:0')	2.254835632117528
80757.20980384492	3000.0	1017.4713410698118	0.0	0	0.0	1774.6811449146335	1	0	tensor(3, device='cuda:0')	2.254835632117528
81945.49528891669	3000.0	829.1858559980501	0.0	0	0.0	1774.6811449146335	1	0	tensor(3, device='cuda:0')	2.254835632117528
82774.92386586219	3000.0	999.7572790525375	0.0	0	0.0	1774.6811449146335	1	0	tensor(3, device='cuda:0')	2.254835632117528
83547.47063851017	3000.0	1227.2105064045763	0.0	0	0.0	1774.681144914648	1	0	tensor(3, device='cuda:0')	2.254835632117527
84281.80120561368	3000.0	1492.87993930107	0.0	0	0.0	1774.6811449146335	1	0	tensor(3, device='cuda:0')	2.254835632117528
85200.0	3000.0	1574.6811449147428	0.0	0	420.9607465474983	1774.6811449146335	1	0	tensor(3, device='cuda:0')	2.254835632117528
86200.0	3000.0	1574.6811449147444	0.0	0	526.1290438663273	1774.6811449146335	1	0	tensor(3, device='cuda:0')	2.254835632117528
87200.0	3000.0	1324.6811449147406	0.0	0	656.7697124314	1524.6811449146044	1	0	tensor(5, device='cuda:0')	1.2626448836470783
88200.0	3000.0	1324.6811449147406	0.0	0	705.3142942555278	1524.6811449146044	1	0	tensor(3, device='cuda:0')	1.7674420011298657
89200.0	3000.0	1074.6811449147556	0.0	0	494.79052569494525	1274.6811449146044	1	0	tensor(5, device='cuda:0')	1.2736464015880746
90200.0	3000.0	1074.6811449147604	0.0	0	266.54444690847595	1274.6811449146044	1	0	tensor(3, device='cuda:0')	1.7773158347250955
91200.0	3000.0	1074.6811449147572	0.0	0	98.27579168844386	1274.6811449145898	1	0	tensor(3, device='cuda:0')	2.277315834725096
92200.0	3000.0	1074.68114491474	0.0	0	419.8247685066017	1274.6811449145898	1	0	tensor(3, device='cuda:0')	2.277315834725096
93200.0	3000.0	1074.6811449147408	0.0	0	319.5074258796376	1274.6811449145898	1	0	tensor(3, device='cuda:0')	2.277315834725096
94200.0	3000.0	1074.6811449147453	0.0	0	250.02327294608403	1274.6811449146044	1	0	tensor(3, device='cuda:0')	2.2773158347250955
95200.0	3000.0	1074.6811449147467	0.0	0	295.253823523497	1274.681144914619	1	0	tensor(3, device='cuda:0')	2.277315834725095
96200.0	3000.0	1074.681144914755	0.0	0	127.27190308074933	1274.6811449146335	1	0	tensor(3, device='cuda:0')	2.277315834725094
97200.0	3000.0	1074.6811449147617	0.0	0	192.72068338400277	1274.6811449146335	1	0	tensor(3, device='cuda:0')	2.277315834725094
98222.38164443751	3000.0	1052.2995004772497	0.0	0	0.0	1274.6811449146335	1	0	tensor(3, device='cuda:0')	2.277315834725094
99200.0	3000.0	1074.6811449147572	0.0	0	154.09303743366036	1274.681144914648	1	0	tensor(3, device='cuda:0')	2.2773158347250937
100200.0	3000.0	1074.681144914764	0.0	0	171.5407259620697	1274.6811449146626	1	0	tensor(3, device='cuda:0')	2.2773158347250932
101375.15189000175	3000.0	899.5292549130114	0.0	0	0.0	1274.6811449146626	1	0	tensor(3, device='cuda:0')	2.2773158347250932
102425.41072375442	3000.0	849.2704211603456	0.0	0	0.0	1274.6811449146626	1	0	tensor(3, device='cuda:0')	2.2773158347250932
103658.68147740506	3000.0	615.9996675097195	0.0	0	0.0	1274.6811449146626	1	0	tensor(3, device='cuda:0')	2.2773158347250932
104768.73509828828	3000.0	505.94604662648624	0.0	0	0.0	1274.6811449146626	1	0	tensor(3, device='cuda:0')	2.2773158347250932
105396.01966288032	1000.0	878.6614820344557	0.0	0	0.0	1274.6811449146626	1	0	tensor(3, device='cuda:0')	0.08009125738887363
106200.0	1000.0	1074.6811449147758	0.0	0	345.3598793797137	1274.6811449146626	1	0	tensor(3, device='cuda:0')	1.1787035460569835
107330.75667160572	3000.0	943.9244733090657	0.0	0	0.0	1274.6811449146771	1	0	tensor(3, device='cuda:0')	1.1787035460569832
108414.5958257554	3000.0	860.08531915939	0.0	0	0.0	1274.6811449146626	1	0	tensor(3, device='cuda:0')	2.2773158347250932
109200.0	3000.0	1074.681144914798	0.0	0	180.25552461631014	1274.6811449146626	1	0	tensor(3, device='cuda:0')	2.2773158347250932
110200.0	3000.0	1074.6811449147954	0.0	0	116.904530398504	1274.6811449146626	1	0	tensor(3, device='cuda:0')	2.2773158347250932
111200.0	3000.0	1074.6811449147826	0.0	0	442.31340462916705	1274.681144914648	1	0	tensor(3, device='cuda:0')	2.2773158347250937
112200.0	3000.0	1074.6811449147958	0.0	0	410.9375236678461	1274.681144914648	1	0	tensor(3, device='cuda:0')	2.2773158347250937
113200.0	3000.0	1074.6811449148067	0.0	0	481.4626026524493	1274.681144914648	1	0	tensor(3, device='cuda:0')	2.2773158347250937
114200.0	3000.0	1074.6811449148136	0.0	0	80.78380131970334	1274.6811449146626	1	0	tensor(3, device='cuda:0')	2.2773158347250932
115265.91779207962	3000.0	1008.7633528352127	0.0	0	0.0	1274.6811449146626	1	0	tensor(3, device='cuda:0')	2.2773158347250932
116200.0	3000.0	1074.681144914822	0.0	0	276.588840242126	1274.6811449146626	1	0	tensor(3, device='cuda:0')	2.2773158347250932
117200.0	3000.0	1074.6811449148208	0.0	0	104.4963716497441	1274.6811449146626	1	0	tensor(3, device='cuda:0')	2.2773158347250932
118289.56948114677	3000.0	985.1116637680461	0.0	0	0.0	1274.6811449146626	1	0	tensor(3, device='cuda:0')	2.2773158347250932
119695.51975217242	3000.0	579.1613927423981	0.0	0	0.0	1274.6811449146626	1	0	tensor(3, device='cuda:0')	2.2773158347250932
120478.62129815231	3000.0	796.0598467625013	0.0	0	0.0	1274.681144914648	1	0	tensor(3, device='cuda:0')	2.2773158347250937
121200.0	3000.0	1074.6811449148288	0.0	0	54.625898075741134	1274.681144914648	1	0	tensor(3, device='cuda:0')	2.2773158347250937
122200.0	3000.0	1074.6811449148227	0.0	0	158.1183464381902	1274.681144914648	1	0	tensor(3, device='cuda:0')	2.2773158347250937
123417.63049274146	3000.0	857.0506521733685	0.0	0	0.0	1274.6811449146626	1	0	tensor(3, device='cuda:0')	2.2773158347250932
124634.33917885431	3000.0	640.3419660605077	0.0	0	0.0	1274.6811449146626	1	0	tensor(3, device='cuda:0')	2.2773158347250932
125297.8912072855	1000.0	976.7899376293076	0.0	0	0.0	1274.6811449146626	1	0	tensor(3, device='cuda:0')	0.08009125738887363
126200.0	1000.0	1074.6811449148036	0.0	0	358.9094255115342	1274.6811449146626	1	0	tensor(3, device='cuda:0')	1.1787035460569835
127200.0	1000.0	1074.6811449148063	0.0	0	408.8439127060992	1274.6811449146626	1	0	tensor(3, device='cuda:0')	1.1787035460569835
128200.0	1000.0	1074.6811449148047	0.0	0	650.282240045155	1274.6811449146626	1	0	tensor(3, device='cuda:0')	1.1787035460569835
129200.0	3000.0	1074.681144914804	0.0	0	191.6125120541692	1274.6811449146626	1	0	tensor(3, device='cuda:0')	1.1787035460569835
130200.0	3000.0	1074.6811449148208	0.0	0	398.262143913671	1274.6811449146626	1	0	tensor(3, device='cuda:0')	2.2773158347250932
131313.04861146506	3000.0	961.6325334497808	0.0	0	0.0	1274.6811449146626	1	0	tensor(3, device='cuda:0')	2.2773158347250932
132911.81107288692	3000.0	362.8700720278981	0.0	0	0.0	1274.681144914648	1	0	tensor(3, device='cuda:0')	2.2773158347250937
133279.02897202442	1000.0	995.6521728904374	0.0	0	0.0	1274.6811449146771	1	0	tensor(3, device='cuda:0')	0.08009125738887307
134200.0	3000.0	1074.6811449148486	0.0	0	47.75836422084831	1274.6811449147062	1	0	tensor(3, device='cuda:0')	1.1787035460569821
135200.0	3000.0	1074.6811449148497	0.0	0	64.95336958020926	1274.6811449147062	1	0	tensor(3, device='cuda:0')	2.277315834725092
136200.0	3000.0	1074.6811449148313	0.0	0	304.26658382065943	1274.6811449147062	1	0	tensor(3, device='cuda:0')	2.277315834725092
137200.0	3000.0	1074.681144914827	0.0	0	240.40607597015332	1274.6811449147062	1	0	tensor(3, device='cuda:0')	2.277315834725092
138200.0	3000.0	1074.68114491481	0.0	0	470.9449052391283	1274.6811449147062	1	0	tensor(3, device='cuda:0')	2.277315834725092
139200.0	3000.0	1074.6811449147915	0.0	0	295.3653865341039	1274.6811449147062	1	0	tensor(3, device='cuda:0')	2.277315834725092
140200.0	3000.0	1074.681144914779	0.0	0	431.3329167646298	1274.6811449147062	1	0	tensor(3, device='cuda:0')	2.277315834725092
141200.0	3000.0	1074.681144914785	0.0	0	386.4213021132746	1274.6811449147062	1	0	tensor(3, device='cuda:0')	2.277315834725092
142529.02557581765	3000.0	745.6555690971112	0.0	0	0.0	1274.6811449147062	1	0	tensor(3, device='cuda:0')	2.277315834725092
143825.33367490117	3000.0	449.34747001359415	0.0	0	0.0	1274.6811449147062	1	0	tensor(3, device='cuda:0')	2.277315834725092
144784.02582941006	3000.0	501.8118259976764	11.15651049299754	0	0.0	1285.8376554076967	1	0	tensor(3, device='cuda:0')	2.2099858211507333
145990.07407126034	3000.0	358.4590610254956	62.69547687806872	0	0.0	1348.5331322857528	1	0	tensor(3, device='cuda:0')	1.8984735551922027
147299.7028564498	3000.0	367.04691704413676	318.21664120805883	0	0.0	1666.7497734938224	1	0	tensor(3, device='cuda:0')	0.351356577685611
148413.55078139086	3000.0	427.57409731803926	174.3751052149761	0	0.0	1841.1248787088261	1	0	tensor(3, device='cuda:0')	1.2046860103550128
149097.8643766398	3000.0	743.2605020691101	0.0	0	0.0	1841.1248787088261	1	0	tensor(3, device='cuda:0')	2.250936641644869
149892.99611533302	3000.0	948.1287633758786	0.0	0	0.0	1841.124878708797	1	0	tensor(3, device='cuda:0')	2.250936641644871
150734.27498607576	3000.0	1106.849892633143	0.0	0	0.0	1841.124878708797	1	0	tensor(3, device='cuda:0')	2.250936641644871
151692.33222952197	3000.0	1148.7926491869594	0.0	0	0.0	1841.1248787088261	1	0	tensor(3, device='cuda:0')	2.250936641644869
153004.79752360188	3000.0	836.3273551070386	0.0	0	0.0	1841.124878708797	1	0	tensor(3, device='cuda:0')	2.250936641644871
154038.6284599148	3000.0	802.4964187941009	0.0	0	0.0	1841.124878708797	1	0	tensor(3, device='cuda:0')	2.250936641644871
154913.5609774775	3000.0	927.5639012313852	0.0	0	0.0	1841.124878708797	1	0	tensor(3, device='cuda:0')	2.250936641644871
155586.5440263946	3000.0	1254.5808523142477	0.0	0	0.0	1841.124878708768	1	0	tensor(3, device='cuda:0')	2.2509366416448726
156254.7471176072	3000.0	1586.3777611016626	0.0	0	0.0	1841.124878708768	1	0	tensor(3, device='cuda:0')	2.2509366416448726
157200.0	3000.0	1641.1248787088518	0.0	0	443.526398947899	1841.1248787087388	1	0	tensor(3, device='cuda:0')	2.2509366416448744
158200.0	3000.0	1641.124878708843	0.0	0	474.5843133129529	1841.1248787087388	1	0	tensor(3, device='cuda:0')	2.2509366416448744
159200.0	3000.0	1391.1248787088707	0.0	0	338.9757696770539	1591.1248787087388	1	0	tensor(5, device='cuda:0')	1.2595769390013958
160200.0	3000.0	1391.1248787089005	0.0	0	340.6885766160267	1591.1248787087388	1	0	tensor(3, device='cuda:0')	1.7643853523963746
161200.0	3000.0	1391.124878708928	0.0	0	332.98745853299624	1591.1248787087388	1	0	tensor(3, device='cuda:0')	2.2643853523963746
162200.0	3000.0	1391.1248787089103	0.0	0	424.53893316112226	1591.1248787087097	1	0	tensor(3, device='cuda:0')	2.264385352396376
163200.0	3000.0	1391.1248787089216	0.0	0	242.24725850694813	1591.1248787086806	1	0	tensor(3, device='cuda:0')	2.2643853523963777
164200.0	3000.0	1391.1248787089235	0.0	0	428.3296354976774	1591.1248787086515	1	0	tensor(3, device='cuda:0')	2.264385352396379
165200.0	3000.0	1391.1248787089237	0.0	0	503.36508586397395	1591.1248787086515	1	0	tensor(3, device='cuda:0')	2.264385352396379
166200.0	3000.0	1391.1248787089328	0.0	0	375.09370121746906	1591.1248787086515	1	0	tensor(3, device='cuda:0')	2.264385352396379
167200.0	3000.0	1391.124878708954	0.0	0	542.5238665713696	1591.1248787086515	1	0	tensor(3, device='cuda:0')	2.264385352396379
168200.0	3000.0	1391.1248787089608	0.0	0	463.37156863854034	1591.1248787086515	1	0	tensor(3, device='cuda:0')	2.264385352396379
169200.0	3000.0	1391.1248787089194	0.0	0	191.5430416573654	1591.1248787086515	1	0	tensor(3, device='cuda:0')	2.264385352396379
170641.77677366554	3000.0	949.3481050433811	0.0	0	0.0	1591.1248787086515	1	0	tensor(3, device='cuda:0')	2.264385352396379
171832.08428806256	3000.0	759.0405906463382	0.0	0	0.0	1591.1248787086515	1	0	tensor(3, device='cuda:0')	2.264385352396379
173069.0941957915	3000.0	522.030682917401	0.0	0	0.0	1591.1248787086224	1	0	tensor(3, device='cuda:0')	2.2643853523963804
173394.73282407675	1000.0	1196.3920546321579	0.0	0	0.0	1591.1248787086224	1	0	tensor(3, device='cuda:0')	0.06716077506016055
174224.91786552878	3000.0	1366.207013180137	0.0	0	0.0	1591.1248787086224	1	0	tensor(3, device='cuda:0')	1.1657730637282704
175200.0	3000.0	1391.1248787089314	0.0	0	75.59067778938334	1591.1248787086224	1	0	tensor(3, device='cuda:0')	2.2643853523963804
176404.5104299136	3000.0	1186.6144487953648	0.0	0	0.0	1591.1248787086224	1	0	tensor(3, device='cuda:0')	2.2643853523963804
177737.32017387435	3000.0	853.8047048345795	0.0	0	0.0	1591.1248787086224	1	0	tensor(3, device='cuda:0')	2.2643853523963804
178559.04731212006	3000.0	1032.077566588858	0.0	0	0.0	1591.1248787086515	1	0	tensor(3, device='cuda:0')	2.264385352396379
179267.9415946234	3000.0	1323.183284085489	0.0	0	0.0	1591.1248787086515	1	0	tensor(3, device='cuda:0')	2.264385352396379
180200.0	3000.0	1391.1248787088573	0.0	0	335.5386976894515	1591.1248787086515	1	0	tensor(3, device='cuda:0')	2.264385352396379
181200.0	3000.0	1391.1248787088296	0.0	0	440.8151085646823	1591.1248787086515	1	0	tensor(3, device='cuda:0')	2.264385352396379
182200.0	3000.0	1391.1248787088168	0.0	0	209.47784591227537	1591.1248787086515	1	0	tensor(3, device='cuda:0')	2.264385352396379
183529.55464611133	3000.0	1061.5702325975358	0.0	0	0.0	1591.1248787086515	1	0	tensor(3, device='cuda:0')	2.264385352396379
184693.56958858867	3000.0	897.5552901202316	0.0	0	0.0	1591.1248787086515	1	0	tensor(3, device='cuda:0')	2.264385352396379
186495.319224518	3000.0	200.0	104.19434580913835	0	0.0	1695.3192245177343	1	0	tensor(3, device='cuda:0')	1.6374811012109098
187145.22352057046	1000.0	576.1913118067109	150.85734549788933	0	0.0	1721.4148323769332	1	0	tensor(5, device='cuda:0')	-1.5964144485507998
187611.5352028251	1000.0	993.3017089884515	0.0	0	0.0	1604.8369118132687	1	0	tensor(5, device='cuda:0')	0.9305600319405201
188200.0	1000.0	1404.8369118135488	0.0	0	134.8101063965005	1604.8369118132687	1	0	tensor(3, device='cuda:0')	0.665117198487161
189200.0	1000.0	1404.8369118135465	0.0	0	648.1219979073212	1604.8369118132687	1	0	tensor(3, device='cuda:0')	1.1651171984871609
190200.0	3000.0	1404.836911813592	0.0	0	126.44825254983152	1604.8369118132687	1	0	tensor(3, device='cuda:0')	1.1651171984871613
191200.0	3000.0	1404.8369118135959	0.0	0	240.70243311763625	1604.8369118132687	1	0	tensor(3, device='cuda:0')	2.263729487155271
192200.0	3000.0	1404.8369118136093	0.0	0	368.162270325789	1604.8369118132687	1	0	tensor(3, device='cuda:0')	2.263729487155271
193200.0	3000.0	1404.8369118136366	0.0	0	443.8447856652201	1604.8369118132687	1	0	tensor(3, device='cuda:0')	2.263729487155271
194200.0	3000.0	1404.8369118136427	0.0	0	482.4737732934882	1604.8369118132687	1	0	tensor(3, device='cuda:0')	2.263729487155271
195200.0	3000.0	1404.8369118136507	0.0	0	760.154948663956	1604.8369118132978	1	0	tensor(3, device='cuda:0')	2.2637294871552696
196200.0	3000.0	1154.836911813631	0.0	0	693.8322033332661	1354.8369118132978	1	0	tensor(5, device='cuda:0')	1.270346245560671
197200.0	3000.0	904.8369118136375	0.0	0	518.1257104627148	1104.836911813356	1	0	tensor(5, device='cuda:0')	1.779675665222852
198200.0	3000.0	904.836911813622	0.0	0	540.2080822410062	1104.836911813356	1	0	tensor(3, device='cuda:0')	1.7827671296063137
199200.0	3000.0	904.836911813589	0.0	0	60.63112105493201	1104.836911813356	1	0	tensor(3, device='cuda:0')	2.282767129606314
200200.0	3000.0	904.8369118135822	0.0	0	428.30577447393443	1104.836911813356	1	0	tensor(3, device='cuda:0')	2.282767129606314
201200.0	3000.0	904.8369118135467	0.0	0	268.3156819588039	1104.836911813356	1	0	tensor(3, device='cuda:0')	2.282767129606314
202200.0	3000.0	904.8369118135506	0.0	0	372.73180672040326	1104.836911813356	1	0	tensor(3, device='cuda:0')	2.282767129606314
203200.0	3000.0	904.8369118135462	0.0	0	53.05172288193717	1104.836911813356	1	0	tensor(3, device='cuda:0')	2.282767129606314
204200.0	3000.0	904.8369118135355	0.0	0	149.31281288774335	1104.8369118133269	1	0	tensor(3, device='cuda:0')	2.282767129606315
205200.0	3000.0	904.8369118135488	0.0	0	102.04109726380557	1104.836911813356	1	0	tensor(3, device='cuda:0')	2.282767129606314
206453.1886402566	3000.0	651.6482715569525	0.0	0	0.0	1104.836911813356	1	0	tensor(3, device='cuda:0')	2.282767129606314
208042.51900389732	3000.0	200.0	137.6820920838088	0	0.0	1242.5190038973233	1	0	tensor(3, device='cuda:0')	1.453498005077153
208424.69525830593	1000.0	824.1979506038007	6.374205012419878	0	0.0	1248.8932089097507	1	0	tensor(3, device='cuda:0')	0.042733464302181445
209760.9306547907	3000.0	487.96255411907214	0.0	0	0.0	1248.8932089097507	1	0	tensor(3, device='cuda:0')	1.1795909830448108
210610.00242609784	3000.0	638.8907828119513	0.0	0	0.0	1248.8932089097507	1	0	tensor(3, device='cuda:0')	2.2782032717129206
211254.60204877757	3000.0	994.2911601322501	0.0	0	0.0	1248.8932089097507	1	0	tensor(3, device='cuda:0')	2.2782032717129206
212200.0	3000.0	1048.8932089097827	0.0	0	404.2181365954166	1248.8932089097507	1	0	tensor(3, device='cuda:0')	2.2782032717129206
213200.0	3000.0	1048.8932089097866	0.0	0	397.5023351550044	1248.8932089097798	1	0	tensor(3, device='cuda:0')	2.2782032717129193
214200.0	3000.0	1048.8932089097957	0.0	0	188.63579038789612	1248.8932089097507	1	0	tensor(3, device='cuda:0')	2.2782032717129206
215200.0	3000.0	1048.8932089097916	0.0	0	240.05800707187154	1248.8932089097216	1	0	tensor(3, device='cuda:0')	2.2782032717129215
216733.94022268546	3000.0	514.9529862243378	0.0	0	0.0	1248.8932089096925	1	0	tensor(3, device='cuda:0')	2.2782032717129224
217734.68512525948	3000.0	538.1135187558443	23.90543510551106	0	0.0	1272.7986440152163	1	0	tensor(3, device='cuda:0')	2.133948769934186
218677.05798920465	3000.0	595.7406548106271	0.0	0	0.0	1272.7986440152163	1	0	tensor(3, device='cuda:0')	2.2773813805672525
219836.8133732146	3000.0	435.9852708007111	0.0	0	0.0	1272.7986440152163	1	0	tensor(3, device='cuda:0')	2.2773813805672525
220370.29371590706	1000.0	902.5049281082546	0.0	0	0.0	1272.7986440152163	1	0	tensor(3, device='cuda:0')	0.08015680323103297
221200.0	1000.0	1072.798644015295	0.0	0	396.887103784451	1272.7986440152163	1	0	tensor(3, device='cuda:0')	1.1787690918991427
222662.48340509582	3000.0	610.3152389194519	0.0	0	0.0	1272.7986440152163	1	0	tensor(3, device='cuda:0')	1.1787690918991427
223312.93148395835	3000.0	959.8671600569162	0.0	0	0.0	1272.7986440152163	1	0	tensor(3, device='cuda:0')	2.2773813805672525
224200.0	3000.0	1072.798644015275	0.0	0	156.81121416940005	1272.7986440152163	1	0	tensor(3, device='cuda:0')	2.2773813805672525
225200.0	3000.0	1072.7986440152695	0.0	0	401.9058109881589	1272.7986440152163	1	0	tensor(3, device='cuda:0')	2.2773813805672525
226200.0	3000.0	1072.798644015224	0.0	0	304.0220977497811	1272.7986440152163	1	0	tensor(3, device='cuda:0')	2.2773813805672525
227200.0	3000.0	1072.798644015243	0.0	0	119.93011727547855	1272.7986440152163	1	0	tensor(3, device='cuda:0')	2.2773813805672525
228200.0	3000.0	1072.7986440152645	0.0	0	213.53528320012265	1272.7986440152163	1	0	tensor(3, device='cuda:0')	2.2773813805672525
229200.0	3000.0	1072.798644015251	0.0	0	56.76781290906365	1272.7986440152163	1	0	tensor(3, device='cuda:0')	2.2773813805672525
230200.0	3000.0	1072.7986440152586	0.0	0	275.68343245238066	1272.7986440152454	1	0	tensor(3, device='cuda:0')	2.2773813805672516
231200.0	3000.0	1072.7986440152222	0.0	0	453.923417545564	1272.7986440152454	1	0	tensor(3, device='cuda:0')	2.2773813805672516
232200.0	3000.0	1072.7986440152174	0.0	0	340.45832117748796	1272.7986440152454	1	0	tensor(3, device='cuda:0')	2.2773813805672516
233200.0	3000.0	1072.7986440152454	0.0	0	456.5424717683054	1272.7986440152454	1	0	tensor(3, device='cuda:0')	2.2773813805672516
234200.0	3000.0	1072.7986440152306	0.0	0	470.01315292189247	1272.7986440152454	1	0	tensor(3, device='cuda:0')	2.2773813805672516
235293.78695294162	3000.0	979.011691073623	0.0	0	0.0	1272.7986440152454	1	0	tensor(3, device='cuda:0')	2.2773813805672516
236200.0	3000.0	1072.7986440152285	0.0	0	62.48473560012644	1272.7986440152454	1	0	tensor(3, device='cuda:0')	2.2773813805672516
237200.0	3000.0	1072.7986440152224	0.0	0	160.999734901794	1272.7986440152454	1	0	tensor(3, device='cuda:0')	2.2773813805672516
238200.0	3000.0	1072.7986440152308	0.0	0	127.12995788909029	1272.7986440152454	1	0	tensor(3, device='cuda:0')	2.2773813805672516
239200.0	3000.0	1072.798644015267	0.0	0	290.5794595621992	1272.7986440152454	1	0	tensor(3, device='cuda:0')	2.2773813805672516
240200.0	3000.0	1072.7986440152583	0.0	0	451.77899439723114	1272.7986440152454	1	0	tensor(3, device='cuda:0')	2.2773813805672516
241200.0	3000.0	1072.7986440152376	0.0	0	412.9509703181102	1272.7986440152163	1	0	tensor(3, device='cuda:0')	2.2773813805672525
242200.0	3000.0	1072.7986440152386	0.0	0	312.0357130021148	1272.7986440152163	1	0	tensor(3, device='cuda:0')	2.2773813805672525
243200.0	3000.0	1072.798644015238	0.0	0	483.1093033665966	1272.7986440152163	1	0	tensor(3, device='cuda:0')	2.2773813805672525
244200.0	3000.0	1072.79864401526	0.0	0	448.8385414794611	1272.7986440152454	1	0	tensor(3, device='cuda:0')	2.2773813805672516
245200.0	3000.0	1072.798644015259	0.0	0	170.91324526732205	1272.7986440152454	1	0	tensor(3, device='cuda:0')	2.2773813805672516
246200.0	3000.0	1072.7986440152852	0.0	0	23.44465014108573	1272.7986440152745	1	0	tensor(3, device='cuda:0')	2.2773813805672507
247200.0	3000.0	1072.7986440152645	0.0	0	322.8132930122665	1272.7986440152745	1	0	tensor(3, device='cuda:0')	2.2773813805672507
248200.0	3000.0	1072.7986440152713	0.0	0	385.15087053427123	1272.7986440152745	1	0	tensor(3, device='cuda:0')	2.2773813805672507
249200.0	3000.0	1072.7986440152551	0.0	0	258.07341153692687	1272.7986440152745	1	0	tensor(3, device='cuda:0')	2.2773813805672507
250200.0	3000.0	1072.7986440152495	0.0	0	348.3944802644837	1272.7986440152745	1	0	tensor(3, device='cuda:0')	2.2773813805672507
251200.0	3000.0	1072.79864401525	0.0	0	316.45214750175364	1272.7986440153036	1	0	tensor(3, device='cuda:0')	2.2773813805672494
252200.0	3000.0	1072.7986440152515	0.0	0	342.1089173842338	1272.7986440152745	1	0	tensor(3, device='cuda:0')	2.2773813805672507
253200.0	3000.0	1072.7986440152904	0.0	0	139.13866020465503	1272.7986440152745	1	0	tensor(3, device='cuda:0')	2.2773813805672507
254200.0	3000.0	1072.7986440152513	0.0	0	347.83022924984107	1272.7986440152454	1	0	tensor(3, device='cuda:0')	2.2773813805672516
255200.0	3000.0	1072.7986440152233	0.0	0	433.648867692129	1272.7986440152454	1	0	tensor(3, device='cuda:0')	2.2773813805672516
256200.0	3000.0	1072.7986440152467	0.0	0	95.29644493601518	1272.7986440152454	1	0	tensor(3, device='cuda:0')	2.2773813805672516
257404.19432981889	3000.0	868.6043141963314	0.0	0	0.0	1272.7986440152163	1	0	tensor(3, device='cuda:0')	2.2773813805672525
258376.17032903555	3000.0	896.6283149796774	0.0	0	0.0	1272.7986440152163	1	0	tensor(3, device='cuda:0')	2.2773813805672525
259200.0	3000.0	1072.7986440152115	0.0	0	121.71489293777267	1272.7986440152163	1	0	tensor(3, device='cuda:0')	2.2773813805672525
260442.74902900803	3000.0	830.049615007161	0.0	0	0.0	1272.7986440151872	1	0	tensor(3, device='cuda:0')	2.2773813805672534
261638.6444485302	3000.0	634.1541954850147	0.0	0	0.0	1272.798644015158	1	0	tensor(3, device='cuda:0')	2.2773813805672547
262253.7611410778	1000.0	1019.0375029374211	0.0	0	0.0	1272.798644015129	1	0	tensor(3, device='cuda:0')	0.08015680323103494
263200.0	1000.0	1072.7986440151979	0.0	0	313.8197142058634	1272.7986440150999	1	0	tensor(3, device='cuda:0')	1.1787690918991456
264200.0	1000.0	1072.7986440151594	0.0	0	531.6166813720483	1272.7986440150416	1	0	tensor(3, device='cuda:0')	1.1787690918991487
265200.0	3000.0	1072.7986440151126	0.0	0	163.63366181775928	1272.7986440150416	1	0	tensor(3, device='cuda:0')	1.1787690918991487
266266.60293192836	3000.0	1006.1957120867503	0.0	0	0.0	1272.7986440149834	1	0	tensor(3, device='cuda:0')	2.2773813805672605
267200.0	3000.0	1072.7986440150783	0.0	0	42.96558934345376	1272.7986440149834	1	0	tensor(3, device='cuda:0')	2.2773813805672605
268200.0	3000.0	1072.7986440150198	0.0	0	365.07383322302485	1272.7986440149834	1	0	tensor(3, device='cuda:0')	2.2773813805672605
269200.0	3000.0	1072.79864401507	0.0	0	202.13143563474296	1272.7986440150416	1	0	tensor(3, device='cuda:0')	2.2773813805672587
270200.0	3000.0	1072.7986440150785	0.0	0	35.40064393915236	1272.7986440150416	1	0	tensor(3, device='cuda:0')	2.2773813805672587
271200.0	3000.0	1072.7986440150648	0.0	0	126.49837761512026	1272.7986440150416	1	0	tensor(3, device='cuda:0')	2.2773813805672587
272313.5306708575	3000.0	959.2679731574958	0.0	0	0.0	1272.7986440150416	1	0	tensor(3, device='cuda:0')	2.2773813805672587
273330.50521437096	3000.0	942.2934296440196	0.0	0	0.0	1272.7986440150416	1	0	tensor(3, device='cuda:0')	2.2773813805672587
274839.6172063658	3000.0	433.18143764916397	0.0	0	0.0	1272.7986440150416	1	0	tensor(3, device='cuda:0')	2.2773813805672587
276620.3925845656	3000.0	200.0	547.5939405506375	0	0.0	1820.3925845656195	1	0	tensor(3, device='cuda:0')	-1.0284022175726515
277133.7733010297	1000.0	683.1614810506301	99.90990130458071	0	0.0	1816.9347820803523	1	0	tensor(5, device='cuda:0')	-1.2529131917518432
277488.38702638185	1000.0	1328.5477556984713	0.0	0	0.0	1816.9347820803523	1	0	tensor(3, device='cuda:0')	0.6537730304240326
278508.75232095254	3000.0	1308.1824611278303	0.0	0	0.0	1816.9347820804105	1	0	tensor(3, device='cuda:0')	1.1537730304240292
279921.2858313999	3000.0	895.6489506804727	0.0	0	0.0	1816.9347820804105	1	0	tensor(3, device='cuda:0')	2.252385319092139
280751.4519052449	3000.0	1065.482876835455	0.0	0	0.0	1816.9347820803523	1	0	tensor(3, device='cuda:0')	2.2523853190921423
281646.3556198229	3000.0	1170.5791622574889	0.0	0	0.0	1816.9347820803523	1	0	tensor(3, device='cuda:0')	2.2523853190921423
282640.9449384394	3000.0	1175.989843640991	0.0	0	0.0	1816.9347820803523	1	0	tensor(3, device='cuda:0')	2.2523853190921423
283695.4131297081	3000.0	1121.5216523723652	0.0	0	0.0	1816.9347820803523	1	0	tensor(3, device='cuda:0')	2.2523853190921423
284357.3943686625	3000.0	1459.5404134179246	0.0	0	0.0	1816.9347820803523	1	0	tensor(3, device='cuda:0')	2.2523853190921423
285200.0	3000.0	1616.9347820804433	0.0	0	250.24509479379049	1816.934782080294	1	0	tensor(3, device='cuda:0')	2.252385319092146
286200.0	3000.0	1616.93478208036	0.0	0	153.2109893715242	1816.934782080294	1	0	tensor(3, device='cuda:0')	2.252385319092146
287200.0	3000.0	1616.9347820803468	0.0	0	341.73967360064853	1816.934782080294	1	0	tensor(3, device='cuda:0')	2.252385319092146
288340.08107958274	3000.0	1476.8537024976117	0.0	0	0.0	1816.9347820803523	1	0	tensor(3, device='cuda:0')	2.2523853190921423
289583.4330490384	3000.0	1233.5017330419707	0.0	0	0.0	1816.9347820803523	1	0	tensor(3, device='cuda:0')	2.2523853190921423
291207.3770105259	3000.0	609.5577715545239	0.0	0	0.0	1816.9347820803523	1	0	tensor(3, device='cuda:0')	2.2523853190921423
292509.0922068811	3000.0	382.2517724610858	74.40919726169955	0	0.0	1891.343979342084	1	0	tensor(3, device='cuda:0')	1.801363343008084
293247.32079431927	3000.0	648.6804447125699	4.657259689666887	0	0.0	1896.001239031786	1	0	tensor(3, device='cuda:0')	2.2195780426445113
293931.54030951357	3000.0	964.4609295182635	0.0	0	0.0	1896.001239031786	1	0	tensor(3, device='cuda:0')	2.2475216007825125
294491.0091332341	3000.0	1404.9921057976974	0.0	0	0.0	1896.001239031786	1	0	tensor(3, device='cuda:0')	2.2475216007825125
295200.0	3000.0	1696.0012390317554	0.0	0	2.0491108355345204	1896.0012390318443	1	0	tensor(3, device='cuda:0')	2.247521600782509
296200.0	3000.0	1696.0012390316765	0.0	0	343.11530311557	1896.001239031786	1	0	tensor(3, device='cuda:0')	2.2475216007825125
297200.0	3000.0	1696.001239031693	0.0	0	170.7126893706154	1896.001239031728	1	0	tensor(3, device='cuda:0')	2.2475216007825165
298575.7757540158	3000.0	1320.225485015908	0.0	0	0.0	1896.001239031728	1	0	tensor(3, device='cuda:0')	2.2475216007825165
299571.95649942197	3000.0	1324.0447396096733	0.0	0	0.0	1896.001239031728	1	0	tensor(3, device='cuda:0')	2.2475216007825165
300570.2287864696	3000.0	1325.772452561937	0.0	0	0.0	1896.001239031728	1	0	tensor(3, device='cuda:0')	2.2475216007825165
3.08	3.16	3.8	3.17	3.01	3.98	3.67	3.67	3.53	2.97	2.43	2.06	2.34	3.13	4.05	3.94	3.58	2.95	3.32	3.93	4.84	5.47	4.43	3.75	4.65	4.02	3.78	2.32	2.4	3.09	3.51	3.53	4.31	4.53	4.44	4.85	5.21	3.52	2.34	2.32	2.65	2.2	2.77	2.72	3.21	4.02	4.51	5.71	6.35	5.44	2.71	2.65	3.04	2.91	2.75	3.08	1.88	1.9	2.17	2.43	2.43	1.55	1.93	2.88	3.67	4.37	4.0	4.82	5.28	4.6	3.9	3.93	2.55	2.2	3.08	3.97	4.55	5.57	6.26	8.14	10.7	7.68	4.12	3.67	4.22	4.87	4.78	4.92	4.58	4.19	3.96	3.79	3.43	2.69	3.01	2.72	2.41	2.4	2.11	2.7	3.56	4.26	4.46	4.65	4.76	4.6	3.58	3.9	3.94	4.38	2.59	2.5	3.08	4.02	3.93	2.48	2.57	2.03	1.93	2.19	2.95	3.87	4.11	3.42	2.56	2.22	2.7	3.63	4.34	4.54	4.87	3.9	4.24	4.6	2.37	2.63	3.53	3.72	2.61	2.37	3.36	4.02	4.82	4.17	3.5	2.9	3.81	4.48	5.48	6.15	7.04	4.74	3.9	3.89	4.69	4.4	4.76	5.19	4.81	5.24	5.07	4.55	3.49	1.7	2.25	2.35	2.84	3.46	3.22	2.65	3.46	4.33	4.03	4.65	4.83	3.59	1.98	1.96	1.76	1.73	2.32	3.05	3.97	4.53	5.63	6.24	7.89	11.4	12.1	8.53	5.24	4.19	4.29	3.7	3.71	3.36	2.68	3.12	2.95	2.51	2.54	2.41	2.85	3.57	4.34	4.56	4.61	4.99	2.79	1.92	2.47	2.63	2.27	2.18	2.54	3.32	4.22	3.79	4.22	3.7	4.53	4.02	4.84	5.14	4.36	5.17	4.7	3.42	3.46	3.94	4.74	5.51	6.38	5.18	4.34	4.97	5.46	3.9	4.22	5.05	4.33	5.12	5.64	5.42	5.03	4.76	5.19	4.74	4.41	3.31	3.63	3.44	2.61	2.72	2.15	1.97	2.77	3.21	3.19	3.7	3.63	4.12	4.32	3.74	3.52	2.62	2.65	2.79	2.11	2.09	2.71	2.55	2.94	3.06	3.76	3.85	4.02	4.53	4.46	3.75	2.92	3.2	2.25	2.19	2.84	3.16	4.09	4.71	4.63	3.21	3.07	2.48	2.9	2.02	1.92
1309.0	1310.0	1311.0	1312.0	1313.0	1314.0	1315.0	1316.0	1317.0	1318.0	1319.0	1320.0	1321.0	1322.0	1323.0	1324.0	1325.0	1326.0	1327.0	1328.0	1329.0	1330.0	1331.0	1332.0	1333.0	1334.0	1335.0	1336.0	1337.0	1338.0	1339.0	1340.0	1341.0	1342.0	1343.0	1344.0	1345.0	1346.0	1347.0	1348.0	1349.0	1350.0	1351.0	1352.0	1353.0	1354.0	1355.0	1356.0	1357.0	1358.0	1359.0	1360.0	1361.0	1362.0	1363.0	1364.0	1365.0	1366.0	1367.0	1368.0	1369.0	1370.0	1371.0	1372.0	1373.0	1374.0	1375.0	1376.0	1377.0	1378.0	1379.0	1380.0	1381.0	1382.0	1383.0	1384.0	1385.0	1386.0	1387.0	1388.0	1389.0	1390.0	1391.0	1392.0	1393.0	1394.0	1395.0	1396.0	1397.0	1398.0	1399.0	1400.0	1401.0	1402.0	1403.0	1404.0	1405.0	1406.0	1407.0	1408.0	1409.0	1410.0	1411.0	1412.0	1413.0	1414.0	1415.0	1416.0	1417.0	1418.0	1419.0	1420.0	1421.0	1422.0	1423.0	1424.0	1425.0	1426.0	1427.0	1428.0	1429.0	1430.0	1431.0	1432.0	1433.0	1434.0	1435.0	1436.0	1437.0	1438.0	1439.0	1440.0	1441.0	1442.0	1443.0	1444.0	1445.0	1446.0	1447.0	1448.0	1449.0	1450.0	1451.0	1452.0	1453.0	1454.0	1455.0	1456.0	1457.0	1458.0	1459.0	1460.0	1461.0	1462.0	1463.0	1464.0	1465.0	1466.0	1467.0	1468.0	1469.0	1470.0	1471.0	1472.0	1473.0	1474.0	1475.0	1476.0	1477.0	1478.0	1479.0	1480.0	1481.0	1482.0	1483.0	1484.0	1485.0	1486.0	1487.0	1488.0	1489.0	1490.0	1491.0	1492.0	1493.0	1494.0	1495.0	1496.0	1497.0	1498.0	1499.0	1500.0	1501.0	1502.0	1503.0	1504.0	1505.0	1506.0	1507.0	1508.0	1509.0	1510.0	1511.0	1512.0	1513.0	1514.0	1515.0	1516.0	1517.0	1518.0	1519.0	1520.0	1521.0	1522.0	1523.0	1524.0	1525.0	1526.0	1527.0	1528.0	1529.0	1530.0	1531.0	1532.0	1533.0	1534.0	1535.0	1536.0	1537.0	1538.0	1539.0	1540.0	1541.0	1542.0	1543.0	1544.0	1545.0	1546.0	1547.0	1548.0	1549.0	1550.0	1551.0	1552.0	1553.0	1554.0	1555.0	1556.0	1557.0	1558.0	1559.0	1560.0	1561.0	1562.0	1563.0	1564.0	1565.0	1566.0	1567.0	1568.0	1569.0	1570.0	1571.0	1572.0	1573.0	1574.0	1575.0	1576.0	1577.0	1578.0	1579.0	1580.0	1581.0	1582.0	1583.0	1584.0	1585.0	1586.0	1587.0	1588.0	1589.0	1590.0	1591.0	1592.0	1593.0	1594.0	1595.0	1596.0	1597.0	1598.0	1599.0	1600.0	1601.0	1602.0	1603.0
7120.0
