11203.645061399066	300.0	2000.0	189.50711026137287	0	0.0	8203.645061399066	1	0	tensor(6, device='cuda:0')	-13.712608873386928
12147.195592483025	2000.0	2056.449468916041	0.0	0	0.0	5203.645061399065	1	0	tensor(6, device='cuda:0')	-10.233332596522207
13200.0	2000.0	2003.6494689160409	0.0	0	328.1750164238947	2203.649468916041	1	0	tensor(6, device='cuda:0')	-7.18082758274637
14200.0	3000.0	1903.6494689160418	0.0	0	122.45189327422304	2103.649468916041	1	0	tensor(4, device='cuda:0')	1.4247157766560754
15641.959139940234	3000.0	1317.4944149817836	0.0	0	0.0	1959.4535549220163	1	0	tensor(4, device='cuda:0')	1.9523800638682307
17022.992547256454	3000.0	798.35766693394	0.0	0	0.0	1821.3502141903919	1	0	tensor(4, device='cuda:0')	1.9738698262616496
18441.116445772168	3000.0	278.5235292744839	36.45650064348092	0	0.0	1719.6399750466517	1	0	tensor(4, device='cuda:0')	1.761047772909249
19352.529577842484	3000.0	526.4925092774652	75.82310985140333	0	0.0	1879.0220871199526	1	0	tensor(2, device='cuda:0')	1.3952923926286542
21044.24807684858	3000.0	200.0	217.83793314224312	0	0.0	2244.248076848584	1	0	tensor(2, device='cuda:0')	0.9253617286720763
21831.81808486856	1000.0	607.8200313535475	195.39003937353198	0	0.0	2439.638116222115	1	0	tensor(3, device='cuda:0')	-1.3676600029152055
22460.21983624222	1000.0	979.4182799798868	0.0	0	0.0	2439.638116222115	1	0	tensor(3, device='cuda:0')	1.1032925219940963
22954.902950901822	1000.0	1484.7351653202888	0.0	0	0.0	2439.6381162221187	1	0	tensor(3, device='cuda:0')	1.1032925219940959
24486.21032749657	3000.0	800.2970510660673	0.0	0	0.0	2286.5073785626482	1	0	tensor(4, device='cuda:0')	0.6083315349922627
24896.917384863304	1000.0	1348.519287962662	0.0	0	0.0	2245.4366728259774	1	0	tensor(4, device='cuda:0')	-0.05932506695731804
25909.95991299238	3000.0	1335.476759833583	0.0	0	0.0	2245.4366728259774	1	0	tensor(3, device='cuda:0')	0.9223627025549509
27803.003694894152	3000.0	253.1285997416374	0.0	0	0.0	2056.132294635805	1	0	tensor(4, device='cuda:0')	1.6535161198080923
28304.981052566174	1000.0	754.211338549992	3.06009648037886	0	0.0	2059.192391116183	1	0	tensor(3, device='cuda:0')	-0.1793579313593399
29023.0395298074	1000.0	1036.152861308764	0.0	0	0.0	2059.192391116183	1	0	tensor(3, device='cuda:0')	1.137614936191043
30254.609253904477	3000.0	927.7401096213906	0.0	0	0.0	2182.349363525889	1	0	tensor(2, device='cuda:0')	0.9300903341694092
31382.61148768491	3000.0	912.5380992190017	0.0	0	0.0	2295.1495869039354	1	0	tensor(2, device='cuda:0')	2.2187891222175726
32396.2463892258	3000.0	797.5397075240218	0.0	0	0.0	2193.786096749842	1	0	tensor(4, device='cuda:0')	1.6204795281468825
33741.689119435156	3000.0	317.5527042937396	0.0	0	0.0	2059.241823728913	1	0	tensor(4, device='cuda:0')	1.9638318243972472
34300.37242827596	1000.0	758.8693954529348	0.0	0	0.0	2059.2418237289057	1	0	tensor(3, device='cuda:0')	-0.16100104987267094
35006.37237865836	1000.0	1052.8694450705443	0.0	0	0.0	2059.2418237289094	1	0	tensor(3, device='cuda:0')	1.1376112387954391
36367.5691826652	3000.0	827.7923214643885	0.0	0	0.0	2195.3615041295852	1	0	tensor(2, device='cuda:0')	0.929561371247617
37632.3757652571	3000.0	689.466397131676	0.0	0	0.0	2321.842162388777	1	0	tensor(2, device='cuda:0')	2.2172034061944643
38191.93821889014	1000.0	1129.9039434986375	0.0	0	0.0	2321.8421623887843	1	0	tensor(3, device='cuda:0')	-0.18333568685050772
39393.88127640309	3000.0	807.7665802343956	0.0	0	0.0	2201.6478566374863	1	0	tensor(4, device='cuda:0')	0.6832170743722737
40499.31014639423	3000.0	591.7948232441381	0.0	0	0.0	2091.1049696383707	1	0	tensor(4, device='cuda:0')	2.0105710271874577
41464.78697297009	3000.0	529.7703140106926	0.0	0	0.0	1994.5572869807802	1	0	tensor(4, device='cuda:0')	2.045840676891459
42481.83821996734	3000.0	464.20101281375844	48.35188227276727	0	0.0	1946.039232781106	1	0	tensor(4, device='cuda:0')	1.7587340221301586
43517.786140990254	3000.0	452.78996242602193	116.48332976132286	0	0.0	1970.576103416286	1	0	tensor(4, device='cuda:0')	1.3580515490099665
44324.76819285509	3000.0	565.1097053747102	0.0	0	0.0	1889.87789822981	1	0	tensor(4, device='cuda:0')	2.085034324468565
45400.621799487606	3000.0	430.5118683237547	44.401027495283046	0	0.0	1831.1336678113512	1	0	tensor(4, device='cuda:0')	1.7772581632117253
46151.919574346735	3000.0	614.5246397244596	9.491203405229044	0	0.0	1766.4442140711835	1	0	tensor(4, device='cuda:0')	2.049006260042666
46905.56163754857	3000.0	785.518370202443	0.0	0	0.0	1691.0800077510066	1	0	tensor(4, device='cuda:0')	2.1075287905517373
47720.610254164596	3000.0	888.9648919248187	0.0	0	0.0	1609.5751460894026	1	0	tensor(4, device='cuda:0')	2.099428323572198
49485.66647819453	3000.0	300.414290297874	0.0	0	0.0	1786.080768492393	1	0	tensor(2, device='cuda:0')	1.8573632524429853
50109.782549535914	1000.0	698.7474937816787	22.449274825196937	0	0.0	1808.5300433175944	1	0	tensor(3, device='cuda:0')	-0.27903947360248593
51545.064280693725	3000.0	406.9939357396487	0.0	0	0.0	1952.0582164333755	1	0	tensor(2, device='cuda:0')	0.9475854980609094
54635.3454934485	3000.0	200.0	1749.1768397107226	0	0.0	3835.345493448498	1	0	tensor(2, device='cuda:0')	-8.466039939955667
55200.0	300.0	635.3454934484972	0.0	0	349.0214139834643	835.3454934485053	1	0	tensor(6, device='cuda:0')	-11.515424844205999
56811.54541095998	3000.0	312.0993901477251	141.2719628480115	0	0.0	1123.6448011077155	1	0	tensor(2, device='cuda:0')	-1.0668983336915052
58101.48337192291	3000.0	305.8538612999485	375.1692983740287	0	0.0	1407.3372332228682	1	0	tensor(4, device='cuda:0')	-0.5628564711009612
59008.569178877195	3000.0	608.616725571402	132.37787836700898	0	0.0	1617.185904448619	1	0	tensor(2, device='cuda:0')	1.069868685393736
59942.96109168582	3000.0	767.6640040436331	0.0	0	0.0	1710.625095729476	1	0	tensor(2, device='cuda:0')	2.2596566037343475
60994.16791782519	3000.0	821.5778605182047	0.0	0	0.0	1815.745778343422	1	0	tensor(2, device='cuda:0')	2.254221259586798
62424.366033830505	3000.0	534.3995561134243	0.0	0	0.0	1958.765589943956	1	0	tensor(2, device='cuda:0')	2.2463662227041117
64335.58031699303	3000.0	206.76172832625335	436.06114117678	0	0.0	2542.342045319303	1	0	tensor(2, device='cuda:0')	-0.4203070228558331
64949.57043030617	1000.0	683.1831572672813	90.41154225416665	0	0.0	2632.7535875734684	1	0	tensor(3, device='cuda:0')	-0.7605579480952498
66112.16203667356	3000.0	520.591550899892	0.0	0	0.0	2632.753587573461	1	0	tensor(3, device='cuda:0')	1.0805235940978601
67062.3150999596	2000.0	475.4231812852572	0.0	0	0.0	2537.738281244863	1	0	tensor(4, device='cuda:0')	0.986713472031688
67710.57448675223	2000.0	827.1637944926164	0.0	0	0.0	2537.738281244856	1	0	tensor(3, device='cuda:0')	1.5853893370575576
68328.15261445344	2000.0	1147.8278540212755	0.0	0	0.0	2475.9804684747214	1	0	tensor(4, device='cuda:0')	1.467287813313409
69332.5053233339	3000.0	1043.0398742527784	0.0	0	0.0	2375.545197586689	1	0	tensor(4, device='cuda:0')	1.5994811971224898
70574.11597430978	2000.0	677.2681581793017	0.0	0	0.0	2251.3841324890964	1	0	tensor(4, device='cuda:0')	1.1574228525939216
71294.65008573057	1000.0	956.7340467585273	0.0	0	0.0	2251.384132489111	1	0	tensor(3, device='cuda:0')	0.22868226281975298
72254.37288412011	1000.0	997.0112483689917	0.0	0	0.0	2251.384132489111	1	0	tensor(3, device='cuda:0')	1.1218294433796985
73824.13778921255	1000.0	427.2463432765511	0.0	0	0.0	2251.384132489111	1	0	tensor(3, device='cuda:0')	1.1218294433796985
74375.67006474048	500.0	875.7140677486115	0.0	0	0.0	2251.384132489111	1	0	tensor(3, device='cuda:0')	-0.26446491774019254
75357.62383574939	1000.0	893.7602967396987	0.0	0	0.0	2251.384132489111	1	0	tensor(3, device='cuda:0')	0.428682262819753
75986.7602134524	1000.0	1264.6239190366684	0.0	0	0.0	2251.384132489111	1	0	tensor(3, device='cuda:0')	1.1218294433796985
76753.34806420813	1000.0	1498.0360682809296	0.0	0	0.0	2251.3841324890964	1	0	tensor(3, device='cuda:0')	1.1218294433796998
77390.22475135323	1000.0	1861.1593811358132	0.0	0	0.0	2251.384132489082	1	0	tensor(3, device='cuda:0')	1.121829443379701
79066.64512189073	3000.0	1017.0969735445505	0.0	0	0.0	2083.7420954353	1	0	tensor(4, device='cuda:0')	0.5968410588401625
79938.47675177733	1000.0	1145.2653436579694	0.0	0	0.0	2083.7420954353147	1	0	tensor(3, device='cuda:0')	-0.16285538965535237
80516.33633774993	1000.0	1567.405757685367	0.0	0	0.0	2083.7420954353147	1	0	tensor(3, device='cuda:0')	1.1357568990127578
82688.22025810998	3000.0	200.0	19.696867918808152	0	0.0	1888.2202581099846	1	0	tensor(4, device='cuda:0')	0.3981956093027856
83293.42745670858	1000.0	705.9305959528054	111.13779455140124	0	0.0	1999.3580526613805	1	0	tensor(3, device='cuda:0')	-0.8234752587944448
83667.74296207426	1000.0	1331.6150905871275	0.0	0	0.0	1999.3580526613805	1	0	tensor(3, device='cuda:0')	1.1419637971820724
84901.83163086239	3000.0	1220.935288677805	0.0	0	0.0	2122.766919540183	1	0	tensor(2, device='cuda:0')	0.9350009997270665
86043.84415770034	3000.0	1193.1240145236477	0.0	0	0.0	2236.968172223962	1	0	tensor(2, device='cuda:0')	2.224287926604923
87860.92811632881	3000.0	200.0	5.153036334241847	0	0.0	2060.9281163287815	1	0	tensor(4, device='cuda:0')	1.4390005455245194
88346.96603987015	1000.0	747.9664057724566	34.00432931380604	0	0.0	2094.932445642582	1	0	tensor(3, device='cuda:0')	-0.36774296001001877
88901.0711456533	1000.0	1193.8612999893048	0.0	0	0.0	2094.932445642582	1	0	tensor(3, device='cuda:0')	1.1348953045409274
90135.49575557718	3000.0	1082.8791510578287	0.0	0	0.0	2218.3749066349847	1	0	tensor(2, device='cuda:0')	0.9277425831263235
91509.02719828922	3000.0	846.7008526169878	0.0	0	0.0	2355.728050906182	1	0	tensor(2, device='cuda:0')	2.2138641879570664
92717.45699928293	3000.0	759.114031722647	0.0	0	0.0	2476.5710310055583	1	0	tensor(2, device='cuda:0')	2.2013711917335392
93452.17031523767	2000.0	950.9293841724428	0.0	0	0.0	2403.0996994100715	1	0	tensor(4, device='cuda:0')	0.8459846250620757
94235.87857062976	2000.0	1088.850303241123	0.0	0	0.0	2324.728873870845	1	0	tensor(4, device='cuda:0')	1.6493696462675809
95610.60205166468	3000.0	576.6544741027113	0.0	0	0.0	2187.256525767356	1	0	tensor(4, device='cuda:0')	1.5429500708856088
96467.17842877161	3000.0	634.4204592850774	0.0	0	0.0	2101.598888056673	1	0	tensor(4, device='cuda:0')	2.0598567957084017
97470.79222670327	3000.0	530.445281560253	0.0	0	0.0	2001.2375082634971	1	0	tensor(4, device='cuda:0')	2.03800200907908
98377.10070864212	3000.0	533.5059514275281	0.0	0	0.0	1910.6066600696067	1	0	tensor(4, device='cuda:0')	2.0637932052482664
99396.1641323249	3000.0	455.57308500158297	39.12445420466459	0	0.0	1851.7372173264885	1	0	tensor(4, device='cuda:0')	1.8180071555822945
100315.83225766158	3000.0	443.9381471312614	0.0	0	0.0	1759.7704047928419	1	0	tensor(4, device='cuda:0')	2.0702702105931388
102175.3614549255	3000.0	200.0	728.6763362354927	0	0.0	2375.3614549255	1	0	tensor(4, device='cuda:0')	-2.3707152011316732
102925.06261218783	1000.0	619.125356880196	168.82651414251336	0	0.0	2544.187969068007	1	0	tensor(3, device='cuda:0')	-1.2200920928569374
104438.22527125584	3000.0	257.27896371898487	0.0	0	0.0	2695.5042349747964	1	0	tensor(2, device='cuda:0')	0.8782784938266504
105001.99317801054	1000.0	719.7978407020349	26.286783737744287	0	0.0	2721.791018712538	1	0	tensor(3, device='cuda:0')	-0.3877751425086817
105616.06576953286	1000.0	1105.7252491797203	0.0	0	0.0	2721.7910187125526	1	0	tensor(3, device='cuda:0')	1.0685578485858915
106135.89635258398	1000.0	1585.8946661286013	0.0	0	0.0	2721.7910187125526	1	0	tensor(3, device='cuda:0')	1.0685578485858915
107146.91580390451	3000.0	1473.7732696760265	0.0	0	0.0	2620.689073580521	1	0	tensor(4, device='cuda:0')	0.6768205894662651
108502.35654744908	3000.0	982.7884517769965	0.0	0	0.0	2485.1449992260605	1	0	tensor(4, device='cuda:0')	1.9214614555371008
109120.25869278792	2000.0	1303.09609190428	0.0	0	0.0	2423.354784692172	1	0	tensor(4, device='cuda:0')	1.2672438388223652
110036.4533249773	2000.0	1295.2819964959758	0.0	0	0.0	2331.735321473243	1	0	tensor(4, device='cuda:0')	1.6218461231519015
111253.30174982759	2000.0	956.748729160653	0.0	0	0.0	2210.050478988196	1	0	tensor(4, device='cuda:0')	1.572714437078805
112500.922477759	3000.0	584.3659284360833	0.0	0	0.0	2085.2884061950317	1	0	tensor(4, device='cuda:0')	1.5769568803706182
113775.13947525664	3000.0	245.42777650864795	57.000495745430925	0	0.0	2020.5672517652129	1	0	tensor(4, device='cuda:0')	1.6510789977378106
114324.49120223722	1000.0	705.1931804878627	9.117130959782429	0	0.0	2029.6843827249977	1	0	tensor(3, device='cuda:0')	-0.21352412825214143
114839.23528786338	1000.0	1190.449094861688	0.0	0	0.0	2029.6843827249832	1	0	tensor(3, device='cuda:0')	1.139790946174664
116057.4620289433	3000.0	1094.0450278897747	0.0	0	0.0	2151.507056832983	1	0	tensor(2, device='cuda:0')	0.9327885246504799
117446.10823741816	3000.0	844.263440262412	0.0	0	0.0	2290.3716776804795	1	0	tensor(2, device='cuda:0')	2.2204586729192926
118448.46520869975	3000.0	741.6707718526544	0.0	0	0.0	2190.1359805523243	1	0	tensor(4, device='cuda:0')	1.6234364732345743
119847.42874686117	3000.0	202.81087987510975	0.0	0	0.0	2050.239626736191	1	0	tensor(4, device='cuda:0')	1.9542749218751945
120420.7472094642	1000.0	720.9100488666024	91.41763159453672	0	0.0	2141.6572583307134	1	0	tensor(3, device='cuda:0')	-0.715922033281071
120930.95571879354	1000.0	1210.7015395372568	0.0	0	0.0	2141.657258330728	1	0	tensor(3, device='cuda:0')	1.1311960449542582
123161.9532365698	3000.0	202.8037735386265	0.0	0	0.0	2364.75701010834	1	0	tensor(2, device='cuda:0')	0.9175830634631095
123760.14894154957	1000.0	682.0855816647186	77.47751310585366	0	0.0	2442.234523214196	1	0	tensor(3, device='cuda:0')	-0.6604643388144271
124442.26192844969	1000.0	999.972594764593	0.0	0	0.0	2442.234523214196	1	0	tensor(3, device='cuda:0')	1.1030130284888044
125150.61827209109	1000.0	1291.6162511231782	0.0	0	0.0	2442.234523214196	1	0	tensor(3, device='cuda:0')	1.1030130284888044
125892.91517862295	1000.0	1549.3193445913093	0.0	0	0.0	2442.234523214196	1	0	tensor(3, device='cuda:0')	1.1030130284888044
126376.41047623841	1000.0	2065.8240469758393	0.0	0	0.0	2442.234523214196	1	0	tensor(3, device='cuda:0')	1.1030130284888044
127200.0	1000.0	2242.2345232142616	0.0	0	255.92302508644934	2442.2345232142106	1	0	tensor(3, device='cuda:0')	1.103013028488803
129088.68890141381	3000.0	1164.67673165907	0.0	0	0.0	2253.3656330728263	1	0	tensor(4, device='cuda:0')	0.5391961287430755
130639.0010996799	3000.0	459.33331356638774	0.0	0	0.0	2098.3344132462225	1	0	tensor(4, device='cuda:0')	1.9190510411872306
131185.31345701593	1000.0	913.02095623034	0.0	0	0.0	2098.3344132462225	1	0	tensor(3, device='cuda:0')	-0.16398075776419116
131714.09432313562	1000.0	1384.2400901106653	0.0	0	0.0	2098.3344132462516	1	0	tensor(3, device='cuda:0')	1.1346315309039168
132323.79868907487	1000.0	1774.5357241714028	0.0	0	0.0	2098.3344132462516	1	0	tensor(3, device='cuda:0')	1.1346315309039166
133631.864551467	3000.0	1597.2764480184915	0.0	0	0.0	2229.1409994854766	1	0	tensor(2, device='cuda:0')	0.9267032025529525
135308.58477755354	3000.0	1088.2282445406106	0.0	0	0.0	2396.8130220941384	1	0	tensor(2, device='cuda:0')	2.21064814693798
136971.6512630882	3000.0	258.8551104524777	0.0	0	0.0	2230.506373540673	1	0	tensor(4, device='cuda:0')	1.4858653770039951
137437.26753654497	1000.0	793.2388369957156	0.0	0	0.0	2230.506373540673	1	0	tensor(3, device='cuda:0')	-0.17492417167518404
138250.3051804099	3000.0	898.8974287442866	0.0	0	0.0	2149.202609154163	1	0	tensor(4, device='cuda:0')	0.766482583120955
139163.06719972217	3000.0	1077.4116113632244	0.0	0	0.0	2240.4788110853406	1	0	tensor(2, device='cuda:0')	1.8234475229414682
139884.86519050456	3000.0	1283.4338215025646	0.0	0	0.0	2168.2990120071045	1	0	tensor(4, device='cuda:0')	1.6817382330757962
140661.31324078143	3000.0	1429.3409661979765	0.0	0	0.0	2090.6542069793795	1	0	tensor(4, device='cuda:0')	2.0769675286993374
141387.26300435633	3000.0	1630.7962262656215	0.0	0	0.0	2018.0592306219041	1	0	tensor(4, device='cuda:0')	2.0927407886726486
142326.36498494513	3000.0	1597.78404761791	0.0	0	0.0	1924.1490325629711	1	0	tensor(4, device='cuda:0')	2.05629625716255
143200.0	3000.0	1636.7855310575083	0.0	0	79.34033573183115	1836.7855310574523	1	0	tensor(4, device='cuda:0')	2.075019194402768
144200.0	3000.0	1536.7855310574635	0.0	0	214.3924178465386	1736.785531057365	1	0	tensor(4, device='cuda:0')	2.0549961865611572
145200.0	3000.0	1436.7855310574587	0.0	0	52.907666228857124	1636.785531057336	1	0	tensor(4, device='cuda:0')	2.060810321003106
146200.0	3000.0	1336.7855310574655	0.0	0	235.23383751895744	1536.785531057394	1	0	tensor(4, device='cuda:0')	2.065298016659853
147269.8067878497	3000.0	1159.9980644227958	0.0	0	0.0	1429.804852272413	1	0	tensor(4, device='cuda:0')	2.056055205509356
148579.8655016788	3000.0	980.9452219766154	0.0	0	0.0	1560.8107236553333	1	0	tensor(2, device='cuda:0')	1.8678903432239642
150461.60195314945	3000.0	287.38241565302775	0.0	0	0.0	1748.9843688023684	1	0	tensor(2, device='cuda:0')	2.25862774417262
151876.14587489673	3000.0	288.6808530353971	304.8755188387691	0	0.0	2164.8267279321153	1	0	tensor(2, device='cuda:0')	0.40181258079895094
152366.22644914666	1000.0	798.6002787854994	0.0	0	0.0	2164.8267279321153	1	0	tensor(3, device='cuda:0')	-0.16931299606654315
153707.60951735752	3000.0	591.3555173957345	0.0	0	0.0	2298.9650347532006	1	0	tensor(2, device='cuda:0')	0.9205604139656052
155561.38487020627	3000.0	200.0	307.8247779645941	0	0.0	2761.3848702062387	1	0	tensor(2, device='cuda:0')	0.3362742375745492
156280.16161327646	1000.0	612.3193383077783	131.0960813779563	0	0.0	2892.4809515842353	1	0	tensor(3, device='cuda:0')	-1.0425181394638314
156975.44498405504	1000.0	917.0359675292109	0.0	0	0.0	2892.480951584206	1	0	tensor(3, device='cuda:0')	1.0426706374720207
157655.0183665678	1000.0	1237.4625850164437	0.0	0	0.0	2892.480951584206	1	0	tensor(3, device='cuda:0')	1.0426706374720207
158070.75181029472	1000.0	1821.7291412895288	0.0	0	0.0	2892.480951584206	1	0	tensor(3, device='cuda:0')	1.0426706374720207
159383.45373065068	3000.0	1377.7570288979707	0.0	0	0.0	2761.210759548616	1	0	tensor(4, device='cuda:0')	0.5957989469828472
160378.2367574791	3000.0	1283.4956993867231	0.0	0	0.0	2661.7324568658078	1	0	tensor(4, device='cuda:0')	1.9730960210459976
161414.9979975365	3000.0	1143.0583353235818	0.0	0	0.0	2558.0563328600547	1	0	tensor(4, device='cuda:0')	1.9780065892977974
162328.8578324293	3000.0	1137.8125169415175	0.0	0	0.0	2466.6703493707755	1	0	tensor(4, device='cuda:0')	2.0132837438878703
162909.72419729093	2000.0	1498.859515593704	0.0	0	0.0	2408.5837128846033	1	0	tensor(4, device='cuda:0')	1.2765429665289147
164407.1185468183	3000.0	851.7257311136026	0.0	0	0.0	2258.844277931872	1	0	tensor(4, device='cuda:0')	1.5111854633823507
165258.8324296365	2000.0	914.840460013583	0.0	0	0.0	2173.6728896500426	1	0	tensor(4, device='cuda:0')	1.24372645787184
165818.88978122914	1000.0	1354.7831084209652	0.0	0	0.0	2173.6728896500426	1	0	tensor(3, device='cuda:0')	0.2354167498197839
168284.27991769608	3000.0	200.0	71.1866826658557	0	0.0	2484.279917696025	1	0	tensor(2, device='cuda:0')	0.4847472023678026
169198.24529981354	1000.0	513.3130904027327	227.27847252020823	0	0.0	2711.5583902162325	1	0	tensor(3, device='cuda:0')	-1.5922992091818333
170193.057571938	1000.0	518.5008182782699	0.0	0	0.0	2711.5583902162034	1	0	tensor(3, device='cuda:0')	1.0699839146075305
171175.05450351947	1000.0	538.0632246941873	1.5593379973542483	0	0.0	2713.117728213547	1	0	tensor(3, device='cuda:0')	1.0604114435373055
172250.953707036	1000.0	462.1640211776297	0.0	0	0.0	2713.117728213547	1	0	tensor(3, device='cuda:0')	1.069767471521431
173328.28422311606	1000.0	445.2687656861452	60.435260588561164	0	0.0	2773.552988802083	1	0	tensor(3, device='cuda:0')	0.698521672154392
173745.67166614818	500.0	1027.881322654039	0.0	0	0.0	2773.5529888020537	1	0	tensor(3, device='cuda:0')	-0.32516112543412745
174549.69599757317	1000.0	1223.8569912290395	0.0	0	0.0	2773.5529888020537	1	0	tensor(3, device='cuda:0')	0.36798605512581795
175383.5947238651	1000.0	1389.9582649370866	0.0	0	0.0	2773.5529888020246	1	0	tensor(3, device='cuda:0')	1.0611332356857677
175995.45680187296	1000.0	1778.0961869292225	0.0	0	0.0	2773.5529888020246	1	0	tensor(3, device='cuda:0')	1.0611332356857677
176593.2075905397	1000.0	2180.3453982625115	0.0	0	0.0	2773.5529888020246	1	0	tensor(3, device='cuda:0')	1.0611332356857677
177200.0	1000.0	2573.5529888022215	0.0	0	96.14315262978198	2773.5529888020246	1	0	tensor(3, device='cuda:0')	1.0611332356857677
178627.73686230762	3000.0	2003.0424402638325	0.0	0	0.0	2630.779302571231	1	0	tensor(4, device='cuda:0')	0.5901867433375537
180085.45355838258	3000.0	1399.5540745814053	0.0	0	0.0	2485.0076329637377	1	0	tensor(4, device='cuda:0')	1.9011553170240156
181653.07663780687	3000.0	675.1686872147102	0.0	0	0.0	2328.2453250213584	1	0	tensor(4, device='cuda:0')	1.8955775305615539
182489.89760506662	2000.0	754.6656232289522	0.0	0	0.0	2244.5632282953593	1	0	tensor(4, device='cuda:0')	1.2407882817575058
183398.93754181996	2000.0	754.721692800262	0.0	0	0.0	2153.6592346200196	1	0	tensor(4, device='cuda:0')	1.6396044964379182
184770.05982108825	3000.0	246.4871856051101	0.0	0	0.0	2016.547006693174	1	0	tensor(4, device='cuda:0')	1.5567789942443686
185569.66161033444	1000.0	590.8871460307817	144.00174967185814	0	0.0	2160.548756365053	1	0	tensor(3, device='cuda:0')	-1.0329701041850583
186126.36133222253	1000.0	1034.1874241427176	0.0	0	0.0	2160.548756365053	1	0	tensor(3, device='cuda:0')	1.1296526825142006
188074.9456113298	3000.0	200.0	114.39685496455294	0	0.0	2274.945611329633	1	0	tensor(3, device='cuda:0')	0.4399772874796869
188471.72716887528	1000.0	811.6320426752054	8.413600220687272	0	0.0	2283.359211550327	1	0	tensor(3, device='cuda:0')	-0.030183804140353876
188925.7598622563	1000.0	1357.5993492941852	0.0	0	0.0	2283.359211550327	1	0	tensor(3, device='cuda:0')	1.1189100858518795
190277.2306275203	3000.0	1141.2756605565592	0.0	0	0.0	2418.5062880766927	1	0	tensor(2, device='cuda:0')	0.909604811254421
192302.90850203525	3000.0	200.0	260.8818194635208	0	0.0	2502.9085020352504	1	0	tensor(4, device='cuda:0')	-0.10925440400977471
193139.4005739907	1000.0	595.756387485375	232.24845944077703	0	0.0	2735.156961476023	1	0	tensor(3, device='cuda:0')	-1.625428433195498
194069.0996926365	1000.0	666.0572688395473	0.0	0	0.0	2735.156961476023	1	0	tensor(3, device='cuda:0')	1.0666746121172743
194603.23244961462	1000.0	1131.924511861408	0.0	0	0.0	2735.156961476023	1	0	tensor(3, device='cuda:0')	1.0666746121172743
195303.3993730306	1000.0	1431.7575884454234	0.0	0	0.0	2735.156961476052	1	0	tensor(3, device='cuda:0')	1.06667461211727
195906.79470174387	1000.0	1828.362259732165	0.0	0	0.0	2735.156961476052	1	0	tensor(3, device='cuda:0')	1.06667461211727
197056.0721837892	3000.0	1564.157029482328	0.0	0	0.0	2620.229213271523	1	0	tensor(4, device='cuda:0')	0.6479501667428273
197722.38703556455	1000.0	1897.8421777069555	0.0	0	0.0	2620.229213271494	1	0	tensor(3, device='cuda:0')	-0.21648376869667454
198406.00020534405	1000.0	2214.229007927437	0.0	0	0.0	2620.229213271494	1	0	tensor(3, device='cuda:0')	1.0821285199714352
199524.34340408494	3000.0	1984.051489312458	0.0	0	0.0	2508.3948933974025	1	0	tensor(4, device='cuda:0')	0.6685983001541269
201121.28170951962	3000.0	1227.4193533343428	0.0	0	0.0	2348.701062853972	1	0	tensor(4, device='cuda:0')	1.887826519282648
201936.41258397952	3000.0	1330.7753914284704	0.0	0	0.0	2267.1879754079855	1	0	tensor(4, device='cuda:0')	2.0540270597898074
204035.33532449504	3000.0	200.0	161.8542028532437	0	0.0	2235.335324495012	1	0	tensor(4, device='cuda:0')	0.869323885343847
204596.85237541937	1000.0	732.4798818710894	93.99693279540531	0	0.0	2329.332257290429	1	0	tensor(3, device='cuda:0')	-0.7480400777244094
205173.6591565434	1000.0	1155.6731007470328	0.0	0	0.0	2329.332257290429	1	0	tensor(3, device='cuda:0')	1.1145538077161325
206488.92650213666	3000.0	708.8790205944622	0.0	0	0.0	2197.805522731098	1	0	tensor(4, device='cuda:0')	0.6602934299960019
207483.87820839428	3000.0	614.4321437110524	0.0	0	0.0	2098.310352105298	1	0	tensor(4, device='cuda:0')	2.0323521015839625
208504.60915369823	3000.0	491.6281038767197	0.0	0	0.0	1996.2372575749177	1	0	tensor(4, device='cuda:0')	2.034552122826571
209923.92247616992	3000.0	218.16513736903713	261.61971655561996	0	0.0	2142.0876135389844	1	0	tensor(4, device='cuda:0')	0.42559029339625476
210692.70521198417	3000.0	575.3849111589485	184.43707562327455	0	0.0	2268.0901231431344	1	0	tensor(4, device='cuda:0')	0.9936602846930345
211547.24213264207	3000.0	635.3942984352602	0.0	0	0.0	2182.636431077379	1	0	tensor(4, device='cuda:0')	2.053656619027674
212465.025708916	3000.0	625.8323645339676	0.0	0	0.0	2090.8580734500138	1	0	tensor(4, device='cuda:0')	2.048381485249295
213228.68774204754	3000.0	785.8041280892592	0.0	0	0.0	2014.4918701368733	1	0	tensor(4, device='cuda:0')	2.0853779527821383
214029.7476906673	3000.0	904.6381846075344	0.0	0	0.0	1934.385875274922	1	0	tensor(4, device='cuda:0')	2.0835531012557005
214734.61080093763	3000.0	1129.2887633101477	0.0	0	0.0	1863.8995642478985	1	0	tensor(4, device='cuda:0')	2.107496906768402
215341.1223213299	3000.0	1462.1260908786708	0.0	0	0.0	1803.2484122086607	1	0	tensor(4, device='cuda:0')	2.1310053859427494
216522.44534460825	3000.0	1162.6707652724897	0.0	0	0.0	1685.1161098808516	1	0	tensor(4, device='cuda:0')	2.021363724500813
217471.23508597972	3000.0	1308.7599980381924	0.0	0	0.0	1779.9950840179808	1	0	tensor(2, device='cuda:0')	1.8559674088180484
219040.51558721872	3000.0	896.4075469231096	0.0	0	0.0	1936.9231341418636	1	0	tensor(2, device='cuda:0')	2.247413542211258
220070.5178080525	3000.0	969.4055481727082	0.0	0	0.0	2039.9233562252484	1	0	tensor(2, device='cuda:0')	2.2394243773235947
221367.59172851016	3000.0	802.0390197608261	0.0	0	0.0	2169.6307482709817	1	0	tensor(2, device='cuda:0')	2.2301174300691704
222179.77293540558	3000.0	908.6396921758832	0.0	0	0.0	2088.4126275814488	1	0	tensor(4, device='cuda:0')	1.6700067992746148
222876.72186289993	3000.0	1141.9958719321103	0.0	0	0.0	2018.7177348319965	1	0	tensor(4, device='cuda:0')	2.098504010180751
223692.4045876546	3000.0	1244.7448747019303	0.0	0	0.0	1937.149462356465	1	0	tensor(4, device='cuda:0')	2.0802672012266084
224378.01233159765	3000.0	1490.5763563645833	0.0	0	0.0	1868.588687962154	1	0	tensor(4, device='cuda:0')	2.1111146851428124
225200.0	3000.0	1586.3899211220253	0.0	0	133.83913494710578	1786.3899211219396	1	0	tensor(4, device='cuda:0')	2.0880591526001107
226200.0	3000.0	1486.389921122009	0.0	0	109.29019421749399	1686.3899211219104	1	0	tensor(4, device='cuda:0')	2.05791059821029
227200.0	3000.0	1386.3899211220476	0.0	0	15.699394191178726	1586.3899211218813	1	0	tensor(4, device='cuda:0')	2.063366294285478
228473.4266759451	3000.0	985.6205775824544	0.0	0	0.0	1459.0472535274166	1	0	tensor(4, device='cuda:0')	2.0143470338324945
229532.57069329338	3000.0	820.5621584993307	0.0	0	0.0	1353.1328517925285	1	0	tensor(4, device='cuda:0')	2.0615238715995816
230708.7887850131	3000.0	761.9658759515814	0.0	0	0.0	1470.754660964507	1	0	tensor(2, device='cuda:0')	1.871323634231166
232647.72951264406	3000.0	200.0	203.42308768473404	0	0.0	1847.729512643884	1	0	tensor(2, device='cuda:0')	1.0343584642081673
233108.27428466055	1000.0	763.973273026723	24.518045043204868	0	0.0	1872.247557687253	1	0	tensor(3, device='cuda:0')	-0.2953107181735046
233597.11634822193	1000.0	1275.1312094653472	0.0	0	0.0	1872.247557687224	1	0	tensor(3, device='cuda:0')	1.1504098407538361
235033.10116772592	3000.0	695.5479080109617	0.0	0	0.0	1728.6490757368447	1	0	tensor(4, device='cuda:0')	0.6696067408558501
235502.7228358252	1000.0	1225.9262399116635	0.0	0	0.0	1728.6490757368447	1	0	tensor(3, device='cuda:0')	-0.13983150990843504
236200.0	1000.0	1528.6490757368822	0.0	0	52.19263340902398	1728.6490757368156	1	0	tensor(3, device='cuda:0')	1.1587807787596767
237749.44328769474	3000.0	824.2614592726458	0.0	0	0.0	1573.704746967327	1	0	tensor(4, device='cuda:0')	0.6550876172897712
239112.84533181664	3000.0	597.1996195629407	0.0	0	0.0	1710.044951379532	1	0	tensor(2, device='cuda:0')	1.860307200573096
239701.5732322996	1000.0	1008.4717190799756	0.0	0	0.0	1710.044951379532	1	0	tensor(3, device='cuda:0')	-0.13882994839279483
241934.30128155192	3000.0	200.0	424.25633017236487	0	0.0	2134.301281551918	1	0	tensor(3, device='cuda:0')	-1.3978213327046773
242971.4477206664	1000.0	480.7450073338627	317.89144644834255	0	0.0	2452.1927280002565	1	0	tensor(3, device='cuda:0')	-1.904026280154293
243523.47345127637	1000.0	928.7192767239072	0.0	0	0.0	2452.1927280002856	1	0	tensor(3, device='cuda:0')	1.1019346872038691
244387.7449520848	1000.0	1064.447775915464	0.0	0	0.0	2452.1927280002856	1	0	tensor(3, device='cuda:0')	1.1019346872038691
245359.19357680145	1000.0	1092.9991511988098	0.0	0	0.0	2452.1927280002565	1	0	tensor(3, device='cuda:0')	1.101934687203872
246115.11851226495	1000.0	1337.0742157353002	0.0	0	0.0	2452.1927280002565	1	0	tensor(3, device='cuda:0')	1.101934687203872
246617.20159057202	1000.0	1834.9911374282137	0.0	0	0.0	2452.1927280002274	1	0	tensor(3, device='cuda:0')	1.1019346872038756
247282.11605018558	1000.0	2170.0766778146995	0.0	0	0.0	2452.1927280002274	1	0	tensor(3, device='cuda:0')	1.1019346872038756
248827.38946577866	3000.0	1470.275920662301	0.0	0	0.0	2297.6653864408727	1	0	tensor(4, device='cuda:0')	0.6047265483042416
249325.34703483345	1000.0	1972.3183516075142	0.0	0	0.0	2297.6653864408727	1	0	tensor(3, device='cuda:0')	-0.18103744844108086
250378.62650915538	3000.0	2024.366824717761	0.0	0	0.0	2402.9933338729898	1	0	tensor(2, device='cuda:0')	0.9097408981713984
251528.4891556814	3000.0	1759.5179135391236	0.0	0	0.0	2288.007069220417	1	0	tensor(4, device='cuda:0')	1.5842815367059377
252890.43716664382	3000.0	1261.3751014804564	0.0	0	0.0	2151.812268124195	1	0	tensor(4, device='cuda:0')	1.9534039283765412
254880.4099380815	3000.0	200.0	115.99540645544005	0	0.0	2080.409938081488	1	0	tensor(4, device='cuda:0')	1.1669460540600085
255290.16267710828	1000.0	790.247260973209	0.0	0	0.0	2080.409938081488	1	0	tensor(3, device='cuda:0')	-0.16260061702471573
255919.30463780244	1000.0	1161.1053002790677	0.0	0	0.0	2080.409938081488	1	0	tensor(3, device='cuda:0')	1.1360116716433941
256861.34929356907	3000.0	1313.2651100891062	0.0	0	0.0	2174.614403658168	1	0	tensor(2, device='cuda:0')	0.9305168242552713
257950.41502277198	3000.0	1333.1059538064915	0.0	0	0.0	2283.5209765784675	1	0	tensor(2, device='cuda:0')	2.22007674380939
259219.1035967497	3000.0	937.5485224310293	0.0	0	0.0	2156.6521191807115	1	0	tensor(4, device='cuda:0')	1.5717255950265312
260168.29445186962	2000.0	893.4385817990726	0.0	0	0.0	2061.7330336686864	1	0	tensor(4, device='cuda:0')	1.2332868300920743
261517.6677820497	3000.0	409.1279186009799	0.0	0	0.0	1926.7957006506913	1	0	tensor(4, device='cuda:0')	1.567846519554093
263015.3701258958	3000.0	241.83698343275228	200.71241588133154	0	0.0	2257.207109328534	1	0	tensor(2, device='cuda:0')	0.6193271515041194
263792.6293278386	1000.0	608.6326994409799	144.05491795105826	0	0.0	2401.262027279561	1	0	tensor(3, device='cuda:0')	-1.0555972453343234
264383.88062258466	1000.0	1017.3814046949333	0.0	0	0.0	2401.2620272795903	1	0	tensor(3, device='cuda:0')	1.1073445510401372
264934.72833518253	1000.0	1466.5336920970822	0.0	0	0.0	2401.2620272795903	1	0	tensor(3, device='cuda:0')	1.107344551040133
266010.7509889252	3000.0	1282.9087729800624	0.0	0	0.0	2293.6597619052045	1	0	tensor(4, device='cuda:0')	0.7000488842823253
267505.9211759768	3000.0	638.2215672232783	0.0	0	0.0	2144.1427432000055	1	0	tensor(4, device='cuda:0')	1.927543808080511
268492.74731130275	3000.0	552.7128183647324	0.0	0	0.0	2045.4601296673645	1	0	tensor(4, device='cuda:0')	2.0380234977366043
269461.881981385	3000.0	486.6646812741959	0.0	0	0.0	1948.5466626590933	1	0	tensor(4, device='cuda:0')	2.0484599511700115
271334.72140646365	3000.0	200.0	703.1442602838918	0	0.0	2534.7214064635336	1	0	tensor(4, device='cuda:0')	-2.2397850122075673
272405.91095704865	1000.0	527.5913819909888	398.78093257599687	0	0.0	2933.502339039638	1	0	tensor(3, device='cuda:0')	-2.6554767568216837
272940.8304157676	1000.0	992.6719232720179	0.0	0	0.0	2933.502339039638	1	0	tensor(3, device='cuda:0')	1.035821127302408
273759.6164966378	1000.0	1173.8858424017935	0.0	0	0.0	2933.502339039638	1	0	tensor(3, device='cuda:0')	1.035821127302408
274462.332696531	1000.0	1471.1696425085397	0.0	0	0.0	2933.50233903958	1	0	tensor(3, device='cuda:0')	1.035821127302418
274952.7605062972	1000.0	1980.7418327423643	0.0	0	0.0	2933.50233903958	1	0	tensor(3, device='cuda:0')	1.035821127302418
275823.3675027952	1000.0	2110.1348362444705	0.0	0	0.0	2933.50233903958	1	0	tensor(3, device='cuda:0')	1.035821127302418
276321.8791949172	1000.0	2611.6231441225086	0.0	0	0.0	2933.502339039638	1	0	tensor(3, device='cuda:0')	1.035821127302408
278405.94460064644	3000.0	1319.1511978202923	0.0	0	0.0	2725.0957984665874	1	0	tensor(4, device='cuda:0')	0.44330113275924155
278916.7307142969	1000.0	1808.3650841699214	0.0	0	0.0	2725.0957984666456	1	0	tensor(3, device='cuda:0')	-0.23051790834489874
279489.8758510484	1000.0	2235.219947418509	0.0	0	0.0	2725.0957984666456	1	0	tensor(3, device='cuda:0')	1.068094380323211
280200.0	1000.0	2525.095798466927	0.0	0	10.120616269938182	2725.0957984666456	1	0	tensor(3, device='cuda:0')	1.068094380323211
282599.3695115278	3000.0	885.7893357862636	0.0	0	0.0	2485.15884731384	1	0	tensor(4, device='cuda:0')	0.4124377463446914
283268.56116620015	1000.0	1216.5976811138632	0.0	0	0.0	2485.1588473137817	1	0	tensor(3, device='cuda:0')	-0.2003205600648572
284067.31867983297	1000.0	1417.8401674810461	0.0	0	0.0	2485.1588473137817	1	0	tensor(3, device='cuda:0')	1.098291728603253
284703.41265276057	1000.0	1781.7461945533882	0.0	0	0.0	2485.1588473137817	1	0	tensor(3, device='cuda:0')	1.098291728603253
285447.0965645023	1000.0	2038.0622828115866	0.0	0	0.0	2485.1588473137817	1	0	tensor(3, device='cuda:0')	1.098291728603253
286200.0	1000.0	2285.158847313848	0.0	0	190.06762448104564	2485.1588473137817	1	0	tensor(3, device='cuda:0')	1.098291728603253
287200.0	1000.0	2285.1588473138195	0.0	0	253.46063568565296	2485.1588473137817	1	0	tensor(3, device='cuda:0')	1.098291728603253
288413.30767287046	3000.0	1950.5204071563983	0.0	0	0.0	2363.8280800268403	1	0	tensor(4, device='cuda:0')	0.6657126607392916
289895.07842717814	3000.0	1320.5725774179027	0.0	0	0.0	2215.6510045960313	1	0	tensor(4, device='cuda:0')	1.923925450913026
290962.2272520208	3000.0	1146.708870091058	0.0	0	0.0	2108.9361221118597	1	0	tensor(4, device='cuda:0')	2.016911334591556
291783.77431175346	3000.0	1243.0071043851392	0.0	0	0.0	2026.781416138634	1	0	tensor(4, device='cuda:0')	2.072857698207835
293011.34685929836	3000.0	892.6773020857098	0.0	0	0.0	1904.0241613840335	1	0	tensor(4, device='cuda:0')	1.9992600790166846
294507.7665015099	3000.0	246.61569565306667	0.0	0	0.0	1754.3821971628931	1	0	tensor(4, device='cuda:0')	1.9538018932332468
295050.39737647114	1000.0	720.5134755260218	16.52865483419211	0	0.0	1770.9108519970905	1	0	tensor(3, device='cuda:0')	-0.24134707796197785
295706.42936923594	1000.0	1064.481482761252	0.0	0	0.0	1770.9108519970905	1	0	tensor(3, device='cuda:0')	1.1564371397112847
298058.5624562066	3000.0	200.0	657.1499208240807	0	0.0	2258.562456206593	1	0	tensor(4, device='cuda:0')	-3.3481599965022624
298736.4308919802	1000.0	659.939672437584	137.80810821117922	0	0.0	2396.370564417797	1	0	tensor(3, device='cuda:0')	-1.0176104019407062
299358.9921624091	1000.0	1037.3784020086905	0.0	0	0.0	2396.3705644178553	1	0	tensor(3, device='cuda:0')	1.1078505359944733
299975.4222542357	1000.0	1420.9483101820872	0.0	0	0.0	2396.3705644178553	1	0	tensor(3, device='cuda:0')	1.1078505359944733
301190.9688624076	3000.0	1083.8470411929525	0.0	0	0.0	2274.8159036006546	1	0	tensor(4, device='cuda:0')	0.6733458086953534
301801.82408414554	1000.0	1472.9918194550119	0.0	0	0.0	2274.8159036006546	1	0	tensor(3, device='cuda:0')	-0.17891345922598753
302438.27243817225	1000.0	1836.5434654283617	0.0	0	0.0	2274.8159036006546	1	0	tensor(3, device='cuda:0')	1.1196988294421224
303625.0598925825	3000.0	1531.077265577086	0.0	0	0.0	2156.137158159516	1	0	tensor(4, device='cuda:0')	0.690149197192709
305325.728882388	3000.0	1000.4751747521899	0.0	0	0.0	2326.2040571401594	1	0	tensor(2, device='cuda:0')	1.8180357543619723
305995.4224727796	1000.0	1330.781584360507	0.0	0	0.0	2326.2040571401594	1	0	tensor(3, device='cuda:0')	-0.18375598375242008
306533.2124503658	1000.0	1792.9916067743156	0.0	0	0.0	2326.204057140101	1	0	tensor(3, device='cuda:0')	1.114856304915695
308108.0216482456	3000.0	1060.7014891064864	0.0	0	0.0	2168.7231373520335	1	0	tensor(4, device='cuda:0')	0.6101981369825137
308703.1041256831	1000.0	1465.6190116689986	0.0	0	0.0	2168.7231373520335	1	0	tensor(3, device='cuda:0')	-0.1696361286766762
309502.8537874823	1000.0	1665.8693498697962	0.0	0	0.0	2168.7231373520335	1	0	tensor(3, device='cuda:0')	1.1289761599914336
310200.0	1000.0	1968.7231373521627	0.0	0	170.78901808097726	2168.7231373520917	1	0	tensor(3, device='cuda:0')	1.1289761599914288
311701.1180589488	3000.0	1317.4932725084957	0.0	0	0.0	2018.611331457214	1	0	tensor(4, device='cuda:0')	0.6380321648421307
312970.5965497976	3000.0	921.0669325747599	0.0	0	0.0	1891.6634823722998	1	0	tensor(4, device='cuda:0')	1.9917811428896888
2.22	2.85	3.41	2.61	2.42	2.15	2.61	3.1	2.68	1.73	1.53	1.73	2.2	2.11	2.33	2.18	1.96	1.74	2.09	2.65	3.27	3.52	2.22	1.92	1.88	2.24	2.11	2.46	2.9	3.26	3.02	3.53	3.95	3.51	3.98	4.31	3.14	2.43	1.68	2.2	2.5	0.776	0.753	1.19	1.8	2.22	2.29	2.63	3.15	3.67	3.16	1.91	1.96	2.07	2.44	2.81	2.77	3.27	2.92	1.63	1.23	0.973	0.66	1.09	1.19	1.75	2.31	2.4	1.58	1.51	1.59	1.68	2.15	2.72	2.43	2.37	1.81	2.17	2.17	1.99	2.27	2.51	2.47	2.22	2.65	3.22	3.56	3.31	3.71	2.93	1.8	1.74	2.32	1.99	2.04	2.37	2.71	2.55	2.35	1.8	2.41	2.78	2.58	2.34	2.15	2.42	2.2	2.72	2.4	2.4	1.93	1.56	1.33	1.2	1.68	1.74	1.71	1.74	2.05	1.32	1.89	2.29	2.09	1.92	2.21	2.29	2.77	3.3	3.38	3.42	3.24	3.1	3.67	3.42	3.81	4.12	2.53	1.22	1.75	2.19	2.06	2.48	2.8	2.07	1.51	1.41	1.88	2.44	3.05	3.63	4.27	3.36	2.75	2.65	1.88	2.02	1.24	1.32	1.07	1.32	1.32	1.22	0.973	1.3	1.87	1.84	2.29	2.09	2.58	2.61	2.63	3.06	2.85	1.84	1.73	2.03	1.76	2.12	2.27	1.92	1.1	1.22	1.36	1.52	1.59	1.96	1.81	1.95	2.03	2.44	3.04	2.59	1.41	1.87	2.49	2.47	2.77	2.47	2.93	3.32	3.95	4.53	4.15	4.45	3.96	2.51	2.27	2.53	2.53	2.99	3.48	4.1	4.67	5.26	4.22	3.16	2.86	3.41	3.45	1.8	1.73	1.99	1.66	2.06	1.78	1.64	2.19	2.18	1.8	1.76	1.68	1.2	1.39	1.37	1.44	1.76	1.89	1.83	2.18	2.68	3.02	2.53	1.87	2.0	1.98	2.47	3.05	3.44	2.29	1.88	2.09	1.41	1.36	1.9	2.54	2.43	2.78	2.8	2.56	1.27	1.01	1.54	1.49	1.7	1.52	1.54	2.11	1.97	1.76	1.46	1.42	1.83	1.7	1.61	1.64	1.27	1.8	2.37	2.93	3.35	3.2	3.2	3.23	1.84	1.61	1.33	1.68	1.75	2.22	2.51	1.7	2.13	2.37	2.26	1.97	1.89	2.34	1.49	1.36	1.68	2.25	2.87	3.36	2.57
936.0	937.0	938.0	939.0	940.0	941.0	942.0	943.0	944.0	945.0	946.0	947.0	948.0	949.0	950.0	951.0	952.0	953.0	954.0	955.0	956.0	957.0	958.0	959.0	960.0	961.0	962.0	963.0	964.0	965.0	966.0	967.0	968.0	969.0	970.0	971.0	972.0	973.0	974.0	975.0	976.0	977.0	978.0	979.0	980.0	981.0	982.0	983.0	984.0	985.0	986.0	987.0	988.0	989.0	990.0	991.0	992.0	993.0	994.0	995.0	996.0	997.0	998.0	999.0	1000.0	1001.0	1002.0	1003.0	1004.0	1005.0	1006.0	1007.0	1008.0	1009.0	1010.0	1011.0	1012.0	1013.0	1014.0	1015.0	1016.0	1017.0	1018.0	1019.0	1020.0	1021.0	1022.0	1023.0	1024.0	1025.0	1026.0	1027.0	1028.0	1029.0	1030.0	1031.0	1032.0	1033.0	1034.0	1035.0	1036.0	1037.0	1038.0	1039.0	1040.0	1041.0	1042.0	1043.0	1044.0	1045.0	1046.0	1047.0	1048.0	1049.0	1050.0	1051.0	1052.0	1053.0	1054.0	1055.0	1056.0	1057.0	1058.0	1059.0	1060.0	1061.0	1062.0	1063.0	1064.0	1065.0	1066.0	1067.0	1068.0	1069.0	1070.0	1071.0	1072.0	1073.0	1074.0	1075.0	1076.0	1077.0	1078.0	1079.0	1080.0	1081.0	1082.0	1083.0	1084.0	1085.0	1086.0	1087.0	1088.0	1089.0	1090.0	1091.0	1092.0	1093.0	1094.0	1095.0	1096.0	1097.0	1098.0	1099.0	1100.0	1101.0	1102.0	1103.0	1104.0	1105.0	1106.0	1107.0	1108.0	1109.0	1110.0	1111.0	1112.0	1113.0	1114.0	1115.0	1116.0	1117.0	1118.0	1119.0	1120.0	1121.0	1122.0	1123.0	1124.0	1125.0	1126.0	1127.0	1128.0	1129.0	1130.0	1131.0	1132.0	1133.0	1134.0	1135.0	1136.0	1137.0	1138.0	1139.0	1140.0	1141.0	1142.0	1143.0	1144.0	1145.0	1146.0	1147.0	1148.0	1149.0	1150.0	1151.0	1152.0	1153.0	1154.0	1155.0	1156.0	1157.0	1158.0	1159.0	1160.0	1161.0	1162.0	1163.0	1164.0	1165.0	1166.0	1167.0	1168.0	1169.0	1170.0	1171.0	1172.0	1173.0	1174.0	1175.0	1176.0	1177.0	1178.0	1179.0	1180.0	1181.0	1182.0	1183.0	1184.0	1185.0	1186.0	1187.0	1188.0	1189.0	1190.0	1191.0	1192.0	1193.0	1194.0	1195.0	1196.0	1197.0	1198.0	1199.0	1200.0	1201.0	1202.0	1203.0	1204.0	1205.0	1206.0	1207.0	1208.0	1209.0	1210.0	1211.0	1212.0	1213.0	1214.0	1215.0	1216.0	1217.0	1218.0	1219.0	1220.0	1221.0	1222.0	1223.0	1224.0	1225.0	1226.0	1227.0	1228.0	1229.0	1230.0	1231.0	1232.0	1233.0	1234.0	1235.0	1236.0	1237.0	1238.0	1239.0
10813.0
