9796.18699256162	300.0	2000.0	333.0612059290532	0	0.0	6796.186992561619	1	0	tensor(6, device='cuda:0')	-13.678706497178304
10177.540612325132	300.0	2618.646380236487	0.0	0	0.0	3796.18699256162	1	0	tensor(6, device='cuda:0')	-9.387743915308887
15490.328135817603	2000.0	200.0	1894.1817555811156	0	0.0	2690.3281358176027	1	0	tensor(6, device='cuda:0')	-20.437300549137742
16082.15734962641	500.0	712.9889525474712	104.81816635627888	0	0.0	2795.146302173882	1	0	tensor(3, device='cuda:0')	-1.650421153090959
16515.96311778598	500.0	1279.1831843878986	0.0	0	0.0	2795.146302173882	1	0	tensor(3, device='cuda:0')	0.36478220616660456
17353.26826390483	1000.0	1441.8780382690456	0.0	0	0.0	2795.146302173878	1	0	tensor(3, device='cuda:0')	0.3647822061666049
18397.96935088974	1000.0	1397.1769512841395	0.0	0	0.0	2795.1463021738837	1	0	tensor(3, device='cuda:0')	1.05792938672655
19756.317264568606	1000.0	1038.8290376052728	0.0	0	0.0	2795.146302173882	1	0	tensor(3, device='cuda:0')	1.0579293867265502
20946.653811263106	1000.0	848.4924909107729	0.0	0	0.0	2795.146302173882	1	0	tensor(3, device='cuda:0')	1.0579293867265502
21848.94139056436	1000.0	946.2049116095191	0.0	0	0.0	2795.146302173882	1	0	tensor(3, device='cuda:0')	1.0579293867265502
22791.989231372238	1000.0	1003.1570708016417	0.0	0	0.0	2795.146302173882	1	0	tensor(3, device='cuda:0')	1.0579293867265502
23413.36316255045	1000.0	1381.7831396234294	0.0	0	0.0	2795.146302173878	1	0	tensor(3, device='cuda:0')	1.0579293867265507
24277.969909172105	1000.0	1517.176393001777	0.0	0	0.0	2795.146302173882	1	0	tensor(3, device='cuda:0')	1.0579293867265502
24754.05582660586	1000.0	2041.0904755680226	0.0	0	0.0	2795.1463021738855	1	0	tensor(3, device='cuda:0')	1.0579293867265496
25406.223610380803	1000.0	2388.922691793082	0.0	0	0.0	2795.1463021738855	1	0	tensor(3, device='cuda:0')	1.0579293867265496
26520.895132495843	1000.0	2274.2511696780416	0.0	0	0.0	2795.1463021738855	1	0	tensor(3, device='cuda:0')	1.0579293867265496
28338.53343222205	1000.0	1456.6128699518347	0.0	0	0.0	2795.146302173889	1	0	tensor(3, device='cuda:0')	1.0579293867265491
29756.430750213218	1000.0	1038.7155519606717	0.0	0	0.0	2795.1463021738928	1	0	tensor(3, device='cuda:0')	1.0579293867265485
31036.63057951388	1000.0	758.5157226600096	0.0	0	0.0	2795.1463021738928	1	0	tensor(3, device='cuda:0')	1.0579293867265485
32847.16423291782	1000.0	200.0	252.01793074393305	0	0.0	3047.1642329178285	1	0	tensor(3, device='cuda:0')	-0.4656982128251629
33476.69055695992	300.0	748.5249559121296	178.05127995422524	0	0.0	3225.2155128720515	1	0	tensor(3, device='cuda:0')	-2.497198320507594
34213.28919505682	500.0	1011.9263178152262	0.0	0	0.0	3225.2155128720515	1	0	tensor(3, device='cuda:0')	-0.22491783645630586
35179.96111422357	1000.0	1045.254398648467	0.0	0	0.0	3225.2155128720406	1	0	tensor(3, device='cuda:0')	0.2859077873096858
35994.11667938336	1000.0	1231.0988334886792	0.0	0	0.0	3225.2155128720406	1	0	tensor(3, device='cuda:0')	0.9790549678696319
36776.112509876024	1000.0	1449.1030029960268	0.0	0	0.0	3225.215512872048	1	0	tensor(3, device='cuda:0')	0.9790549678696305
38047.48442209268	1000.0	1177.731090779373	0.0	0	0.0	3225.215512872048	1	0	tensor(3, device='cuda:0')	0.9790549678696305
39312.28545321401	1000.0	912.9300596580447	0.0	0	0.0	3225.215512872048	1	0	tensor(3, device='cuda:0')	0.9790549678696305
40310.68558320799	1000.0	914.5299296640653	0.0	0	0.0	3225.2155128720406	1	0	tensor(3, device='cuda:0')	0.9790549678696321
41438.08858708864	1000.0	787.1269257834208	0.0	0	0.0	3225.2155128720406	1	0	tensor(3, device='cuda:0')	0.9790549678696321
42336.626012288565	1000.0	888.5895005835022	0.0	0	0.0	3225.2155128720406	1	0	tensor(3, device='cuda:0')	0.9790549678696321
43206.38015080846	500.0	1018.835362063604	0.0	0	0.0	3225.2155128720406	1	0	tensor(3, device='cuda:0')	-0.4072393932502588
43867.97460031626	500.0	1357.240912555804	0.0	0	0.0	3225.2155128720406	1	0	tensor(3, device='cuda:0')	0.2859077873096867
44786.56468527733	1000.0	1438.6508275947378	0.0	0	0.0	3225.2155128720406	1	0	tensor(3, device='cuda:0')	0.2859077873096868
45656.51750063907	1000.0	1568.6980122329933	0.0	0	0.0	3225.2155128720406	1	0	tensor(3, device='cuda:0')	0.9790549678696321
46620.59412913154	1000.0	1604.6213837405332	0.0	0	0.0	3225.2155128720406	1	0	tensor(3, device='cuda:0')	0.9790549678696321
47514.82154219562	1000.0	1710.3939706764495	0.0	0	0.0	3225.2155128720406	1	0	tensor(3, device='cuda:0')	0.9790549678696321
49139.84629208117	1000.0	1085.3692207908928	0.0	0	0.0	3225.2155128720406	1	0	tensor(3, device='cuda:0')	0.9790549678696321
50153.10703756519	1000.0	1072.1084753068797	0.0	0	0.0	3225.215512872048	1	0	tensor(3, device='cuda:0')	0.9790549678696305
51298.818861253174	1000.0	926.3966516189028	0.0	0	0.0	3225.215512872048	1	0	tensor(3, device='cuda:0')	0.9790549678696305
52297.03277173618	1000.0	928.182741135901	0.0	0	0.0	3225.215512872048	1	0	tensor(3, device='cuda:0')	0.9790549678696305
53304.636020502745	500.0	920.5794923693347	0.0	0	0.0	3225.215512872048	1	0	tensor(3, device='cuda:0')	-0.4072393932502604
54618.596581078826	1000.0	606.6189317932545	0.0	0	0.0	3225.2155128720406	1	0	tensor(3, device='cuda:0')	0.2859077873096868
55436.449083615225	500.0	788.7664292568595	0.0	0	0.0	3225.2155128720406	1	0	tensor(3, device='cuda:0')	-0.4072393932502588
56042.851084732276	500.0	1182.3644281398074	0.0	0	0.0	3225.215512872048	1	0	tensor(3, device='cuda:0')	0.28590778730968514
57542.19500261116	1000.0	683.0205102609285	0.0	0	0.0	3225.215512872048	1	0	tensor(3, device='cuda:0')	0.2859077873096852
58459.780368870735	500.0	765.4351440013463	0.0	0	0.0	3225.215512872048	1	0	tensor(3, device='cuda:0')	-0.4072393932502604
59189.653453766565	500.0	1035.562059105513	0.0	0	0.0	3225.215512872048	1	0	tensor(3, device='cuda:0')	0.28590778730968514
60069.292925795555	1000.0	1155.9225870765194	0.0	0	0.0	3225.215512872048	1	0	tensor(3, device='cuda:0')	0.2859077873096852
60680.231118160315	1000.0	1544.9843947117604	0.0	0	0.0	3225.215512872048	1	0	tensor(3, device='cuda:0')	0.9790549678696305
61570.133587778706	1000.0	1655.0819250933675	0.0	0	0.0	3225.215512872048	1	0	tensor(3, device='cuda:0')	0.9790549678696305
62355.42511308955	1000.0	1869.7903997825174	0.0	0	0.0	3225.215512872048	1	0	tensor(3, device='cuda:0')	0.9790549678696305
62949.400553631975	1000.0	2275.8149592400955	0.0	0	0.0	3225.215512872048	1	0	tensor(3, device='cuda:0')	0.9790549678696305
63908.33808623984	1000.0	2316.877426632238	0.0	0	0.0	3225.215512872048	1	0	tensor(3, device='cuda:0')	0.9790549678696305
64914.41030135099	1000.0	2310.8052115210976	0.0	0	0.0	3225.215512872048	1	0	tensor(3, device='cuda:0')	0.9790549678696305
65890.05341100987	1000.0	2335.1621018622145	0.0	0	0.0	3225.2155128720406	1	0	tensor(3, device='cuda:0')	0.9790549678696321
66699.83355040016	1000.0	2525.381962471918	0.0	0	0.0	3225.2155128720406	1	0	tensor(3, device='cuda:0')	0.9790549678696311
67481.89853667286	1000.0	2743.3169761992212	0.0	0	0.0	3225.215512872048	1	0	tensor(3, device='cuda:0')	0.9790549678696319
68899.85981194962	1000.0	2325.355700922478	0.0	0	0.0	3225.2155128720624	1	0	tensor(3, device='cuda:0')	0.9790549678696281
69792.19606867347	1000.0	2433.019444198649	0.0	0	0.0	3225.215512872077	1	0	tensor(3, device='cuda:0')	0.9790549678696242
70766.04795758493	1000.0	2459.167555287187	0.0	0	0.0	3225.215512872077	1	0	tensor(3, device='cuda:0')	0.9790549678696242
71645.0694148536	1000.0	2580.146098018516	0.0	0	0.0	3225.215512872077	1	0	tensor(3, device='cuda:0')	0.9790549678696242
73304.34273245907	1000.0	1920.872780413051	0.0	0	0.0	3225.215512872077	1	0	tensor(3, device='cuda:0')	0.9790549678696242
74748.34999540729	1000.0	1476.8655174648397	0.0	0	0.0	3225.215512872077	1	0	tensor(3, device='cuda:0')	0.9790549678696242
76109.90697531261	1000.0	1115.3085375595138	0.0	0	0.0	3225.215512872077	1	0	tensor(3, device='cuda:0')	0.9790549678696242
77023.80145240405	1000.0	1201.414060468075	0.0	0	0.0	3225.215512872077	1	0	tensor(3, device='cuda:0')	0.9790549678696242
77624.4406747278	1000.0	1600.7748381443243	0.0	0	0.0	3225.2155128720624	1	0	tensor(3, device='cuda:0')	0.9790549678696269
78371.31216963456	1000.0	1853.9033432375631	0.0	0	0.0	3225.2155128720624	1	0	tensor(3, device='cuda:0')	0.9790549678696274
79189.5929575018	1000.0	2035.6225553703182	0.0	0	0.0	3225.2155128720624	1	0	tensor(3, device='cuda:0')	0.9790549678696274
80423.55839855774	1000.0	1801.6571143143792	0.0	0	0.0	3225.2155128720624	1	0	tensor(3, device='cuda:0')	0.9790549678696274
81510.79525759557	1000.0	1714.42025527655	0.0	0	0.0	3225.215512872077	1	0	tensor(3, device='cuda:0')	0.9790549678696242
82635.91601800827	1000.0	1589.2994948638473	0.0	0	0.0	3225.215512872077	1	0	tensor(3, device='cuda:0')	0.9790549678696242
83790.60132828206	1000.0	1434.614184590061	0.0	0	0.0	3225.215512872077	1	0	tensor(3, device='cuda:0')	0.9790549678696242
84788.14531983422	1000.0	1437.0701930379107	0.0	0	0.0	3225.2155128720624	1	0	tensor(3, device='cuda:0')	0.9790549678696274
86123.47867659385	1000.0	1101.7368362782663	0.0	0	0.0	3225.215512872048	1	0	tensor(3, device='cuda:0')	0.9790549678696305
87490.0786887487	1000.0	735.1368241234069	0.0	0	0.0	3225.2155128720624	1	0	tensor(3, device='cuda:0')	0.9790549678696274
88458.52758956602	1000.0	766.6879233060969	0.0	0	0.0	3225.2155128720624	1	0	tensor(3, device='cuda:0')	0.9790549678696274
89236.80000548833	500.0	988.4155073837776	0.0	0	0.0	3225.2155128720624	1	0	tensor(3, device='cuda:0')	-0.40723939325026337
90472.46885628745	1000.0	752.7466565846564	0.0	0	0.0	3225.2155128720624	1	0	tensor(3, device='cuda:0')	0.2859077873096819
91279.38369085167	1000.0	945.8318220204476	0.0	0	0.0	3225.2155128720624	1	0	tensor(3, device='cuda:0')	0.9790549678696274
92154.27447624435	1000.0	1070.9410366277662	0.0	0	0.0	3225.2155128720624	1	0	tensor(3, device='cuda:0')	0.9790549678696274
92735.59069828325	1000.0	1489.6248145888715	0.0	0	0.0	3225.2155128720624	1	0	tensor(3, device='cuda:0')	0.9790549678696274
93459.35396576242	1000.0	1765.861547109709	0.0	0	0.0	3225.2155128720624	1	0	tensor(3, device='cuda:0')	0.9790549678696274
94465.08589183308	1000.0	1760.1296210390556	0.0	0	0.0	3225.2155128720624	1	0	tensor(3, device='cuda:0')	0.9790549678696274
95897.70760907527	1000.0	1327.5079037968617	0.0	0	0.0	3225.2155128720624	1	0	tensor(3, device='cuda:0')	0.9790549678696274
97131.74026186545	1000.0	1093.4752510066933	0.0	0	0.0	3225.2155128720624	1	0	tensor(3, device='cuda:0')	0.9790549678696274
98114.67069267957	1000.0	1110.544820192563	0.0	0	0.0	3225.2155128720624	1	0	tensor(3, device='cuda:0')	0.9790549678696274
98970.5485936118	1000.0	1254.666919260339	0.0	0	0.0	3225.2155128720624	1	0	tensor(3, device='cuda:0')	0.9790549678696274
99916.65552330541	1000.0	1308.5599895667315	0.0	0	0.0	3225.2155128720624	1	0	tensor(3, device='cuda:0')	0.9790549678696274
100935.13292667542	1000.0	1290.082586196713	0.0	0	0.0	3225.215512872048	1	0	tensor(3, device='cuda:0')	0.9790549678696305
101842.43027058763	1000.0	1382.7852422844956	0.0	0	0.0	3225.215512872048	1	0	tensor(3, device='cuda:0')	0.9790549678696305
102465.49574655603	1000.0	1759.7197663161082	0.0	0	0.0	3225.215512872048	1	0	tensor(3, device='cuda:0')	0.9790549678696305
103043.64500151068	1000.0	2181.5705113614613	0.0	0	0.0	3225.2155128720624	1	0	tensor(3, device='cuda:0')	0.9790549678696274
103670.11170789077	1000.0	2555.103804981367	0.0	0	0.0	3225.2155128720624	1	0	tensor(3, device='cuda:0')	0.9790549678696274
104232.5895723937	1000.0	2936.378154028155	0.0	0	0.0	3168.96772642179	1	0	tensor(4, device='cuda:0')	0.6752335285275292
105200.0	1000.0	2968.9677264218576	0.0	0	32.120321132882964	3168.96772642179	1	0	tensor(3, device='cuda:0')	0.7911828752170585
106200.0	1000.0	2968.9677264218694	0.0	0	204.23438098792394	3168.9677264218044	1	0	tensor(3, device='cuda:0')	0.9911828752170557
107200.0	1000.0	2968.96772642186	0.0	0	397.5313960906933	3168.9677264218044	1	0	tensor(3, device='cuda:0')	0.9911828752170557
108200.0	1000.0	2968.9677264218626	0.0	0	353.68580476641364	3168.967726421819	1	0	tensor(3, device='cuda:0')	0.9911828752170526
109200.0	1000.0	2968.967726421855	0.0	0	11.132361507596215	3168.967726421819	1	0	tensor(3, device='cuda:0')	0.9911828752170526
110200.0	1000.0	2968.9677264218617	0.0	0	163.9772263562336	3168.967726421819	1	0	tensor(3, device='cuda:0')	0.9911828752170526
111200.0	1000.0	2968.967726421858	0.0	0	238.8617057317315	3168.967726421819	1	0	tensor(3, device='cuda:0')	0.9911828752170526
112200.0	1000.0	2868.967726421856	0.0	0	468.27720348580624	3068.96772642179	1	0	tensor(4, device='cuda:0')	0.603569442824856
115484.98095245397	3000.0	255.48867872248576	0.0	0	0.0	2740.469631176369	1	0	tensor(4, device='cuda:0')	0.394899525159286
116234.17722364335	1000.0	631.5021400453043	125.20973251220343	0	0.0	2865.6793636885704	1	0	tensor(3, device='cuda:0')	-1.0028616010585967
117183.91182048514	1000.0	681.767543203523	0.0	0	0.0	2865.6793636885704	1	0	tensor(3, device='cuda:0')	1.0470090826827336
117960.9125521541	1000.0	904.7668115345534	0.0	0	0.0	2865.6793636885704	1	0	tensor(3, device='cuda:0')	1.0470090826827336
118743.47355375827	1000.0	1122.205809930373	0.0	0	0.0	2865.6793636885704	1	0	tensor(3, device='cuda:0')	1.0470090826827336
120084.79748158371	1000.0	780.8818821049242	0.0	0	0.0	2865.6793636885413	1	0	tensor(3, device='cuda:0')	1.0470090826827367
120777.038115995	500.0	1088.6412476936212	0.0	0	0.0	2865.679363688527	1	0	tensor(3, device='cuda:0')	-0.3392852784371503
121565.55224793602	1000.0	1300.127115752601	0.0	0	0.0	2865.679363688527	1	0	tensor(3, device='cuda:0')	0.3538619021227952
122411.57908142742	1000.0	1454.1002822611902	0.0	0	0.0	2865.679363688527	1	0	tensor(3, device='cuda:0')	1.0470090826827407
123142.42513983426	1000.0	1723.2542238543458	0.0	0	0.0	2865.679363688527	1	0	tensor(3, device='cuda:0')	1.0470090826827407
123867.02715014781	1000.0	1998.6522135407954	0.0	0	0.0	2865.6793636885122	1	0	tensor(3, device='cuda:0')	1.047009082682743
124414.65542222316	1000.0	2451.023941465448	0.0	0	0.0	2865.6793636885122	1	0	tensor(3, device='cuda:0')	1.047009082682743
125591.91687715863	3000.0	2156.036341036428	0.0	0	0.0	2747.9532181949326	1	0	tensor(4, device='cuda:0')	0.6258915851570275
126883.9635574769	3000.0	1734.784992686295	0.0	0	0.0	2618.7485501630727	1	0	tensor(4, device='cuda:0')	1.918054143249309
128148.63695997548	3000.0	1343.6442499378425	0.0	0	0.0	2492.2812099131697	1	0	tensor(4, device='cuda:0')	1.9393426518537498
128738.63173395398	1000.0	1753.6494759593418	0.0	0	0.0	2492.281209913155	1	0	tensor(3, device='cuda:0')	-0.20112260750601274
129426.32355608736	1000.0	2065.957653825967	0.0	0	0.0	2492.281209913155	1	0	tensor(3, device='cuda:0')	1.0974896811620973
130200.0	1000.0	2292.281209913315	0.0	0	251.56991975023993	2492.281209913155	1	0	tensor(3, device='cuda:0')	1.0974896811620973
132008.59917397134	3000.0	1302.8221185448424	0.0	0	0.0	2311.42129251601	1	0	tensor(4, device='cuda:0')	0.5483770875660683
133692.54359120218	1000.0	618.8777013140116	0.0	0	0.0	2311.4212925160246	1	0	tensor(3, device='cuda:0')	-0.1823385969174949
135042.47971897095	1000.0	305.4276427840844	36.486069238829145	0	0.0	2347.9073617548565	1	0	tensor(3, device='cuda:0')	0.8938225404136338
135388.5608258028	500.0	959.3465359522513	0.0	0	0.0	2347.9073617548565	1	0	tensor(3, device='cuda:0')	-0.2735554052732819
136253.4777001804	1000.0	1094.4296615746655	0.0	0	0.0	2347.9073617548856	1	0	tensor(3, device='cuda:0')	0.4195917752866604
137638.10909405578	1000.0	709.7982676992881	0.0	0	0.0	2347.9073617548856	1	0	tensor(3, device='cuda:0')	1.1127389558466059
138677.98170593206	1000.0	669.9256558230121	0.0	0	0.0	2347.9073617548856	1	0	tensor(3, device='cuda:0')	1.1127389558466059
139693.65243548062	1000.0	654.2549262744923	0.0	0	0.0	2347.9073617549147	1	0	tensor(3, device='cuda:0')	1.112738955846603
141554.1106653622	1000.0	200.0	406.20330360711387	0	0.0	2754.110665362212	1	0	tensor(3, device='cuda:0')	-1.3605361177548794
142170.14531551956	500.0	715.9275605677624	131.96221072512958	0	0.0	2886.0728760873317	1	0	tensor(3, device='cuda:0')	-1.134349993811292
142678.65948537525	500.0	1207.4133907120636	0.0	0	0.0	2886.0728760873317	1	0	tensor(3, device='cuda:0')	0.35057045109943075
143752.009930172	1000.0	1134.0629459153108	0.0	0	0.0	2886.0728760873317	1	0	tensor(3, device='cuda:0')	0.35057045109943086
144624.91732709197	1000.0	1261.1555489953591	0.0	0	0.0	2886.072876087361	1	0	tensor(3, device='cuda:0')	1.0437176316593713
145469.83392693024	1000.0	1416.2389491571123	0.0	0	0.0	2886.072876087361	1	0	tensor(3, device='cuda:0')	1.0437176316593713
146393.4535504629	1000.0	1492.6193256244335	0.0	0	0.0	2886.072876087361	1	0	tensor(3, device='cuda:0')	1.0437176316593713
147469.37644601986	1000.0	1416.696430067472	0.0	0	0.0	2886.072876087361	1	0	tensor(3, device='cuda:0')	1.0437176316593713
148473.5634139967	1000.0	1412.5094620906543	0.0	0	0.0	2886.0728760873317	1	0	tensor(3, device='cuda:0')	1.0437176316593761
149704.72889107803	1000.0	1181.3439850093223	0.0	0	0.0	2886.072876087361	1	0	tensor(3, device='cuda:0')	1.0437176316593713
151124.5660072694	1000.0	761.5068688179811	0.0	0	0.0	2886.072876087361	1	0	tensor(3, device='cuda:0')	1.0437176316593713
151965.7991499649	500.0	920.2737261224719	0.0	0	0.0	2886.072876087361	1	0	tensor(3, device='cuda:0')	-0.34257672946051937
152410.0849928501	500.0	1475.987883237272	0.0	0	0.0	2886.0728760873317	1	0	tensor(3, device='cuda:0')	0.35057045109943075
153517.1806410917	1000.0	1368.8922349956813	0.0	0	0.0	2886.072876087361	1	0	tensor(3, device='cuda:0')	0.3505704510994259
154228.68887443736	1000.0	1657.3840016500408	0.0	0	0.0	2886.07287608739	1	0	tensor(3, device='cuda:0')	1.0437176316593668
154881.12809273135	1000.0	2004.9447833560541	0.0	0	0.0	2886.07287608739	1	0	tensor(3, device='cuda:0')	1.0437176316593668
155686.0688695978	1000.0	2200.0040064896293	0.0	0	0.0	2886.07287608739	1	0	tensor(3, device='cuda:0')	1.0437176316593668
157501.32402750623	1000.0	1384.7488485811884	0.0	0	0.0	2886.07287608739	1	0	tensor(3, device='cuda:0')	1.0437176316593668
158612.37909817422	1000.0	1273.6937779131706	0.0	0	0.0	2886.07287608739	1	0	tensor(3, device='cuda:0')	1.0437176316593668
160033.3536230106	1000.0	852.7192530767833	0.0	0	0.0	2886.07287608739	1	0	tensor(3, device='cuda:0')	1.0437176316593668
161635.59184274336	1000.0	250.48103334400923	0.0	0	0.0	2886.07287608739	1	0	tensor(3, device='cuda:0')	1.0437176316593668
162131.149418091	500.0	777.3775336665179	22.454075670107216	0	0.0	2908.5269517575216	1	0	tensor(3, device='cuda:0')	-0.48099694559455913
162756.30204677465	500.0	1152.2249049828758	0.0	0	0.0	2908.5269517575216	1	0	tensor(3, device='cuda:0')	0.34687468898602947
163595.07750411108	1000.0	1313.449447646431	0.0	0	0.0	2908.5269517574925	1	0	tensor(3, device='cuda:0')	0.3468746889860344
164422.27094737082	1000.0	1486.2560043866713	0.0	0	0.0	2908.5269517574925	1	0	tensor(3, device='cuda:0')	1.0400218695459797
165357.386334872	1000.0	1551.140616885494	0.0	0	0.0	2908.5269517574925	1	0	tensor(3, device='cuda:0')	1.0400218695459797
166373.37078621995	1000.0	1535.1561655375199	0.0	0	0.0	2908.5269517574925	1	0	tensor(3, device='cuda:0')	1.0400218695459797
167259.96053206193	1000.0	1648.5664196955186	0.0	0	0.0	2908.5269517574925	1	0	tensor(3, device='cuda:0')	1.0400218695459797
167974.64987463725	1000.0	1933.877077120208	0.0	0	0.0	2908.5269517574925	1	0	tensor(3, device='cuda:0')	1.0400218695459797
169206.20162366732	1000.0	1702.32532809013	0.0	0	0.0	2908.5269517574634	1	0	tensor(3, device='cuda:0')	1.0400218695459846
170230.93650427618	1000.0	1677.5904474812635	0.0	0	0.0	2908.5269517574634	1	0	tensor(3, device='cuda:0')	1.0400218695459846
170859.0372563938	1000.0	2049.48969536366	0.0	0	0.0	2908.5269517574634	1	0	tensor(3, device='cuda:0')	1.0400218695459846
171409.47564268173	1000.0	2499.0513090757518	0.0	0	0.0	2908.5269517574925	1	0	tensor(3, device='cuda:0')	1.0400218695459797
172228.3620451225	1000.0	2680.164906634962	0.0	0	0.0	2908.5269517574634	1	0	tensor(3, device='cuda:0')	1.0400218695459846
173894.20393338965	3000.0	1847.7388295411176	0.0	0	0.0	2741.942762930761	1	0	tensor(4, device='cuda:0')	0.5257620201041916
174808.56177166547	1000.0	1933.380991265312	0.0	0	0.0	2741.942762930761	1	0	tensor(3, device='cuda:0')	-0.23290274668600788
175654.75080908206	1000.0	2087.1919538487014	0.0	0	0.0	2741.942762930732	1	0	tensor(3, device='cuda:0')	1.0657095419821063
176537.80327401246	1000.0	2204.1394889182857	0.0	0	0.0	2741.942762930732	1	0	tensor(3, device='cuda:0')	1.0657095419821063
177425.7038057896	1000.0	2316.2389571411213	0.0	0	0.0	2741.942762930703	1	0	tensor(3, device='cuda:0')	1.0657095419821103
178293.40233959202	1000.0	2448.5404233387108	0.0	0	0.0	2741.942762930703	1	0	tensor(3, device='cuda:0')	1.0657095419821103
179200.0	1000.0	2541.942762930749	0.0	0	126.72253010157146	2741.942762930732	1	0	tensor(3, device='cuda:0')	1.0657095419821063
180211.14390535673	1000.0	2530.798857574003	0.0	0	0.0	2741.942762930732	1	0	tensor(3, device='cuda:0')	1.0657095419821063
181303.05611420257	1000.0	2438.886648728154	0.0	0	0.0	2741.942762930732	1	0	tensor(3, device='cuda:0')	1.0657095419821063
182200.0	1000.0	2541.9427629307484	0.0	0	326.86659076818614	2741.942762930732	1	0	tensor(3, device='cuda:0')	1.0657095419821063
183439.5730725324	1000.0	2302.369690398361	0.0	0	0.0	2741.942762930732	1	0	tensor(3, device='cuda:0')	1.0657095419821063
184552.45777270605	1000.0	2189.484990224726	0.0	0	0.0	2741.942762930732	1	0	tensor(3, device='cuda:0')	1.0657095419821063
185229.1577355763	1000.0	2512.7850273544936	0.0	0	0.0	2741.942762930761	1	0	tensor(3, device='cuda:0')	1.065709541982102
186200.0	1000.0	2541.9427629307934	0.0	0	127.21163879072992	2741.942762930761	1	0	tensor(3, device='cuda:0')	1.065709541982102
187200.0	1000.0	2541.9427629307693	0.0	0	279.0399714804953	2741.942762930761	1	0	tensor(3, device='cuda:0')	1.065709541982102
189129.3397064817	3000.0	1419.66908580089	0.0	0	0.0	2549.008792282548	1	0	tensor(4, device='cuda:0')	0.49735217476738286
190219.06224196087	1000.0	1329.9465503217452	0.0	0	0.0	2549.008792282548	1	0	tensor(3, device='cuda:0')	-0.20770624439428606
190856.84757164097	1000.0	1692.1612206416523	0.0	0	0.0	2549.008792282548	1	0	tensor(3, device='cuda:0')	1.090906044273824
191913.41281333307	1000.0	1635.5959789495444	0.0	0	0.0	2549.0087922825187	1	0	tensor(3, device='cuda:0')	1.0909060442738274
193284.99534946092	1000.0	1264.0134428216634	0.0	0	0.0	2549.0087922825187	1	0	tensor(3, device='cuda:0')	1.0909060442738274
194777.55455387165	1000.0	771.4542384109377	0.0	0	0.0	2549.008792282548	1	0	tensor(3, device='cuda:0')	1.090906044273824
196322.4577530675	1000.0	226.55103921507975	0.0	0	0.0	2549.008792282548	1	0	tensor(3, device='cuda:0')	1.090906044273824
197229.62954092724	500.0	525.8099579493708	206.43070659403082	0	0.0	2755.4394988765707	1	0	tensor(3, device='cuda:0')	-1.5611066667146338
198095.88491585883	500.0	659.5545830177828	0.0	0	0.0	2755.4394988766	1	0	tensor(3, device='cuda:0')	0.3706247534094926
199576.31838734966	500.0	325.42531484588267	146.30420331892827	0	0.0	2901.7437021955557	1	0	tensor(3, device='cuda:0')	-0.5287899086398007
200407.75788432558	500.0	685.2218602082872	191.23604233830585	0	0.0	3092.9797445338627	1	0	tensor(3, device='cuda:0')	-0.833930601131102
200809.6158773791	500.0	1283.3638671547933	0.0	0	0.0	3092.9797445338627	1	0	tensor(3, device='cuda:0')	0.31348565289873337
201670.5930431783	1000.0	1422.386701355634	0.0	0	0.0	3092.9797445338336	1	0	tensor(3, device='cuda:0')	0.31348565289873925
202178.8009263653	1000.0	1914.178818168614	0.0	0	0.0	3092.9797445338336	1	0	tensor(3, device='cuda:0')	1.0066328334586847
204158.71541952554	3000.0	736.2728756923835	0.0	0	0.0	2894.9882952178305	1	0	tensor(4, device='cuda:0')	0.4361619598846767
204739.30349466033	1000.0	1155.6848005575662	0.0	0	0.0	2894.9882952178305	1	0	tensor(3, device='cuda:0')	-0.2563529907155053
205385.22984293627	1000.0	1509.758452281643	0.0	0	0.0	2894.9882952178305	1	0	tensor(3, device='cuda:0')	1.0422592979526049
206410.94251735706	1000.0	1484.0457778608356	0.0	0	0.0	2894.9882952178305	1	0	tensor(3, device='cuda:0')	1.0422592979526049
207559.95498341962	1000.0	1335.0333117982807	0.0	0	0.0	2894.9882952178305	1	0	tensor(3, device='cuda:0')	1.0422592979526049
208909.33399161644	1000.0	985.6543036014431	0.0	0	0.0	2894.9882952178305	1	0	tensor(3, device='cuda:0')	1.0422592979526049
210213.42429377604	1000.0	681.564001441867	0.0	0	0.0	2894.9882952178596	1	0	tensor(3, device='cuda:0')	1.0422592979526
211783.87179698446	1000.0	200.0	88.88350176652318	0	0.0	2983.8717969844	1	0	tensor(3, device='cuda:0')	0.4953287733000542
212840.18276873682	500.0	434.8234114083374	291.13438316070403	0	0.0	3275.0061801451666	1	0	tensor(3, device='cuda:0')	-2.165295517037794
213333.66961002533	500.0	941.3365701198155	0.0	0	0.0	3275.0061801451666	1	0	tensor(3, device='cuda:0')	0.2746579624863765
213794.5995254891	500.0	1480.4066546561035	0.0	0	0.0	3275.0061801451957	1	0	tensor(3, device='cuda:0')	0.2746579624863698
214907.0107087368	1000.0	1367.995471408372	0.0	0	0.0	3275.0061801451957	1	0	tensor(3, device='cuda:0')	0.27465796248636987
215825.1727027125	1000.0	1449.8334774327172	0.0	0	0.0	3275.006180145225	1	0	tensor(3, device='cuda:0')	0.9678051430463085
216518.54844987887	1000.0	1756.45773026636	0.0	0	0.0	3275.006180145225	1	0	tensor(3, device='cuda:0')	0.9678051430463085
217212.7913619664	1000.0	2062.2148181788034	0.0	0	0.0	3275.0061801451957	1	0	tensor(3, device='cuda:0')	0.9678051430463153
217828.27870541852	1000.0	2446.727474726658	0.0	0	0.0	3275.0061801451957	1	0	tensor(3, device='cuda:0')	0.9678051430463153
218403.93428388113	1000.0	2871.0718962640613	0.0	0	0.0	3275.0061801451957	1	0	tensor(3, device='cuda:0')	0.9678051430463153
219200.0	1000.0	3075.006180145195	0.0	0	162.18175343281473	3275.0061801451957	1	0	tensor(3, device='cuda:0')	0.9678051430463153
220200.0	1000.0	2975.006180145223	0.0	0	33.822757377958624	3175.006180145254	1	0	tensor(4, device='cuda:0')	0.5835976281952565
221372.68539605266	1000.0	2802.320784092581	0.0	0	0.0	3175.006180145254	1	0	tensor(3, device='cuda:0')	0.7899096741344989
223093.76143670475	1000.0	2081.2447434405076	0.0	0	0.0	3175.006180145254	1	0	tensor(3, device='cuda:0')	0.989909674134499
225036.0498669554	1000.0	1138.956313189864	0.0	0	0.0	3175.006180145254	1	0	tensor(3, device='cuda:0')	0.989909674134499
226229.57589664208	1000.0	945.4302835031627	0.0	0	0.0	3175.006180145225	1	0	tensor(3, device='cuda:0')	0.989909674134505
227065.2001510653	1000.0	1109.8060290799567	0.0	0	0.0	3175.006180145225	1	0	tensor(3, device='cuda:0')	0.989909674134505
228971.0864328573	1000.0	205.32047204777095	1.4007247597923254	0	0.0	3176.406904905045	1	0	tensor(3, device='cuda:0')	0.9813275346490218
229324.5510168533	500.0	851.8558880517926	0.0	0	0.0	3176.406904905074	1	0	tensor(3, device='cuda:0')	-0.39668100519660754
230028.5268900892	1000.0	1147.8800148159348	0.0	0	0.0	3176.406904905074	1	0	tensor(3, device='cuda:0')	0.29646617536333775
231035.06197022766	1000.0	1141.3449346775014	0.0	0	0.0	3176.406904905074	1	0	tensor(3, device='cuda:0')	0.9896133559232833
231659.44833020566	1000.0	1516.9585746995053	0.0	0	0.0	3176.406904905074	1	0	tensor(3, device='cuda:0')	0.9896133559232833
232403.26143559927	1000.0	1773.1454693059095	0.0	0	0.0	3176.406904905045	1	0	tensor(3, device='cuda:0')	0.9896133559232894
233120.64735217602	1000.0	2055.7595527291733	0.0	0	0.0	3176.406904905045	1	0	tensor(3, device='cuda:0')	0.9896133559232894
233650.9979082543	1000.0	2525.4089966509096	0.0	0	0.0	3176.406904905045	1	0	tensor(3, device='cuda:0')	0.9896133559232894
236173.38274110912	3000.0	750.7856805106027	0.0	0	0.0	2924.1684216195135	1	0	tensor(4, device='cuda:0')	0.32125878297142846
236939.34294181768	1000.0	984.8254798020344	0.0	0	0.0	2924.1684216195135	1	0	tensor(3, device='cuda:0')	-0.26121003309965474
237547.11829101524	1000.0	1377.050130604503	0.0	0	0.0	2924.1684216195426	1	0	tensor(3, device='cuda:0')	1.0374022555684506
238424.37788564982	1000.0	1499.7905359699114	0.0	0	0.0	2924.1684216195426	1	0	tensor(3, device='cuda:0')	1.0374022555684506
239060.1556892127	1000.0	1864.0127324070256	0.0	0	0.0	2924.1684216195426	1	0	tensor(3, device='cuda:0')	1.0374022555684506
240386.3562210683	1000.0	1537.8122005514235	0.0	0	0.0	2924.1684216195135	1	0	tensor(3, device='cuda:0')	1.0374022555684554
242732.0361279164	1000.0	258.0291914328188	65.89689772945687	0	0.0	2990.0653193489707	1	0	tensor(3, device='cuda:0')	0.6328566780683423
243278.58655950986	500.0	744.4485175585648	32.969757719221064	0	0.0	3023.035077068169	1	0	tensor(3, device='cuda:0')	-0.5641593591111815
243867.75761965095	500.0	1155.2774574174837	0.0	0	0.0	3023.035077068169	1	0	tensor(3, device='cuda:0')	0.32680636776409044
244940.223929761	1000.0	1082.8111473073952	0.0	0	0.0	3023.03507706814	1	0	tensor(3, device='cuda:0')	0.3268063677640959
245831.57223766076	1000.0	1191.4628394076683	0.0	0	0.0	3023.035077068169	1	0	tensor(3, device='cuda:0')	1.0199535483240358
246737.53378965097	1000.0	1285.5012874174624	0.0	0	0.0	3023.035077068169	1	0	tensor(3, device='cuda:0')	1.0199535483240358
248122.7195548518	1000.0	900.3155222166496	0.0	0	0.0	3023.035077068169	1	0	tensor(3, device='cuda:0')	1.0199535483240358
248773.25531697727	500.0	1249.7797600911874	0.0	0	0.0	3023.035077068169	1	0	tensor(3, device='cuda:0')	-0.36634081279585506
250002.53953154152	1000.0	1020.4955455269396	0.0	0	0.0	3023.035077068169	1	0	tensor(3, device='cuda:0')	0.32680636776409056
250715.6042384295	1000.0	1307.4308386389944	0.0	0	0.0	3023.035077068198	1	0	tensor(3, device='cuda:0')	1.0199535483240305
251451.7101191041	1000.0	1571.3249579644016	0.0	0	0.0	3023.035077068198	1	0	tensor(3, device='cuda:0')	1.0199535483240305
252320.46319687276	1000.0	1702.5718801957091	0.0	0	0.0	3023.035077068198	1	0	tensor(3, device='cuda:0')	1.0199535483240305
253109.24035506585	1000.0	1913.7947220026012	0.0	0	0.0	3023.035077068198	1	0	tensor(3, device='cuda:0')	1.0199535483240305
253965.56025411963	1000.0	2057.4748229488023	0.0	0	0.0	3023.035077068198	1	0	tensor(3, device='cuda:0')	1.0199535483240305
255223.38329096435	1000.0	1799.651786104099	0.0	0	0.0	3023.035077068198	1	0	tensor(3, device='cuda:0')	1.0199535483240305
256733.1909174214	1000.0	1289.8441596470498	0.0	0	0.0	3023.035077068198	1	0	tensor(3, device='cuda:0')	1.0199535483240305
257513.4555642036	1000.0	1509.579512864839	0.0	0	0.0	3023.035077068227	1	0	tensor(3, device='cuda:0')	1.0199535483240252
258111.3994210902	1000.0	1911.6356559782334	0.0	0	0.0	3023.035077068227	1	0	tensor(3, device='cuda:0')	1.0199535483240252
258913.71080247106	1000.0	2109.3242745973675	0.0	0	0.0	3023.035077068227	1	0	tensor(3, device='cuda:0')	1.0199535483240252
260014.0886694729	1000.0	2008.9464075955343	0.0	0	0.0	3023.035077068227	1	0	tensor(3, device='cuda:0')	1.0199535483240252
261165.05805907102	1000.0	1857.9770179974075	0.0	0	0.0	3023.035077068227	1	0	tensor(3, device='cuda:0')	1.0199535483240252
261933.10315220954	1000.0	2089.931924858879	0.0	0	0.0	3023.035077068227	1	0	tensor(3, device='cuda:0')	1.0199535483240252
262379.46818873315	1000.0	2643.566888335211	0.0	0	0.0	3023.035077068169	1	0	tensor(3, device='cuda:0')	1.0199535483240285
264161.9948759567	3000.0	1682.7875323893786	0.0	0	0.0	2844.78240834584	1	0	tensor(4, device='cuda:0')	0.4857718842360205
265915.682451957	3000.0	753.7311987890229	0.0	0	0.0	2669.413650745817	1	0	tensor(4, device='cuda:0')	1.8177496224930345
266343.2812305702	1000.0	1326.1324201758264	0.0	0	0.0	2669.413650745759	1	0	tensor(3, device='cuda:0')	-0.222895686848513
266884.9712912867	1000.0	1784.4423594593588	0.0	0	0.0	2669.4136507457006	1	0	tensor(3, device='cuda:0')	1.0757166018196047
267313.2215069775	1000.0	2356.192143768538	0.0	0	0.0	2669.413650745759	1	0	tensor(3, device='cuda:0')	1.075716601819597
268639.2527886486	3000.0	1897.5577339303122	0.0	0	0.0	2536.8105225785403	1	0	tensor(4, device='cuda:0')	0.6230094441237823
270375.5519532426	3000.0	987.6286528769451	0.0	0	0.0	2363.1806061192183	1	0	tensor(4, device='cuda:0')	1.8583671945615228
271855.5258225232	3000.0	359.65739666830655	0.0	0	0.0	2215.183219191211	1	0	tensor(4, device='cuda:0')	1.9235419710947939
272548.59404246113	1000.0	666.5891767304038	0.0	0	0.0	2215.1832191911526	1	0	tensor(3, device='cuda:0')	-0.17358338935229478
273410.59473935585	1000.0	804.5884798357241	0.0	0	0.0	2215.183219191211	1	0	tensor(3, device='cuda:0')	1.12502889931581
274052.0993288369	1000.0	1163.0838903546762	0.0	0	0.0	2215.183219191211	1	0	tensor(3, device='cuda:0')	1.12502889931581
274589.13986810215	1000.0	1626.0433510894682	0.0	0	0.0	2215.183219191269	1	0	tensor(3, device='cuda:0')	1.1250288993158049
275444.13473380014	1000.0	1771.0484853914982	0.0	0	0.0	2215.183219191269	1	0	tensor(3, device='cuda:0')	1.1250288993158049
276200.0	1000.0	2015.1832191916465	0.0	0	128.8278124438948	2215.183219191269	1	0	tensor(3, device='cuda:0')	1.1250288993158049
277200.0	1000.0	2015.1832191916337	0.0	0	468.5663667563931	2215.183219191269	1	0	tensor(3, device='cuda:0')	1.1250288993158049
278200.0	1000.0	2015.1832191916283	0.0	0	362.30976184492465	2215.183219191211	1	0	tensor(3, device='cuda:0')	1.12502889931581
279200.0	1000.0	2015.1832191916455	0.0	0	251.17515511868987	2215.183219191211	1	0	tensor(3, device='cuda:0')	1.12502889931581
280356.4635410912	1000.0	1858.7196781003777	0.0	0	0.0	2215.183219191211	1	0	tensor(3, device='cuda:0')	1.12502889931581
281406.17449039797	1000.0	1809.0087287935926	0.0	0	0.0	2215.183219191211	1	0	tensor(3, device='cuda:0')	1.12502889931581
282431.94631092803	1000.0	1783.2369082635278	0.0	0	0.0	2215.183219191269	1	0	tensor(3, device='cuda:0')	1.1250288993158049
283408.75298634096	1000.0	1806.430232850615	0.0	0	0.0	2215.183219191211	1	0	tensor(3, device='cuda:0')	1.12502889931581
284933.5650377242	1000.0	1281.6181814672668	0.0	0	0.0	2215.1832191911526	1	0	tensor(3, device='cuda:0')	1.125028899315815
287001.30536743614	1000.0	213.87785175531195	0.0	0	0.0	2215.1832191911526	1	0	tensor(3, device='cuda:0')	1.125028899315815
288184.9266268298	500.0	395.3090035794952	365.0524112177395	0	0.0	2580.235630408919	1	0	tensor(3, device='cuda:0')	-2.4894793580005117
288931.46164082375	500.0	648.7739895854922	0.0	0	0.0	2580.235630408977	1	0	tensor(3, device='cuda:0')	0.39398228986586326
289472.6594504945	500.0	1107.5761799147774	0.0	0	0.0	2580.235630408977	1	0	tensor(3, device='cuda:0')	0.39398228986586326
290448.2113943752	1000.0	1132.024236034104	0.0	0	0.0	2580.235630408977	1	0	tensor(3, device='cuda:0')	0.39398228986586337
291074.6073758364	1000.0	1505.6282545728936	0.0	0	0.0	2580.235630408977	1	0	tensor(3, device='cuda:0')	1.0871294704258088
291898.3486327435	1000.0	1681.886997665783	0.0	0	0.0	2580.235630408977	1	0	tensor(3, device='cuda:0')	1.0871294704258088
292694.3243152991	1000.0	1885.911315110197	0.0	0	0.0	2580.235630408977	1	0	tensor(3, device='cuda:0')	1.0871294704258088
293882.3233967665	1000.0	1697.9122336427642	0.0	0	0.0	2580.235630408919	1	0	tensor(3, device='cuda:0')	1.0871294704258159
294637.8329481266	1000.0	1942.4026822826456	0.0	0	0.0	2580.235630408919	1	0	tensor(3, device='cuda:0')	1.0871294704258159
295231.174930315	1000.0	2349.060700094248	0.0	0	0.0	2580.235630408977	1	0	tensor(3, device='cuda:0')	1.0871294704258088
296200.0	1000.0	2380.2356304092264	0.0	0	191.3319842836354	2580.235630408977	1	0	tensor(3, device='cuda:0')	1.0871294704258088
297200.0	1000.0	2380.235630409237	0.0	0	232.2021404344705	2580.2356304090354	1	0	tensor(3, device='cuda:0')	1.0871294704258017
298200.0	1000.0	2380.2356304092627	0.0	0	81.88576776406262	2580.2356304090354	1	0	tensor(3, device='cuda:0')	1.0871294704258017
299203.22722985316	1000.0	2377.008400556101	0.0	0	0.0	2580.2356304090354	1	0	tensor(3, device='cuda:0')	1.0871294704258017
300200.0	1000.0	2380.2356304092	0.0	0	336.2561605326482	2580.2356304090354	1	0	tensor(3, device='cuda:0')	1.0871294704258017
301200.0	1000.0	2380.2356304091304	0.0	0	332.6317833974608	2580.235630408977	1	0	tensor(3, device='cuda:0')	1.0871294704258088
302200.0	1000.0	2380.235630409145	0.0	0	218.65585542132612	2580.235630408919	1	0	tensor(3, device='cuda:0')	1.0871294704258159
303380.0710143575	1000.0	2200.164616051624	0.0	0	0.0	2580.235630408919	1	0	tensor(3, device='cuda:0')	1.0871294704258159
304662.8607400959	1000.0	1917.3748903132607	0.0	0	0.0	2580.235630408919	1	0	tensor(3, device='cuda:0')	1.0871294704258159
306118.9633248693	1000.0	1461.2723055398635	0.0	0	0.0	2580.235630408919	1	0	tensor(3, device='cuda:0')	1.0871294704258159
306702.73384554	1000.0	1877.5017848692182	0.0	0	0.0	2580.235630408977	1	0	tensor(3, device='cuda:0')	1.0871294704258088
307502.5765170019	1000.0	2077.659113407277	0.0	0	0.0	2580.235630408977	1	0	tensor(3, device='cuda:0')	1.0871294704258088
308371.1346995189	1000.0	2209.100930890294	0.0	0	0.0	2580.235630408977	1	0	tensor(3, device='cuda:0')	1.0871294704258088
309200.0	1000.0	2380.2356304091973	0.0	0	338.10112313902937	2580.235630408919	1	0	tensor(3, device='cuda:0')	1.0871294704258159
0.904	0.869	0.637	0.452	0.718	0.95	0.985	0.973	1.1	1.15	1.11	1.07	1.48	1.89	1.31	0.649	0.626	0.961	0.834	1.07	0.753	0.359	0.66	1.1	1.4	1.04	1.09	0.892	1.42	1.2	1.19	0.707	0.73	0.961	1.07	0.996	0.822	0.788	0.857	1.04	1.02	0.614	0.857	0.788	0.927	0.869	0.556	0.846	1.05	1.3	1.37	1.53	0.996	1.14	1.36	1.36	1.05	0.834	1.11	1.22	1.1	0.765	0.556	0.765	0.973	1.48	1.36	1.17	0.95	1.14	1.01	0.904	1.11	1.39	0.811	0.869	0.996	0.649	0.857	1.01	1.22	1.47	1.24	0.487	0.602	0.626	0.996	1.12	0.88	0.892	1.2	1.38	1.75	1.44	1.14	1.36	1.38	1.04	1.12	1.7	2.14	1.23	0.452	0.626	0.938	1.11	1.04	1.09	0.73	0.88	1.39	1.81	1.52	1.68	2.27	2.31	2.0	1.91	1.81	1.77	0.996	0.579	0.834	1.04	1.39	0.961	0.869	1.25	1.09	0.521	0.695	1.09	1.27	1.45	1.52	1.22	1.01	1.09	0.996	0.741	0.579	0.95	1.49	1.9	1.12	0.579	0.765	0.904	0.985	0.753	0.846	1.11	1.54	1.48	1.05	1.05	1.38	0.811	1.01	1.25	1.58	1.69	1.38	1.26	1.59	1.22	1.16	1.07	0.95	1.12	1.51	0.857	0.822	1.12	1.6	1.88	1.41	0.927	1.15	1.48	0.973	1.05	0.857	0.927	0.695	0.568	0.626	0.371	0.568	1.11	1.64	1.98	1.49	1.84	1.03	1.14	0.834	0.707	0.579	0.846	0.776	0.602	1.02	1.1	1.24	1.24	1.54	1.3	1.08	0.811	0.626	0.568	0.44	0.429	0.834	0.938	0.521	0.834	1.4	1.34	1.74	1.92	1.68	1.09	1.44	1.26	1.3	1.45	1.16	0.452	0.278	0.741	1.05	1.27	1.41	1.02	0.672	0.683	1.14	1.4	1.47	1.29	1.19	1.04	0.649	0.985	1.39	1.2	1.2	1.11	1.56	2.15	2.22	1.78	2.06	2.0	1.76	1.75	2.26	2.83	1.75	1.18	1.53	1.47	1.49	1.69	1.56	1.34	0.834	0.718	0.811	0.834	0.672	0.915	0.556	0.695	0.51	0.765	0.938	1.32	1.6	0.985	1.02	1.37	1.09	1.39	1.32	1.36	1.3	1.22	1.77	1.18	1.14	0.811	0.846	1.36	1.41	1.64	1.52	1.08	1.41	1.64	1.82
1118.0	1119.0	1120.0	1121.0	1122.0	1123.0	1124.0	1125.0	1126.0	1127.0	1128.0	1129.0	1130.0	1131.0	1132.0	1133.0	1134.0	1135.0	1136.0	1137.0	1138.0	1139.0	1140.0	1141.0	1142.0	1143.0	1144.0	1145.0	1146.0	1147.0	1148.0	1149.0	1150.0	1151.0	1152.0	1153.0	1154.0	1155.0	1156.0	1157.0	1158.0	1159.0	1160.0	1161.0	1162.0	1163.0	1164.0	1165.0	1166.0	1167.0	1168.0	1169.0	1170.0	1171.0	1172.0	1173.0	1174.0	1175.0	1176.0	1177.0	1178.0	1179.0	1180.0	1181.0	1182.0	1183.0	1184.0	1185.0	1186.0	1187.0	1188.0	1189.0	1190.0	1191.0	1192.0	1193.0	1194.0	1195.0	1196.0	1197.0	1198.0	1199.0	1200.0	1201.0	1202.0	1203.0	1204.0	1205.0	1206.0	1207.0	1208.0	1209.0	1210.0	1211.0	1212.0	1213.0	1214.0	1215.0	1216.0	1217.0	1218.0	1219.0	1220.0	1221.0	1222.0	1223.0	1224.0	1225.0	1226.0	1227.0	1228.0	1229.0	1230.0	1231.0	1232.0	1233.0	1234.0	1235.0	1236.0	1237.0	1238.0	1239.0	1240.0	1241.0	1242.0	1243.0	1244.0	1245.0	1246.0	1247.0	1248.0	1249.0	1250.0	1251.0	1252.0	1253.0	1254.0	1255.0	1256.0	1257.0	1258.0	1259.0	1260.0	1261.0	1262.0	1263.0	1264.0	1265.0	1266.0	1267.0	1268.0	1269.0	1270.0	1271.0	1272.0	1273.0	1274.0	1275.0	1276.0	1277.0	1278.0	1279.0	1280.0	1281.0	1282.0	1283.0	1284.0	1285.0	1286.0	1287.0	1288.0	1289.0	1290.0	1291.0	1292.0	1293.0	1294.0	1295.0	1296.0	1297.0	1298.0	1299.0	1300.0	1301.0	1302.0	1303.0	1304.0	1305.0	1306.0	1307.0	1308.0	1309.0	1310.0	1311.0	1312.0	1313.0	1314.0	1315.0	1316.0	1317.0	1318.0	1319.0	1320.0	1321.0	1322.0	1323.0	1324.0	1325.0	1326.0	1327.0	1328.0	1329.0	1330.0	1331.0	1332.0	1333.0	1334.0	1335.0	1336.0	1337.0	1338.0	1339.0	1340.0	1341.0	1342.0	1343.0	1344.0	1345.0	1346.0	1347.0	1348.0	1349.0	1350.0	1351.0	1352.0	1353.0	1354.0	1355.0	1356.0	1357.0	1358.0	1359.0	1360.0	1361.0	1362.0	1363.0	1364.0	1365.0	1366.0	1367.0	1368.0	1369.0	1370.0	1371.0	1372.0	1373.0	1374.0	1375.0	1376.0	1377.0	1378.0	1379.0	1380.0	1381.0	1382.0	1383.0	1384.0	1385.0	1386.0	1387.0	1388.0	1389.0	1390.0	1391.0	1392.0	1393.0	1394.0	1395.0	1396.0	1397.0	1398.0	1399.0	1400.0	1401.0	1402.0	1403.0	1404.0	1405.0	1406.0	1407.0	1408.0	1409.0	1410.0	1411.0	1412.0	1413.0	1414.0	1415.0	1416.0	1417.0	1418.0	1419.0	1420.0
9065.0
