3055.943014919582	3000.0	2000.0	834.506962779345	0	0.0	3055.943014919582	1	0	tensor(4, device='cuda:0')	-5.3639425906377705
3779.8303316053107	3000.0	2203.7239516456984	0.0	0	0.0	2983.554283251009	1	0	tensor(4, device='cuda:0')	1.9777801401230886
4710.517205074667	3000.0	2179.968390829407	0.0	0	0.0	2890.4855959040738	1	0	tensor(4, device='cuda:0')	1.9509312286898635
5662.768875587528	2000.0	2132.4915532652603	0.0	0	0.0	2795.2604288527873	1	0	tensor(4, device='cuda:0')	1.1515163497654903
6376.107847454877	2000.0	2347.8186842111763	0.0	0	0.0	2723.926531666052	1	0	tensor(4, device='cuda:0')	1.6165803698237655
7200.0	3000.0	2441.537316411541	0.0	0	124.49117925539122	2641.537316411541	1	0	tensor(4, device='cuda:0')	1.6041007796965203
8200.0	3000.0	2341.5373164115404	0.0	0	320.48406450437506	2541.537316411539	1	0	tensor(4, device='cuda:0')	1.9858066427540515
9356.726603772753	3000.0	2069.1380522615127	0.0	0	0.0	2425.864656034264	1	0	tensor(4, device='cuda:0')	1.9680448156025223
10927.713383376493	3000.0	1341.0525946973999	0.0	0	0.0	2268.7659780738904	1	0	tensor(4, device='cuda:0')	1.9015413522109876
11686.290585833758	3000.0	1506.6176719944083	0.0	0	0.0	2192.908257828165	1	0	tensor(4, device='cuda:0')	2.072254261179943
12759.95632733351	3000.0	1325.5853563446817	0.0	0	0.0	2085.5416836781897	1	0	tensor(4, device='cuda:0')	2.017319169627336
13540.878211183976	3000.0	1466.5712841091683	0.0	0	0.0	2007.4494952931418	1	0	tensor(4, device='cuda:0')	2.0820453814178412
14670.400701839282	3000.0	1224.0965443883304	0.0	0	0.0	1894.497246227611	1	0	tensor(4, device='cuda:0')	2.0191310688764847
16805.9898576074	3000.0	302.0663041970241	0.0	0	0.0	2108.056161804421	1	0	tensor(2, device='cuda:0')	1.836762773262054
17459.414136132844	1000.0	648.6420256715788	0.0	0	0.0	2108.0561618044176	1	0	tensor(3, device='cuda:0')	-0.16473930674729773
18221.554260488763	1000.0	886.5019013156636	0.0	0	0.0	2108.0561618044194	1	0	tensor(3, device='cuda:0')	1.1338729819208122
19330.959470909533	3000.0	666.1561698528209	0.0	0	0.0	1997.1156407623494	1	0	tensor(4, device='cuda:0')	0.7186778070012696
20019.164672144907	3000.0	1046.771488740979	0.0	0	0.0	2065.9361608858817	1	0	tensor(2, device='cuda:0')	1.8370489181428504
20757.58914083499	3000.0	1234.5045731818902	0.0	0	0.0	1992.0937140168753	1	0	tensor(4, device='cuda:0')	1.6919964074988711
22361.16989816041	3000.0	470.56574012392815	0.0	0	0.0	1831.7356382843318	1	0	tensor(4, device='cuda:0')	1.9276734324742932
24010.78947878494	3000.0	322.33912126895984	373.8122263412322	0	0.0	2333.1286000539003	1	0	tensor(2, device='cuda:0')	-0.42651639315780404
25740.19641590419	2000.0	225.78009798554348	732.5350977706852	0	0.0	2965.976513889731	1	0	tensor(4, device='cuda:0')	-3.681931175563607
26589.465692007	1000.0	486.84956066476525	110.33873878203599	0	0.0	3076.315252671764	1	0	tensor(3, device='cuda:0')	-0.5452966514356505
27345.074026735158	1000.0	731.2412259366052	0.0	0	0.0	3076.315252671764	1	0	tensor(3, device='cuda:0')	1.0098829618165108
27929.540963503852	1000.0	1146.7742891679081	0.0	0	0.0	3076.315252671764	1	0	tensor(3, device='cuda:0')	1.0098829618165108
28494.87885245796	1000.0	1581.4364002137995	0.0	0	0.0	3076.315252671764	1	0	tensor(3, device='cuda:0')	1.0098829618165108
29134.910686966552	1000.0	1877.4013822543518	0.0	0	0.0	3012.312069220905	1	0	tensor(4, device='cuda:0')	0.6908116096872806
29599.762613278424	1000.0	2412.5494559424765	0.0	0	0.0	3012.3120692209013	1	0	tensor(3, device='cuda:0')	0.8219224932832743
31452.188476404597	3000.0	1374.881006503683	0.0	0	0.0	2827.069482908286	1	0	tensor(4, device='cuda:0')	0.47455854885869053
32530.682361314342	2000.0	1188.5377331029567	0.0	0	0.0	2719.2200944173055	1	0	tensor(4, device='cuda:0')	1.1369777379720007
33113.62216511673	1000.0	1605.5979293005714	0.0	0	0.0	2719.2200944173055	1	0	tensor(3, device='cuda:0')	0.17577023808878206
33738.30868631438	1000.0	1980.9114081029172	0.0	0	0.0	2719.2200944173055	1	0	tensor(3, device='cuda:0')	1.0689174186487276
34482.10793297065	1000.0	2162.732236781027	0.0	0	0.0	2644.8401697516856	1	0	tensor(4, device='cuda:0')	0.7276103733042385
37400.633669855255	3000.0	200.0	225.13279435639578	0	0.0	2600.633669855255	1	0	tensor(4, device='cuda:0')	-0.7954332494129753
37998.419762473626	1000.0	675.89929667016	73.6853892885303	0	0.0	2674.3190591437888	1	0	tensor(3, device='cuda:0')	-0.6656637801783245
38506.14246533667	1000.0	1168.1765938071153	0.0	0	0.0	2674.319059143796	1	0	tensor(3, device='cuda:0')	1.0750608442209664
38955.04156662081	1000.0	1719.2774925229758	0.0	0	0.0	2674.319059143796	1	0	tensor(3, device='cuda:0')	1.0750608442209664
39793.24236168848	3000.0	1797.2566179485334	0.0	0	0.0	2590.4989796370282	1	0	tensor(4, device='cuda:0')	0.7157007010225991
40724.08673678579	3000.0	1773.3278053414867	0.0	0	0.0	2497.414542127306	1	0	tensor(4, device='cuda:0')	2.0066361588240484
41798.3301491341	3000.0	1591.6600517583477	0.0	0	0.0	2389.9902008924764	1	0	tensor(4, device='cuda:0')	1.9888080294141646
43136.2342611024	3000.0	1119.9655285932108	0.0	0	0.0	2256.1997896956454	1	0	tensor(4, device='cuda:0')	1.9486163307400428
44450.35805109211	2000.0	674.4293596045392	0.0	0	0.0	2124.7874106966774	1	0	tensor(4, device='cuda:0')	1.15493208519809
44998.19296617113	1000.0	1126.5944445255172	0.0	0	0.0	2124.7874106966774	1	0	tensor(3, device='cuda:0')	0.2394036395165302
45514.747876850444	1000.0	1610.039533846206	0.0	0	0.0	2124.7874106966774	1	0	tensor(3, device='cuda:0')	1.1325508200764756
46200.0	1000.0	1924.7874106966515	0.0	0	37.80899805685476	2124.7874106966774	1	0	tensor(3, device='cuda:0')	1.1325508200764756
47200.0	3000.0	2024.787410696644	0.0	0	67.05550314217544	2224.78741069667	1	0	tensor(2, device='cuda:0')	0.9266873185501708
48291.7478304329	3000.0	2042.2143633070377	0.0	0	0.0	2333.962193739957	1	0	tensor(2, device='cuda:0')	2.2153006666358244
49696.33396251192	3000.0	1497.1696180201143	0.0	0	0.0	2193.5035805320513	1	0	tensor(4, device='cuda:0')	1.5406359883477792
51299.525776567345	3000.0	733.6586225591492	0.0	0	0.0	2033.1843991265123	1	0	tensor(4, device='cuda:0')	1.9138157132239242
52290.71286729258	1000.0	742.4715318339163	0.0	0	0.0	2033.184399126505	1	0	tensor(3, device='cuda:0')	-0.15907622530650634
52815.39310638422	1000.0	1217.7912927422785	0.0	0	0.0	2033.1843991264977	1	0	tensor(3, device='cuda:0')	1.139536063361604
53489.36162167511	1000.0	1543.822777451375	0.0	0	0.0	2033.1843991264977	1	0	tensor(3, device='cuda:0')	1.139536063361604
54200.0	1000.0	1833.1843991264834	0.0	0	222.1234098732166	2033.1843991264977	1	0	tensor(3, device='cuda:0')	1.139536063361604
56360.387167274515	3000.0	456.758515124509	0.0	0	0.0	1817.145682399052	1	0	tensor(4, device='cuda:0')	0.5177058642642345
57670.09047899446	1000.0	265.81654930195066	118.76134589738416	0	0.0	1935.9070282964385	1	0	tensor(3, device='cuda:0')	-0.8648708448396945
58075.6290718188	500.0	860.2779564776054	0.0	0	0.0	1935.9070282964458	1	0	tensor(3, device='cuda:0')	-0.23998484190717112
59331.10686586052	1000.0	604.8001624358948	0.0	0	0.0	1935.907028296453	1	0	tensor(3, device='cuda:0')	0.4531623386527737
60153.809530649494	1000.0	782.0974976469254	0.0	0	0.0	1935.907028296453	1	0	tensor(3, device='cuda:0')	1.146309519212719
60679.6223015031	1000.0	1203.7034497079592	0.0	0	0.0	1883.3257512111013	1	0	tensor(4, device='cuda:0')	0.8436851968232979
61200.0	1000.0	1683.325751211056	0.0	0	57.900810195482336	1883.3257512111013	1	0	tensor(3, device='cuda:0')	0.9497143190129884
63016.59897263668	3000.0	1048.3866758380475	0.0	0	0.0	2064.9856484747797	1	0	tensor(2, device='cuda:0')	0.9407141835709036
64514.34436046433	3000.0	700.4158267931625	0.0	0	0.0	2214.760187257554	1	0	tensor(2, device='cuda:0')	2.226798280995225
65491.65854031391	3000.0	625.3702289586224	0.0	0	0.0	2117.028769272598	1	0	tensor(4, device='cuda:0')	1.6341880764091683
66168.23220819971	1000.0	948.7965610728352	0.0	0	0.0	2117.0287692726124	1	0	tensor(3, device='cuda:0')	-0.1654457134139116
66778.92592091238	1000.0	1338.1028483601528	0.0	0	0.0	2117.028769272605	1	0	tensor(3, device='cuda:0')	1.1331665752541982
67582.48910257521	1000.0	1534.5396666973086	0.0	0	0.0	2117.0287692725906	1	0	tensor(3, device='cuda:0')	1.1331665752541988
68290.72153037513	1000.0	1826.3072388973806	0.0	0	0.0	2117.0287692725833	1	0	tensor(3, device='cuda:0')	1.1331665752542004
69495.60480285683	3000.0	1500.9356391674933	0.0	0	0.0	1996.5404420244158	1	0	tensor(4, device='cuda:0')	0.698666444390917
71069.38746940342	3000.0	1084.53123927559	0.0	0	0.0	2153.9187086790917	1	0	tensor(2, device='cuda:0')	1.8325417604409568
71598.696060862	1000.0	1555.2226478170044	0.0	0	0.0	2153.9187086790917	1	0	tensor(3, device='cuda:0')	-0.16841477197635757
72933.48723819185	3000.0	1086.9523527541605	0.0	0	0.0	2020.4395909461018	1	0	tensor(4, device='cuda:0')	0.6713550696401096
74119.171580569	3000.0	1019.836444614733	0.0	0	0.0	2139.008025183837	1	0	tensor(2, device='cuda:0')	1.8323833895385255
75417.12310884106	3000.0	851.6800691698776	0.0	0	0.0	2268.803178011047	1	0	tensor(2, device='cuda:0')	2.2221697797403075
76556.47698396088	2000.0	598.3908065380915	0.0	0	0.0	2154.867790499091	1	0	tensor(4, device='cuda:0')	0.7874109617463941
77031.45556051454	1000.0	1123.4122299844162	0.0	0	0.0	2154.867790499091	1	0	tensor(3, device='cuda:0')	0.23697255598518377
78219.89192369356	3000.0	1053.8195031232958	0.0	0	0.0	2273.711426816997	1	0	tensor(2, device='cuda:0')	0.9225233126969116
79375.29525645857	3000.0	1013.9565036347794	0.0	0	0.0	2389.2517600934952	1	0	tensor(2, device='cuda:0')	2.209811684350738
80648.34333622814	3000.0	868.2132318421623	0.0	0	0.0	2516.556568070446	1	0	tensor(2, device='cuda:0')	2.196701706567549
82184.61936150068	3000.0	200.0	19.718541779652753	0	0.0	2384.6193615008233	1	0	tensor(4, device='cuda:0')	1.3824768696919745
82811.8675807211	1000.0	679.79904125048	107.04726047089576	0	0.0	2491.6666219717154	1	0	tensor(3, device='cuda:0')	-0.8433367494171848
83238.71515448709	1000.0	1252.9514674845016	0.0	0	0.0	2491.6666219717154	1	0	tensor(3, device='cuda:0')	1.0975591020762996
83722.12155666044	1000.0	1769.5450653111432	0.0	0	0.0	2491.6666219717154	1	0	tensor(3, device='cuda:0')	1.0975591020762996
86398.28647869946	3000.0	200.0	340.21486266525847	0	0.0	2598.2864786994614	1	0	tensor(4, device='cuda:0')	-1.6060635415835494
87123.3372224338	1000.0	603.3097193090281	128.36046304336426	0	0.0	2726.6469417428307	1	0	tensor(3, device='cuda:0')	-1.0008987119093193
87864.36733060537	1000.0	862.2796111374632	0.0	0	0.0	2726.6469417428307	1	0	tensor(3, device='cuda:0')	1.0678763550189767
88612.75335232324	1000.0	1113.8935894195965	0.0	0	0.0	2726.6469417428307	1	0	tensor(3, device='cuda:0')	1.0678763550189767
89440.00136590627	1000.0	1286.6455758365737	0.0	0	0.0	2726.6469417428307	1	0	tensor(3, device='cuda:0')	1.0678763550189767
89961.2097310597	1000.0	1713.3163741678027	0.0	0	0.0	2674.5261052274727	1	0	tensor(4, device='cuda:0')	0.7689921792410662
90596.2583345415	1000.0	2078.267770686002	0.0	0	0.0	2674.5261052274727	1	0	tensor(3, device='cuda:0')	0.8750331002877353
91200.0	1000.0	2414.151938681646	0.0	0	145.3185680542665	2614.1519386816217	1	0	tensor(4, device='cuda:0')	0.7592797656083486
92879.68159306237	3000.0	1566.5021863130344	0.0	0	0.0	2446.1837793753803	1	0	tensor(4, device='cuda:0')	0.7612821216256215
94380.60385712246	3000.0	915.4876958469513	0.0	0	0.0	2296.091552969403	1	0	tensor(4, device='cuda:0')	1.9125600237685216
95523.12665323583	3000.0	658.712620122255	0.0	0	0.0	2181.839273358055	1	0	tensor(4, device='cuda:0')	1.9955961271139482
97542.85949702062	3000.0	200.0	693.6304618554595	0	0.0	2742.8594970206177	1	0	tensor(4, device='cuda:0')	-2.230656930747345
98048.81121572517	1000.0	769.0253147410479	74.97703344559923	0	0.0	2817.8365304662148	1	0	tensor(3, device='cuda:0')	-0.6939811437623948
98643.65738401665	1000.0	1174.1791464495718	0.0	0	0.0	2817.8365304662148	1	0	tensor(3, device='cuda:0')	1.0544933455793106
100381.66118366545	3000.0	262.3749668358692	0.0	0	0.0	2644.036150501299	1	0	tensor(4, device='cuda:0')	0.5257422053994827
100844.2819723101	1000.0	799.7541781912194	0.0	0	0.0	2644.0361505013134	1	0	tensor(3, device='cuda:0')	-0.21955064054082254
101372.01800381334	1000.0	1272.0181466879737	0.0	0	0.0	2644.0361505013134	1	0	tensor(3, device='cuda:0')	1.0790616481272872
102096.77926822034	1000.0	1547.2568822809744	0.0	0	0.0	2644.0361505013134	1	0	tensor(3, device='cuda:0')	1.0790616481272872
102955.87687699818	1000.0	1688.1592735031295	0.0	0	0.0	2644.0361505013134	1	0	tensor(3, device='cuda:0')	1.0790616481272872
103471.31124487186	1000.0	2172.724905629461	0.0	0	0.0	2644.0361505013134	1	0	tensor(3, device='cuda:0')	1.0790616481272872
105128.89200497021	3000.0	1349.386069521298	0.0	0	0.0	2478.2780744914926	1	0	tensor(4, device='cuda:0')	0.5625841109942784
106440.513950197	3000.0	906.6019297718465	0.0	0	0.0	2347.115879968813	1	0	tensor(4, device='cuda:0')	1.9460589611428456
107362.42121261418	3000.0	892.5039411129469	0.0	0	0.0	2254.92515372709	1	0	tensor(4, device='cuda:0')	2.0337092885754937
108458.43008019731	3000.0	686.8941867715105	0.0	0	0.0	2145.3242669687897	1	0	tensor(4, device='cuda:0')	2.007397065269747
109308.59803095681	2000.0	751.70944093607	0.0	0	0.0	2060.30747189284	1	0	tensor(4, device='cuda:0')	1.253495624432477
110032.89625806602	1000.0	1027.411213826856	0.0	0	0.0	2060.3074718928256	1	0	tensor(3, device='cuda:0')	0.24438430852465362
111742.8108305289	3000.0	488.488098610248	0.0	0	0.0	2231.2989291390986	1	0	tensor(2, device='cuda:0')	0.9277399085736445
112273.33944288331	1000.0	957.9594862558465	0.0	0	0.0	2231.2989291390986	1	0	tensor(3, device='cuda:0')	-0.17499405578116634
112963.94303333256	1000.0	1267.3558958065828	0.0	0	0.0	2231.2989291390986	1	0	tensor(3, device='cuda:0')	1.1236182328869435
113645.37222841027	1000.0	1585.926700728878	0.0	0	0.0	2231.298929139084	1	0	tensor(3, device='cuda:0')	1.1236182328869446
114674.1935482123	3000.0	1454.2232489466414	0.0	0	0.0	2128.4167971588613	1	0	tensor(4, device='cuda:0')	0.7243654290457476
115889.03227812365	3000.0	1360.868392026431	0.0	0	0.0	2249.900670150004	1	0	tensor(2, device='cuda:0')	1.8231139778780645
117904.34976409479	3000.0	200.0	50.89167503803674	0	0.0	2104.3497640947026	1	0	tensor(4, device='cuda:0')	1.1321450681699257
118527.00854979792	500.0	679.5826913746766	102.24147707781299	0	0.0	2206.5912411725003	1	0	tensor(3, device='cuda:0')	-2.17258335652246
119362.09926964203	1000.0	844.4919715305492	0.0	0	0.0	2206.5912411725003	1	0	tensor(3, device='cuda:0')	0.43262497517247367
120368.38737297234	3000.0	737.5750578672148	0.0	0	0.0	2105.9624308394705	1	0	tensor(4, device='cuda:0')	0.7306647239951425
120727.30468352955	1000.0	1378.657747310004	0.0	0	0.0	2105.9624308394705	1	0	tensor(3, device='cuda:0')	-0.16457534254955375
122008.6775028727	3000.0	1225.4222099011781	0.0	0	0.0	2234.099712773779	1	0	tensor(2, device='cuda:0')	0.9262253678045789
123448.38091768669	3000.0	929.689136568572	0.0	0	0.0	2378.070054255164	1	0	tensor(2, device='cuda:0')	2.212372691094364
124371.75376647894	2000.0	913.9790028971091	0.0	0	0.0	2285.732769375958	1	0	tensor(4, device='cuda:0')	0.8200485935072568
125076.81627944612	3000.0	1138.4102386332152	0.0	0	0.0	2215.2265180792456	1	0	tensor(4, device='cuda:0')	1.6755422727636946
125880.48116371167	3000.0	1254.3788659411127	0.0	0	0.0	2134.860029652671	1	0	tensor(4, device='cuda:0')	2.0678146171738
127184.85764374273	3000.0	819.5647379069487	0.0	0	0.0	2004.422381649565	1	0	tensor(4, device='cuda:0')	1.9766663543023506
128640.4870604012	2000.0	218.37237958262594	0.0	0	0.0	1858.859439983702	1	0	tensor(4, device='cuda:0')	1.1452505458518134
129290.07862504674	1000.0	694.508860711639	125.72804577454394	0	0.0	1984.5874857582385	1	0	tensor(3, device='cuda:0')	-0.5045161423799777
129936.9084660529	1000.0	1047.679019705468	0.0	0	0.0	1984.5874857582385	1	0	tensor(3, device='cuda:0')	1.1429993128272313
130462.41468089541	1000.0	1522.172804862968	0.0	0	0.0	1984.5874857582385	1	0	tensor(3, device='cuda:0')	1.1429993128272313
132266.74830089297	3000.0	537.4058228656444	0.0	0	0.0	1804.1541237584897	1	0	tensor(4, device='cuda:0')	0.5906415503438058
133010.209574711	1000.0	793.9445490476445	0.0	0	0.0	1804.1541237585188	1	0	tensor(3, device='cuda:0')	-0.14408747235862243
133675.2220742799	1000.0	1128.9320494787414	0.0	0	0.0	1804.1541237585188	1	0	tensor(3, device='cuda:0')	1.1545248163094872
135199.92990541502	3000.0	451.75343523012145	0.0	0	0.0	1651.6833406450169	1	0	tensor(4, device='cuda:0')	0.6556223398690902
135924.14219048174	1000.0	727.5411501633772	0.0	0	0.0	1651.6833406450169	1	0	tensor(3, device='cuda:0')	-0.1358031646663598
136325.4849976663	1000.0	1326.1983429788384	0.0	0	0.0	1651.6833406449878	1	0	tensor(3, device='cuda:0')	1.1628091240017515
137770.50115146494	3000.0	1025.6838045600457	0.0	0	0.0	1796.1849560248374	1	0	tensor(2, device='cuda:0')	0.9576193436495898
139511.59158014224	3000.0	458.7024187504495	0.0	0	0.0	1970.2939988925064	1	0	tensor(2, device='cuda:0')	2.2452859704664223
141253.48020469557	3000.0	200.0	343.33038149726013	0	0.0	2453.4802046955447	1	0	tensor(2, device='cuda:0')	0.1453775150204663
141822.10194937882	1000.0	724.5621871308794	93.18393181413322	0	0.0	2546.664136509673	1	0	tensor(3, device='cuda:0')	-0.7665307119927374
142211.51471159112	1000.0	1335.1494249185623	0.0	0	0.0	2546.664136509644	1	0	tensor(3, device='cuda:0')	1.0911851675601754
143727.0776464636	3000.0	668.0301965589019	0.0	0	0.0	2395.1078430224443	1	0	tensor(4, device='cuda:0')	0.600268493054599
145248.5719508544	3000.0	200.0	186.9213984281867	0	0.0	2448.5719508543552	1	0	tensor(4, device='cuda:0')	0.8188983622497732
145988.85286078992	1000.0	648.2217576132916	188.50266754877333	0	0.0	2637.0746184031304	1	0	tensor(3, device='cuda:0')	-1.3496627829050705
146533.0134238699	1000.0	1104.0611945333098	0.0	0	0.0	2637.0746184031304	1	0	tensor(3, device='cuda:0')	1.0799655110556796
147095.06462095527	1000.0	1542.00999744792	0.0	0	0.0	2637.0746184031304	1	0	tensor(3, device='cuda:0')	1.0799655110556796
147672.28392048247	1000.0	1964.7906979206944	0.0	0	0.0	2637.0746184031013	1	0	tensor(3, device='cuda:0')	1.0799655110556834
149181.97406027938	3000.0	1304.131544144063	0.0	0	0.0	2486.1056044234138	1	0	tensor(4, device='cuda:0')	0.5916183011891791
150272.68578637033	1000.0	1213.4198180531162	0.0	0	0.0	2486.1056044234138	1	0	tensor(3, device='cuda:0')	-0.20042686426678769
151287.70796111657	1000.0	1198.3976433068883	0.0	0	0.0	2486.1056044234138	1	0	tensor(3, device='cuda:0')	1.0981854244013223
151766.6667630103	1000.0	1671.542961223837	0.0	0	0.0	2438.209724234068	1	0	tensor(4, device='cuda:0')	0.8063684069274129
152377.68674021924	1000.0	1999.4209862939642	0.0	0	0.0	2377.107726513146	1	0	tensor(4, device='cuda:0')	0.9858379666304992
153200.0	1000.0	2177.1077265131917	0.0	0	286.3903179374465	2377.107726513146	1	0	tensor(3, device='cuda:0')	0.9098204916176353
155040.95176855064	3000.0	1152.0607811074901	0.0	0	0.0	2193.012549658102	1	0	tensor(4, device='cuda:0')	0.5542420990486474
155548.48050197234	1000.0	1593.77917434362	0.0	0	0.0	2142.259676315938	1	0	tensor(4, device='cuda:0')	-0.07006042224737333
156200.0	1000.0	1942.2596763159609	0.0	0	122.09408613035339	2142.259676315938	1	0	tensor(3, device='cuda:0')	0.9311472598414394
157200.0	3000.0	2042.2596763159495	0.0	0	103.78293372775079	2242.259676315938	1	0	tensor(2, device='cuda:0')	0.9253561631505661
159249.48833505565	3000.0	1197.7201747658717	0.0	0	0.0	2447.2085098214447	1	0	tensor(2, device='cuda:0')	2.2073087965838347
159705.2513246416	1000.0	1741.9571851799203	0.0	0	0.0	2447.2085098214447	1	0	tensor(3, device='cuda:0')	-0.1961366093208664
160993.08828093414	3000.0	1325.3365332581582	0.0	0	0.0	2318.4248141922	1	0	tensor(4, device='cuda:0')	0.6542562098616962
162001.4134960236	1000.0	1317.0113181687004	0.0	0	0.0	2318.4248141921707	1	0	tensor(3, device='cuda:0')	-0.18300761862389914
162413.6965559825	1000.0	1904.7282582098185	0.0	0	0.0	2318.4248141921707	1	0	tensor(3, device='cuda:0')	1.1156046700442106
164165.89070129266	3000.0	977.3146983686389	0.0	0	0.0	2143.2053996611794	1	0	tensor(4, device='cuda:0')	0.5770436633249993
164529.40446066335	1000.0	1613.8009389979663	0.0	0	0.0	2143.2053996611794	1	0	tensor(3, device='cuda:0')	-0.16754167240494366
166059.39506795182	3000.0	1236.8093924383784	0.0	0	0.0	2296.2044603900576	1	0	tensor(2, device='cuda:0')	0.921289923124365
168120.631712083	3000.0	381.69641272026524	0.0	0	0.0	2502.3281248031126	1	0	tensor(2, device='cuda:0')	2.2021848329505076
169431.45021580564	1000.0	328.0313372338327	257.1534282362132	0	0.0	2759.481553039339	1	0	tensor(3, device='cuda:0')	-1.778345930063221
170237.38612607648	1000.0	686.957456184691	164.86202922166729	0	0.0	2924.3435822610336	1	0	tensor(3, device='cuda:0')	0.048200532409701125
170647.33803229005	1000.0	1277.0055499711536	0.0	0	0.0	2924.3435822610336	1	0	tensor(3, device='cuda:0')	1.037372707739705
171120.5890705219	1000.0	1803.7545117393224	0.0	0	0.0	2924.3435822610336	1	0	tensor(3, device='cuda:0')	1.037372707739709
172434.8843766014	3000.0	1358.0296750518485	0.0	0	0.0	2792.9140516530315	1	0	tensor(4, device='cuda:0')	0.5905768792842749
173667.03160256115	3000.0	1002.6677264961214	0.0	0	0.0	2669.699329057039	1	0	tensor(4, device='cuda:0')	1.9236941637508522
174597.08663185005	3000.0	979.6071942783293	0.0	0	0.0	2576.6938261281175	1	0	tensor(4, device='cuda:0')	1.9966621563351152
175830.71308184366	2000.0	622.6180992853365	0.0	0	0.0	2453.331181128742	1	0	tensor(4, device='cuda:0')	1.1384147880536248
176523.04937158932	2000.0	930.2818095396924	0.0	0	0.0	2453.331181128742	1	0	tensor(3, device='cuda:0')	1.5949579413459953
177684.56722478024	3000.0	652.6121710296818	0.0	0	0.0	2337.179395809624	1	0	tensor(4, device='cuda:0')	1.371964886228628
178427.92444342293	3000.0	834.9192305227427	0.0	0	0.0	2262.8436739453755	1	0	tensor(4, device='cuda:0')	2.0685906457219314
179019.27772926583	2000.0	1184.4306160955493	0.0	0	0.0	2203.708345361083	1	0	tensor(4, device='cuda:0')	1.2941042805106497
180466.65276516127	3000.0	592.3180766105536	0.0	0	0.0	2058.9708417715447	1	0	tensor(4, device='cuda:0')	1.5388731064349428
181527.83317485786	3000.0	445.8758016435205	18.960159726565905	0	0.0	1973.7089765011333	1	0	tensor(4, device='cuda:0')	1.9184171510400467
182610.79333582072	3000.0	486.3249659086299	16.79256570185413	0	0.0	2097.1183017291187	1	0	tensor(2, device='cuda:0')	1.7347773896838565
183425.95393660394	3000.0	589.6483050471185	0.0	0	0.0	2015.602241650835	1	0	tensor(4, device='cuda:0')	1.6746482398271585
185706.09833817178	3000.0	200.0	1016.8277606159274	0	0.0	2906.0983381717815	1	0	tensor(4, device='cuda:0')	-4.173048971754727
186364.21740333084	1000.0	660.9475847905742	119.06664994964234	0	0.0	3025.1649881214253	1	0	tensor(3, device='cuda:0')	-0.993452007020939
187121.21859211242	1000.0	903.9463960090018	0.0	0	0.0	3025.1649881214253	1	0	tensor(3, device='cuda:0')	1.0195601813450246
187640.17733669208	1000.0	1384.9876514293512	0.0	0	0.0	3025.1649881214253	1	0	tensor(3, device='cuda:0')	1.0195601813450246
188091.85019713317	1000.0	1933.3147909882634	0.0	0	0.0	3025.1649881214253	1	0	tensor(3, device='cuda:0')	1.0195601813450246
188484.67048481535	1000.0	2501.212474537861	0.0	0	0.0	2985.8829593532137	1	0	tensor(4, device='cuda:0')	0.7463929849802269
189715.3312480865	3000.0	2147.4856349395523	0.0	0	0.0	2862.8168830260984	1	0	tensor(4, device='cuda:0')	0.7972755393287065
190402.9716158831	3000.0	2391.0812303633074	0.0	0	0.0	2794.052846246428	1	0	tensor(4, device='cuda:0')	2.016394836122215
191574.09650506097	3000.0	2102.8438522676634	0.0	0	0.0	2676.9403573286545	1	0	tensor(4, device='cuda:0')	1.9336624104937044
192433.25244146533	2000.0	2157.772322222848	0.0	0	0.0	2591.024763688154	1	0	tensor(4, device='cuda:0')	1.1990729925559385
194220.53273884015	3000.0	1191.7639951105384	0.0	0	0.0	2412.296733950643	1	0	tensor(4, device='cuda:0')	1.4363239044943557
195420.3924488998	3000.0	871.9183140448808	0.0	0	0.0	2292.3107629446313	1	0	tensor(4, device='cuda:0')	1.9735631700339822
196035.10578641083	1000.0	1257.20497653386	0.0	0	0.0	2292.3107629446313	1	0	tensor(3, device='cuda:0')	-0.1805355515524836
196832.3805728744	1000.0	1459.930190070291	0.0	0	0.0	2292.3107629446313	1	0	tensor(3, device='cuda:0')	1.1180767371156262
197518.3668130662	1000.0	1773.943949878445	0.0	0	0.0	2292.3107629446313	1	0	tensor(3, device='cuda:0')	1.1180767371156262
198677.37341815216	3000.0	1499.0366842839258	0.0	0	0.0	2176.410102436028	1	0	tensor(4, device='cuda:0')	0.6944322251057562
199401.83203060535	3000.0	1847.0239330760578	0.0	0	0.0	2248.855963681359	1	0	tensor(2, device='cuda:0')	1.8225236150960225
200895.91826536987	3000.0	1502.3463217880044	0.0	0	0.0	2398.2645871578425	1	0	tensor(2, device='cuda:0')	2.210617806420818
202044.19201947705	3000.0	1239.2451922701	0.0	0	0.0	2283.4372117471066	1	0	tensor(4, device='cuda:0')	1.5851117801117507
202936.3112060345	3000.0	1257.9140870569033	0.0	0	0.0	2194.225293091382	1	0	tensor(4, device='cuda:0')	2.045178621584167
204157.5927332081	3000.0	914.504407165936	0.0	0	0.0	2072.0971403740114	1	0	tensor(4, device='cuda:0')	1.9883474587589558
205603.09681219907	2000.0	402.33601828946826	70.80554364875115	0	0.0	2005.432830488542	1	0	tensor(4, device='cuda:0')	0.7275111215751482
207002.37551020528	3000.0	347.92747434172065	227.71364917537682	0	0.0	2350.3029845470155	1	0	tensor(2, device='cuda:0')	0.04283483272923522
207535.81256199421	1000.0	814.4904225527853	0.0	0	0.0	2350.3029845470155	1	0	tensor(3, device='cuda:0')	-0.18610973284121624
208631.94299989956	3000.0	718.3599846474452	0.0	0	0.0	2350.3029845470155	1	0	tensor(3, device='cuda:0')	1.1125025558268937
210436.40711268983	3000.0	200.0	117.3974631820054	0	0.0	2636.4071126898634	1	0	tensor(2, device='cuda:0')	1.2886272536045884
211087.84185470812	1000.0	679.8091807352455	131.2439227535104	0	0.0	2767.651035443385	1	0	tensor(3, device='cuda:0')	-1.024077960905564
211531.9350203069	1000.0	1235.7160151364358	0.0	0	0.0	2767.651035443356	1	0	tensor(3, device='cuda:0')	1.061997864283612
213043.28821523825	3000.0	573.2275007119604	0.0	0	0.0	2616.515715950198	1	0	tensor(4, device='cuda:0')	0.5745143943846924
213493.89456326765	1000.0	1122.621152682566	0.0	0	0.0	2616.515715950198	1	0	tensor(3, device='cuda:0')	-0.21601150267540992
214126.2720392289	1000.0	1490.2436767212919	0.0	0	0.0	2616.5157159501687	1	0	tensor(3, device='cuda:0')	1.0826007859927036
215906.19177381817	3000.0	532.3319686730978	0.0	0	0.0	2438.523742491234	1	0	tensor(4, device='cuda:0')	0.5402183786017172
216709.34133272702	1000.0	729.1824097642315	0.0	0	0.0	2438.523742491263	1	0	tensor(3, device='cuda:0')	-0.19520001860709935
217309.71008428955	1000.0	1128.8136582017114	0.0	0	0.0	2438.523742491263	1	0	tensor(3, device='cuda:0')	1.1034122700610107
217993.84330360827	1000.0	1376.2671169511023	0.0	0	0.0	2370.1104205593583	1	0	tensor(4, device='cuda:0')	0.7720738395035358
218480.8315657354	1000.0	1889.2788548240023	0.0	0	0.0	2370.1104205593874	1	0	tensor(3, device='cuda:0')	0.9105272277863842
219392.40473219208	3000.0	1886.5483717216787	0.0	0	0.0	2278.953103913751	1	0	tensor(4, device='cuda:0')	0.7347867091243635
221545.9209466116	3000.0	517.6805358602595	0.0	0	0.0	2063.6014824718295	1	0	tensor(4, device='cuda:0')	1.8005522979010133
221955.03230639716	1000.0	1108.5691760746895	0.0	0	0.0	2063.6014824718295	1	0	tensor(3, device='cuda:0')	-0.1613278303003294
222752.61583334132	1000.0	1310.9856491305388	0.0	0	0.0	2063.6014824718295	1	0	tensor(3, device='cuda:0')	1.1372844583677804
223982.0662565995	1000.0	1081.5352258723651	0.0	0	0.0	2063.6014824718295	1	0	tensor(3, device='cuda:0')	1.1372844583677804
224486.56360191756	1000.0	1577.037880554316	0.0	0	0.0	2063.6014824718295	1	0	tensor(3, device='cuda:0')	1.1372844583677804
225200.0	1000.0	1792.2578426636162	0.0	0	200.15288475595298	1992.2578426636173	1	0	tensor(4, device='cuda:0')	0.7977943208568452
226200.0	3000.0	1692.2578426635905	0.0	0	199.56017666318803	1892.2578426635882	1	0	tensor(4, device='cuda:0')	0.9468546415248762
227200.0	3000.0	1792.2578426636057	0.0	0	179.2985594488564	1992.2578426635882	1	0	tensor(2, device='cuda:0')	1.8433874394172312
228551.8256171282	3000.0	1305.2496638225557	0.0	0	0.0	1857.0752809507248	1	0	tensor(4, device='cuda:0')	1.5774265316104605
230735.64516192453	3000.0	200.0	269.9562140485468	0	0.0	1935.6451619244763	1	0	tensor(4, device='cuda:0')	0.2493165729083739
231308.09124802993	1000.0	706.4328827021134	78.8789688074825	0	0.0	2014.5241307319666	1	0	tensor(3, device='cuda:0')	-0.6310010024249877
231738.63542216117	1000.0	1275.888708570876	0.0	0	0.0	2014.5241307319957	1	0	tensor(3, device='cuda:0')	1.140885099088015
234017.52376218958	3000.0	224.88920254528665	0.0	0	0.0	2242.412964734802	1	0	tensor(2, device='cuda:0')	0.928279321771257
234898.20605259415	1000.0	521.2640027481934	177.0570906074695	0	0.0	2419.4700553422445	1	0	tensor(3, device='cuda:0')	-1.2555144894368584
235492.48774175614	1000.0	926.9823135862084	0.0	0	0.0	2419.4700553422445	1	0	tensor(3, device='cuda:0')	1.1054403428760682
236107.07429998348	1000.0	1312.395755358861	0.0	0	0.0	2419.4700553422153	1	0	tensor(3, device='cuda:0')	1.1054403428760713
236745.12223113072	1000.0	1674.3478242116237	0.0	0	0.0	2419.4700553422153	1	0	tensor(3, device='cuda:0')	1.1054403428760713
237315.6989119277	1000.0	2046.713475334943	0.0	0	0.0	2362.412387262535	1	0	tensor(4, device='cuda:0')	0.7960253263989374
238450.55061586614	3000.0	1798.3766010026627	0.0	0	0.0	2248.927216868702	1	0	tensor(4, device='cuda:0')	0.8924083688350837
239200.0	3000.0	1973.9822784554349	0.0	0	12.414313972258242	2173.982278455369	1	0	tensor(4, device='cuda:0')	2.0756776713540046
240200.0	3000.0	1873.9822784554578	0.0	0	372.874079928617	2073.982278455427	1	0	tensor(4, device='cuda:0')	2.032179582488724
242424.02050235312	3000.0	427.55972586702234	0.0	0	0.0	1851.5802282201184	1	0	tensor(4, device='cuda:0')	1.8016001697480013
244283.28726672917	3000.0	215.3563799289972	647.0634184380265	0	0.0	2498.6436466581654	1	0	tensor(3, device='cuda:0')	-1.8848361714850919
244688.42926623055	1000.0	810.2143804276124	0.0	0	0.0	2498.6436466581654	1	0	tensor(3, device='cuda:0')	-0.0018436438180768344
245020.28702609538	1000.0	1478.3566205627583	0.0	0	0.0	2498.6436466581654	1	0	tensor(3, device='cuda:0')	1.096768644850033
246121.68011456484	3000.0	1266.8242232463738	0.0	0	0.0	2388.5043378112314	1	0	tensor(4, device='cuda:0')	0.6855260494580689
246957.70406450593	3000.0	1347.1978783111847	0.0	0	0.0	2304.901942817145	1	0	tensor(4, device='cuda:0')	2.0461901451073037
248402.12524540693	3000.0	758.3345793200946	0.0	0	0.0	2160.4598247270333	1	0	tensor(4, device='cuda:0')	1.9364093439921677
249788.58869361956	3000.0	233.22478628617915	0.0	0	0.0	2021.8134799057443	1	0	tensor(4, device='cuda:0')	1.9586531206403168
250182.54213060348	1000.0	839.2713493022889	0.0	0	0.0	2021.8134799057443	1	0	tensor(3, device='cuda:0')	-0.15825128585049197
250770.3743756676	1000.0	1251.4391042381817	0.0	0	0.0	2021.8134799057443	1	0	tensor(3, device='cuda:0')	1.1403610028176179
252567.59685579553	3000.0	633.9388721230498	0.0	0	0.0	2201.5357279185555	1	0	tensor(2, device='cuda:0')	0.9300046108998685
254699.71279830142	3000.0	200.0	538.8505290358003	0	0.0	2899.7127983013925	1	0	tensor(2, device='cuda:0')	-1.0615800573828102
255694.8761873572	1000.0	506.49308371511563	301.6564727709176	0	0.0	3201.3692710723262	1	0	tensor(3, device='cuda:0')	-2.124280682709477
256214.82612257267	1000.0	986.5431484996683	0.0	0	0.0	3201.3692710723262	1	0	tensor(3, device='cuda:0')	0.9842704425841385
257858.3776133831	3000.0	200.0	19.421355810736515	0	0.0	3058.3776133831416	1	0	tensor(4, device='cuda:0')	0.36694206194865453
258934.03317746395	1000.0	328.4238204296463	204.0793845104635	0	0.0	3262.456997893576	1	0	tensor(3, device='cuda:0')	-1.5524014667543546
259507.43908897307	1000.0	755.0179089205413	0.0	0	0.0	3262.456997893576	1	0	tensor(3, device='cuda:0')	0.9706871289765364
260204.7837484006	1000.0	1057.6732494930172	0.0	0	0.0	3262.456997893576	1	0	tensor(3, device='cuda:0')	0.9706871289765364
261789.94549258283	3000.0	313.99533089257307	0.0	0	0.0	3103.940823475423	1	0	tensor(4, device='cuda:0')	0.4790675702555325
262933.1454727135	2000.0	292.0224716450442	121.22712088322143	0	0.0	3225.1679443585745	1	0	tensor(6, device='cuda:0')	-8.660615171387384
263424.2468224292	1000.0	800.9211219293745	0.0	0	0.0	3225.1679443585745	1	0	tensor(3, device='cuda:0')	0.2859183009002358
263921.7965231639	1000.0	1303.371421194651	0.0	0	0.0	3225.1679443586036	1	0	tensor(3, device='cuda:0')	0.9790654814601719
264272.6512728182	1000.0	1952.5166715403686	0.0	0	0.0	3225.1679443586327	1	0	tensor(3, device='cuda:0')	0.9790654814601605
265761.7047626068	3000.0	1314.5578327729033	0.0	0	0.0	3076.262595379725	1	0	tensor(4, device='cuda:0')	0.5025645857818495
266850.61284863076	2000.0	1116.7589381465777	0.0	0	0.0	2967.3717867773375	1	0	tensor(4, device='cuda:0')	1.0950409930640737
267703.6498880476	1000.0	1263.721898729719	0.0	0	0.0	2967.3717867773375	1	0	tensor(3, device='cuda:0')	0.13682245111603897
268236.6127326253	1000.0	1730.7590541520096	0.0	0	0.0	2967.3717867773375	1	0	tensor(3, device='cuda:0')	1.0299696316759843
269424.8301471372	3000.0	1423.7198981888378	0.0	0	0.0	2848.5500453261775	1	0	tensor(4, device='cuda:0')	0.6070417620485182
270181.0555301845	2000.0	1591.8719768369008	0.0	0	0.0	2772.9275070215226	1	0	tensor(4, device='cuda:0')	1.1951009122496623
271164.45496722515	2000.0	1510.132596092144	0.0	0	0.0	2674.5875633174437	1	0	tensor(4, device='cuda:0')	1.5681150488930724
271861.7053629179	2000.0	1743.1571608301108	0.0	0	0.0	2604.86252374819	1	0	tensor(4, device='cuda:0')	1.635373486876662
272846.45672756014	3000.0	1659.930659723573	0.0	0	0.0	2506.387387283903	1	0	tensor(4, device='cuda:0')	1.5890835372154577
274004.4624517928	3000.0	1386.1243630676854	0.0	0	0.0	2390.586814860755	1	0	tensor(4, device='cuda:0')	1.9721933622101204
275626.35374262335	3000.0	602.0439431540894	0.0	0	0.0	2228.397685777629	1	0	tensor(4, device='cuda:0')	1.8941777388210634
276163.0554463987	1000.0	1065.3422393787723	0.0	0	0.0	2228.397685777629	1	0	tensor(3, device='cuda:0')	-0.17473849411865416
276668.6224026532	1000.0	1559.7752831243165	0.0	0	0.0	2228.397685777629	1	0	tensor(3, device='cuda:0')	1.1238737945494557
278056.0624048471	3000.0	1033.591280711066	0.0	0	0.0	2089.653685558238	1	0	tensor(4, device='cuda:0')	0.6550712787074787
279287.2678600126	3000.0	925.506371062121	0.0	0	0.0	2212.7742310747853	1	0	tensor(2, device='cuda:0')	1.8264026270253362
280148.3410454072	3000.0	1150.5405042069542	0.0	0	0.0	2298.881549614249	1	0	tensor(2, device='cuda:0')	2.2180704245118146
281228.85159742716	3000.0	1178.081007389042	0.0	0	0.0	2406.9326048162184	1	0	tensor(2, device='cuda:0')	2.208578899789126
282340.88950413256	2000.0	954.8393100131478	0.0	0	0.0	2295.7288141456665	1	0	tensor(4, device='cuda:0')	0.7801394020271413
282858.8120342705	1000.0	1436.9167798751748	0.0	0	0.0	2295.7288141456665	1	0	tensor(3, device='cuda:0')	0.22460947287986388
283955.18936108163	3000.0	1230.901720382851	0.0	0	0.0	2186.0910814644885	1	0	tensor(4, device='cuda:0')	0.7057160997479104
285239.9263571627	3000.0	1074.6384239098397	0.0	0	0.0	2314.5647810725495	1	0	tensor(2, device='cuda:0')	1.8176876647632998
286364.0068648491	3000.0	1062.9659669920386	0.0	0	0.0	2426.972831841209	1	0	tensor(2, device='cuda:0')	2.2057209790997248
287243.01070833806	3000.0	1096.061739154184	0.0	0	0.0	2339.0724474922754	1	0	tensor(4, device='cuda:0')	1.6337307871145912
288007.8634758141	2000.0	1254.723694930426	0.0	0	0.0	2262.5871707445476	1	0	tensor(4, device='cuda:0')	1.253786789975431
288748.0810567342	3000.0	1440.4843559183462	0.0	0	0.0	2188.565412652504	1	0	tensor(4, device='cuda:0')	1.6707441983748745
289596.6333635173	3000.0	1507.076818456925	0.0	0	0.0	2103.7101819741074	1	0	tensor(4, device='cuda:0')	2.0609623084660296
292179.7630188152	3000.0	200.0	19.71096812359565	0	0.0	2379.7630188150797	1	0	tensor(2, device='cuda:0')	1.6983331200816776
292939.89478738286	1000.0	594.1287729348608	154.26054150248967	0	0.0	2534.0235603175825	1	0	tensor(3, device='cuda:0')	-1.1314960926656172
293577.9832416345	1000.0	956.0403186832445	0.0	0	0.0	2534.0235603175825	1	0	tensor(3, device='cuda:0')	1.0926794450174306
294302.2280073505	1000.0	1231.7955529672242	0.0	0	0.0	2534.0235603175242	1	0	tensor(3, device='cuda:0')	1.0926794450174349
294965.62620036735	1000.0	1568.397359950426	0.0	0	0.0	2534.0235603175242	1	0	tensor(3, device='cuda:0')	1.0926794450174375
295682.5593955875	1000.0	1851.4641647302426	0.0	0	0.0	2534.0235603175242	1	0	tensor(3, device='cuda:0')	1.0926794450174375
296269.90563248226	1000.0	2264.117927835473	0.0	0	0.0	2534.0235603175242	1	0	tensor(3, device='cuda:0')	1.0926794450174375
297583.6783786605	3000.0	1818.9679070394393	0.0	0	0.0	2402.6462856997387	1	0	tensor(4, device='cuda:0')	0.6407988028356857
299054.2732786706	3000.0	1201.313517028303	0.0	0	0.0	2255.586795698735	1	0	tensor(4, device='cuda:0')	1.9227635800204306
300635.48837486765	3000.0	461.97691121156186	0.0	0	0.0	2097.4652860790375	1	0	tensor(4, device='cuda:0')	1.914678147383659
300997.87054599595	1000.0	1099.594740083199	0.0	0	0.0	2097.4652860790375	1	0	tensor(3, device='cuda:0')	-0.16391328747063486
3.42	3.13	2.43	2.19	3.6	5.41	2.2	1.24	2.69	3.68	3.67	2.68	1.47	1.69	1.52	1.09	2.59	4.3	4.55	1.91	2.02	2.77	0.904	1.71	1.29	1.73	2.15	1.87	2.17	1.97	2.24	1.92	1.8	1.22	0.846	2.24	2.29	3.7	4.27	3.01	1.67	1.31	1.78	1.78	2.53	2.99	3.15	2.07	1.46	1.14	1.91	1.59	1.69	1.6	1.1	0.95	0.961	1.32	2.11	2.04	1.85	2.21	2.77	2.09	1.51	1.66	2.47	1.93	1.41	1.62	2.77	2.17	2.66	2.17	2.15	2.1	1.84	2.76	3.58	1.33	2.2	1.61	0.985	1.63	1.52	1.73	1.58	0.961	1.98	1.95	2.27	1.91	2.44	2.51	2.88	1.69	1.58	2.29	1.66	2.29	1.29	1.3	1.95	2.28	2.35	3.01	3.81	1.98	1.78	2.36	2.14	1.45	2.14	2.43	2.88	1.33	0.822	0.834	2.56	2.24	3.01	2.11	2.19	3.37	3.29	2.98	1.67	1.59	1.73	1.88	2.11	1.11	1.89	1.85	1.59	2.95	1.83	2.28	2.43	2.32	1.85	2.69	2.41	1.83	1.51	1.81	1.87	1.71	1.26	0.938	2.29	1.83	2.34	2.05	1.82	2.66	1.75	1.3	2.0	1.58	1.24	2.11	2.13	2.29	2.79	2.2	1.41	0.95	0.95	2.13	2.21	2.78	3.75	3.15	1.74	2.71	3.75	2.83	1.95	2.86	3.65	3.04	2.27	1.56	1.31	1.41	1.76	2.02	3.56	3.57	1.91	2.1	1.59	1.99	1.9	1.31	2.2	3.45	2.83	2.48	3.21	3.37	2.61	1.25	2.59	2.35	2.58	2.18	2.0	1.68	2.09	1.67	1.9	2.18	1.15	1.1	1.99	2.61	2.36	1.22	1.97	1.31	1.07	1.76	3.1	3.0	2.18	2.4	1.23	1.9	2.26	1.59	1.46	1.32	1.56	1.91	2.94	3.13	3.83	1.98	1.64	1.8	2.1	2.48	3.02	3.85	2.09	3.01	2.14	1.95	2.29	2.18	2.0	1.42	1.29	2.15	2.11	1.07	1.66	2.49	2.7	1.56	1.9	2.77	1.62	1.53	1.25	2.4	2.32	2.55	2.56	3.02	2.18	1.96	1.98	1.99	2.09	2.0	2.73	3.42	2.05	1.78	2.41	2.34	3.07	4.62	2.92	4.37	2.31	1.17	1.11	1.7	2.02	1.81	1.56	2.28	2.15	2.73	1.69	2.51	3.61	4.17
1915.0	1916.0	1917.0	1918.0	1919.0	1920.0	1921.0	1922.0	1923.0	1924.0	1925.0	1926.0	1927.0	1928.0	1929.0	1930.0	1931.0	1932.0	1933.0	1934.0	1935.0	1936.0	1937.0	1938.0	1939.0	1940.0	1941.0	1942.0	1943.0	1944.0	1945.0	1946.0	1947.0	1948.0	1949.0	1950.0	1951.0	1952.0	1953.0	1954.0	1955.0	1956.0	1957.0	1958.0	1959.0	1960.0	1961.0	1962.0	1963.0	1964.0	1965.0	1966.0	1967.0	1968.0	1969.0	1970.0	1971.0	1972.0	1973.0	1974.0	1975.0	1976.0	1977.0	1978.0	1979.0	1980.0	1981.0	1982.0	1983.0	1984.0	1985.0	1986.0	1987.0	1988.0	1989.0	1990.0	1991.0	1992.0	1993.0	1994.0	1995.0	1996.0	1997.0	1998.0	1999.0	2000.0	2000.0	2001.0	2002.0	2003.0	2004.0	2005.0	2006.0	2007.0	2008.0	2009.0	2010.0	2011.0	2012.0	2013.0	2014.0	2015.0	2016.0	2017.0	2018.0	2019.0	2020.0	2021.0	2022.0	2023.0	2024.0	2025.0	2026.0	2027.0	2028.0	2029.0	2030.0	2031.0	2032.0	2033.0	2034.0	2035.0	2036.0	2037.0	2038.0	2039.0	2040.0	2041.0	2042.0	2043.0	2044.0	2045.0	2046.0	2047.0	2048.0	2049.0	2050.0	2051.0	2052.0	2053.0	2054.0	2055.0	2056.0	2057.0	2058.0	2059.0	2060.0	2061.0	2062.0	2063.0	2064.0	2065.0	2066.0	2067.0	2068.0	2069.0	2070.0	2071.0	2072.0	2073.0	2074.0	2075.0	2076.0	2077.0	2078.0	2079.0	2080.0	2081.0	2082.0	2083.0	2084.0	2085.0	2086.0	2087.0	2088.0	2089.0	2090.0	2091.0	2092.0	2093.0	2094.0	2095.0	2096.0	2097.0	2098.0	2099.0	2100.0	2101.0	2102.0	2103.0	2104.0	2105.0	2106.0	2107.0	2108.0	2109.0	2110.0	2111.0	2112.0	2113.0	2114.0	2115.0	2116.0	2117.0	2118.0	2119.0	2120.0	2121.0	2122.0	2123.0	2124.0	2125.0	2126.0	2127.0	2128.0	2129.0	2130.0	2131.0	2132.0	2133.0	2134.0	2135.0	2136.0	2137.0	2138.0	2139.0	2140.0	2141.0	2142.0	2143.0	2144.0	2145.0	2146.0	2147.0	2148.0	2149.0	2150.0	2151.0	2152.0	2153.0	2154.0	2155.0	2156.0	2157.0	2158.0	2159.0	2160.0	2161.0	2162.0	2163.0	2164.0	2165.0	2166.0	2167.0	2168.0	2169.0	2170.0	2171.0	2172.0	2173.0	2174.0	2175.0	2176.0	2177.0	2178.0	2179.0	2180.0	2181.0	2182.0	2183.0	2184.0	2185.0	2186.0	2187.0	2188.0	2189.0	2190.0	2191.0	2192.0	2193.0	2194.0	2195.0	2196.0	2197.0	2198.0	2199.0	2200.0	2201.0	2202.0	2203.0	2204.0	2205.0	2206.0	2207.0	2208.0	2209.0	2210.0	2211.0	2212.0	2213.0	2214.0	2215.0
2077.0
