5470.527622461077	300.0	2000.0	345.1852310400431	0	0.0	2470.527622461077	1	0	tensor(6, device='cuda:0')	-11.166050947505216
6593.016039203964	1000.0	1877.511583257112	0.0	0	0.0	2470.527622461076	1	0	tensor(3, device='cuda:0')	-0.10405024883670885
8293.730380348032	1000.0	1176.797242113046	0.0	0	0.0	2470.527622461077	1	0	tensor(3, device='cuda:0')	1.0999225554892273
8976.854381378575	1000.0	1493.673241082502	0.0	0	0.0	2470.527622461076	1	0	tensor(3, device='cuda:0')	1.0999225554892273
9686.095581807227	1000.0	1784.4320406538482	0.0	0	0.0	2470.527622461075	1	0	tensor(3, device='cuda:0')	1.0999225554892276
10745.789777466827	1000.0	1724.7378449942464	0.0	0	0.0	2470.5276224610734	1	0	tensor(3, device='cuda:0')	1.0999225554892276
11815.054253138309	1000.0	1655.473369322763	0.0	0	0.0	2470.5276224610734	1	0	tensor(3, device='cuda:0')	1.0999225554892276
12628.280458471187	1000.0	1842.2471639898831	0.0	0	0.0	2470.5276224610734	1	0	tensor(3, device='cuda:0')	1.0999225554892276
13440.60538280448	1000.0	2029.9222396565892	0.0	0	0.0	2470.5276224610716	1	0	tensor(3, device='cuda:0')	1.0999225554892278
14223.264164052987	1000.0	2247.2634584080824	0.0	0	0.0	2470.5276224610698	1	0	tensor(3, device='cuda:0')	1.099922555489228
15200.0	1000.0	2270.527622461069	0.0	0	222.04915233873544	2470.5276224610698	1	0	tensor(3, device='cuda:0')	1.099922555489228
16263.090706764502	1000.0	2207.436915696566	0.0	0	0.0	2470.5276224610698	1	0	tensor(3, device='cuda:0')	1.099922555489228
17336.72967242916	1000.0	2133.7979500319057	0.0	0	0.0	2470.527622461068	1	0	tensor(3, device='cuda:0')	1.0999225554892282
18200.0	1000.0	2270.5276224610657	0.0	0	14.453815581236995	2470.527622461066	1	0	tensor(3, device='cuda:0')	1.0999225554892285
19200.0	1000.0	2270.5276224610648	0.0	0	143.3876603829267	2470.527622461068	1	0	tensor(3, device='cuda:0')	1.0999225554892282
20200.0	1000.0	2270.527622461065	0.0	0	158.00848537326965	2470.527622461068	1	0	tensor(3, device='cuda:0')	1.0999225554892282
21200.0	1000.0	2270.5276224610657	0.0	0	487.7167938859202	2470.5276224610716	1	0	tensor(3, device='cuda:0')	1.0999225554892278
22200.0	1000.0	2270.5276224610625	0.0	0	163.0449911418291	2470.5276224610716	1	0	tensor(3, device='cuda:0')	1.0999225554892278
23646.222030369587	1000.0	1824.305592091478	0.0	0	0.0	2470.5276224610716	1	0	tensor(3, device='cuda:0')	1.0999225554892278
24951.397023530124	1000.0	1519.1305989309387	0.0	0	0.0	2470.5276224610716	1	0	tensor(3, device='cuda:0')	1.0999225554892278
26601.724051394627	1000.0	868.8035710664383	0.0	0	0.0	2470.5276224610716	1	0	tensor(3, device='cuda:0')	1.0999225554892278
27597.35406054967	1000.0	873.1735619113954	0.0	0	0.0	2470.5276224610716	1	0	tensor(3, device='cuda:0')	1.0999225554892278
29411.632697278077	1000.0	223.39216649361524	164.4972413106243	0	0.0	2635.024863771694	1	0	tensor(3, device='cuda:0')	0.09670244858876548
29893.59073640476	500.0	757.1345097780013	15.700382411065135	0	0.0	2650.725246182763	1	0	tensor(3, device='cuda:0')	-0.40230904385398525
30591.426642656632	500.0	1059.2986035261279	0.0	0	0.0	2650.725246182763	1	0	tensor(3, device='cuda:0')	0.38504043117235104
31341.045157723296	1000.0	1309.6800884594616	0.0	0	0.0	2650.7252461827593	1	0	tensor(3, device='cuda:0')	0.38504043117235154
32162.747147495207	1000.0	1487.978098687555	0.0	0	0.0	2650.7252461827593	1	0	tensor(3, device='cuda:0')	1.078187611732297
33075.43950890791	1000.0	1575.285737274854	0.0	0	0.0	2650.7252461827666	1	0	tensor(3, device='cuda:0')	1.0781876117322964
33794.65470049144	1000.0	1856.0705456913256	0.0	0	0.0	2650.725246182763	1	0	tensor(3, device='cuda:0')	1.0781876117322962
34543.757755799095	1000.0	2106.9674903836594	0.0	0	0.0	2650.725246182752	1	0	tensor(3, device='cuda:0')	1.078187611732297
35200.0	1000.0	2450.725246182754	0.0	0	139.89088744936453	2650.7252461827557	1	0	tensor(3, device='cuda:0')	1.078187611732298
36520.31907093698	3000.0	1998.3742681520748	0.0	0	0.0	2518.6933390890626	1	0	tensor(4, device='cuda:0')	0.6262987125431647
38239.271167432955	3000.0	1107.5269620065028	0.0	0	0.0	2346.798129439456	1	0	tensor(4, device='cuda:0')	1.8613425399568366
39972.652876474735	1000.0	374.14525296472755	0.0	0	0.0	2346.798129439456	1	0	tensor(3, device='cuda:0')	-0.18576405577719998
40630.425772510265	1000.0	716.3723569291939	0.0	0	0.0	2346.798129439456	1	0	tensor(3, device='cuda:0')	1.1128482328909102
41761.64297996951	1000.0	585.1551494699426	0.0	0	0.0	2346.798129439456	1	0	tensor(3, device='cuda:0')	1.1128482328909102
42841.24045820593	500.0	505.55767123351814	0.0	0	0.0	2346.798129439456	1	0	tensor(3, device='cuda:0')	-0.27344612822898073
43261.7056842065	500.0	1085.0924452329455	0.0	0	0.0	2346.7981294394485	1	0	tensor(3, device='cuda:0')	0.41970105233096544
44482.51827279148	1000.0	864.2798566479636	0.0	0	0.0	2346.7981294394485	1	0	tensor(3, device='cuda:0')	0.4197010523309655
45211.34724853384	500.0	1135.4508809056033	0.0	0	0.0	2346.7981294394413	1	0	tensor(3, device='cuda:0')	-0.27344612822897907
46323.93281251579	1000.0	1022.8653169236501	0.0	0	0.0	2346.7981294394413	1	0	tensor(3, device='cuda:0')	0.4197010523309662
47047.74327230291	1000.0	1299.0548571365284	0.0	0	0.0	2346.7981294394413	1	0	tensor(3, device='cuda:0')	1.1128482328909115
47667.61878499793	1000.0	1679.1793444415061	0.0	0	0.0	2346.7981294394413	1	0	tensor(3, device='cuda:0')	1.1128482328909115
48572.77869865062	1000.0	1774.0194307888225	0.0	0	0.0	2346.7981294394413	1	0	tensor(3, device='cuda:0')	1.1128482328909115
49311.493603381066	1000.0	2035.30452605837	0.0	0	0.0	2346.7981294394413	1	0	tensor(3, device='cuda:0')	1.1128482328909115
50276.64336046036	1000.0	2070.154768979073	0.0	0	0.0	2346.7981294394413	1	0	tensor(3, device='cuda:0')	1.1128482328909115
51546.8077471212	1000.0	1799.9903823182265	0.0	0	0.0	2346.7981294394413	1	0	tensor(3, device='cuda:0')	1.1128482328909115
52816.1271696924	1000.0	1530.6709597470272	0.0	0	0.0	2346.7981294394413	1	0	tensor(3, device='cuda:0')	1.1128482328909115
54070.8750249336	1000.0	1275.9231045058266	0.0	0	0.0	2346.798129439434	1	0	tensor(3, device='cuda:0')	1.1128482328909124
55820.3170555658	1000.0	526.4810738736343	0.0	0	0.0	2346.7981294394413	1	0	tensor(3, device='cuda:0')	1.1128482328909115
56669.98823835726	500.0	676.8098910821632	0.0	0	0.0	2346.7981294394413	1	0	tensor(3, device='cuda:0')	-0.27344612822897907
57664.853426197435	500.0	681.944703241984	0.0	0	0.0	2346.7981294394413	1	0	tensor(3, device='cuda:0')	0.4197010523309662
58369.464993966074	500.0	977.3331354733408	0.0	0	0.0	2346.7981294394413	1	0	tensor(3, device='cuda:0')	0.4197010523309662
59406.16052167071	1000.0	940.637607768704	0.0	0	0.0	2346.7981294394413	1	0	tensor(3, device='cuda:0')	0.4197010523309662
60478.20117222084	1000.0	868.5969572185686	0.0	0	0.0	2346.7981294394413	1	0	tensor(3, device='cuda:0')	1.1128482328909115
61471.63629009118	1000.0	875.1618393482291	0.0	0	0.0	2346.7981294394413	1	0	tensor(3, device='cuda:0')	1.1128482328909115
62341.79086344453	1000.0	1005.007265994872	0.0	0	0.0	2346.798129439434	1	0	tensor(3, device='cuda:0')	1.1128482328909124
62913.117104623576	1000.0	1433.6810248158315	0.0	0	0.0	2346.798129439434	1	0	tensor(3, device='cuda:0')	1.1128482328909124
63542.92029778068	1000.0	1803.877831658731	0.0	0	0.0	2346.798129439434	1	0	tensor(3, device='cuda:0')	1.1128482328909124
64360.85308182162	1000.0	1985.9450476178006	0.0	0	0.0	2346.7981294394413	1	0	tensor(3, device='cuda:0')	1.1128482328909117
65665.30285078756	1000.0	1681.4952786518559	0.0	0	0.0	2346.798129439434	1	0	tensor(3, device='cuda:0')	1.1128482328909117
66568.51318782757	1000.0	1778.2849416118581	0.0	0	0.0	2346.798129439456	1	0	tensor(3, device='cuda:0')	1.1128482328909108
67245.59927396657	1000.0	2101.1988554728678	0.0	0	0.0	2346.798129439463	1	0	tensor(3, device='cuda:0')	1.11284823289091
68200.0	1000.0	2146.798129439411	0.0	0	174.16532913754054	2346.7981294394413	1	0	tensor(3, device='cuda:0')	1.1128482328909113
69698.23055109962	3000.0	1498.7445232298235	0.0	0	0.0	2196.9750743294717	1	0	tensor(4, device='cuda:0')	0.6239129868344567
71226.93313400926	3000.0	817.1716820292285	0.0	0	0.0	2044.1048160385544	1	0	tensor(4, device='cuda:0')	1.9283348693872062
71730.53841131061	1000.0	1313.5664047278665	0.0	0	0.0	2044.1048160385544	1	0	tensor(3, device='cuda:0')	-0.15987702921958388
74566.21211008288	3000.0	200.0	914.2496944742102	0	0.0	2766.212110082881	1	0	tensor(4, device='cuda:0')	-4.972482792106444
75284.68927198909	1000.0	619.2800218112014	137.75718371740754	0	0.0	2903.9692938002845	1	0	tensor(3, device='cuda:0')	-1.0843772207098348
76195.54744632385	1000.0	708.4218474764358	0.0	0	0.0	2903.9692938002845	1	0	tensor(3, device='cuda:0')	1.0407781702627206
77067.65233757255	1000.0	836.316956227723	0.0	0	0.0	2903.96929380027	1	0	tensor(3, device='cuda:0')	1.040778170262723
78021.80395732973	1000.0	882.1653364705472	0.0	0	0.0	2903.96929380027	1	0	tensor(3, device='cuda:0')	1.040778170262723
78686.64098783104	1000.0	1217.3283059692362	0.0	0	0.0	2903.96929380027	1	0	tensor(3, device='cuda:0')	1.040778170262723
79761.61248758459	1000.0	1142.35680621569	0.0	0	0.0	2903.9692938002845	1	0	tensor(3, device='cuda:0')	1.0407781702627206
80541.27236257555	1000.0	1362.696931224717	0.0	0	0.0	2903.9692938002845	1	0	tensor(3, device='cuda:0')	1.0407781702627206
81653.84515064713	1000.0	1250.1241431531246	0.0	0	0.0	2903.9692938002845	1	0	tensor(3, device='cuda:0')	1.0407781702627206
82492.69321795437	1000.0	1411.2760758458958	0.0	0	0.0	2903.9692938002845	1	0	tensor(3, device='cuda:0')	1.0407781702627206
84092.2851712666	1000.0	811.6841225336552	0.0	0	0.0	2903.9692938002845	1	0	tensor(3, device='cuda:0')	1.0407781702627206
85021.4918264384	1000.0	882.4774673618456	0.0	0	0.0	2903.9692938002845	1	0	tensor(3, device='cuda:0')	1.0407781702627206
85644.87839549956	1000.0	1259.0908983006884	0.0	0	0.0	2903.9692938002845	1	0	tensor(3, device='cuda:0')	1.0407781702627206
86439.30175430063	1000.0	1464.6675394996387	0.0	0	0.0	2903.969293800299	1	0	tensor(3, device='cuda:0')	1.0407781702627181
86996.13887247547	1000.0	1907.8304213247932	0.0	0	0.0	2903.969293800299	1	0	tensor(3, device='cuda:0')	1.0407781702627181
87665.69034026835	1000.0	2238.2789535319052	0.0	0	0.0	2903.969293800299	1	0	tensor(3, device='cuda:0')	1.0407781702627181
89426.97990147703	3000.0	1300.8604362023482	0.0	0	0.0	2727.8403376794013	1	0	tensor(4, device='cuda:0')	0.5088269375599924
90590.00021634465	1000.0	1137.8401213347202	0.0	0	0.0	2727.8403376794013	1	0	tensor(3, device='cuda:0')	-0.23090388828600747
91822.34437175853	1000.0	905.4959659208309	0.0	0	0.0	2727.8403376794013	1	0	tensor(3, device='cuda:0')	1.0677084003821027
92939.92273993006	1000.0	787.917597749299	0.0	0	0.0	2727.8403376794013	1	0	tensor(3, device='cuda:0')	1.0677084003821027
93765.61087466145	1000.0	962.2294630179122	0.0	0	0.0	2727.8403376794013	1	0	tensor(3, device='cuda:0')	1.0677084003821027
95111.99887185798	1000.0	615.8414658213829	0.0	0	0.0	2727.8403376794013	1	0	tensor(3, device='cuda:0')	1.0677084003821027
96040.68431391675	500.0	687.1560237626229	0.0	0	0.0	2727.8403376794013	1	0	tensor(3, device='cuda:0')	-0.31858596073778833
96685.44868022144	500.0	1042.3916574579182	0.0	0	0.0	2727.8403376793867	1	0	tensor(3, device='cuda:0')	0.37456121982215923
97248.24608335196	500.0	1479.5942543273852	0.0	0	0.0	2727.840337679372	1	0	tensor(3, device='cuda:0')	0.3745612198221613
98723.40856694641	1000.0	1004.4317707329162	0.0	0	0.0	2727.840337679372	1	0	tensor(3, device='cuda:0')	0.3745612198221614
99558.21380493621	1000.0	1169.6265327431188	0.0	0	0.0	2727.840337679372	1	0	tensor(3, device='cuda:0')	1.0677084003821067
100519.96214783653	1000.0	1207.878189842816	0.0	0	0.0	2727.840337679372	1	0	tensor(3, device='cuda:0')	1.0677084003821067
101146.76521043951	1000.0	1581.0751272398263	0.0	0	0.0	2727.840337679372	1	0	tensor(3, device='cuda:0')	1.0677084003821067
101666.31511921233	1000.0	2061.525218466977	0.0	0	0.0	2727.8403376793576	1	0	tensor(3, device='cuda:0')	1.067708400382109
102424.01750400921	1000.0	2303.822833670093	0.0	0	0.0	2727.8403376793576	1	0	tensor(3, device='cuda:0')	1.067708400382109
104523.52511330541	3000.0	994.364463444266	0.0	0	0.0	2517.889576749716	1	0	tensor(4, device='cuda:0')	0.4669914230186694
105359.60901002638	1000.0	1158.280566723313	0.0	0	0.0	2517.889576749716	1	0	tensor(3, device='cuda:0')	-0.20405119966938545
106096.01645226739	1000.0	1421.8731244823048	0.0	0	0.0	2517.889576749716	1	0	tensor(3, device='cuda:0')	1.0945610889987245
106812.3519579024	1000.0	1705.5376188472976	0.0	0	0.0	2517.8895767497306	1	0	tensor(3, device='cuda:0')	1.0945610889987227
107275.47434962733	1000.0	2242.415227122374	0.0	0	0.0	2517.889576749745	1	0	tensor(3, device='cuda:0')	1.0945610889987212
108550.30987405921	3000.0	1840.0961502473115	0.0	0	0.0	2390.4060243065906	1	0	tensor(4, device='cuda:0')	0.6499652049333822
110484.40515197259	3000.0	712.591344542587	0.0	0	0.0	2196.9964965152612	1	0	tensor(4, device='cuda:0')	1.8328637083668244
111357.04467690292	1000.0	839.9518196122549	0.0	0	0.0	2196.9964965152467	1	0	tensor(3, device='cuda:0')	-0.1720173146656242
112111.69636514694	1000.0	1085.300131368232	0.0	0	0.0	2196.996496515232	1	0	tensor(3, device='cuda:0')	1.126594974002487
112573.81192816216	1000.0	1623.1845683529993	0.0	0	0.0	2196.996496515232	1	0	tensor(3, device='cuda:0')	1.126594974002487
113479.54399089757	1000.0	1717.4525056175814	0.0	0	0.0	2196.996496515232	1	0	tensor(3, device='cuda:0')	1.126594974002487
114234.05197542097	1000.0	1962.9445210941622	0.0	0	0.0	2196.996496515232	1	0	tensor(3, device='cuda:0')	1.126594974002487
115200.0	1000.0	1996.9964965151244	0.0	0	401.17606160351716	2196.996496515232	1	0	tensor(3, device='cuda:0')	1.126594974002487
117400.00825855606	3000.0	576.9874121034691	0.0	0	0.0	1976.9956706596422	1	0	tensor(4, device='cuda:0')	0.4987533274895912
118621.28779118125	1000.0	364.76509455539156	9.057215077130905	0	0.0	1986.0528857367754	1	0	tensor(3, device='cuda:0')	-0.21005834280633232
119299.943385366	1000.0	700.899046130931	14.789545760285733	0	0.0	2000.8424314970616	1	0	tensor(3, device='cuda:0')	1.0531216398876617
119947.73968701485	1000.0	1053.1027444820866	0.0	0	0.0	2000.8424314970616	1	0	tensor(3, device='cuda:0')	1.141858914449376
120580.37504712467	1000.0	1420.4673843722649	0.0	0	0.0	2000.8424314970762	1	0	tensor(3, device='cuda:0')	1.1418589144493752
121902.66036850706	1000.0	1098.182062989862	0.0	0	0.0	2000.8424314970762	1	0	tensor(3, device='cuda:0')	1.1418589144493752
122815.78303934286	1000.0	1185.0593921540803	0.0	0	0.0	2000.8424314970616	1	0	tensor(3, device='cuda:0')	1.141858914449376
123370.38084204894	1000.0	1630.4615894480062	0.0	0	0.0	2000.8424314970616	1	0	tensor(3, device='cuda:0')	1.141858914449376
125322.08268578569	3000.0	483.58956133755663	0.0	0	0.0	1805.6722471233516	1	0	tensor(4, device='cuda:0')	0.5601392754010678
126018.4726812925	1000.0	787.199565830752	0.0	0	0.0	1805.6722471233516	1	0	tensor(3, device='cuda:0')	-0.14417628454019327
126972.31735636256	1000.0	833.3548907606926	0.0	0	0.0	1805.672247123366	1	0	tensor(3, device='cuda:0')	1.1544360041279158
128000.87026979672	1000.0	804.8019773265199	0.0	0	0.0	1805.672247123366	1	0	tensor(3, device='cuda:0')	1.1544360041279158
128834.69222680114	1000.0	970.9800203220977	0.0	0	0.0	1805.672247123366	1	0	tensor(3, device='cuda:0')	1.1544360041279158
129647.3966546693	1000.0	1158.2755924539492	0.0	0	0.0	1805.6722471233807	1	0	tensor(3, device='cuda:0')	1.154436004127915
131861.1423073914	1000.0	200.0	255.47006026813114	0	0.0	2061.14230739139	1	0	tensor(3, device='cuda:0')	-0.3874326218565566
132480.50955225073	500.0	712.9181720153392	132.2854168746939	0	0.0	2193.4277242660755	1	0	tensor(3, device='cuda:0')	-1.0531077616477125
132976.2691164205	500.0	1217.158607845569	0.0	0	0.0	2193.42772426609	1	0	tensor(3, device='cuda:0')	0.43375192016039527
133852.68282495777	1000.0	1340.744899308306	0.0	0	0.0	2193.4277242661046	1	0	tensor(3, device='cuda:0')	0.43375192016039354
134681.22885908463	1000.0	1512.1988651814468	0.0	0	0.0	2193.4277242661337	1	0	tensor(3, device='cuda:0')	1.1268991007203364
135631.02983895584	1000.0	1562.3978853102376	0.0	0	0.0	2193.4277242661337	1	0	tensor(3, device='cuda:0')	1.1268991007203364
137014.40392297393	1000.0	1179.0238012921807	0.0	0	0.0	2193.4277242661337	1	0	tensor(3, device='cuda:0')	1.1268991007203364
138316.9676176049	1000.0	876.4601066611967	0.0	0	0.0	2193.4277242661337	1	0	tensor(3, device='cuda:0')	1.1268991007203364
139854.6031975984	1000.0	338.824526667672	0.0	0	0.0	2193.4277242661337	1	0	tensor(3, device='cuda:0')	1.1268991007203364
140237.05485755883	500.0	956.3728667072037	0.0	0	0.0	2193.4277242661337	1	0	tensor(3, device='cuda:0')	-0.2593952603995542
140975.35579387832	1000.0	1218.0719303876947	0.0	0	0.0	2193.4277242661337	1	0	tensor(3, device='cuda:0')	0.4337519201603911
141723.55707418657	1000.0	1469.8706500794624	0.0	0	0.0	2193.4277242661337	1	0	tensor(3, device='cuda:0')	1.1268991007203364
142787.03468348988	1000.0	1406.3930407761811	0.0	0	0.0	2193.4277242661337	1	0	tensor(3, device='cuda:0')	1.1268991007203364
144297.31190876607	1000.0	896.11581549997	0.0	0	0.0	2193.427724266163	1	0	tensor(3, device='cuda:0')	1.126899100720334
145358.1884434323	1000.0	835.2392808337195	0.0	0	0.0	2193.4277242661337	1	0	tensor(3, device='cuda:0')	1.1268991007203364
146115.13079516054	1000.0	1078.2969291054915	0.0	0	0.0	2193.427724266163	1	0	tensor(3, device='cuda:0')	1.126899100720334
147041.86299812858	1000.0	1151.564726137466	0.0	0	0.0	2193.427724266163	1	0	tensor(3, device='cuda:0')	1.126899100720334
147630.2930000409	1000.0	1563.134724225158	0.0	0	0.0	2193.427724266163	1	0	tensor(3, device='cuda:0')	1.126899100720334
148472.4342893516	1000.0	1720.9934349144557	0.0	0	0.0	2193.427724266192	1	0	tensor(3, device='cuda:0')	1.1268991007203315
149200.0	1000.0	1993.4277242660573	0.0	0	113.80419729507412	2193.427724266192	1	0	tensor(3, device='cuda:0')	1.1268991007203315
150200.0	1000.0	1993.42772426607	0.0	0	121.19363103457727	2193.427724266192	1	0	tensor(3, device='cuda:0')	1.1268991007203315
151200.0	1000.0	1993.4277242660519	0.0	0	191.87992725873482	2193.427724266192	1	0	tensor(3, device='cuda:0')	1.1268991007203315
152200.0	1000.0	1993.427724266066	0.0	0	287.6358948050474	2193.427724266163	1	0	tensor(3, device='cuda:0')	1.126899100720334
153200.0	1000.0	1993.42772426611	0.0	0	355.2428578422114	2193.427724266163	1	0	tensor(3, device='cuda:0')	1.126899100720334
154200.0	1000.0	1993.4277242661474	0.0	0	381.20125913701486	2193.427724266192	1	0	tensor(3, device='cuda:0')	1.1268991007203315
155200.0	1000.0	1993.4277242661324	0.0	0	392.6242695589317	2193.427724266192	1	0	tensor(3, device='cuda:0')	1.1268991007203315
156283.08738442068	1000.0	1910.3403398454614	0.0	0	0.0	2193.427724266192	1	0	tensor(3, device='cuda:0')	1.1268991007203315
157543.733624231	1000.0	1649.694100035149	0.0	0	0.0	2193.427724266192	1	0	tensor(3, device='cuda:0')	1.1268991007203315
158200.0	1000.0	1993.4277242661838	0.0	0	91.91079463530332	2193.427724266192	1	0	tensor(3, device='cuda:0')	1.1268991007203315
159200.0	1000.0	1993.4277242661578	0.0	0	177.3807517948153	2193.427724266192	1	0	tensor(3, device='cuda:0')	1.1268991007203315
160200.0	1000.0	1993.427724266171	0.0	0	525.4550141808577	2193.427724266163	1	0	tensor(3, device='cuda:0')	1.126899100720334
162323.78029882204	3000.0	657.2693955619256	0.0	0	0.0	1981.0496943839826	1	0	tensor(4, device='cuda:0')	0.5148326110512309
162781.07443776747	1000.0	1199.9752566165216	0.0	0	0.0	1981.0496943839826	1	0	tensor(3, device='cuda:0')	-0.15536713499960444
163291.60241170958	1000.0	1689.447282674389	0.0	0	0.0	1981.0496943839826	1	0	tensor(3, device='cuda:0')	1.1432451536685055
164717.72024818978	3000.0	1405.9412298422383	0.0	0	0.0	2123.6614780320087	1	0	tensor(2, device='cuda:0')	0.9359006103896331
167428.05157217456	3000.0	200.0	259.28551304891914	0	0.0	2628.0515721745905	1	0	tensor(2, device='cuda:0')	0.6509913094836091
168083.98822807317	1000.0	705.8143494347253	161.75100533331963	0	0.0	2789.802577507915	1	0	tensor(3, device='cuda:0')	-1.2103901195552789
168706.96800731646	1000.0	1082.834570191472	0.0	0	0.0	2789.802577507915	1	0	tensor(3, device='cuda:0')	1.0587282011127483
169153.85033731777	1000.0	1635.952240190149	0.0	0	0.0	2789.802577507886	1	0	tensor(3, device='cuda:0')	1.0587282011127528
169901.8387565177	1000.0	1887.9638209901832	0.0	0	0.0	2789.802577507886	1	0	tensor(3, device='cuda:0')	1.0587282011127528
170977.44844782227	3000.0	1704.793160555178	0.0	0	0.0	2682.2416083774588	1	0	tensor(4, device='cuda:0')	0.654771889311965
171755.62048028805	1000.0	1926.621128089394	0.0	0	0.0	2682.2416083774588	1	0	tensor(3, device='cuda:0')	-0.22461687650528958
172243.557674626	1000.0	2438.6839337514893	0.0	0	0.0	2682.241608377488	1	0	tensor(3, device='cuda:0')	1.0739954121628164
174175.78597665793	3000.0	1313.232801516356	0.0	0	0.0	2489.0187781742716	1	0	tensor(4, device='cuda:0')	0.5056674372152312
174677.69879093565	1000.0	1811.3199872386765	0.0	0	0.0	2489.0187781742716	1	0	tensor(3, device='cuda:0')	-0.20075455791973018
175377.2816609649	1000.0	2111.73711720943	0.0	0	0.0	2489.0187781742716	1	0	tensor(3, device='cuda:0')	1.0978577307483797
176200.0	1000.0	2289.0187781743143	0.0	0	262.1564809282427	2489.0187781742716	1	0	tensor(3, device='cuda:0')	1.0978577307483797
177535.0117776188	1000.0	1954.0070005555194	0.0	0	0.0	2489.0187781742716	1	0	tensor(3, device='cuda:0')	1.0978577307483797
178939.3137162551	1000.0	1549.7050619192034	0.0	0	0.0	2489.0187781742716	1	0	tensor(3, device='cuda:0')	1.0978577307483797
179647.4849447485	1000.0	1770.716710576446	0.0	0	0.0	2418.2016553248977	1	0	tensor(4, device='cuda:0')	0.7620661536846178
180200.0	1000.0	2218.2016553249105	0.0	0	128.56038111567614	2418.2016553248977	1	0	tensor(3, device='cuda:0')	0.9055740586488746
181643.1485006712	3000.0	1630.7383045865643	0.0	0	0.0	2273.88680525776	1	0	tensor(4, device='cuda:0')	0.6275556849184185
183298.92413555196	3000.0	809.3851062177845	0.0	0	0.0	2108.309241769719	1	0	tensor(4, device='cuda:0')	1.8978137457957274
183829.87257042638	1000.0	1225.3418278558906	0.0	0	0.0	2055.214398282231	1	0	tensor(4, device='cuda:0')	-0.0678516121466255
186852.6479285539	3000.0	200.0	1181.5555146221811	0	0.0	3052.6479285538953	1	0	tensor(4, device='cuda:0')	-6.381179074610933
187255.93155606827	300.0	798.8895711680416	2.173198682420036	0	0.0	3054.821127236326	1	0	tensor(3, device='cuda:0')	-2.70559325947572
187785.49748262687	500.0	1269.3236446094288	0.0	0	0.0	3054.821127236326	1	0	tensor(3, device='cuda:0')	-0.18996897438715316
188545.23435525873	1000.0	1509.5867719775727	0.0	0	0.0	3054.821127236326	1	0	tensor(3, device='cuda:0')	0.32085664937883757
189134.81494358685	1000.0	1920.0061836494174	0.0	0	0.0	3054.821127236326	1	0	tensor(3, device='cuda:0')	1.014003829938783
190548.1786818667	3000.0	1365.3060715415684	0.0	0	0.0	2913.484753408353	1	0	tensor(4, device='cuda:0')	0.5507538681638695
191517.38613848138	2000.0	1299.1778692654245	0.0	0	0.0	2816.5640077468997	1	0	tensor(4, device='cuda:0')	1.1443345784707155
192772.80889191842	2000.0	1043.7551158284145	0.0	0	0.0	2816.5640077468997	1	0	tensor(3, device='cuda:0')	1.5478351339105998
193408.6655026187	1000.0	1407.8985051281363	0.0	0	0.0	2816.5640077468997	1	0	tensor(3, device='cuda:0')	0.36154077279070973
194259.91970847372	1000.0	1556.6442992731165	0.0	0	0.0	2816.5640077468997	1	0	tensor(3, device='cuda:0')	1.054687953350655
195658.7361935652	1000.0	1157.8278141816304	0.0	0	0.0	2816.5640077468997	1	0	tensor(3, device='cuda:0')	1.054687953350655
196347.5683241606	1000.0	1468.9956835862083	0.0	0	0.0	2816.5640077468706	1	0	tensor(3, device='cuda:0')	1.0546879533506592
196869.04792899132	1000.0	1947.516078755482	0.0	0	0.0	2816.5640077468415	1	0	tensor(3, device='cuda:0')	1.054687953350664
197361.0659510076	1000.0	2455.4980567392236	0.0	0	0.0	2816.5640077468706	1	0	tensor(3, device='cuda:0')	1.0546879533506592
199550.2138776766	3000.0	1047.4353374033	0.0	0	0.0	2597.6492150799313	1	0	tensor(4, device='cuda:0')	0.43897687491086895
200245.13459153863	1000.0	1352.5146235412678	0.0	0	0.0	2597.6492150799313	1	0	tensor(3, device='cuda:0')	-0.21363730207438592
201729.5312859415	1000.0	868.1179291383828	0.0	0	0.0	2597.6492150799313	1	0	tensor(3, device='cuda:0')	1.084974986593724
202530.82901070648	1000.0	1066.8202043734054	0.0	0	0.0	2597.6492150799604	1	0	tensor(3, device='cuda:0')	1.0849749865937202
203299.87533109786	1000.0	1297.7738839820233	0.0	0	0.0	2597.6492150799604	1	0	tensor(3, device='cuda:0')	1.0849749865937202
204449.32037086214	1000.0	1148.3288442177661	0.0	0	0.0	2597.6492150799604	1	0	tensor(3, device='cuda:0')	1.0849749865937202
205868.00304763648	1000.0	729.6461674434579	0.0	0	0.0	2597.6492150799604	1	0	tensor(3, device='cuda:0')	1.0849749865937202
207005.90954706824	1000.0	591.7396680116751	0.0	0	0.0	2597.6492150799604	1	0	tensor(3, device='cuda:0')	1.0849749865937202
208095.81930046875	1000.0	501.82991461117444	0.0	0	0.0	2597.6492150799604	1	0	tensor(3, device='cuda:0')	1.0849749865937202
209153.9513065899	1000.0	443.6979084900222	0.0	0	0.0	2597.6492150799604	1	0	tensor(3, device='cuda:0')	1.0849749865937202
209863.62431189054	500.0	734.024903189342	0.0	0	0.0	2597.6492150799604	1	0	tensor(3, device='cuda:0')	-0.3013193745261705
210385.75313928185	500.0	1211.8960757980478	0.0	0	0.0	2597.6492150799604	1	0	tensor(3, device='cuda:0')	0.39182780603377476
211472.22735444288	1000.0	1125.4218606370177	0.0	0	0.0	2597.6492150799604	1	0	tensor(3, device='cuda:0')	0.39182780603377476
212161.79208296447	1000.0	1435.8571321154152	0.0	0	0.0	2597.6492150799604	1	0	tensor(3, device='cuda:0')	1.0849749865937202
213381.35265022263	1000.0	1216.2965648572927	0.0	0	0.0	2597.6492150799604	1	0	tensor(3, device='cuda:0')	1.0849749865937202
214553.5022267014	1000.0	1044.146988378505	0.0	0	0.0	2597.6492150799604	1	0	tensor(3, device='cuda:0')	1.0849749865937202
215608.28245770562	1000.0	989.3667573743379	0.0	0	0.0	2597.6492150799604	1	0	tensor(3, device='cuda:0')	1.0849749865937202
216326.13926521706	1000.0	1271.509949862874	0.0	0	0.0	2597.6492150799604	1	0	tensor(3, device='cuda:0')	1.0849749865937202
217377.43631479453	1000.0	1220.2129002853676	0.0	0	0.0	2597.6492150799313	1	0	tensor(3, device='cuda:0')	1.084974986593724
218418.94263479745	1000.0	1178.7065802824363	0.0	0	0.0	2597.6492150799604	1	0	tensor(3, device='cuda:0')	1.0849749865937202
219181.68862206873	1000.0	1415.9605930111702	0.0	0	0.0	2597.6492150799895	1	0	tensor(3, device='cuda:0')	1.0849749865937166
219769.6489921667	1000.0	1828.000222913201	0.0	0	0.0	2597.6492150799895	1	0	tensor(3, device='cuda:0')	1.0849749865937166
220272.07430881524	1000.0	2325.574906264668	0.0	0	0.0	2597.6492150799895	1	0	tensor(3, device='cuda:0')	1.0849749865937166
222536.57480871916	3000.0	834.6243563703457	0.0	0	0.0	2371.1991650895798	1	0	tensor(4, device='cuda:0')	0.4487955276213432
224111.07488702363	1000.0	260.1242780658855	0.0	0	0.0	2371.199165089609	1	0	tensor(3, device='cuda:0')	-0.18819471756381934
224724.4991275679	500.0	712.376606406206	65.67656888462045	0	0.0	2436.875733974215	1	0	tensor(3, device='cuda:0')	-0.6767646440499
226008.4338945655	1000.0	428.4418394085974	0.0	0	0.0	2436.875733974186	1	0	tensor(3, device='cuda:0')	0.41044194981777127
226699.9959781229	500.0	736.8797558512088	0.0	0	0.0	2436.875733974186	1	0	tensor(3, device='cuda:0')	-0.282705230742174
227416.0516733172	500.0	1020.8240606568831	0.0	0	0.0	2436.875733974186	1	0	tensor(3, device='cuda:0')	0.41044194981777127
228204.80326109624	500.0	1232.0724728778646	0.0	0	0.0	2436.875733974186	1	0	tensor(3, device='cuda:0')	0.41044194981777127
229416.287403785	1000.0	1020.5883301890635	0.0	0	0.0	2436.875733974186	1	0	tensor(3, device='cuda:0')	0.41044194981777127
230222.80221103958	1000.0	1214.0735229345087	0.0	0	0.0	2436.875733974215	1	0	tensor(3, device='cuda:0')	1.1035891303777137
230978.17449221484	1000.0	1458.701241759206	0.0	0	0.0	2436.875733974215	1	0	tensor(3, device='cuda:0')	1.1035891303777137
232025.16155602707	1000.0	1411.7141779469869	0.0	0	0.0	2436.875733974215	1	0	tensor(3, device='cuda:0')	1.1035891303777137
232689.4187910425	1000.0	1747.456942931561	0.0	0	0.0	2436.875733974215	1	0	tensor(3, device='cuda:0')	1.1035891303777137
233562.1343257153	1000.0	1874.7414082587427	0.0	0	0.0	2436.875733974215	1	0	tensor(3, device='cuda:0')	1.1035891303777137
234789.1650803123	1000.0	1647.7106536617473	0.0	0	0.0	2436.875733974186	1	0	tensor(3, device='cuda:0')	1.1035891303777166
235760.76399652794	1000.0	1676.1117374461012	0.0	0	0.0	2436.875733974157	1	0	tensor(3, device='cuda:0')	1.1035891303777199
236708.21861969985	1000.0	1728.6571142741802	0.0	0	0.0	2436.875733974157	1	0	tensor(3, device='cuda:0')	1.1035891303777199
237374.26405127664	1000.0	2062.6116826974066	0.0	0	0.0	2436.875733974186	1	0	tensor(3, device='cuda:0')	1.1035891303777166
238464.09132836398	1000.0	1972.7844056100687	0.0	0	0.0	2436.875733974186	1	0	tensor(3, device='cuda:0')	1.1035891303777166
239355.1758856447	1000.0	2081.699848329339	0.0	0	0.0	2436.875733974186	1	0	tensor(3, device='cuda:0')	1.1035891303777166
240266.78813262752	1000.0	2170.087601346545	0.0	0	0.0	2436.875733974186	1	0	tensor(3, device='cuda:0')	1.1035891303777166
241617.99339635784	1000.0	1818.8823376162266	0.0	0	0.0	2436.875733974186	1	0	tensor(3, device='cuda:0')	1.1035891303777166
242648.69281445592	1000.0	1788.1829195181463	0.0	0	0.0	2436.875733974186	1	0	tensor(3, device='cuda:0')	1.1035891303777166
243225.13999214224	1000.0	2211.7357418318334	0.0	0	0.0	2436.875733974186	1	0	tensor(3, device='cuda:0')	1.1035891303777166
244200.0	1000.0	2236.8757339740864	0.0	0	429.1757655744732	2436.875733974186	1	0	tensor(3, device='cuda:0')	1.1035891303777166
245218.03095204083	1000.0	2218.8447819332846	0.0	0	38.90806999063352	2436.875733974186	1	0	tensor(3, device='cuda:0')	1.1035891303777166
247170.71625942527	1000.0	1266.1594745488264	0.0	0	0.0	2436.875733974186	1	0	tensor(3, device='cuda:0')	1.1035891303777166
247986.8859402673	1000.0	1449.989793706766	0.0	0	0.0	2436.875733974186	1	0	tensor(3, device='cuda:0')	1.1035891303777166
249044.12619483788	1000.0	1392.7495391361567	0.0	0	0.0	2436.875733974186	1	0	tensor(3, device='cuda:0')	1.1035891303777166
250126.838470106	1000.0	1310.0372638680228	0.0	0	0.0	2436.875733974186	1	0	tensor(3, device='cuda:0')	1.1035891303777166
250923.31410876985	1000.0	1513.5616252041675	0.0	0	0.0	2436.875733974186	1	0	tensor(3, device='cuda:0')	1.1035891303777166
252559.19563728533	1000.0	877.6800966886808	0.0	0	0.0	2436.875733974186	1	0	tensor(3, device='cuda:0')	1.1035891303777166
253279.1334114901	1000.0	1157.742322483903	0.0	0	0.0	2436.875733974186	1	0	tensor(3, device='cuda:0')	1.1035891303777166
254141.82196249787	1000.0	1295.0537714761756	0.0	0	0.0	2436.875733974186	1	0	tensor(3, device='cuda:0')	1.1035891303777166
254626.5481240917	1000.0	1810.3276098823458	0.0	0	0.0	2436.875733974186	1	0	tensor(3, device='cuda:0')	1.1035891303777166
255200.0	1000.0	2236.8757339740637	0.0	0	87.35837566907867	2436.875733974186	1	0	tensor(3, device='cuda:0')	1.1035891303777166
257096.55452646612	3000.0	1150.6657548613837	0.0	0	0.0	2247.220281327638	1	0	tensor(4, device='cuda:0')	0.537964283695102
257669.89776102692	1000.0	1577.322520300588	0.0	0	0.0	2247.220281327638	1	0	tensor(3, device='cuda:0')	-0.17640918987978346
258673.8249295643	1000.0	1573.3953517632133	0.0	0	0.0	2247.220281327638	1	0	tensor(3, device='cuda:0')	1.1222030987883265
259774.50801898702	1000.0	1472.7122623404798	0.0	0	0.0	2247.220281327638	1	0	tensor(3, device='cuda:0')	1.1222030987883265
260706.99258476106	1000.0	1540.2276965664246	0.0	0	0.0	2247.220281327638	1	0	tensor(3, device='cuda:0')	1.1222030987883265
261691.80084982348	1000.0	1555.419431504002	0.0	0	0.0	2247.220281327638	1	0	tensor(3, device='cuda:0')	1.1222030987883265
262569.30587573664	1000.0	1677.9144055908305	0.0	0	0.0	2247.220281327667	1	0	tensor(3, device='cuda:0')	1.122203098788326
264192.6416755931	1000.0	1054.5786057343735	0.0	0	0.0	2247.220281327667	1	0	tensor(3, device='cuda:0')	1.1222030987883234
265403.56880864257	1000.0	843.6514726849841	0.0	0	0.0	2247.220281327667	1	0	tensor(3, device='cuda:0')	1.1222030987883238
266218.2409521442	1000.0	1028.9793291833498	0.0	0	0.0	2247.220281327609	1	0	tensor(3, device='cuda:0')	1.1222030987883291
266682.89194720896	1000.0	1564.3283341185697	0.0	0	0.0	2247.220281327609	1	0	tensor(3, device='cuda:0')	1.1222030987883291
267200.0	1000.0	2047.220281327543	0.0	0	14.582565766642801	2247.220281327609	1	0	tensor(3, device='cuda:0')	1.1222030987883291
270329.17620020173	3000.0	200.0	540.7941262676312	0	0.0	2529.176200201735	1	0	tensor(4, device='cuda:0')	-2.8428617581891915
271223.3523641216	1000.0	580.1489574566524	274.32512137652566	0	0.0	2803.501321578282	1	0	tensor(3, device='cuda:0')	-1.8878905060950066
271768.69158210006	1000.0	1034.8097394781717	0.0	0	0.0	2803.501321578282	1	0	tensor(3, device='cuda:0')	1.0566725108322563
273351.6334848981	1000.0	451.8678366802209	0.0	0	0.0	2803.501321578282	1	0	tensor(3, device='cuda:0')	1.0566725108322563
274408.3907396386	500.0	519.8148271813436	124.70424524166064	0	0.0	2928.205566819932	1	0	tensor(3, device='cuda:0')	-1.0977998028787341
275084.3513320603	500.0	843.8542347596759	0.0	0	0.0	2928.205566819932	1	0	tensor(3, device='cuda:0')	0.3435728491311754
275811.5384936146	1000.0	1116.6670732053121	0.0	0	0.0	2928.205566819932	1	0	tensor(3, device='cuda:0')	0.3435728491311755
276714.06519472465	1000.0	1214.140372095223	0.0	0	0.0	2928.2055668198736	1	0	tensor(3, device='cuda:0')	1.0367200296911308
277776.91777332244	1000.0	1151.287793497466	0.0	0	0.0	2928.2055668198736	1	0	tensor(3, device='cuda:0')	1.0367200296911308
278656.4217483285	1000.0	1271.7838184914615	0.0	0	0.0	2928.2055668198736	1	0	tensor(3, device='cuda:0')	1.0367200296911308
279325.6909693716	1000.0	1602.5145974483512	0.0	0	0.0	2928.2055668198736	1	0	tensor(3, device='cuda:0')	1.0367200296911308
279884.94403893634	1000.0	2043.2615278835785	0.0	0	0.0	2928.2055668198736	1	0	tensor(3, device='cuda:0')	1.0367200296911308
280498.6278807826	1000.0	2429.577686037385	0.0	0	0.0	2928.2055668198736	1	0	tensor(3, device='cuda:0')	1.0367200296911308
281200.0	1000.0	2728.205566820032	0.0	0	186.33786218555178	2928.2055668198736	1	0	tensor(3, device='cuda:0')	1.0367200296911308
284534.5426407118	3000.0	200.0	127.08303451176647	0	0.0	2734.5426407116465	1	0	tensor(4, device='cuda:0')	-0.5369777380606418
285706.65421987703	1000.0	406.0323799735371	378.14395913863655	0	0.0	3112.68659985048	1	0	tensor(3, device='cuda:0')	-2.5647498747504143
286627.8260385855	1000.0	484.860561264983	0.0	0	0.0	3112.68659985048	1	0	tensor(3, device='cuda:0')	1.0027261687495144
287080.35016329796	500.0	1032.3364365525936	0.0	0	0.0	3112.68659985048	1	0	tensor(3, device='cuda:0')	-0.38356819237037654
287883.19721332757	1000.0	1229.489386522966	0.0	0	0.0	3112.68659985048	1	0	tensor(3, device='cuda:0')	0.30957898818956886
288866.5365862322	1000.0	1246.1500136183397	0.0	0	0.0	3112.686599850538	1	0	tensor(3, device='cuda:0')	1.0027261687495026
289905.0435425396	1000.0	1207.6430573109517	0.0	0	0.0	3112.686599850538	1	0	tensor(3, device='cuda:0')	1.0027261687495026
290872.3453393085	1000.0	1240.3412605420476	0.0	0	0.0	3112.6865998505964	1	0	tensor(3, device='cuda:0')	1.0027261687494908
291707.90579369327	1000.0	1404.780806157318	0.0	0	0.0	3112.6865998505964	1	0	tensor(3, device='cuda:0')	1.0027261687494908
292494.96947968926	1000.0	1617.7171201613578	0.0	0	0.0	3112.6865998505964	1	0	tensor(3, device='cuda:0')	1.0027261687494908
293313.6565043391	1000.0	1799.030095511521	0.0	0	0.0	3112.6865998505964	1	0	tensor(3, device='cuda:0')	1.0027261687494908
293788.0505777356	1000.0	2324.636022115009	0.0	0	0.0	3112.6865998506546	1	0	tensor(3, device='cuda:0')	1.0027261687494795
294751.9411393034	1000.0	2264.3564043905185	0.0	0	0.0	3016.297543693974	1	0	tensor(4, device='cuda:0')	0.6239097788176221
295755.0054490159	1000.0	2261.2920946780387	0.0	0	0.0	3016.297543693974	1	0	tensor(3, device='cuda:0')	0.8211929122275343
296754.55920343864	1000.0	2261.738340255288	0.0	0	0.0	3016.297543693974	1	0	tensor(3, device='cuda:0')	1.0211929122275345
297641.77569724654	1000.0	2374.5218464474056	0.0	0	0.0	3016.297543693974	1	0	tensor(3, device='cuda:0')	1.0211929122275345
298367.0926881903	1000.0	2649.204855503631	0.0	0	0.0	3016.297543693974	1	0	tensor(3, device='cuda:0')	1.0211929122275345
299577.9797506079	1000.0	2438.3177930859947	0.0	0	0.0	3016.297543693974	1	0	tensor(3, device='cuda:0')	1.0211929122275345
300258.4245722006	1000.0	2757.8729714933465	0.0	0	0.0	3016.297543693916	1	0	tensor(3, device='cuda:0')	1.0211929122275452
301200.0	1000.0	2816.2975436939437	0.0	0	190.40988715208368	3016.297543693916	1	0	tensor(3, device='cuda:0')	1.0211929122275452
302200.0	1000.0	2816.297543693855	0.0	0	383.5681055242312	3016.297543693916	1	0	tensor(3, device='cuda:0')	1.0211929122275452
303200.0	1000.0	2716.2975436938623	0.0	0	339.4506611265824	2916.297543693974	1	0	tensor(4, device='cuda:0')	0.6321718819850948
1.23	0.649	0.521	0.996	1.55	1.2	1.16	1.36	1.46	1.47	1.03	1.18	1.09	1.15	1.6	1.55	1.51	0.776	0.672	0.834	0.846	0.799	0.753	0.475	0.765	0.985	1.1	1.27	1.63	1.46	2.11	2.02	1.34	0.66	0.741	1.29	0.753	0.614	1.09	0.556	1.16	1.24	2.02	1.41	1.01	0.927	0.695	0.961	1.09	0.672	0.811	0.683	0.452	0.973	1.6	1.04	1.3	1.7	1.61	1.33	0.753	0.892	1.4	1.82	2.31	2.65	2.47	1.29	1.23	1.42	1.37	1.32	1.02	1.41	1.23	0.95	0.904	1.18	0.568	1.16	1.46	1.74	1.85	1.39	1.39	0.938	1.11	1.2	1.44	0.741	0.695	0.765	0.962	0.788	1.04	1.12	1.52	1.83	1.12	0.996	1.22	1.58	1.98	2.21	1.31	1.1	1.47	1.8	1.46	1.38	1.9	1.56	1.19	1.07	1.75	1.27	0.892	1.48	2.05	1.91	1.23	1.4	1.03	1.24	1.02	0.44	0.591	0.718	1.26	1.42	1.2	0.637	0.544	0.672	0.683	1.07	1.76	1.17	0.544	0.973	1.27	1.19	1.53	1.23	1.45	1.15	1.53	1.75	1.49	1.53	1.17	0.88	1.14	1.61	1.73	1.87	1.85	2.02	2.54	1.91	1.47	1.17	1.23	1.73	1.76	2.18	1.78	1.74	1.42	1.69	1.63	1.02	0.463	1.01	1.84	2.58	2.43	2.19	2.25	1.39	0.695	1.08	1.03	1.61	2.47	2.47	1.77	1.53	1.3	0.695	0.973	1.74	1.82	1.85	1.78	1.12	0.556	1.09	1.17	0.683	0.973	1.04	1.19	1.12	0.869	1.17	1.2	1.16	0.927	1.18	1.26	1.15	1.27	1.37	1.42	1.68	1.45	0.695	0.811	0.938	0.672	0.614	0.649	0.811	1.14	1.07	0.996	1.29	1.46	0.996	1.17	1.32	1.48	0.88	0.915	0.996	0.765	1.11	1.63	1.44	0.637	0.452	1.09	1.09	1.15	1.02	0.637	0.869	1.55	1.54	2.05	2.18	1.91	1.02	1.25	1.11	1.1	0.961	0.788	0.753	1.27	1.7	1.98	1.02	0.695	1.38	1.64	0.765	0.556	0.707	1.31	1.47	1.23	1.15	1.77	1.62	1.71	1.39	0.753	1.17	1.1	0.788	1.08	1.29	1.17	1.25	1.07	1.55	1.68	1.17	1.09	1.15	0.904	1.29	0.973	1.33	1.47	1.54	0.985	0.996	1.2	1.05
493.0	494.0	495.0	496.0	497.0	498.0	499.0	500.0	501.0	502.0	503.0	504.0	505.0	506.0	507.0	508.0	509.0	510.0	511.0	512.0	513.0	514.0	515.0	516.0	517.0	518.0	519.0	520.0	521.0	522.0	523.0	524.0	525.0	526.0	527.0	528.0	529.0	530.0	531.0	532.0	533.0	534.0	535.0	536.0	537.0	538.0	539.0	540.0	541.0	542.0	543.0	544.0	545.0	546.0	547.0	548.0	549.0	550.0	551.0	552.0	553.0	554.0	555.0	556.0	557.0	558.0	559.0	560.0	561.0	562.0	563.0	564.0	565.0	566.0	567.0	568.0	569.0	570.0	571.0	572.0	573.0	574.0	575.0	576.0	577.0	578.0	579.0	580.0	581.0	582.0	583.0	584.0	585.0	586.0	587.0	588.0	589.0	590.0	591.0	592.0	593.0	594.0	595.0	596.0	597.0	598.0	599.0	600.0	601.0	602.0	603.0	604.0	605.0	606.0	607.0	608.0	609.0	610.0	611.0	612.0	613.0	614.0	615.0	616.0	617.0	618.0	619.0	620.0	621.0	622.0	623.0	624.0	625.0	626.0	627.0	628.0	629.0	630.0	631.0	632.0	633.0	634.0	635.0	636.0	637.0	638.0	639.0	640.0	641.0	642.0	643.0	644.0	645.0	646.0	647.0	648.0	649.0	650.0	651.0	652.0	653.0	654.0	655.0	656.0	657.0	658.0	659.0	660.0	661.0	662.0	663.0	664.0	665.0	666.0	667.0	668.0	669.0	670.0	671.0	672.0	673.0	674.0	675.0	676.0	677.0	678.0	679.0	680.0	681.0	682.0	683.0	684.0	685.0	686.0	687.0	688.0	689.0	690.0	691.0	692.0	693.0	694.0	695.0	696.0	697.0	698.0	699.0	700.0	701.0	702.0	703.0	704.0	705.0	706.0	707.0	708.0	709.0	710.0	711.0	712.0	713.0	714.0	715.0	716.0	717.0	718.0	719.0	720.0	721.0	722.0	723.0	724.0	725.0	726.0	727.0	728.0	729.0	730.0	731.0	732.0	733.0	734.0	735.0	736.0	737.0	738.0	739.0	740.0	741.0	742.0	743.0	744.0	745.0	746.0	747.0	748.0	749.0	750.0	751.0	752.0	753.0	754.0	755.0	756.0	757.0	758.0	759.0	760.0	761.0	762.0	763.0	764.0	765.0	766.0	767.0	768.0	769.0	770.0	771.0	772.0	773.0	774.0	775.0	776.0	777.0	778.0	779.0	780.0	781.0	782.0	783.0	784.0	785.0	786.0	787.0	788.0	789.0	790.0	791.0	792.0	793.0	794.0
4838.0
