7136.567783929051	2000.0	2000.0	497.230685125385	0	0.0	4136.567783929051	1	0	tensor(6, device='cuda:0')	-12.458543326412885
9200.0	2000.0	936.6000000000008	0.0	0	370.87168616800227	1136.6000000000004	1	0	tensor(6, device='cuda:0')	-7.1236494080766075
10200.0	2000.0	936.5999999999999	0.0	0	566.1369198827324	1136.6000000000004	1	0	tensor(3, device='cuda:0')	1.8763505919233905
11200.0	2000.0	936.6000000000006	0.0	0	299.33531208727254	1136.6000000000004	1	0	tensor(3, device='cuda:0')	1.8763505919233905
12200.0	2000.0	936.6000000000004	0.0	0	440.2721087461796	1136.6000000000004	1	0	tensor(3, device='cuda:0')	1.8763505919233905
13200.0	2000.0	936.5999999999995	0.0	0	270.1873772550007	1136.6000000000004	1	0	tensor(3, device='cuda:0')	1.8763505919233905
14200.0	2000.0	936.5999999999963	0.0	0	370.610236072469	1136.5999999999985	1	0	tensor(3, device='cuda:0')	1.8763505919233905
15200.0	2000.0	936.5999999999963	0.0	0	317.8396029835785	1136.5999999999985	1	0	tensor(3, device='cuda:0')	1.8763505919233905
16200.0	2000.0	936.5999999999981	0.0	0	68.25921603547977	1136.5999999999985	1	0	tensor(3, device='cuda:0')	1.8763505919233905
17200.0	2000.0	936.5999999999958	0.0	0	52.62594119433925	1136.599999999995	1	0	tensor(3, device='cuda:0')	1.8763505919233905
18200.0	2000.0	936.5999999999956	0.0	0	322.1411095127005	1136.599999999995	1	0	tensor(3, device='cuda:0')	1.8763505919233905
19200.0	2000.0	936.5999999999956	0.0	0	314.12239354469784	1136.599999999995	1	0	tensor(3, device='cuda:0')	1.8763505919233905
20200.0	2000.0	936.5999999999995	0.0	0	336.67814104677745	1136.599999999995	1	0	tensor(3, device='cuda:0')	1.8763505919233905
21304.731708074272	2000.0	831.8682919257251	0.0	0	0.0	1136.599999999995	1	0	tensor(3, device='cuda:0')	1.8763505919233905
22200.0	2000.0	936.5999999999976	0.0	0	300.8879879962806	1136.5999999999985	1	0	tensor(3, device='cuda:0')	1.8763505919233905
23200.0	2000.0	936.5999999999967	0.0	0	380.76786946409993	1136.599999999995	1	0	tensor(3, device='cuda:0')	1.8763505919233905
24200.0	2000.0	936.599999999997	0.0	0	323.9620308662197	1136.599999999995	1	0	tensor(3, device='cuda:0')	1.8763505919233905
25200.0	2000.0	936.599999999999	0.0	0	223.2274024136932	1136.599999999995	1	0	tensor(3, device='cuda:0')	1.8763505919233905
26200.0	2000.0	936.6000000000004	0.0	0	333.0836694300997	1136.599999999995	1	0	tensor(3, device='cuda:0')	1.8763505919233905
27200.0	2000.0	936.600000000002	0.0	0	444.46333322600185	1136.599999999995	1	0	tensor(3, device='cuda:0')	1.8763505919233905
28200.0	2000.0	936.6000000000026	0.0	0	439.5103974171798	1136.599999999995	1	0	tensor(3, device='cuda:0')	1.8763505919233905
29200.0	2000.0	936.6000000000008	0.0	0	428.9013932176458	1136.5999999999913	1	0	tensor(3, device='cuda:0')	1.8763505919233907
30200.0	2000.0	936.6000000000008	0.0	0	516.6625784416501	1136.599999999995	1	0	tensor(3, device='cuda:0')	1.8763505919233905
31200.0	2000.0	936.6000000000013	0.0	0	584.7211033824751	1136.599999999995	1	0	tensor(3, device='cuda:0')	1.8763505919233905
32200.0	2000.0	936.6000000000004	0.0	0	375.71017178997863	1136.599999999995	1	0	tensor(3, device='cuda:0')	1.8763505919233905
33200.0	2000.0	936.5999999999945	0.0	0	374.55709658037813	1136.5999999999913	1	0	tensor(3, device='cuda:0')	1.8763505919233907
34200.0	2000.0	936.5999999999985	0.0	0	230.6330465173305	1136.5999999999913	1	0	tensor(3, device='cuda:0')	1.8763505919233907
35200.0	2000.0	936.5999999999973	0.0	0	36.28000555646577	1136.5999999999913	1	0	tensor(3, device='cuda:0')	1.8763505919233907
36200.0	2000.0	936.5999999999922	0.0	0	18.22236907507613	1136.599999999984	1	0	tensor(3, device='cuda:0')	1.8763505919233912
37200.0	2000.0	936.5999999999935	0.0	0	354.0705268562306	1136.599999999984	1	0	tensor(3, device='cuda:0')	1.8763505919233912
38200.0	2000.0	936.5999999999972	0.0	0	500.54297442560346	1136.5999999999913	1	0	tensor(3, device='cuda:0')	1.8763505919233907
39200.0	2000.0	936.5999999999917	0.0	0	590.0445756757981	1136.5999999999913	1	0	tensor(3, device='cuda:0')	1.8763505919233907
40200.0	2000.0	936.5999999999894	0.0	0	546.8123418920077	1136.599999999984	1	0	tensor(3, device='cuda:0')	1.8763505919233912
41200.0	2000.0	936.599999999989	0.0	0	339.94941585333436	1136.599999999984	1	0	tensor(3, device='cuda:0')	1.8763505919233912
42200.0	2000.0	936.5999999999926	0.0	0	356.2615789118572	1136.5999999999767	1	0	tensor(3, device='cuda:0')	1.8763505919233912
43200.0	2000.0	936.5999999999885	0.0	0	210.43206337762967	1136.5999999999694	1	0	tensor(3, device='cuda:0')	1.8763505919233914
44200.0	2000.0	936.5999999999967	0.0	0	181.89046875695203	1136.5999999999694	1	0	tensor(3, device='cuda:0')	1.8763505919233914
45200.0	2000.0	936.5999999999976	0.0	0	483.5793793930716	1136.5999999999622	1	0	tensor(3, device='cuda:0')	1.8763505919233916
46200.0	2000.0	936.5999999999965	0.0	0	410.0376271320056	1136.5999999999622	1	0	tensor(3, device='cuda:0')	1.8763505919233916
47200.0	2000.0	936.5999999999954	0.0	0	468.23602903020947	1136.5999999999694	1	0	tensor(3, device='cuda:0')	1.8763505919233914
48200.0	2000.0	936.599999999987	0.0	0	486.66920619786106	1136.5999999999694	1	0	tensor(3, device='cuda:0')	1.8763505919233914
49200.0	2000.0	936.5999999999985	0.0	0	451.4943274871039	1136.5999999999694	1	0	tensor(3, device='cuda:0')	1.8763505919233914
50200.0	2000.0	936.6000000000067	0.0	0	142.9425308613645	1136.5999999999694	1	0	tensor(3, device='cuda:0')	1.8763505919233914
51200.0	2000.0	936.600000000004	0.0	0	179.12874529592955	1136.5999999999694	1	0	tensor(3, device='cuda:0')	1.8763505919233914
52200.0	2000.0	936.6000000000026	0.0	0	126.0532021344552	1136.5999999999622	1	0	tensor(3, device='cuda:0')	1.8763505919233916
53200.0	2000.0	936.6000000000017	0.0	0	476.50832218262804	1136.5999999999622	1	0	tensor(3, device='cuda:0')	1.8763505919233916
54200.0	2000.0	936.5999999999985	0.0	0	147.9230583206736	1136.5999999999622	1	0	tensor(3, device='cuda:0')	1.8763505919233916
55200.0	2000.0	936.5999999999956	0.0	0	442.03111539916426	1136.5999999999622	1	0	tensor(3, device='cuda:0')	1.8763505919233916
56200.0	2000.0	936.5999999999949	0.0	0	410.8505905922939	1136.5999999999622	1	0	tensor(3, device='cuda:0')	1.8763505919233916
57200.0	2000.0	936.5999999999985	0.0	0	208.47598720987298	1136.5999999999622	1	0	tensor(3, device='cuda:0')	1.8763505919233916
58200.0	2000.0	936.5999999999881	0.0	0	288.0946947186094	1136.599999999955	1	0	tensor(3, device='cuda:0')	1.876350591923392
59200.0	2000.0	936.5999999999854	0.0	0	238.67332212348265	1136.599999999955	1	0	tensor(3, device='cuda:0')	1.876350591923392
60200.0	2000.0	936.5999999999785	0.0	0	191.28295967121085	1136.599999999955	1	0	tensor(3, device='cuda:0')	1.876350591923392
61200.0	2000.0	936.5999999999779	0.0	0	343.1846250641029	1136.599999999955	1	0	tensor(3, device='cuda:0')	1.876350591923392
62200.0	2000.0	936.5999999999815	0.0	0	109.20336033430067	1136.599999999955	1	0	tensor(3, device='cuda:0')	1.876350591923392
63200.0	2000.0	936.5999999999789	0.0	0	43.44281077198684	1136.5999999999476	1	0	tensor(3, device='cuda:0')	1.876350591923392
64200.0	2000.0	936.5999999999807	0.0	0	46.801245600450784	1136.599999999955	1	0	tensor(3, device='cuda:0')	1.876350591923392
65200.0	2000.0	936.5999999999813	0.0	0	346.2264394696467	1136.5999999999476	1	0	tensor(3, device='cuda:0')	1.876350591923392
66200.0	2000.0	936.5999999999826	0.0	0	224.8960874582117	1136.5999999999476	1	0	tensor(3, device='cuda:0')	1.876350591923392
67200.0	2000.0	936.5999999999892	0.0	0	272.71785465929133	1136.5999999999476	1	0	tensor(3, device='cuda:0')	1.876350591923392
68200.0	2000.0	936.6000000000005	0.0	0	95.10177925841708	1136.5999999999476	1	0	tensor(3, device='cuda:0')	1.876350591923392
69200.0	2000.0	936.5999999999954	0.0	0	228.75420438926085	1136.5999999999476	1	0	tensor(3, device='cuda:0')	1.876350591923392
70200.0	2000.0	936.5999999999874	0.0	0	222.53450593595335	1136.5999999999476	1	0	tensor(3, device='cuda:0')	1.876350591923392
71200.0	2000.0	936.599999999977	0.0	0	295.85340771720803	1136.5999999999476	1	0	tensor(3, device='cuda:0')	1.876350591923392
72200.0	2000.0	936.5999999999813	0.0	0	333.8175701576547	1136.5999999999476	1	0	tensor(3, device='cuda:0')	1.876350591923392
73200.0	2000.0	936.5999999999742	0.0	0	491.86117924092105	1136.5999999999476	1	0	tensor(3, device='cuda:0')	1.876350591923392
74200.0	2000.0	936.599999999982	0.0	0	423.552135856924	1136.5999999999476	1	0	tensor(3, device='cuda:0')	1.876350591923392
75200.0	2000.0	936.599999999986	0.0	0	442.57094962199335	1136.5999999999476	1	0	tensor(3, device='cuda:0')	1.876350591923392
76200.0	2000.0	936.5999999999626	0.0	0	302.16358782361203	1136.5999999999476	1	0	tensor(3, device='cuda:0')	1.876350591923392
77200.0	2000.0	936.5999999999808	0.0	0	395.26184550957987	1136.5999999999476	1	0	tensor(3, device='cuda:0')	1.876350591923392
78200.0	2000.0	936.5999999999754	0.0	0	556.3858336913254	1136.5999999999476	1	0	tensor(3, device='cuda:0')	1.876350591923392
79200.0	2000.0	936.5999999999908	0.0	0	370.59015887258283	1136.5999999999476	1	0	tensor(3, device='cuda:0')	1.876350591923392
80200.0	2000.0	936.599999999989	0.0	0	229.84286007279297	1136.5999999999622	1	0	tensor(3, device='cuda:0')	1.8763505919233916
81200.0	2000.0	936.6000000000058	0.0	0	330.95540119704674	1136.5999999999622	1	0	tensor(3, device='cuda:0')	1.8763505919233916
82200.0	2000.0	936.6000000000131	0.0	0	390.0677896331181	1136.5999999999622	1	0	tensor(3, device='cuda:0')	1.8763505919233916
83200.0	2000.0	936.6000000000013	0.0	0	337.0811842102121	1136.5999999999622	1	0	tensor(3, device='cuda:0')	1.8763505919233916
84200.0	2000.0	936.600000000007	0.0	0	164.77996539608284	1136.5999999999622	1	0	tensor(3, device='cuda:0')	1.8763505919233916
85860.01414217164	2000.0	276.5858578283671	0.0	0	0.0	1136.5999999999622	1	0	tensor(3, device='cuda:0')	1.8763505919233916
87006.39887371295	2000.0	480.0427609182074	349.84163463116	0	0.0	1486.441634631119	1	0	tensor(3, device='cuda:0')	-0.23540167799464085
87224.67485153739	500.0	1261.7667830937746	0.0	0	0.0	1486.441634631119	1	0	tensor(3, device='cuda:0')	-0.9089405924474623
88213.7007154501	2000.0	1272.7409191810627	0.0	0	0.0	1486.441634631119	1	0	tensor(3, device='cuda:0')	0.4773537686724285
89200.0	2000.0	1286.4416346311816	0.0	0	357.8920442103408	1486.4416346311336	1	0	tensor(3, device='cuda:0')	1.8636481297923186
90200.0	2000.0	1286.4416346311923	0.0	0	432.20282085122017	1486.4416346311336	1	0	tensor(3, device='cuda:0')	1.8636481297923186
91200.0	2000.0	1286.441634631195	0.0	0	315.2548784034443	1486.4416346311336	1	0	tensor(3, device='cuda:0')	1.8636481297923186
92200.0	2000.0	1286.441634631197	0.0	0	527.6348186819087	1486.4416346311336	1	0	tensor(3, device='cuda:0')	1.8636481297923186
93200.0	2000.0	1286.4416346311953	0.0	0	318.4644125190389	1486.4416346311336	1	0	tensor(3, device='cuda:0')	1.8636481297923186
94200.0	2000.0	1286.441634631175	0.0	0	285.13986797507096	1486.441634631119	1	0	tensor(3, device='cuda:0')	1.863648129792319
95200.0	2000.0	1286.4416346311787	0.0	0	309.0196892585227	1486.441634631119	1	0	tensor(3, device='cuda:0')	1.863648129792319
96200.0	2000.0	1286.4416346311896	0.0	0	274.1579093196633	1486.441634631119	1	0	tensor(3, device='cuda:0')	1.863648129792319
97200.0	2000.0	1286.4416346311868	0.0	0	280.6123214409017	1486.4416346311336	1	0	tensor(3, device='cuda:0')	1.8636481297923186
98381.59481020215	2000.0	1104.8468244290339	0.0	0	0.0	1486.4416346311336	1	0	tensor(3, device='cuda:0')	1.8636481297923186
99200.0	2000.0	1286.4416346311887	0.0	0	38.5835827459523	1486.4416346311336	1	0	tensor(3, device='cuda:0')	1.8636481297923186
100200.0	2000.0	1286.4416346311934	0.0	0	305.8947663242725	1486.441634631119	1	0	tensor(3, device='cuda:0')	1.863648129792319
101200.0	2000.0	1286.4416346312078	0.0	0	493.4590350979852	1486.441634631119	1	0	tensor(3, device='cuda:0')	1.863648129792319
102200.0	2000.0	1286.4416346312044	0.0	0	499.32273712971073	1486.441634631119	1	0	tensor(3, device='cuda:0')	1.863648129792319
103200.0	2000.0	1286.441634631211	0.0	0	454.1951192392007	1486.441634631119	1	0	tensor(3, device='cuda:0')	1.863648129792319
104200.0	2000.0	1286.441634631215	0.0	0	41.270495816585026	1486.441634631119	1	0	tensor(3, device='cuda:0')	1.863648129792319
105200.0	2000.0	1286.4416346312191	0.0	0	383.35709101682005	1486.4416346311336	1	0	tensor(3, device='cuda:0')	1.8636481297923186
106200.0	2000.0	1286.441634631221	0.0	0	68.13687785704678	1486.4416346311482	1	0	tensor(3, device='cuda:0')	1.8636481297923178
107343.38967439866	2000.0	1143.0519602325614	0.0	0	0.0	1486.4416346311627	1	0	tensor(3, device='cuda:0')	1.863648129792317
108200.0	2000.0	1286.4416346312096	0.0	0	68.28222659391758	1486.4416346311627	1	0	tensor(3, device='cuda:0')	1.863648129792317
109200.0	2000.0	1286.4416346312248	0.0	0	376.54998835032166	1486.4416346311627	1	0	tensor(3, device='cuda:0')	1.863648129792317
110200.0	2000.0	1286.4416346312166	0.0	0	154.0553678052529	1486.4416346311627	1	0	tensor(3, device='cuda:0')	1.863648129792317
111200.0	2000.0	1286.4416346312096	0.0	0	338.5791397641151	1486.4416346311627	1	0	tensor(3, device='cuda:0')	1.863648129792317
112455.55138073578	2000.0	1030.8902538954487	0.0	0	0.0	1486.4416346311627	1	0	tensor(3, device='cuda:0')	1.863648129792317
113602.06589195106	2000.0	884.3757426801698	0.0	0	0.0	1486.4416346311482	1	0	tensor(3, device='cuda:0')	1.8636481297923178
114579.45649888252	2000.0	906.9851357487158	0.0	0	0.0	1486.4416346311627	1	0	tensor(3, device='cuda:0')	1.863648129792317
115541.73325845727	2000.0	944.7083761739513	0.0	0	0.0	1486.4416346311627	1	0	tensor(3, device='cuda:0')	1.863648129792317
116537.96552259057	2000.0	948.476112040653	0.0	0	0.0	1486.4416346311773	1	0	tensor(3, device='cuda:0')	1.8636481297923166
117291.97261437775	2000.0	1194.469020253473	0.0	0	0.0	1486.4416346311773	1	0	tensor(3, device='cuda:0')	1.8636481297923166
118216.52090055597	2000.0	1269.920734075251	0.0	0	0.0	1486.4416346311627	1	0	tensor(3, device='cuda:0')	1.863648129792317
119200.0	2000.0	1286.4416346312319	0.0	0	220.51082628751465	1486.4416346311627	1	0	tensor(3, device='cuda:0')	1.863648129792317
120200.0	2000.0	1286.4416346312328	0.0	0	504.0662169103307	1486.4416346311627	1	0	tensor(3, device='cuda:0')	1.863648129792317
121200.0	2000.0	1286.4416346312346	0.0	0	406.38806061219657	1486.4416346311773	1	0	tensor(3, device='cuda:0')	1.8636481297923166
122200.0	2000.0	1286.441634631234	0.0	0	509.261737339315	1486.4416346311627	1	0	tensor(3, device='cuda:0')	1.863648129792317
123200.0	2000.0	1286.441634631242	0.0	0	520.9739245101373	1486.4416346311773	1	0	tensor(3, device='cuda:0')	1.8636481297923166
124200.0	2000.0	1286.441634631246	0.0	0	597.5956559045153	1486.4416346311773	1	0	tensor(3, device='cuda:0')	1.8636481297923166
125200.0	2000.0	1286.4416346312426	0.0	0	601.9520132735197	1486.4416346311773	1	0	tensor(3, device='cuda:0')	1.8636481297923166
126200.0	2000.0	1286.4416346312398	0.0	0	637.978746705412	1486.4416346311773	1	0	tensor(3, device='cuda:0')	1.8636481297923166
127200.0	2000.0	1286.441634631238	0.0	0	358.28919073793804	1486.4416346311918	1	0	tensor(3, device='cuda:0')	1.8636481297923158
128200.0	2000.0	1286.4416346312491	0.0	0	574.1042419100122	1486.4416346311918	1	0	tensor(3, device='cuda:0')	1.8636481297923158
129200.0	2000.0	1286.4416346312516	0.0	0	299.3551563443034	1486.4416346311918	1	0	tensor(3, device='cuda:0')	1.8636481297923158
130200.0	2000.0	1286.4416346312587	0.0	0	432.02426709074643	1486.4416346311918	1	0	tensor(3, device='cuda:0')	1.8636481297923158
131200.0	2000.0	1286.4416346312473	0.0	0	577.2415454096918	1486.4416346311918	1	0	tensor(3, device='cuda:0')	1.8636481297923158
132200.0	2000.0	1286.4416346312612	0.0	0	440.7929890154046	1486.4416346311918	1	0	tensor(3, device='cuda:0')	1.8636481297923166
133200.0	2000.0	1286.441634631262	0.0	0	438.3490715404041	1486.4416346311918	1	0	tensor(3, device='cuda:0')	1.8636481297923158
134200.0	2000.0	1286.44163463123	0.0	0	83.5687514928868	1486.4416346311918	1	0	tensor(3, device='cuda:0')	1.8636481297923158
135200.0	2000.0	1286.4416346312325	0.0	0	21.346285367006203	1486.4416346311918	1	0	tensor(3, device='cuda:0')	1.8636481297923158
136257.1051407802	2000.0	1229.336493851008	0.0	0	0.0	1486.4416346311918	1	0	tensor(3, device='cuda:0')	1.8636481297923158
137633.91037124034	2000.0	852.5312633908553	0.0	0	0.0	1486.441634631221	1	0	tensor(3, device='cuda:0')	1.8636481297923146
138669.03356551638	2000.0	817.4080691148207	0.0	0	0.0	1486.441634631221	1	0	tensor(3, device='cuda:0')	1.8636481297923146
139677.9906616927	2000.0	808.4509729385189	0.0	0	0.0	1486.44163463125	1	0	tensor(3, device='cuda:0')	1.8636481297923133
140234.25032609468	2000.0	1252.1913085365536	0.0	0	0.0	1486.44163463125	1	0	tensor(3, device='cuda:0')	1.8636481297923133
141200.0	2000.0	1286.4416346312516	0.0	0	197.99249201835482	1486.44163463125	1	0	tensor(3, device='cuda:0')	1.8636481297923133
142200.0	2000.0	1286.4416346312687	0.0	0	337.1473579403246	1486.44163463125	1	0	tensor(3, device='cuda:0')	1.8636481297923133
143200.0	2000.0	1286.4416346312587	0.0	0	437.46459837880684	1486.44163463125	1	0	tensor(3, device='cuda:0')	1.8636481297923133
144200.0	2000.0	1286.4416346312487	0.0	0	456.0630280674668	1486.441634631221	1	0	tensor(3, device='cuda:0')	1.8636481297923146
145200.0	2000.0	1286.4416346312703	0.0	0	650.383727869601	1486.441634631221	1	0	tensor(3, device='cuda:0')	1.8636481297923146
146200.0	2000.0	1286.441634631283	0.0	0	288.6645475573314	1486.441634631221	1	0	tensor(3, device='cuda:0')	1.8636481297923146
147200.0	2000.0	1286.4416346312946	0.0	0	377.70299133152	1486.441634631221	1	0	tensor(3, device='cuda:0')	1.8636481297923146
148200.0	2000.0	1286.441634631263	0.0	0	342.54067059999215	1486.4416346311918	1	0	tensor(3, device='cuda:0')	1.8636481297923158
149200.0	2000.0	1286.4416346312823	0.0	0	162.10233210714068	1486.4416346311918	1	0	tensor(3, device='cuda:0')	1.8636481297923158
150200.0	2000.0	1286.441634631288	0.0	0	192.1727049916808	1486.4416346311918	1	0	tensor(3, device='cuda:0')	1.8636481297923158
151200.0	2000.0	1286.4416346312764	0.0	0	418.360934074939	1486.4416346311918	1	0	tensor(3, device='cuda:0')	1.8636481297923158
152200.0	2000.0	1286.4416346312787	0.0	0	439.4948429275828	1486.4416346311918	1	0	tensor(3, device='cuda:0')	1.8636481297923158
153200.0	2000.0	1286.4416346312773	0.0	0	92.4188805927406	1486.4416346311918	1	0	tensor(3, device='cuda:0')	1.8636481297923158
154200.0	2000.0	1286.4416346312892	0.0	0	240.96893707380514	1486.4416346311918	1	0	tensor(3, device='cuda:0')	1.8636481297923158
155200.0	2000.0	1286.441634631292	0.0	0	372.761302610219	1486.4416346311918	1	0	tensor(3, device='cuda:0')	1.8636481297923158
156200.0	2000.0	1286.4416346312923	0.0	0	109.16437241531094	1486.4416346311918	1	0	tensor(3, device='cuda:0')	1.8636481297923158
157200.0	2000.0	1286.4416346312703	0.0	0	84.30322169561987	1486.4416346311918	1	0	tensor(3, device='cuda:0')	1.8636481297923158
158200.0	2000.0	1286.441634631263	0.0	0	76.09328819045913	1486.4416346311627	1	0	tensor(3, device='cuda:0')	1.863648129792317
159200.0	2000.0	1286.4416346312653	0.0	0	226.76068003370892	1486.4416346311627	1	0	tensor(3, device='cuda:0')	1.863648129792317
160200.0	2000.0	1286.4416346312728	0.0	0	288.48077615571674	1486.4416346311918	1	0	tensor(3, device='cuda:0')	1.8636481297923158
161200.0	2000.0	1286.4416346312903	0.0	0	162.32009356314666	1486.4416346311918	1	0	tensor(3, device='cuda:0')	1.8636481297923158
162200.0	2000.0	1286.441634631288	0.0	0	312.23780722523225	1486.4416346311918	1	0	tensor(3, device='cuda:0')	1.8636481297923158
163200.0	2000.0	1286.4416346312632	0.0	0	433.1440194605675	1486.4416346311918	1	0	tensor(3, device='cuda:0')	1.8636481297923158
164200.0	2000.0	1286.4416346312737	0.0	0	280.60330632378464	1486.4416346311918	1	0	tensor(3, device='cuda:0')	1.8636481297923158
165200.0	2000.0	1286.4416346312742	0.0	0	176.17762254402624	1486.4416346311918	1	0	tensor(3, device='cuda:0')	1.8636481297923158
166200.0	2000.0	1286.4416346312448	0.0	0	193.44814136106288	1486.4416346311918	1	0	tensor(3, device='cuda:0')	1.8636481297923158
167200.0	2000.0	1286.4416346312628	0.0	0	310.48857638883055	1486.4416346311918	1	0	tensor(3, device='cuda:0')	1.8636481297923158
168200.0	2000.0	1286.4416346312712	0.0	0	164.67986856328207	1486.4416346311918	1	0	tensor(3, device='cuda:0')	1.8636481297923158
169200.0	2000.0	1286.4416346313105	0.0	0	310.0854649026587	1486.4416346311918	1	0	tensor(3, device='cuda:0')	1.8636481297923158
170200.0	2000.0	1286.4416346313305	0.0	0	125.82169770053588	1486.441634631221	1	0	tensor(3, device='cuda:0')	1.8636481297923146
171200.0	2000.0	1286.4416346313283	0.0	0	340.44440523762023	1486.441634631221	1	0	tensor(3, device='cuda:0')	1.8636481297923146
172200.0	2000.0	1286.441634631328	0.0	0	451.9172444224241	1486.441634631221	1	0	tensor(3, device='cuda:0')	1.8636481297923146
173200.0	2000.0	1286.4416346313349	0.0	0	370.89384396135574	1486.44163463125	1	0	tensor(3, device='cuda:0')	1.8636481297923133
174200.0	2000.0	1286.4416346313249	0.0	0	456.2986903600686	1486.4416346312792	1	0	tensor(3, device='cuda:0')	1.8636481297923122
175200.0	2000.0	1286.441634631345	0.0	0	425.74462613032665	1486.44163463125	1	0	tensor(3, device='cuda:0')	1.8636481297923133
176200.0	2000.0	1286.4416346313399	0.0	0	555.1138973414782	1486.44163463125	1	0	tensor(3, device='cuda:0')	1.8636481297923133
177200.0	2000.0	1286.4416346313503	0.0	0	337.20038049214054	1486.4416346312792	1	0	tensor(3, device='cuda:0')	1.8636481297923122
178200.0	2000.0	1286.44163463139	0.0	0	355.19948867644416	1486.4416346312792	1	0	tensor(3, device='cuda:0')	1.8636481297923122
179200.0	2000.0	1286.4416346313926	0.0	0	286.7595426750486	1486.4416346313083	1	0	tensor(3, device='cuda:0')	1.8636481297923106
180200.0	2000.0	1286.44163463141	0.0	0	342.3547386179562	1486.4416346313083	1	0	tensor(3, device='cuda:0')	1.8636481297923106
181200.0	2000.0	1286.441634631425	0.0	0	101.8140388316533	1486.4416346313083	1	0	tensor(3, device='cuda:0')	1.8636481297923106
182200.0	2000.0	1286.4416346314235	0.0	0	244.1067314396496	1486.4416346313083	1	0	tensor(3, device='cuda:0')	1.8636481297923106
183200.0	2000.0	1286.4416346314074	0.0	0	239.39441842900123	1486.4416346313083	1	0	tensor(3, device='cuda:0')	1.8636481297923106
184200.0	2000.0	1286.44163463142	0.0	0	103.0166020571487	1486.4416346313083	1	0	tensor(3, device='cuda:0')	1.8636481297923106
185200.0	2000.0	1286.4416346313928	0.0	0	295.20594260818325	1486.4416346313083	1	0	tensor(3, device='cuda:0')	1.8636481297923106
186200.0	2000.0	1286.4416346313747	0.0	0	39.41698178576189	1486.4416346313083	1	0	tensor(3, device='cuda:0')	1.8636481297923106
187321.97371254483	2000.0	1164.4679220865241	0.0	0	0.0	1486.4416346312792	1	0	tensor(3, device='cuda:0')	1.8636481297923122
188442.37693829153	2000.0	1044.0646963398556	0.0	0	0.0	1486.4416346312792	1	0	tensor(3, device='cuda:0')	1.8636481297923122
189371.716664934	2000.0	1114.724969697376	0.0	0	0.0	1486.4416346312792	1	0	tensor(3, device='cuda:0')	1.8636481297923122
190200.0	2000.0	1286.4416346313355	0.0	0	234.48280733733554	1486.44163463125	1	0	tensor(3, device='cuda:0')	1.8636481297923133
191200.0	2000.0	1286.44163463134	0.0	0	352.43289288895903	1486.4416346312792	1	0	tensor(3, device='cuda:0')	1.8636481297923122
192200.0	2000.0	1286.4416346313444	0.0	0	424.67899487231625	1486.4416346312792	1	0	tensor(3, device='cuda:0')	1.8636481297923122
193200.0	2000.0	1286.4416346313621	0.0	0	414.5065103031229	1486.4416346312792	1	0	tensor(3, device='cuda:0')	1.8636481297923122
194200.0	2000.0	1286.441634631377	0.0	0	515.7091877947969	1486.4416346313083	1	0	tensor(3, device='cuda:0')	1.8636481297923106
195200.0	2000.0	1286.441634631387	0.0	0	567.2758426823711	1486.4416346313083	1	0	tensor(3, device='cuda:0')	1.8636481297923106
196200.0	2000.0	1286.4416346313535	0.0	0	582.9577175319719	1486.4416346312792	1	0	tensor(3, device='cuda:0')	1.8636481297923122
197200.0	2000.0	1286.441634631362	0.0	0	665.2151639291842	1486.4416346312792	1	0	tensor(3, device='cuda:0')	1.8636481297923122
198200.0	2000.0	1286.4416346313574	0.0	0	538.4474554072949	1486.4416346312792	1	0	tensor(3, device='cuda:0')	1.8636481297923122
199200.0	2000.0	1286.44163463136	0.0	0	598.3530628840672	1486.4416346312792	1	0	tensor(3, device='cuda:0')	1.8636481297923122
200200.0	2000.0	1286.4416346313558	0.0	0	486.7646246420918	1486.4416346312792	1	0	tensor(3, device='cuda:0')	1.8636481297923122
201200.0	2000.0	1286.441634631334	0.0	0	562.5344908624247	1486.4416346312792	1	0	tensor(3, device='cuda:0')	1.8636481297923122
202200.0	2000.0	1286.441634631349	0.0	0	722.4059543417534	1486.44163463125	1	0	tensor(3, device='cuda:0')	1.8636481297923133
203200.0	2000.0	1286.4416346313785	0.0	0	610.6058690497593	1486.4416346312792	1	0	tensor(3, device='cuda:0')	1.8636481297923122
204200.0	2000.0	1286.4416346314072	0.0	0	699.6374564012513	1486.4416346312792	1	0	tensor(3, device='cuda:0')	1.8636481297923122
205200.0	2000.0	1286.4416346314404	0.0	0	689.5227485845389	1486.4416346312792	1	0	tensor(3, device='cuda:0')	1.8636481297923122
206200.0	2000.0	1286.4416346314736	0.0	0	492.6053013099008	1486.4416346312792	1	0	tensor(3, device='cuda:0')	1.8636481297923122
207200.0	2000.0	1286.4416346314583	0.0	0	579.3475907680113	1486.4416346312792	1	0	tensor(3, device='cuda:0')	1.8636481297923122
208200.0	2000.0	1286.441634631477	0.0	0	203.6318725659803	1486.4416346312792	1	0	tensor(3, device='cuda:0')	1.8636481297923122
209200.0	2000.0	1286.4416346314842	0.0	0	371.32062723860145	1486.4416346312792	1	0	tensor(3, device='cuda:0')	1.8636481297923122
210200.0	2000.0	1286.4416346314704	0.0	0	271.39714070258196	1486.4416346312792	1	0	tensor(3, device='cuda:0')	1.8636481297923122
211200.0	2000.0	1286.4416346314886	0.0	0	320.8706485025468	1486.4416346313083	1	0	tensor(3, device='cuda:0')	1.8636481297923106
212200.0	2000.0	1286.4416346314906	0.0	0	377.6636023900064	1486.4416346313083	1	0	tensor(3, device='cuda:0')	1.8636481297923106
213200.0	2000.0	1286.441634631497	0.0	0	317.44824012267054	1486.4416346312792	1	0	tensor(3, device='cuda:0')	1.8636481297923122
214323.47006163004	2000.0	1162.9715730014595	0.0	0	0.0	1486.4416346312792	1	0	tensor(3, device='cuda:0')	1.8636481297923122
215200.0	2000.0	1286.441634631462	0.0	0	249.18819941490074	1486.4416346312792	1	0	tensor(3, device='cuda:0')	1.8636481297923122
216200.0	2000.0	1286.441634631479	0.0	0	188.93123611420742	1486.4416346312792	1	0	tensor(3, device='cuda:0')	1.8636481297923122
217200.0	2000.0	1286.4416346314613	0.0	0	30.51818918841309	1486.4416346312792	1	0	tensor(3, device='cuda:0')	1.8636481297923122
218200.0	2000.0	1286.4416346314363	0.0	0	344.89437901289784	1486.44163463125	1	0	tensor(3, device='cuda:0')	1.8636481297923133
219200.0	2000.0	1286.4416346314429	0.0	0	259.82411726980354	1486.4416346312792	1	0	tensor(3, device='cuda:0')	1.8636481297923122
220200.0	2000.0	1286.4416346314297	0.0	0	300.3511487872165	1486.4416346312792	1	0	tensor(3, device='cuda:0')	1.8636481297923122
221200.0	2000.0	1286.4416346314301	0.0	0	78.94314231380122	1486.44163463125	1	0	tensor(3, device='cuda:0')	1.8636481297923133
222200.0	2000.0	1286.4416346314279	0.0	0	424.01451874364284	1486.44163463125	1	0	tensor(3, device='cuda:0')	1.8636481297923133
223200.0	2000.0	1286.4416346313922	0.0	0	519.0890918413934	1486.44163463125	1	0	tensor(3, device='cuda:0')	1.8636481297923133
224200.0	2000.0	1286.4416346314104	0.0	0	313.6392346082139	1486.44163463125	1	0	tensor(3, device='cuda:0')	1.8636481297923133
225200.0	2000.0	1286.4416346313722	0.0	0	498.70001759476145	1486.441634631221	1	0	tensor(3, device='cuda:0')	1.8636481297923146
226200.0	2000.0	1286.4416346313824	0.0	0	431.26615296528325	1486.4416346311918	1	0	tensor(3, device='cuda:0')	1.8636481297923158
227200.0	2000.0	1286.4416346313849	0.0	0	241.63831130915787	1486.4416346311627	1	0	tensor(3, device='cuda:0')	1.863648129792317
228200.0	2000.0	1286.4416346313926	0.0	0	181.32751914218534	1486.4416346311627	1	0	tensor(3, device='cuda:0')	1.863648129792317
229358.93420023425	2000.0	1127.5074343971307	0.0	0	0.0	1486.4416346311336	1	0	tensor(3, device='cuda:0')	1.8636481297923186
230429.9754815573	2000.0	1056.4661530740955	0.0	0	0.0	1486.4416346311336	1	0	tensor(3, device='cuda:0')	1.8636481297923186
231200.0	2000.0	1286.4416346314104	0.0	0	168.18771181249758	1486.4416346311336	1	0	tensor(3, device='cuda:0')	1.8636481297923186
232200.0	2000.0	1286.4416346313794	0.0	0	229.3193853062985	1486.4416346311336	1	0	tensor(3, device='cuda:0')	1.8636481297923186
233200.0	2000.0	1286.4416346313692	0.0	0	433.58939069428016	1486.4416346311627	1	0	tensor(3, device='cuda:0')	1.863648129792317
234200.0	2000.0	1286.4416346313492	0.0	0	118.84708671830595	1486.4416346311627	1	0	tensor(3, device='cuda:0')	1.863648129792317
235200.0	2000.0	1286.4416346313385	0.0	0	303.06092897523195	1486.4416346311336	1	0	tensor(3, device='cuda:0')	1.8636481297923186
236200.0	2000.0	1286.441634631344	0.0	0	259.5197382894112	1486.4416346311336	1	0	tensor(3, device='cuda:0')	1.8636481297923186
237200.0	2000.0	1286.4416346313524	0.0	0	173.76066467125202	1486.4416346311336	1	0	tensor(3, device='cuda:0')	1.8636481297923186
238200.0	2000.0	1286.4416346313499	0.0	0	328.7277807639912	1486.4416346311627	1	0	tensor(3, device='cuda:0')	1.863648129792317
239200.0	2000.0	1286.4416346313462	0.0	0	593.5159209241392	1486.4416346311627	1	0	tensor(3, device='cuda:0')	1.863648129792317
240200.0	2000.0	1286.4416346313515	0.0	0	367.8726071843121	1486.4416346311627	1	0	tensor(3, device='cuda:0')	1.863648129792317
241200.0	2000.0	1286.4416346313849	0.0	0	536.5867211878649	1486.4416346311627	1	0	tensor(3, device='cuda:0')	1.863648129792317
242200.0	2000.0	1286.441634631372	0.0	0	126.45128058062983	1486.4416346311627	1	0	tensor(3, device='cuda:0')	1.863648129792317
243200.0	2000.0	1286.4416346313774	0.0	0	552.1818692838424	1486.4416346311627	1	0	tensor(3, device='cuda:0')	1.863648129792317
244200.0	2000.0	1286.4416346313863	0.0	0	342.9608061032777	1486.4416346311336	1	0	tensor(3, device='cuda:0')	1.8636481297923186
245200.0	2000.0	1286.4416346313963	0.0	0	502.08153006478096	1486.4416346311336	1	0	tensor(3, device='cuda:0')	1.8636481297923186
246200.0	2000.0	1286.4416346313878	0.0	0	629.8006541026116	1486.4416346311336	1	0	tensor(3, device='cuda:0')	1.8636481297923186
247200.0	2000.0	1286.4416346313808	0.0	0	472.68983045069035	1486.4416346311336	1	0	tensor(3, device='cuda:0')	1.8636481297923186
248200.0	2000.0	1286.4416346313812	0.0	0	389.7356542349735	1486.4416346311336	1	0	tensor(3, device='cuda:0')	1.8636481297923186
249200.0	2000.0	1286.44163463138	0.0	0	591.2314753205865	1486.4416346311336	1	0	tensor(3, device='cuda:0')	1.8636481297923186
250200.0	2000.0	1286.4416346313621	0.0	0	424.27029605788994	1486.4416346311336	1	0	tensor(3, device='cuda:0')	1.8636481297923186
251200.0	2000.0	1286.441634631364	0.0	0	591.6128360088042	1486.4416346311336	1	0	tensor(3, device='cuda:0')	1.8636481297923186
252200.0	2000.0	1286.441634631364	0.0	0	570.5654917600041	1486.4416346311336	1	0	tensor(3, device='cuda:0')	1.8636481297923186
253200.0	2000.0	1286.4416346313333	0.0	0	524.5917644590954	1486.4416346311336	1	0	tensor(3, device='cuda:0')	1.8636481297923186
254200.0	2000.0	1286.4416346313492	0.0	0	573.5776815788704	1486.4416346311336	1	0	tensor(3, device='cuda:0')	1.8636481297923186
255200.0	2000.0	1286.4416346313774	0.0	0	598.6548631237238	1486.4416346311336	1	0	tensor(3, device='cuda:0')	1.8636481297923186
256200.0	2000.0	1286.4416346313733	0.0	0	521.5282776264357	1486.4416346311336	1	0	tensor(3, device='cuda:0')	1.8636481297923186
257200.0	2000.0	1286.4416346313888	0.0	0	334.2396581945068	1486.4416346311336	1	0	tensor(3, device='cuda:0')	1.8636481297923186
258200.0	2000.0	1286.4416346313856	0.0	0	516.0284776385524	1486.4416346311336	1	0	tensor(3, device='cuda:0')	1.8636481297923186
259200.0	2000.0	1286.4416346313933	0.0	0	426.4628674296255	1486.4416346311336	1	0	tensor(3, device='cuda:0')	1.8636481297923186
260200.0	2000.0	1286.441634631381	0.0	0	465.98665569280274	1486.4416346311336	1	0	tensor(3, device='cuda:0')	1.8636481297923186
261200.0	2000.0	1286.4416346313994	0.0	0	510.90702672919724	1486.4416346311336	1	0	tensor(3, device='cuda:0')	1.8636481297923186
262200.0	2000.0	1286.4416346313858	0.0	0	507.71651536406716	1486.4416346311045	1	0	tensor(3, device='cuda:0')	1.8636481297923195
263200.0	2000.0	1286.4416346314042	0.0	0	565.0438031188678	1486.4416346311336	1	0	tensor(3, device='cuda:0')	1.8636481297923182
264200.0	2000.0	1286.4416346314479	0.0	0	361.2556147884461	1486.4416346311918	1	0	tensor(3, device='cuda:0')	1.863648129792316
265200.0	2000.0	1286.4416346314192	0.0	0	178.52521046547918	1486.4416346311918	1	0	tensor(3, device='cuda:0')	1.8636481297923158
266200.0	2000.0	1286.4416346313849	0.0	0	313.4720886180876	1486.4416346311336	1	0	tensor(3, device='cuda:0')	1.8636481297923186
267200.0	2000.0	1286.4416346314224	0.0	0	204.88000939774793	1486.4416346311336	1	0	tensor(3, device='cuda:0')	1.8636481297923186
268200.0	2000.0	1286.4416346314683	0.0	0	496.91446561104385	1486.4416346311336	1	0	tensor(3, device='cuda:0')	1.8636481297923186
269200.0	2000.0	1286.441634631483	0.0	0	366.8873997092596	1486.4416346311336	1	0	tensor(3, device='cuda:0')	1.8636481297923186
270200.0	2000.0	1286.441634631501	0.0	0	418.9310381387477	1486.4416346311336	1	0	tensor(3, device='cuda:0')	1.8636481297923186
271200.0	2000.0	1286.441634631444	0.0	0	263.3351382201072	1486.4416346311336	1	0	tensor(3, device='cuda:0')	1.8636481297923186
272281.18785777985	2000.0	1205.253776851669	0.0	0	0.0	1486.4416346311918	1	0	tensor(3, device='cuda:0')	1.8636481297923158
273200.0	2000.0	1286.4416346315109	0.0	0	117.79969079972943	1486.4416346311918	1	0	tensor(3, device='cuda:0')	1.8636481297923158
274200.0	2000.0	1286.441634631518	0.0	0	132.75472551136045	1486.4416346311918	1	0	tensor(3, device='cuda:0')	1.8636481297923158
275200.0	2000.0	1286.4416346315236	0.0	0	231.8848751205951	1486.4416346311918	1	0	tensor(3, device='cuda:0')	1.8636481297923158
276200.0	2000.0	1286.4416346314872	0.0	0	455.3508213782916	1486.4416346311918	1	0	tensor(3, device='cuda:0')	1.8636481297923158
277200.0	2000.0	1286.44163463145	0.0	0	489.2922141769668	1486.4416346311918	1	0	tensor(3, device='cuda:0')	1.8636481297923158
278200.0	2000.0	1286.441634631491	0.0	0	587.6573062506504	1486.4416346311918	1	0	tensor(3, device='cuda:0')	1.8636481297923158
279200.0	2000.0	1286.4416346314797	0.0	0	720.8267731634551	1486.4416346311336	1	0	tensor(3, device='cuda:0')	1.8636481297923186
280200.0	2000.0	1286.4416346314974	0.0	0	823.4462884097593	1486.4416346311336	1	0	tensor(3, device='cuda:0')	1.8636481297923186
281200.0	2000.0	1286.4416346315006	0.0	0	791.9042559330701	1486.4416346311336	1	0	tensor(3, device='cuda:0')	1.8636481297923186
282200.0	2000.0	1286.4416346314886	0.0	0	796.3226931079989	1486.4416346311336	1	0	tensor(3, device='cuda:0')	1.8636481297923186
283200.0	2000.0	1286.4416346314742	0.0	0	774.6536591020413	1486.4416346310754	1	0	tensor(3, device='cuda:0')	1.8636481297923209
284200.0	2000.0	1286.4416346314981	0.0	0	569.866858322348	1486.4416346310172	1	0	tensor(3, device='cuda:0')	1.8636481297923233
285200.0	2000.0	1286.4416346314817	0.0	0	404.0236541805789	1486.4416346310172	1	0	tensor(3, device='cuda:0')	1.8636481297923233
286200.0	2000.0	1286.4416346314474	0.0	0	407.18178101367084	1486.4416346310754	1	0	tensor(3, device='cuda:0')	1.8636481297923209
287200.0	2000.0	1286.4416346314251	0.0	0	629.8182816267945	1486.4416346310754	1	0	tensor(3, device='cuda:0')	1.8636481297923209
288200.0	2000.0	1286.4416346314188	0.0	0	597.804133742582	1486.4416346310754	1	0	tensor(3, device='cuda:0')	1.8636481297923209
289200.0	2000.0	1286.4416346314622	0.0	0	548.5662402237649	1486.4416346310754	1	0	tensor(3, device='cuda:0')	1.8636481297923209
290200.0	2000.0	1286.4416346315013	0.0	0	398.72222002089256	1486.4416346310754	1	0	tensor(3, device='cuda:0')	1.8636481297923209
291200.0	2000.0	1286.4416346315325	0.0	0	491.4302125381073	1486.4416346310754	1	0	tensor(3, device='cuda:0')	1.8636481297923209
292200.0	2000.0	1286.4416346315827	0.0	0	71.98308296065079	1486.4416346310754	1	0	tensor(3, device='cuda:0')	1.8636481297923209
293200.0	2000.0	1286.4416346315456	0.0	0	280.75968593003927	1486.4416346310754	1	0	tensor(3, device='cuda:0')	1.8636481297923209
294200.0	2000.0	1286.441634631572	0.0	0	484.94289421034046	1486.4416346310754	1	0	tensor(3, device='cuda:0')	1.8636481297923209
295200.0	2000.0	1286.4416346315554	0.0	0	402.06267603923334	1486.4416346310754	1	0	tensor(3, device='cuda:0')	1.8636481297923209
296200.0	2000.0	1286.4416346316314	0.0	0	480.9593750149361	1486.4416346310754	1	0	tensor(3, device='cuda:0')	1.8636481297923209
297200.0	2000.0	1286.4416346315854	0.0	0	199.80272515537217	1486.4416346310172	1	0	tensor(3, device='cuda:0')	1.8636481297923233
298200.0	2000.0	1286.4416346315793	0.0	0	474.50369491486344	1486.4416346310172	1	0	tensor(3, device='cuda:0')	1.8636481297923233
299200.0	2000.0	1286.441634631592	0.0	0	318.7235613017692	1486.4416346310172	1	0	tensor(3, device='cuda:0')	1.8636481297923233
300200.0	2000.0	1286.4416346316132	0.0	0	400.37598760065157	1486.4416346310754	1	0	tensor(3, device='cuda:0')	1.8636481297923209
301200.0	2000.0	1286.4416346315654	0.0	0	195.9542338095489	1486.4416346310172	1	0	tensor(3, device='cuda:0')	1.8636481297923233
302200.0	2000.0	1286.4416346315809	0.0	0	275.94453657238046	1486.4416346310754	1	0	tensor(3, device='cuda:0')	1.8636481297923209
303200.0	2000.0	1286.441634631606	0.0	0	300.99783704651054	1486.4416346311336	1	0	tensor(3, device='cuda:0')	1.8636481297923186
304200.0	2000.0	1286.4416346316225	0.0	0	463.0567671380122	1486.4416346311336	1	0	tensor(3, device='cuda:0')	1.8636481297923186
305200.0	2000.0	1286.4416346316066	0.0	0	489.46544496220304	1486.4416346310754	1	0	tensor(3, device='cuda:0')	1.8636481297923209
306200.0	2000.0	1286.44163463158	0.0	0	402.91438785917126	1486.4416346310754	1	0	tensor(3, device='cuda:0')	1.8636481297923209
3.95	4.6	3.56	2.92	3.43	4.05	3.58	2.09	2.46	3.04	3.08	3.09	1.93	2.32	2.9	3.13	3.17	3.6	4.05	4.61	4.39	4.01	4.26	4.24	3.86	2.28	2.09	2.2	2.68	3.22	3.65	4.37	4.71	2.98	3.3	3.06	3.48	3.79	3.32	3.83	3.2	2.63	2.63	2.92	3.27	3.35	3.38	3.81	3.3	3.35	2.91	2.79	3.17	3.51	2.81	2.83	2.83	2.66	3.23	2.35	1.96	2.56	3.17	3.76	3.94	3.1	2.63	3.02	3.23	3.63	4.22	3.63	3.43	3.49	3.97	3.16	2.11	1.11	1.66	2.29	2.87	3.45	3.78	3.86	4.04	3.28	3.92	4.04	2.78	1.99	1.89	2.49	3.03	3.63	4.04	2.78	2.86	2.59	2.2	2.53	3.15	2.99	2.94	2.12	1.85	2.11	2.71	1.77	1.9	2.5	3.1	3.68	4.26	5.04	5.86	6.32	6.53	5.36	4.88	3.6	3.76	3.96	3.88	4.51	3.98	2.55	2.24	2.75	2.49	1.7	1.75	2.26	2.84	3.42	4.04	4.46	4.71	4.48	2.65	3.02	2.78	3.24	2.99	3.21	2.98	2.27	2.72	2.33	2.93	2.68	2.94	2.94	2.93	2.97	2.72	2.72	2.99	2.85	3.22	3.31	3.13	3.39	2.91	2.97	3.1	2.88	3.32	3.63	4.12	4.43	4.0	3.28	3.49	2.84	2.53	2.5	2.49	2.61	2.53	2.22	2.19	2.79	3.35	3.88	4.44	5.02	6.48	6.82	5.17	4.31	4.74	5.31	5.93	6.44	5.37	6.32	6.81	6.37	4.17	3.22	2.8	2.93	3.53	4.12	4.24	2.58	2.18	2.68	2.51	2.72	2.51	2.18	2.56	3.2	3.86	3.87	4.03	4.07	3.56	2.73	2.43	2.13	2.7	3.19	3.48	2.61	2.11	2.42	3.04	3.58	4.19	4.76	3.9	2.92	3.46	4.03	4.66	5.26	5.58	3.35	3.67	4.2	4.81	4.49	4.69	4.84	4.36	5.14	4.19	4.1	3.08	3.34	3.92	4.49	4.19	3.35	3.08	3.08	2.91	3.15	3.58	4.03	4.62	2.56	2.07	2.64	3.24	3.79	4.38	5.05	7.22	11.2	10.5	9.13	8.55	7.1	4.23	4.51	4.4	4.37	4.99	4.87	3.67	2.77	2.72	3.1	3.58	3.65	3.49	3.34	3.86	3.85	3.38	2.94	3.53	3.2	3.72	3.2	3.72	3.98	3.09
475.0	476.0	477.0	478.0	479.0	480.0	481.0	482.0	483.0	484.0	485.0	486.0	487.0	488.0	489.0	490.0	491.0	492.0	493.0	494.0	495.0	496.0	497.0	498.0	499.0	500.0	501.0	502.0	503.0	504.0	505.0	506.0	507.0	508.0	509.0	510.0	511.0	512.0	513.0	514.0	515.0	516.0	517.0	518.0	519.0	520.0	521.0	522.0	523.0	524.0	525.0	526.0	527.0	528.0	529.0	530.0	531.0	532.0	533.0	534.0	535.0	536.0	537.0	538.0	539.0	540.0	541.0	542.0	543.0	544.0	545.0	546.0	547.0	548.0	549.0	550.0	551.0	552.0	553.0	554.0	555.0	556.0	557.0	558.0	559.0	560.0	561.0	562.0	563.0	564.0	565.0	566.0	567.0	568.0	569.0	570.0	571.0	572.0	573.0	574.0	575.0	576.0	577.0	578.0	579.0	580.0	581.0	582.0	583.0	584.0	585.0	586.0	587.0	588.0	589.0	590.0	591.0	592.0	593.0	594.0	595.0	596.0	597.0	598.0	599.0	600.0	601.0	602.0	603.0	604.0	605.0	606.0	607.0	608.0	609.0	610.0	611.0	612.0	613.0	614.0	615.0	616.0	617.0	618.0	619.0	620.0	621.0	622.0	623.0	624.0	625.0	626.0	627.0	628.0	629.0	630.0	631.0	632.0	633.0	634.0	635.0	636.0	637.0	638.0	639.0	640.0	641.0	642.0	643.0	644.0	645.0	646.0	647.0	648.0	649.0	650.0	651.0	652.0	653.0	654.0	655.0	656.0	657.0	658.0	659.0	660.0	661.0	662.0	663.0	664.0	665.0	666.0	667.0	668.0	669.0	670.0	671.0	672.0	673.0	674.0	675.0	676.0	677.0	678.0	679.0	680.0	681.0	682.0	683.0	684.0	685.0	686.0	687.0	688.0	689.0	690.0	691.0	692.0	693.0	694.0	695.0	696.0	697.0	698.0	699.0	700.0	701.0	702.0	703.0	704.0	705.0	706.0	707.0	708.0	709.0	710.0	711.0	712.0	713.0	714.0	715.0	716.0	717.0	718.0	719.0	720.0	721.0	722.0	723.0	724.0	725.0	726.0	727.0	728.0	729.0	730.0	731.0	732.0	733.0	734.0	735.0	736.0	737.0	738.0	739.0	740.0	741.0	742.0	743.0	744.0	745.0	746.0	747.0	748.0	749.0	750.0	751.0	752.0	753.0	754.0	755.0	756.0	757.0	758.0	759.0	760.0	761.0	762.0	763.0	764.0	765.0	766.0	767.0	768.0	769.0	770.0	771.0	772.0	773.0	774.0	775.0
6544.0
