2200.0	2000.0	1644.2798302993058	284.4964849300795	0	355.7201697006942	1844.2798302993058	0	0	tensor(3, device='cuda:0')	-1.7546895737131432
3200.0	2000.0	1833.2757661605501	188.99593586124405	0	764.1502024858114	2033.2757661605501	1	0	tensor(3, device='cuda:0')	0.6997545272445507
4200.0	2000.0	1833.2757661605501	0.0	0	669.6224962517454	2033.2757661605501	1	0	tensor(3, device='cuda:0')	1.8326765787596542
5200.0	2000.0	1833.275766160551	0.0	0	762.0709810597828	2033.275766160551	1	0	tensor(3, device='cuda:0')	1.8326765787596542
6200.0	2000.0	1833.2757661605515	0.0	0	724.7084689329176	2033.275766160552	1	0	tensor(3, device='cuda:0')	1.8326765787596542
7200.0	2000.0	1833.2757661605522	0.0	0	738.9949168434323	2033.275766160552	1	0	tensor(3, device='cuda:0')	1.8326765787596542
8200.0	2000.0	1833.275766160551	0.0	0	804.4485642557402	2033.275766160552	1	0	tensor(3, device='cuda:0')	1.8326765787596542
9200.0	2000.0	1833.2757661605492	0.0	0	835.5201400627338	2033.2757661605492	1	0	tensor(3, device='cuda:0')	1.8326765787596542
10200.0	2000.0	1833.275766160552	0.0	0	843.074388838806	2033.2757661605528	1	0	tensor(3, device='cuda:0')	1.8326765787596542
11200.0	2000.0	1833.2757661605524	0.0	0	783.9104485150419	2033.2757661605538	1	0	tensor(3, device='cuda:0')	1.8326765787596537
12200.0	2000.0	1833.275766160554	0.0	0	759.8363328717205	2033.2757661605556	1	0	tensor(3, device='cuda:0')	1.8326765787596537
13200.0	2000.0	1833.2757661605528	0.0	0	786.5486280996629	2033.2757661605556	1	0	tensor(3, device='cuda:0')	1.8326765787596537
14200.0	2000.0	1833.2757661605547	0.0	0	714.0456321866113	2033.2757661605574	1	0	tensor(3, device='cuda:0')	1.8326765787596535
15200.0	2000.0	1833.2757661605558	0.0	0	658.2206747780347	2033.2757661605592	1	0	tensor(3, device='cuda:0')	1.8326765787596535
16200.0	2000.0	1833.2757661605544	0.0	0	792.1628865008315	2033.2757661605592	1	0	tensor(3, device='cuda:0')	1.8326765787596535
17200.0	2000.0	1833.2757661605526	0.0	0	681.9136861780498	2033.2757661605574	1	0	tensor(3, device='cuda:0')	1.8326765787596535
18200.0	2000.0	1833.275766160556	0.0	0	771.0737065900175	2033.2757661605629	1	0	tensor(3, device='cuda:0')	1.8326765787596533
19200.0	2000.0	1833.2757661605551	0.0	0	770.1705537635462	2033.275766160561	1	0	tensor(3, device='cuda:0')	1.8326765787596533
20200.0	2000.0	1833.2757661605538	0.0	0	732.4245294062894	2033.275766160561	1	0	tensor(3, device='cuda:0')	1.8326765787596533
21200.0	2000.0	1833.2757661605517	0.0	0	808.6729449402192	2033.2757661605574	1	0	tensor(3, device='cuda:0')	1.8326765787596535
22200.0	2000.0	1833.2757661605513	0.0	0	724.4411458547947	2033.2757661605574	1	0	tensor(3, device='cuda:0')	1.8326765787596535
23200.0	2000.0	1833.2757661605494	0.0	0	790.8878665207521	2033.2757661605574	1	0	tensor(3, device='cuda:0')	1.8326765787596535
24200.0	2000.0	1833.275766160551	0.0	0	840.1944124515067	2033.2757661605574	1	0	tensor(3, device='cuda:0')	1.8326765787596535
25200.0	2000.0	1833.2757661605503	0.0	0	818.2164302674391	2033.2757661605574	1	0	tensor(3, device='cuda:0')	1.8326765787596535
26200.0	2000.0	1833.2757661605528	0.0	0	782.3557711188078	2033.2757661605538	1	0	tensor(3, device='cuda:0')	1.8326765787596537
27200.0	2000.0	1833.2757661605488	0.0	0	685.6330981239262	2033.2757661605538	1	0	tensor(3, device='cuda:0')	1.8326765787596537
28200.0	2000.0	1833.2757661605524	0.0	0	779.3426187247169	2033.2757661605538	1	0	tensor(3, device='cuda:0')	1.8326765787596537
29200.0	2000.0	1833.2757661605506	0.0	0	782.276131134051	2033.2757661605538	1	0	tensor(3, device='cuda:0')	1.8326765787596537
30200.0	2000.0	1833.2757661605522	0.0	0	839.2428811431346	2033.2757661605538	1	0	tensor(3, device='cuda:0')	1.8326765787596537
31200.0	2000.0	1833.2757661605492	0.0	0	803.4964981786725	2033.2757661605538	1	0	tensor(3, device='cuda:0')	1.8326765787596537
32200.0	2000.0	1833.2757661605444	0.0	0	764.7812784205635	2033.2757661605538	1	0	tensor(3, device='cuda:0')	1.8326765787596537
33200.0	2000.0	1833.2757661605413	0.0	0	808.3494317257864	2033.2757661605501	1	0	tensor(3, device='cuda:0')	1.832676578759654
34200.0	2000.0	1833.2757661605403	0.0	0	787.6088825831903	2033.2757661605538	1	0	tensor(3, device='cuda:0')	1.8326765787596542
35200.0	2000.0	1833.2757661605458	0.0	0	824.4925840538635	2033.2757661605574	1	0	tensor(3, device='cuda:0')	1.8326765787596535
36200.0	2000.0	1833.2757661605522	0.0	0	708.0613780204221	2033.2757661605574	1	0	tensor(3, device='cuda:0')	1.8326765787596535
37200.0	2000.0	1833.2757661605513	0.0	0	783.1323571520697	2033.2757661605574	1	0	tensor(3, device='cuda:0')	1.8326765787596535
38200.0	2000.0	1833.2757661605433	0.0	0	821.8310927307466	2033.2757661605647	1	0	tensor(3, device='cuda:0')	1.832676578759653
39200.0	2000.0	1833.2757661605422	0.0	0	741.0356458881797	2033.2757661605647	1	0	tensor(3, device='cuda:0')	1.832676578759653
40200.0	2000.0	1833.2757661605417	0.0	0	767.8016472852032	2033.2757661605647	1	0	tensor(3, device='cuda:0')	1.832676578759653
41200.0	2000.0	1833.2757661605451	0.0	0	770.3422045641419	2033.275766160572	1	0	tensor(3, device='cuda:0')	1.8326765787596524
42200.0	2000.0	1833.2757661605328	0.0	0	774.2523201808945	2033.2757661605647	1	0	tensor(3, device='cuda:0')	1.832676578759653
43200.0	2000.0	1833.2757661605315	0.0	0	667.3532761088572	2033.2757661605647	1	0	tensor(3, device='cuda:0')	1.832676578759653
44200.0	2000.0	1833.2757661605356	0.0	0	705.486287437976	2033.2757661605647	1	0	tensor(3, device='cuda:0')	1.832676578759653
45200.0	2000.0	1833.2757661605326	0.0	0	783.526635659553	2033.2757661605574	1	0	tensor(3, device='cuda:0')	1.8326765787596535
46200.0	2000.0	1833.2757661605356	0.0	0	822.1578432902752	2033.2757661605574	1	0	tensor(3, device='cuda:0')	1.8326765787596535
47200.0	2000.0	1833.275766160536	0.0	0	836.5095743428174	2033.2757661605647	1	0	tensor(3, device='cuda:0')	1.832676578759653
48200.0	2000.0	1833.2757661605385	0.0	0	827.3571387823322	2033.275766160572	1	0	tensor(3, device='cuda:0')	1.8326765787596524
49200.0	2000.0	1833.275766160535	0.0	0	817.8732945412412	2033.275766160572	1	0	tensor(3, device='cuda:0')	1.8326765787596524
50200.0	2000.0	1833.2757661605374	0.0	0	805.588580739437	2033.275766160572	1	0	tensor(3, device='cuda:0')	1.8326765787596524
51200.0	2000.0	1833.275766160539	0.0	0	715.117801827415	2033.275766160572	1	0	tensor(3, device='cuda:0')	1.8326765787596524
52200.0	2000.0	1833.2757661605453	0.0	0	777.2146081249593	2033.2757661605792	1	0	tensor(3, device='cuda:0')	1.8326765787596522
53200.0	2000.0	1833.2757661605438	0.0	0	809.6581100209223	2033.2757661605792	1	0	tensor(3, device='cuda:0')	1.8326765787596522
54200.0	2000.0	1833.275766160547	0.0	0	782.7769615602301	2033.2757661605792	1	0	tensor(3, device='cuda:0')	1.8326765787596522
55200.0	2000.0	1833.275766160556	0.0	0	784.3995590622435	2033.2757661605865	1	0	tensor(3, device='cuda:0')	1.8326765787596515
56200.0	2000.0	1833.2757661605567	0.0	0	791.843425584535	2033.2757661605865	1	0	tensor(3, device='cuda:0')	1.8326765787596515
57200.0	2000.0	1833.2757661605508	0.0	0	735.3494479098445	2033.2757661605792	1	0	tensor(3, device='cuda:0')	1.8326765787596522
58200.0	2000.0	1833.2757661605524	0.0	0	643.9685451293335	2033.2757661605792	1	0	tensor(3, device='cuda:0')	1.8326765787596522
59200.0	2000.0	1833.275766160562	0.0	0	612.3393401304784	2033.2757661605792	1	0	tensor(3, device='cuda:0')	1.8326765787596522
60200.0	2000.0	1833.2757661605651	0.0	0	786.1761935541799	2033.2757661605792	1	0	tensor(3, device='cuda:0')	1.8326765787596522
61200.0	2000.0	1833.2757661605615	0.0	0	790.5542233654414	2033.2757661605792	1	0	tensor(3, device='cuda:0')	1.8326765787596522
62200.0	2000.0	1833.2757661605574	0.0	0	783.3474244553872	2033.2757661605865	1	0	tensor(3, device='cuda:0')	1.8326765787596515
63200.0	2000.0	1833.2757661605654	0.0	0	814.5930853796235	2033.2757661605865	1	0	tensor(3, device='cuda:0')	1.8326765787596515
64200.0	2000.0	1833.2757661605617	0.0	0	640.7159577973653	2033.2757661605865	1	0	tensor(3, device='cuda:0')	1.8326765787596515
65200.0	2000.0	1833.2757661605565	0.0	0	607.0959767899985	2033.2757661605865	1	0	tensor(3, device='cuda:0')	1.8326765787596515
66200.0	2000.0	1833.275766160575	0.0	0	691.7961128900133	2033.275766160601	1	0	tensor(3, device='cuda:0')	1.8326765787596515
67200.0	2000.0	1833.2757661605708	0.0	0	733.4893263507984	2033.275766160601	1	0	tensor(3, device='cuda:0')	1.8326765787596506
68200.0	2000.0	1833.2757661605626	0.0	0	788.3613876590098	2033.275766160601	1	0	tensor(3, device='cuda:0')	1.8326765787596506
69200.0	2000.0	1833.275766160568	0.0	0	709.1533013897861	2033.275766160601	1	0	tensor(3, device='cuda:0')	1.8326765787596506
70200.0	2000.0	1833.2757661605453	0.0	0	725.0884913189511	2033.275766160601	1	0	tensor(3, device='cuda:0')	1.8326765787596506
71200.0	2000.0	1833.2757661605629	0.0	0	634.4615704128955	2033.275766160601	1	0	tensor(3, device='cuda:0')	1.8326765787596506
72200.0	2000.0	1833.275766160562	0.0	0	823.7296495608316	2033.275766160601	1	0	tensor(3, device='cuda:0')	1.8326765787596506
73200.0	2000.0	1833.2757661605824	0.0	0	820.2585511249345	2033.275766160601	1	0	tensor(3, device='cuda:0')	1.8326765787596506
74200.0	2000.0	1833.2757661605872	0.0	0	866.6967776607489	2033.275766160601	1	0	tensor(3, device='cuda:0')	1.8326765787596506
75200.0	2000.0	1833.275766160592	0.0	0	718.3357064773154	2033.2757661605865	1	0	tensor(3, device='cuda:0')	1.8326765787596515
76200.0	2000.0	1833.2757661605935	0.0	0	741.5336057125241	2033.2757661605865	1	0	tensor(3, device='cuda:0')	1.8326765787596515
77200.0	2000.0	1833.275766160596	0.0	0	795.1001410544122	2033.275766160601	1	0	tensor(3, device='cuda:0')	1.8326765787596506
78200.0	2000.0	1833.2757661605895	0.0	0	835.2653301724058	2033.275766160601	1	0	tensor(3, device='cuda:0')	1.8326765787596506
79200.0	2000.0	1833.2757661606033	0.0	0	783.8393562951969	2033.2757661606156	1	0	tensor(3, device='cuda:0')	1.8326765787596493
80200.0	2000.0	1833.2757661606138	0.0	0	786.9805379070312	2033.2757661606302	1	0	tensor(3, device='cuda:0')	1.8326765787596484
81200.0	2000.0	1833.2757661606022	0.0	0	814.368221098106	2033.2757661606302	1	0	tensor(3, device='cuda:0')	1.8326765787596484
82200.0	2000.0	1833.2757661606047	0.0	0	773.2823153105273	2033.2757661606302	1	0	tensor(3, device='cuda:0')	1.8326765787596484
83200.0	2000.0	1833.275766160614	0.0	0	747.8720837959409	2033.2757661606447	1	0	tensor(3, device='cuda:0')	1.832676578759647
84200.0	2000.0	1833.2757661606106	0.0	0	745.616971426367	2033.2757661606593	1	0	tensor(3, device='cuda:0')	1.8326765787596464
85200.0	2000.0	1833.2757661606065	0.0	0	770.6309397423029	2033.2757661606738	1	0	tensor(3, device='cuda:0')	1.8326765787596453
86200.0	2000.0	1833.2757661605933	0.0	0	732.8450270424073	2033.2757661606738	1	0	tensor(3, device='cuda:0')	1.8326765787596453
87200.0	2000.0	1833.2757661605976	0.0	0	697.1697752827749	2033.2757661606738	1	0	tensor(3, device='cuda:0')	1.8326765787596453
88200.0	2000.0	1833.275766160605	0.0	0	646.0490899114375	2033.2757661606738	1	0	tensor(3, device='cuda:0')	1.8326765787596453
89200.0	2000.0	1833.2757661606156	0.0	0	706.6327847308276	2033.2757661606738	1	0	tensor(3, device='cuda:0')	1.8326765787596453
90200.0	2000.0	1833.275766160618	0.0	0	825.3345609183016	2033.2757661606738	1	0	tensor(3, device='cuda:0')	1.8326765787596453
91200.0	2000.0	1833.2757661606279	0.0	0	838.9891023064847	2033.2757661606738	1	0	tensor(3, device='cuda:0')	1.8326765787596453
92200.0	2000.0	1833.275766160629	0.0	0	850.5416603737976	2033.2757661606738	1	0	tensor(3, device='cuda:0')	1.8326765787596453
93200.0	2000.0	1833.2757661606188	0.0	0	894.0756771915621	2033.2757661606738	1	0	tensor(3, device='cuda:0')	1.8326765787596453
94200.0	2000.0	1833.2757661606206	0.0	0	818.3514321336406	2033.2757661606738	1	0	tensor(3, device='cuda:0')	1.8326765787596453
95200.0	2000.0	1833.275766160619	0.0	0	807.4564426407451	2033.2757661606593	1	0	tensor(3, device='cuda:0')	1.8326765787596464
96200.0	2000.0	1833.2757661606222	0.0	0	768.7157665569684	2033.2757661606593	1	0	tensor(3, device='cuda:0')	1.8326765787596464
97200.0	2000.0	1833.2757661606217	0.0	0	819.7455434735894	2033.2757661606593	1	0	tensor(3, device='cuda:0')	1.8326765787596464
98200.0	2000.0	1833.2757661606092	0.0	0	716.378621123702	2033.2757661606593	1	0	tensor(3, device='cuda:0')	1.8326765787596464
99200.0	2000.0	1833.2757661606174	0.0	0	647.9833182328148	2033.2757661606593	1	0	tensor(3, device='cuda:0')	1.8326765787596464
100200.0	2000.0	1833.2757661606245	0.0	0	710.4162865949475	2033.2757661606593	1	0	tensor(3, device='cuda:0')	1.8326765787596464
101200.0	2000.0	1833.2757661606377	0.0	0	763.6926320897037	2033.2757661606593	1	0	tensor(3, device='cuda:0')	1.8326765787596464
102200.0	2000.0	1833.2757661606574	0.0	0	869.9537001767312	2033.2757661606738	1	0	tensor(3, device='cuda:0')	1.8326765787596453
103200.0	2000.0	1833.2757661606558	0.0	0	834.3070005879854	2033.2757661606738	1	0	tensor(3, device='cuda:0')	1.8326765787596453
104200.0	2000.0	1833.2757661606495	0.0	0	788.8503005293314	2033.2757661606884	1	0	tensor(3, device='cuda:0')	1.8326765787596442
105200.0	2000.0	1833.2757661606445	0.0	0	784.9287284521124	2033.2757661606738	1	0	tensor(3, device='cuda:0')	1.8326765787596453
106200.0	2000.0	1833.275766160643	0.0	0	693.3570351704984	2033.2757661606738	1	0	tensor(3, device='cuda:0')	1.8326765787596453
107200.0	2000.0	1833.2757661606458	0.0	0	675.6618602910021	2033.2757661606738	1	0	tensor(3, device='cuda:0')	1.8326765787596453
108200.0	2000.0	1833.275766160641	0.0	0	727.4653940802091	2033.2757661606884	1	0	tensor(3, device='cuda:0')	1.8326765787596442
109200.0	2000.0	1833.2757661606283	0.0	0	599.4185136038723	2033.2757661606884	1	0	tensor(3, device='cuda:0')	1.8326765787596442
110200.0	2000.0	1833.2757661606367	0.0	0	652.2016903656913	2033.2757661606884	1	0	tensor(3, device='cuda:0')	1.8326765787596442
111200.0	2000.0	1833.2757661606208	0.0	0	671.5016477440076	2033.2757661606884	1	0	tensor(3, device='cuda:0')	1.8326765787596442
112200.0	2000.0	1833.275766160642	0.0	0	588.3870766491018	2033.2757661606884	1	0	tensor(3, device='cuda:0')	1.8326765787596442
113200.0	2000.0	1833.2757661606354	0.0	0	724.5744851345662	2033.2757661606884	1	0	tensor(3, device='cuda:0')	1.8326765787596442
114200.0	2000.0	1833.2757661606383	0.0	0	788.7233606258087	2033.2757661606884	1	0	tensor(3, device='cuda:0')	1.8326765787596442
115200.0	2000.0	1833.2757661606267	0.0	0	833.804736783437	2033.2757661606738	1	0	tensor(3, device='cuda:0')	1.8326765787596453
116200.0	2000.0	1833.2757661606183	0.0	0	816.0236628267303	2033.2757661606738	1	0	tensor(3, device='cuda:0')	1.8326765787596453
117200.0	2000.0	1833.2757661606208	0.0	0	786.3019440188218	2033.2757661606738	1	0	tensor(3, device='cuda:0')	1.8326765787596453
118200.0	2000.0	1833.2757661606327	0.0	0	844.6114109752962	2033.2757661606738	1	0	tensor(3, device='cuda:0')	1.8326765787596453
119200.0	2000.0	1833.2757661606322	0.0	0	793.0757238532678	2033.2757661606738	1	0	tensor(3, device='cuda:0')	1.8326765787596453
120200.0	2000.0	1833.2757661606304	0.0	0	777.0991926029674	2033.2757661606738	1	0	tensor(3, device='cuda:0')	1.8326765787596453
121200.0	2000.0	1833.275766160625	0.0	0	701.6717945805431	2033.2757661606593	1	0	tensor(3, device='cuda:0')	1.8326765787596464
122200.0	2000.0	1833.275766160623	0.0	0	827.4191189983103	2033.2757661606593	1	0	tensor(3, device='cuda:0')	1.8326765787596464
123200.0	2000.0	1833.2757661606406	0.0	0	800.2710396551265	2033.2757661606593	1	0	tensor(3, device='cuda:0')	1.8326765787596464
124200.0	2000.0	1833.2757661606454	0.0	0	712.587575707963	2033.2757661606593	1	0	tensor(3, device='cuda:0')	1.8326765787596464
125200.0	2000.0	1833.275766160646	0.0	0	753.4246183310897	2033.2757661606738	1	0	tensor(3, device='cuda:0')	1.8326765787596453
126200.0	2000.0	1833.2757661606495	0.0	0	828.650652743614	2033.2757661606593	1	0	tensor(3, device='cuda:0')	1.8326765787596464
127200.0	2000.0	1833.275766160665	0.0	0	728.0360775626177	2033.2757661606447	1	0	tensor(3, device='cuda:0')	1.832676578759647
128200.0	2000.0	1833.2757661606752	0.0	0	628.6983540778892	2033.2757661606447	1	0	tensor(3, device='cuda:0')	1.832676578759647
129200.0	2000.0	1833.2757661606795	0.0	0	768.5407837609091	2033.2757661606302	1	0	tensor(3, device='cuda:0')	1.8326765787596484
130200.0	2000.0	1833.2757661606627	0.0	0	695.8130562425649	2033.2757661606302	1	0	tensor(3, device='cuda:0')	1.8326765787596484
131200.0	2000.0	1833.2757661606718	0.0	0	823.4645999303029	2033.2757661606156	1	0	tensor(3, device='cuda:0')	1.8326765787596493
132200.0	2000.0	1833.2757661606634	0.0	0	792.7240853427502	2033.2757661605865	1	0	tensor(3, device='cuda:0')	1.8326765787596506
133200.0	2000.0	1833.275766160679	0.0	0	843.4275050753204	2033.275766160572	1	0	tensor(3, device='cuda:0')	1.8326765787596522
134200.0	2000.0	1833.27576616067	0.0	0	822.9528476463165	2033.275766160601	1	0	tensor(3, device='cuda:0')	1.8326765787596506
135200.0	2000.0	1833.2757661606747	0.0	0	773.1724295094027	2033.2757661606302	1	0	tensor(3, device='cuda:0')	1.8326765787596484
136200.0	2000.0	1833.2757661606724	0.0	0	692.7465441937384	2033.2757661606302	1	0	tensor(3, device='cuda:0')	1.8326765787596484
137200.0	2000.0	1833.2757661606493	0.0	0	650.5099334346596	2033.275766160601	1	0	tensor(3, device='cuda:0')	1.8326765787596506
138200.0	2000.0	1833.275766160643	0.0	0	678.9046752460126	2033.275766160601	1	0	tensor(3, device='cuda:0')	1.8326765787596506
139200.0	2000.0	1833.2757661606315	0.0	0	669.280699846131	2033.275766160601	1	0	tensor(3, device='cuda:0')	1.8326765787596506
140200.0	2000.0	1833.2757661606302	0.0	0	794.6382766501047	2033.275766160601	1	0	tensor(3, device='cuda:0')	1.8326765787596506
141200.0	2000.0	1833.2757661606358	0.0	0	826.0494784927869	2033.275766160601	1	0	tensor(3, device='cuda:0')	1.8326765787596506
142200.0	2000.0	1833.2757661606329	0.0	0	819.253185021109	2033.275766160601	1	0	tensor(3, device='cuda:0')	1.8326765787596506
143200.0	2000.0	1833.2757661606524	0.0	0	713.3907138920331	2033.275766160601	1	0	tensor(3, device='cuda:0')	1.8326765787596506
144200.0	2000.0	1833.2757661606329	0.0	0	779.2743360157765	2033.275766160601	1	0	tensor(3, device='cuda:0')	1.8326765787596506
145200.0	2000.0	1833.2757661606274	0.0	0	726.3256664415239	2033.2757661606302	1	0	tensor(3, device='cuda:0')	1.8326765787596484
146200.0	2000.0	1833.27576616062	0.0	0	686.4286949449452	2033.2757661606593	1	0	tensor(3, device='cuda:0')	1.8326765787596464
147200.0	2000.0	1833.2757661605876	0.0	0	624.0333457481756	2033.2757661606302	1	0	tensor(3, device='cuda:0')	1.8326765787596484
148200.0	2000.0	1833.2757661606147	0.0	0	731.1543411627354	2033.2757661606302	1	0	tensor(3, device='cuda:0')	1.8326765787596484
149200.0	2000.0	1833.275766160648	0.0	0	689.0876831586356	2033.2757661606302	1	0	tensor(3, device='cuda:0')	1.8326765787596484
150200.0	2000.0	1833.275766160646	0.0	0	540.8043732566002	2033.2757661606302	1	0	tensor(3, device='cuda:0')	1.8326765787596488
151200.0	2000.0	1833.275766160611	0.0	0	753.2405552250275	2033.2757661606302	1	0	tensor(3, device='cuda:0')	1.8326765787596484
152200.0	2000.0	1833.2757661606317	0.0	0	801.0776110144507	2033.2757661606302	1	0	tensor(3, device='cuda:0')	1.8326765787596484
153200.0	2000.0	1833.2757661606279	0.0	0	819.1996111037733	2033.2757661606302	1	0	tensor(3, device='cuda:0')	1.8326765787596484
154200.0	2000.0	1833.275766160603	0.0	0	754.1026166767115	2033.275766160601	1	0	tensor(3, device='cuda:0')	1.8326765787596506
155200.0	2000.0	1833.275766160581	0.0	0	623.939300437778	2033.275766160601	1	0	tensor(3, device='cuda:0')	1.8326765787596506
156200.0	2000.0	1833.2757661605906	0.0	0	782.6716833804094	2033.275766160601	1	0	tensor(3, device='cuda:0')	1.8326765787596506
157200.0	2000.0	1833.2757661605967	0.0	0	697.6697004740126	2033.275766160601	1	0	tensor(3, device='cuda:0')	1.8326765787596506
158200.0	2000.0	1833.275766160595	0.0	0	770.1460169107013	2033.2757661606302	1	0	tensor(3, device='cuda:0')	1.8326765787596484
159200.0	2000.0	1833.2757661606136	0.0	0	733.3939152396633	2033.2757661606302	1	0	tensor(3, device='cuda:0')	1.8326765787596484
160200.0	2000.0	1833.275766160617	0.0	0	787.3457433146541	2033.2757661606302	1	0	tensor(3, device='cuda:0')	1.8326765787596484
161200.0	2000.0	1833.2757661606056	0.0	0	792.8411016501777	2033.2757661606302	1	0	tensor(3, device='cuda:0')	1.8326765787596484
162200.0	2000.0	1833.27576616059	0.0	0	697.2572720971075	2033.2757661606302	1	0	tensor(3, device='cuda:0')	1.8326765787596484
163200.0	2000.0	1833.2757661606279	0.0	0	770.520019679796	2033.2757661606593	1	0	tensor(3, device='cuda:0')	1.8326765787596464
164200.0	2000.0	1833.2757661606327	0.0	0	767.4253829243826	2033.2757661606593	1	0	tensor(3, device='cuda:0')	1.8326765787596464
165200.0	2000.0	1833.275766160618	0.0	0	777.2239858028188	2033.2757661606593	1	0	tensor(3, device='cuda:0')	1.8326765787596464
166200.0	2000.0	1833.2757661605892	0.0	0	789.5371183483221	2033.2757661606593	1	0	tensor(3, device='cuda:0')	1.8326765787596464
167200.0	2000.0	1833.2757661606026	0.0	0	769.7572205190372	2033.2757661606593	1	0	tensor(3, device='cuda:0')	1.8326765787596464
168200.0	2000.0	1833.275766160572	0.0	0	815.271103297011	2033.2757661606302	1	0	tensor(3, device='cuda:0')	1.8326765787596484
169200.0	2000.0	1833.2757661605854	0.0	0	821.1409833254584	2033.2757661606302	1	0	tensor(3, device='cuda:0')	1.8326765787596484
170200.0	2000.0	1833.2757661605792	0.0	0	741.7654184337007	2033.2757661606302	1	0	tensor(3, device='cuda:0')	1.8326765787596484
171200.0	2000.0	1833.27576616056	0.0	0	825.7077418564877	2033.2757661606302	1	0	tensor(3, device='cuda:0')	1.8326765787596484
172200.0	2000.0	1833.2757661605626	0.0	0	771.2569187320769	2033.2757661606302	1	0	tensor(3, device='cuda:0')	1.8326765787596484
173200.0	2000.0	1833.2757661605704	0.0	0	699.0311600304267	2033.2757661606302	1	0	tensor(3, device='cuda:0')	1.8326765787596484
174200.0	2000.0	1833.2757661605638	0.0	0	710.40934424632	2033.275766160601	1	0	tensor(3, device='cuda:0')	1.8326765787596506
175200.0	2000.0	1833.2757661605783	0.0	0	811.171578153444	2033.275766160572	1	0	tensor(3, device='cuda:0')	1.8326765787596524
176200.0	2000.0	1833.2757661606215	0.0	0	715.4999083879811	2033.275766160601	1	0	tensor(3, device='cuda:0')	1.8326765787596506
177200.0	2000.0	1833.2757661606258	0.0	0	812.0782041523198	2033.2757661606302	1	0	tensor(3, device='cuda:0')	1.8326765787596484
178200.0	2000.0	1833.2757661606367	0.0	0	778.3036020520958	2033.2757661606302	1	0	tensor(3, device='cuda:0')	1.8326765787596484
179200.0	2000.0	1833.2757661606452	0.0	0	843.0330416240613	2033.2757661606302	1	0	tensor(3, device='cuda:0')	1.8326765787596484
180200.0	2000.0	1833.2757661606167	0.0	0	812.5601703565335	2033.275766160601	1	0	tensor(3, device='cuda:0')	1.8326765787596506
181200.0	2000.0	1833.2757661606265	0.0	0	781.2494601401268	2033.275766160572	1	0	tensor(3, device='cuda:0')	1.8326765787596524
182200.0	2000.0	1833.2757661606333	0.0	0	793.1562260470237	2033.275766160572	1	0	tensor(3, device='cuda:0')	1.8326765787596524
183200.0	2000.0	1833.2757661606472	0.0	0	835.5719476968807	2033.275766160601	1	0	tensor(3, device='cuda:0')	1.8326765787596506
184200.0	2000.0	1833.2757661606363	0.0	0	712.310994757514	2033.275766160601	1	0	tensor(3, device='cuda:0')	1.8326765787596506
185200.0	2000.0	1833.2757661606472	0.0	0	754.9164121219364	2033.275766160601	1	0	tensor(3, device='cuda:0')	1.8326765787596506
186200.0	2000.0	1833.2757661606909	0.0	0	798.9536329004914	2033.275766160601	1	0	tensor(3, device='cuda:0')	1.8326765787596506
187200.0	2000.0	1833.2757661606806	0.0	0	664.4134200259869	2033.275766160601	1	0	tensor(3, device='cuda:0')	1.8326765787596506
188200.0	2000.0	1833.2757661606952	0.0	0	657.1238244765555	2033.275766160601	1	0	tensor(3, device='cuda:0')	1.8326765787596506
189200.0	2000.0	1833.2757661606684	0.0	0	799.2544014516752	2033.275766160601	1	0	tensor(3, device='cuda:0')	1.8326765787596506
190200.0	2000.0	1833.275766160662	0.0	0	693.2221162125352	2033.275766160601	1	0	tensor(3, device='cuda:0')	1.8326765787596506
191200.0	2000.0	1833.275766160637	0.0	0	551.9265587549307	2033.275766160601	1	0	tensor(3, device='cuda:0')	1.8326765787596506
192200.0	2000.0	1833.2757661606418	0.0	0	723.0252809138328	2033.275766160601	1	0	tensor(3, device='cuda:0')	1.8326765787596506
193200.0	2000.0	1833.2757661606909	0.0	0	772.7924052687013	2033.275766160601	1	0	tensor(3, device='cuda:0')	1.8326765787596506
194200.0	2000.0	1833.2757661606865	0.0	0	771.4921597176872	2033.275766160601	1	0	tensor(3, device='cuda:0')	1.8326765787596506
195200.0	2000.0	1833.2757661607316	0.0	0	762.4710289535287	2033.275766160601	1	0	tensor(3, device='cuda:0')	1.8326765787596506
196200.0	2000.0	1833.2757661607286	0.0	0	851.0353733780212	2033.275766160572	1	0	tensor(3, device='cuda:0')	1.8326765787596524
197200.0	2000.0	1833.2757661607563	0.0	0	829.9051453105349	2033.275766160572	1	0	tensor(3, device='cuda:0')	1.8326765787596524
198200.0	2000.0	1833.275766160758	0.0	0	784.5245094159036	2033.2757661605428	1	0	tensor(3, device='cuda:0')	1.8326765787596546
199200.0	2000.0	1833.2757661607438	0.0	0	822.0851417022641	2033.2757661605428	1	0	tensor(3, device='cuda:0')	1.8326765787596546
200200.0	2000.0	1833.2757661607543	0.0	0	825.981042400148	2033.2757661605428	1	0	tensor(3, device='cuda:0')	1.8326765787596546
201200.0	2000.0	1833.2757661607395	0.0	0	833.114308313292	2033.2757661605428	1	0	tensor(3, device='cuda:0')	1.8326765787596546
202200.0	2000.0	1833.2757661607732	0.0	0	751.8292650395306	2033.2757661605428	1	0	tensor(3, device='cuda:0')	1.8326765787596546
203200.0	2000.0	1833.2757661607832	0.0	0	596.5246410594264	2033.2757661605428	1	0	tensor(3, device='cuda:0')	1.8326765787596546
204200.0	2000.0	1833.2757661607745	0.0	0	795.0805095048272	2033.2757661605428	1	0	tensor(3, device='cuda:0')	1.8326765787596546
205200.0	2000.0	1833.2757661607845	0.0	0	807.6658002950426	2033.275766160572	1	0	tensor(3, device='cuda:0')	1.8326765787596524
206200.0	2000.0	1833.2757661607782	0.0	0	683.8916806827474	2033.275766160572	1	0	tensor(3, device='cuda:0')	1.8326765787596524
207200.0	2000.0	1833.275766160781	0.0	0	686.8801197957073	2033.275766160572	1	0	tensor(3, device='cuda:0')	1.8326765787596524
208200.0	2000.0	1833.2757661607666	0.0	0	655.2482568560226	2033.275766160572	1	0	tensor(3, device='cuda:0')	1.8326765787596524
209200.0	2000.0	1833.2757661607586	0.0	0	806.969286189531	2033.275766160572	1	0	tensor(3, device='cuda:0')	1.8326765787596524
210200.0	2000.0	1833.2757661607402	0.0	0	817.1573039075593	2033.2757661605428	1	0	tensor(3, device='cuda:0')	1.8326765787596546
211200.0	2000.0	1833.2757661607368	0.0	0	755.1580740500649	2033.2757661605428	1	0	tensor(3, device='cuda:0')	1.8326765787596546
212200.0	2000.0	1833.2757661607675	0.0	0	831.8820333379263	2033.2757661605428	1	0	tensor(3, device='cuda:0')	1.8326765787596546
213200.0	2000.0	1833.2757661607918	0.0	0	774.4387696642079	2033.2757661605428	1	0	tensor(3, device='cuda:0')	1.8326765787596546
214200.0	2000.0	1833.2757661607818	0.0	0	802.314699611743	2033.2757661605428	1	0	tensor(3, device='cuda:0')	1.8326765787596546
215200.0	2000.0	1833.2757661607886	0.0	0	756.047852234944	2033.2757661605428	1	0	tensor(3, device='cuda:0')	1.8326765787596546
216200.0	2000.0	1833.2757661607593	0.0	0	718.2924801318732	2033.2757661605428	1	0	tensor(3, device='cuda:0')	1.8326765787596546
217200.0	2000.0	1833.27576616076	0.0	0	499.2604255815386	2033.2757661605428	1	0	tensor(3, device='cuda:0')	1.8326765787596546
218200.0	2000.0	1833.2757661607636	0.0	0	731.4265749547922	2033.2757661605428	1	0	tensor(3, device='cuda:0')	1.8326765787596546
219200.0	2000.0	1833.275766160781	0.0	0	701.4900143641862	2033.2757661605428	1	0	tensor(3, device='cuda:0')	1.8326765787596546
220200.0	2000.0	1833.2757661607793	0.0	0	744.9990520740103	2033.2757661605428	1	0	tensor(3, device='cuda:0')	1.8326765787596546
221200.0	2000.0	1833.2757661607823	0.0	0	669.9745496835967	2033.2757661605428	1	0	tensor(3, device='cuda:0')	1.8326765787596546
222200.0	2000.0	1833.2757661607989	0.0	0	748.7705816227535	2033.2757661605428	1	0	tensor(3, device='cuda:0')	1.8326765787596546
223200.0	2000.0	1833.275766160796	0.0	0	831.6719177177874	2033.2757661605428	1	0	tensor(3, device='cuda:0')	1.8326765787596546
224200.0	2000.0	1833.2757661608186	0.0	0	794.6602844350564	2033.2757661605428	1	0	tensor(3, device='cuda:0')	1.8326765787596546
225200.0	2000.0	1833.2757661608389	0.0	0	818.9835834924306	2033.2757661605428	1	0	tensor(3, device='cuda:0')	1.8326765787596546
226200.0	2000.0	1833.2757661608284	0.0	0	794.3171846948972	2033.2757661605428	1	0	tensor(3, device='cuda:0')	1.8326765787596546
227200.0	2000.0	1833.2757661608287	0.0	0	748.5893646469631	2033.2757661605428	1	0	tensor(3, device='cuda:0')	1.8326765787596546
228200.0	2000.0	1833.2757661608578	0.0	0	764.7050271243497	2033.2757661605428	1	0	tensor(3, device='cuda:0')	1.8326765787596546
229200.0	2000.0	1833.2757661608423	0.0	0	751.6408157076512	2033.2757661605428	1	0	tensor(3, device='cuda:0')	1.8326765787596546
230200.0	2000.0	1833.2757661608714	0.0	0	697.4337781219219	2033.2757661605428	1	0	tensor(3, device='cuda:0')	1.8326765787596546
231200.0	2000.0	1833.2757661608775	0.0	0	797.9875913352589	2033.2757661605428	1	0	tensor(3, device='cuda:0')	1.8326765787596546
232200.0	2000.0	1833.27576616087	0.0	0	779.7938296313514	2033.2757661605428	1	0	tensor(3, device='cuda:0')	1.8326765787596546
233200.0	2000.0	1833.275766160887	0.0	0	804.4349381458887	2033.2757661605428	1	0	tensor(3, device='cuda:0')	1.8326765787596546
234200.0	2000.0	1833.2757661609173	0.0	0	765.3907363596954	2033.275766160572	1	0	tensor(3, device='cuda:0')	1.8326765787596524
235200.0	2000.0	1833.2757661609207	0.0	0	702.2579058792908	2033.275766160601	1	0	tensor(3, device='cuda:0')	1.8326765787596506
236200.0	2000.0	1833.275766160918	0.0	0	684.1137277263042	2033.275766160601	1	0	tensor(3, device='cuda:0')	1.8326765787596506
237200.0	2000.0	1833.2757661609585	0.0	0	801.5376871147018	2033.275766160601	1	0	tensor(3, device='cuda:0')	1.8326765787596506
238200.0	2000.0	1833.2757661609555	0.0	0	801.5095825867029	2033.275766160601	1	0	tensor(3, device='cuda:0')	1.8326765787596506
239200.0	2000.0	1833.2757661609587	0.0	0	701.1436380381347	2033.275766160601	1	0	tensor(3, device='cuda:0')	1.8326765787596506
240200.0	2000.0	1833.2757661609674	0.0	0	610.1067163872067	2033.275766160601	1	0	tensor(3, device='cuda:0')	1.8326765787596506
241200.0	2000.0	1833.2757661609621	0.0	0	719.4291711713886	2033.275766160601	1	0	tensor(3, device='cuda:0')	1.8326765787596506
242200.0	2000.0	1833.275766160973	0.0	0	768.8343128127453	2033.275766160572	1	0	tensor(3, device='cuda:0')	1.8326765787596524
243200.0	2000.0	1833.275766160985	0.0	0	645.7264009027858	2033.275766160572	1	0	tensor(3, device='cuda:0')	1.8326765787596524
244200.0	2000.0	1833.2757661609942	0.0	0	697.7864827241283	2033.275766160572	1	0	tensor(3, device='cuda:0')	1.8326765787596524
245200.0	2000.0	1833.2757661609928	0.0	0	815.3863576943113	2033.275766160572	1	0	tensor(3, device='cuda:0')	1.8326765787596524
246200.0	2000.0	1833.275766160966	0.0	0	773.0701079089195	2033.2757661605428	1	0	tensor(3, device='cuda:0')	1.8326765787596546
247200.0	2000.0	1833.2757661609642	0.0	0	772.4146913611912	2033.275766160572	1	0	tensor(3, device='cuda:0')	1.8326765787596524
248200.0	2000.0	1833.2757661609476	0.0	0	791.4610531488433	2033.275766160572	1	0	tensor(3, device='cuda:0')	1.8326765787596524
249200.0	2000.0	1833.2757661609419	0.0	0	665.6226251628832	2033.275766160572	1	0	tensor(3, device='cuda:0')	1.8326765787596524
250200.0	2000.0	1833.2757661609198	0.0	0	712.816581492254	2033.275766160572	1	0	tensor(3, device='cuda:0')	1.8326765787596524
251200.0	2000.0	1833.275766160901	0.0	0	564.7650180399069	2033.2757661605428	1	0	tensor(3, device='cuda:0')	1.8326765787596546
252200.0	2000.0	1833.2757661609	0.0	0	726.7448452313256	2033.2757661605428	1	0	tensor(3, device='cuda:0')	1.8326765787596546
253200.0	2000.0	1833.2757661608944	0.0	0	793.1910696343402	2033.2757661605137	1	0	tensor(3, device='cuda:0')	1.8326765787596568
254200.0	2000.0	1833.2757661608834	0.0	0	731.2288346221612	2033.2757661605137	1	0	tensor(3, device='cuda:0')	1.8326765787596568
255200.0	2000.0	1833.2757661608687	0.0	0	793.991732517432	2033.2757661604846	1	0	tensor(3, device='cuda:0')	1.8326765787596588
256200.0	2000.0	1833.2757661608468	0.0	0	726.9325161507586	2033.2757661604846	1	0	tensor(3, device='cuda:0')	1.8326765787596588
257200.0	2000.0	1833.2757661608534	0.0	0	791.6234691295831	2033.2757661604846	1	0	tensor(3, device='cuda:0')	1.8326765787596588
258200.0	2000.0	1833.2757661608682	0.0	0	712.7751289387816	2033.2757661604846	1	0	tensor(3, device='cuda:0')	1.8326765787596588
259200.0	2000.0	1833.2757661609087	0.0	0	703.9678237752232	2033.2757661604846	1	0	tensor(3, device='cuda:0')	1.8326765787596588
260200.0	2000.0	1833.275766160902	0.0	0	629.9916937621892	2033.2757661604846	1	0	tensor(3, device='cuda:0')	1.8326765787596588
261200.0	2000.0	1833.275766160881	0.0	0	600.5391452498734	2033.2757661604846	1	0	tensor(3, device='cuda:0')	1.8326765787596588
262200.0	2000.0	1833.2757661609035	0.0	0	521.1365381535434	2033.2757661604846	1	0	tensor(3, device='cuda:0')	1.8326765787596588
263200.0	2000.0	1833.2757661609094	0.0	0	702.3710383402649	2033.2757661604846	1	0	tensor(3, device='cuda:0')	1.8326765787596584
264200.0	2000.0	1833.2757661608848	0.0	0	732.1882685153396	2033.2757661604555	1	0	tensor(3, device='cuda:0')	1.8326765787596606
265200.0	2000.0	1833.2757661609132	0.0	0	748.3370454338728	2033.2757661604555	1	0	tensor(3, device='cuda:0')	1.832676578759661
266200.0	2000.0	1833.2757661609592	0.0	0	700.3006988106063	2033.2757661604555	1	0	tensor(3, device='cuda:0')	1.832676578759661
267200.0	2000.0	1833.2757661609733	0.0	0	737.4564907070599	2033.2757661605137	1	0	tensor(3, device='cuda:0')	1.8326765787596568
268200.0	2000.0	1833.2757661609915	0.0	0	843.1521703401813	2033.2757661604555	1	0	tensor(3, device='cuda:0')	1.832676578759661
269200.0	2000.0	1833.2757661609621	0.0	0	808.4114186371444	2033.2757661604555	1	0	tensor(3, device='cuda:0')	1.832676578759661
270200.0	2000.0	1833.2757661608916	0.0	0	858.7796301732305	2033.2757661604555	1	0	tensor(3, device='cuda:0')	1.832676578759661
271200.0	2000.0	1833.2757661608653	0.0	0	748.6167550740647	2033.2757661604555	1	0	tensor(3, device='cuda:0')	1.832676578759661
272200.0	2000.0	1833.2757661608787	0.0	0	681.254498741182	2033.2757661604555	1	0	tensor(3, device='cuda:0')	1.832676578759661
273200.0	2000.0	1833.2757661608523	0.0	0	689.4579786531976	2033.2757661604555	1	0	tensor(3, device='cuda:0')	1.832676578759661
274200.0	2000.0	1833.275766160854	0.0	0	781.3906061874004	2033.2757661605137	1	0	tensor(3, device='cuda:0')	1.8326765787596568
275200.0	2000.0	1833.2757661608582	0.0	0	651.101192746486	2033.2757661605137	1	0	tensor(3, device='cuda:0')	1.8326765787596568
276200.0	2000.0	1833.2757661608644	0.0	0	579.1416694410727	2033.2757661605137	1	0	tensor(3, device='cuda:0')	1.8326765787596568
277200.0	2000.0	1833.2757661608994	0.0	0	797.7800595853478	2033.2757661605137	1	0	tensor(3, device='cuda:0')	1.8326765787596568
278200.0	2000.0	1833.2757661608764	0.0	0	855.000913223892	2033.2757661605137	1	0	tensor(3, device='cuda:0')	1.8326765787596568
279200.0	2000.0	1833.2757661608916	0.0	0	805.2795699022245	2033.275766160572	1	0	tensor(3, device='cuda:0')	1.8326765787596524
280200.0	2000.0	1833.2757661609523	0.0	0	818.1189617880736	2033.275766160572	1	0	tensor(3, device='cuda:0')	1.8326765787596524
281200.0	2000.0	1833.2757661609583	0.0	0	700.9500897012185	2033.275766160572	1	0	tensor(3, device='cuda:0')	1.8326765787596524
282200.0	2000.0	1833.2757661609346	0.0	0	736.1177399095031	2033.275766160572	1	0	tensor(3, device='cuda:0')	1.8326765787596524
283200.0	2000.0	1833.2757661609126	0.0	0	784.2402069863747	2033.2757661605137	1	0	tensor(3, device='cuda:0')	1.8326765787596568
284200.0	2000.0	1833.2757661608928	0.0	0	834.5308606359176	2033.2757661605137	1	0	tensor(3, device='cuda:0')	1.8326765787596568
285200.0	2000.0	1833.2757661609241	0.0	0	746.5678841799381	2033.2757661604555	1	0	tensor(3, device='cuda:0')	1.832676578759661
286200.0	2000.0	1833.275766160969	0.0	0	705.4933672472253	2033.2757661604555	1	0	tensor(3, device='cuda:0')	1.832676578759661
287200.0	2000.0	1833.2757661609999	0.0	0	769.488844032865	2033.2757661604555	1	0	tensor(3, device='cuda:0')	1.832676578759661
288200.0	2000.0	1833.2757661609894	0.0	0	800.0581379949581	2033.2757661604555	1	0	tensor(3, device='cuda:0')	1.832676578759661
289200.0	2000.0	1833.2757661610242	0.0	0	756.0178297159728	2033.2757661605137	1	0	tensor(3, device='cuda:0')	1.8326765787596568
290200.0	2000.0	1833.2757661610062	0.0	0	815.2393342906144	2033.2757661605137	1	0	tensor(3, device='cuda:0')	1.8326765787596568
291200.0	2000.0	1833.2757661609764	0.0	0	818.8548094539437	2033.2757661605137	1	0	tensor(3, device='cuda:0')	1.8326765787596568
292200.0	2000.0	1833.2757661610385	0.0	0	768.4814273976954	2033.275766160572	1	0	tensor(3, device='cuda:0')	1.8326765787596524
293200.0	2000.0	1833.2757661610842	0.0	0	855.3307565705036	2033.275766160572	1	0	tensor(3, device='cuda:0')	1.8326765787596524
294200.0	2000.0	1833.2757661611504	0.0	0	772.1972717486206	2033.275766160572	1	0	tensor(3, device='cuda:0')	1.8326765787596524
295200.0	2000.0	1833.275766161148	0.0	0	795.2286456563161	2033.275766160572	1	0	tensor(3, device='cuda:0')	1.8326765787596524
296200.0	2000.0	1833.275766161182	0.0	0	727.709060157591	2033.275766160572	1	0	tensor(3, device='cuda:0')	1.8326765787596524
297200.0	2000.0	1833.275766161209	0.0	0	733.6621597140329	2033.275766160572	1	0	tensor(3, device='cuda:0')	1.8326765787596524
298200.0	2000.0	1833.2757661612316	0.0	0	744.5465826035361	2033.2757661606302	1	0	tensor(3, device='cuda:0')	1.8326765787596484
299200.0	2000.0	1833.275766161261	0.0	0	815.8444274564972	2033.2757661606302	1	0	tensor(3, device='cuda:0')	1.8326765787596484
300200.0	2000.0	1833.275766161206	0.0	0	776.2635769146145	2033.2757661606302	1	0	tensor(3, device='cuda:0')	1.8326765787596484
6.99	8.33	9.56	12.2	6.38	8.56	12.7	11.6	12.3	12.6	11.7	8.0	7.74	8.09	10.6	6.95	9.35	9.72	9.0	10.3	12.0	13.2	12.3	9.46	8.87	10.6	12.7	14.0	13.6	13.2	11.5	14.0	11.4	9.97	8.88	11.8	13.1	9.81	8.49	9.46	7.43	8.39	7.88	12.6	12.0	15.6	12.4	14.5	10.6	10.1	9.38	14.4	11.4	11.4	11.0	9.22	5.43	9.3	11.0	13.4	12.3	8.17	6.53	6.14	7.51	9.23	10.3	9.2	6.46	10.9	10.0	15.6	13.9	7.29	10.4	14.2	15.8	12.7	17.1	11.0	11.9	9.64	11.0	14.4	9.11	13.0	5.69	7.53	11.5	14.4	15.9	20.1	17.6	13.7	13.4	9.77	13.3	7.51	5.49	8.21	15.1	21.4	15.3	8.54	8.6	8.56	7.34	6.32	6.56	10.7	5.33	6.45	9.6	12.1	14.7	13.5	14.3	12.0	11.5	8.99	11.5	9.45	8.12	10.5	12.0	12.2	7.3	7.25	9.7	9.74	12.4	18.0	14.5	13.4	8.65	6.51	7.62	7.47	7.89	12.7	12.7	9.55	11.8	8.22	11.9	7.39	6.64	8.22	5.44	7.87	13.9	13.5	11.1	5.61	8.34	8.82	8.2	10.1	11.1	13.0	9.14	10.4	8.92	11.9	18.3	10.2	9.11	15.5	13.7	9.59	10.7	9.08	8.2	11.8	9.11	12.1	11.0	14.4	12.2	8.8	11.8	12.0	10.2	8.84	10.1	7.78	7.19	11.4	10.7	6.3	6.57	9.09	10.9	11.7	13.6	12.5	15.0	13.1	12.0	15.8	15.7	6.6	7.45	12.9	9.58	7.43	7.61	9.22	11.9	12.5	11.9	13.4	14.9	10.7	7.73	4.52	6.41	8.1	7.03	8.28	10.2	9.93	12.7	10.6	10.3	12.4	8.6	7.74	8.73	9.68	11.0	14.3	16.7	9.2	9.53	8.94	9.72	9.17	7.97	6.07	11.1	9.58	5.77	8.49	11.5	11.7	8.95	8.07	9.89	6.24	7.49	9.81	10.7	11.1	9.16	9.16	11.3	9.8	6.86	9.64	5.43	5.85	10.8	7.38	6.42	10.0	13.2	17.1	15.2	13.3	8.17	9.94	9.38	9.74	6.48	7.59	14.1	16.1	12.2	9.7	9.55	10.7	12.6	10.9	8.93	11.4	11.4	8.19	12.5	13.2	10.4	16.0	15.7	10.8	8.21	10.8	9.99	15.9	11.9	13.1	8.97	8.56
1916.0	1917.0	1918.0	1919.0	1920.0	1921.0	1922.0	1923.0	1924.0	1925.0	1926.0	1927.0	1928.0	1929.0	1930.0	1931.0	1932.0	1933.0	1934.0	1935.0	1936.0	1937.0	1938.0	1939.0	1940.0	1941.0	1942.0	1943.0	1944.0	1945.0	1946.0	1947.0	1948.0	1949.0	1950.0	1951.0	1952.0	1953.0	1954.0	1955.0	1956.0	1957.0	1958.0	1959.0	1960.0	1961.0	1962.0	1963.0	1964.0	1965.0	1966.0	1967.0	1968.0	1969.0	1970.0	1971.0	1972.0	1973.0	1974.0	1975.0	1976.0	1977.0	1978.0	1979.0	1980.0	1981.0	1982.0	1983.0	1984.0	1985.0	1986.0	1987.0	1988.0	1989.0	1990.0	1991.0	1992.0	1993.0	1994.0	1995.0	1996.0	1997.0	1998.0	1999.0	2000.0	2000.0	2001.0	2002.0	2003.0	2004.0	2005.0	2006.0	2007.0	2008.0	2009.0	2010.0	2011.0	2012.0	2013.0	2014.0	2015.0	2016.0	2017.0	2018.0	2019.0	2020.0	2021.0	2022.0	2023.0	2024.0	2025.0	2026.0	2027.0	2028.0	2029.0	2030.0	2031.0	2032.0	2033.0	2034.0	2035.0	2036.0	2037.0	2038.0	2039.0	2040.0	2041.0	2042.0	2043.0	2044.0	2045.0	2046.0	2047.0	2048.0	2049.0	2050.0	2051.0	2052.0	2053.0	2054.0	2055.0	2056.0	2057.0	2058.0	2059.0	2060.0	2061.0	2062.0	2063.0	2064.0	2065.0	2066.0	2067.0	2068.0	2069.0	2070.0	2071.0	2072.0	2073.0	2074.0	2075.0	2076.0	2077.0	2078.0	2079.0	2080.0	2081.0	2082.0	2083.0	2084.0	2085.0	2086.0	2087.0	2088.0	2089.0	2090.0	2091.0	2092.0	2093.0	2094.0	2095.0	2096.0	2097.0	2098.0	2099.0	2100.0	2101.0	2102.0	2103.0	2104.0	2105.0	2106.0	2107.0	2108.0	2109.0	2110.0	2111.0	2112.0	2113.0	2114.0	2115.0	2116.0	2117.0	2118.0	2119.0	2120.0	2121.0	2122.0	2123.0	2124.0	2125.0	2126.0	2127.0	2128.0	2129.0	2130.0	2131.0	2132.0	2133.0	2134.0	2135.0	2136.0	2137.0	2138.0	2139.0	2140.0	2141.0	2142.0	2143.0	2144.0	2145.0	2146.0	2147.0	2148.0	2149.0	2150.0	2151.0	2152.0	2153.0	2154.0	2155.0	2156.0	2157.0	2158.0	2159.0	2160.0	2161.0	2162.0	2163.0	2164.0	2165.0	2166.0	2167.0	2168.0	2169.0	2170.0	2171.0	2172.0	2173.0	2174.0	2175.0	2176.0	2177.0	2178.0	2179.0	2180.0	2181.0	2182.0	2183.0	2184.0	2185.0	2186.0	2187.0	2188.0	2189.0	2190.0	2191.0	2192.0	2193.0	2194.0	2195.0	2196.0	2197.0	2198.0	2199.0	2200.0	2201.0	2202.0	2203.0	2204.0	2205.0	2206.0	2207.0	2208.0	2209.0	2210.0	2211.0	2212.0	2213.0	2214.0	2215.0	2216.0
1487.0
