2288.0295029814392	500.0	2000.0	248.4087498599217	0	0.0	2288.0295029814392	1	0	tensor(3, device='cuda:0')	-1.570920148148545
3200.0	500.0	2088.0295029814392	0.0	0	569.0211801147584	2288.029502981439	1	0	tensor(3, device='cuda:0')	0.42532900877269125
4389.370410354046	2000.0	1898.659092627394	0.0	0	0.0	2288.0295029814392	1	0	tensor(3, device='cuda:0')	0.42532900877269136
5762.099910113333	2000.0	1525.9295928681065	0.0	0	0.0	2288.029502981439	1	0	tensor(3, device='cuda:0')	1.8116233698925819
6469.2290426665695	2000.0	1818.8004603148693	0.0	0	0.0	2288.029502981438	1	0	tensor(3, device='cuda:0')	1.8116233698925819
7200.0	2000.0	2088.02950298144	0.0	0	196.8857902910704	2288.029502981439	1	0	tensor(3, device='cuda:0')	1.8116233698925819
8200.0	2000.0	2088.0295029814397	0.0	0	394.1968164367281	2288.029502981439	1	0	tensor(3, device='cuda:0')	1.8116233698925819
9200.0	2000.0	2088.0295029814397	0.0	0	495.3815671285338	2288.0295029814397	1	0	tensor(3, device='cuda:0')	1.811623369892582
10200.0	2000.0	2088.0295029814383	0.0	0	425.6940871131428	2288.029502981439	1	0	tensor(3, device='cuda:0')	1.8116233698925819
11200.0	2000.0	2088.0295029814392	0.0	0	583.4884945626764	2288.029502981439	1	0	tensor(3, device='cuda:0')	1.8116233698925819
12200.0	2000.0	2088.0295029814424	0.0	0	230.32149679345093	2288.0295029814406	1	0	tensor(3, device='cuda:0')	1.8116233698925819
13200.0	2000.0	2088.0295029814424	0.0	0	506.0848566897421	2288.0295029814406	1	0	tensor(3, device='cuda:0')	1.8116233698925814
14200.0	2000.0	2088.029502981442	0.0	0	377.0959635130366	2288.0295029814406	1	0	tensor(3, device='cuda:0')	1.8116233698925814
15200.0	2000.0	2088.0295029814406	0.0	0	552.4298655015682	2288.0295029814406	1	0	tensor(3, device='cuda:0')	1.8116233698925814
16200.0	2000.0	2088.0295029814397	0.0	0	480.5576538486257	2288.0295029814406	1	0	tensor(3, device='cuda:0')	1.8116233698925814
17200.0	2000.0	2088.029502981445	0.0	0	430.22226604632306	2288.029502981446	1	0	tensor(3, device='cuda:0')	1.8116233698925812
18200.0	2000.0	2088.0295029814442	0.0	0	203.7132761262219	2288.0295029814442	1	0	tensor(3, device='cuda:0')	1.8116233698925812
19200.0	2000.0	2088.0295029814424	0.0	0	116.6992579472244	2288.0295029814442	1	0	tensor(3, device='cuda:0')	1.8116233698925812
20200.0	2000.0	2088.029502981444	0.0	0	339.1971196278355	2288.0295029814442	1	0	tensor(3, device='cuda:0')	1.8116233698925812
21200.0	2000.0	2088.0295029814456	0.0	0	271.55191661729623	2288.0295029814442	1	0	tensor(3, device='cuda:0')	1.8116233698925812
22200.0	2000.0	2088.029502981443	0.0	0	418.4164015386741	2288.0295029814442	1	0	tensor(3, device='cuda:0')	1.8116233698925812
23200.0	2000.0	2088.029502981438	0.0	0	309.0952620164717	2288.0295029814406	1	0	tensor(3, device='cuda:0')	1.8116233698925814
24200.0	2000.0	2088.02950298144	0.0	0	101.98064947032253	2288.0295029814406	1	0	tensor(3, device='cuda:0')	1.8116233698925814
25508.706101544598	2000.0	1779.3234014368365	0.0	0	0.0	2288.0295029814406	1	0	tensor(3, device='cuda:0')	1.8116233698925814
26490.589647446086	2000.0	1797.4398555353484	0.0	0	0.0	2288.029502981437	1	0	tensor(3, device='cuda:0')	1.811623369892582
27843.819519102086	2000.0	1444.2099838793476	0.0	0	0.0	2288.029502981437	1	0	tensor(3, device='cuda:0')	1.811623369892582
29198.796158012974	2000.0	1089.2333449684616	0.0	0	0.0	2288.029502981437	1	0	tensor(3, device='cuda:0')	1.811623369892582
30260.454232804415	2000.0	1027.57527017702	0.0	0	0.0	2288.029502981437	1	0	tensor(3, device='cuda:0')	1.811623369892582
31303.498935640735	2000.0	984.5305673407032	0.0	0	0.0	2288.029502981437	1	0	tensor(3, device='cuda:0')	1.811623369892582
32233.042426804284	2000.0	1054.9870761771544	0.0	0	0.0	2288.029502981437	1	0	tensor(3, device='cuda:0')	1.811623369892582
33049.77740827	2000.0	1238.2520947114406	0.0	0	0.0	2288.029502981437	1	0	tensor(3, device='cuda:0')	1.811623369892582
33652.08613651206	2000.0	1635.9433664693813	0.0	0	0.0	2288.029502981437	1	0	tensor(3, device='cuda:0')	1.811623369892582
34541.05557468971	2000.0	1746.973928291726	0.0	0	0.0	2288.0295029814297	1	0	tensor(3, device='cuda:0')	1.8116233698925823
35645.40085752052	2000.0	1642.6286454609142	0.0	0	0.0	2288.0295029814297	1	0	tensor(3, device='cuda:0')	1.8116233698925828
36517.948342310025	2000.0	1770.0811606714037	0.0	0	0.0	2288.0295029814297	1	0	tensor(3, device='cuda:0')	1.8116233698925828
37200.0	2000.0	2088.0295029814306	0.0	0	23.35954879426572	2288.0295029814297	1	0	tensor(3, device='cuda:0')	1.8116233698925828
38350.95658134964	2000.0	1937.0729216317968	0.0	0	0.0	2288.0295029814297	1	0	tensor(3, device='cuda:0')	1.8116233698925828
39320.57401510218	2000.0	1967.4554878792587	0.0	0	0.0	2288.0295029814297	1	0	tensor(3, device='cuda:0')	1.8116233698925828
40423.58231338547	2000.0	1864.4471895959623	0.0	0	0.0	2288.0295029814297	1	0	tensor(3, device='cuda:0')	1.8116233698925828
41311.11587715724	2000.0	1976.9136258241904	0.0	0	0.0	2288.0295029814224	1	0	tensor(3, device='cuda:0')	1.8116233698925834
42374.17810862768	2000.0	1913.851394353745	0.0	0	0.0	2288.0295029814297	1	0	tensor(3, device='cuda:0')	1.8116233698925828
43333.282130656495	2000.0	1954.7473723249293	0.0	0	0.0	2288.0295029814297	1	0	tensor(3, device='cuda:0')	1.8116233698925828
44200.0	2000.0	2088.029502981423	0.0	0	86.09130264320993	2288.0295029814297	1	0	tensor(3, device='cuda:0')	1.8116233698925828
45200.0	2000.0	2088.0295029814183	0.0	0	85.11450482148939	2288.0295029814297	1	0	tensor(3, device='cuda:0')	1.8116233698925828
46200.0	2000.0	2088.0295029814197	0.0	0	368.8474233565721	2288.0295029814297	1	0	tensor(3, device='cuda:0')	1.8116233698925828
47390.471730462516	2000.0	1897.5577725189053	0.0	0	0.0	2288.0295029814297	1	0	tensor(3, device='cuda:0')	1.8116233698925828
48587.85849081014	2000.0	1700.1710121712779	0.0	0	0.0	2288.0295029814297	1	0	tensor(3, device='cuda:0')	1.8116233698925828
49576.11000902339	2000.0	1711.9194939580357	0.0	0	0.0	2288.0295029814297	1	0	tensor(3, device='cuda:0')	1.8116233698925828
50731.01563771344	2000.0	1557.0138652679848	0.0	0	0.0	2288.0295029814297	1	0	tensor(3, device='cuda:0')	1.8116233698925828
51997.175507076274	2000.0	1290.8539959051475	0.0	0	0.0	2288.0295029814297	1	0	tensor(3, device='cuda:0')	1.8116233698925828
53852.43192262912	2000.0	435.5975803523081	0.0	0	0.0	2288.0295029814297	1	0	tensor(3, device='cuda:0')	1.8116233698925828
54282.5011331889	2000.0	1005.5283697925288	0.0	0	0.0	2288.0295029814297	1	0	tensor(3, device='cuda:0')	1.8116233698925828
54817.24140742702	2000.0	1470.7880955544201	0.0	0	0.0	2288.0295029814297	1	0	tensor(3, device='cuda:0')	1.8116233698925828
55834.00624865232	2000.0	1454.023254329127	0.0	0	0.0	2288.029502981437	1	0	tensor(3, device='cuda:0')	1.811623369892582
56915.47098058595	2000.0	1372.5585223954874	0.0	0	0.0	2288.029502981437	1	0	tensor(3, device='cuda:0')	1.811623369892582
57805.57865463575	2000.0	1482.4508483456873	0.0	0	0.0	2288.029502981437	1	0	tensor(3, device='cuda:0')	1.811623369892582
58958.81416535837	2000.0	1329.2153376230622	0.0	0	0.0	2288.0295029814442	1	0	tensor(3, device='cuda:0')	1.8116233698925812
60992.5277852766	2000.0	295.50171770483644	0.0	0	0.0	2288.0295029814442	1	0	tensor(3, device='cuda:0')	1.8116233698925812
61267.02937625968	500.0	1021.0001267217554	0.0	0	0.0	2288.0295029814442	1	0	tensor(3, device='cuda:0')	-0.9609653523472
61532.80589629597	500.0	1755.2236066854678	0.0	0	0.0	2288.0295029814442	1	0	tensor(3, device='cuda:0')	0.42532900877269075
62200.0	500.0	2088.029502981434	0.0	0	380.17257259254984	2288.0295029814442	1	0	tensor(3, device='cuda:0')	0.42532900877269075
63693.81400567702	2000.0	1594.2154973044208	0.0	0	0.0	2288.0295029814442	1	0	tensor(3, device='cuda:0')	0.4253290087726906
64293.136327194974	2000.0	1994.893175786462	0.0	0	0.0	2288.0295029814442	1	0	tensor(3, device='cuda:0')	1.8116233698925812
65287.97770504356	2000.0	2000.0517979378797	0.0	0	0.0	2288.0295029814442	1	0	tensor(3, device='cuda:0')	1.8116233698925812
66200.0	2000.0	2088.029502981433	0.0	0	114.4348721504648	2288.029502981437	1	0	tensor(3, device='cuda:0')	1.8116233698925817
67528.78467150393	2000.0	1759.2448314775015	0.0	0	0.0	2288.0295029814442	1	0	tensor(3, device='cuda:0')	1.8116233698925812
68514.07635030677	2000.0	1773.9531526746791	0.0	0	0.0	2288.0295029814297	1	0	tensor(3, device='cuda:0')	1.8116233698925828
69200.0	2000.0	2088.029502981449	0.0	0	202.96066189318663	2288.0295029814297	1	0	tensor(3, device='cuda:0')	1.8116233698925828
70200.0	2000.0	2088.0295029814497	0.0	0	527.1001434884383	2288.0295029814442	1	0	tensor(3, device='cuda:0')	1.8116233698925812
71226.50055269111	2000.0	2061.5289502903397	0.0	0	179.87706628229353	2288.0295029814297	1	0	tensor(3, device='cuda:0')	1.8116233698925828
72571.59820690112	2000.0	1716.4312960803277	0.0	0	0.0	2288.0295029814442	1	0	tensor(3, device='cuda:0')	1.8116233698925812
73824.86783701103	2000.0	1463.16166597043	0.0	0	0.0	2288.0295029814442	1	0	tensor(3, device='cuda:0')	1.8116233698925812
74733.55704501776	2000.0	1554.47245796371	0.0	0	0.0	2288.0295029814442	1	0	tensor(3, device='cuda:0')	1.8116233698925812
75808.99616998195	2000.0	1479.033332999535	0.0	0	0.0	2288.0295029814442	1	0	tensor(3, device='cuda:0')	1.8116233698925812
77857.49287410695	2000.0	430.536628874547	0.0	0	0.0	2288.0295029814442	1	0	tensor(3, device='cuda:0')	1.8116233698925812
78161.09068380894	500.0	1126.938819172562	0.0	0	0.0	2288.0295029814442	1	0	tensor(3, device='cuda:0')	-0.9609653523472
78501.67760548429	500.0	1786.3518974971987	0.0	0	0.0	2288.0295029814442	1	0	tensor(3, device='cuda:0')	0.42532900877269075
79546.87439894024	2000.0	1741.155104041239	0.0	0	0.0	2288.0295029814442	1	0	tensor(3, device='cuda:0')	0.4253290087726906
80232.75697064558	2000.0	2055.2725323359045	0.0	0	0.0	2288.0295029814442	1	0	tensor(3, device='cuda:0')	1.8116233698925812
81200.0	2000.0	2088.029502981486	0.0	0	226.8712255050341	2288.0295029814297	1	0	tensor(3, device='cuda:0')	1.8116233698925828
83321.67426184488	2000.0	966.355241136618	0.0	0	0.0	2288.0295029814297	1	0	tensor(3, device='cuda:0')	1.8116233698925828
84471.01405685395	2000.0	817.015446127549	0.0	0	0.0	2288.0295029814442	1	0	tensor(3, device='cuda:0')	1.8116233698925812
84693.49650628297	500.0	1594.5329966985314	0.0	0	0.0	2288.0295029814442	1	0	tensor(3, device='cuda:0')	-0.9609653523472
85764.65187184839	2000.0	1523.3776311331376	0.0	0	0.0	2288.0295029814442	1	0	tensor(3, device='cuda:0')	0.4253290087726906
86345.55987467367	2000.0	1942.469628307849	0.0	0	0.0	2288.0295029814442	1	0	tensor(3, device='cuda:0')	1.8116233698925812
87393.96553798727	2000.0	1894.0639649942464	0.0	0	0.0	2288.0295029814442	1	0	tensor(3, device='cuda:0')	1.8116233698925812
88536.22199302186	2000.0	1751.807509959675	0.0	0	0.0	2288.029502981459	1	0	tensor(3, device='cuda:0')	1.8116233698925799
89731.83128788814	2000.0	1556.1982150933961	0.0	0	0.0	2288.029502981459	1	0	tensor(3, device='cuda:0')	1.8116233698925799
91129.43166575431	2000.0	1158.5978372272325	0.0	0	0.0	2288.029502981459	1	0	tensor(3, device='cuda:0')	1.8116233698925799
92022.69375137208	2000.0	1265.3357516094748	0.0	0	0.0	2288.029502981459	1	0	tensor(3, device='cuda:0')	1.8116233698925799
93114.9981319108	2000.0	1173.031371070752	0.0	0	0.0	2288.029502981459	1	0	tensor(3, device='cuda:0')	1.8116233698925799
93814.74582271463	2000.0	1473.2836802669165	0.0	0	0.0	2288.0295029814442	1	0	tensor(3, device='cuda:0')	1.8116233698925812
94670.18028837015	2000.0	1617.849214611405	0.0	0	0.0	2288.0295029814442	1	0	tensor(3, device='cuda:0')	1.8116233698925812
96044.00063586829	2000.0	1244.0288671132666	0.0	0	0.0	2288.0295029814442	1	0	tensor(3, device='cuda:0')	1.8116233698925812
97277.6953257327	2000.0	1010.3341772488548	0.0	0	0.0	2288.0295029814442	1	0	tensor(3, device='cuda:0')	1.8116233698925812
98456.62324050773	2000.0	831.4062624738253	0.0	0	0.0	2288.0295029814442	1	0	tensor(3, device='cuda:0')	1.8116233698925812
99535.66218954019	2000.0	752.3673134413516	0.0	0	0.0	2288.0295029814442	1	0	tensor(3, device='cuda:0')	1.8116233698925812
100353.62099061045	2000.0	934.4085123710829	0.0	0	0.0	2288.0295029814297	1	0	tensor(3, device='cuda:0')	1.8116233698925828
101161.7286641708	2000.0	1126.3008388107214	0.0	0	0.0	2288.029502981415	1	0	tensor(3, device='cuda:0')	1.811623369892584
102868.0983232823	2000.0	419.93117969923435	0.0	0	0.0	2288.0295029814297	1	0	tensor(3, device='cuda:0')	1.8116233698925828
103296.95123778502	500.0	991.0782651965387	0.0	0	0.0	2288.0295029814297	1	0	tensor(3, device='cuda:0')	-0.9609653523471984
103752.2985389781	500.0	1535.7309640034684	0.0	0	0.0	2288.0295029814297	1	0	tensor(3, device='cuda:0')	0.42532900877269214
104200.0	500.0	2088.0295029815625	0.0	0	114.8103711152362	2288.0295029814297	1	0	tensor(3, device='cuda:0')	0.42532900877269214
105200.0	500.0	2088.0295029815506	0.0	0	638.6363190557167	2288.0295029814297	1	0	tensor(3, device='cuda:0')	0.42532900877269214
106534.52685247478	2000.0	1753.5026505067776	0.0	0	0.0	2288.0295029814297	1	0	tensor(3, device='cuda:0')	0.425329008772692
107474.0014498427	2000.0	1814.0280531388498	0.0	0	0.0	2288.0295029814297	1	0	tensor(3, device='cuda:0')	1.8116233698925828
108200.0	2000.0	2088.0295029815593	0.0	0	58.71279658349522	2288.0295029814297	1	0	tensor(3, device='cuda:0')	1.8116233698925828
109200.0	2000.0	2088.0295029815716	0.0	0	419.35039943942684	2288.029502981415	1	0	tensor(3, device='cuda:0')	1.811623369892584
110200.0	2000.0	2088.0295029815707	0.0	0	349.48342465823225	2288.029502981415	1	0	tensor(3, device='cuda:0')	1.811623369892584
111200.0	2000.0	2088.029502981568	0.0	0	140.09392840319197	2288.029502981415	1	0	tensor(3, device='cuda:0')	1.811623369892584
113371.16353876448	2000.0	916.8659642170993	0.0	0	0.0	2288.0295029814297	1	0	tensor(3, device='cuda:0')	1.8116233698925828
114276.8214975885	2000.0	1011.2080053930761	0.0	0	0.0	2288.0295029814297	1	0	tensor(3, device='cuda:0')	1.8116233698925828
114982.39709796807	2000.0	1305.6324050135172	0.0	0	0.0	2288.0295029814297	1	0	tensor(3, device='cuda:0')	1.8116233698925828
115620.38000843234	2000.0	1667.6494945492636	0.0	0	0.0	2288.0295029814442	1	0	tensor(3, device='cuda:0')	1.8116233698925812
116561.95307687258	2000.0	1726.0764261090212	0.0	0	0.0	2288.0295029814442	1	0	tensor(3, device='cuda:0')	1.8116233698925812
118007.04648041901	2000.0	1280.9830225625876	0.0	0	0.0	2288.0295029814442	1	0	tensor(3, device='cuda:0')	1.8116233698925812
119724.3692914365	2000.0	563.660211545102	0.0	0	0.0	2288.0295029814442	1	0	tensor(3, device='cuda:0')	1.8116233698925812
120226.08496559023	500.0	1061.9445373913586	0.0	0	0.0	2288.0295029814297	1	0	tensor(3, device='cuda:0')	-0.9609653523471984
120553.88750114158	500.0	1734.142001840002	0.0	0	0.0	2288.0295029814297	1	0	tensor(3, device='cuda:0')	0.42532900877269214
121200.0	500.0	2088.029502981592	0.0	0	348.7046147105575	2288.0295029814297	1	0	tensor(3, device='cuda:0')	0.42532900877269214
122464.84324734233	2000.0	1823.1862556392678	0.0	0	0.0	2288.0295029814297	1	0	tensor(3, device='cuda:0')	0.425329008772692
123217.93997504076	2000.0	2070.0895279408287	0.0	0	0.0	2288.0295029814297	1	0	tensor(3, device='cuda:0')	1.8116233698925828
124200.0	2000.0	2088.029502981591	0.0	0	479.46896480322175	2288.0295029814297	1	0	tensor(3, device='cuda:0')	1.8116233698925828
125200.0	2000.0	2088.0295029815934	0.0	0	337.91537226879154	2288.0295029814442	1	0	tensor(3, device='cuda:0')	1.8116233698925812
126200.0	2000.0	2088.029502981588	0.0	0	153.09638387020095	2288.0295029814442	1	0	tensor(3, device='cuda:0')	1.8116233698925812
127816.20253521709	2000.0	1471.8269677644794	0.0	0	0.0	2288.0295029814442	1	0	tensor(3, device='cuda:0')	1.8116233698925812
129708.36616554603	2000.0	579.6633374355508	0.0	0	0.0	2288.0295029814442	1	0	tensor(3, device='cuda:0')	1.8116233698925812
130494.56872372373	2000.0	793.4607792578304	0.0	0	0.0	2288.0295029814442	1	0	tensor(3, device='cuda:0')	1.8116233698925812
130698.72459175292	500.0	1589.3049112286342	0.0	0	0.0	2288.0295029814442	1	0	tensor(3, device='cuda:0')	-0.9609653523472
131701.01319234926	2000.0	1587.016310632257	0.0	0	0.0	2288.0295029814006	1	0	tensor(3, device='cuda:0')	0.425329008772694
132620.53590409638	2000.0	1667.4935988851441	0.0	0	0.0	2288.0295029814006	1	0	tensor(3, device='cuda:0')	1.8116233698925848
133557.9405954935	2000.0	1730.0889074880201	0.0	0	0.0	2288.0295029814006	1	0	tensor(3, device='cuda:0')	1.8116233698925852
134535.81433710162	2000.0	1752.2151658798712	0.0	0	0.0	2288.0295029814006	1	0	tensor(3, device='cuda:0')	1.8116233698925854
135200.0	2000.0	2088.0295029815065	0.0	0	3.6003599079558626	2288.0295029814006	1	0	tensor(3, device='cuda:0')	1.8116233698925854
136200.0	2000.0	2088.0295029815215	0.0	0	48.054907091049245	2288.0295029814006	1	0	tensor(3, device='cuda:0')	1.8116233698925854
137200.0	2000.0	2088.0295029815347	0.0	0	225.35064234031597	2288.0295029813715	1	0	tensor(3, device='cuda:0')	1.811623369892588
138200.0	2000.0	2088.0295029815243	0.0	0	97.82675920723705	2288.0295029813715	1	0	tensor(3, device='cuda:0')	1.811623369892588
140251.9147490716	2000.0	1036.114753909922	0.0	0	0.0	2288.0295029813715	1	0	tensor(3, device='cuda:0')	1.811623369892588
141485.02590013403	2000.0	803.0036028475023	0.0	0	0.0	2288.0295029813715	1	0	tensor(3, device='cuda:0')	1.811623369892588
142175.33118455915	2000.0	1112.6983184223725	0.0	0	0.0	2288.0295029813715	1	0	tensor(3, device='cuda:0')	1.811623369892588
143263.84505038767	2000.0	1024.1844525938545	0.0	0	0.0	2288.0295029813715	1	0	tensor(3, device='cuda:0')	1.811623369892588
144318.44370166174	2000.0	969.5858013197974	0.0	0	0.0	2288.0295029813715	1	0	tensor(3, device='cuda:0')	1.811623369892588
145058.5341726928	2000.0	1229.4953302887363	0.0	0	0.0	2288.0295029813715	1	0	tensor(3, device='cuda:0')	1.811623369892588
145775.7072494901	2000.0	1512.322253491432	0.0	0	0.0	2288.0295029813715	1	0	tensor(3, device='cuda:0')	1.811623369892588
146853.65143511246	2000.0	1434.3780678690896	0.0	0	0.0	2288.0295029813715	1	0	tensor(3, device='cuda:0')	1.811623369892588
147730.34939548688	2000.0	1557.6801074946807	0.0	0	0.0	2288.0295029813715	1	0	tensor(3, device='cuda:0')	1.811623369892588
148872.32445361806	2000.0	1415.7050493635115	0.0	0	0.0	2288.0295029813715	1	0	tensor(3, device='cuda:0')	1.811623369892588
150013.24595317367	2000.0	1274.7835498079141	0.0	0	0.0	2288.0295029814006	1	0	tensor(3, device='cuda:0')	1.8116233698925854
151178.36799976454	2000.0	1109.6615032170444	0.0	0	0.0	2288.0295029814006	1	0	tensor(3, device='cuda:0')	1.8116233698925854
152136.62976439268	2000.0	1151.3997385888965	0.0	0	0.0	2288.0295029814006	1	0	tensor(3, device='cuda:0')	1.8116233698925854
153179.6798294224	2000.0	1108.3496735591532	0.0	0	0.0	2288.0295029814006	1	0	tensor(3, device='cuda:0')	1.8116233698925854
154301.97878685358	2000.0	986.0507161279986	0.0	0	0.0	2288.0295029814006	1	0	tensor(3, device='cuda:0')	1.8116233698925854
155076.77130383157	2000.0	1211.2581991500037	0.0	0	0.0	2288.0295029814297	1	0	tensor(3, device='cuda:0')	1.8116233698925828
155768.72462168263	2000.0	1519.3048812989368	0.0	0	0.0	2288.0295029814006	1	0	tensor(3, device='cuda:0')	1.8116233698925854
156559.3308173127	2000.0	1728.6986856688768	0.0	0	0.0	2288.0295029813715	1	0	tensor(3, device='cuda:0')	1.811623369892588
157453.5918102868	2000.0	1834.4376926947818	0.0	0	0.0	2288.0295029813715	1	0	tensor(3, device='cuda:0')	1.811623369892588
158403.67680239555	2000.0	1884.352700586019	0.0	0	0.0	2288.0295029814006	1	0	tensor(3, device='cuda:0')	1.8116233698925854
159363.14476188202	2000.0	1924.8847410995465	0.0	0	0.0	2288.0295029814006	1	0	tensor(3, device='cuda:0')	1.8116233698925854
160576.6908559106	2000.0	1711.3386470709986	0.0	0	0.0	2288.0295029814297	1	0	tensor(3, device='cuda:0')	1.8116233698925828
161783.99755329173	2000.0	1504.031949689866	0.0	0	0.0	2288.0295029814297	1	0	tensor(3, device='cuda:0')	1.8116233698925828
163012.6646729194	2000.0	1275.3648300621792	0.0	0	0.0	2288.0295029814297	1	0	tensor(3, device='cuda:0')	1.8116233698925828
164209.1679126347	2000.0	1078.8615903469026	0.0	0	0.0	2288.0295029814297	1	0	tensor(3, device='cuda:0')	1.8116233698925828
164503.34808552236	500.0	1784.6814174592319	0.0	0	0.0	2288.0295029814297	1	0	tensor(3, device='cuda:0')	-0.9609653523471984
165200.0	500.0	2088.029502981599	0.0	0	415.6512532134657	2288.0295029814297	1	0	tensor(3, device='cuda:0')	0.42532900877269214
166225.73638698022	2000.0	2062.2931160013795	0.0	0	0.0	2288.0295029814297	1	0	tensor(3, device='cuda:0')	0.425329008772692
167200.0	2000.0	2088.0295029815993	0.0	0	155.26782153296517	2288.0295029814297	1	0	tensor(3, device='cuda:0')	1.8116233698925828
168200.0	2000.0	2088.029502981556	0.0	0	193.7781990376534	2288.0295029814006	1	0	tensor(3, device='cuda:0')	1.8116233698925854
169223.08177852546	2000.0	2064.947724456106	0.0	0	28.826231488317717	2288.0295029814006	1	0	tensor(3, device='cuda:0')	1.8116233698925854
170886.64769159898	2000.0	1401.381811382607	0.0	0	0.0	2288.0295029814297	1	0	tensor(3, device='cuda:0')	1.8116233698925828
171504.3774300827	2000.0	1783.6520728988803	0.0	0	0.0	2288.0295029814297	1	0	tensor(3, device='cuda:0')	1.8116233698925828
172200.0	2000.0	2088.0295029815634	0.0	0	10.188409597583814	2288.0295029814297	1	0	tensor(3, device='cuda:0')	1.8116233698925828
173271.91950532244	2000.0	2016.1099976591129	0.0	0	142.0852361076104	2288.0295029814297	1	0	tensor(3, device='cuda:0')	1.8116233698925828
174707.30861854288	2000.0	1580.7208844387014	0.0	0	0.0	2288.0295029814297	1	0	tensor(3, device='cuda:0')	1.8116233698925828
175783.54830032814	2000.0	1504.4812026534782	0.0	0	0.0	2288.0295029814297	1	0	tensor(3, device='cuda:0')	1.8116233698925828
177175.7333157199	2000.0	1112.2961872617152	0.0	0	0.0	2288.0295029814297	1	0	tensor(3, device='cuda:0')	1.8116233698925828
177939.37646359674	2000.0	1348.6530393849107	0.0	0	0.0	2288.0295029814297	1	0	tensor(3, device='cuda:0')	1.8116233698925828
178554.36830781878	2000.0	1733.661195162853	0.0	0	0.0	2288.0295029814297	1	0	tensor(3, device='cuda:0')	1.8116233698925828
179430.93195680625	2000.0	1857.0975461753417	0.0	0	0.0	2288.0295029814006	1	0	tensor(3, device='cuda:0')	1.8116233698925854
180346.78796102834	2000.0	1941.241541953252	0.0	0	0.0	2288.0295029814006	1	0	tensor(3, device='cuda:0')	1.8116233698925854
181200.0	2000.0	2088.029502981624	0.0	0	55.82872194380616	2288.0295029814006	1	0	tensor(3, device='cuda:0')	1.8116233698925854
182200.0	2000.0	2088.0295029816084	0.0	0	226.0561323951115	2288.0295029813715	1	0	tensor(3, device='cuda:0')	1.811623369892588
183582.90194671543	2000.0	1705.1275562661717	0.0	0	0.0	2288.0295029814006	1	0	tensor(3, device='cuda:0')	1.8116233698925854
184686.24925570097	2000.0	1601.7802472806513	0.0	0	0.0	2288.0295029814006	1	0	tensor(3, device='cuda:0')	1.8116233698925854
185827.4045925795	2000.0	1460.6249104021479	0.0	0	0.0	2288.0295029814006	1	0	tensor(3, device='cuda:0')	1.8116233698925854
186963.229390362	2000.0	1324.8001126196648	0.0	0	0.0	2288.0295029814297	1	0	tensor(3, device='cuda:0')	1.8116233698925828
187891.71660486542	2000.0	1396.312898116217	0.0	0	0.0	2288.0295029814297	1	0	tensor(3, device='cuda:0')	1.8116233698925828
189151.82526169613	2000.0	1136.204241285516	0.0	0	0.0	2288.0295029814297	1	0	tensor(3, device='cuda:0')	1.8116233698925828
190360.98945175688	2000.0	927.040051224729	0.0	0	0.0	2288.0295029814297	1	0	tensor(3, device='cuda:0')	1.8116233698925828
191078.2490587132	2000.0	1209.7804442684057	0.0	0	0.0	2288.0295029814297	1	0	tensor(3, device='cuda:0')	1.8116233698925828
191738.23165928543	2000.0	1549.7978436962028	0.0	0	0.0	2288.0295029814297	1	0	tensor(3, device='cuda:0')	1.8116233698925828
192309.6441844545	2000.0	1978.3853185271591	0.0	0	0.0	2288.0295029814297	1	0	tensor(3, device='cuda:0')	1.8116233698925828
193200.0	2000.0	2088.029502981659	0.0	0	301.28071451364667	2288.0295029814297	1	0	tensor(3, device='cuda:0')	1.8116233698925828
194200.0	2000.0	2088.0295029816143	0.0	0	333.2476096856408	2288.0295029814297	1	0	tensor(3, device='cuda:0')	1.8116233698925828
195200.0	2000.0	2088.029502981609	0.0	0	297.4544161693484	2288.0295029814297	1	0	tensor(3, device='cuda:0')	1.8116233698925828
196551.3534827437	2000.0	1736.6760202379412	0.0	0	0.0	2288.029502981459	1	0	tensor(3, device='cuda:0')	1.8116233698925799
197501.87899852954	2000.0	1786.1505044521257	0.0	0	0.0	2288.029502981459	1	0	tensor(3, device='cuda:0')	1.8116233698925799
198206.02553312716	2000.0	2082.00396985453	0.0	0	0.0	2288.029502981459	1	0	tensor(3, device='cuda:0')	1.8116233698925799
199200.74871533562	2000.0	2087.280787646058	0.0	0	0.0	2288.029502981459	1	0	tensor(3, device='cuda:0')	1.8116233698925799
200200.0	2000.0	2088.029502981664	0.0	0	204.62896433481365	2288.029502981459	1	0	tensor(3, device='cuda:0')	1.8116233698925799
201200.0	2000.0	2088.0295029816434	0.0	0	274.8411260371795	2288.029502981459	1	0	tensor(3, device='cuda:0')	1.8116233698925799
202200.0	2000.0	2088.029502981666	0.0	0	162.28690216891118	2288.029502981459	1	0	tensor(3, device='cuda:0')	1.8116233698925799
203200.0	2000.0	2088.0295029816502	0.0	0	339.79366026233765	2288.029502981459	1	0	tensor(3, device='cuda:0')	1.8116233698925799
204200.0	2000.0	2088.029502981619	0.0	0	375.9839301010652	2288.029502981459	1	0	tensor(3, device='cuda:0')	1.8116233698925799
205222.26526682096	2000.0	2065.7642361606477	0.0	0	59.28509933355963	2288.029502981459	1	0	tensor(3, device='cuda:0')	1.8116233698925799
206500.83737414877	2000.0	1787.1921288328203	0.0	0	0.0	2288.029502981459	1	0	tensor(3, device='cuda:0')	1.8116233698925799
207414.12497002436	2000.0	1873.904532957252	0.0	0	0.0	2288.029502981488	1	0	tensor(3, device='cuda:0')	1.8116233698925774
208267.27791818095	2000.0	2020.7515848006735	0.0	0	0.0	2288.029502981488	1	0	tensor(3, device='cuda:0')	1.8116233698925774
209202.9024116493	2000.0	2085.127091332304	0.0	0	0.0	2288.029502981488	1	0	tensor(3, device='cuda:0')	1.8116233698925774
210200.0	2000.0	2088.029502981628	0.0	0	73.40887351552374	2288.029502981488	1	0	tensor(3, device='cuda:0')	1.8116233698925774
211241.71593263868	2000.0	2046.3135703429066	0.0	0	0.0	2288.029502981488	1	0	tensor(3, device='cuda:0')	1.8116233698925774
212200.0	2000.0	2088.0295029815506	0.0	0	314.1301016569196	2288.029502981488	1	0	tensor(3, device='cuda:0')	1.8116233698925774
213200.0	2000.0	2088.029502981559	0.0	0	369.708212104073	2288.029502981459	1	0	tensor(3, device='cuda:0')	1.8116233698925783
214200.0	2000.0	2088.0295029815543	0.0	0	77.52026984488475	2288.029502981459	1	0	tensor(3, device='cuda:0')	1.8116233698925799
215200.0	2000.0	2088.0295029815798	0.0	0	341.05101600661874	2288.029502981459	1	0	tensor(3, device='cuda:0')	1.8116233698925799
216200.0	2000.0	2088.029502981598	0.0	0	82.79907245299546	2288.0295029814297	1	0	tensor(3, device='cuda:0')	1.8116233698925828
217200.0	2000.0	2088.029502981572	0.0	0	281.2039472103352	2288.0295029814297	1	0	tensor(3, device='cuda:0')	1.8116233698925828
218200.0	2000.0	2088.029502981617	0.0	0	104.53827771288343	2288.029502981459	1	0	tensor(3, device='cuda:0')	1.811623369892581
219200.0	2000.0	2088.0295029816198	0.0	0	111.4007224131783	2288.0295029814297	1	0	tensor(3, device='cuda:0')	1.811623369892581
220200.0	2000.0	2088.0295029816116	0.0	0	207.77813769914792	2288.0295029814297	1	0	tensor(3, device='cuda:0')	1.8116233698925845
221200.0	2000.0	2088.029502981624	0.0	0	244.42207824953948	2288.0295029814297	1	0	tensor(3, device='cuda:0')	1.8116233698925828
223102.57589791942	2000.0	1185.4536050621978	0.0	0	0.0	2288.0295029814297	1	0	tensor(3, device='cuda:0')	1.8116233698925828
224054.57719029338	2000.0	1233.4523126882457	0.0	0	0.0	2288.029502981459	1	0	tensor(3, device='cuda:0')	1.8116233698925799
224574.3905423502	500.0	1713.6389606314194	0.0	0	0.0	2288.029502981459	1	0	tensor(3, device='cuda:0')	-0.9609653523472014
225200.0	500.0	2088.0295029816048	0.0	0	275.14718373297364	2288.029502981517	1	0	tensor(3, device='cuda:0')	0.42532900877268565
226681.52792047497	2000.0	1606.5015825066089	0.0	0	0.0	2288.029502981488	1	0	tensor(3, device='cuda:0')	0.4253290087726867
228398.76874294158	2000.0	889.2607600399662	0.0	0	0.0	2288.029502981488	1	0	tensor(3, device='cuda:0')	1.8116233698925774
229468.30440185382	2000.0	819.7251011276935	0.0	0	0.0	2288.029502981459	1	0	tensor(3, device='cuda:0')	1.8116233698925799
230152.91289615215	2000.0	1135.1166068293317	0.0	0	0.0	2288.0295029814297	1	0	tensor(3, device='cuda:0')	1.8116233698925828
231289.02363309683	2000.0	999.0058698846386	0.0	0	0.0	2288.0295029814297	1	0	tensor(3, device='cuda:0')	1.8116233698925828
232607.28290839022	2000.0	680.746594591276	0.0	0	0.0	2288.0295029814297	1	0	tensor(3, device='cuda:0')	1.8116233698925828
233734.8895466321	2000.0	553.1399563493964	0.0	0	0.0	2288.0295029814006	1	0	tensor(3, device='cuda:0')	1.8116233698925854
234748.45617766347	2000.0	539.5733253180215	0.0	0	0.0	2288.0295029814006	1	0	tensor(3, device='cuda:0')	1.8116233698925854
235266.8748263392	500.0	1021.1546766423394	0.0	0	0.0	2288.0295029814006	1	0	tensor(3, device='cuda:0')	-0.9609653523471959
235743.70917754478	500.0	1544.3203254367966	0.0	0	0.0	2288.0295029814006	1	0	tensor(3, device='cuda:0')	0.42532900877269486
236200.0	500.0	2088.029502981588	0.0	0	10.70951175224036	2288.0295029814006	1	0	tensor(3, device='cuda:0')	0.42532900877269486
237200.0	500.0	2088.0295029815816	0.0	0	398.5693318178528	2288.0295029814006	1	0	tensor(3, device='cuda:0')	0.42532900877269486
238200.0	500.0	2088.0295029816325	0.0	0	396.1545758623979	2288.0295029814297	1	0	tensor(3, device='cuda:0')	0.42532900877269214
239200.0	500.0	2088.0295029816266	0.0	0	638.4729836216138	2288.0295029814297	1	0	tensor(3, device='cuda:0')	0.42532900877269214
240562.21446938714	2000.0	1725.8150335944683	0.0	0	0.0	2288.0295029814006	1	0	tensor(3, device='cuda:0')	0.4253290087726942
241894.58970426963	2000.0	1393.4397987120121	0.0	0	0.0	2288.0295029814297	1	0	tensor(3, device='cuda:0')	1.8116233698925828
242860.71550176805	2000.0	1427.3140012136041	0.0	0	0.0	2288.029502981459	1	0	tensor(3, device='cuda:0')	1.811623369892582
243707.67757645028	2000.0	1580.3519265313864	0.0	0	0.0	2288.0295029814297	1	0	tensor(3, device='cuda:0')	1.8116233698925828
244826.59157742452	2000.0	1461.437925557134	0.0	0	0.0	2288.0295029814297	1	0	tensor(3, device='cuda:0')	1.8116233698925828
245988.3186004338	2000.0	1299.710902547854	0.0	0	0.0	2288.0295029814297	1	0	tensor(3, device='cuda:0')	1.8116233698925828
247010.92914632114	2000.0	1277.1003566604927	0.0	0	0.0	2288.0295029814006	1	0	tensor(3, device='cuda:0')	1.8116233698925854
247929.47582334533	2000.0	1358.55367963626	0.0	0	0.0	2288.0295029814006	1	0	tensor(3, device='cuda:0')	1.8116233698925854
248673.63149346624	2000.0	1614.3980095153418	0.0	0	0.0	2288.0295029813715	1	0	tensor(3, device='cuda:0')	1.811623369892588
249946.5583729666	2000.0	1341.4711300149916	0.0	0	0.0	2288.0295029813715	1	0	tensor(3, device='cuda:0')	1.811623369892588
250954.88963298293	2000.0	1333.139869998641	0.0	0	0.0	2288.0295029813424	1	0	tensor(3, device='cuda:0')	1.8116233698925894
251697.05692438467	2000.0	1590.9725785968756	0.0	0	0.0	2288.0295029813133	1	0	tensor(3, device='cuda:0')	1.8116233698925934
252529.5017259755	2000.0	1758.5277770060252	0.0	0	0.0	2288.029502981284	1	0	tensor(3, device='cuda:0')	1.8116233698925963
254139.78960425872	2000.0	1148.2398987227941	0.0	0	0.0	2288.029502981255	1	0	tensor(3, device='cuda:0')	1.811623369892599
255097.12383763204	2000.0	1190.90566534949	0.0	0	0.0	2288.029502981255	1	0	tensor(3, device='cuda:0')	1.811623369892599
255690.57362958379	2000.0	1597.455873397767	0.0	0	0.0	2288.029502981284	1	0	tensor(3, device='cuda:0')	1.8116233698925963
256200.0	2000.0	2088.0295029815225	0.0	0	43.86260841836338	2288.029502981255	1	0	tensor(3, device='cuda:0')	1.811623369892599
257200.0	2000.0	2088.0295029815243	0.0	0	580.5166053749563	2288.029502981226	1	0	tensor(3, device='cuda:0')	1.8116233698926003
258200.0	2000.0	2088.029502981526	0.0	0	597.7008472575399	2288.029502981226	1	0	tensor(3, device='cuda:0')	1.8116233698926019
259200.0	2000.0	2088.029502981517	0.0	0	260.76636578468606	2288.029502981197	1	0	tensor(3, device='cuda:0')	1.8116233698926028
260771.90529886266	2000.0	1516.1242041188432	0.0	0	0.0	2288.029502981197	1	0	tensor(3, device='cuda:0')	1.8116233698926043
262079.98417759247	2000.0	1208.0453253890435	0.0	0	0.0	2288.029502981197	1	0	tensor(3, device='cuda:0')	1.8116233698926043
263087.84704530425	2000.0	1200.1824576772372	0.0	0	0.0	2288.0295029811678	1	0	tensor(3, device='cuda:0')	1.8116233698926054
264044.54334437003	2000.0	1243.4861586114712	0.0	0	0.0	2288.0295029811386	1	0	tensor(3, device='cuda:0')	1.8116233698926094
265409.8750699515	2000.0	878.1544330299635	0.0	0	0.0	2288.0295029811678	1	0	tensor(3, device='cuda:0')	1.8116233698926085
265718.671772483	500.0	1569.3577304985251	0.0	0	0.0	2288.029502981226	1	0	tensor(3, device='cuda:0')	-0.9609653523471795
266200.0	500.0	2088.029502981458	0.0	0	216.52569828811102	2288.029502981284	1	0	tensor(3, device='cuda:0')	0.4253290087727057
267200.0	2000.0	2088.0295029814624	0.0	0	164.78141175658675	2288.029502981284	1	0	tensor(3, device='cuda:0')	0.4253290087727058
268200.0	2000.0	2088.0295029815197	0.0	0	272.6736375182518	2288.0295029813424	1	0	tensor(3, device='cuda:0')	1.811623369892594
269200.0	2000.0	2088.029502981488	0.0	0	83.23973610898247	2288.0295029813424	1	0	tensor(3, device='cuda:0')	1.811623369892591
270200.0	2000.0	2088.0295029815607	0.0	0	209.44023339485284	2288.0295029813424	1	0	tensor(3, device='cuda:0')	1.811623369892591
271207.4703449714	2000.0	2080.5591580101654	0.0	0	0.0	2288.0295029813424	1	0	tensor(3, device='cuda:0')	1.811623369892591
272537.48701055493	2000.0	1750.542492426626	0.0	0	0.0	2288.0295029814006	1	0	tensor(3, device='cuda:0')	1.8116233698925865
273521.3537335928	2000.0	1766.6757693887666	0.0	0	0.0	2288.0295029814006	1	0	tensor(3, device='cuda:0')	1.8116233698925854
274590.50597674	2000.0	1697.523526241594	0.0	0	0.0	2288.0295029814006	1	0	tensor(3, device='cuda:0')	1.8116233698925854
275741.4894335231	2000.0	1546.5400694584519	0.0	0	0.0	2288.0295029813424	1	0	tensor(3, device='cuda:0')	1.811623369892591
276650.1104097521	2000.0	1637.9190932294598	0.0	0	0.0	2288.0295029813424	1	0	tensor(3, device='cuda:0')	1.811623369892591
278258.353107772	2000.0	1029.676395209564	0.0	0	0.0	2288.0295029814006	1	0	tensor(3, device='cuda:0')	1.8116233698925877
279082.0887202633	2000.0	1205.9407827183068	0.0	0	0.0	2288.0295029814006	1	0	tensor(3, device='cuda:0')	1.8116233698925854
279443.98385917995	500.0	1844.0456438016233	0.0	0	0.0	2288.0295029814006	1	0	tensor(3, device='cuda:0')	-0.9609653523471959
280927.90586578957	2000.0	1360.1236371919242	0.0	0	0.0	2288.029502981284	1	0	tensor(3, device='cuda:0')	0.42532900877270147
281706.5009421738	2000.0	1581.5285608076206	0.0	0	0.0	2288.029502981284	1	0	tensor(3, device='cuda:0')	1.8116233698925963
282428.9635668924	2000.0	1859.0659360891495	0.0	0	0.0	2288.0295029813424	1	0	tensor(3, device='cuda:0')	1.811623369892591
283200.0	2000.0	2088.029502981509	0.0	0	179.5538000270608	2288.0295029814006	1	0	tensor(3, device='cuda:0')	1.8116233698925865
284200.0	2000.0	2088.029502981508	0.0	0	494.08097162115155	2288.0295029813424	1	0	tensor(3, device='cuda:0')	1.8116233698925877
285200.0	2000.0	2088.0295029815534	0.0	0	252.32024332345463	2288.0295029813424	1	0	tensor(3, device='cuda:0')	1.811623369892591
286653.3767752466	2000.0	1634.652727734921	0.0	0	0.0	2288.029502981226	1	0	tensor(3, device='cuda:0')	1.8116233698926008
288359.813175417	2000.0	928.2163275644623	0.0	0	0.0	2288.029502981226	1	0	tensor(3, device='cuda:0')	1.8116233698926019
289444.9219114326	2000.0	843.1075915489383	0.0	0	0.0	2288.029502981226	1	0	tensor(3, device='cuda:0')	1.8116233698926019
290408.8402248254	2000.0	879.189278156021	0.0	0	0.0	2288.029502981226	1	0	tensor(3, device='cuda:0')	1.8116233698926019
290690.97557015024	500.0	1597.0539328312782	0.0	0	0.0	2288.029502981226	1	0	tensor(3, device='cuda:0')	-0.9609653523471795
291200.0	500.0	2088.0295029814924	0.0	0	73.39052973262733	2288.029502981226	1	0	tensor(3, device='cuda:0')	0.42532900877271107
292527.12911962386	2000.0	1760.9003833576617	0.0	0	0.0	2288.029502981284	1	0	tensor(3, device='cuda:0')	0.4253290087727058
293639.6756460388	2000.0	1648.3538569427305	0.0	0	0.0	2288.0295029813424	1	0	tensor(3, device='cuda:0')	1.811623369892591
295102.6564359985	2000.0	1185.3730669830297	0.0	0	0.0	2288.0295029814006	1	0	tensor(3, device='cuda:0')	1.8116233698925888
295997.62126770563	2000.0	1290.4082352758724	0.0	0	0.0	2288.0295029814006	1	0	tensor(3, device='cuda:0')	1.8116233698925854
296720.83766895754	2000.0	1567.1918340239665	0.0	0	0.0	2288.0295029814006	1	0	tensor(3, device='cuda:0')	1.8116233698925854
297905.60003789485	2000.0	1382.4294650866984	0.0	0	0.0	2288.0295029814006	1	0	tensor(3, device='cuda:0')	1.8116233698925854
298551.778087767	2000.0	1736.251415214514	0.0	0	0.0	2288.0295029813424	1	0	tensor(3, device='cuda:0')	1.811623369892591
299334.8387907049	2000.0	1953.190712276602	0.0	0	0.0	2288.0295029813424	1	0	tensor(3, device='cuda:0')	1.811623369892591
300408.31008018635	2000.0	1879.7194227951995	0.0	0	0.0	2288.0295029813424	1	0	tensor(3, device='cuda:0')	1.811623369892591
1.77	2.29	1.9	2.12	3.41	3.23	3.49	4.19	4.76	3.36	2.99	3.59	3.63	3.7	3.61	3.68	2.62	3.36	3.27	3.56	2.37	2.95	1.98	1.83	2.84	1.33	1.31	2.02	1.97	2.63	2.47	2.85	3.16	1.64	2.91	2.25	2.21	2.17	1.88	1.89	2.47	3.31	2.99	2.98	1.84	2.54	1.89	1.78	2.42	1.95	0.614	1.71	3.78	2.0	2.34	1.92	1.58	1.24	1.18	1.73	1.24	2.31	2.75	2.57	2.13	1.98	2.95	4.15	3.01	1.1	1.7	2.19	2.27	2.17	1.63	0.88	1.93	2.58	2.51	1.11	1.17	1.48	1.96	2.58	3.24	1.27	1.47	1.4	1.76	1.92	2.5	2.33	2.44	1.34	1.74	1.82	2.5	1.98	2.39	1.66	1.08	0.927	1.95	1.86	1.66	2.29	2.86	3.01	2.36	1.14	0.765	1.92	2.63	2.5	2.91	1.55	1.48	1.42	1.48	1.4	2.21	3.31	4.61	3.14	1.76	1.41	0.73	1.62	2.09	2.1	2.7	2.19	2.21	2.57	2.66	2.66	1.87	0.938	1.55	2.48	2.36	2.25	2.77	3.51	1.96	1.87	1.95	1.73	2.33	2.1	2.33	2.2	2.25	2.31	2.0	1.88	2.0	1.44	1.83	2.25	1.3	1.19	1.53	2.02	1.74	1.99	1.89	0.961	1.26	3.27	2.71	0.799	1.92	2.54	1.73	1.93	3.12	2.39	2.86	2.88	1.67	2.06	2.49	1.9	2.12	2.56	1.68	1.89	2.14	3.21	2.83	2.57	4.17	1.7	1.69	2.41	2.39	2.79	2.03	2.59	3.24	2.63	2.54	3.17	1.55	1.83	1.97	2.4	2.34	2.02	3.59	2.63	2.48	2.8	1.89	2.71	2.29	2.36	2.07	2.27	1.68	1.01	2.15	1.19	1.44	1.66	1.41	1.7	2.17	2.37	1.76	1.95	1.92	1.93	0.973	1.12	0.765	1.26	2.21	1.64	1.3	2.0	2.86	1.2	1.56	1.49	2.63	3.06	1.73	2.02	3.56	2.98	1.16	1.69	3.61	3.93	4.55	4.66	1.99	0.904	1.96	2.46	2.09	1.37	1.39	3.05	2.25	3.14	2.53	1.87	1.75	1.39	2.29	2.22	1.97	2.14	1.22	2.13	1.25	1.46	2.31	2.36	4.29	3.83	1.97	1.36	0.904	2.61	1.89	1.64	1.63	2.46	1.77	0.927	1.63	2.09	1.76	2.49	2.56	2.27	1.75	1.8
1803.0	1804.0	1805.0	1806.0	1807.0	1808.0	1809.0	1810.0	1811.0	1812.0	1813.0	1814.0	1815.0	1816.0	1817.0	1818.0	1819.0	1820.0	1821.0	1822.0	1823.0	1824.0	1825.0	1826.0	1827.0	1828.0	1829.0	1830.0	1831.0	1832.0	1833.0	1834.0	1835.0	1836.0	1837.0	1838.0	1839.0	1840.0	1841.0	1842.0	1843.0	1844.0	1845.0	1846.0	1847.0	1848.0	1849.0	1850.0	1851.0	1852.0	1853.0	1854.0	1855.0	1856.0	1857.0	1858.0	1859.0	1860.0	1861.0	1862.0	1863.0	1864.0	1865.0	1866.0	1867.0	1868.0	1869.0	1870.0	1871.0	1872.0	1873.0	1874.0	1875.0	1876.0	1877.0	1878.0	1879.0	1880.0	1881.0	1882.0	1883.0	1884.0	1885.0	1886.0	1887.0	1888.0	1889.0	1890.0	1891.0	1892.0	1893.0	1894.0	1895.0	1896.0	1897.0	1898.0	1899.0	1900.0	1901.0	1902.0	1903.0	1904.0	1905.0	1906.0	1907.0	1908.0	1909.0	1910.0	1911.0	1912.0	1913.0	1914.0	1915.0	1916.0	1917.0	1918.0	1919.0	1920.0	1921.0	1922.0	1923.0	1924.0	1925.0	1926.0	1927.0	1928.0	1929.0	1930.0	1931.0	1932.0	1933.0	1934.0	1935.0	1936.0	1937.0	1938.0	1939.0	1940.0	1941.0	1942.0	1943.0	1944.0	1945.0	1946.0	1947.0	1948.0	1949.0	1950.0	1951.0	1952.0	1953.0	1954.0	1955.0	1956.0	1957.0	1958.0	1959.0	1960.0	1961.0	1962.0	1963.0	1964.0	1965.0	1966.0	1967.0	1968.0	1969.0	1970.0	1971.0	1972.0	1973.0	1974.0	1975.0	1976.0	1977.0	1978.0	1979.0	1980.0	1981.0	1982.0	1983.0	1984.0	1985.0	1986.0	1987.0	1988.0	1989.0	1990.0	1991.0	1992.0	1993.0	1994.0	1995.0	1996.0	1997.0	1998.0	1999.0	2000.0	2000.0	2001.0	2002.0	2003.0	2004.0	2005.0	2006.0	2007.0	2008.0	2009.0	2010.0	2011.0	2012.0	2013.0	2014.0	2015.0	2016.0	2017.0	2018.0	2019.0	2020.0	2021.0	2022.0	2023.0	2024.0	2025.0	2026.0	2027.0	2028.0	2029.0	2030.0	2031.0	2032.0	2033.0	2034.0	2035.0	2036.0	2037.0	2038.0	2039.0	2040.0	2041.0	2042.0	2043.0	2044.0	2045.0	2046.0	2047.0	2048.0	2049.0	2050.0	2051.0	2052.0	2053.0	2054.0	2055.0	2056.0	2057.0	2058.0	2059.0	2060.0	2061.0	2062.0	2063.0	2064.0	2065.0	2066.0	2067.0	2068.0	2069.0	2070.0	2071.0	2072.0	2073.0	2074.0	2075.0	2076.0	2077.0	2078.0	2079.0	2080.0	2081.0	2082.0	2083.0	2084.0	2085.0	2086.0	2087.0	2088.0	2089.0	2090.0	2091.0	2092.0	2093.0	2094.0	2095.0	2096.0	2097.0	2098.0	2099.0	2100.0	2101.0	2102.0	2103.0
1852.0
