5200.0	300.0	640.6630460887185	161.76304608871828	0	838.2369539112815	840.6630460887181	0	0	tensor(6, device='cuda:0')	-9.982877313386771
6200.0	500.0	851.2397048025972	210.57665871387874	0	789.4233412861213	1051.2397048025969	0	0	tensor(3, device='cuda:0')	-1.2802572822589653
7200.0	500.0	1178.9406740352192	327.7009692326216	0	672.2990307673781	1378.9406740352188	0	0	tensor(3, device='cuda:0')	-1.481775619894324
8200.0	500.0	1488.2083826356752	309.26770860045644	0	690.732291399544	1688.2083826356748	0	0	tensor(3, device='cuda:0')	-1.38399574946629
9200.0	500.0	1870.4373849260787	382.2290022904021	0	617.7709977095965	2070.437384926079	1	0	tensor(3, device='cuda:0')	-1.8432569941717734
10200.0	500.0	1870.4373849260785	0.0	0	706.7289155117833	2070.437384926079	1	0	tensor(3, device='cuda:0')	0.44362212296552106
11956.428100224643	2000.0	1114.0092847014348	0.0	0	0.0	2070.437384926079	1	0	tensor(3, device='cuda:0')	0.4436221229655211
12504.43679257282	500.0	1566.0005923532567	0.0	0	0.0	2070.437384926079	1	0	tensor(3, device='cuda:0')	-0.9426722381543695
13200.0	500.0	1870.4373849260764	0.0	0	124.57958435528599	2070.437384926079	1	0	tensor(3, device='cuda:0')	0.44362212296552106
14200.0	500.0	1870.4373849260764	0.0	0	362.56043769509415	2070.437384926079	1	0	tensor(3, device='cuda:0')	0.44362212296552106
15200.0	500.0	1870.437384926077	0.0	0	648.8381497750943	2070.437384926079	1	0	tensor(3, device='cuda:0')	0.44362212296552106
16200.0	500.0	1870.4373849260767	0.0	0	676.0678500976537	2070.437384926079	1	0	tensor(3, device='cuda:0')	0.44362212296552106
17200.0	500.0	1870.4373849260749	0.0	0	617.1166999719608	2070.4373849260755	1	0	tensor(3, device='cuda:0')	0.4436221229655213
18200.0	500.0	1870.4373849260674	0.0	0	650.6093366129426	2070.4373849260664	1	0	tensor(3, device='cuda:0')	0.4436221229655218
19200.0	500.0	1870.437384926067	0.0	0	655.4040916498925	2070.4373849260664	1	0	tensor(3, device='cuda:0')	0.4436221229655221
20200.0	2000.0	1870.437384926069	0.0	0	173.4997127657407	2070.4373849260664	1	0	tensor(3, device='cuda:0')	0.44362212296552195
21727.957444934076	2000.0	1342.4799399919918	0.0	0	0.0	2070.4373849260664	1	0	tensor(3, device='cuda:0')	1.8299164840854125
24428.49762022237	2000.0	200.0	558.0602352963058	0	0.0	2628.497620222366	1	0	tensor(3, device='cuda:0')	-1.5325448057317044
25229.62265378816	500.0	737.9103715866567	339.03540515244885	0	0.0	2967.533025374818	1	0	tensor(3, device='cuda:0')	-3.0837126305995692
25569.68229759963	300.0	1397.8507277751878	0.0	0	0.0	2967.533025374818	1	0	tensor(3, device='cuda:0')	-0.684857086096967
25854.419424360196	300.0	2113.1136010146215	0.0	0	0.0	2967.533025374818	1	0	tensor(3, device='cuda:0')	-0.17403146233097608
26265.383942829816	500.0	2702.149082545002	0.0	0	0.0	2967.533025374818	1	0	tensor(3, device='cuda:0')	-0.17403146233097605
27362.181804011143	2000.0	2605.351221363674	0.0	0	0.0	2967.533025374818	1	0	tensor(3, device='cuda:0')	0.3367941614350147
28696.522989043915	2000.0	2271.010036330906	0.0	0	0.0	2967.533025374818	1	0	tensor(3, device='cuda:0')	1.7230885225549053
29943.363304568542	2000.0	2024.1697208062847	0.0	0	0.0	2967.5330253748143	1	0	tensor(3, device='cuda:0')	1.7230885225549057
32531.01497486176	2000.0	436.5180505130635	0.0	0	0.0	2967.5330253748107	1	0	tensor(3, device='cuda:0')	1.7230885225549064
32914.973604793544	500.0	1052.5594205812708	0.0	0	0.0	2967.533025374807	1	0	tensor(3, device='cuda:0')	-1.0495001996848745
33344.93303539387	500.0	1622.5999899809403	0.0	0	0.0	2967.5330253748034	1	0	tensor(3, device='cuda:0')	0.3367941614350174
33888.16278627125	500.0	2079.370239103557	0.0	0	0.0	2967.5330253747998	1	0	tensor(3, device='cuda:0')	0.3367941614350176
34339.59805756172	500.0	2627.93496781308	0.0	0	0.0	2967.5330253747925	1	0	tensor(3, device='cuda:0')	0.3367941614350187
35200.0	500.0	2767.5330253747993	0.0	0	264.0184156752075	2967.533025374789	1	0	tensor(3, device='cuda:0')	0.33679416143501967
36591.073008509025	2000.0	2376.460016865768	0.0	0	0.0	2967.533025374789	1	0	tensor(3, device='cuda:0')	0.3367941614350196
38488.11392470021	2000.0	1479.4191006745905	0.0	0	0.0	2967.533025374789	1	0	tensor(3, device='cuda:0')	1.7230885225549102
39343.77667997466	2000.0	1623.7563454001327	0.0	0	0.0	2967.533025374789	1	0	tensor(3, device='cuda:0')	1.7230885225549102
40833.72574470687	2000.0	1133.8072806679315	0.0	0	0.0	2967.533025374796	1	0	tensor(3, device='cuda:0')	1.7230885225549093
42731.70969018769	2000.0	235.82333518710965	0.0	0	0.0	2967.533025374796	1	0	tensor(3, device='cuda:0')	1.7230885225549093
43031.11985199942	500.0	936.4131733753745	0.0	0	0.0	2967.5330253748034	1	0	tensor(3, device='cuda:0')	-1.0495001996848736
43448.1459447337	500.0	1519.3870806411044	0.0	0	0.0	2967.5330253748107	1	0	tensor(3, device='cuda:0')	0.3367941614350159
43874.295027613975	500.0	2093.23799776083	0.0	0	0.0	2967.5330253748107	1	0	tensor(3, device='cuda:0')	0.3367941614350159
44777.99274283329	2000.0	2189.5402825415094	0.0	0	0.0	2967.5330253748107	1	0	tensor(3, device='cuda:0')	0.33679416143501584
46145.32513755388	2000.0	1822.2078878209156	0.0	0	0.0	2967.5330253748107	1	0	tensor(3, device='cuda:0')	1.7230885225549064
47370.40424285593	2000.0	1597.128782518861	0.0	0	0.0	2967.5330253748107	1	0	tensor(3, device='cuda:0')	1.7230885225549064
48442.88460053372	2000.0	1524.6484248410718	0.0	0	0.0	2967.5330253748107	1	0	tensor(3, device='cuda:0')	1.7230885225549064
50089.37416059355	2000.0	878.1588647812443	0.0	0	0.0	2967.5330253748107	1	0	tensor(3, device='cuda:0')	1.7230885225549064
50858.39995376086	500.0	1109.1330716139319	0.0	0	0.0	2967.5330253748107	1	0	tensor(3, device='cuda:0')	-1.049500199684875
51129.68471101585	300.0	1837.8483143589365	0.0	0	0.0	2967.5330253748107	1	0	tensor(3, device='cuda:0')	-0.6848570860969654
51524.84425811148	500.0	2442.6887672633056	0.0	0	0.0	2967.5330253748107	1	0	tensor(3, device='cuda:0')	-0.17403146233097483
52813.691252920944	2000.0	2153.841772453845	0.0	0	0.0	2967.5330253748107	1	0	tensor(3, device='cuda:0')	0.33679416143501584
54064.51410028545	2000.0	1903.0189250893407	0.0	0	0.0	2967.5330253748107	1	0	tensor(3, device='cuda:0')	1.7230885225549064
56036.961120668384	2000.0	930.5719047064106	0.0	0	0.0	2967.533025374818	1	0	tensor(3, device='cuda:0')	1.7230885225549055
57018.654849627805	500.0	948.8781757469882	0.0	0	0.0	2967.5330253748252	1	0	tensor(3, device='cuda:0')	-1.0495001996848772
57401.23889446721	500.0	1566.2941309075734	0.0	0	0.0	2967.5330253748252	1	0	tensor(3, device='cuda:0')	0.3367941614350134
57871.87458960409	500.0	2095.6584357706984	0.0	0	0.0	2967.5330253748325	1	0	tensor(3, device='cuda:0')	0.33679416143501206
58200.0	500.0	2767.5330253747848	0.0	0	63.48382956360729	2967.5330253748325	1	0	tensor(3, device='cuda:0')	0.33679416143501206
59564.62765490997	2000.0	2402.9053704648127	0.0	0	0.0	2967.5330253748325	1	0	tensor(3, device='cuda:0')	0.33679416143501184
61260.32849701727	2000.0	1707.2045283575167	0.0	0	0.0	2967.5330253748325	1	0	tensor(3, device='cuda:0')	1.7230885225549026
62456.156558438866	2000.0	1511.3764669359161	0.0	0	0.0	2967.5330253748252	1	0	tensor(3, device='cuda:0')	1.723088522554904
63689.239118156416	2000.0	1278.293907218366	0.0	0	0.0	2967.5330253748252	1	0	tensor(3, device='cuda:0')	1.723088522554904
64695.68179108461	2000.0	1271.8512342901831	0.0	0	0.0	2967.5330253748252	1	0	tensor(3, device='cuda:0')	1.723088522554904
66995.61770728862	2000.0	200.0	228.08468191382974	0	0.0	3195.617707288664	1	0	tensor(3, device='cuda:0')	0.33692098841535695
67176.87722362508	300.0	1018.74048366354	0.0	0	0.0	3195.617707288664	1	0	tensor(3, device='cuda:0')	-2.1155807880518194
67674.478395935	500.0	1521.139311353605	0.0	0	0.0	3195.6177072886494	1	0	tensor(3, device='cuda:0')	-0.21846080316593602
67968.82077225643	500.0	2226.7969350321837	0.0	0	0.0	3195.6177072886494	1	0	tensor(3, device='cuda:0')	0.2923648206000559
68395.13827125044	500.0	2800.479436038164	0.0	0	0.0	3195.617707288642	1	0	tensor(3, device='cuda:0')	0.29236482060005525
69229.64827948662	2000.0	2965.9694278019947	0.0	0	0.0	3195.6177072886203	1	0	tensor(3, device='cuda:0')	0.2923648206000613
70327.23124841337	2000.0	2868.3864588752435	0.0	0	0.0	3195.6177072886203	1	0	tensor(3, device='cuda:0')	1.6786591817199512
71588.89409981995	2000.0	2606.7236074686602	0.0	0	0.0	3195.6177072886203	1	0	tensor(3, device='cuda:0')	1.6786591817199525
72696.10451934527	2000.0	2499.5131879433443	0.0	0	0.0	3195.6177072886203	1	0	tensor(3, device='cuda:0')	1.6786591817199525
73884.38402732258	2000.0	2311.233679966022	0.0	0	0.0	3195.6177072886203	1	0	tensor(3, device='cuda:0')	1.6786591817199525
75075.85655108791	2000.0	2119.7611562006955	0.0	0	0.0	3195.6177072886203	1	0	tensor(3, device='cuda:0')	1.6786591817199525
76167.5719354713	2000.0	2028.0457718173054	0.0	0	0.0	3195.6177072886057	1	0	tensor(3, device='cuda:0')	1.6786591817199557
77079.06341572186	2000.0	2116.5542915667265	0.0	0	0.0	3195.6177072886057	1	0	tensor(3, device='cuda:0')	1.6786591817199557
77709.88593773232	2000.0	2485.731769556271	0.0	0	0.0	3195.6177072886057	1	0	tensor(3, device='cuda:0')	1.6786591817199557
78962.26274274511	2000.0	2233.3549645434973	0.0	0	0.0	3195.617707288591	1	0	tensor(3, device='cuda:0')	1.678659181719956
80722.1141950365	2000.0	1473.5035122521222	0.0	0	0.0	3195.617707288591	1	0	tensor(3, device='cuda:0')	1.6786591817199588
82791.74032237072	2000.0	403.8773849178965	0.0	0	0.0	3195.617707288591	1	0	tensor(3, device='cuda:0')	1.6786591817199588
83354.6556905228	500.0	840.9620167658102	0.0	0	0.0	3195.6177072886057	1	0	tensor(3, device='cuda:0')	-1.0939295405198257
83644.97380671438	300.0	1550.6439005742518	0.0	0	0.0	3195.6177072886057	1	0	tensor(3, device='cuda:0')	-0.7292864269319165
84065.06125666448	500.0	2130.556450624135	0.0	0	0.0	3195.6177072886057	1	0	tensor(3, device='cuda:0')	-0.21846080316592567
84460.92903493326	500.0	2734.6886723553616	0.0	0	0.0	3195.6177072886057	1	0	tensor(3, device='cuda:0')	0.29236482060006497
85791.5110159242	2000.0	2404.106691364427	0.0	0	0.0	3195.617707288591	1	0	tensor(3, device='cuda:0')	0.29236482060006797
87176.03736934121	2000.0	2019.5803379474169	0.0	0	0.0	3195.6177072885766	1	0	tensor(3, device='cuda:0')	1.6786591817199619
88547.39378655313	2000.0	1648.223920735492	0.0	0	0.0	3195.6177072885766	1	0	tensor(3, device='cuda:0')	1.6786591817199619
90415.31809695046	2000.0	780.2996103381581	0.0	0	0.0	3195.6177072885475	1	0	tensor(3, device='cuda:0')	1.6786591817199663
90958.8756312659	500.0	1236.7420760227424	0.0	0	0.0	3195.617707288562	1	0	tensor(3, device='cuda:0')	-1.0939295405198166
91197.38961737839	500.0	1998.2280899102373	0.0	0	0.0	3195.617707288562	1	0	tensor(3, device='cuda:0')	0.2923648206000744
93207.32018324376	2000.0	988.2975240448466	0.0	0	0.0	3195.6177072885475	1	0	tensor(3, device='cuda:0')	0.2923648206000775
93557.26375875917	300.0	1638.3539485294373	0.0	0	0.0	3195.6177072885475	1	0	tensor(3, device='cuda:0')	-2.115580788051795
94207.46545328843	500.0	1988.15225400018	0.0	0	0.0	3195.6177072885475	1	0	tensor(3, device='cuda:0')	-0.21846080316591315
94707.58809681905	300.0	2488.029610469558	0.0	0	0.0	3195.6177072885475	1	0	tensor(3, device='cuda:0')	-0.7292864269319037
95425.46236108588	500.0	2770.1553462027296	0.0	0	0.0	3195.6177072885475	1	0	tensor(3, device='cuda:0')	-0.21846080316591315
96200.0	500.0	2995.617707288607	0.0	0	150.1517499153124	3195.6177072885475	1	0	tensor(3, device='cuda:0')	0.2923648206000775
97495.7888996992	2000.0	2699.8288075894134	0.0	0	0.0	3195.617707288533	1	0	tensor(3, device='cuda:0')	0.2923648206000807
98893.88123554327	2000.0	2301.7364717453247	0.0	0	0.0	3195.6177072885475	1	0	tensor(3, device='cuda:0')	1.678659181719968
99868.50826999068	2000.0	2327.1094372979373	0.0	0	0.0	3195.6177072885475	1	0	tensor(3, device='cuda:0')	1.678659181719968
100650.44150644899	2000.0	2545.1762008396113	0.0	0	0.0	3195.6177072885475	1	0	tensor(3, device='cuda:0')	1.678659181719968
101245.91902049816	2000.0	2949.6986867904566	0.0	0	0.0	3195.6177072885475	1	0	tensor(3, device='cuda:0')	1.678659181719968
102244.04711198343	2000.0	2951.570595305189	0.0	0	8.877273341087857	3195.6177072885475	1	0	tensor(3, device='cuda:0')	1.678659181719968
104406.10338645233	2000.0	1789.5143208362776	0.0	0	0.0	3195.6177072885475	1	0	tensor(3, device='cuda:0')	1.678659181719968
106004.776686046	2000.0	1190.8410212426174	0.0	0	0.0	3195.6177072885475	1	0	tensor(3, device='cuda:0')	1.678659181719968
106936.28986191611	2000.0	1259.3278453724924	0.0	0	0.0	3195.6177072885475	1	0	tensor(3, device='cuda:0')	1.678659181719968
108526.71467427179	2000.0	668.9030330168068	0.0	0	0.0	3195.6177072885475	1	0	tensor(3, device='cuda:0')	1.678659181719968
108807.5385936261	500.0	1388.0791136624873	0.0	0	0.0	3195.6177072885475	1	0	tensor(3, device='cuda:0')	-1.0939295405198133
109108.24977662631	500.0	2087.3679306622853	0.0	0	0.0	3195.617707288562	1	0	tensor(3, device='cuda:0')	0.2923648206000744
111246.00048186611	2000.0	949.6172254224794	0.0	0	0.0	3195.617707288562	1	0	tensor(3, device='cuda:0')	0.29236482060007435
111632.1657759745	500.0	1563.451931314084	0.0	0	0.0	3195.617707288562	1	0	tensor(3, device='cuda:0')	-1.0939295405198166
111991.6660792754	500.0	2203.9516280131793	0.0	0	0.0	3195.617707288562	1	0	tensor(3, device='cuda:0')	0.2923648206000744
112330.89839324901	500.0	2864.7193140395666	0.0	0	0.0	3195.6177072885475	1	0	tensor(3, device='cuda:0')	0.2923648206000775
113674.11159566976	2000.0	2521.506111618801	0.0	0	0.0	3195.6177072885475	1	0	tensor(3, device='cuda:0')	0.2923648206000775
114804.0782543258	2000.0	2391.5394529627656	0.0	0	0.0	3195.6177072885475	1	0	tensor(3, device='cuda:0')	1.678659181719968
116148.1895397583	2000.0	2047.428167530268	0.0	0	0.0	3195.617707288562	1	0	tensor(3, device='cuda:0')	1.678659181719965
117026.7458058707	2000.0	2168.8719014178605	0.0	0	0.0	3195.617707288562	1	0	tensor(3, device='cuda:0')	1.678659181719965
117979.26391526307	2000.0	2216.353792025473	0.0	0	0.0	3195.617707288562	1	0	tensor(3, device='cuda:0')	1.678659181719965
118983.44468607329	2000.0	2212.173021215268	0.0	0	0.0	3195.6177072885766	1	0	tensor(3, device='cuda:0')	1.6786591817199619
120649.11098811947	2000.0	1546.5067191690555	0.0	0	0.0	3195.6177072885766	1	0	tensor(3, device='cuda:0')	1.6786591817199619
121476.82778849242	2000.0	1718.7899187960977	0.0	0	0.0	3195.617707288562	1	0	tensor(3, device='cuda:0')	1.678659181719965
122527.65877896333	2000.0	1667.9589283251726	0.0	0	0.0	3195.6177072885475	1	0	tensor(3, device='cuda:0')	1.678659181719968
123252.34512978463	2000.0	1943.2725775038757	0.0	0	0.0	3195.6177072885475	1	0	tensor(3, device='cuda:0')	1.678659181719968
124080.96953086645	2000.0	2114.6481764220352	0.0	0	0.0	3195.6177072885475	1	0	tensor(3, device='cuda:0')	1.678659181719968
124760.62821614368	2000.0	2434.989491144823	0.0	0	0.0	3195.6177072885475	1	0	tensor(3, device='cuda:0')	1.678659181719968
127102.81361916385	2000.0	1092.80408812466	0.0	0	0.0	3195.6177072885475	1	0	tensor(3, device='cuda:0')	1.678659181719968
128333.57811714924	2000.0	862.0395901392535	0.0	0	0.0	3195.6177072885475	1	0	tensor(3, device='cuda:0')	1.678659181719968
128684.24728674287	500.0	1511.370420545626	0.0	0	0.0	3195.6177072885475	1	0	tensor(3, device='cuda:0')	-1.0939295405198133
129086.01567488126	500.0	2109.60203240725	0.0	0	0.0	3195.6177072885475	1	0	tensor(3, device='cuda:0')	0.2923648206000775
129416.07183146598	500.0	2779.545875822521	0.0	0	0.0	3195.6177072885475	1	0	tensor(3, device='cuda:0')	0.2923648206000775
130845.12325369386	2000.0	2350.494453594646	0.0	0	0.0	3195.6177072885475	1	0	tensor(3, device='cuda:0')	0.2923648206000775
131943.84730663986	2000.0	2251.77040064867	0.0	0	0.0	3195.6177072885766	1	0	tensor(3, device='cuda:0')	1.6786591817199645
134027.41145816815	2000.0	1168.2062491203512	0.0	0	0.0	3195.6177072885475	1	0	tensor(3, device='cuda:0')	1.678659181719965
135946.91674438596	2000.0	248.7009629025425	0.0	0	0.0	3195.617707288562	1	0	tensor(3, device='cuda:0')	1.678659181719965
136865.113523741	500.0	502.6288466740841	172.1246631265353	0	0.0	3367.7423704151006	1	0	tensor(3, device='cuda:0')	-2.166690254745675
137135.56397737443	300.0	1232.1783930406243	0.0	0	0.0	3367.7423704151006	1	0	tensor(3, device='cuda:0')	-0.7692991623985533
137442.8546483452	300.0	1924.8877220698653	0.0	0	0.0	3367.7423704151006	1	0	tensor(3, device='cuda:0')	-0.2584735386325626
138003.79255783028	500.0	2363.949812584776	0.0	0	0.0	3367.7423704151006	1	0	tensor(3, device='cuda:0')	-0.2584735386325625
138619.68162822849	500.0	2748.060742186559	0.0	0	0.0	3367.7423704150715	1	0	tensor(3, device='cuda:0')	0.2523520851334355
140476.97739561318	2000.0	1890.7649748018923	0.0	0	0.0	3367.7423704150715	1	0	tensor(3, device='cuda:0')	0.25235208513343554
142857.90360892625	2000.0	509.8387614888524	0.0	0	0.0	3367.7423704151297	1	0	tensor(3, device='cuda:0')	1.6386464462533143
143086.78472989233	300.0	1280.9576405227947	0.0	0	0.0	3367.7423704151297	1	0	tensor(3, device='cuda:0')	-2.155593523518452
143364.47678366865	500.0	2003.265586746479	0.0	0	0.0	3367.7423704151297	1	0	tensor(3, device='cuda:0')	-0.25847353863256994
144827.17081723257	2000.0	1540.5715531825404	0.0	0	0.0	3367.742370415159	1	0	tensor(3, device='cuda:0')	0.25235208513341334
145624.9964061444	500.0	1742.7459642707008	0.0	0	0.0	3367.742370415159	1	0	tensor(3, device='cuda:0')	-1.133942275986477
145989.84635174373	300.0	2377.8960186713584	0.0	0	0.0	3367.7423704151297	1	0	tensor(3, device='cuda:0')	-0.7692991623985606
146247.25007069067	500.0	3120.492299724434	0.0	0	0.0	3367.7423704151297	1	0	tensor(3, device='cuda:0')	-0.25847353863256994
147315.58949091614	2000.0	3052.152879498944	0.0	0	0.0	3367.7423704151297	1	0	tensor(3, device='cuda:0')	0.25235208513342067
148200.0	2000.0	3167.742370415125	0.0	0	299.0325221240637	3367.7423704151297	1	0	tensor(3, device='cuda:0')	1.6386464462533112
149424.8887508148	2000.0	2942.8536196002983	0.0	0	0.0	3367.7423704151297	1	0	tensor(3, device='cuda:0')	1.6386464462533112
151282.08853635404	2000.0	2085.653834061058	0.0	0	0.0	3367.7423704151297	1	0	tensor(3, device='cuda:0')	1.6386464462533112
153175.71702722358	2000.0	1192.0253431914816	0.0	0	0.0	3367.7423704151006	1	0	tensor(3, device='cuda:0')	1.6386464462533188
154433.85808732957	2000.0	933.8842830854709	0.0	0	0.0	3367.7423704151006	1	0	tensor(3, device='cuda:0')	1.6386464462533188
154691.91949755006	500.0	1675.8228728649424	0.0	0	0.0	3367.7423704151006	1	0	tensor(3, device='cuda:0')	-1.1339422759864624
155775.4984094196	2000.0	1592.2439609953933	0.0	0	0.0	3367.7423704151006	1	0	tensor(3, device='cuda:0')	0.25235208513342827
157810.43486162735	2000.0	557.3075087876771	0.0	0	0.0	3367.7423704151006	1	0	tensor(3, device='cuda:0')	1.638646446253316
158090.80478483488	300.0	1276.9375855801359	0.0	0	0.0	3367.7423704150715	1	0	tensor(3, device='cuda:0')	-2.1555935235184367
158532.08289095204	300.0	1835.6594794629957	0.0	0	0.0	3367.7423704150715	1	0	tensor(3, device='cuda:0')	-0.2584735386325553
158913.2315937768	300.0	2454.5107766382444	0.0	0	0.0	3367.7423704151006	1	0	tensor(3, device='cuda:0')	-0.2584735386325626
159437.8626111189	500.0	2929.8797592961687	0.0	0	0.0	3367.7423704150715	1	0	tensor(3, device='cuda:0')	-0.2584735386325553
160200.0	500.0	3167.74237041508	0.0	0	134.6290840615984	3367.7423704150715	1	0	tensor(3, device='cuda:0')	0.2523520851334355
161902.75030540244	2000.0	2464.9920650126296	0.0	0	0.0	3367.7423704150715	1	0	tensor(3, device='cuda:0')	0.25235208513343554
163514.93020609947	2000.0	1852.8121643156007	0.0	0	0.0	3367.7423704151006	1	0	tensor(3, device='cuda:0')	1.638646446253322
165026.70336883047	2000.0	1341.0390015845983	0.0	0	0.0	3367.7423704150715	1	0	tensor(3, device='cuda:0')	1.6386464462533201
166418.7260473824	2000.0	949.0163230326465	0.0	0	0.0	3367.7423704150424	1	0	tensor(3, device='cuda:0')	1.638646446253329
167205.7446330072	500.0	1161.997737407853	0.0	0	0.0	3367.7423704150715	1	0	tensor(3, device='cuda:0')	-1.1339422759864548
167750.6989602878	300.0	1617.0434101272583	0.0	0	0.0	3367.7423704150715	1	0	tensor(3, device='cuda:0')	-0.7692991623985461
168054.56325860022	300.0	2313.179111814838	0.0	0	0.0	3367.7423704150715	1	0	tensor(3, device='cuda:0')	-0.2584735386325553
168546.20050526856	500.0	2821.5418651465197	0.0	0	0.0	3367.7423704150715	1	0	tensor(3, device='cuda:0')	-0.2584735386325553
170466.96098227683	2000.0	1900.781388138239	0.0	0	0.0	3367.7423704150715	1	0	tensor(3, device='cuda:0')	0.25235208513343554
170981.1335773778	500.0	2386.6087930372646	0.0	0	0.0	3367.7423704150715	1	0	tensor(3, device='cuda:0')	-1.1339422759864548
172971.82002166047	2000.0	1395.9223487545935	0.0	0	0.0	3367.7423704150715	1	0	tensor(3, device='cuda:0')	0.25235208513343554
173381.2815219833	500.0	1986.4608484317762	0.0	0	0.0	3367.7423704150715	1	0	tensor(3, device='cuda:0')	-1.1339422759864548
173737.43960571085	500.0	2630.30276470423	0.0	0	0.0	3367.7423704150715	1	0	tensor(3, device='cuda:0')	0.2523520851334355
174715.73154513858	2000.0	2652.0108252765235	0.0	0	0.0	3367.7423704150715	1	0	tensor(3, device='cuda:0')	0.25235208513343554
175453.1953253824	2000.0	2914.547045032698	0.0	0	0.0	3367.7423704150715	1	0	tensor(3, device='cuda:0')	1.6386464462533263
177316.57116401853	2000.0	2051.171206396547	0.0	0	0.0	3367.7423704150715	1	0	tensor(3, device='cuda:0')	1.6386464462533263
179682.4694844007	2000.0	685.2728860143573	0.0	0	0.0	3367.7423704150715	1	0	tensor(3, device='cuda:0')	1.6386464462533263
180073.39930604622	500.0	1294.3430643688405	0.0	0	0.0	3367.7423704150715	1	0	tensor(3, device='cuda:0')	-1.1339422759864548
180447.78149403186	500.0	1919.9608763831932	0.0	0	0.0	3367.7423704150715	1	0	tensor(3, device='cuda:0')	0.2523520851334355
181764.92078292763	2000.0	1602.8215874874077	0.0	0	0.0	3367.7423704150424	1	0	tensor(3, device='cuda:0')	0.25235208513344287
183286.5078752981	2000.0	1081.2344951169641	0.0	0	0.0	3367.7423704150424	1	0	tensor(3, device='cuda:0')	1.6386464462533334
183683.03873578733	500.0	1684.7036346277382	0.0	0	0.0	3367.7423704150424	1	0	tensor(3, device='cuda:0')	-1.133942275986448
184072.24234912122	500.0	2295.5000212938703	0.0	0	0.0	3367.7423704150424	1	0	tensor(3, device='cuda:0')	0.2523520851334427
186435.59242914603	2000.0	932.1499412690741	0.0	0	0.0	3367.7423704150424	1	0	tensor(3, device='cuda:0')	0.25235208513344287
186881.79035866068	300.0	1485.95201175441	0.0	0	0.0	3367.7423704150424	1	0	tensor(3, device='cuda:0')	-2.1555935235184296
187269.9057223579	300.0	2097.8366480572	0.0	0	0.0	3367.7423704150133	1	0	tensor(3, device='cuda:0')	-0.2584735386325407
187894.52032764725	500.0	2473.222042767817	0.0	0	0.0	3367.7423704150133	1	0	tensor(3, device='cuda:0')	-0.2584735386325406
188308.4450506879	500.0	3059.2973197271635	0.0	0	0.0	3367.7423704150133	1	0	tensor(3, device='cuda:0')	0.2523520851334501
190418.48707732308	2000.0	1949.255293092024	0.0	0	0.0	3367.7423704150133	1	0	tensor(3, device='cuda:0')	0.25235208513345
191783.58775330218	2000.0	1584.1546171129107	0.0	0	0.0	3367.7423704150424	1	0	tensor(3, device='cuda:0')	1.6386464462533334
193510.31479981763	2000.0	857.4275705974605	0.0	0	0.0	3367.7423704150424	1	0	tensor(3, device='cuda:0')	1.6386464462533334
194436.5670168728	2000.0	931.1753535423246	0.0	0	0.0	3367.7423704150424	1	0	tensor(3, device='cuda:0')	1.6386464462533334
195543.83462598128	2000.0	823.9077444338524	0.0	0	0.0	3367.7423704150424	1	0	tensor(3, device='cuda:0')	1.6386464462533334
196538.29345634297	2000.0	829.4489140721597	0.0	0	0.0	3367.7423704150715	1	0	tensor(3, device='cuda:0')	1.6386464462533263
196830.54458019414	500.0	1537.1977902210185	0.0	0	0.0	3367.7423704151006	1	0	tensor(3, device='cuda:0')	-1.1339422759864624
197136.30061491573	500.0	2231.4417554994197	0.0	0	0.0	3367.7423704151297	1	0	tensor(3, device='cuda:0')	0.2523520851334208
198930.2715099282	2000.0	1437.470860486954	0.0	0	0.0	3367.7423704151297	1	0	tensor(3, device='cuda:0')	0.25235208513342067
199439.8266856472	500.0	1927.9156847679478	0.0	0	0.0	3367.7423704151006	1	0	tensor(3, device='cuda:0')	-1.1339422759864624
199918.74564801666	500.0	2448.9967223984395	0.0	0	0.0	3367.7423704151006	1	0	tensor(3, device='cuda:0')	0.25235208513342816
201939.09740122245	2000.0	1428.6449691926864	0.0	0	0.0	3367.7423704151006	1	0	tensor(3, device='cuda:0')	0.25235208513342827
202248.71970072185	500.0	2119.0226696932614	0.0	0	0.0	3367.7423704150715	1	0	tensor(3, device='cuda:0')	-1.1339422759864548
203030.3818538286	2000.0	2337.3605165864706	0.0	0	0.0	3367.7423704150715	1	0	tensor(3, device='cuda:0')	0.25235208513343554
203748.4233716972	2000.0	2619.318998717884	0.0	0	0.0	3367.7423704150424	1	0	tensor(3, device='cuda:0')	1.6386464462533334
204623.77547164864	2000.0	2743.966898766447	0.0	0	0.0	3367.7423704150424	1	0	tensor(3, device='cuda:0')	1.6386464462533334
205930.37139468975	2000.0	2437.3709757253027	0.0	0	0.0	3367.7423704150424	1	0	tensor(3, device='cuda:0')	1.6386464462533334
206820.41094107297	2000.0	2547.33142934208	0.0	0	0.0	3367.7423704150424	1	0	tensor(3, device='cuda:0')	1.6386464462533334
209113.1333007355	2000.0	1254.609069679545	0.0	0	0.0	3367.7423704150424	1	0	tensor(3, device='cuda:0')	1.6386464462533334
210832.02810161118	2000.0	535.7142688038613	0.0	0	0.0	3367.7423704150424	1	0	tensor(3, device='cuda:0')	1.6386464462533334
211133.9408460712	500.0	1233.8015243438583	0.0	0	0.0	3367.7423704150424	1	0	tensor(3, device='cuda:0')	-1.133942275986448
211477.10788145117	500.0	1890.6344889638924	0.0	0	0.0	3367.7423704150715	1	0	tensor(3, device='cuda:0')	0.2523520851334355
213968.55119288567	2000.0	399.19117752938826	0.0	0	0.0	3367.7423704150715	1	0	tensor(3, device='cuda:0')	0.25235208513343554
214327.85344066948	300.0	1039.8889297455796	0.0	0	0.0	3367.7423704150715	1	0	tensor(3, device='cuda:0')	-2.1555935235184367
214610.77146782418	300.0	1756.97090259088	0.0	0	0.0	3367.7423704150715	1	0	tensor(3, device='cuda:0')	-0.2584735386325553
214915.05299767584	300.0	2452.689372739211	0.0	0	0.0	3367.7423704150715	1	0	tensor(3, device='cuda:0')	-0.2584735386325553
216717.86715593972	2000.0	1649.8752144753196	0.0	0	0.0	3367.7423704150424	1	0	tensor(3, device='cuda:0')	-0.25847353863254785
217216.70457827114	500.0	2151.0377921438803	0.0	0	0.0	3367.7423704150424	1	0	tensor(3, device='cuda:0')	-1.133942275986448
217643.09082666365	500.0	2724.6515437513326	0.0	0	0.0	3367.7423704150424	1	0	tensor(3, device='cuda:0')	0.2523520851334427
219310.48553920368	2000.0	2057.2568312113217	0.0	0	0.0	3367.7423704150715	1	0	tensor(3, device='cuda:0')	0.25235208513343554
220720.39851937396	2000.0	1647.3438510410504	0.0	0	0.0	3367.7423704150715	1	0	tensor(3, device='cuda:0')	1.6386464462533263
221188.54042180598	500.0	2179.201948609035	0.0	0	0.0	3367.7423704151006	1	0	tensor(3, device='cuda:0')	-1.1339422759864624
222550.93430260516	2000.0	1816.808067809862	0.0	0	0.0	3367.7423704151297	1	0	tensor(3, device='cuda:0')	0.25235208513342067
222969.3139796453	500.0	2398.4283907697136	0.0	0	0.0	3367.7423704151297	1	0	tensor(3, device='cuda:0')	-1.1339422759864701
224422.28137994386	2000.0	1945.4609904711178	0.0	0	0.0	3367.7423704151297	1	0	tensor(3, device='cuda:0')	0.25235208513342067
225395.10636601338	2000.0	1972.6360044016	0.0	0	0.0	3367.7423704151006	1	0	tensor(3, device='cuda:0')	1.6386464462533188
226219.84641100408	2000.0	2147.8959594108996	0.0	0	0.0	3367.7423704151006	1	0	tensor(3, device='cuda:0')	1.6386464462533188
227204.64196157712	2000.0	2163.1004088378695	0.0	0	0.0	3367.7423704151006	1	0	tensor(3, device='cuda:0')	1.6386464462533188
228421.9556962307	2000.0	1945.786674184294	0.0	0	0.0	3367.7423704151297	1	0	tensor(3, device='cuda:0')	1.6386464462533112
229283.9188690151	2000.0	2083.8235013999356	0.0	0	0.0	3367.7423704151297	1	0	tensor(3, device='cuda:0')	1.6386464462533112
230482.10534288848	2000.0	1885.637027526597	0.0	0	0.0	3367.7423704151297	1	0	tensor(3, device='cuda:0')	1.6386464462533112
232557.94715469898	2000.0	809.7952157160594	0.0	0	0.0	3367.7423704151297	1	0	tensor(3, device='cuda:0')	1.6386464462533112
233197.55601726242	500.0	1170.1863531526187	0.0	0	0.0	3367.7423704151297	1	0	tensor(3, device='cuda:0')	-1.1339422759864701
233585.38434339027	500.0	1782.3580270247721	0.0	0	0.0	3367.7423704151297	1	0	tensor(3, device='cuda:0')	0.2523520851334208
234117.99117418946	500.0	2249.7511962255603	0.0	0	0.0	3367.7423704151297	1	0	tensor(3, device='cuda:0')	0.2523520851334208
234466.57368270258	500.0	2901.1686877124416	0.0	0	0.0	3367.7423704151297	1	0	tensor(3, device='cuda:0')	0.2523520851334208
235917.9157109411	2000.0	2449.8266594739275	0.0	0	0.0	3367.7423704151297	1	0	tensor(3, device='cuda:0')	0.25235208513342067
237954.7970701976	2000.0	1412.9453002174444	0.0	0	0.0	3367.7423704151297	1	0	tensor(3, device='cuda:0')	1.6386464462533112
238917.2995446969	2000.0	1450.4428257181517	0.0	0	0.0	3367.7423704151297	1	0	tensor(3, device='cuda:0')	1.6386464462533112
240495.92899079714	2000.0	871.8133796178986	0.0	0	0.0	3367.7423704151297	1	0	tensor(3, device='cuda:0')	1.6386464462533112
240961.23464142258	500.0	1406.5077289924502	0.0	0	0.0	3367.7423704151297	1	0	tensor(3, device='cuda:0')	-1.1339422759864701
241237.90915585984	300.0	2129.833214555185	0.0	0	0.0	3367.7423704151006	1	0	tensor(3, device='cuda:0')	-0.7692991623985533
242413.41666541647	2000.0	1954.325704998584	0.0	0	0.0	3367.7423704151006	1	0	tensor(3, device='cuda:0')	-0.25847353863256256
243655.21290286485	2000.0	1712.5294675501957	0.0	0	0.0	3367.7423704151006	1	0	tensor(3, device='cuda:0')	1.6386464462533188
244412.74434893715	2000.0	1954.9980214778893	0.0	0	0.0	3367.7423704151006	1	0	tensor(3, device='cuda:0')	1.6386464462533188
245550.47930522257	2000.0	1817.2630651924737	0.0	0	0.0	3367.7423704151006	1	0	tensor(3, device='cuda:0')	1.6386464462533188
246970.00089288244	2000.0	1397.7414775326345	0.0	0	0.0	3367.7423704150715	1	0	tensor(3, device='cuda:0')	1.6386464462533263
248568.58868540713	2000.0	799.15368500795	0.0	0	0.0	3367.7423704150715	1	0	tensor(3, device='cuda:0')	1.6386464462533263
248923.2062761081	500.0	1444.5360943069654	0.0	0	0.0	3367.7423704150715	1	0	tensor(3, device='cuda:0')	-1.1339422759864548
249208.0790491476	500.0	2159.663321267447	0.0	0	0.0	3367.7423704150715	1	0	tensor(3, device='cuda:0')	0.2523520851334355
250574.90863928723	2000.0	1792.833731127813	0.0	0	0.0	3367.7423704151006	1	0	tensor(3, device='cuda:0')	0.25235208513342827
252060.8134476563	2000.0	1306.9289227587358	0.0	0	0.0	3367.7423704151006	1	0	tensor(3, device='cuda:0')	1.6386464462533188
253396.87924599773	2000.0	970.8631244173262	0.0	0	0.0	3367.7423704150715	1	0	tensor(3, device='cuda:0')	1.6386464462533263
253814.5796115137	500.0	1553.1627589013426	0.0	0	0.0	3367.7423704150424	1	0	tensor(3, device='cuda:0')	-1.133942275986448
254087.30949796457	500.0	2280.432872450474	0.0	0	0.0	3367.7423704150424	1	0	tensor(3, device='cuda:0')	0.2523520851334427
255428.6630116981	2000.0	1939.0793587169153	0.0	0	0.0	3367.7423704150424	1	0	tensor(3, device='cuda:0')	0.25235208513344287
256879.1401801971	2000.0	1488.6021902179243	0.0	0	0.0	3367.7423704150424	1	0	tensor(3, device='cuda:0')	1.6386464462533334
257555.9712021504	2000.0	1811.7711682646393	0.0	0	0.0	3367.7423704150133	1	0	tensor(3, device='cuda:0')	1.6386464462533405
258190.65134466917	2000.0	2177.0910257458936	0.0	0	0.0	3367.7423704150424	1	0	tensor(3, device='cuda:0')	1.6386464462533334
258865.01570742248	2000.0	2502.7266629925653	0.0	0	0.0	3367.7423704150133	1	0	tensor(3, device='cuda:0')	1.6386464462533405
259501.9302857953	2000.0	2865.812084619762	0.0	0	0.0	3367.7423704150133	1	0	tensor(3, device='cuda:0')	1.6386464462533405
260200.0	2000.0	3167.742370415071	0.0	0	74.91345071420074	3367.7423704150133	1	0	tensor(3, device='cuda:0')	1.6386464462533405
261200.0	2000.0	3167.742370415069	0.0	0	212.90181852088426	3367.7423704150133	1	0	tensor(3, device='cuda:0')	1.6386464462533405
262257.21581823035	2000.0	3110.526552184757	0.0	0	0.0	3367.7423704150424	1	0	tensor(3, device='cuda:0')	1.6386464462533379
263227.4824273668	2000.0	3140.259943048305	0.0	0	53.274234642623924	3367.7423704150424	1	0	tensor(3, device='cuda:0')	1.6386464462533321
265057.08664193144	2000.0	2310.6557284835853	0.0	0	0.0	3367.742370414984	1	0	tensor(3, device='cuda:0')	1.6386464462533392
266349.711530446	2000.0	2018.0308399690082	0.0	0	0.0	3367.742370414955	1	0	tensor(3, device='cuda:0')	1.6386464462533552
267649.00266603875	2000.0	1718.7397043762794	0.0	0	0.0	3367.7423704150133	1	0	tensor(3, device='cuda:0')	1.6386464462533405
268856.68966208014	2000.0	1511.0527083349184	0.0	0	0.0	3367.742370414955	1	0	tensor(3, device='cuda:0')	1.6386464462533552
269809.4250010053	2000.0	1558.3173694097889	0.0	0	0.0	3367.742370414955	1	0	tensor(3, device='cuda:0')	1.6386464462533552
271310.9412142836	2000.0	1056.8011561315357	0.0	0	0.0	3367.742370414955	1	0	tensor(3, device='cuda:0')	1.6386464462533552
271814.4921131794	500.0	1553.250257235697	0.0	0	0.0	3367.742370414955	1	0	tensor(3, device='cuda:0')	-1.133942275986426
272345.5989825293	500.0	2022.143387885893	0.0	0	0.0	3367.742370414955	1	0	tensor(3, device='cuda:0')	0.25235208513346463
272684.25082987	500.0	2683.491540545182	0.0	0	0.0	3367.742370414897	1	0	tensor(3, device='cuda:0')	0.25235208513347923
275211.8795956143	2000.0	1155.8627748009599	0.0	0	0.0	3367.742370414955	1	0	tensor(3, device='cuda:0')	0.2523520851334705
277321.995971876	2000.0	200.0	154.25360146075025	0	0.0	3521.9959718756727	1	0	tensor(3, device='cuda:0')	0.7048659337588409
277784.0211229646	300.0	788.2952364777801	50.32038756642697	0	0.0	3572.3163594420766	1	0	tensor(3, device='cuda:0')	-2.513495393722443
278157.4857004422	300.0	1414.8306590002073	0.0	0	0.0	3572.3163594420184	1	0	tensor(3, device='cuda:0')	-0.31445308343798173
278492.7305410581	300.0	2079.5858183842693	0.0	0	0.0	3572.3163594420184	1	0	tensor(3, device='cuda:0')	-0.31445308343798173
278750.7387788561	300.0	2821.5775805862204	0.0	0	0.0	3572.3163594420184	1	0	tensor(3, device='cuda:0')	-0.31445308343798173
280313.9352401109	2000.0	2258.381119331471	0.0	0	0.0	3572.3163594419602	1	0	tensor(3, device='cuda:0')	-0.3144530834379646
281973.2738373896	2000.0	1599.042522052805	0.0	0	0.0	3572.3163594419602	1	0	tensor(3, device='cuda:0')	1.5826669014479169
283091.8313289216	2000.0	1480.4850305207829	0.0	0	0.0	3572.3163594419602	1	0	tensor(3, device='cuda:0')	1.5826669014479169
283864.9558320594	2000.0	1707.3605273830344	0.0	0	0.0	3572.3163594419602	1	0	tensor(3, device='cuda:0')	1.5826669014479169
285009.7226956633	2000.0	1562.593663779148	0.0	0	0.0	3572.316359441902	1	0	tensor(3, device='cuda:0')	1.5826669014479204
286306.17796149396	2000.0	1266.138397948481	0.0	0	0.0	3572.316359441902	1	0	tensor(3, device='cuda:0')	1.5826669014479344
287507.9410955885	2000.0	1064.3752638539286	0.0	0	0.0	3572.316359441902	1	0	tensor(3, device='cuda:0')	1.5826669014479344
287979.14117114304	500.0	1593.1751882994117	0.0	0	0.0	3572.316359441902	1	0	tensor(3, device='cuda:0')	-1.189921820791847
288168.4837554076	300.0	2403.8326040348175	0.0	0	0.0	3572.316359441902	1	0	tensor(3, device='cuda:0')	-0.8252787072039379
289328.73435339687	2000.0	2243.582006045619	0.0	0	0.0	3572.3163594419602	1	0	tensor(3, device='cuda:0')	-0.3144530834379646
290617.4255819263	2000.0	1954.8907775162038	0.0	0	0.0	3572.3163594419602	1	0	tensor(3, device='cuda:0')	1.5826669014479169
291528.1441155829	2000.0	2044.1722438596478	0.0	0	0.0	3572.3163594420184	1	0	tensor(3, device='cuda:0')	1.5826669014478996
293175.88314983406	2000.0	1396.4332096085298	0.0	0	0.0	3572.3163594420184	1	0	tensor(3, device='cuda:0')	1.5826669014478996
294318.0617106351	2000.0	1254.2546488074486	0.0	0	0.0	3572.3163594419602	1	0	tensor(3, device='cuda:0')	1.5826669014479098
294840.7421955111	500.0	1731.5741639314035	0.0	0	0.0	3572.3163594419602	1	0	tensor(3, device='cuda:0')	-1.1899218207918638
295168.57941173844	300.0	2403.7369477041557	0.0	0	0.0	3572.3163594419602	1	0	tensor(3, device='cuda:0')	-0.8252787072039551
295523.8685685962	500.0	3048.447790846431	0.0	0	0.0	3572.3163594419602	1	0	tensor(3, device='cuda:0')	-0.3144530834379643
297517.33678256586	2000.0	2054.979576876748	0.0	0	0.0	3572.316359441902	1	0	tensor(3, device='cuda:0')	0.19637254032803675
299224.76974130154	2000.0	1347.5466181410586	0.0	0	0.0	3572.316359441902	1	0	tensor(3, device='cuda:0')	1.5826669014479344
299641.1277844362	500.0	1931.1885750064143	0.0	0	0.0	3572.316359441902	1	0	tensor(3, device='cuda:0')	-1.189921820791847
299911.29862722935	500.0	2661.0177322132367	0.0	0	0.0	3572.316359441902	1	0	tensor(3, device='cuda:0')	0.19637254032804377
300746.6407673334	2000.0	2825.6755921092076	0.0	0	0.0	3572.316359441902	1	0	tensor(3, device='cuda:0')	0.19637254032804385
301781.3832237638	2000.0	2790.9331356788466	0.0	0	0.0	3572.3163594419602	1	0	tensor(3, device='cuda:0')	1.5826669014479169
303497.8028543025	2000.0	2074.5135051400507	0.0	0	0.0	3572.3163594419602	1	0	tensor(3, device='cuda:0')	1.5826669014479169
304724.9123729862	2000.0	1847.4039864563595	0.0	0	0.0	3572.3163594420184	1	0	tensor(3, device='cuda:0')	1.5826669014478996
1.62	2.77	1.73	1.99	1.92	1.88	1.32	1.24	0.73	0.857	1.29	1.37	1.16	1.19	1.63	2.17	1.76	1.61	0.973	0.764	0.44	0.95	1.54	1.89	1.97	1.56	0.846	0.846	1.33	1.04	0.88	1.1	2.13	1.24	1.14	1.92	1.92	1.51	0.961	1.36	1.63	2.18	1.77	2.05	2.32	1.26	1.66	0.799	1.55	2.05	1.92	1.67	1.01	0.614	1.1	1.76	1.96	1.1	1.37	1.96	1.97	1.48	0.765	0.915	1.44	1.41	2.54	1.73	1.8	1.91	1.33	1.96	2.0	1.98	2.94	1.9	1.59	1.16	0.66	1.22	1.23	1.29	1.87	1.55	1.99	1.89	1.31	1.07	1.83	1.1	1.17	0.811	0.857	1.1	1.54	1.64	1.68	2.68	2.56	1.18	0.938	1.87	1.6	2.19	1.36	1.49	1.33	0.753	1.23	1.27	1.78	1.4	1.29	1.71	2.83	1.8	1.09	1.91	1.9	2.26	3.43	2.99	0.765	1.01	1.4	1.37	1.41	1.76	2.03	1.3	1.11	1.58	1.34	0.533	1.19	1.12	1.18	1.1	1.16	0.915	1.66	1.26	0.741	1.68	2.85	2.04	1.74	1.19	1.17	1.16	1.26	1.77	1.64	1.37	1.08	0.741	0.996	1.05	1.14	1.54	1.1	1.48	1.51	0.683	0.672	1.12	0.822	1.01	1.34	1.3	1.62	2.05	2.35	1.2	1.15	1.07	1.1	1.69	1.49	0.996	1.3	0.996	0.521	0.649	1.03	0.961	1.01	1.15	1.84	1.14	2.04	1.96	2.04	1.7	1.32	1.36	1.42	1.04	0.996	1.99	2.55	2.0	1.95	1.82	0.973	0.834	1.38	1.64	1.4	0.683	1.22	1.11	0.961	0.695	1.27	0.985	1.12	1.25	1.31	1.16	1.15	1.47	1.89	2.5	1.62	2.2	2.77	1.53	1.44	0.927	1.12	1.52	1.37	0.973	1.55	1.6	1.55	0.938	1.45	1.87	2.35	2.68	2.07	1.77	1.34	1.42	1.61	1.61	1.76	1.48	1.49	1.6	1.39	1.37	2.43	3.56	3.67	2.84	1.48	2.34	0.973	1.03	1.56	1.87	1.85	1.51	1.91	1.17	1.29	1.26	1.45	0.614	1.27	1.49	0.66	0.95	1.29	1.25	1.24	1.44	2.17	1.89	1.82	1.17	1.34	1.71	1.62	2.0	2.32	0.961	1.48	1.11	1.33	1.07	1.3	0.602	1.63	2.68	1.4	0.857	1.24	1.7	1.74	1.42	2.34
1969.0	1970.0	1971.0	1972.0	1973.0	1974.0	1975.0	1976.0	1977.0	1978.0	1979.0	1980.0	1981.0	1982.0	1983.0	1984.0	1985.0	1986.0	1987.0	1988.0	1989.0	1990.0	1991.0	1992.0	1993.0	1994.0	1995.0	1996.0	1997.0	1998.0	1999.0	2000.0	2000.0	2001.0	2002.0	2003.0	2004.0	2005.0	2006.0	2007.0	2008.0	2009.0	2010.0	2011.0	2012.0	2013.0	2014.0	2015.0	2016.0	2017.0	2018.0	2019.0	2020.0	2021.0	2022.0	2023.0	2024.0	2025.0	2026.0	2027.0	2028.0	2029.0	2030.0	2031.0	2032.0	2033.0	2034.0	2035.0	2036.0	2037.0	2038.0	2039.0	2040.0	2041.0	2042.0	2043.0	2044.0	2045.0	2046.0	2047.0	2048.0	2049.0	2050.0	2051.0	2052.0	2053.0	2054.0	2055.0	2056.0	2057.0	2058.0	2059.0	2060.0	2061.0	2062.0	2063.0	2064.0	2065.0	2066.0	2067.0	2068.0	2069.0	2070.0	2071.0	2072.0	2073.0	2074.0	2075.0	2076.0	2077.0	2078.0	2079.0	2080.0	2081.0	2082.0	2083.0	2084.0	2085.0	2086.0	2087.0	2088.0	2089.0	2090.0	2091.0	2092.0	2093.0	2094.0	2095.0	2096.0	2097.0	2098.0	2099.0	2100.0	2101.0	2102.0	2103.0	2104.0	2105.0	2106.0	2107.0	2108.0	2109.0	2110.0	2111.0	2112.0	2113.0	2114.0	2115.0	2116.0	2117.0	2118.0	2119.0	2120.0	2121.0	2122.0	2123.0	2124.0	2125.0	2126.0	2127.0	2128.0	2129.0	2130.0	2131.0	2132.0	2133.0	2134.0	2135.0	2136.0	2137.0	2138.0	2139.0	2140.0	2141.0	2142.0	2143.0	2144.0	2145.0	2146.0	2147.0	2148.0	2149.0	2150.0	2151.0	2152.0	2153.0	2154.0	2155.0	2156.0	2157.0	2158.0	2159.0	2160.0	2161.0	2162.0	2163.0	2164.0	2165.0	2166.0	2167.0	2168.0	2169.0	2170.0	2171.0	2172.0	2173.0	2174.0	2175.0	2176.0	2177.0	2178.0	2179.0	2180.0	2181.0	2182.0	2183.0	2184.0	2185.0	2186.0	2187.0	2188.0	2189.0	2190.0	2191.0	2192.0	2193.0	2194.0	2195.0	2196.0	2197.0	2198.0	2199.0	2200.0	2201.0	2202.0	2203.0	2204.0	2205.0	2206.0	2207.0	2208.0	2209.0	2210.0	2211.0	2212.0	2213.0	2214.0	2215.0	2216.0	2217.0	2218.0	2219.0	2220.0	2221.0	2222.0	2223.0	2224.0	2225.0	2226.0	2227.0	2228.0	2229.0	2230.0	2231.0	2232.0	2233.0	2234.0	2235.0	2236.0	2237.0	2238.0	2239.0	2240.0	2241.0	2242.0	2243.0	2244.0	2245.0	2246.0	2247.0	2248.0	2249.0	2250.0	2251.0	2252.0	2253.0	2254.0	2255.0	2256.0	2257.0	2258.0	2259.0	2260.0	2261.0	2262.0	2263.0	2264.0	2265.0	2266.0	2267.0	2268.0	2269.0	2270.0	2271.0	2272.0
3404.0
