8005.388387375974	1000.0	2000.0	101.34985221299074	0	0.0	5005.388387375974	1	0	tensor(6, device='cuda:0')	-10.664618041263594
8222.878429365208	3000.0	2760.7609538118422	0.0	0	0.0	4983.63938317705	1	0	tensor(4, device='cuda:0')	-0.09639128609662082
8687.206933776364	6000.0	3296.432449400688	0.0	0	0.0	4983.639383177052	1	0	tensor(3, device='cuda:0')	1.0495279287436936
9201.885582292965	6000.0	3781.753800884087	0.0	0	0.0	4983.639383177053	1	0	tensor(3, device='cuda:0')	1.9426751093036376
9773.48819058935	6000.0	4210.151192587702	0.0	0	0.0	4983.639383177053	1	0	tensor(3, device='cuda:0')	1.9426751093036372
10463.181740613338	6000.0	4520.457642563718	0.0	0	0.0	4983.639383177054	1	0	tensor(3, device='cuda:0')	1.9426751093036367
11200.0	6000.0	4783.639383177057	0.0	0	133.45303392492133	4983.639383177056	1	0	tensor(3, device='cuda:0')	1.9426751093036354
12200.0	6000.0	4783.6393831770565	0.0	0	564.4793110977589	4983.639383177055	1	0	tensor(3, device='cuda:0')	1.942675109303635
13200.0	6000.0	4783.639383177056	0.0	0	502.68108885414404	4983.639383177055	1	0	tensor(3, device='cuda:0')	1.9426751093036356
14200.0	6000.0	4783.639383177056	0.0	0	576.1097162837013	4983.639383177055	1	0	tensor(3, device='cuda:0')	1.9426751093036356
15200.0	6000.0	4783.6393831770565	0.0	0	613.2912669016823	4983.639383177055	1	0	tensor(3, device='cuda:0')	1.9426751093036356
16200.0	6000.0	4783.639383177056	0.0	0	555.0099043905229	4983.639383177055	1	0	tensor(3, device='cuda:0')	1.9426751093036356
17200.0	6000.0	4783.639383177054	0.0	0	249.83311883100396	4983.639383177051	1	0	tensor(3, device='cuda:0')	1.9426751093036387
18200.0	6000.0	4783.639383177058	0.0	0	188.75896020504297	4983.639383177055	1	0	tensor(3, device='cuda:0')	1.9426751093036363
19200.0	6000.0	4783.639383177055	0.0	0	132.24031314780586	4983.639383177051	1	0	tensor(3, device='cuda:0')	1.942675109303636
20200.0	6000.0	4783.639383177049	0.0	0	239.25723993668362	4983.639383177046	1	0	tensor(3, device='cuda:0')	1.9426751093036407
21200.0	6000.0	4783.639383177051	0.0	0	517.6657441896641	4983.639383177051	1	0	tensor(3, device='cuda:0')	1.942675109303641
22200.0	6000.0	4783.63938317705	0.0	0	487.8332518797979	4983.639383177051	1	0	tensor(3, device='cuda:0')	1.9426751093036387
23200.0	6000.0	4783.639383177054	0.0	0	483.4506530207036	4983.639383177051	1	0	tensor(3, device='cuda:0')	1.9426751093036387
24200.0	6000.0	4783.639383177052	0.0	0	263.3391005569283	4983.639383177055	1	0	tensor(3, device='cuda:0')	1.9426751093036356
25200.0	6000.0	4783.63938317705	0.0	0	135.96630082132106	4983.639383177055	1	0	tensor(3, device='cuda:0')	1.9426751093036356
26200.0	6000.0	4783.639383177051	0.0	0	482.7753595470349	4983.639383177055	1	0	tensor(3, device='cuda:0')	1.9426751093036356
27200.0	6000.0	4783.639383177054	0.0	0	461.54449602557725	4983.639383177055	1	0	tensor(3, device='cuda:0')	1.9426751093036356
28200.0	6000.0	4783.63938317706	0.0	0	525.3328007442069	4983.639383177055	1	0	tensor(3, device='cuda:0')	1.9426751093036356
29200.0	6000.0	4783.639383177059	0.0	0	534.3013240490654	4983.639383177055	1	0	tensor(3, device='cuda:0')	1.9426751093036356
30200.0	6000.0	4783.639383177061	0.0	0	379.2560822243722	4983.639383177055	1	0	tensor(3, device='cuda:0')	1.9426751093036356
31200.0	6000.0	4783.639383177062	0.0	0	603.4469624695048	4983.639383177055	1	0	tensor(3, device='cuda:0')	1.9426751093036356
32200.0	6000.0	4783.639383177064	0.0	0	455.7484899840674	4983.639383177055	1	0	tensor(3, device='cuda:0')	1.9426751093036356
33200.0	6000.0	4783.639383177066	0.0	0	341.49740509467665	4983.639383177051	1	0	tensor(3, device='cuda:0')	1.9426751093036363
34200.0	6000.0	4783.639383177073	0.0	0	208.6121724464465	4983.639383177058	1	0	tensor(3, device='cuda:0')	1.942675109303638
35200.0	6000.0	4783.639383177078	0.0	0	206.38095201137185	4983.639383177058	1	0	tensor(3, device='cuda:0')	1.9426751093036325
36200.0	6000.0	4783.639383177078	0.0	0	403.98635471963644	4983.639383177058	1	0	tensor(3, device='cuda:0')	1.9426751093036325
37200.0	6000.0	4783.6393831770765	0.0	0	27.324567907657183	4983.639383177055	1	0	tensor(3, device='cuda:0')	1.942675109303633
38594.94562121756	6000.0	4388.69376195951	0.0	0	0.0	4983.639383177062	1	0	tensor(3, device='cuda:0')	1.94267510930363
39272.33512452481	6000.0	4711.3042586522515	0.0	0	0.0	4983.639383177062	1	0	tensor(3, device='cuda:0')	1.94267510930363
40200.0	6000.0	4783.639383177063	0.0	0	271.3048684950845	4983.639383177069	1	0	tensor(3, device='cuda:0')	1.9426751093036247
41200.0	6000.0	4783.639383177064	0.0	0	554.7981974118302	4983.639383177069	1	0	tensor(3, device='cuda:0')	1.9426751093036247
42200.0	6000.0	4783.639383177066	0.0	0	336.5358119386947	4983.639383177069	1	0	tensor(3, device='cuda:0')	1.9426751093036247
43450.23097114659	6000.0	4533.408412030466	0.0	0	0.0	4983.639383177069	1	0	tensor(3, device='cuda:0')	1.9426751093036247
44203.7375206301	6000.0	4779.901862546955	0.0	0	0.0	4983.639383177069	1	0	tensor(3, device='cuda:0')	1.9426751093036247
45200.0	6000.0	4783.6393831770565	0.0	0	343.0834374872866	4983.639383177069	1	0	tensor(3, device='cuda:0')	1.9426751093036247
46200.0	6000.0	4783.639383177057	0.0	0	142.94448481126165	4983.639383177069	1	0	tensor(3, device='cuda:0')	1.9426751093036247
47200.0	6000.0	4783.639383177052	0.0	0	425.77044679798564	4983.639383177062	1	0	tensor(3, device='cuda:0')	1.94267510930363
48200.0	6000.0	4783.639383177051	0.0	0	455.68376442181034	4983.639383177062	1	0	tensor(3, device='cuda:0')	1.94267510930363
49200.0	6000.0	4783.639383177054	0.0	0	247.21980356250424	4983.639383177062	1	0	tensor(3, device='cuda:0')	1.94267510930363
50200.0	6000.0	4783.639383177053	0.0	0	606.912947439123	4983.639383177062	1	0	tensor(3, device='cuda:0')	1.94267510930363
51200.0	6000.0	4783.639383177066	0.0	0	195.7796079571708	4983.639383177069	1	0	tensor(3, device='cuda:0')	1.9426751093036247
52200.0	6000.0	4783.63938317706	0.0	0	205.6955920212131	4983.639383177069	1	0	tensor(3, device='cuda:0')	1.9426751093036247
53228.65190481298	6000.0	4754.987478364079	0.0	0	0.0	4983.639383177069	1	0	tensor(3, device='cuda:0')	1.9426751093036247
54200.0	6000.0	4783.639383177052	0.0	0	183.40351643893518	4983.639383177069	1	0	tensor(3, device='cuda:0')	1.9426751093036247
55200.0	6000.0	4783.639383177052	0.0	0	194.19349289755337	4983.639383177062	1	0	tensor(3, device='cuda:0')	1.94267510930363
56200.0	6000.0	4783.639383177054	0.0	0	348.7464924392116	4983.639383177062	1	0	tensor(3, device='cuda:0')	1.94267510930363
57200.0	6000.0	4783.639383177055	0.0	0	281.39257174868544	4983.639383177062	1	0	tensor(3, device='cuda:0')	1.94267510930363
58200.0	6000.0	4783.639383177046	0.0	0	574.0976940400797	4983.639383177062	1	0	tensor(3, device='cuda:0')	1.94267510930363
59200.0	6000.0	4783.639383177037	0.0	0	221.02649016254873	4983.639383177062	1	0	tensor(3, device='cuda:0')	1.94267510930363
60200.0	6000.0	4783.639383177041	0.0	0	271.0768090827187	4983.639383177062	1	0	tensor(3, device='cuda:0')	1.94267510930363
61200.0	6000.0	4783.639383177037	0.0	0	528.4718094006312	4983.639383177062	1	0	tensor(3, device='cuda:0')	1.94267510930363
62215.67134638007	6000.0	4767.968036796968	0.0	0	0.0	4983.639383177062	1	0	tensor(3, device='cuda:0')	1.94267510930363
63200.0	6000.0	4783.639383177038	0.0	0	298.6370410868767	4983.639383177062	1	0	tensor(3, device='cuda:0')	1.94267510930363
64200.0	6000.0	4783.639383177045	0.0	0	396.9082206859821	4983.639383177062	1	0	tensor(3, device='cuda:0')	1.94267510930363
65200.0	6000.0	4783.639383177049	0.0	0	454.7357560122109	4983.639383177062	1	0	tensor(3, device='cuda:0')	1.94267510930363
66200.0	6000.0	4783.639383177059	0.0	0	520.4156848302082	4983.6393831770765	1	0	tensor(3, device='cuda:0')	1.9426751093036243
67200.0	6000.0	4783.639383177056	0.0	0	480.83721662343305	4983.639383177069	1	0	tensor(3, device='cuda:0')	1.9426751093036234
68200.0	6000.0	4783.639383177054	0.0	0	422.3910815146519	4983.639383177069	1	0	tensor(3, device='cuda:0')	1.9426751093036208
69200.0	6000.0	4783.639383177044	0.0	0	341.3671285725286	4983.639383177047	1	0	tensor(3, device='cuda:0')	1.9426751093036356
70200.0	6000.0	4783.639383177036	0.0	0	32.20545317369397	4983.639383177033	1	0	tensor(3, device='cuda:0')	1.942675109303647
71200.0	6000.0	4783.639383177033	0.0	0	311.3001162301807	4983.63938317704	1	0	tensor(3, device='cuda:0')	1.942675109303647
72200.0	6000.0	4783.63938317702	0.0	0	118.41485385502165	4983.63938317704	1	0	tensor(3, device='cuda:0')	1.942675109303647
73200.0	6000.0	4783.639383177023	0.0	0	414.18339475443645	4983.63938317704	1	0	tensor(3, device='cuda:0')	1.942675109303647
74200.0	6000.0	4783.639383177024	0.0	0	339.04181501595303	4983.63938317704	1	0	tensor(3, device='cuda:0')	1.942675109303647
75200.0	6000.0	4783.63938317702	0.0	0	422.58277467316657	4983.63938317704	1	0	tensor(3, device='cuda:0')	1.942675109303647
76200.0	6000.0	4783.639383177039	0.0	0	220.58210054312076	4983.639383177026	1	0	tensor(3, device='cuda:0')	1.9426751093036587
77200.0	6000.0	4783.639383177034	0.0	0	119.77513550393633	4983.639383177026	1	0	tensor(3, device='cuda:0')	1.9426751093036587
78200.0	6000.0	4783.639383177051	0.0	0	18.73095477298193	4983.639383177026	1	0	tensor(3, device='cuda:0')	1.9426751093036587
79200.0	6000.0	4783.639383177051	0.0	0	71.25830814542132	4983.639383177026	1	0	tensor(3, device='cuda:0')	1.9426751093036587
80200.0	6000.0	4783.639383177045	0.0	0	395.5885594481515	4983.639383177026	1	0	tensor(3, device='cuda:0')	1.9426751093036587
81200.0	6000.0	4783.639383177048	0.0	0	63.78092937229667	4983.63938317704	1	0	tensor(3, device='cuda:0')	1.942675109303647
82351.82331064623	6000.0	4631.816072530809	0.0	0	0.0	4983.63938317704	1	0	tensor(3, device='cuda:0')	1.942675109303647
83200.0	6000.0	4783.63938317703	0.0	0	59.22850752269733	4983.63938317704	1	0	tensor(3, device='cuda:0')	1.942675109303647
84200.0	6000.0	4783.639383177025	0.0	0	330.74811493910966	4983.63938317704	1	0	tensor(3, device='cuda:0')	1.942675109303647
85200.0	6000.0	4783.639383177029	0.0	0	213.10013218685344	4983.63938317704	1	0	tensor(3, device='cuda:0')	1.942675109303647
86200.0	6000.0	4783.639383177037	0.0	0	275.80406073245103	4983.63938317704	1	0	tensor(3, device='cuda:0')	1.942675109303647
87200.0	6000.0	4783.639383177034	0.0	0	195.26000335656863	4983.639383177026	1	0	tensor(3, device='cuda:0')	1.9426751093036587
88200.0	6000.0	4783.639383177033	0.0	0	330.4110739551834	4983.639383177011	1	0	tensor(3, device='cuda:0')	1.9426751093036698
89200.0	6000.0	4783.639383177037	0.0	0	502.8434502096934	4983.639383177011	1	0	tensor(3, device='cuda:0')	1.9426751093036698
90200.0	6000.0	4783.639383177032	0.0	0	398.2942035069573	4983.639383177011	1	0	tensor(3, device='cuda:0')	1.9426751093036698
91200.0	6000.0	4783.639383177036	0.0	0	262.427367006705	4983.639383177011	1	0	tensor(3, device='cuda:0')	1.9426751093036698
92200.0	6000.0	4783.639383177045	0.0	0	386.7262260883872	4983.639383177026	1	0	tensor(3, device='cuda:0')	1.9426751093036587
93200.0	6000.0	4783.639383177034	0.0	0	110.18687398366455	4983.639383177011	1	0	tensor(3, device='cuda:0')	1.9426751093036698
94200.0	6000.0	4783.639383177022	0.0	0	472.4378333222412	4983.639383177011	1	0	tensor(3, device='cuda:0')	1.9426751093036698
95200.0	6000.0	4783.639383177029	0.0	0	671.8319814972201	4983.639383177011	1	0	tensor(3, device='cuda:0')	1.9426751093036698
96200.0	6000.0	4783.639383177018	0.0	0	395.7868546000973	4983.639383177011	1	0	tensor(3, device='cuda:0')	1.9426751093036698
97200.0	6000.0	4783.639383177019	0.0	0	84.9367881592334	4983.639383177011	1	0	tensor(3, device='cuda:0')	1.9426751093036698
98200.0	6000.0	4783.6393831770365	0.0	0	181.35477278944745	4983.639383177011	1	0	tensor(3, device='cuda:0')	1.9426751093036698
99875.1730876139	6000.0	4108.466295563132	0.0	0	0.0	4983.639383177011	1	0	tensor(3, device='cuda:0')	1.9426751093036698
100542.07827023066	6000.0	4441.561112946385	0.0	0	0.0	4983.639383177011	1	0	tensor(3, device='cuda:0')	1.9426751093036698
101200.0	6000.0	4783.6393831770465	0.0	0	43.01794132935174	4983.639383177011	1	0	tensor(3, device='cuda:0')	1.9426751093036698
102200.0	6000.0	4783.63938317706	0.0	0	523.5732793260249	4983.639383177011	1	0	tensor(3, device='cuda:0')	1.9426751093036698
103200.0	6000.0	4783.639383177058	0.0	0	407.67294524422323	4983.639383177011	1	0	tensor(3, device='cuda:0')	1.9426751093036698
104200.0	6000.0	4783.639383177055	0.0	0	653.0483930885093	4983.639383177011	1	0	tensor(3, device='cuda:0')	1.9426751093036698
105200.0	6000.0	4783.639383177063	0.0	0	711.076037660474	4983.639383177011	1	0	tensor(3, device='cuda:0')	1.9426751093036698
106200.0	6000.0	4783.639383177058	0.0	0	521.6991262319207	4983.639383177011	1	0	tensor(3, device='cuda:0')	1.9426751093036698
107200.0	6000.0	4783.639383177054	0.0	0	323.24477967925486	4983.639383177026	1	0	tensor(3, device='cuda:0')	1.9426751093036587
108200.0	6000.0	4783.639383177035	0.0	0	507.29639557091286	4983.639383177011	1	0	tensor(3, device='cuda:0')	1.9426751093036698
109200.0	6000.0	4783.639383177023	0.0	0	478.3812343739846	4983.639383177011	1	0	tensor(3, device='cuda:0')	1.9426751093036698
110200.0	6000.0	4783.639383177034	0.0	0	472.21739107691974	4983.639383177026	1	0	tensor(3, device='cuda:0')	1.9426751093036587
111200.0	6000.0	4783.639383177036	0.0	0	438.820859581916	4983.639383177026	1	0	tensor(3, device='cuda:0')	1.9426751093036587
112200.0	6000.0	4783.639383177035	0.0	0	286.7033811661531	4983.639383177026	1	0	tensor(3, device='cuda:0')	1.9426751093036587
113200.0	6000.0	4783.639383177038	0.0	0	381.52144413566566	4983.639383177026	1	0	tensor(3, device='cuda:0')	1.9426751093036587
114200.0	6000.0	4783.639383177059	0.0	0	247.93204396855435	4983.63938317704	1	0	tensor(3, device='cuda:0')	1.942675109303647
115200.0	6000.0	4783.639383177068	0.0	0	425.55713186108915	4983.63938317704	1	0	tensor(3, device='cuda:0')	1.942675109303647
116200.0	6000.0	4783.639383177081	0.0	0	338.44546872550563	4983.63938317704	1	0	tensor(3, device='cuda:0')	1.942675109303647
117200.0	6000.0	4783.639383177093	0.0	0	244.78882795879326	4983.639383177055	1	0	tensor(3, device='cuda:0')	1.9426751093036356
118200.0	6000.0	4783.639383177097	0.0	0	158.43775646660652	4983.639383177055	1	0	tensor(3, device='cuda:0')	1.9426751093036356
119200.0	6000.0	4783.639383177105	0.0	0	581.3745156607911	4983.639383177055	1	0	tensor(3, device='cuda:0')	1.9426751093036356
120200.0	6000.0	4783.639383177113	0.0	0	460.2087310822535	4983.63938317704	1	0	tensor(3, device='cuda:0')	1.942675109303647
121200.0	6000.0	4783.63938317711	0.0	0	513.1021664478903	4983.639383177026	1	0	tensor(3, device='cuda:0')	1.9426751093036587
122280.96398121663	6000.0	4702.675401960466	0.0	0	0.0	4983.639383177011	1	0	tensor(3, device='cuda:0')	1.9426751093036698
123551.93582951813	6000.0	4431.703553658984	0.0	0	0.0	4983.639383177026	1	0	tensor(3, device='cuda:0')	1.9426751093036587
124232.43079191627	6000.0	4751.208591260859	0.0	0	0.0	4983.639383177026	1	0	tensor(3, device='cuda:0')	1.9426751093036587
125200.0	6000.0	4783.639383177129	0.0	0	316.95135315573134	4983.639383177026	1	0	tensor(3, device='cuda:0')	1.9426751093036587
126200.0	6000.0	4783.639383177129	0.0	0	537.2577403711475	4983.63938317704	1	0	tensor(3, device='cuda:0')	1.942675109303647
127209.60411575873	6000.0	4774.035267418407	0.0	0	0.0	4983.63938317704	1	0	tensor(3, device='cuda:0')	1.942675109303647
128200.0	6000.0	4783.639383177139	0.0	0	296.31711738459126	4983.63938317704	1	0	tensor(3, device='cuda:0')	1.942675109303647
129200.0	6000.0	4783.639383177139	0.0	0	114.32461876650632	4983.63938317704	1	0	tensor(3, device='cuda:0')	1.942675109303647
130200.0	6000.0	4783.639383177151	0.0	0	155.97207585407887	4983.63938317704	1	0	tensor(3, device='cuda:0')	1.942675109303647
131200.0	6000.0	4783.639383177161	0.0	0	557.9727569883253	4983.63938317704	1	0	tensor(3, device='cuda:0')	1.942675109303647
132200.0	6000.0	4783.6393831771375	0.0	0	299.20414428660297	4983.639383177011	1	0	tensor(3, device='cuda:0')	1.9426751093036698
133200.0	6000.0	4783.639383177123	0.0	0	413.67059658953804	4983.639383177026	1	0	tensor(3, device='cuda:0')	1.94267510930367
134200.0	6000.0	4783.639383177091	0.0	0	215.09022449934855	4983.639383176982	1	0	tensor(3, device='cuda:0')	1.9426751093036838
135200.0	6000.0	4783.6393831770765	0.0	0	154.61692945842515	4983.639383176967	1	0	tensor(3, device='cuda:0')	1.9426751093036927
136200.0	6000.0	4783.639383177078	0.0	0	64.93234333378496	4983.639383176953	1	0	tensor(3, device='cuda:0')	1.942675109303706
137200.0	6000.0	4783.639383177074	0.0	0	60.83851765151485	4983.639383176924	1	0	tensor(3, device='cuda:0')	1.9426751093037378
138200.0	6000.0	4783.63938317709	0.0	0	199.65268592638313	4983.639383176924	1	0	tensor(3, device='cuda:0')	1.9426751093037378
139200.0	6000.0	4783.639383177071	0.0	0	462.3855550533044	4983.639383176895	1	0	tensor(3, device='cuda:0')	1.9426751093037602
140200.0	6000.0	4783.639383177037	0.0	0	620.3996598176891	4983.6393831768655	1	0	tensor(3, device='cuda:0')	1.9426751093037833
141200.0	6000.0	4783.6393831770165	0.0	0	478.13359569379827	4983.639383176895	1	0	tensor(3, device='cuda:0')	1.9426751093037602
142577.3580213009	6000.0	4406.281361876108	0.0	0	0.0	4983.639383176895	1	0	tensor(3, device='cuda:0')	1.9426751093037602
143463.31862026118	6000.0	4520.320762915833	0.0	0	0.0	4983.639383176895	1	0	tensor(3, device='cuda:0')	1.9426751093037602
144200.0	6000.0	4783.639383177012	0.0	0	325.82758768775966	4983.639383176895	1	0	tensor(3, device='cuda:0')	1.9426751093037602
145200.0	6000.0	4783.639383177046	0.0	0	526.4546606361982	4983.639383176895	1	0	tensor(3, device='cuda:0')	1.9426751093037602
146200.0	6000.0	4783.639383177077	0.0	0	484.76282283492037	4983.639383176924	1	0	tensor(3, device='cuda:0')	1.9426751093037378
147200.0	6000.0	4783.639383177074	0.0	0	203.05415359183098	4983.639383176895	1	0	tensor(3, device='cuda:0')	1.9426751093037602
148200.0	6000.0	4783.639383177099	0.0	0	199.37454923347104	4983.639383176895	1	0	tensor(3, device='cuda:0')	1.9426751093037602
149200.0	6000.0	4783.63938317706	0.0	0	390.81326848155004	4983.6393831768655	1	0	tensor(3, device='cuda:0')	1.9426751093037833
150200.0	6000.0	4783.639383177053	0.0	0	61.94295343873091	4983.6393831768655	1	0	tensor(3, device='cuda:0')	1.9426751093037833
151200.0	6000.0	4783.639383177062	0.0	0	218.59216842259048	4983.6393831768655	1	0	tensor(3, device='cuda:0')	1.9426751093037833
152200.0	6000.0	4783.639383177088	0.0	0	455.1721692015999	4983.6393831768655	1	0	tensor(3, device='cuda:0')	1.9426751093037833
153200.0	6000.0	4783.639383177086	0.0	0	477.0706292472023	4983.6393831768655	1	0	tensor(3, device='cuda:0')	1.9426751093037833
154200.0	6000.0	4783.639383177099	0.0	0	375.66958120209165	4983.6393831768655	1	0	tensor(3, device='cuda:0')	1.9426751093037833
155200.0	6000.0	4783.639383177109	0.0	0	240.01321132705198	4983.639383176895	1	0	tensor(3, device='cuda:0')	1.9426751093037602
156200.0	6000.0	4783.639383177101	0.0	0	52.481727574777324	4983.6393831768655	1	0	tensor(3, device='cuda:0')	1.9426751093037833
157200.0	6000.0	4783.63938317711	0.0	0	326.81455906515475	4983.6393831768655	1	0	tensor(3, device='cuda:0')	1.9426751093037833
158200.0	6000.0	4783.63938317709	0.0	0	283.8969497048238	4983.6393831768655	1	0	tensor(3, device='cuda:0')	1.9426751093037833
159200.0	6000.0	4783.639383177108	0.0	0	582.4435362441582	4983.639383176895	1	0	tensor(3, device='cuda:0')	1.9426751093037602
160200.0	6000.0	4783.639383177137	0.0	0	387.10521636827616	4983.639383176895	1	0	tensor(3, device='cuda:0')	1.9426751093037602
161200.0	6000.0	4783.639383177141	0.0	0	316.4290518334019	4983.639383176895	1	0	tensor(3, device='cuda:0')	1.9426751093037602
162200.0	6000.0	4783.639383177135	0.0	0	297.53278082824545	4983.639383176895	1	0	tensor(3, device='cuda:0')	1.9426751093037602
163200.0	6000.0	4783.639383177138	0.0	0	490.5307386088243	4983.639383176895	1	0	tensor(3, device='cuda:0')	1.9426751093037602
164200.0	6000.0	4783.639383177171	0.0	0	504.1076576989726	4983.639383176895	1	0	tensor(3, device='cuda:0')	1.9426751093037602
165200.27861494495	6000.0	4783.360768232188	0.0	0	0.0	4983.639383176895	1	0	tensor(3, device='cuda:0')	1.9426751093037602
166292.7047440087	6000.0	4690.934639168444	0.0	0	0.0	4983.6393831768655	1	0	tensor(3, device='cuda:0')	1.9426751093037833
167200.0	6000.0	4783.639383177163	0.0	0	66.6454234723933	4983.6393831768655	1	0	tensor(3, device='cuda:0')	1.9426751093037833
168200.0	6000.0	4783.639383177131	0.0	0	95.1351503226615	4983.6393831768655	1	0	tensor(3, device='cuda:0')	1.9426751093037833
169200.0	6000.0	4783.639383177133	0.0	0	565.4734391701932	4983.6393831768655	1	0	tensor(3, device='cuda:0')	1.9426751093037833
170200.0	6000.0	4783.639383177141	0.0	0	410.1529001847084	4983.639383176895	1	0	tensor(3, device='cuda:0')	1.9426751093037602
171200.0	6000.0	4783.639383177134	0.0	0	597.5746960235992	4983.639383176895	1	0	tensor(3, device='cuda:0')	1.9426751093037602
172200.0	6000.0	4783.639383177141	0.0	0	480.2994551236916	4983.639383176895	1	0	tensor(3, device='cuda:0')	1.9426751093037602
173200.0	6000.0	4783.6393831771575	0.0	0	495.57262321418966	4983.639383176895	1	0	tensor(3, device='cuda:0')	1.9426751093037602
174200.0	6000.0	4783.63938317713	0.0	0	560.6019367593399	4983.639383176924	1	0	tensor(3, device='cuda:0')	1.9426751093037378
175200.0	6000.0	4783.639383177106	0.0	0	430.50793053474627	4983.639383176924	1	0	tensor(3, device='cuda:0')	1.9426751093037378
176200.0	6000.0	4783.639383177066	0.0	0	12.665880726533942	4983.639383176924	1	0	tensor(3, device='cuda:0')	1.9426751093037378
177200.0	6000.0	4783.639383177056	0.0	0	29.32278959354153	4983.639383176924	1	0	tensor(3, device='cuda:0')	1.9426751093037378
178200.0	6000.0	4783.639383177084	0.0	0	269.08511500345776	4983.639383176953	1	0	tensor(3, device='cuda:0')	1.9426751093037156
179200.0	6000.0	4783.639383177076	0.0	0	337.4124991395511	4983.639383176953	1	0	tensor(3, device='cuda:0')	1.9426751093037156
180200.0	6000.0	4783.639383177096	0.0	0	520.7464330999646	4983.639383176953	1	0	tensor(3, device='cuda:0')	1.9426751093037156
181200.0	6000.0	4783.639383177063	0.0	0	264.0449708052911	4983.639383176953	1	0	tensor(3, device='cuda:0')	1.9426751093037156
182200.0	6000.0	4783.639383177039	0.0	0	274.5372406596143	4983.639383176953	1	0	tensor(3, device='cuda:0')	1.9426751093037156
183200.0	6000.0	4783.639383177066	0.0	0	456.31803995071095	4983.639383176982	1	0	tensor(3, device='cuda:0')	1.9426751093036927
184200.0	6000.0	4783.639383177067	0.0	0	451.16529293818166	4983.639383176982	1	0	tensor(3, device='cuda:0')	1.9426751093036927
185200.0	6000.0	4783.639383177063	0.0	0	525.1295937718824	4983.639383176982	1	0	tensor(3, device='cuda:0')	1.9426751093036927
186200.0	6000.0	4783.63938317702	0.0	0	413.4380757168401	4983.639383176982	1	0	tensor(3, device='cuda:0')	1.9426751093036927
187200.0	6000.0	4783.639383177028	0.0	0	83.10711923555937	4983.639383176982	1	0	tensor(3, device='cuda:0')	1.9426751093036927
188200.0	6000.0	4783.639383177049	0.0	0	358.336228660075	4983.639383176982	1	0	tensor(3, device='cuda:0')	1.9426751093036927
189200.0	6000.0	4783.639383177061	0.0	0	255.54014642053517	4983.639383177011	1	0	tensor(3, device='cuda:0')	1.9426751093036698
190200.0	6000.0	4783.639383177071	0.0	0	151.40898582097725	4983.63938317704	1	0	tensor(3, device='cuda:0')	1.942675109303647
191200.0	6000.0	4783.639383177049	0.0	0	315.00079914656817	4983.639383177011	1	0	tensor(3, device='cuda:0')	1.9426751093036698
192200.0	6000.0	4783.63938317702	0.0	0	291.74159064830747	4983.639383177011	1	0	tensor(3, device='cuda:0')	1.9426751093036698
193200.0	6000.0	4783.63938317706	0.0	0	532.9409072354028	4983.639383177011	1	0	tensor(3, device='cuda:0')	1.9426751093036698
194200.0	6000.0	4783.639383177078	0.0	0	435.8547299990605	4983.639383177011	1	0	tensor(3, device='cuda:0')	1.9426751093036698
195200.0	6000.0	4783.639383177083	0.0	0	418.1025011985621	4983.639383176982	1	0	tensor(3, device='cuda:0')	1.9426751093036927
196277.02171920612	6000.0	4706.617663970941	0.0	0	0.0	4983.639383176982	1	0	tensor(3, device='cuda:0')	1.9426751093036927
197429.330869662	6000.0	4554.308513515064	0.0	0	0.0	4983.639383176982	1	0	tensor(3, device='cuda:0')	1.9426751093036927
198266.5965666023	6000.0	4717.042816574754	0.0	0	0.0	4983.639383176982	1	0	tensor(3, device='cuda:0')	1.9426751093036927
199200.0	6000.0	4783.639383177041	0.0	0	338.84507444823976	4983.639383176982	1	0	tensor(3, device='cuda:0')	1.9426751093036927
200200.0	6000.0	4783.63938317704	0.0	0	443.72135610016994	4983.639383177011	1	0	tensor(3, device='cuda:0')	1.9426751093036698
201200.0	6000.0	4783.6393831770565	0.0	0	89.00472530140541	4983.639383177011	1	0	tensor(3, device='cuda:0')	1.9426751093036698
202200.0	6000.0	4783.639383177073	0.0	0	276.8624033879605	4983.639383177011	1	0	tensor(3, device='cuda:0')	1.9426751093036698
203200.0	6000.0	4783.6393831771165	0.0	0	184.30477793925093	4983.639383177011	1	0	tensor(3, device='cuda:0')	1.9426751093036698
204200.0	6000.0	4783.639383177118	0.0	0	514.2543244880217	4983.639383177011	1	0	tensor(3, device='cuda:0')	1.9426751093036698
205200.0	6000.0	4783.639383177118	0.0	0	435.5813636574894	4983.639383177011	1	0	tensor(3, device='cuda:0')	1.9426751093036698
206200.0	6000.0	4783.639383177147	0.0	0	315.85073541032034	4983.639383177011	1	0	tensor(3, device='cuda:0')	1.9426751093036698
207200.0	6000.0	4783.639383177105	0.0	0	407.9106839810265	4983.639383177011	1	0	tensor(3, device='cuda:0')	1.9426751093036698
208200.0	6000.0	4783.63938317711	0.0	0	491.59404345211806	4983.639383176982	1	0	tensor(3, device='cuda:0')	1.9426751093036927
209200.0	6000.0	4783.639383177117	0.0	0	365.98726681555854	4983.639383176982	1	0	tensor(3, device='cuda:0')	1.9426751093036927
210200.0	6000.0	4783.639383177123	0.0	0	327.66236453322927	4983.639383176982	1	0	tensor(3, device='cuda:0')	1.9426751093036927
211200.0	6000.0	4783.639383177108	0.0	0	224.27258135695593	4983.639383176982	1	0	tensor(3, device='cuda:0')	1.9426751093036927
212200.0	6000.0	4783.639383177133	0.0	0	352.2524748625292	4983.639383176982	1	0	tensor(3, device='cuda:0')	1.9426751093036927
213200.0	6000.0	4783.639383177117	0.0	0	256.85655457674875	4983.639383176953	1	0	tensor(3, device='cuda:0')	1.9426751093037156
214200.0	6000.0	4783.639383177103	0.0	0	239.79219057844603	4983.639383176953	1	0	tensor(3, device='cuda:0')	1.9426751093037156
215200.0	6000.0	4783.639383177122	0.0	0	198.8464170176885	4983.639383176953	1	0	tensor(3, device='cuda:0')	1.9426751093037156
216200.0	6000.0	4783.639383177109	0.0	0	567.9189770609082	4983.639383176953	1	0	tensor(3, device='cuda:0')	1.9426751093037156
217200.0	6000.0	4783.639383177087	0.0	0	683.8262120726286	4983.639383176953	1	0	tensor(3, device='cuda:0')	1.9426751093037156
218200.0	6000.0	4783.639383177059	0.0	0	642.9720044429996	4983.639383176953	1	0	tensor(3, device='cuda:0')	1.9426751093037156
219200.0	6000.0	4783.639383177057	0.0	0	566.1604213493993	4983.639383176953	1	0	tensor(3, device='cuda:0')	1.9426751093037156
220200.0	6000.0	4783.639383177023	0.0	0	455.73802343953867	4983.639383176953	1	0	tensor(3, device='cuda:0')	1.9426751093037156
221200.0	6000.0	4783.639383177081	0.0	0	335.83368773185066	4983.639383176953	1	0	tensor(3, device='cuda:0')	1.9426751093037156
222200.0	6000.0	4783.639383177053	0.0	0	344.8156478794117	4983.639383176924	1	0	tensor(3, device='cuda:0')	1.9426751093037378
223200.0	6000.0	4783.639383177071	0.0	0	490.6783419131825	4983.639383176924	1	0	tensor(3, device='cuda:0')	1.9426751093037378
224200.0	6000.0	4783.6393831770865	0.0	0	442.17259595310315	4983.639383176953	1	0	tensor(3, device='cuda:0')	1.9426751093037156
225200.0	6000.0	4783.639383177044	0.0	0	252.18275585214724	4983.639383176953	1	0	tensor(3, device='cuda:0')	1.9426751093037156
226200.0	6000.0	4783.63938317703	0.0	0	599.2875258573913	4983.639383176953	1	0	tensor(3, device='cuda:0')	1.9426751093037156
227200.0	6000.0	4783.639383177035	0.0	0	403.1753865647188	4983.639383176953	1	0	tensor(3, device='cuda:0')	1.9426751093037156
228200.0	6000.0	4783.63938317703	0.0	0	218.91177405789495	4983.639383176953	1	0	tensor(3, device='cuda:0')	1.9426751093037156
229200.0	6000.0	4783.639383176994	0.0	0	455.9826366297784	4983.639383176924	1	0	tensor(3, device='cuda:0')	1.9426751093037378
230200.0	6000.0	4783.639383177003	0.0	0	61.15940381429391	4983.639383176953	1	0	tensor(3, device='cuda:0')	1.9426751093037156
231357.1260507088	6000.0	4626.513332468224	0.0	0	0.0	4983.639383176953	1	0	tensor(3, device='cuda:0')	1.9426751093037156
232315.24259812047	6000.0	4668.396785056539	0.0	0	0.0	4983.639383176982	1	0	tensor(3, device='cuda:0')	1.9426751093036927
233227.03589268585	6000.0	4756.603490491179	0.0	0	0.0	4983.639383176982	1	0	tensor(3, device='cuda:0')	1.9426751093036927
234200.0	6000.0	4783.639383177044	0.0	0	85.26582293742104	4983.639383176982	1	0	tensor(3, device='cuda:0')	1.9426751093036927
235200.0	6000.0	4783.639383177051	0.0	0	196.439273266471	4983.639383176953	1	0	tensor(3, device='cuda:0')	1.9426751093037156
236200.0	6000.0	4783.6393831770165	0.0	0	217.59027993341442	4983.639383176953	1	0	tensor(3, device='cuda:0')	1.9426751093037156
237200.0	6000.0	4783.639383177043	0.0	0	367.18396569392644	4983.639383176953	1	0	tensor(3, device='cuda:0')	1.9426751093037156
238200.0	6000.0	4783.639383177062	0.0	0	340.8445046504203	4983.639383176982	1	0	tensor(3, device='cuda:0')	1.9426751093036927
239200.0	6000.0	4783.639383177046	0.0	0	487.7141411335324	4983.639383176982	1	0	tensor(3, device='cuda:0')	1.9426751093036927
240200.0	6000.0	4783.639383177043	0.0	0	451.5181810280774	4983.639383176982	1	0	tensor(3, device='cuda:0')	1.9426751093036927
241200.0	6000.0	4783.6393831770065	0.0	0	596.4028486230527	4983.639383176953	1	0	tensor(3, device='cuda:0')	1.9426751093037156
242200.0	6000.0	4783.639383177007	0.0	0	748.8164008471358	4983.639383176953	1	0	tensor(3, device='cuda:0')	1.9426751093037156
243200.0	6000.0	4783.639383176998	0.0	0	734.1898139970726	4983.639383176982	1	0	tensor(3, device='cuda:0')	1.9426751093036927
244200.0	6000.0	4783.639383177001	0.0	0	637.524362095719	4983.639383176982	1	0	tensor(3, device='cuda:0')	1.9426751093036927
245200.0	6000.0	4783.639383176975	0.0	0	484.1719681160175	4983.639383176982	1	0	tensor(3, device='cuda:0')	1.9426751093036927
246200.0	6000.0	4783.639383176945	0.0	0	191.05403345066588	4983.639383177011	1	0	tensor(3, device='cuda:0')	1.9426751093036698
247200.0	6000.0	4783.639383176918	0.0	0	63.60719184402842	4983.639383177011	1	0	tensor(3, device='cuda:0')	1.9426751093036698
248200.0	6000.0	4783.63938317694	0.0	0	431.0623341703031	4983.639383177011	1	0	tensor(3, device='cuda:0')	1.9426751093036698
249200.0	6000.0	4783.639383176934	0.0	0	273.82428241861635	4983.639383177011	1	0	tensor(3, device='cuda:0')	1.9426751093036698
250200.0	6000.0	4783.639383176943	0.0	0	430.3953039169719	4983.639383177011	1	0	tensor(3, device='cuda:0')	1.9426751093036698
251259.8527650206	6000.0	4723.786618156358	0.0	0	0.0	4983.639383177011	1	0	tensor(3, device='cuda:0')	1.9426751093036698
252200.0	6000.0	4783.639383176947	0.0	0	69.43255577079253	4983.639383177011	1	0	tensor(3, device='cuda:0')	1.9426751093036698
253200.0	6000.0	4783.639383176952	0.0	0	330.7521630609699	4983.639383177011	1	0	tensor(3, device='cuda:0')	1.9426751093036698
254200.0	6000.0	4783.639383176971	0.0	0	136.3914138583059	4983.639383177011	1	0	tensor(3, device='cuda:0')	1.9426751093036698
255200.0	6000.0	4783.639383176969	0.0	0	88.60418403349468	4983.639383176982	1	0	tensor(3, device='cuda:0')	1.9426751093036927
256200.0	6000.0	4783.639383176982	0.0	0	508.815157989884	4983.639383176982	1	0	tensor(3, device='cuda:0')	1.9426751093036927
257200.0	6000.0	4783.6393831769865	0.0	0	205.4955870292033	4983.639383177011	1	0	tensor(3, device='cuda:0')	1.9426751093036698
258200.0	6000.0	4783.639383176995	0.0	0	177.9904361286026	4983.639383177011	1	0	tensor(3, device='cuda:0')	1.9426751093036698
259200.0	6000.0	4783.639383176998	0.0	0	373.485016233637	4983.639383177011	1	0	tensor(3, device='cuda:0')	1.9426751093036698
260200.0	6000.0	4783.6393831769965	0.0	0	236.79786597649218	4983.639383176982	1	0	tensor(3, device='cuda:0')	1.9426751093036927
261417.57394432146	6000.0	4566.065438855575	0.0	0	0.0	4983.639383176982	1	0	tensor(3, device='cuda:0')	1.9426751093036927
262200.0	6000.0	4783.639383177035	0.0	0	189.44892170990352	4983.639383176953	1	0	tensor(3, device='cuda:0')	1.9426751093037156
263200.0	6000.0	4783.6393831770165	0.0	0	303.27628264017403	4983.639383176924	1	0	tensor(3, device='cuda:0')	1.9426751093037244
264393.60694896406	6000.0	4590.032434213023	0.0	0	0.0	4983.639383177011	1	0	tensor(3, device='cuda:0')	1.942675109303693
265200.0	6000.0	4783.639383177123	0.0	0	124.59839558822569	4983.639383177069	1	0	tensor(3, device='cuda:0')	1.942675109303638
266200.0	6000.0	4783.639383177078	0.0	0	344.81378909025807	4983.63938317704	1	0	tensor(3, device='cuda:0')	1.942675109303638
267200.0	6000.0	4783.639383177058	0.0	0	312.37878897466	4983.63938317704	1	0	tensor(3, device='cuda:0')	1.9426751093036652
268200.0	6000.0	4783.639383177092	0.0	0	297.0214666381362	4983.63938317704	1	0	tensor(3, device='cuda:0')	1.942675109303647
269200.0	6000.0	4783.639383177061	0.0	0	283.1736816818011	4983.63938317704	1	0	tensor(3, device='cuda:0')	1.942675109303647
270200.0	6000.0	4783.639383177091	0.0	0	496.0667687773239	4983.63938317704	1	0	tensor(3, device='cuda:0')	1.942675109303647
271200.0	6000.0	4783.639383177102	0.0	0	250.58484224334825	4983.63938317704	1	0	tensor(3, device='cuda:0')	1.942675109303647
272200.0	6000.0	4783.6393831770665	0.0	0	477.8435722697759	4983.639383177098	1	0	tensor(3, device='cuda:0')	1.9426751093036017
273200.0	6000.0	4783.639383177068	0.0	0	645.1928350377711	4983.639383177098	1	0	tensor(3, device='cuda:0')	1.9426751093036017
274200.0	6000.0	4783.639383177087	0.0	0	408.55090912419837	4983.639383177098	1	0	tensor(3, device='cuda:0')	1.9426751093036017
275200.0	6000.0	4783.639383177114	0.0	0	436.05947334418306	4983.639383177098	1	0	tensor(3, device='cuda:0')	1.9426751093036017
276200.0	6000.0	4783.6393831771275	0.0	0	649.2961597643443	4983.639383177098	1	0	tensor(3, device='cuda:0')	1.9426751093036017
277200.0	6000.0	4783.63938317717	0.0	0	498.4978331460734	4983.639383177157	1	0	tensor(3, device='cuda:0')	1.942675109303556
278200.0	6000.0	4783.639383177132	0.0	0	597.352690826403	4983.639383177098	1	0	tensor(3, device='cuda:0')	1.9426751093036017
279200.0	6000.0	4783.639383177179	0.0	0	466.3611769498675	4983.639383177157	1	0	tensor(3, device='cuda:0')	1.942675109303556
280200.0	6000.0	4783.639383177165	0.0	0	607.4720137938275	4983.639383177157	1	0	tensor(3, device='cuda:0')	1.942675109303556
281200.0	6000.0	4783.6393831772175	0.0	0	225.36001170816598	4983.639383177157	1	0	tensor(3, device='cuda:0')	1.942675109303556
282200.0	6000.0	4783.639383177283	0.0	0	476.5861624282552	4983.639383177157	1	0	tensor(3, device='cuda:0')	1.942675109303556
283200.0	6000.0	4783.639383177322	0.0	0	444.4849357092171	4983.639383177157	1	0	tensor(3, device='cuda:0')	1.942675109303556
284200.0	6000.0	4783.6393831773985	0.0	0	61.612778257986065	4983.639383177157	1	0	tensor(3, device='cuda:0')	1.942675109303556
285200.0	6000.0	4783.639383177457	0.0	0	530.2922970082727	4983.639383177215	1	0	tensor(3, device='cuda:0')	1.942675109303511
286200.0	6000.0	4783.6393831774485	0.0	0	379.94518086104654	4983.639383177215	1	0	tensor(3, device='cuda:0')	1.942675109303511
287200.0	6000.0	4783.639383177428	0.0	0	117.35023891099263	4983.639383177215	1	0	tensor(3, device='cuda:0')	1.942675109303511
288200.0	6000.0	4783.639383177432	0.0	0	299.44702191866236	4983.639383177215	1	0	tensor(3, device='cuda:0')	1.942675109303511
289200.0	6000.0	4783.639383177447	0.0	0	400.22218589362456	4983.639383177215	1	0	tensor(3, device='cuda:0')	1.942675109303511
290295.6747709431	6000.0	4687.96461223432	0.0	0	0.0	4983.639383177215	1	0	tensor(3, device='cuda:0')	1.942675109303511
291245.6515752442	6000.0	4737.987807933209	0.0	0	0.0	4983.639383177215	1	0	tensor(3, device='cuda:0')	1.942675109303511
292200.0	6000.0	4783.639383177417	0.0	0	319.01821711828234	4983.639383177215	1	0	tensor(3, device='cuda:0')	1.942675109303511
293200.0	6000.0	4783.639383177382	0.0	0	201.7200640355586	4983.639383177157	1	0	tensor(3, device='cuda:0')	1.942675109303556
294200.0	6000.0	4783.639383177418	0.0	0	362.4721383531578	4983.639383177157	1	0	tensor(3, device='cuda:0')	1.942675109303556
295200.0	6000.0	4783.639383177414	0.0	0	198.41130755655468	4983.639383177098	1	0	tensor(3, device='cuda:0')	1.9426751093036017
296200.0	6000.0	4783.639383177413	0.0	0	457.71492565463996	4983.639383177098	1	0	tensor(3, device='cuda:0')	1.9426751093036017
297200.0	6000.0	4783.6393831774385	0.0	0	373.1272689391626	4983.639383177098	1	0	tensor(3, device='cuda:0')	1.9426751093036017
298200.0	6000.0	4783.6393831774585	0.0	0	610.8439284929191	4983.639383177157	1	0	tensor(3, device='cuda:0')	1.942675109303556
299200.0	6000.0	4783.6393831774585	0.0	0	525.7175883564632	4983.639383177157	1	0	tensor(3, device='cuda:0')	1.942675109303556
300200.0	6000.0	4783.639383177484	0.0	0	164.2045023831306	4983.639383177157	1	0	tensor(3, device='cuda:0')	1.942675109303556
301200.0	6000.0	4783.639383177479	0.0	0	350.26365446997806	4983.639383177157	1	0	tensor(3, device='cuda:0')	1.942675109303556
302200.0	6000.0	4783.639383177405	0.0	0	322.4940886592376	4983.639383177157	1	0	tensor(3, device='cuda:0')	1.942675109303556
303200.0	6000.0	4783.639383177492	0.0	0	377.3027903669863	4983.639383177215	1	0	tensor(3, device='cuda:0')	1.942675109303511
15.4	13.6	8.02	11.1	12.2	15.7	17.1	17.7	10.1	8.95	7.92	6.21	12.2	13.7	9.74	8.21	8.51	11.6	12.4	12.1	14.7	14.0	12.1	11.5	9.11	10.9	5.58	7.87	6.95	4.19	7.19	10.6	12.5	8.61	5.51	6.86	9.11	6.27	10.3	11.0	8.84	13.2	8.6	6.78	5.17	7.21	9.28	11.5	10.2	12.1	10.1	9.59	10.9	8.84	6.83	7.44	11.3	14.8	16.4	12.5	9.74	5.99	6.68	8.19	10.1	9.99	11.8	10.4	7.85	8.12	8.39	9.02	5.07	5.4	8.47	9.5	9.19	8.97	7.8	10.2	9.67	11.0	9.78	8.95	7.19	9.71	15.8	13.3	8.72	7.37	4.63	4.91	8.22	10.6	13.6	17.7	21.6	15.1	10.7	13.8	9.67	10.6	10.5	7.53	8.79	8.86	14.3	13.5	8.21	8.31	11.4	12.3	16.8	7.85	4.26	6.72	11.6	13.1	6.17	8.06	8.53	6.22	11.7	10.4	11.1	7.74	9.97	7.48	8.43	7.82	8.93	15.3	13.1	6.0	5.17	11.4	16.8	11.6	6.96	7.31	11.1	6.52	8.48	8.56	12.3	13.4	11.3	7.77	8.72	8.64	13.4	11.2	11.2	9.75	12.5	18.3	9.82	5.62	7.56	7.44	11.3	10.5	12.3	10.6	14.4	12.1	11.2	5.07	7.59	8.73	11.8	10.9	7.46	7.99	9.66	13.0	10.4	9.93	6.54	11.9	10.7	9.72	7.19	9.97	12.9	15.5	9.52	6.19	6.36	6.34	8.21	9.35	6.44	9.34	9.95	10.4	13.8	12.2	9.85	15.4	12.6	8.16	9.3	11.7	11.1	8.07	10.2	11.1	17.8	19.9	12.4	12.7	10.7	8.17	10.8	10.5	8.78	13.0	14.8	9.45	13.2	8.55	5.98	4.95	6.85	8.2	8.39	5.53	8.91	11.1	10.8	8.22	14.1	21.1	21.4	18.4	12.9	10.8	7.09	9.27	12.0	9.99	6.22	8.9	9.34	9.45	8.4	10.6	9.61	7.84	13.2	8.35	5.09	8.42	9.58	5.87	7.36	12.8	12.0	11.9	10.7	13.7	6.83	12.9	15.9	15.3	12.5	13.7	12.7	17.2	14.0	16.5	8.68	12.3	15.7	6.78	10.1	9.74	7.27	9.83	9.59	3.73	6.31	11.5	9.95	11.5	9.12	16.3	9.73	14.0	17.2	8.99	9.51	11.4	12.4	13.6	8.91	9.79	9.42	9.33	9.0
988.0	989.0	990.0	991.0	992.0	993.0	994.0	995.0	996.0	997.0	998.0	999.0	1000.0	1001.0	1002.0	1003.0	1004.0	1005.0	1006.0	1007.0	1008.0	1009.0	1010.0	1011.0	1012.0	1013.0	1014.0	1015.0	1016.0	1017.0	1018.0	1019.0	1020.0	1021.0	1022.0	1023.0	1024.0	1025.0	1026.0	1027.0	1028.0	1029.0	1030.0	1031.0	1032.0	1033.0	1034.0	1035.0	1036.0	1037.0	1038.0	1039.0	1040.0	1041.0	1042.0	1043.0	1044.0	1045.0	1046.0	1047.0	1048.0	1049.0	1050.0	1051.0	1052.0	1053.0	1054.0	1055.0	1056.0	1057.0	1058.0	1059.0	1060.0	1061.0	1062.0	1063.0	1064.0	1065.0	1066.0	1067.0	1068.0	1069.0	1070.0	1071.0	1072.0	1073.0	1074.0	1075.0	1076.0	1077.0	1078.0	1079.0	1080.0	1081.0	1082.0	1083.0	1084.0	1085.0	1086.0	1087.0	1088.0	1089.0	1090.0	1091.0	1092.0	1093.0	1094.0	1095.0	1096.0	1097.0	1098.0	1099.0	1100.0	1101.0	1102.0	1103.0	1104.0	1105.0	1106.0	1107.0	1108.0	1109.0	1110.0	1111.0	1112.0	1113.0	1114.0	1115.0	1116.0	1117.0	1118.0	1119.0	1120.0	1121.0	1122.0	1123.0	1124.0	1125.0	1126.0	1127.0	1128.0	1129.0	1130.0	1131.0	1132.0	1133.0	1134.0	1135.0	1136.0	1137.0	1138.0	1139.0	1140.0	1141.0	1142.0	1143.0	1144.0	1145.0	1146.0	1147.0	1148.0	1149.0	1150.0	1151.0	1152.0	1153.0	1154.0	1155.0	1156.0	1157.0	1158.0	1159.0	1160.0	1161.0	1162.0	1163.0	1164.0	1165.0	1166.0	1167.0	1168.0	1169.0	1170.0	1171.0	1172.0	1173.0	1174.0	1175.0	1176.0	1177.0	1178.0	1179.0	1180.0	1181.0	1182.0	1183.0	1184.0	1185.0	1186.0	1187.0	1188.0	1189.0	1190.0	1191.0	1192.0	1193.0	1194.0	1195.0	1196.0	1197.0	1198.0	1199.0	1200.0	1201.0	1202.0	1203.0	1204.0	1205.0	1206.0	1207.0	1208.0	1209.0	1210.0	1211.0	1212.0	1213.0	1214.0	1215.0	1216.0	1217.0	1218.0	1219.0	1220.0	1221.0	1222.0	1223.0	1224.0	1225.0	1226.0	1227.0	1228.0	1229.0	1230.0	1231.0	1232.0	1233.0	1234.0	1235.0	1236.0	1237.0	1238.0	1239.0	1240.0	1241.0	1242.0	1243.0	1244.0	1245.0	1246.0	1247.0	1248.0	1249.0	1250.0	1251.0	1252.0	1253.0	1254.0	1255.0	1256.0	1257.0	1258.0	1259.0	1260.0	1261.0	1262.0	1263.0	1264.0	1265.0	1266.0	1267.0	1268.0	1269.0	1270.0	1271.0	1272.0	1273.0	1274.0	1275.0	1276.0	1277.0	1278.0	1279.0	1280.0	1281.0	1282.0	1283.0	1284.0	1285.0	1286.0	1287.0	1288.0
7844.0
