10836.61283009698	1000.0	2000.0	139.78093833502086	0	0.0	7836.612830096979	1	0	tensor(6, device='cuda:0')	-13.265285590193837
10949.935403408494	1000.0	2886.6774266884854	0.0	0	0.0	4836.612830096979	1	0	tensor(6, device='cuda:0')	-8.738346157584994
11653.996109455216	6000.0	3182.616720641761	0.0	0	0.0	4836.6128300969785	1	0	tensor(3, device='cuda:0')	0.261653842415005
12164.00992559334	6000.0	3672.602904503638	0.0	0	0.0	4836.612830096978	1	0	tensor(3, device='cuda:0')	2.0534133116430606
12536.941215220735	6000.0	4299.671614876245	0.0	0	0.0	4836.612830096979	1	0	tensor(3, device='cuda:0')	2.05341331164306
13200.0	6000.0	4636.612830096982	0.0	0	206.82906382758665	4836.612830096981	1	0	tensor(3, device='cuda:0')	2.053413311643059
14200.0	6000.0	4636.612830096982	0.0	0	387.1201798028469	4836.612830096983	1	0	tensor(3, device='cuda:0')	2.053413311643057
15200.0	6000.0	4636.612830096981	0.0	0	463.1727894686501	4836.612830096983	1	0	tensor(3, device='cuda:0')	2.053413311643057
16200.0	6000.0	4636.61283009698	0.0	0	569.0323934845837	4836.612830096983	1	0	tensor(3, device='cuda:0')	2.053413311643057
17200.0	6000.0	4636.612830096981	0.0	0	435.00486966047174	4836.612830096985	1	0	tensor(3, device='cuda:0')	2.0534133116430575
18200.0	6000.0	4636.612830096984	0.0	0	531.7508989272828	4836.612830096987	1	0	tensor(3, device='cuda:0')	2.0534133116430557
19200.0	6000.0	4636.612830096982	0.0	0	318.6393612339416	4836.612830096985	1	0	tensor(3, device='cuda:0')	2.0534133116430553
20200.0	6000.0	4636.612830096981	0.0	0	150.41184536629225	4836.612830096987	1	0	tensor(3, device='cuda:0')	2.0534133116430557
21200.0	6000.0	4636.612830096987	0.0	0	437.3877292661782	4836.61283009699	1	0	tensor(3, device='cuda:0')	2.053413311643052
22200.0	6000.0	4636.6128300969895	0.0	0	444.0262168913687	4836.61283009699	1	0	tensor(3, device='cuda:0')	2.0534133116430517
23200.0	6000.0	4636.612830096991	0.0	0	397.99576088192043	4836.612830096994	1	0	tensor(3, device='cuda:0')	2.0534133116430486
24200.0	6000.0	4636.612830096993	0.0	0	511.4743053244674	4836.612830096994	1	0	tensor(3, device='cuda:0')	2.0534133116430486
25200.0	6000.0	4636.612830096994	0.0	0	141.8891704929447	4836.612830096994	1	0	tensor(3, device='cuda:0')	2.0534133116430486
26200.0	6000.0	4636.612830096995	0.0	0	217.0221120629394	4836.612830096994	1	0	tensor(3, device='cuda:0')	2.0534133116430486
27200.0	6000.0	4636.612830096992	0.0	0	464.80116537034337	4836.612830096994	1	0	tensor(3, device='cuda:0')	2.0534133116430486
28200.0	6000.0	4636.612830096992	0.0	0	513.6195180754912	4836.61283009699	1	0	tensor(3, device='cuda:0')	2.0534133116430517
29200.0	6000.0	4636.612830096991	0.0	0	276.35553417009214	4836.61283009699	1	0	tensor(3, device='cuda:0')	2.0534133116430517
30200.0	6000.0	4636.612830096991	0.0	0	360.74168267393543	4836.612830096994	1	0	tensor(3, device='cuda:0')	2.0534133116430486
31200.0	6000.0	4636.612830096989	0.0	0	259.5578758442389	4836.61283009699	1	0	tensor(3, device='cuda:0')	2.0534133116430517
32200.0	6000.0	4636.612830096986	0.0	0	412.8552428667499	4836.61283009699	1	0	tensor(3, device='cuda:0')	2.0534133116430517
33200.0	6000.0	4636.612830096983	0.0	0	384.92214725826125	4836.61283009699	1	0	tensor(3, device='cuda:0')	2.0534133116430513
34200.0	6000.0	4636.612830096987	0.0	0	151.094157801017	4836.612830096998	1	0	tensor(3, device='cuda:0')	2.053413311643048
35200.0	6000.0	4636.61283009699	0.0	0	380.4296149482325	4836.612830097001	1	0	tensor(3, device='cuda:0')	2.053413311643044
36200.0	6000.0	4636.612830096994	0.0	0	538.0991329895405	4836.612830097001	1	0	tensor(3, device='cuda:0')	2.053413311643041
37200.0	6000.0	4636.612830096997	0.0	0	642.4772933584973	4836.612830097009	1	0	tensor(3, device='cuda:0')	2.0534133116430393
38200.0	6000.0	4636.612830097002	0.0	0	561.7038252136481	4836.612830097016	1	0	tensor(3, device='cuda:0')	2.0534133116430353
39200.0	6000.0	4636.612830096996	0.0	0	515.3310156778825	4836.612830097016	1	0	tensor(3, device='cuda:0')	2.0534133116430335
40200.0	6000.0	4636.612830096993	0.0	0	293.32163765930454	4836.612830097009	1	0	tensor(3, device='cuda:0')	2.0534133116430366
41200.0	6000.0	4636.612830096987	0.0	0	273.48556771224685	4836.612830097009	1	0	tensor(3, device='cuda:0')	2.0534133116430384
42200.0	6000.0	4636.612830096983	0.0	0	323.2033395489416	4836.612830097001	1	0	tensor(3, device='cuda:0')	2.0534133116430437
43200.0	6000.0	4636.612830096986	0.0	0	83.71526612785965	4836.612830097009	1	0	tensor(3, device='cuda:0')	2.0534133116430384
44200.0	6000.0	4636.612830096985	0.0	0	21.776958130802086	4836.612830097009	1	0	tensor(3, device='cuda:0')	2.0534133116430384
45200.0	6000.0	4636.612830096992	0.0	0	130.80385417457	4836.612830097016	1	0	tensor(3, device='cuda:0')	2.0534133116430335
46411.76772061733	6000.0	4424.845109479659	0.0	0	0.0	4836.612830097016	1	0	tensor(3, device='cuda:0')	2.0534133116430335
47642.59584196857	6000.0	4194.016988128428	0.0	0	0.0	4836.612830097023	1	0	tensor(3, device='cuda:0')	2.053413311643032
48200.0	6000.0	4636.612830097	0.0	0	82.97123914334952	4836.612830097016	1	0	tensor(3, device='cuda:0')	2.0534133116430335
49200.0	6000.0	4636.612830097	0.0	0	552.355314624474	4836.612830097023	1	0	tensor(3, device='cuda:0')	2.0534133116430304
50200.0	6000.0	4636.612830096998	0.0	0	466.02611052058637	4836.612830097023	1	0	tensor(3, device='cuda:0')	2.053413311643028
51200.0	6000.0	4636.612830096999	0.0	0	435.5303619605984	4836.612830097016	1	0	tensor(3, device='cuda:0')	2.0534133116430335
52200.0	6000.0	4636.612830097002	0.0	0	548.2003032737193	4836.612830097016	1	0	tensor(3, device='cuda:0')	2.0534133116430335
53200.0	6000.0	4636.6128300970095	0.0	0	485.8484672491686	4836.612830097016	1	0	tensor(3, device='cuda:0')	2.0534133116430335
54200.0	6000.0	4636.612830097004	0.0	0	302.4968054054989	4836.612830097023	1	0	tensor(3, device='cuda:0')	2.0534133116430304
55200.0	6000.0	4636.612830097001	0.0	0	507.02589699316013	4836.612830097023	1	0	tensor(3, device='cuda:0')	2.053413311643028
56200.0	6000.0	4636.6128300969995	0.0	0	342.915955747776	4836.612830097023	1	0	tensor(3, device='cuda:0')	2.053413311643028
57200.0	6000.0	4636.612830096995	0.0	0	487.8739393666401	4836.612830097023	1	0	tensor(3, device='cuda:0')	2.053413311643028
58200.0	6000.0	4636.612830096997	0.0	0	417.6181808104666	4836.612830097023	1	0	tensor(3, device='cuda:0')	2.053413311643028
59200.0	6000.0	4636.612830096993	0.0	0	577.3076669721922	4836.61283009703	1	0	tensor(3, device='cuda:0')	2.0534133116430224
60200.0	6000.0	4636.61283009699	0.0	0	312.8553860409156	4836.61283009703	1	0	tensor(3, device='cuda:0')	2.0534133116430224
61200.0	6000.0	4636.612830096993	0.0	0	156.74520704254246	4836.61283009703	1	0	tensor(3, device='cuda:0')	2.0534133116430224
62200.0	6000.0	4636.612830096997	0.0	0	371.0749056356872	4836.61283009703	1	0	tensor(3, device='cuda:0')	2.0534133116430224
63243.80259362506	6000.0	4592.8102364719325	0.0	0	0.0	4836.61283009703	1	0	tensor(3, device='cuda:0')	2.0534133116430224
64200.0	6000.0	4636.612830096995	0.0	0	338.8341253151011	4836.61283009703	1	0	tensor(3, device='cuda:0')	2.0534133116430224
65200.0	6000.0	4636.612830096993	0.0	0	301.17110888082243	4836.61283009703	1	0	tensor(3, device='cuda:0')	2.0534133116430224
66200.0	6000.0	4636.612830096981	0.0	0	121.98478189724847	4836.612830097016	1	0	tensor(3, device='cuda:0')	2.0534133116430238
67270.6580430702	6000.0	4565.954787026769	0.0	0	0.0	4836.612830097001	1	0	tensor(3, device='cuda:0')	2.0534133116430406
68200.0	6000.0	4636.612830096965	0.0	0	305.0773700064892	4836.612830096987	1	0	tensor(3, device='cuda:0')	2.05341331164305
69200.0	6000.0	4636.612830096968	0.0	0	57.4253292271751	4836.612830096987	1	0	tensor(3, device='cuda:0')	2.053413311643058
70200.0	6000.0	4636.612830096962	0.0	0	236.26549611828523	4836.612830096979	1	0	tensor(3, device='cuda:0')	2.053413311643058
71200.0	6000.0	4636.612830096961	0.0	0	485.5117042102793	4836.612830096987	1	0	tensor(3, device='cuda:0')	2.053413311643055
72200.0	6000.0	4636.612830096961	0.0	0	450.28149057955306	4836.612830097001	1	0	tensor(3, device='cuda:0')	2.0534133116430437
73200.0	6000.0	4636.612830096971	0.0	0	298.9375586445385	4836.612830097016	1	0	tensor(3, device='cuda:0')	2.0534133116430335
74200.0	6000.0	4636.612830096962	0.0	0	414.06324837653665	4836.612830097001	1	0	tensor(3, device='cuda:0')	2.0534133116430437
75273.14212962925	6000.0	4563.470700467718	0.0	0	0.0	4836.612830097016	1	0	tensor(3, device='cuda:0')	2.0534133116430335
76200.0	6000.0	4636.612830096964	0.0	0	146.30766362369468	4836.612830097001	1	0	tensor(3, device='cuda:0')	2.0534133116430437
77200.0	6000.0	4636.612830096966	0.0	0	328.31551809782104	4836.612830096987	1	0	tensor(3, device='cuda:0')	2.0534133116430504
78200.0	6000.0	4636.6128300969685	0.0	0	240.84669255865447	4836.612830096987	1	0	tensor(3, device='cuda:0')	2.053413311643055
79200.0	6000.0	4636.612830096981	0.0	0	358.39860664597654	4836.612830097001	1	0	tensor(3, device='cuda:0')	2.053413311643046
80200.0	6000.0	4636.612830096984	0.0	0	316.7845142149745	4836.612830097016	1	0	tensor(3, device='cuda:0')	2.0534133116430375
81200.0	6000.0	4636.61283009698	0.0	0	264.9073068068683	4836.612830097001	1	0	tensor(3, device='cuda:0')	2.0534133116430437
82200.0	6000.0	4636.612830096979	0.0	0	431.6694529674278	4836.612830097001	1	0	tensor(3, device='cuda:0')	2.0534133116430437
83200.0	6000.0	4636.612830096987	0.0	0	37.80212761940493	4836.612830097016	1	0	tensor(3, device='cuda:0')	2.0534133116430335
84200.0	6000.0	4636.6128300969685	0.0	0	199.17720609637036	4836.612830097016	1	0	tensor(3, device='cuda:0')	2.0534133116430335
85200.0	6000.0	4636.61283009697	0.0	0	212.85402560271905	4836.61283009703	1	0	tensor(3, device='cuda:0')	2.0534133116430224
86200.0	6000.0	4636.612830096962	0.0	0	438.33445265285263	4836.61283009703	1	0	tensor(3, device='cuda:0')	2.0534133116430224
87200.0	6000.0	4636.612830096961	0.0	0	438.4033977906365	4836.612830097016	1	0	tensor(3, device='cuda:0')	2.0534133116430335
88200.0	6000.0	4636.612830096942	0.0	0	381.7407714646688	4836.612830097001	1	0	tensor(3, device='cuda:0')	2.0534133116430398
89335.3114489143	6000.0	4501.301381182638	0.0	0	0.0	4836.612830097001	1	0	tensor(3, device='cuda:0')	2.0534133116430437
90200.0	6000.0	4636.612830096945	0.0	0	30.164756977494108	4836.612830097001	1	0	tensor(3, device='cuda:0')	2.0534133116430437
91200.0	6000.0	4636.612830096941	0.0	0	421.8552408684627	4836.612830097001	1	0	tensor(3, device='cuda:0')	2.0534133116430437
92200.0	6000.0	4636.612830096934	0.0	0	370.94970133648894	4836.612830096987	1	0	tensor(3, device='cuda:0')	2.0534133116430504
93200.0	6000.0	4636.61283009693	0.0	0	110.45029596389213	4836.612830096972	1	0	tensor(3, device='cuda:0')	2.0534133116430646
94200.0	6000.0	4636.61283009694	0.0	0	67.11349381056789	4836.612830096987	1	0	tensor(3, device='cuda:0')	2.053413311643055
95200.0	6000.0	4636.612830096936	0.0	0	359.5393057011097	4836.612830096987	1	0	tensor(3, device='cuda:0')	2.053413311643055
96200.0	6000.0	4636.612830096942	0.0	0	491.45947192114545	4836.612830096972	1	0	tensor(3, device='cuda:0')	2.0534133116430646
97200.0	6000.0	4636.612830096945	0.0	0	413.33629314442805	4836.612830096958	1	0	tensor(3, device='cuda:0')	2.0534133116430753
98200.0	6000.0	4636.612830096938	0.0	0	480.8278064864862	4836.612830096958	1	0	tensor(3, device='cuda:0')	2.0534133116430753
99200.0	6000.0	4636.6128300969385	0.0	0	216.5877062513173	4836.612830096972	1	0	tensor(3, device='cuda:0')	2.0534133116430646
100200.0	6000.0	4636.612830096941	0.0	0	345.10859074324253	4836.612830096958	1	0	tensor(3, device='cuda:0')	2.0534133116430753
101200.0	6000.0	4636.612830096944	0.0	0	404.67754659897764	4836.612830096958	1	0	tensor(3, device='cuda:0')	2.0534133116430753
102200.0	6000.0	4636.612830096939	0.0	0	256.3072094036179	4836.612830096958	1	0	tensor(3, device='cuda:0')	2.0534133116430753
103200.0	6000.0	4636.612830096945	0.0	0	194.08990987861762	4836.612830096958	1	0	tensor(3, device='cuda:0')	2.0534133116430753
104200.0	6000.0	4636.612830096953	0.0	0	208.38988008089655	4836.612830096958	1	0	tensor(3, device='cuda:0')	2.0534133116430753
105200.0	6000.0	4636.612830096956	0.0	0	370.47977083196747	4836.612830096958	1	0	tensor(3, device='cuda:0')	2.0534133116430753
106200.0	6000.0	4636.61283009697	0.0	0	334.00296694740246	4836.612830096958	1	0	tensor(3, device='cuda:0')	2.0534133116430753
107200.0	6000.0	4636.612830096973	0.0	0	341.3331149917649	4836.612830096958	1	0	tensor(3, device='cuda:0')	2.0534133116430753
108200.0	6000.0	4636.612830096971	0.0	0	642.1339737362432	4836.612830096943	1	0	tensor(3, device='cuda:0')	2.053413311643086
109200.0	6000.0	4636.612830096984	0.0	0	608.0416520959261	4836.612830096958	1	0	tensor(3, device='cuda:0')	2.0534133116430753
110200.0	6000.0	4636.612830097002	0.0	0	567.3878775251069	4836.612830096958	1	0	tensor(3, device='cuda:0')	2.0534133116430753
111200.0	6000.0	4636.612830096993	0.0	0	641.8204272240546	4836.612830096972	1	0	tensor(3, device='cuda:0')	2.0534133116430646
112200.0	6000.0	4636.612830096975	0.0	0	472.100689404906	4836.612830096972	1	0	tensor(3, device='cuda:0')	2.0534133116430646
113200.0	6000.0	4636.612830096967	0.0	0	555.9985278180247	4836.612830096972	1	0	tensor(3, device='cuda:0')	2.0534133116430646
114200.0	6000.0	4636.612830096965	0.0	0	537.6931020229968	4836.612830096972	1	0	tensor(3, device='cuda:0')	2.0534133116430646
115200.0	6000.0	4636.612830096969	0.0	0	379.8984572566551	4836.612830096972	1	0	tensor(3, device='cuda:0')	2.0534133116430646
116200.0	6000.0	4636.612830096959	0.0	0	242.0778660672513	4836.612830096972	1	0	tensor(3, device='cuda:0')	2.0534133116430646
117200.0	6000.0	4636.61283009697	0.0	0	306.9180248696066	4836.612830096958	1	0	tensor(3, device='cuda:0')	2.0534133116430753
118200.0	6000.0	4636.612830096969	0.0	0	263.44718279584777	4836.612830096943	1	0	tensor(3, device='cuda:0')	2.053413311643086
119200.0	6000.0	4636.61283009698	0.0	0	99.73057759989752	4836.612830096958	1	0	tensor(3, device='cuda:0')	2.0534133116430753
120200.0	6000.0	4636.612830096968	0.0	0	360.0576684790285	4836.612830096958	1	0	tensor(3, device='cuda:0')	2.0534133116430753
121200.0	6000.0	4636.612830096969	0.0	0	124.1144467544218	4836.612830096958	1	0	tensor(3, device='cuda:0')	2.0534133116430753
122200.0	6000.0	4636.612830096971	0.0	0	109.52783817100863	4836.612830096958	1	0	tensor(3, device='cuda:0')	2.0534133116430753
123200.0	6000.0	4636.612830096979	0.0	0	213.88783224998042	4836.612830096958	1	0	tensor(3, device='cuda:0')	2.0534133116430753
124200.0	6000.0	4636.612830096987	0.0	0	421.23542794662353	4836.612830096958	1	0	tensor(3, device='cuda:0')	2.0534133116430753
125200.0	6000.0	4636.612830097005	0.0	0	333.78975790047843	4836.612830096958	1	0	tensor(3, device='cuda:0')	2.0534133116430753
126200.0	6000.0	4636.61283009701	0.0	0	382.70517850248143	4836.612830096972	1	0	tensor(3, device='cuda:0')	2.0534133116430646
127200.0	6000.0	4636.612830096991	0.0	0	343.96890370767505	4836.612830096958	1	0	tensor(3, device='cuda:0')	2.0534133116430753
128200.0	6000.0	4636.612830096995	0.0	0	176.5814423548436	4836.612830096943	1	0	tensor(3, device='cuda:0')	2.053413311643086
129200.0	6000.0	4636.612830096995	0.0	0	184.78759154706495	4836.612830096943	1	0	tensor(3, device='cuda:0')	2.053413311643086
130200.0	6000.0	4636.612830097001	0.0	0	17.168092709223856	4836.612830096943	1	0	tensor(3, device='cuda:0')	2.053413311643086
131200.0	6000.0	4636.612830096993	0.0	0	343.12636182243295	4836.6128300969285	1	0	tensor(3, device='cuda:0')	2.053413311643088
132256.2586931576	6000.0	4580.3541369394	0.0	0	0.0	4836.612830096943	1	0	tensor(3, device='cuda:0')	2.0534133116430904
133200.0	6000.0	4636.612830097011	0.0	0	44.99739080466679	4836.612830096958	1	0	tensor(3, device='cuda:0')	2.053413311643071
134200.0	6000.0	4636.612830097017	0.0	0	241.00549084754311	4836.612830096972	1	0	tensor(3, device='cuda:0')	2.053413311643073
135200.0	6000.0	4636.612830097017	0.0	0	105.80087775344145	4836.612830096958	1	0	tensor(3, device='cuda:0')	2.0534133116430753
136200.0	6000.0	4636.612830097022	0.0	0	481.42730816602125	4836.612830096972	1	0	tensor(3, device='cuda:0')	2.0534133116430753
137200.0	6000.0	4636.61283009703	0.0	0	372.98847693545395	4836.612830096914	1	0	tensor(3, device='cuda:0')	2.053413311643099
138200.0	6000.0	4636.6128300970295	0.0	0	218.031664925511	4836.612830096914	1	0	tensor(3, device='cuda:0')	2.0534133116431077
139200.0	6000.0	4636.612830097076	0.0	0	427.52959313758765	4836.612830096943	1	0	tensor(3, device='cuda:0')	2.053413311643086
140200.0	6000.0	4636.612830097097	0.0	0	19.459227890969487	4836.612830096943	1	0	tensor(3, device='cuda:0')	2.053413311643086
141605.83158422922	6000.0	4230.781245867904	0.0	0	0.0	4836.612830096972	1	0	tensor(3, device='cuda:0')	2.0534133116430646
142701.24488724043	6000.0	4135.367942856699	0.0	0	0.0	4836.612830096972	1	0	tensor(3, device='cuda:0')	2.0534133116430646
143466.26945061248	6000.0	4370.343379484668	0.0	0	0.0	4836.612830096972	1	0	tensor(3, device='cuda:0')	2.0534133116430646
144200.0	6000.0	4636.612830097172	0.0	0	56.83172989921877	4836.612830096972	1	0	tensor(3, device='cuda:0')	2.0534133116430646
145210.5411739901	6000.0	4626.0716561070485	0.0	0	0.0	4836.612830097001	1	0	tensor(3, device='cuda:0')	2.0534133116430437
146261.37205432457	6000.0	4575.24077577257	0.0	0	0.0	4836.612830097001	1	0	tensor(3, device='cuda:0')	2.0534133116430437
147200.0	6000.0	4636.612830097136	0.0	0	183.26848804746987	4836.612830097001	1	0	tensor(3, device='cuda:0')	2.0534133116430437
148200.0	6000.0	4636.612830097119	0.0	0	333.7703050010896	4836.612830096972	1	0	tensor(3, device='cuda:0')	2.0534133116430646
149200.0	6000.0	4636.612830097123	0.0	0	396.69832525777747	4836.612830096972	1	0	tensor(3, device='cuda:0')	2.0534133116430646
150200.0	6000.0	4636.612830097141	0.0	0	169.4292021842266	4836.612830096972	1	0	tensor(3, device='cuda:0')	2.0534133116430646
151200.0	6000.0	4636.612830097155	0.0	0	273.96140395553084	4836.612830096972	1	0	tensor(3, device='cuda:0')	2.0534133116430646
152200.0	6000.0	4636.612830097156	0.0	0	166.5163749109779	4836.612830096972	1	0	tensor(3, device='cuda:0')	2.0534133116430646
153200.0	6000.0	4636.612830097142	0.0	0	261.5565028654528	4836.612830096943	1	0	tensor(3, device='cuda:0')	2.053413311643082
154200.0	6000.0	4636.612830097135	0.0	0	333.22403304991894	4836.612830096943	1	0	tensor(3, device='cuda:0')	2.053413311643086
155200.0	6000.0	4636.612830097111	0.0	0	488.1277562317264	4836.612830096914	1	0	tensor(3, device='cuda:0')	2.0534133116431077
156612.2182754999	6000.0	4224.3945545971965	0.0	0	0.0	4836.612830096914	1	0	tensor(3, device='cuda:0')	2.0534133116431077
157541.79036869336	6000.0	4294.8224614037545	0.0	0	0.0	4836.612830096943	1	0	tensor(3, device='cuda:0')	2.053413311643086
158200.0	6000.0	4636.612830097086	0.0	0	86.06608648752444	4836.612830096972	1	0	tensor(3, device='cuda:0')	2.0534133116430646
159200.0	6000.0	4636.612830097057	0.0	0	158.39842180465348	4836.612830096972	1	0	tensor(3, device='cuda:0')	2.0534133116430646
160200.0	6000.0	4636.6128300970495	0.0	0	177.57135591749102	4836.612830096972	1	0	tensor(3, device='cuda:0')	2.0534133116430646
161200.0	6000.0	4636.61283009705	0.0	0	183.9702342216042	4836.612830096972	1	0	tensor(3, device='cuda:0')	2.0534133116430646
162200.0	6000.0	4636.612830097025	0.0	0	425.8791070073494	4836.612830096914	1	0	tensor(3, device='cuda:0')	2.053413311643099
163200.0	6000.0	4636.612830097	0.0	0	204.15595597415813	4836.612830096943	1	0	tensor(3, device='cuda:0')	2.0534133116430904
164200.0	6000.0	4636.61283009702	0.0	0	281.09230466309236	4836.612830096943	1	0	tensor(3, device='cuda:0')	2.053413311643086
165283.48101900078	6000.0	4553.131811096249	0.0	0	0.0	4836.612830096943	1	0	tensor(3, device='cuda:0')	2.053413311643086
166200.0	6000.0	4636.612830097049	0.0	0	229.07785621110816	4836.612830096972	1	0	tensor(3, device='cuda:0')	2.0534133116430646
167200.0	6000.0	4636.61283009707	0.0	0	217.2056473431585	4836.612830096972	1	0	tensor(3, device='cuda:0')	2.0534133116430646
168228.88090274896	6000.0	4607.7319273481	0.0	0	0.0	4836.612830096943	1	0	tensor(3, device='cuda:0')	2.053413311643086
169200.0	6000.0	4636.612830097078	0.0	0	186.63859482391854	4836.612830096943	1	0	tensor(3, device='cuda:0')	2.053413311643086
170200.0	6000.0	4636.612830097088	0.0	0	592.2844223203429	4836.612830096972	1	0	tensor(3, device='cuda:0')	2.0534133116430646
171200.0	6000.0	4636.612830097082	0.0	0	480.11959666688927	4836.612830096972	1	0	tensor(3, device='cuda:0')	2.0534133116430646
172200.0	6000.0	4636.6128300970695	0.0	0	593.6980651903141	4836.612830096972	1	0	tensor(3, device='cuda:0')	2.0534133116430646
173200.0	6000.0	4636.612830097073	0.0	0	508.05855292317574	4836.612830096972	1	0	tensor(3, device='cuda:0')	2.0534133116430646
174200.0	6000.0	4636.612830097109	0.0	0	431.7180702885089	4836.612830097001	1	0	tensor(3, device='cuda:0')	2.0534133116430437
175200.0	6000.0	4636.612830097127	0.0	0	206.52630026676343	4836.612830097001	1	0	tensor(3, device='cuda:0')	2.0534133116430437
176200.0	6000.0	4636.612830097133	0.0	0	349.08250147738727	4836.612830097001	1	0	tensor(3, device='cuda:0')	2.0534133116430437
177200.0	6000.0	4636.612830097127	0.0	0	273.86534894478973	4836.612830097001	1	0	tensor(3, device='cuda:0')	2.0534133116430437
178200.0	6000.0	4636.612830097132	0.0	0	430.68845676016645	4836.612830097001	1	0	tensor(3, device='cuda:0')	2.0534133116430437
179200.0	6000.0	4636.612830097114	0.0	0	301.0443196479173	4836.612830096972	1	0	tensor(3, device='cuda:0')	2.0534133116430646
180200.0	6000.0	4636.612830097117	0.0	0	276.0746915876225	4836.612830096972	1	0	tensor(3, device='cuda:0')	2.0534133116430646
181200.0	6000.0	4636.612830097108	0.0	0	569.3919835720735	4836.612830096972	1	0	tensor(3, device='cuda:0')	2.0534133116430646
182200.0	6000.0	4636.612830097118	0.0	0	534.9117081729346	4836.612830097001	1	0	tensor(3, device='cuda:0')	2.0534133116430437
183200.0	6000.0	4636.612830097117	0.0	0	245.28826915868558	4836.61283009703	1	0	tensor(3, device='cuda:0')	2.0534133116430224
184200.0	6000.0	4636.612830097142	0.0	0	494.7826470260334	4836.61283009703	1	0	tensor(3, device='cuda:0')	2.0534133116430224
185200.0	6000.0	4636.612830097137	0.0	0	571.3952538286103	4836.61283009703	1	0	tensor(3, device='cuda:0')	2.0534133116430224
186200.0	6000.0	4636.612830097147	0.0	0	571.6668928892177	4836.61283009703	1	0	tensor(3, device='cuda:0')	2.0534133116430224
187200.0	6000.0	4636.612830097148	0.0	0	218.70915765801328	4836.61283009703	1	0	tensor(3, device='cuda:0')	2.0534133116430224
188200.0	6000.0	4636.612830097129	0.0	0	430.13801676168805	4836.612830097001	1	0	tensor(3, device='cuda:0')	2.0534133116430437
189200.0	6000.0	4636.612830097124	0.0	0	567.0179964561248	4836.612830097001	1	0	tensor(3, device='cuda:0')	2.0534133116430437
190200.0	6000.0	4636.612830097136	0.0	0	521.930302034365	4836.61283009703	1	0	tensor(3, device='cuda:0')	2.0534133116430224
191200.0	6000.0	4636.612830097132	0.0	0	422.5823424763803	4836.61283009703	1	0	tensor(3, device='cuda:0')	2.0534133116430224
192200.0	6000.0	4636.612830097109	0.0	0	408.7365755336941	4836.612830097001	1	0	tensor(3, device='cuda:0')	2.0534133116430437
193200.0	6000.0	4636.612830097102	0.0	0	316.38963143515866	4836.612830097001	1	0	tensor(3, device='cuda:0')	2.0534133116430437
194200.0	6000.0	4636.612830097101	0.0	0	360.8254328397452	4836.612830097001	1	0	tensor(3, device='cuda:0')	2.0534133116430437
195200.0	6000.0	4636.612830097109	0.0	0	443.56851732573705	4836.61283009703	1	0	tensor(3, device='cuda:0')	2.0534133116430224
196200.0	6000.0	4636.61283009711	0.0	0	54.47512282829848	4836.61283009703	1	0	tensor(3, device='cuda:0')	2.0534133116430224
197200.0	6000.0	4636.612830097103	0.0	0	320.2790853266779	4836.61283009703	1	0	tensor(3, device='cuda:0')	2.0534133116430224
198200.0	6000.0	4636.612830097123	0.0	0	46.19754452610505	4836.61283009703	1	0	tensor(3, device='cuda:0')	2.0534133116430224
199200.0	6000.0	4636.612830097113	0.0	0	20.98897431869409	4836.61283009703	1	0	tensor(3, device='cuda:0')	2.0534133116430224
200200.0	6000.0	4636.6128300970895	0.0	0	307.5865769345837	4836.61283009703	1	0	tensor(3, device='cuda:0')	2.0534133116430224
201212.94085395252	6000.0	4623.671976144571	0.0	0	0.0	4836.61283009703	1	0	tensor(3, device='cuda:0')	2.0534133116430224
202200.0	6000.0	4636.612830097097	0.0	0	449.21868239168543	4836.6128300970595	1	0	tensor(3, device='cuda:0')	2.0534133116430016
203200.0	6000.0	4636.612830097116	0.0	0	562.7193796107022	4836.6128300970595	1	0	tensor(3, device='cuda:0')	2.0534133116430016
204200.0	6000.0	4636.612830097127	0.0	0	398.2205452390772	4836.612830097089	1	0	tensor(3, device='cuda:0')	2.0534133116429802
205200.0	6000.0	4636.61283009711	0.0	0	274.31992978128255	4836.612830097089	1	0	tensor(3, device='cuda:0')	2.0534133116429802
206200.0	6000.0	4636.612830097092	0.0	0	453.64801491683465	4836.6128300970595	1	0	tensor(3, device='cuda:0')	2.0534133116430016
207200.0	6000.0	4636.612830097145	0.0	0	289.6479743636737	4836.612830097089	1	0	tensor(3, device='cuda:0')	2.0534133116429802
208200.0	6000.0	4636.612830097143	0.0	0	239.93620013521286	4836.612830097089	1	0	tensor(3, device='cuda:0')	2.0534133116429802
209200.0	6000.0	4636.612830097138	0.0	0	450.3470270711987	4836.612830097089	1	0	tensor(3, device='cuda:0')	2.0534133116429802
210200.0	6000.0	4636.61283009713	0.0	0	382.39069581835065	4836.6128300970595	1	0	tensor(3, device='cuda:0')	2.0534133116430016
211200.0	6000.0	4636.612830097128	0.0	0	535.7185073553119	4836.6128300970595	1	0	tensor(3, device='cuda:0')	2.0534133116430016
212200.0	6000.0	4636.612830097128	0.0	0	512.1540934702498	4836.6128300970595	1	0	tensor(3, device='cuda:0')	2.0534133116430016
213200.0	6000.0	4636.6128300971	0.0	0	366.97583578244667	4836.61283009703	1	0	tensor(3, device='cuda:0')	2.0534133116430224
214200.0	6000.0	4636.612830097118	0.0	0	379.98006785311736	4836.61283009703	1	0	tensor(3, device='cuda:0')	2.0534133116430224
215200.0	6000.0	4636.612830097116	0.0	0	364.2360363228072	4836.61283009703	1	0	tensor(3, device='cuda:0')	2.0534133116430224
216200.0	6000.0	4636.612830097138	0.0	0	268.19977031392045	4836.61283009703	1	0	tensor(3, device='cuda:0')	2.0534133116430224
217200.0	6000.0	4636.612830097123	0.0	0	248.20079654245637	4836.61283009703	1	0	tensor(3, device='cuda:0')	2.0534133116430224
218205.09283770467	6000.0	4631.519992392427	0.0	0	0.0	4836.61283009703	1	0	tensor(3, device='cuda:0')	2.0534133116430224
219200.0	6000.0	4636.612830097091	0.0	0	209.16771042521577	4836.61283009703	1	0	tensor(3, device='cuda:0')	2.0534133116430224
220200.0	6000.0	4636.612830097109	0.0	0	305.3882720047841	4836.61283009703	1	0	tensor(3, device='cuda:0')	2.0534133116430224
221200.0	6000.0	4636.612830097113	0.0	0	38.837182547315024	4836.6128300970595	1	0	tensor(3, device='cuda:0')	2.0534133116430016
222655.0051067954	6000.0	4181.607723301725	0.0	0	0.0	4836.6128300970595	1	0	tensor(3, device='cuda:0')	2.0534133116430016
223528.5770739871	6000.0	4308.035756109977	0.0	0	0.0	4836.612830097089	1	0	tensor(3, device='cuda:0')	2.0534133116429802
224507.4612806803	6000.0	4329.151549416774	0.0	0	0.0	4836.612830097089	1	0	tensor(3, device='cuda:0')	2.0534133116429802
225665.52865611945	6000.0	4171.08417397758	0.0	0	0.0	4836.6128300970595	1	0	tensor(3, device='cuda:0')	2.0534133116430016
226319.93609905467	6000.0	4516.676731042359	0.0	0	0.0	4836.6128300970595	1	0	tensor(3, device='cuda:0')	2.0534133116430016
227200.0	6000.0	4636.612830097026	0.0	0	425.1157435394998	4836.6128300970595	1	0	tensor(3, device='cuda:0')	2.0534133116430016
228200.0	6000.0	4636.612830097025	0.0	0	574.1316121871641	4836.6128300970595	1	0	tensor(3, device='cuda:0')	2.0534133116430016
229200.0	6000.0	4636.612830097037	0.0	0	301.29318318571313	4836.6128300970595	1	0	tensor(3, device='cuda:0')	2.0534133116430016
230200.0	6000.0	4636.612830097073	0.0	0	260.50440361580695	4836.6128300970595	1	0	tensor(3, device='cuda:0')	2.0534133116430016
231200.0	6000.0	4636.612830097091	0.0	0	348.35914090587175	4836.612830097089	1	0	tensor(3, device='cuda:0')	2.0534133116429802
232200.0	6000.0	4636.6128300970895	0.0	0	306.11245955570485	4836.612830097118	1	0	tensor(3, device='cuda:0')	2.0534133116429594
233200.0	6000.0	4636.612830097096	0.0	0	333.23776390004787	4836.612830097118	1	0	tensor(3, device='cuda:0')	2.0534133116429594
234200.0	6000.0	4636.61283009711	0.0	0	537.3805721651006	4836.612830097118	1	0	tensor(3, device='cuda:0')	2.0534133116429594
235200.0	6000.0	4636.612830097108	0.0	0	495.33093907884904	4836.612830097118	1	0	tensor(3, device='cuda:0')	2.0534133116429594
236200.0	6000.0	4636.61283009715	0.0	0	475.28138065640815	4836.612830097118	1	0	tensor(3, device='cuda:0')	2.0534133116429594
237200.0	6000.0	4636.612830097142	0.0	0	297.264020802686	4836.612830097118	1	0	tensor(3, device='cuda:0')	2.0534133116429594
238200.0	6000.0	4636.612830097136	0.0	0	368.5228528227017	4836.612830097089	1	0	tensor(3, device='cuda:0')	2.0534133116429802
239200.0	6000.0	4636.612830097109	0.0	0	289.74076483325916	4836.612830097118	1	0	tensor(3, device='cuda:0')	2.0534133116429594
240200.0	6000.0	4636.612830097091	0.0	0	433.18733304471243	4836.612830097118	1	0	tensor(3, device='cuda:0')	2.0534133116429594
241200.0	6000.0	4636.6128300971	0.0	0	491.4052736283047	4836.612830097118	1	0	tensor(3, device='cuda:0')	2.0534133116429594
242200.0	6000.0	4636.612830097081	0.0	0	410.6756170707231	4836.612830097118	1	0	tensor(3, device='cuda:0')	2.0534133116429594
243200.0	6000.0	4636.612830097108	0.0	0	662.4821840203658	4836.612830097118	1	0	tensor(3, device='cuda:0')	2.0534133116429594
244200.0	6000.0	4636.612830097132	0.0	0	252.56340209714836	4836.612830097118	1	0	tensor(3, device='cuda:0')	2.0534133116429594
245200.0	6000.0	4636.6128300971195	0.0	0	11.32159276958555	4836.612830097118	1	0	tensor(3, device='cuda:0')	2.0534133116429594
246200.0	6000.0	4636.612830097105	0.0	0	383.12888953470974	4836.612830097118	1	0	tensor(3, device='cuda:0')	2.0534133116429594
247200.0	6000.0	4636.612830097113	0.0	0	423.11517147527775	4836.612830097118	1	0	tensor(3, device='cuda:0')	2.0534133116429594
248200.0	6000.0	4636.61283009713	0.0	0	161.70647769444622	4836.612830097118	1	0	tensor(3, device='cuda:0')	2.0534133116429594
249253.43019480264	6000.0	4583.182635294501	0.0	0	0.0	4836.612830097147	1	0	tensor(3, device='cuda:0')	2.053413311642938
250200.0	6000.0	4636.612830097134	0.0	0	259.970855345804	4836.612830097147	1	0	tensor(3, device='cuda:0')	2.053413311642938
251200.0	6000.0	4636.6128300971295	0.0	0	535.9620881310548	4836.612830097147	1	0	tensor(3, device='cuda:0')	2.053413311642938
252200.0	6000.0	4636.61283009712	0.0	0	429.7528473988059	4836.612830097176	1	0	tensor(3, device='cuda:0')	2.053413311642917
253200.0	6000.0	4636.612830097129	0.0	0	212.61524553233176	4836.612830097176	1	0	tensor(3, device='cuda:0')	2.053413311642917
254200.0	6000.0	4636.6128300971295	0.0	0	225.1951838702953	4836.612830097176	1	0	tensor(3, device='cuda:0')	2.053413311642917
255200.0	6000.0	4636.612830097115	0.0	0	310.1050160933228	4836.612830097176	1	0	tensor(3, device='cuda:0')	2.053413311642917
256200.0	6000.0	4636.612830097091	0.0	0	355.58844257635064	4836.612830097176	1	0	tensor(3, device='cuda:0')	2.053413311642917
257200.0	6000.0	4636.612830097088	0.0	0	46.60434754312155	4836.612830097176	1	0	tensor(3, device='cuda:0')	2.053413311642917
258200.0	6000.0	4636.612830097071	0.0	0	223.52876167351496	4836.612830097147	1	0	tensor(3, device='cuda:0')	2.053413311642938
259200.0	6000.0	4636.612830097044	0.0	0	596.5684459599433	4836.612830097147	1	0	tensor(3, device='cuda:0')	2.053413311642938
260200.0	6000.0	4636.612830097043	0.0	0	533.9528039300931	4836.612830097147	1	0	tensor(3, device='cuda:0')	2.053413311642938
261200.0	6000.0	4636.612830097047	0.0	0	538.6053710400884	4836.612830097147	1	0	tensor(3, device='cuda:0')	2.053413311642938
262203.6702424917	6000.0	4632.9425876053565	0.0	0	0.0	4836.612830097147	1	0	tensor(3, device='cuda:0')	2.053413311642938
263200.0	6000.0	4636.612830097051	0.0	0	225.81536368478555	4836.612830097089	1	0	tensor(3, device='cuda:0')	2.0534133116429674
264200.0	6000.0	4636.612830097067	0.0	0	259.6386541481479	4836.612830097118	1	0	tensor(3, device='cuda:0')	2.053413311642964
265200.0	6000.0	4636.612830097058	0.0	0	274.38742861209903	4836.612830097118	1	0	tensor(3, device='cuda:0')	2.053413311642942
266200.0	6000.0	4636.612830097022	0.0	0	516.9295634650625	4836.6128300970595	1	0	tensor(3, device='cuda:0')	2.0534133116429847
267200.0	6000.0	4636.612830097006	0.0	0	575.5047738085268	4836.612830097089	1	0	tensor(3, device='cuda:0')	2.0534133116429887
268200.0	6000.0	4636.612830096963	0.0	0	429.7047312799841	4836.612830097089	1	0	tensor(3, device='cuda:0')	2.0534133116429802
269200.0	6000.0	4636.612830097012	0.0	0	409.3918526060297	4836.612830097147	1	0	tensor(3, device='cuda:0')	2.053413311642955
270200.0	6000.0	4636.6128300970195	0.0	0	136.76803020492662	4836.612830097205	1	0	tensor(3, device='cuda:0')	2.053413311642896
271200.0	6000.0	4636.612830096955	0.0	0	249.10561587649863	4836.612830097147	1	0	tensor(3, device='cuda:0')	2.053413311642938
272200.0	6000.0	4636.612830096967	0.0	0	360.1122130607255	4836.612830097205	1	0	tensor(3, device='cuda:0')	2.053413311642896
273200.0	6000.0	4636.61283009697	0.0	0	440.4576586956973	4836.612830097147	1	0	tensor(3, device='cuda:0')	2.053413311642921
274200.0	6000.0	4636.612830096948	0.0	0	315.1770292292931	4836.612830097147	1	0	tensor(3, device='cuda:0')	2.053413311642938
275200.0	6000.0	4636.612830096965	0.0	0	400.43193019367754	4836.612830097147	1	0	tensor(3, device='cuda:0')	2.053413311642938
276200.0	6000.0	4636.612830096972	0.0	0	278.1536485530087	4836.612830097147	1	0	tensor(3, device='cuda:0')	2.053413311642938
277200.0	6000.0	4636.612830096986	0.0	0	472.31751117878594	4836.612830097205	1	0	tensor(3, device='cuda:0')	2.0534133116429127
278200.0	6000.0	4636.612830097024	0.0	0	497.7418529957067	4836.612830097205	1	0	tensor(3, device='cuda:0')	2.053413311642896
279200.0	6000.0	4636.61283009703	0.0	0	544.8276357713039	4836.612830097205	1	0	tensor(3, device='cuda:0')	2.053413311642896
280200.0	6000.0	4636.612830097046	0.0	0	617.2326637557708	4836.612830097205	1	0	tensor(3, device='cuda:0')	2.053413311642896
281200.0	6000.0	4636.612830097062	0.0	0	232.67823258746648	4836.612830097205	1	0	tensor(3, device='cuda:0')	2.053413311642896
282227.31554080336	6000.0	4609.297289293642	0.0	0	0.0	4836.612830097205	1	0	tensor(3, device='cuda:0')	2.053413311642896
283314.62210309255	6000.0	4521.990727004382	0.0	0	0.0	4836.612830097205	1	0	tensor(3, device='cuda:0')	2.053413311642896
284437.5534471923	6000.0	4399.059382904625	0.0	0	0.0	4836.612830097147	1	0	tensor(3, device='cuda:0')	2.053413311642938
285200.0	6000.0	4636.612830096925	0.0	0	184.0910231175949	4836.612830097205	1	0	tensor(3, device='cuda:0')	2.053413311642896
286200.0	6000.0	4636.612830096933	0.0	0	507.57634210400283	4836.612830097205	1	0	tensor(3, device='cuda:0')	2.053413311642896
287200.0	6000.0	4636.6128300968785	0.0	0	643.8122949701501	4836.612830097147	1	0	tensor(3, device='cuda:0')	2.053413311642921
288200.0	6000.0	4636.612830096892	0.0	0	380.1804640489863	4836.612830097147	1	0	tensor(3, device='cuda:0')	2.053413311642938
289200.0	6000.0	4636.6128300969185	0.0	0	567.2992358566262	4836.612830097147	1	0	tensor(3, device='cuda:0')	2.053413311642938
290200.0	6000.0	4636.612830096906	0.0	0	464.17221591301495	4836.612830097205	1	0	tensor(3, device='cuda:0')	2.0534133116429127
291200.0	6000.0	4636.612830096905	0.0	0	357.3599083721638	4836.612830097147	1	0	tensor(3, device='cuda:0')	2.053413311642921
292200.0	6000.0	4636.612830096878	0.0	0	296.0466021934408	4836.612830097089	1	0	tensor(3, device='cuda:0')	2.0534133116429802
293200.0	6000.0	4636.612830096905	0.0	0	361.385937323852	4836.612830097147	1	0	tensor(3, device='cuda:0')	2.053413311642938
294200.0	6000.0	4636.612830096922	0.0	0	477.49341125483625	4836.612830097147	1	0	tensor(3, device='cuda:0')	2.053413311642938
295200.0	6000.0	4636.612830096979	0.0	0	496.37813248613384	4836.612830097147	1	0	tensor(3, device='cuda:0')	2.053413311642938
296264.9847515852	6000.0	4571.628078511775	0.0	0	0.0	4836.612830097147	1	0	tensor(3, device='cuda:0')	2.053413311642938
297200.0	6000.0	4636.612830097	0.0	0	249.0880102784722	4836.612830097147	1	0	tensor(3, device='cuda:0')	2.053413311642938
298200.0	6000.0	4636.612830097024	0.0	0	210.0736678246176	4836.612830097205	1	0	tensor(3, device='cuda:0')	2.053413311642896
299200.0	6000.0	4636.6128300969785	0.0	0	387.9797888349276	4836.612830097205	1	0	tensor(3, device='cuda:0')	2.053413311642896
300200.0	6000.0	4636.612830096971	0.0	0	336.2029945725808	4836.612830097205	1	0	tensor(3, device='cuda:0')	2.053413311642896
301200.0	6000.0	4636.612830097035	0.0	0	448.12249016639544	4836.612830097205	1	0	tensor(3, device='cuda:0')	2.053413311642896
302200.0	6000.0	4636.612830096963	0.0	0	408.9383229568484	4836.612830097205	1	0	tensor(3, device='cuda:0')	2.053413311642896
303200.0	6000.0	4636.612830096979	0.0	0	213.0355245413375	4836.612830097205	1	0	tensor(3, device='cuda:0')	2.053413311642896
304200.0	6000.0	4636.612830096982	0.0	0	248.7628903480363	4836.612830097205	1	0	tensor(3, device='cuda:0')	2.053413311642896
305200.0	6000.0	4636.612830096947	0.0	0	190.07216711621732	4836.612830097205	1	0	tensor(3, device='cuda:0')	2.053413311642896
306200.0	6000.0	4636.612830096981	0.0	0	254.163924851513	4836.612830097205	1	0	tensor(3, device='cuda:0')	2.053413311642896
9.72	13.8	14.5	9.89	12.7	13.3	10.1	12.2	10.5	7.66	11.8	9.3	9.02	10.8	8.25	8.29	10.6	9.66	10.9	8.62	9.16	8.7	12.6	8.4	7.08	10.7	17.4	17.3	15.3	10.4	8.49	10.1	8.1	8.26	7.7	7.67	5.04	6.85	11.0	11.4	7.71	14.2	13.5	11.3	10.6	12.8	9.51	11.7	14.8	8.06	9.58	9.6	7.22	8.06	10.8	10.1	7.09	8.27	9.58	8.26	12.8	12.1	9.22	10.5	6.83	6.45	8.27	8.64	9.39	14.1	9.17	12.2	8.77	7.26	8.5	12.0	10.1	9.74	5.75	7.3	8.18	13.2	9.33	8.07	9.55	10.3	12.0	16.4	9.75	12.0	11.9	5.64	7.71	8.14	10.5	7.81	10.1	16.6	13.3	13.4	14.0	15.2	12.8	10.7	9.02	8.16	9.94	6.87	8.65	7.84	7.0	7.54	9.86	9.2	8.97	14.1	13.6	9.6	5.19	7.17	8.49	8.33	4.82	8.24	8.61	9.35	9.05	7.87	7.36	9.77	6.22	5.27	7.1	10.4	8.39	7.52	6.23	9.66	10.4	7.07	11.4	6.68	10.2	11.2	9.74	9.28	3.66	8.9	9.28	8.86	9.61	10.6	8.05	6.44	5.87	6.01	10.5	7.6	7.82	10.8	13.3	13.4	10.6	9.28	7.14	10.2	11.6	8.61	9.64	10.2	11.3	13.2	9.8	12.2	10.2	12.0	9.02	11.3	12.6	13.5	9.95	12.0	15.7	8.51	10.5	9.49	8.42	7.05	7.22	8.53	7.27	8.51	12.6	10.1	10.7	7.88	11.6	9.94	8.61	11.4	10.4	11.8	11.0	8.21	9.57	10.2	10.6	7.99	8.0	8.0	5.24	4.3	4.41	5.37	5.05	6.3	11.1	13.1	9.68	9.45	11.4	9.5	8.63	11.7	14.2	19.1	11.4	11.1	6.86	10.3	9.35	12.6	17.5	12.2	5.71	9.09	14.8	9.86	6.66	8.27	12.5	9.17	7.84	10.1	7.33	11.0	7.66	8.24	11.3	13.7	16.6	6.31	6.07	8.27	9.6	11.1	12.8	10.9	8.66	10.1	8.8	9.2	9.19	9.88	9.13	8.76	8.4	9.68	16.6	18.7	12.0	8.64	6.86	7.18	7.37	11.1	13.7	14.0	12.8	8.07	9.59	7.7	10.1	12.6	13.8	5.62	6.49	9.87	11.0	8.69	9.8	9.17	8.93	10.2	10.8	9.23	8.99	4.03	5.83	9.04	7.92	7.11
1980.0	1981.0	1982.0	1983.0	1984.0	1985.0	1986.0	1987.0	1988.0	1989.0	1990.0	1991.0	1992.0	1993.0	1994.0	1995.0	1996.0	1997.0	1998.0	1999.0	2000.0	2000.0	2001.0	2002.0	2003.0	2004.0	2005.0	2006.0	2007.0	2008.0	2009.0	2010.0	2011.0	2012.0	2013.0	2014.0	2015.0	2016.0	2017.0	2018.0	2019.0	2020.0	2021.0	2022.0	2023.0	2024.0	2025.0	2026.0	2027.0	2028.0	2029.0	2030.0	2031.0	2032.0	2033.0	2034.0	2035.0	2036.0	2037.0	2038.0	2039.0	2040.0	2041.0	2042.0	2043.0	2044.0	2045.0	2046.0	2047.0	2048.0	2049.0	2050.0	2051.0	2052.0	2053.0	2054.0	2055.0	2056.0	2057.0	2058.0	2059.0	2060.0	2061.0	2062.0	2063.0	2064.0	2065.0	2066.0	2067.0	2068.0	2069.0	2070.0	2071.0	2072.0	2073.0	2074.0	2075.0	2076.0	2077.0	2078.0	2079.0	2080.0	2081.0	2082.0	2083.0	2084.0	2085.0	2086.0	2087.0	2088.0	2089.0	2090.0	2091.0	2092.0	2093.0	2094.0	2095.0	2096.0	2097.0	2098.0	2099.0	2100.0	2101.0	2102.0	2103.0	2104.0	2105.0	2106.0	2107.0	2108.0	2109.0	2110.0	2111.0	2112.0	2113.0	2114.0	2115.0	2116.0	2117.0	2118.0	2119.0	2120.0	2121.0	2122.0	2123.0	2124.0	2125.0	2126.0	2127.0	2128.0	2129.0	2130.0	2131.0	2132.0	2133.0	2134.0	2135.0	2136.0	2137.0	2138.0	2139.0	2140.0	2141.0	2142.0	2143.0	2144.0	2145.0	2146.0	2147.0	2148.0	2149.0	2150.0	2151.0	2152.0	2153.0	2154.0	2155.0	2156.0	2157.0	2158.0	2159.0	2160.0	2161.0	2162.0	2163.0	2164.0	2165.0	2166.0	2167.0	2168.0	2169.0	2170.0	2171.0	2172.0	2173.0	2174.0	2175.0	2176.0	2177.0	2178.0	2179.0	2180.0	2181.0	2182.0	2183.0	2184.0	2185.0	2186.0	2187.0	2188.0	2189.0	2190.0	2191.0	2192.0	2193.0	2194.0	2195.0	2196.0	2197.0	2198.0	2199.0	2200.0	2201.0	2202.0	2203.0	2204.0	2205.0	2206.0	2207.0	2208.0	2209.0	2210.0	2211.0	2212.0	2213.0	2214.0	2215.0	2216.0	2217.0	2218.0	2219.0	2220.0	2221.0	2222.0	2223.0	2224.0	2225.0	2226.0	2227.0	2228.0	2229.0	2230.0	2231.0	2232.0	2233.0	2234.0	2235.0	2236.0	2237.0	2238.0	2239.0	2240.0	2241.0	2242.0	2243.0	2244.0	2245.0	2246.0	2247.0	2248.0	2249.0	2250.0	2251.0	2252.0	2253.0	2254.0	2255.0	2256.0	2257.0	2258.0	2259.0	2260.0	2261.0	2262.0	2263.0	2264.0	2265.0	2266.0	2267.0	2268.0	2269.0	2270.0	2271.0	2272.0	2273.0	2274.0	2275.0	2276.0	2277.0	2278.0	2279.0	2280.0
10630.0
