4889.970049157959	300.0	2000.0	224.67448415763633	0	0.0	4889.970049157959	1	0	tensor(4, device='cuda:0')	-2.4927804972812684
6200.0	1000.0	1690.0000000000005	0.0	0	495.61930939175636	1890.0	1	0	tensor(6, device='cuda:0')	-9.254681128872283
7200.0	2000.0	1690.0000000000018	0.0	0	330.2144928308153	1890.0	1	0	tensor(3, device='cuda:0')	1.1492916754536544
8200.0	2000.0	1690.0000000000023	0.0	0	331.14452422449085	1890.0	1	0	tensor(3, device='cuda:0')	1.8424388560135996
9200.0	3000.0	1590.0000000000014	0.0	0	254.65432441732264	1789.999999999999	1	0	tensor(4, device='cuda:0')	1.4463970430487314
10200.0	3000.0	1490.0000000000011	0.0	0	211.66758262463372	1690.0	1	0	tensor(4, device='cuda:0')	2.0575264919897642
11200.0	3000.0	1390.0000000000027	0.0	0	15.809369376725954	1590.0000000000018	1	0	tensor(4, device='cuda:0')	2.0632981730198527
12245.935773744957	3000.0	1239.470648880552	0.0	0	0.0	1485.4064226255086	1	0	tensor(4, device='cuda:0')	2.0588330895410607
13200.0	2000.0	1285.4064226255093	0.0	0	124.15047256587604	1485.4064226255086	1	0	tensor(3, device='cuda:0')	1.2582274018042492
14200.0	2000.0	1285.406422625508	0.0	0	357.54847456321477	1485.4064226255068	1	0	tensor(3, device='cuda:0')	1.863692509912414
15200.0	2000.0	1285.4064226255086	0.0	0	69.43230569943807	1485.4064226255086	1	0	tensor(3, device='cuda:0')	1.863692509912414
16200.0	2000.0	1285.4064226255098	0.0	0	246.0864366677888	1485.4064226255086	1	0	tensor(3, device='cuda:0')	1.863692509912414
17200.0	2000.0	1285.4064226255068	0.0	0	418.9987526735058	1485.4064226255068	1	0	tensor(3, device='cuda:0')	1.863692509912414
18200.0	3000.0	1185.4064226255045	0.0	0	327.87606752397187	1385.4064226255032	1	0	tensor(4, device='cuda:0')	1.4663305945164395
19870.10885799425	6000.0	515.2975646312558	0.0	0	0.0	1385.4064226255032	1	0	tensor(3, device='cuda:0')	2.0732394323581427
20861.73599896378	3000.0	439.41893819375906	13.555662389987049	0	0.0	1301.1549371575347	1	0	tensor(4, device='cuda:0')	1.1053625316051867
21407.913580221008	2000.0	893.241356936531	0.0	0	0.0	1301.1549371575384	1	0	tensor(3, device='cuda:0')	1.2654508875173485
22251.35039527576	3000.0	965.4608603763006	0.0	0	0.0	1216.811255652061	1	0	tensor(4, device='cuda:0')	1.5045001326455332
23200.0	3000.0	921.9462951796357	0.0	0	239.1703758534859	1121.946295179634	1	0	tensor(4, device='cuda:0')	2.091486396014976
24200.0	2000.0	921.9462951796343	0.0	0	562.085785715135	1121.9462951796304	1	0	tensor(3, device='cuda:0')	1.2713281196718809
25200.0	2000.0	921.946295179635	0.0	0	426.6605561467986	1121.9462951796304	1	0	tensor(3, device='cuda:0')	1.8767932277800456
26200.0	2000.0	921.9462951796345	0.0	0	554.5079156239735	1121.9462951796304	1	0	tensor(3, device='cuda:0')	1.8767932277800456
27200.0	2000.0	921.9462951796304	0.0	0	447.8689915721334	1121.9462951796268	1	0	tensor(3, device='cuda:0')	1.8767932277800459
28200.0	2000.0	921.9462951796272	0.0	0	511.4762081535846	1121.9462951796268	1	0	tensor(3, device='cuda:0')	1.8767932277800459
29200.0	2000.0	921.9462951796279	0.0	0	293.5884705810204	1121.9462951796268	1	0	tensor(3, device='cuda:0')	1.8767932277800459
30260.705485501985	2000.0	861.2408096776475	0.0	0	62.52328489947104	1121.9462951796304	1	0	tensor(3, device='cuda:0')	1.8767932277800456
33162.69036411117	2000.0	200.0	1240.7440689315392	0	0.0	2362.690364111171	1	0	tensor(3, device='cuda:0')	-5.616431692737913
33884.37342332668	1000.0	663.2472730931084	184.9303323086242	0	0.0	2547.6206964197845	1	0	tensor(3, device='cuda:0')	-0.711657807875055
34479.39880769422	1000.0	1068.221888725568	0.0	0	0.0	2547.6206964197845	1	0	tensor(3, device='cuda:0')	1.0910713665366363
35234.84171568747	1000.0	1312.7789807323072	0.0	0	0.0	2547.6206964197736	1	0	tensor(3, device='cuda:0')	1.0910713665366374
35588.621582548556	1000.0	1958.9991138712257	0.0	0	0.0	2547.62069641977	1	0	tensor(3, device='cuda:0')	1.091071366536638
36200.0	1000.0	2347.6206964197795	0.0	0	231.5195425114507	2547.6206964197627	1	0	tensor(3, device='cuda:0')	1.091071366536639
37200.0	3000.0	2247.6206964197722	0.0	0	81.42929573985748	2447.6206964197554	1	0	tensor(4, device='cuda:0')	0.6992501149937822
38200.0	3000.0	2147.62069641977	0.0	0	115.21587499665475	2347.620696419748	1	0	tensor(4, device='cuda:0')	2.0082904911239883
39422.36416369164	3000.0	1803.0201163589609	0.0	0	0.0	2225.3842800505736	1	0	tensor(4, device='cuda:0')	1.9755447716691974
40422.71662961091	3000.0	1702.632403847762	0.0	0	0.0	2125.349033458653	1	0	tensor(4, device='cuda:0')	2.028948171384724
41200.0	3000.0	1847.620696419758	0.0	0	91.41715391718753	2047.6206964197263	1	0	tensor(4, device='cuda:0')	2.079812885089177
42406.7258535904	3000.0	1520.2222574703221	0.0	0	0.0	1926.948111060694	1	0	tensor(4, device='cuda:0')	2.0019101946573237
43457.52918353625	3000.0	1364.3385945298883	0.0	0	0.0	1821.8677780661092	1	0	tensor(4, device='cuda:0')	2.040398193829689
44435.27616725553	3000.0	1288.8169124386777	0.0	0	0.0	1724.0930796941684	1	0	tensor(4, device='cuda:0')	2.060598318711502
45526.57577638483	3000.0	1088.3873423964337	0.0	0	0.0	1614.9631187812192	1	0	tensor(4, device='cuda:0')	2.0433833298097355
46968.82769938542	2000.0	646.1354193958441	0.0	0	0.0	1614.9631187812265	1	0	tensor(3, device='cuda:0')	1.2523092569499341
47987.79798990807	2000.0	627.1651288731974	0.0	0	0.0	1614.9631187812265	1	0	tensor(3, device='cuda:0')	1.857774365058099
48830.62546429674	2000.0	784.3376544845338	0.0	0	0.0	1614.9631187812265	1	0	tensor(3, device='cuda:0')	1.857774365058099
49648.93148839976	2000.0	966.0316303815079	0.0	0	0.0	1614.9631187812265	1	0	tensor(3, device='cuda:0')	1.857774365058099
50778.02111837211	2000.0	836.942000409158	0.0	0	0.0	1614.9631187812265	1	0	tensor(3, device='cuda:0')	1.857774365058099
51858.978991662254	2000.0	755.9841271190178	0.0	0	0.0	1614.9631187812338	1	0	tensor(3, device='cuda:0')	1.8577743650580985
52898.16971771352	2000.0	716.7934010677544	0.0	0	0.0	1614.9631187812338	1	0	tensor(3, device='cuda:0')	1.8577743650580985
53833.68306795663	2000.0	781.2800508246544	0.0	0	0.0	1614.963118781241	1	0	tensor(3, device='cuda:0')	1.8577743650580982
54296.07452132991	2000.0	1318.8885974513705	0.0	0	0.0	1614.963118781241	1	0	tensor(3, device='cuda:0')	1.8577743650580982
55352.03647530013	3000.0	1157.330448084122	0.0	0	0.0	1509.366923384201	1	0	tensor(4, device='cuda:0')	1.4502003893062976
56204.83500192861	3000.0	1219.252068792797	0.0	0	0.0	1424.0870707213617	1	0	tensor(4, device='cuda:0')	2.1002072722386154
57200.0	3000.0	1124.5705709142594	0.0	0	323.9662984504903	1324.5705709142057	1	0	tensor(4, device='cuda:0')	2.0751073275445457
58200.0	2000.0	1124.5705709142594	0.0	0	386.28997436043574	1324.5705709141985	1	0	tensor(3, device='cuda:0')	1.2646036371669434
59569.22279203309	2000.0	755.3477788811765	0.0	0	0.0	1324.5705709141985	1	0	tensor(3, device='cuda:0')	1.8700687452751081
61107.14806519338	2000.0	219.79203816979654	2.3695324489106326	0	0.0	1326.9401033631075	1	0	tensor(3, device='cuda:0')	1.8558168197247826
61787.70048416469	1000.0	662.3951112372062	123.15549203871669	0	0.0	1450.095595401821	1	0	tensor(3, device='cuda:0')	-0.26004761759410777
62200.0	1000.0	1250.0955954018975	0.0	0	68.01707022655319	1450.095595401821	1	0	tensor(3, device='cuda:0')	1.1720325151981377
63200.0	2000.0	1250.0955954018948	0.0	0	254.81825173493417	1450.095595401821	1	0	tensor(3, device='cuda:0')	1.1720325151981374
64378.95028212591	2000.0	1071.145313275985	0.0	0	0.0	1450.0955954018136	1	0	tensor(3, device='cuda:0')	1.865179695758083
65238.50010831255	2000.0	1211.5954870893424	0.0	0	0.0	1450.0955954018136	1	0	tensor(3, device='cuda:0')	1.865179695758083
66200.0	2000.0	1250.0955954018932	0.0	0	259.23591128319094	1450.0955954018136	1	0	tensor(3, device='cuda:0')	1.865179695758083
67200.0	2000.0	1250.095595401898	0.0	0	236.99897985484859	1450.095595401799	1	0	tensor(3, device='cuda:0')	1.8651796957580835
68200.0	2000.0	1250.0955954019087	0.0	0	276.6802283961588	1450.095595401799	1	0	tensor(3, device='cuda:0')	1.8651796957580837
69200.0	2000.0	1250.095595401906	0.0	0	382.06879877067695	1450.095595401799	1	0	tensor(3, device='cuda:0')	1.8651796957580837
70200.0	2000.0	1250.09559540189	0.0	0	443.56256397521065	1450.095595401799	1	0	tensor(3, device='cuda:0')	1.8651796957580837
71200.0	2000.0	1250.0955954018887	0.0	0	486.51512120489497	1450.0955954017845	1	0	tensor(3, device='cuda:0')	1.8651796957580844
72260.34609536389	3000.0	1083.714890501618	0.0	0	0.0	1344.060985865406	1	0	tensor(4, device='cuda:0')	1.456050467338851
73200.0	2000.0	1144.0609858655139	0.0	0	271.64161640795646	1344.060985865406	1	0	tensor(3, device='cuda:0')	1.2638834107642918
74200.0	2000.0	1144.0609858655264	0.0	0	359.00733225644217	1344.0609858654207	1	0	tensor(3, device='cuda:0')	1.869348518872456
75200.0	2000.0	1144.06098586552	0.0	0	249.52947882239823	1344.0609858654207	1	0	tensor(3, device='cuda:0')	1.869348518872456
76200.0	2000.0	1144.0609858655346	0.0	0	277.63381190923974	1344.0609858654352	1	0	tensor(3, device='cuda:0')	1.8693485188724555
77322.76438177166	2000.0	1021.296604093864	0.0	0	0.0	1344.0609858654352	1	0	tensor(3, device='cuda:0')	1.8693485188724555
78728.00287105217	2000.0	616.0581148133548	0.0	0	0.0	1344.0609858654352	1	0	tensor(3, device='cuda:0')	1.8693485188724555
79598.92730134609	1000.0	745.1336845194364	0.0	0	0.0	1344.0609858654352	1	0	tensor(3, device='cuda:0')	0.4830541577525651
80354.92894050242	1000.0	989.132045363107	0.0	0	0.0	1344.0609858654352	1	0	tensor(3, device='cuda:0')	1.1762013383125103
81200.0	1000.0	1144.060985865516	0.0	0	211.30641053523868	1344.0609858654207	1	0	tensor(3, device='cuda:0')	1.176201338312511
82200.0	1000.0	1144.0609858655075	0.0	0	485.85621527270996	1344.0609858654207	1	0	tensor(3, device='cuda:0')	1.176201338312511
83200.0	2000.0	1144.0609858655116	0.0	0	164.21766520974052	1344.0609858654207	1	0	tensor(3, device='cuda:0')	1.1762013383125107
84200.0	2000.0	1144.0609858655155	0.0	0	276.58697577007115	1344.0609858654207	1	0	tensor(3, device='cuda:0')	1.869348518872456
85200.0	2000.0	1144.0609858655064	0.0	0	580.8648573938262	1344.0609858654207	1	0	tensor(3, device='cuda:0')	1.869348518872456
86200.0	2000.0	1144.0609858654987	0.0	0	412.96596016596595	1344.060985865406	1	0	tensor(3, device='cuda:0')	1.8693485188724566
87200.0	2000.0	1144.0609858655	0.0	0	536.1901118450915	1344.060985865406	1	0	tensor(3, device='cuda:0')	1.8693485188724566
88200.0	2000.0	1144.0609858655025	0.0	0	223.05441034432442	1344.0609858654207	1	0	tensor(3, device='cuda:0')	1.869348518872456
89200.0	2000.0	1144.0609858655012	0.0	0	210.48740398391965	1344.060985865406	1	0	tensor(3, device='cuda:0')	1.8693485188724566
90206.90272798965	2000.0	1137.1582578758394	0.0	0	0.0	1344.060985865406	1	0	tensor(3, device='cuda:0')	1.8693485188724566
91200.0	2000.0	1144.0609858654848	0.0	0	207.31626980968576	1344.060985865406	1	0	tensor(3, device='cuda:0')	1.8693485188724566
92200.0	2000.0	1144.0609858654811	0.0	0	189.28606214367028	1344.060985865406	1	0	tensor(3, device='cuda:0')	1.8693485188724566
93200.0	2000.0	1144.0609858654918	0.0	0	185.54862498074363	1344.060985865406	1	0	tensor(3, device='cuda:0')	1.8693485188724566
94200.0	2000.0	1144.0609858654943	0.0	0	203.67407862396794	1344.060985865406	1	0	tensor(3, device='cuda:0')	1.8693485188724566
95200.0	2000.0	1144.060985865493	0.0	0	416.73501408785523	1344.0609858654207	1	0	tensor(3, device='cuda:0')	1.869348518872456
96200.0	2000.0	1144.060985865506	0.0	0	440.86843723659695	1344.0609858654207	1	0	tensor(3, device='cuda:0')	1.869348518872456
97200.0	2000.0	1144.0609858655112	0.0	0	191.00108110568544	1344.0609858654207	1	0	tensor(3, device='cuda:0')	1.869348518872456
98200.0	2000.0	1144.060985865516	0.0	0	386.6044014156505	1344.0609858654207	1	0	tensor(3, device='cuda:0')	1.869348518872456
99200.0	2000.0	1144.060985865512	0.0	0	402.3240942757693	1344.0609858654207	1	0	tensor(3, device='cuda:0')	1.869348518872456
100200.0	2000.0	1144.0609858655105	0.0	0	192.04314007627545	1344.0609858654207	1	0	tensor(3, device='cuda:0')	1.869348518872456
101506.30500195341	2000.0	837.7559839120813	0.0	0	0.0	1344.0609858654207	1	0	tensor(3, device='cuda:0')	1.869348518872456
102540.34191856904	2000.0	803.7190672964482	0.0	0	0.0	1344.0609858654207	1	0	tensor(3, device='cuda:0')	1.869348518872456
103341.10142040988	2000.0	1002.9595654556186	0.0	0	0.0	1344.0609858654207	1	0	tensor(3, device='cuda:0')	1.869348518872456
104209.29614978253	2000.0	1134.7648360829571	0.0	0	0.0	1344.0609858654207	1	0	tensor(3, device='cuda:0')	1.869348518872456
105200.0	2000.0	1144.0609858654884	0.0	0	119.41493726854969	1344.0609858654207	1	0	tensor(3, device='cuda:0')	1.869348518872456
106200.0	2000.0	1144.0609858654946	0.0	0	292.43957699155726	1344.0609858654352	1	0	tensor(3, device='cuda:0')	1.8693485188724555
108047.23368421958	2000.0	296.8273016459209	0.0	0	0.0	1344.0609858654352	1	0	tensor(3, device='cuda:0')	1.8693485188724555
108784.6211499034	1000.0	622.7233131568363	63.28347719474954	0	0.0	1407.344463060188	1	0	tensor(3, device='cuda:0')	0.10091754849118467
109210.79283854042	1000.0	1196.5516245197978	0.0	0	0.0	1407.344463060188	1	0	tensor(3, device='cuda:0')	1.173765592219627
110200.0	2000.0	1207.3444630602103	0.0	0	3.0641795754636405	1407.344463060188	1	0	tensor(3, device='cuda:0')	1.1737655922196268
111200.0	2000.0	1207.344463060208	0.0	0	274.2468862995447	1407.344463060188	1	0	tensor(3, device='cuda:0')	1.866912772779572
112200.0	2000.0	1207.3444630602078	0.0	0	404.56243298292975	1407.3444630601734	1	0	tensor(3, device='cuda:0')	1.8669127727795725
113505.82802414573	2000.0	901.5164389144825	0.0	0	0.0	1407.344463060159	1	0	tensor(3, device='cuda:0')	1.8669127727795731
115214.69528754677	2000.0	216.60263240993845	23.953456896497936	0	0.0	1431.2979199566616	1	0	tensor(3, device='cuda:0')	1.72261477371689
115801.30548542988	1000.0	723.2859388931936	93.29350436636449	0	0.0	1524.5914243230218	1	0	tensor(3, device='cuda:0')	-0.0840744995205811
116442.15466799066	1000.0	1082.4367563324156	0.0	0	0.0	1524.5914243230218	1	0	tensor(3, device='cuda:0')	1.168833707237551
117200.0	1000.0	1324.5914243230832	0.0	0	140.73254449805245	1524.5914243230218	1	0	tensor(3, device='cuda:0')	1.168833707237551
118200.0	1000.0	1324.5914243230832	0.0	0	172.31332882000424	1524.5914243230218	1	0	tensor(3, device='cuda:0')	1.168833707237551
119200.0	1000.0	1324.5914243230725	0.0	0	330.81827604738646	1524.5914243230072	1	0	tensor(3, device='cuda:0')	1.1688337072375514
120200.0	1000.0	1324.5914243230736	0.0	0	146.4395105438016	1524.5914243230072	1	0	tensor(3, device='cuda:0')	1.1688337072375514
121200.0	1000.0	1324.5914243230748	0.0	0	208.88171144243097	1524.5914243230072	1	0	tensor(3, device='cuda:0')	1.1688337072375514
122200.0	1000.0	1324.5914243230773	0.0	0	290.8706015806383	1524.5914243230072	1	0	tensor(3, device='cuda:0')	1.1688337072375514
123200.0	2000.0	1324.591424323075	0.0	0	11.158197638957063	1524.5914243230072	1	0	tensor(3, device='cuda:0')	1.1688337072375514
124200.0	1000.0	1324.5914243230775	0.0	0	478.0983366658038	1524.5914243230072	1	0	tensor(3, device='cuda:0')	0.47568652667760636
125325.0959991652	2000.0	1199.4954251578647	0.0	0	0.0	1524.5914243230072	1	0	tensor(3, device='cuda:0')	1.1688337072375514
126200.0	1000.0	1324.5914243230568	0.0	0	98.0964093956427	1524.5914243229927	1	0	tensor(3, device='cuda:0')	0.475686526677607
127200.0	1000.0	1324.5914243230445	0.0	0	173.48489011469064	1524.5914243229927	1	0	tensor(3, device='cuda:0')	1.1688337072375523
128200.0	1000.0	1324.5914243230484	0.0	0	307.6651057095878	1524.5914243229927	1	0	tensor(3, device='cuda:0')	1.1688337072375523
129200.0	1000.0	1324.5914243230548	0.0	0	373.37087716461974	1524.5914243229927	1	0	tensor(3, device='cuda:0')	1.1688337072375523
130203.8467116929	2000.0	1320.7447126301672	0.0	0	0.0	1524.5914243229927	1	0	tensor(3, device='cuda:0')	1.1688337072375523
131287.99398358312	2000.0	1236.5974407399287	0.0	0	0.0	1524.5914243229781	1	0	tensor(3, device='cuda:0')	1.8619808877974977
132405.30233326764	2000.0	1119.2890910554154	0.0	0	0.0	1524.5914243230072	1	0	tensor(3, device='cuda:0')	1.861980887797497
133799.17990813305	2000.0	725.4115161899751	0.0	0	0.0	1524.5914243229781	1	0	tensor(3, device='cuda:0')	1.8619808877974982
134569.4103961228	1000.0	955.1810282002027	0.0	0	0.0	1524.5914243229781	1	0	tensor(3, device='cuda:0')	0.47568652667760775
135200.0	1000.0	1324.5914243230368	0.0	0	219.75353375150007	1524.5914243229781	1	0	tensor(3, device='cuda:0')	1.168833707237553
136200.0	2000.0	1324.5914243230252	0.0	0	192.72519587553688	1524.5914243229781	1	0	tensor(3, device='cuda:0')	1.1688337072375528
137200.0	2000.0	1324.5914243230477	0.0	0	264.80297736858483	1524.5914243229781	1	0	tensor(3, device='cuda:0')	1.8619808877974982
138200.0	2000.0	1324.5914243230552	0.0	0	206.22344345843885	1524.591424322949	1	0	tensor(3, device='cuda:0')	1.861980887797499
139200.0	2000.0	1324.5914243230573	0.0	0	117.54059531062376	1524.591424322949	1	0	tensor(3, device='cuda:0')	1.861980887797499
140200.0	2000.0	1324.5914243230727	0.0	0	207.9000925720029	1524.591424322949	1	0	tensor(3, device='cuda:0')	1.861980887797499
141200.0	2000.0	1324.5914243230482	0.0	0	283.3093877120991	1524.591424322949	1	0	tensor(3, device='cuda:0')	1.861980887797499
142200.0	2000.0	1324.5914243230757	0.0	0	221.31866401410662	1524.591424322949	1	0	tensor(3, device='cuda:0')	1.861980887797499
143576.22470445035	2000.0	948.3667198727569	0.0	0	0.0	1524.591424322949	1	0	tensor(3, device='cuda:0')	1.861980887797499
144395.28561796737	1000.0	1129.3058063557191	0.0	0	0.0	1524.59142432292	1	0	tensor(3, device='cuda:0')	0.47568652667761024
145200.0	1000.0	1324.5914243231239	0.0	0	201.6418935499969	1524.59142432292	1	0	tensor(3, device='cuda:0')	1.1688337072375554
146200.0	2000.0	1324.5914243231216	0.0	0	374.2383467335021	1524.59142432292	1	0	tensor(3, device='cuda:0')	1.1688337072375554
147200.0	2000.0	1324.5914243230823	0.0	0	174.53286916168872	1524.5914243228908	1	0	tensor(3, device='cuda:0')	1.861980887797502
148200.0	2000.0	1324.591424323064	0.0	0	185.7484019198455	1524.5914243228908	1	0	tensor(3, device='cuda:0')	1.861980887797502
149200.0	2000.0	1324.5914243230775	0.0	0	232.58128046340425	1524.5914243228908	1	0	tensor(3, device='cuda:0')	1.861980887797502
150200.0	2000.0	1324.5914243230757	0.0	0	228.2602342319151	1524.5914243228908	1	0	tensor(3, device='cuda:0')	1.861980887797502
151200.0	2000.0	1324.5914243230723	0.0	0	144.14355880380026	1524.5914243228908	1	0	tensor(3, device='cuda:0')	1.861980887797502
152200.0	2000.0	1324.5914243230545	0.0	0	50.25114951856085	1524.5914243228908	1	0	tensor(3, device='cuda:0')	1.861980887797502
153200.0	2000.0	1324.5914243230368	0.0	0	383.3151886477135	1524.5914243228908	1	0	tensor(3, device='cuda:0')	1.861980887797502
154200.0	3000.0	1224.5914243230632	0.0	0	162.6819277619943	1424.59142432292	1	0	tensor(4, device='cuda:0')	1.4648913155433445
155200.0	2000.0	1224.5914243230782	0.0	0	446.22352437945665	1424.59142432292	1	0	tensor(3, device='cuda:0')	1.2607572160558806
156200.0	2000.0	1224.591424323118	0.0	0	133.76507328866865	1424.59142432292	1	0	tensor(3, device='cuda:0')	1.8662223241640454
157727.15481083625	2000.0	697.436613486864	0.0	0	0.0	1424.59142432292	1	0	tensor(3, device='cuda:0')	1.8662223241640454
158248.4343556091	1000.0	1176.1570687140618	0.0	0	0.0	1424.59142432292	1	0	tensor(3, device='cuda:0')	0.4799279630441551
159200.0	1000.0	1224.5914243231082	0.0	0	305.4389695402642	1424.5914243228908	1	0	tensor(3, device='cuda:0')	1.1730751436041014
160200.0	1000.0	1224.5914243231025	0.0	0	155.68911101517733	1424.5914243228908	1	0	tensor(3, device='cuda:0')	1.1730751436041014
161200.0	1000.0	1224.591424323077	0.0	0	433.1224722947809	1424.5914243228908	1	0	tensor(3, device='cuda:0')	1.1730751436041014
162200.0	1000.0	1224.5914243231052	0.0	0	340.40652414099895	1424.5914243228908	1	0	tensor(3, device='cuda:0')	1.1730751436041014
163200.0	1000.0	1224.5914243230961	0.0	0	465.07746527384734	1424.5914243228908	1	0	tensor(3, device='cuda:0')	1.1730751436041014
164200.0	1000.0	1224.591424323099	0.0	0	53.6098656898248	1424.59142432292	1	0	tensor(3, device='cuda:0')	1.1730751436041003
165200.0	1000.0	1224.5914243230823	0.0	0	317.6342254294141	1424.59142432292	1	0	tensor(3, device='cuda:0')	1.1730751436041003
166269.80681431756	1000.0	1154.7846100055156	0.0	0	0.0	1424.5914243228908	1	0	tensor(3, device='cuda:0')	1.1730751436041014
167200.0	1000.0	1224.5914243230955	0.0	0	16.740062803350156	1424.5914243228908	1	0	tensor(3, device='cuda:0')	1.1730751436041014
168200.0	1000.0	1224.5914243230834	0.0	0	495.79619900576654	1424.5914243228908	1	0	tensor(3, device='cuda:0')	1.1730751436041014
169200.0	2000.0	1224.5914243230727	0.0	0	95.33348627571831	1424.5914243228908	1	0	tensor(3, device='cuda:0')	1.1730751436041014
170200.0	2000.0	1224.5914243230598	0.0	0	167.956646111008	1424.5914243228908	1	0	tensor(3, device='cuda:0')	1.8662223241640465
171241.6372382233	2000.0	1182.9541860997592	0.0	0	0.0	1424.59142432292	1	0	tensor(3, device='cuda:0')	1.8662223241640454
172200.0	2000.0	1224.591424323075	0.0	0	194.33765951372334	1424.59142432292	1	0	tensor(3, device='cuda:0')	1.8662223241640454
173200.0	2000.0	1224.5914243230502	0.0	0	76.97662427733303	1424.5914243228908	1	0	tensor(3, device='cuda:0')	1.8662223241640465
174200.0	2000.0	1224.5914243230557	0.0	0	150.98988251018454	1424.5914243228908	1	0	tensor(3, device='cuda:0')	1.8662223241640465
175200.0	2000.0	1224.591424323011	0.0	0	471.04202982826973	1424.5914243228908	1	0	tensor(3, device='cuda:0')	1.8662223241640465
176200.0	2000.0	1224.5914243230009	0.0	0	308.0243723792082	1424.5914243228908	1	0	tensor(3, device='cuda:0')	1.8662223241640465
177200.0	2000.0	1224.5914243229936	0.0	0	140.6173743160034	1424.5914243228908	1	0	tensor(3, device='cuda:0')	1.8662223241640465
178200.0	2000.0	1224.5914243229752	0.0	0	44.44315859870403	1424.5914243228617	1	0	tensor(3, device='cuda:0')	1.8662223241640477
179200.0	2000.0	1224.5914243230206	0.0	0	500.55484617486945	1424.5914243228908	1	0	tensor(3, device='cuda:0')	1.8662223241640465
180200.0	2000.0	1224.5914243230138	0.0	0	252.13747306398	1424.5914243228908	1	0	tensor(3, device='cuda:0')	1.8662223241640465
181200.0	2000.0	1224.591424323051	0.0	0	352.1148164066544	1424.5914243228908	1	0	tensor(3, device='cuda:0')	1.8662223241640465
182200.0	2000.0	1224.5914243230698	0.0	0	532.573733325291	1424.5914243228908	1	0	tensor(3, device='cuda:0')	1.8662223241640465
183200.0	2000.0	1224.5914243230682	0.0	0	496.74660185037646	1424.5914243228908	1	0	tensor(3, device='cuda:0')	1.8662223241640465
184200.0	3000.0	1124.591424323045	0.0	0	121.73480779866804	1324.5914243228617	1	0	tensor(4, device='cuda:0')	1.4688583204927894
185200.0	2000.0	1124.5914243230452	0.0	0	579.5200936570473	1324.5914243228617	1	0	tensor(3, device='cuda:0')	1.2646028739127106
186200.0	2000.0	1124.591424323055	0.0	0	284.5812788080075	1324.5914243228617	1	0	tensor(3, device='cuda:0')	1.8700679820208754
187200.0	2000.0	1124.5914243230254	0.0	0	302.61224479216617	1324.5914243228617	1	0	tensor(3, device='cuda:0')	1.8700679820208754
188200.0	2000.0	1124.5914243229834	0.0	0	327.6803874372854	1324.5914243228617	1	0	tensor(3, device='cuda:0')	1.8700679820208754
189200.0	2000.0	1124.5914243229847	0.0	0	396.7300519651617	1324.5914243228617	1	0	tensor(3, device='cuda:0')	1.8700679820208754
190200.0	2000.0	1124.5914243229402	0.0	0	376.14667622646084	1324.5914243228617	1	0	tensor(3, device='cuda:0')	1.8700679820208754
191200.0	2000.0	1124.5914243229372	0.0	0	12.961862505995668	1324.5914243228617	1	0	tensor(3, device='cuda:0')	1.8700679820208754
192200.0	2000.0	1124.591424322965	0.0	0	184.46837780976784	1324.5914243228908	1	0	tensor(3, device='cuda:0')	1.8700679820208743
193200.0	2000.0	1124.5914243229672	0.0	0	326.9637191268557	1324.5914243228908	1	0	tensor(3, device='cuda:0')	1.8700679820208743
194200.0	2000.0	1124.5914243229788	0.0	0	238.85601132689044	1324.59142432292	1	0	tensor(3, device='cuda:0')	1.8700679820208732
195200.0	2000.0	1124.59142432298	0.0	0	214.85957864116062	1324.59142432292	1	0	tensor(3, device='cuda:0')	1.8700679820208732
196200.0	2000.0	1124.591424322986	0.0	0	457.7204387811362	1324.59142432292	1	0	tensor(3, device='cuda:0')	1.8700679820208732
197200.0	2000.0	1124.591424323024	0.0	0	148.3093620670843	1324.59142432292	1	0	tensor(3, device='cuda:0')	1.8700679820208732
198200.0	2000.0	1124.5914243230222	0.0	0	95.03811177710304	1324.591424322949	1	0	tensor(3, device='cuda:0')	1.870067982020872
199322.21016269884	2000.0	1002.3812616241938	0.0	0	0.0	1324.591424322949	1	0	tensor(3, device='cuda:0')	1.870067982020872
200200.0	2000.0	1124.591424323014	0.0	0	17.213790171284927	1324.59142432292	1	0	tensor(3, device='cuda:0')	1.8700679820208732
201200.0	2000.0	1124.591424323012	0.0	0	315.2661695762363	1324.59142432292	1	0	tensor(3, device='cuda:0')	1.8700679820208732
202200.0	2000.0	1124.5914243230068	0.0	0	554.8372898257512	1324.59142432292	1	0	tensor(3, device='cuda:0')	1.8700679820208732
203200.0	2000.0	1124.5914243229836	0.0	0	272.9577228188864	1324.59142432292	1	0	tensor(3, device='cuda:0')	1.8700679820208732
204200.0	2000.0	1124.5914243229822	0.0	0	446.9482226430264	1324.59142432292	1	0	tensor(3, device='cuda:0')	1.8700679820208732
205200.0	2000.0	1124.5914243229968	0.0	0	584.2554737825412	1324.59142432292	1	0	tensor(3, device='cuda:0')	1.8700679820208732
206200.0	2000.0	1124.5914243230018	0.0	0	266.0208593036514	1324.5914243228908	1	0	tensor(3, device='cuda:0')	1.8700679820208743
207200.0	2000.0	1124.5914243229934	0.0	0	241.95139448504779	1324.5914243228617	1	0	tensor(3, device='cuda:0')	1.8700679820208754
208522.01535332314	2000.0	802.576070999882	0.0	0	0.0	1324.5914243228617	1	0	tensor(3, device='cuda:0')	1.8700679820208754
210048.92965748822	2000.0	275.6617668348392	0.0	0	0.0	1324.5914243228908	1	0	tensor(3, device='cuda:0')	1.8700679820208743
210852.2046188694	1000.0	612.5581528919679	140.17134743830593	0	0.0	1464.7627717611904	1	0	tensor(3, device='cuda:0')	-0.3627542529895157
211503.80060258528	1000.0	960.9621691761095	0.0	0	0.0	1464.7627717611904	1	0	tensor(3, device='cuda:0')	1.1714210122002648
212200.0	1000.0	1264.762771761395	0.0	0	184.20601748931222	1464.7627717611904	1	0	tensor(3, device='cuda:0')	1.1714210122002648
213200.0	1000.0	1264.7627717613716	0.0	0	412.0990020823083	1464.7627717611904	1	0	tensor(3, device='cuda:0')	1.1714210122002648
214200.0	1000.0	1264.7627717614023	0.0	0	403.9873545222217	1464.7627717611904	1	0	tensor(3, device='cuda:0')	1.1714210122002648
215200.0	1000.0	1264.7627717613934	0.0	0	256.2090155585611	1464.7627717611904	1	0	tensor(3, device='cuda:0')	1.1714210122002648
216200.0	1000.0	1264.7627717613927	0.0	0	330.91638610031805	1464.7627717611904	1	0	tensor(3, device='cuda:0')	1.1714210122002648
217311.7906094529	2000.0	1152.9721623085147	0.0	0	0.0	1464.7627717611904	1	0	tensor(3, device='cuda:0')	1.1714210122002646
218200.0	2000.0	1264.7627717614505	0.0	0	211.11131301044952	1464.7627717612195	1	0	tensor(3, device='cuda:0')	1.8645681927602087
219200.0	2000.0	1264.7627717614753	0.0	0	258.46025929934694	1464.7627717612195	1	0	tensor(3, device='cuda:0')	1.8645681927602087
220200.0	3000.0	1164.7627717614778	0.0	0	202.1947516311193	1364.7627717612195	1	0	tensor(4, device='cuda:0')	1.4673061114294375
221725.38268145826	6000.0	639.3800903032412	0.0	0	0.0	1364.7627717612195	1	0	tensor(3, device='cuda:0')	2.0740334020688223
222467.7181755814	3000.0	822.8110467678044	0.0	0	0.0	1290.5292223489087	1	0	tensor(4, device='cuda:0')	1.234521422139141
223200.0	3000.0	1017.3010399073261	0.0	0	12.630395127547672	1217.3010399069753	1	0	tensor(4, device='cuda:0')	2.1320915652420473
224200.0	3000.0	917.3010399073014	0.0	0	279.50767321238527	1117.3010399069462	1	0	tensor(4, device='cuda:0')	2.081286750487874
225200.0	2000.0	917.3010399072712	0.0	0	259.5980712042365	1117.3010399069462	1	0	tensor(3, device='cuda:0')	1.271467107944975
226200.4020723085	2000.0	916.8989675988054	0.0	0	0.0	1117.3010399069462	1	0	tensor(3, device='cuda:0')	1.8769322160531399
227200.0	2000.0	917.3010399073281	0.0	0	42.38687604214647	1117.3010399069462	1	0	tensor(3, device='cuda:0')	1.8769322160531399
228200.0	2000.0	917.3010399073755	0.0	0	7.073968850338133	1117.3010399069462	1	0	tensor(3, device='cuda:0')	1.8769322160531399
229200.0	2000.0	917.3010399073739	0.0	0	133.56462363226456	1117.3010399069462	1	0	tensor(3, device='cuda:0')	1.8769322160531399
230200.0	2000.0	917.3010399073701	0.0	0	291.3177388609038	1117.3010399069462	1	0	tensor(3, device='cuda:0')	1.8769322160531399
231200.0	2000.0	917.301039907378	0.0	0	449.7100129232567	1117.3010399069462	1	0	tensor(3, device='cuda:0')	1.8769322160531399
232200.0	2000.0	917.3010399073491	0.0	0	207.42448983265786	1117.3010399069171	1	0	tensor(3, device='cuda:0')	1.8769322160531408
233280.59840402656	2000.0	836.702635880775	0.0	0	0.0	1117.301039906888	1	0	tensor(3, device='cuda:0')	1.8769322160531416
234468.48090448548	2000.0	648.8201354218762	0.0	0	0.0	1117.3010399069171	1	0	tensor(3, device='cuda:0')	1.8769322160531408
235200.0	1000.0	917.3010399073537	0.0	0	73.10400358439074	1117.3010399069171	1	0	tensor(3, device='cuda:0')	0.4906378549332504
236200.0	2000.0	917.3010399073466	0.0	0	106.52745538754971	1117.3010399069171	1	0	tensor(3, device='cuda:0')	1.1837850354931956
237200.0	2000.0	917.3010399073655	0.0	0	203.60183587676147	1117.3010399069171	1	0	tensor(3, device='cuda:0')	1.8769322160531408
238200.0	2000.0	917.3010399073747	0.0	0	47.63176271496923	1117.3010399069171	1	0	tensor(3, device='cuda:0')	1.8769322160531408
239200.0	2000.0	917.3010399073687	0.0	0	503.6664480897598	1117.3010399069171	1	0	tensor(3, device='cuda:0')	1.8769322160531408
240200.0	2000.0	917.3010399073582	0.0	0	426.20772058248986	1117.3010399069171	1	0	tensor(3, device='cuda:0')	1.8769322160531408
241200.0	2000.0	917.3010399073378	0.0	0	315.2511868889269	1117.3010399069171	1	0	tensor(3, device='cuda:0')	1.8769322160531408
242200.0	2000.0	917.3010399073164	0.0	0	346.7849404939916	1117.3010399069171	1	0	tensor(3, device='cuda:0')	1.8769322160531408
243200.0	2000.0	917.3010399073203	0.0	0	377.4956196467683	1117.3010399069171	1	0	tensor(3, device='cuda:0')	1.8769322160531408
244200.0	2000.0	917.3010399073108	0.0	0	79.99196690591634	1117.3010399069171	1	0	tensor(3, device='cuda:0')	1.8769322160531408
245200.0	2000.0	917.3010399073128	0.0	0	288.84481918241363	1117.301039906888	1	0	tensor(3, device='cuda:0')	1.8769322160531416
246200.0	2000.0	917.3010399073125	0.0	0	574.0096655853558	1117.301039906888	1	0	tensor(3, device='cuda:0')	1.8769322160531416
247200.0	2000.0	917.301039907325	0.0	0	490.43128951001563	1117.301039906888	1	0	tensor(3, device='cuda:0')	1.8769322160531416
248200.0	2000.0	917.3010399073128	0.0	0	330.87197378030396	1117.301039906888	1	0	tensor(3, device='cuda:0')	1.8769322160531416
249200.0	2000.0	917.301039907326	0.0	0	242.81496210952173	1117.301039906888	1	0	tensor(3, device='cuda:0')	1.8769322160531416
250400.3979145623	2000.0	716.9031253450162	0.0	0	0.0	1117.301039906888	1	0	tensor(3, device='cuda:0')	1.8769322160531416
251727.19238897666	2000.0	390.10865093061534	0.0	0	0.0	1117.301039906888	1	0	tensor(3, device='cuda:0')	1.8769322160531416
252706.4456345965	2000.0	526.184790428076	115.3293851172757	0	0.0	1232.6304250241374	1	0	tensor(3, device='cuda:0')	1.1813100473235871
253448.04773916275	2000.0	784.5826858617863	0.0	0	0.0	1232.6304250241374	1	0	tensor(3, device='cuda:0')	1.8732863580272414
254200.0	2000.0	1032.6304250245553	0.0	0	22.06940098697669	1232.6304250241374	1	0	tensor(3, device='cuda:0')	1.8732863580272414
255200.0	2000.0	1032.6304250245566	0.0	0	230.9234359441034	1232.6304250241374	1	0	tensor(3, device='cuda:0')	1.8732863580272414
256200.0	2000.0	1032.630425024529	0.0	0	66.9215787925059	1232.6304250241083	1	0	tensor(3, device='cuda:0')	1.873286358027242
257200.0	2000.0	1032.6304250245585	0.0	0	402.6138033842435	1232.6304250241083	1	0	tensor(3, device='cuda:0')	1.873286358027242
258200.0	2000.0	1032.630425024572	0.0	0	48.65248509673984	1232.6304250241083	1	0	tensor(3, device='cuda:0')	1.873286358027242
259301.73458464202	2000.0	930.8958403825428	0.0	0	0.0	1232.6304250241083	1	0	tensor(3, device='cuda:0')	1.873286358027242
260474.13214425757	2000.0	758.4982807670033	0.0	0	0.0	1232.6304250240792	1	0	tensor(3, device='cuda:0')	1.873286358027243
261916.3031592105	2000.0	316.3272658140637	0.0	0	0.0	1232.6304250240792	1	0	tensor(3, device='cuda:0')	1.873286358027243
262667.33950038033	1000.0	635.2210150758112	69.9300904315894	0	0.0	1302.5605154556397	1	0	tensor(3, device='cuda:0')	0.06499078138529718
263200.0	1000.0	1102.560515456114	0.0	0	14.141832345398143	1302.5605154555815	1	0	tensor(3, device='cuda:0')	1.1777185045347798
264502.385317714	2000.0	800.175197742112	0.0	0	0.0	1302.5605154555524	1	0	tensor(3, device='cuda:0')	1.1777185045347827
265200.0	1000.0	1102.5605154561554	0.0	0	32.87535884854151	1302.5605154556106	1	0	tensor(3, device='cuda:0')	0.48457132397483527
266200.0	1000.0	1102.56051545615	0.0	0	373.92505495407386	1302.5605154556106	1	0	tensor(3, device='cuda:0')	1.1777185045347804
267200.0	1000.0	1102.5605154562013	0.0	0	471.6746205202071	1302.5605154556688	1	0	tensor(3, device='cuda:0')	1.1777185045347784
268200.0	1000.0	1102.5605154561545	0.0	0	314.3950581710087	1302.5605154556688	1	0	tensor(3, device='cuda:0')	1.1777185045347784
269573.03485463746	2000.0	729.5256608187283	0.0	0	0.0	1302.5605154556688	1	0	tensor(3, device='cuda:0')	1.1777185045347784
270429.73791436665	1000.0	872.8226010895471	0.0	0	0.0	1302.5605154556688	1	0	tensor(3, device='cuda:0')	0.48457132397483316
271322.07219474163	1000.0	980.4883207145806	0.0	0	0.0	1302.5605154556688	1	0	tensor(3, device='cuda:0')	1.1777185045347784
272200.0	1000.0	1102.5605154561651	0.0	0	374.5505245302338	1302.5605154556688	1	0	tensor(3, device='cuda:0')	1.1777185045347784
273200.0	1000.0	1102.5605154561642	0.0	0	430.4733371268958	1302.5605154556688	1	0	tensor(3, device='cuda:0')	1.1777185045347784
274265.0527008564	2000.0	1037.5078145997863	0.0	0	0.0	1302.5605154556688	1	0	tensor(3, device='cuda:0')	1.1777185045347784
275217.6727751909	2000.0	1084.8877402652593	0.0	0	0.0	1302.5605154556688	1	0	tensor(3, device='cuda:0')	1.8708656850947236
276200.0	2000.0	1102.5605154561902	0.0	0	53.89044069300871	1302.5605154556688	1	0	tensor(3, device='cuda:0')	1.8708656850947236
277200.0	2000.0	1102.5605154562052	0.0	0	94.1928387649823	1302.5605154556688	1	0	tensor(3, device='cuda:0')	1.8708656850947236
278200.0	2000.0	1102.560515456178	0.0	0	139.5169972886215	1302.5605154556688	1	0	tensor(3, device='cuda:0')	1.8708656850947236
279200.0	2000.0	1102.560515456159	0.0	0	215.25128727505216	1302.5605154556688	1	0	tensor(3, device='cuda:0')	1.8708656850947236
280200.0	2000.0	1102.560515456189	0.0	0	335.15560705406824	1302.5605154556688	1	0	tensor(3, device='cuda:0')	1.8708656850947236
281260.5569061627	2000.0	1042.0036092934952	0.0	0	0.0	1302.5605154556688	1	0	tensor(3, device='cuda:0')	1.8708656850947236
282200.0	2000.0	1102.5605154562006	0.0	0	37.36286328849383	1302.5605154556688	1	0	tensor(3, device='cuda:0')	1.8708656850947236
283200.0	2000.0	1102.5605154562068	0.0	0	46.35212514968589	1302.5605154556688	1	0	tensor(3, device='cuda:0')	1.8708656850947236
285000.2314296949	2000.0	302.3290857612195	0.0	0	0.0	1302.5605154556688	1	0	tensor(3, device='cuda:0')	1.8708656850947236
285618.4589392167	1000.0	691.9848490462	7.8832728066767	0	0.0	1310.4437882623752	1	0	tensor(3, device='cuda:0')	0.43698822700665685
286200.0	1000.0	1110.4437882628602	0.0	0	114.26405943068676	1310.443788262317	1	0	tensor(3, device='cuda:0')	1.1774350444066646
287200.0	1000.0	1110.4437882628158	0.0	0	338.49575840262696	1310.443788262317	1	0	tensor(3, device='cuda:0')	1.1774350444066646
288417.1118664336	2000.0	893.3319218292374	0.0	0	0.0	1310.443788262317	1	0	tensor(3, device='cuda:0')	1.1774350444066644
289200.0	1000.0	1110.4437882628517	0.0	0	309.27310492360266	1310.443788262317	1	0	tensor(3, device='cuda:0')	0.4842878638467193
290360.62337439484	2000.0	949.8204138680354	0.0	0	0.0	1310.4437882622587	1	0	tensor(3, device='cuda:0')	1.1774350444066664
291387.7594115737	2000.0	922.6843766891394	0.0	0	0.0	1310.4437882622587	1	0	tensor(3, device='cuda:0')	1.8705822249666115
292658.4059950699	2000.0	652.0377931929486	0.0	0	0.0	1310.4437882622587	1	0	tensor(3, device='cuda:0')	1.8705822249666115
293535.6354850759	2000.0	774.8083031869326	0.0	0	0.0	1310.4437882622587	1	0	tensor(3, device='cuda:0')	1.8705822249666115
294559.30297464627	2000.0	751.1408136165575	0.0	0	0.0	1310.4437882622587	1	0	tensor(3, device='cuda:0')	1.8705822249666115
295442.5283273402	2000.0	867.9154609226777	0.0	0	0.0	1310.4437882622587	1	0	tensor(3, device='cuda:0')	1.8705822249666115
296361.92924892507	2000.0	948.5145393377605	0.0	0	0.0	1310.4437882622587	1	0	tensor(3, device='cuda:0')	1.8705822249666115
297200.0	2000.0	1110.4437882627694	0.0	0	225.50799280125648	1310.4437882622587	1	0	tensor(3, device='cuda:0')	1.8705822249666115
298200.0	2000.0	1110.4437882627665	0.0	0	357.5636044899584	1310.4437882622587	1	0	tensor(3, device='cuda:0')	1.8705822249666115
299200.0	2000.0	1110.4437882627074	0.0	0	168.67904021503637	1310.4437882622587	1	0	tensor(3, device='cuda:0')	1.8705822249666115
300200.0	2000.0	1110.4437882626814	0.0	0	174.99404948734445	1310.4437882622587	1	0	tensor(3, device='cuda:0')	1.8705822249666115
301200.0	2000.0	1110.443788262696	0.0	0	509.00472271686886	1310.4437882622587	1	0	tensor(3, device='cuda:0')	1.8705822249666115
302200.0	2000.0	1110.4437882627265	0.0	0	156.46782573556993	1310.4437882622005	1	0	tensor(3, device='cuda:0')	1.8705822249666137
303200.0	2000.0	1110.443788262733	0.0	0	216.45716411049943	1310.4437882622587	1	0	tensor(3, device='cuda:0')	1.8705822249666115
1.84	2.75	3.44	3.6	3.27	2.65	3.17	2.94	3.28	2.51	2.88	3.76	4.55	4.56	4.71	4.19	4.46	5.07	4.62	4.11	4.58	4.29	3.56	3.28	2.62	1.01	0.741	0.614	1.15	1.32	2.24	2.35	2.88	2.83	3.26	3.14	3.45	3.16	3.57	3.05	2.0	1.82	2.2	2.37	2.7	1.95	2.07	2.32	2.91	3.7	3.85	3.95	3.37	1.69	1.89	1.52	1.87	2.63	2.33	2.26	2.64	2.77	3.63	3.44	2.79	3.35	4.29	3.23	3.57	3.24	2.85	2.0	1.45	1.45	1.18	1.16	1.83	2.46	3.42	4.12	4.01	3.85	3.26	3.1	2.09	2.33	2.58	2.72	3.08	3.46	2.91	2.56	3.53	3.7	3.88	2.29	1.91	2.72	2.4	2.27	2.5	1.53	1.2	1.61	2.47	3.07	3.08	2.94	1.33	1.19	1.56	1.98	1.27	1.11	1.51	1.66	1.68	2.13	1.54	1.89	1.29	1.54	1.77	1.76	2.12	2.49	2.62	1.77	1.68	1.71	2.36	2.56	2.94	2.02	2.25	2.95	2.77	1.97	1.38	1.68	2.4	3.31	2.95	2.33	3.24	3.56	2.61	3.03	3.98	3.85	2.05	1.44	1.32	1.83	0.985	1.3	1.6	1.85	1.37	1.18	1.1	0.904	1.71	2.47	2.25	2.15	2.06	2.15	2.42	3.2	2.28	2.72	2.57	3.1	2.93	3.43	3.97	4.22	4.34	3.97	3.74	3.82	3.15	3.02	2.49	2.9	2.84	3.09	2.92	2.92	3.37	2.54	2.4	1.47	1.84	2.76	3.48	3.54	3.78	4.24	3.86	3.31	1.78	1.61	1.52	1.7	1.78	1.16	1.71	1.39	1.97	2.11	2.7	3.56	4.31	5.19	4.77	4.95	4.0	3.31	1.58	2.02	2.56	2.68	2.41	3.46	2.66	2.21	2.15	1.31	1.89	2.26	2.47	3.41	3.08	3.57	2.85	2.83	2.61	3.27	4.12	3.56	2.81	2.22	1.98	1.55	2.18	2.58	2.65	3.37	3.04	2.72	2.9	2.2	2.06	1.89	1.7	1.75	1.89	1.4	1.48	1.49	1.75	2.26	1.24	1.27	1.54	2.1	2.19	2.61	2.57	2.92	2.15	2.28	2.36	2.42	2.86	1.85	1.84	1.04	1.67	2.06	2.24	1.78	1.99	2.06	1.88	2.18	2.35	2.41	2.47	2.84	2.83	3.22	3.13	3.45	3.29	2.42	2.47	2.22
91.0	92.0	93.0	94.0	95.0	96.0	97.0	98.0	99.0	100.0	101.0	102.0	103.0	104.0	105.0	106.0	107.0	108.0	109.0	110.0	111.0	112.0	113.0	114.0	115.0	116.0	117.0	118.0	119.0	120.0	121.0	122.0	123.0	124.0	125.0	126.0	127.0	128.0	129.0	130.0	131.0	132.0	133.0	134.0	135.0	136.0	137.0	138.0	139.0	140.0	141.0	142.0	143.0	144.0	145.0	146.0	147.0	148.0	149.0	150.0	151.0	152.0	153.0	154.0	155.0	156.0	157.0	158.0	159.0	160.0	161.0	162.0	163.0	164.0	165.0	166.0	167.0	168.0	169.0	170.0	171.0	172.0	173.0	174.0	175.0	176.0	177.0	178.0	179.0	180.0	181.0	182.0	183.0	184.0	185.0	186.0	187.0	188.0	189.0	190.0	191.0	192.0	193.0	194.0	195.0	196.0	197.0	198.0	199.0	200.0	201.0	202.0	203.0	204.0	205.0	206.0	207.0	208.0	209.0	210.0	211.0	212.0	213.0	214.0	215.0	216.0	217.0	218.0	219.0	220.0	221.0	222.0	223.0	224.0	225.0	226.0	227.0	228.0	229.0	230.0	231.0	232.0	233.0	234.0	235.0	236.0	237.0	238.0	239.0	240.0	241.0	242.0	243.0	244.0	245.0	246.0	247.0	248.0	249.0	250.0	251.0	252.0	253.0	254.0	255.0	256.0	257.0	258.0	259.0	260.0	261.0	262.0	263.0	264.0	265.0	266.0	267.0	268.0	269.0	270.0	271.0	272.0	273.0	274.0	275.0	276.0	277.0	278.0	279.0	280.0	281.0	282.0	283.0	284.0	285.0	286.0	287.0	288.0	289.0	290.0	291.0	292.0	293.0	294.0	295.0	296.0	297.0	298.0	299.0	300.0	301.0	302.0	303.0	304.0	305.0	306.0	307.0	308.0	309.0	310.0	311.0	312.0	313.0	314.0	315.0	316.0	317.0	318.0	319.0	320.0	321.0	322.0	323.0	324.0	325.0	326.0	327.0	328.0	329.0	330.0	331.0	332.0	333.0	334.0	335.0	336.0	337.0	338.0	339.0	340.0	341.0	342.0	343.0	344.0	345.0	346.0	347.0	348.0	349.0	350.0	351.0	352.0	353.0	354.0	355.0	356.0	357.0	358.0	359.0	360.0	361.0	362.0	363.0	364.0	365.0	366.0	367.0	368.0	369.0	370.0	371.0	372.0	373.0	374.0	375.0	376.0	377.0	378.0	379.0	380.0	381.0	382.0	383.0	384.0	385.0	386.0	387.0	388.0	389.0	390.0
4491.0
