9003.838484248758	1000.0	2000.0	231.08308947103038	0	0.0	6003.838484248758	1	0	tensor(6, device='cuda:0')	-12.325055101760404
9222.533514296716	1000.0	2781.304969952042	0.0	0	0.0	3003.8384842487585	1	0	tensor(6, device='cuda:0')	-7.976535041577015
10200.0	3000.0	2706.0918356784277	0.0	0	144.4644630303901	2906.0918356784277	1	0	tensor(4, device='cuda:0')	0.6392714053277548
11448.104422815584	6000.0	2457.9874128628426	0.0	0	0.0	2906.0918356784277	1	0	tensor(3, device='cuda:0')	1.9390386345874893
12785.265387156613	6000.0	2120.8264485218133	0.0	0	0.0	2906.0918356784277	1	0	tensor(3, device='cuda:0')	2.8321858151474344
13991.11840674903	6000.0	1914.9734289293958	0.0	0	0.0	2906.0918356784277	1	0	tensor(3, device='cuda:0')	2.8321858151474344
15595.331139278778	6000.0	1310.7606963996475	0.0	0	0.0	2906.0918356784277	1	0	tensor(3, device='cuda:0')	2.8321858151474344
16728.96067993533	3000.0	1063.7682016774415	0.0	0	0.0	2792.728881612773	1	0	tensor(4, device='cuda:0')	1.0325956623618857
17932.61693432277	3000.0	739.7463218512565	0.0	0	0.0	2672.363256174025	1	0	tensor(4, device='cuda:0')	1.9294445382151497
18833.158653680934	3000.0	749.1504305572765	0.0	0	0.0	2582.30908423821	1	0	tensor(4, device='cuda:0')	2.002074537630352
20131.347109802664	3000.0	321.143128823378	0.0	0	0.0	2452.49023862604	1	0	tensor(4, device='cuda:0')	1.9371810149338313
21366.39078074444	3000.0	257.9739657707217	268.5262499848177	0	0.0	2624.364746515159	1	0	tensor(4, device='cuda:0')	0.3713189746181314
22901.736670863655	3000.0	215.1887764951104	587.3593544141164	0	0.0	3116.9254473587644	1	0	tensor(4, device='cuda:0')	-1.6171219372772392
23639.814315736407	3000.0	592.382338733737	171.88997418059552	0	0.0	3232.1966544701463	1	0	tensor(4, device='cuda:0')	0.9274226196078609
24241.43203292019	3000.0	930.6028498315709	0.0	0	0.0	3172.03488275177	1	0	tensor(4, device='cuda:0')	1.9656960222791962
25298.428656371518	3000.0	767.9065640351089	0.0	0	0.0	3066.335220406636	1	0	tensor(4, device='cuda:0')	1.893218649894301
26373.353311349067	3000.0	585.4894435598087	0.0	0	0.0	2958.8427549088883	1	0	tensor(4, device='cuda:0')	1.9102820012143749
27076.77457963402	3000.0	811.7260484463603	0.0	0	0.0	2888.5006280803937	1	0	tensor(4, device='cuda:0')	1.9980746615140226
28112.85311816751	3000.0	672.03965605952	0.0	0	0.0	2784.892774227039	1	0	tensor(4, device='cuda:0')	1.9470304166427086
29259.41694333202	3000.0	410.81944837855156	0.0	0	0.0	2670.236391710583	1	0	tensor(4, device='cuda:0')	1.9409820289694049
30005.031669979904	3000.0	629.0976101213089	34.958510050393215	0	0.0	2634.1292801012205	1	0	tensor(4, device='cuda:0')	1.824863994272366
30763.572567465264	3000.0	794.702622887411	0.0	0	0.0	2558.275190352684	1	0	tensor(4, device='cuda:0')	2.034591672717222
31569.427586095877	3000.0	908.2621023937393	0.0	0	0.0	2477.689688489627	1	0	tensor(4, device='cuda:0')	2.0342251403032527
32473.925384606962	3000.0	913.3145240315453	0.0	0	0.0	2387.2399086385158	1	0	tensor(4, device='cuda:0')	2.0240781530605565
33048.52108294499	3000.0	1281.2592558597137	0.0	0	0.0	2329.780338804714	1	0	tensor(4, device='cuda:0')	2.0967515764446416
33630.49176084447	3000.0	1641.091510170295	0.0	0	0.0	2271.583271014766	1	0	tensor(4, device='cuda:0')	2.10092051326156
34332.32455711209	3000.0	1869.07543427591	0.0	0	0.0	2201.3999913880107	1	0	tensor(4, device='cuda:0')	2.082905446510337
35203.761363212645	3000.0	1910.4949475653063	0.0	0	0.0	2114.2563107779642	1	0	tensor(4, device='cuda:0')	2.055527005585837
36508.47549767096	3000.0	1475.3093996611692	0.0	0	0.0	1983.7848973321452	1	0	tensor(4, device='cuda:0')	1.9786015240474202
37792.39365948609	3000.0	1062.9994216645216	0.0	0	0.0	1855.3930811506361	1	0	tensor(4, device='cuda:0')	1.9911137211018155
38457.18939336224	2000.0	1398.2036877883686	0.0	0	0.0	1855.3930811506361	1	0	tensor(3, device='cuda:0')	1.2391358791866636
39353.22986622755	2000.0	1502.1632149230563	0.0	0	0.0	1855.3930811506361	1	0	tensor(3, device='cuda:0')	1.8446009872948284
40323.39634453069	2000.0	1531.9967366199223	0.0	0	0.0	1855.3930811506361	1	0	tensor(3, device='cuda:0')	1.8446009872948284
41200.0	2000.0	1655.393081150618	0.0	0	272.1037235766853	1855.3930811506361	1	0	tensor(3, device='cuda:0')	1.8446009872948284
42200.0	3000.0	1555.3930811506214	0.0	0	203.93000405360362	1755.3930811506434	1	0	tensor(4, device='cuda:0')	1.4484994141889869
43277.26656103447	3000.0	1370.3998640127072	0.0	0	0.0	1647.6664250471877	1	0	tensor(4, device='cuda:0')	2.044883872142364
44200.0	3000.0	1355.393081150624	0.0	0	20.594883533740358	1555.3930811506361	1	0	tensor(4, device='cuda:0')	2.0803353074323514
45200.0	3000.0	1255.3930811506184	0.0	0	289.3813274846325	1455.3930811506289	1	0	tensor(4, device='cuda:0')	2.068886150729621
46200.0	3000.0	1155.3930811506134	0.0	0	266.5438285678538	1355.3930811506216	1	0	tensor(4, device='cuda:0')	2.0730200835610293
47200.0	2000.0	1155.3930811506234	0.0	0	291.7161352942203	1355.3930811506216	1	0	tensor(3, device='cuda:0')	1.2634582813931765
48200.0	2000.0	1155.393081150622	0.0	0	411.9650856620501	1355.3930811506216	1	0	tensor(3, device='cuda:0')	1.8689233895013413
49200.0	6000.0	1155.3930811506239	0.0	0	67.39381854975363	1355.3930811506143	1	0	tensor(3, device='cuda:0')	1.8689233895013415
50200.0	3000.0	1055.393081150619	0.0	0	501.99616694659926	1255.3930811506143	1	0	tensor(4, device='cuda:0')	1.1834640193356374
51243.04131133167	6000.0	1012.3517698189526	0.0	0	0.0	1255.3930811506143	1	0	tensor(3, device='cuda:0')	2.077981707775418
52223.62685114524	3000.0	933.7076760240225	0.0	0	0.0	1157.3345271692451	1	0	tensor(4, device='cuda:0')	1.1909331358562292
53265.33564641249	2000.0	891.9988807567831	0.0	0	0.0	1157.3345271692451	1	0	tensor(3, device='cuda:0')	1.2702481551155098
54200.0	2000.0	957.3345271692767	0.0	0	178.80301247140596	1157.3345271692451	1	0	tensor(3, device='cuda:0')	1.8757132632236746
55200.0	2000.0	957.3345271692815	0.0	0	429.95972258112306	1157.3345271692451	1	0	tensor(3, device='cuda:0')	1.8757132632236746
56200.0	2000.0	957.3345271692824	0.0	0	337.3235885762333	1157.3345271692451	1	0	tensor(3, device='cuda:0')	1.8757132632236746
57200.0	2000.0	957.3345271692854	0.0	0	332.3535750473966	1157.3345271692451	1	0	tensor(3, device='cuda:0')	1.8757132632236746
58200.0	2000.0	957.3345271692938	0.0	0	451.6735311163575	1157.3345271692451	1	0	tensor(3, device='cuda:0')	1.8757132632236746
59200.0	2000.0	957.334527169306	0.0	0	588.6755148075099	1157.3345271692451	1	0	tensor(3, device='cuda:0')	1.8757132632236746
60200.0	2000.0	957.3345271693054	0.0	0	637.3781540197378	1157.3345271692451	1	0	tensor(3, device='cuda:0')	1.8757132632236746
61200.0	2000.0	957.3345271693079	0.0	0	410.42008082108805	1157.3345271692451	1	0	tensor(3, device='cuda:0')	1.8757132632236746
62200.0	2000.0	957.3345271693026	0.0	0	528.9115814334873	1157.3345271692451	1	0	tensor(3, device='cuda:0')	1.8757132632236746
63200.0	2000.0	957.3345271693056	0.0	0	502.0542827962854	1157.3345271692451	1	0	tensor(3, device='cuda:0')	1.8757132632236746
64200.0	2000.0	957.3345271693058	0.0	0	364.1039245397624	1157.3345271692451	1	0	tensor(3, device='cuda:0')	1.8757132632236746
65200.0	2000.0	957.3345271693029	0.0	0	265.09560776547005	1157.3345271692524	1	0	tensor(3, device='cuda:0')	1.8757132632236746
66200.0	2000.0	957.3345271693136	0.0	0	241.64902046463976	1157.334527169267	1	0	tensor(3, device='cuda:0')	1.8757132632236742
67200.0	2000.0	957.3345271693031	0.0	0	548.050832992114	1157.334527169267	1	0	tensor(3, device='cuda:0')	1.8757132632236742
68200.0	2000.0	957.3345271692983	0.0	0	480.05294713373587	1157.3345271692524	1	0	tensor(3, device='cuda:0')	1.8757132632236746
69200.0	2000.0	957.3345271692976	0.0	0	540.1176379950484	1157.3345271692524	1	0	tensor(3, device='cuda:0')	1.8757132632236746
70226.76467869025	2000.0	930.5698484790594	0.0	0	0.0	1157.3345271692524	1	0	tensor(3, device='cuda:0')	1.8757132632236746
71200.0	2000.0	957.3345271693101	0.0	0	292.044985508619	1157.3345271692524	1	0	tensor(3, device='cuda:0')	1.8757132632236746
72200.0	2000.0	957.3345271693015	0.0	0	162.66889007347345	1157.3345271692524	1	0	tensor(3, device='cuda:0')	1.8757132632236746
73213.73376816737	2000.0	943.6007590019303	0.0	0	0.0	1157.3345271692524	1	0	tensor(3, device='cuda:0')	1.8757132632236746
74200.0	2000.0	957.3345271693065	0.0	0	234.1488874682691	1157.3345271692524	1	0	tensor(3, device='cuda:0')	1.8757132632236746
75200.0	2000.0	957.3345271693149	0.0	0	300.6901288560621	1157.3345271692524	1	0	tensor(3, device='cuda:0')	1.8757132632236746
76200.0	2000.0	957.334527169312	0.0	0	365.00082287153054	1157.3345271692524	1	0	tensor(3, device='cuda:0')	1.8757132632236746
77200.0	2000.0	957.334527169322	0.0	0	496.0737666187779	1157.3345271692524	1	0	tensor(3, device='cuda:0')	1.8757132632236746
78200.0	2000.0	957.3345271693156	0.0	0	558.7227735365886	1157.3345271692524	1	0	tensor(3, device='cuda:0')	1.8757132632236746
79200.0	2000.0	957.3345271693297	0.0	0	270.1390482785355	1157.3345271692524	1	0	tensor(3, device='cuda:0')	1.8757132632236746
80200.0	2000.0	957.3345271693249	0.0	0	304.4496763087809	1157.3345271692524	1	0	tensor(3, device='cuda:0')	1.8757132632236746
81200.0	2000.0	957.3345271693211	0.0	0	510.1388841221633	1157.3345271692524	1	0	tensor(3, device='cuda:0')	1.8757132632236746
82200.0	2000.0	957.3345271693242	0.0	0	249.51222409040201	1157.3345271692524	1	0	tensor(3, device='cuda:0')	1.8757132632236746
83200.0	2000.0	957.3345271693165	0.0	0	299.55848289927235	1157.3345271692524	1	0	tensor(3, device='cuda:0')	1.8757132632236746
84200.0	2000.0	957.3345271693047	0.0	0	565.3245606318233	1157.3345271692524	1	0	tensor(3, device='cuda:0')	1.8757132632236746
85200.0	2000.0	957.3345271693051	0.0	0	284.04460390373424	1157.334527169267	1	0	tensor(3, device='cuda:0')	1.875713263223674
86200.0	2000.0	957.3345271693183	0.0	0	386.7647707352444	1157.334527169267	1	0	tensor(3, device='cuda:0')	1.875713263223674
87200.0	2000.0	957.3345271693211	0.0	0	285.39528873414383	1157.3345271692524	1	0	tensor(3, device='cuda:0')	1.8757132632236746
88372.3665095089	2000.0	784.9680176604421	0.0	0	0.0	1157.334527169267	1	0	tensor(3, device='cuda:0')	1.875713263223674
89200.0	2000.0	957.3345271693527	0.0	0	128.8776281256869	1157.3345271692815	1	0	tensor(3, device='cuda:0')	1.8757132632236733
90200.0	2000.0	957.3345271693454	0.0	0	384.4285141793662	1157.334527169267	1	0	tensor(3, device='cuda:0')	1.875713263223674
91200.0	2000.0	957.3345271693283	0.0	0	549.3281174424919	1157.3345271692815	1	0	tensor(3, device='cuda:0')	1.8757132632236733
92200.0	2000.0	957.3345271693127	0.0	0	371.6579209466727	1157.334527169296	1	0	tensor(3, device='cuda:0')	1.875713263223673
93200.0	2000.0	957.3345271693142	0.0	0	563.2301248075382	1157.334527169296	1	0	tensor(3, device='cuda:0')	1.875713263223673
94200.0	2000.0	957.3345271693117	0.0	0	521.6091816548142	1157.334527169296	1	0	tensor(3, device='cuda:0')	1.875713263223673
95200.0	2000.0	957.3345271693097	0.0	0	621.2052680012421	1157.334527169296	1	0	tensor(3, device='cuda:0')	1.875713263223673
96200.0	6000.0	957.3345271692992	0.0	0	15.56735552509781	1157.334527169296	1	0	tensor(3, device='cuda:0')	1.8757132632236733
97200.0	2000.0	957.3345271692992	0.0	0	522.2996264176181	1157.334527169296	1	0	tensor(3, device='cuda:0')	0.7771009745555635
98200.0	2000.0	957.3345271692981	0.0	0	552.8721509013994	1157.334527169296	1	0	tensor(3, device='cuda:0')	1.875713263223673
99200.0	2000.0	957.3345271693161	0.0	0	411.4405448442121	1157.334527169296	1	0	tensor(3, device='cuda:0')	1.875713263223673
100200.0	2000.0	957.3345271692986	0.0	0	397.73244926004554	1157.3345271692815	1	0	tensor(3, device='cuda:0')	1.8757132632236733
101200.0	2000.0	957.3345271692976	0.0	0	492.2570651156857	1157.3345271692815	1	0	tensor(3, device='cuda:0')	1.8757132632236733
102200.0	2000.0	957.3345271692913	0.0	0	358.74756879749475	1157.3345271692815	1	0	tensor(3, device='cuda:0')	1.8757132632236733
103200.0	2000.0	957.334527169287	0.0	0	416.6502707632608	1157.3345271692815	1	0	tensor(3, device='cuda:0')	1.8757132632236733
104200.0	2000.0	957.3345271692881	0.0	0	381.137795836039	1157.334527169267	1	0	tensor(3, device='cuda:0')	1.875713263223674
105200.0	2000.0	957.3345271692974	0.0	0	496.60636415136105	1157.334527169267	1	0	tensor(3, device='cuda:0')	1.875713263223674
106200.0	2000.0	957.3345271692986	0.0	0	536.2334687385592	1157.3345271692524	1	0	tensor(3, device='cuda:0')	1.8757132632236746
107200.0	2000.0	957.334527169289	0.0	0	302.7245344387193	1157.3345271692378	1	0	tensor(3, device='cuda:0')	1.8757132632236748
108200.0	2000.0	957.3345271692729	0.0	0	385.6437263885746	1157.3345271692378	1	0	tensor(3, device='cuda:0')	1.8757132632236748
109200.0	2000.0	957.3345271692581	0.0	0	484.40544038065127	1157.3345271692378	1	0	tensor(3, device='cuda:0')	1.8757132632236748
110200.0	2000.0	957.3345271692706	0.0	0	402.72600567311747	1157.3345271692378	1	0	tensor(3, device='cuda:0')	1.8757132632236748
111200.0	2000.0	957.3345271692694	0.0	0	415.259632947942	1157.3345271692233	1	0	tensor(3, device='cuda:0')	1.8757132632236753
112200.0	2000.0	957.3345271692522	0.0	0	638.6822294239973	1157.3345271692233	1	0	tensor(3, device='cuda:0')	1.8757132632236753
113200.0	2000.0	957.3345271692601	0.0	0	393.3653676025424	1157.3345271692233	1	0	tensor(3, device='cuda:0')	1.8757132632236753
114200.0	2000.0	957.3345271692469	0.0	0	516.8995836716203	1157.3345271692233	1	0	tensor(3, device='cuda:0')	1.8757132632236753
115200.0	2000.0	957.3345271692438	0.0	0	652.2565338581771	1157.3345271692233	1	0	tensor(3, device='cuda:0')	1.8757132632236753
116200.0	2000.0	957.3345271692397	0.0	0	566.0511028359615	1157.3345271692233	1	0	tensor(3, device='cuda:0')	1.8757132632236753
117200.0	2000.0	957.3345271692449	0.0	0	544.1139661526831	1157.3345271692233	1	0	tensor(3, device='cuda:0')	1.8757132632236753
118200.0	2000.0	957.3345271692472	0.0	0	543.1445805680269	1157.3345271692233	1	0	tensor(3, device='cuda:0')	1.8757132632236753
119200.0	2000.0	957.3345271692406	0.0	0	464.0450426450843	1157.3345271692233	1	0	tensor(3, device='cuda:0')	1.8757132632236753
120200.0	2000.0	957.3345271692472	0.0	0	608.261153002939	1157.3345271692378	1	0	tensor(3, device='cuda:0')	1.8757132632236748
121362.71437622326	6000.0	794.6201509459943	0.0	0	0.0	1157.3345271692233	1	0	tensor(3, device='cuda:0')	1.8757132632236755
122200.0	2000.0	957.3345271692463	0.0	0	327.81092928197177	1157.3345271692233	1	0	tensor(3, device='cuda:0')	0.7771009745555657
123200.0	2000.0	957.3345271692406	0.0	0	487.6391728728631	1157.3345271692233	1	0	tensor(3, device='cuda:0')	1.8757132632236753
124200.0	2000.0	957.3345271692433	0.0	0	540.0784393639042	1157.3345271692233	1	0	tensor(3, device='cuda:0')	1.8757132632236753
125200.0	2000.0	957.3345271692469	0.0	0	525.3586014875473	1157.3345271692233	1	0	tensor(3, device='cuda:0')	1.8757132632236753
126200.0	2000.0	957.3345271692317	0.0	0	375.6323712708254	1157.3345271692233	1	0	tensor(3, device='cuda:0')	1.8757132632236753
127200.0	2000.0	957.3345271692419	0.0	0	560.349238658222	1157.3345271692233	1	0	tensor(3, device='cuda:0')	1.8757132632236753
128200.0	2000.0	957.334527169241	0.0	0	428.8643691221805	1157.3345271692233	1	0	tensor(3, device='cuda:0')	1.8757132632236753
129200.0	2000.0	957.334527169241	0.0	0	681.5668621477962	1157.3345271692233	1	0	tensor(3, device='cuda:0')	1.8757132632236753
130200.0	2000.0	957.3345271692451	0.0	0	527.2764946746174	1157.3345271692233	1	0	tensor(3, device='cuda:0')	1.8757132632236753
131200.0	6000.0	957.3345271692485	0.0	0	39.63975080498494	1157.3345271692233	1	0	tensor(3, device='cuda:0')	1.8757132632236755
132200.0	2000.0	957.3345271692656	0.0	0	434.55780618527206	1157.3345271692524	1	0	tensor(3, device='cuda:0')	0.7771009745555653
133200.0	2000.0	957.3345271692779	0.0	0	324.23855019689654	1157.334527169267	1	0	tensor(3, device='cuda:0')	1.875713263223674
134200.0	2000.0	957.3345271692921	0.0	0	42.191609983798116	1157.334527169267	1	0	tensor(3, device='cuda:0')	1.875713263223674
135200.0	2000.0	957.3345271692549	0.0	0	97.61193329867092	1157.334527169267	1	0	tensor(3, device='cuda:0')	1.875713263223674
136200.0	2000.0	957.3345271692593	0.0	0	27.39395864045946	1157.334527169267	1	0	tensor(3, device='cuda:0')	1.875713263223674
137209.69020122854	2000.0	947.6443259406927	0.0	0	0.0	1157.334527169267	1	0	tensor(3, device='cuda:0')	1.875713263223674
138200.0	2000.0	957.3345271691846	0.0	0	494.026290949696	1157.334527169267	1	0	tensor(3, device='cuda:0')	1.875713263223674
139200.0	2000.0	957.3345271692194	0.0	0	558.4101704711211	1157.334527169267	1	0	tensor(3, device='cuda:0')	1.875713263223674
140200.0	2000.0	957.3345271692153	0.0	0	503.58720560453366	1157.334527169267	1	0	tensor(3, device='cuda:0')	1.875713263223674
141200.0	2000.0	957.334527169216	0.0	0	308.1631897924817	1157.334527169267	1	0	tensor(3, device='cuda:0')	1.875713263223674
142200.0	2000.0	957.3345271692042	0.0	0	398.5684783188044	1157.334527169267	1	0	tensor(3, device='cuda:0')	1.875713263223674
143200.0	2000.0	957.3345271692231	0.0	0	368.2677826443105	1157.334527169267	1	0	tensor(3, device='cuda:0')	1.875713263223674
144200.0	2000.0	957.3345271691865	0.0	0	422.32941792931524	1157.334527169267	1	0	tensor(3, device='cuda:0')	1.875713263223674
145200.0	2000.0	957.3345271692157	0.0	0	11.248408553743502	1157.334527169267	1	0	tensor(3, device='cuda:0')	1.875713263223674
146389.41660880606	2000.0	767.9179183631671	0.0	0	0.0	1157.3345271692378	1	0	tensor(3, device='cuda:0')	1.8757132632236748
147561.94033706596	2000.0	595.3941901032686	0.0	0	0.0	1157.3345271692378	1	0	tensor(3, device='cuda:0')	1.8757132632236748
148676.84225780584	2000.0	480.4922693634077	0.0	0	0.0	1157.3345271692378	1	0	tensor(3, device='cuda:0')	1.8757132632236748
149591.3171040434	2000.0	566.0174231258275	0.0	0	0.0	1157.334527169267	1	0	tensor(3, device='cuda:0')	1.875713263223674
150324.17507273002	2000.0	833.1594544392397	0.0	0	0.0	1157.334527169267	1	0	tensor(3, device='cuda:0')	1.875713263223674
151200.0	2000.0	957.3345271692851	0.0	0	291.1551021957421	1157.334527169267	1	0	tensor(3, device='cuda:0')	1.875713263223674
152200.0	2000.0	957.3345271692633	0.0	0	638.3778396130074	1157.334527169267	1	0	tensor(3, device='cuda:0')	1.875713263223674
153200.0	2000.0	957.334527169282	0.0	0	548.0597623226349	1157.334527169267	1	0	tensor(3, device='cuda:0')	1.875713263223674
154200.0	6000.0	957.3345271692788	0.0	0	22.561790018924512	1157.334527169267	1	0	tensor(3, device='cuda:0')	1.8757132632236737
155200.0	2000.0	957.3345271692417	0.0	0	602.0847310710524	1157.334527169267	1	0	tensor(3, device='cuda:0')	0.7771009745555643
156200.0	2000.0	957.3345271692533	0.0	0	380.4058660736191	1157.334527169267	1	0	tensor(3, device='cuda:0')	1.875713263223674
157200.0	2000.0	957.3345271692222	0.0	0	148.5852471741091	1157.3345271692378	1	0	tensor(3, device='cuda:0')	1.8757132632236748
158200.0	2000.0	957.3345271692169	0.0	0	214.42148863422335	1157.3345271692378	1	0	tensor(3, device='cuda:0')	1.8757132632236748
159200.0	2000.0	957.3345271691896	0.0	0	387.9817170825554	1157.3345271692087	1	0	tensor(3, device='cuda:0')	1.8757132632236755
160200.0	2000.0	957.3345271692044	0.0	0	464.19620861057774	1157.3345271692087	1	0	tensor(3, device='cuda:0')	1.8757132632236755
161200.0	2000.0	957.3345271692162	0.0	0	165.31469568022294	1157.3345271692087	1	0	tensor(3, device='cuda:0')	1.8757132632236755
162200.0	2000.0	957.3345271692049	0.0	0	132.0511645443039	1157.3345271692087	1	0	tensor(3, device='cuda:0')	1.8757132632236755
163200.0	2000.0	957.3345271692426	0.0	0	215.8721304476203	1157.3345271692087	1	0	tensor(3, device='cuda:0')	1.8757132632236755
164200.0	2000.0	957.3345271692183	0.0	0	295.0867080548196	1157.3345271692087	1	0	tensor(3, device='cuda:0')	1.8757132632236755
165200.0	2000.0	957.3345271692347	0.0	0	418.98460669486667	1157.3345271692087	1	0	tensor(3, device='cuda:0')	1.8757132632236755
166200.0	2000.0	957.3345271692122	0.0	0	584.8462971614499	1157.3345271692087	1	0	tensor(3, device='cuda:0')	1.8757132632236755
167200.0	2000.0	957.3345271692601	0.0	0	428.12847625807626	1157.3345271692378	1	0	tensor(3, device='cuda:0')	1.8757132632236748
168200.0	2000.0	957.3345271692638	0.0	0	384.17263110520435	1157.3345271692378	1	0	tensor(3, device='cuda:0')	1.8757132632236748
169200.0	2000.0	957.3345271692826	0.0	0	141.42305403912906	1157.3345271692378	1	0	tensor(3, device='cuda:0')	1.8757132632236748
170262.76451370612	2000.0	894.5700134631686	0.0	0	0.0	1157.3345271692378	1	0	tensor(3, device='cuda:0')	1.8757132632236748
171584.2298138155	2000.0	573.1047133537766	0.0	0	0.0	1157.3345271692378	1	0	tensor(3, device='cuda:0')	1.8757132632236748
172708.62127168945	2000.0	448.7132554798088	0.0	0	0.0	1157.3345271692378	1	0	tensor(3, device='cuda:0')	1.8757132632236748
173738.22171926894	1000.0	456.0163892154211	36.90358131510345	0	0.0	1194.2381084843364	1	0	tensor(3, device='cuda:0')	0.2668304078797942
174718.8589822797	1000.0	496.5412584399648	21.162132235299225	0	0.0	1215.4002407196385	1	0	tensor(3, device='cuda:0')	1.0537377046881053
175474.15074988882	1000.0	741.2494908308319	0.0	0	0.0	1215.4002407196385	1	0	tensor(3, device='cuda:0')	1.1807104980999008
176200.0	1000.0	1015.4002407196408	0.0	0	29.139469637389993	1215.4002407196385	1	0	tensor(3, device='cuda:0')	1.1807104980999008
177200.0	2000.0	1015.4002407196226	0.0	0	96.17662742597167	1215.4002407196385	1	0	tensor(3, device='cuda:0')	1.1807104980999008
178200.0	2000.0	1015.4002407196404	0.0	0	281.97810356880655	1215.4002407196676	1	0	tensor(3, device='cuda:0')	1.873857678659845
179200.0	2000.0	1015.4002407196574	0.0	0	228.64504710608162	1215.4002407196676	1	0	tensor(3, device='cuda:0')	1.873857678659845
180200.0	2000.0	1015.4002407196845	0.0	0	326.45219258236466	1215.4002407196676	1	0	tensor(3, device='cuda:0')	1.873857678659845
181200.0	2000.0	1015.4002407196981	0.0	0	380.6913582952984	1215.4002407196676	1	0	tensor(3, device='cuda:0')	1.873857678659845
182200.0	2000.0	1015.4002407196917	0.0	0	347.28466693265364	1215.4002407196676	1	0	tensor(3, device='cuda:0')	1.873857678659845
183200.0	2000.0	1015.4002407197108	0.0	0	266.72391325604985	1215.4002407196676	1	0	tensor(3, device='cuda:0')	1.873857678659845
184200.0	2000.0	1015.4002407196745	0.0	0	63.24986364034703	1215.4002407196676	1	0	tensor(3, device='cuda:0')	1.873857678659845
185200.0	2000.0	1015.4002407196558	0.0	0	364.9857751551608	1215.4002407196676	1	0	tensor(3, device='cuda:0')	1.873857678659845
186200.0	2000.0	1015.4002407196449	0.0	0	252.59576741198543	1215.4002407196385	1	0	tensor(3, device='cuda:0')	1.873857678659846
187200.0	2000.0	1015.400240719664	0.0	0	376.0141040518938	1215.4002407196385	1	0	tensor(3, device='cuda:0')	1.873857678659846
188200.0	2000.0	1015.4002407196181	0.0	0	465.6439388919971	1215.4002407196094	1	0	tensor(3, device='cuda:0')	1.873857678659847
189200.0	2000.0	1015.4002407196456	0.0	0	530.0506961512147	1215.4002407196094	1	0	tensor(3, device='cuda:0')	1.873857678659847
190200.0	2000.0	1015.400240719631	0.0	0	609.2073899643437	1215.4002407196094	1	0	tensor(3, device='cuda:0')	1.873857678659847
191665.47750370883	6000.0	549.9227370108063	0.0	0	0.0	1215.4002407196094	1	0	tensor(3, device='cuda:0')	1.8738576786598469
192341.39030362974	2000.0	874.0099370898834	0.0	0	0.0	1215.4002407196094	1	0	tensor(3, device='cuda:0')	0.7752453899917374
193200.0	2000.0	1015.4002407196303	0.0	0	363.0810990248574	1215.4002407196385	1	0	tensor(3, device='cuda:0')	1.873857678659846
194200.0	2000.0	1015.4002407196435	0.0	0	522.4628182568704	1215.4002407196385	1	0	tensor(3, device='cuda:0')	1.873857678659846
195200.0	2000.0	1015.4002407196158	0.0	0	653.1774181707588	1215.4002407196385	1	0	tensor(3, device='cuda:0')	1.873857678659846
196200.0	2000.0	1015.400240719588	0.0	0	452.72310071787797	1215.4002407196385	1	0	tensor(3, device='cuda:0')	1.873857678659846
197200.0	2000.0	1015.4002407195903	0.0	0	316.325272856775	1215.4002407196385	1	0	tensor(3, device='cuda:0')	1.873857678659846
198200.0	2000.0	1015.4002407195735	0.0	0	308.91805425522034	1215.4002407196094	1	0	tensor(3, device='cuda:0')	1.873857678659847
199200.0	2000.0	1015.4002407195903	0.0	0	545.4346817058977	1215.4002407196094	1	0	tensor(3, device='cuda:0')	1.873857678659847
200200.0	2000.0	1015.400240719599	0.0	0	411.68663964647567	1215.4002407196385	1	0	tensor(3, device='cuda:0')	1.873857678659846
201200.0	2000.0	1015.4002407196049	0.0	0	495.1488408216974	1215.4002407196385	1	0	tensor(3, device='cuda:0')	1.873857678659846
202200.0	2000.0	1015.4002407196044	0.0	0	265.9569959960063	1215.4002407196385	1	0	tensor(3, device='cuda:0')	1.873857678659846
203200.0	2000.0	1015.4002407196083	0.0	0	385.7941774162464	1215.4002407196094	1	0	tensor(3, device='cuda:0')	1.873857678659847
204200.0	2000.0	1015.400240719606	0.0	0	462.0108599476225	1215.4002407196385	1	0	tensor(3, device='cuda:0')	1.873857678659846
205200.0	2000.0	1015.4002407195874	0.0	0	485.294604136463	1215.4002407196385	1	0	tensor(3, device='cuda:0')	1.873857678659846
206200.0	2000.0	1015.4002407195912	0.0	0	412.85199069435475	1215.4002407196385	1	0	tensor(3, device='cuda:0')	1.873857678659846
207200.0	2000.0	1015.4002407195935	0.0	0	132.4918922879151	1215.4002407196385	1	0	tensor(3, device='cuda:0')	1.873857678659846
208200.0	2000.0	1015.4002407196169	0.0	0	391.3124615351553	1215.4002407196676	1	0	tensor(3, device='cuda:0')	1.873857678659845
209200.0	2000.0	1015.4002407196526	0.0	0	374.2869345990475	1215.4002407196676	1	0	tensor(3, device='cuda:0')	1.873857678659845
210200.0	2000.0	1015.4002407196167	0.0	0	457.34567456512013	1215.4002407196676	1	0	tensor(3, device='cuda:0')	1.873857678659845
211200.0	2000.0	1015.4002407196272	0.0	0	439.8242689561157	1215.4002407196676	1	0	tensor(3, device='cuda:0')	1.873857678659845
212200.0	2000.0	1015.4002407196087	0.0	0	431.8336079897126	1215.4002407196676	1	0	tensor(3, device='cuda:0')	1.873857678659845
213200.0	2000.0	1015.4002407195826	0.0	0	549.9857538554352	1215.4002407196676	1	0	tensor(3, device='cuda:0')	1.873857678659845
214200.0	2000.0	1015.400240719604	0.0	0	101.41840113583021	1215.4002407196676	1	0	tensor(3, device='cuda:0')	1.873857678659845
215200.0	2000.0	1015.4002407196328	0.0	0	36.57675576626207	1215.4002407196676	1	0	tensor(3, device='cuda:0')	1.873857678659845
216200.0	2000.0	1015.4002407196208	0.0	0	60.357232486479916	1215.4002407196385	1	0	tensor(3, device='cuda:0')	1.873857678659846
217200.0	2000.0	1015.4002407196376	0.0	0	10.386159713874804	1215.4002407196385	1	0	tensor(3, device='cuda:0')	1.873857678659846
218200.0	2000.0	1015.400240719604	0.0	0	313.8027390143834	1215.4002407196385	1	0	tensor(3, device='cuda:0')	1.873857678659846
219200.0	2000.0	1015.4002407196149	0.0	0	302.77085306838853	1215.4002407196676	1	0	tensor(3, device='cuda:0')	1.873857678659845
220200.0	2000.0	1015.4002407196149	0.0	0	337.95072759647155	1215.4002407196676	1	0	tensor(3, device='cuda:0')	1.873857678659845
221200.0	2000.0	1015.4002407195946	0.0	0	562.9189350566594	1215.4002407196676	1	0	tensor(3, device='cuda:0')	1.873857678659845
222200.0	2000.0	1015.4002407196285	0.0	0	510.3633306970296	1215.4002407196676	1	0	tensor(3, device='cuda:0')	1.873857678659845
223448.89472034955	6000.0	766.5055203700525	0.0	0	0.0	1215.4002407196676	1	0	tensor(3, device='cuda:0')	1.8738576786598453
224200.0	3000.0	940.289712754574	0.0	0	291.98064232082106	1140.2897127546603	1	0	tensor(4, device='cuda:0')	1.23734523484822
225200.0	2000.0	940.2897127545912	0.0	0	551.3811539229937	1140.2897127546603	1	0	tensor(3, device='cuda:0')	1.2707730205828875
226528.29619603878	6000.0	611.9935167158102	0.0	0	0.0	1140.2897127546603	1	0	tensor(3, device='cuda:0')	1.876238128691052
227200.0	2000.0	940.2897127546166	0.0	0	129.6647864622064	1140.2897127546603	1	0	tensor(3, device='cuda:0')	0.7776258400229427
228200.0	2000.0	940.2897127546016	0.0	0	330.2065888935758	1140.2897127546894	1	0	tensor(3, device='cuda:0')	1.8762381286910512
229200.0	2000.0	940.2897127546096	0.0	0	271.912356342189	1140.2897127546894	1	0	tensor(3, device='cuda:0')	1.8762381286910512
230200.0	2000.0	940.2897127545898	0.0	0	321.83141463791253	1140.2897127546894	1	0	tensor(3, device='cuda:0')	1.8762381286910512
231200.0	2000.0	940.28971275459	0.0	0	581.6281801202276	1140.2897127547185	1	0	tensor(3, device='cuda:0')	1.8762381286910503
232200.0	2000.0	940.2897127545748	0.0	0	628.2309617445862	1140.2897127547185	1	0	tensor(3, device='cuda:0')	1.8762381286910503
233200.0	2000.0	940.2897127545803	0.0	0	638.9253026946099	1140.2897127546894	1	0	tensor(3, device='cuda:0')	1.8762381286910512
234200.0	2000.0	940.2897127546116	0.0	0	486.66403533457196	1140.2897127546894	1	0	tensor(3, device='cuda:0')	1.8762381286910512
235200.0	2000.0	940.289712754643	0.0	0	417.1882395943394	1140.2897127546894	1	0	tensor(3, device='cuda:0')	1.8762381286910512
236200.0	2000.0	940.2897127546146	0.0	0	312.3671727790788	1140.2897127546603	1	0	tensor(3, device='cuda:0')	1.8762381286910523
237200.0	2000.0	940.2897127546262	0.0	0	290.6321087621327	1140.2897127546603	1	0	tensor(3, device='cuda:0')	1.8762381286910523
238200.0	2000.0	940.2897127546332	0.0	0	275.42694037556066	1140.2897127546603	1	0	tensor(3, device='cuda:0')	1.8762381286910523
239200.0	2000.0	940.2897127546389	0.0	0	548.3485842051159	1140.2897127546603	1	0	tensor(3, device='cuda:0')	1.8762381286910523
240200.0	2000.0	940.2897127546339	0.0	0	320.5274719737645	1140.2897127546603	1	0	tensor(3, device='cuda:0')	1.8762381286910523
241200.0	2000.0	940.2897127546466	0.0	0	478.6152321691043	1140.2897127546603	1	0	tensor(3, device='cuda:0')	1.8762381286910523
242200.0	2000.0	940.2897127546055	0.0	0	589.9935579499579	1140.2897127546312	1	0	tensor(3, device='cuda:0')	1.8762381286910532
243200.0	2000.0	940.2897127546132	0.0	0	501.5016881453048	1140.2897127546312	1	0	tensor(3, device='cuda:0')	1.8762381286910532
244200.0	2000.0	940.2897127546105	0.0	0	654.0848671171698	1140.2897127546312	1	0	tensor(3, device='cuda:0')	1.8762381286910532
245200.0	2000.0	940.2897127546194	0.0	0	601.6996228121279	1140.289712754602	1	0	tensor(3, device='cuda:0')	1.876238128691054
246200.0	2000.0	940.2897127546366	0.0	0	487.8140368644963	1140.289712754602	1	0	tensor(3, device='cuda:0')	1.876238128691054
247200.0	6000.0	940.2897127546205	0.0	0	117.2272459017986	1140.289712754602	1	0	tensor(3, device='cuda:0')	1.8762381286910537
248200.0	2000.0	940.2897127545903	0.0	0	490.7614091060823	1140.289712754602	1	0	tensor(3, device='cuda:0')	0.7776258400229443
249200.0	2000.0	940.2897127546203	0.0	0	599.2661841702939	1140.289712754602	1	0	tensor(3, device='cuda:0')	1.876238128691054
250200.0	2000.0	940.2897127545998	0.0	0	342.58786073391093	1140.289712754573	1	0	tensor(3, device='cuda:0')	1.8762381286910548
251200.0	2000.0	940.289712754626	0.0	0	508.916391630366	1140.289712754573	1	0	tensor(3, device='cuda:0')	1.8762381286910548
252200.0	2000.0	940.2897127546385	0.0	0	421.23733865248505	1140.289712754573	1	0	tensor(3, device='cuda:0')	1.8762381286910548
253200.0	2000.0	940.2897127546221	0.0	0	398.68333690063446	1140.289712754573	1	0	tensor(3, device='cuda:0')	1.8762381286910548
254200.0	2000.0	940.2897127546769	0.0	0	539.0925443524029	1140.289712754573	1	0	tensor(3, device='cuda:0')	1.8762381286910548
255200.0	2000.0	940.2897127547085	0.0	0	521.1136912121437	1140.289712754573	1	0	tensor(3, device='cuda:0')	1.8762381286910548
256200.0	2000.0	940.2897127546792	0.0	0	510.3300423347973	1140.289712754573	1	0	tensor(3, device='cuda:0')	1.8762381286910548
257200.0	2000.0	940.2897127546717	0.0	0	345.7741458962846	1140.289712754573	1	0	tensor(3, device='cuda:0')	1.8762381286910548
258200.0	2000.0	940.2897127546578	0.0	0	525.541820265702	1140.2897127545439	1	0	tensor(3, device='cuda:0')	1.8762381286910557
259200.0	2000.0	940.2897127546582	0.0	0	502.38935757175204	1140.2897127545439	1	0	tensor(3, device='cuda:0')	1.8762381286910557
260200.0	2000.0	940.2897127546607	0.0	0	492.2653505982307	1140.2897127545439	1	0	tensor(3, device='cuda:0')	1.8762381286910557
261200.0	2000.0	940.2897127546494	0.0	0	587.8314878540114	1140.2897127545439	1	0	tensor(3, device='cuda:0')	1.8762381286910557
262200.0	2000.0	940.2897127546812	0.0	0	559.977642032085	1140.2897127545439	1	0	tensor(3, device='cuda:0')	1.8762381286910557
263200.0	2000.0	940.289712754756	0.0	0	385.22113378188806	1140.2897127546312	1	0	tensor(3, device='cuda:0')	1.876238128691054
264200.0	2000.0	940.2897127547362	0.0	0	624.0975331478403	1140.289712754602	1	0	tensor(3, device='cuda:0')	1.876238128691054
265200.0	2000.0	940.2897127547142	0.0	0	351.18008738762	1140.289712754602	1	0	tensor(3, device='cuda:0')	1.876238128691054
266200.0	2000.0	940.2897127546568	0.0	0	170.79143073089654	1140.289712754602	1	0	tensor(3, device='cuda:0')	1.876238128691054
267200.0	2000.0	940.2897127546521	0.0	0	431.2438331111334	1140.289712754602	1	0	tensor(3, device='cuda:0')	1.876238128691054
268200.0	2000.0	940.2897127547403	0.0	0	151.32348883507075	1140.289712754602	1	0	tensor(3, device='cuda:0')	1.876238128691054
269200.0	2000.0	940.2897127546776	0.0	0	403.8392542494694	1140.289712754602	1	0	tensor(3, device='cuda:0')	1.876238128691054
270200.0	2000.0	940.2897127546512	0.0	0	598.8191218993743	1140.289712754602	1	0	tensor(3, device='cuda:0')	1.876238128691054
271200.0	2000.0	940.2897127546207	0.0	0	457.99808479700005	1140.289712754602	1	0	tensor(3, device='cuda:0')	1.876238128691054
272200.0	2000.0	940.2897127546062	0.0	0	594.4303239330184	1140.289712754602	1	0	tensor(3, device='cuda:0')	1.876238128691054
273515.6636165562	6000.0	624.626096198421	0.0	0	0.0	1140.289712754602	1	0	tensor(3, device='cuda:0')	1.8762381286910537
274200.0	3000.0	871.8560744102406	0.0	0	181.35943303012755	1071.8560744102579	1	0	tensor(4, device='cuda:0')	1.252926662474241
275200.0	2000.0	871.8560744102441	0.0	0	344.14355354895815	1071.8560744102579	1	0	tensor(3, device='cuda:0')	1.2727938139563204
276371.32682594727	2000.0	700.5292484630123	0.0	0	0.0	1071.8560744102579	1	0	tensor(3, device='cuda:0')	1.8782589220644852
277220.2180963922	2000.0	851.6379780181585	0.0	0	0.0	1071.8560744102579	1	0	tensor(3, device='cuda:0')	1.8782589220644852
278200.0	2000.0	871.8560744103272	0.0	0	137.83137435873505	1071.8560744101997	1	0	tensor(3, device='cuda:0')	1.8782589220644872
279200.0	2000.0	871.856074410254	0.0	0	277.72350188414566	1071.8560744101997	1	0	tensor(3, device='cuda:0')	1.8782589220644872
280200.0	2000.0	871.856074410244	0.0	0	286.783383478818	1071.8560744101997	1	0	tensor(3, device='cuda:0')	1.8782589220644872
281200.0	2000.0	871.8560744102961	0.0	0	255.21224959159736	1071.8560744101997	1	0	tensor(3, device='cuda:0')	1.8782589220644872
282200.0	2000.0	871.8560744103697	0.0	0	329.53761867806315	1071.8560744101997	1	0	tensor(3, device='cuda:0')	1.8782589220644872
283200.0	2000.0	871.8560744103664	0.0	0	526.7392153209075	1071.8560744102579	1	0	tensor(3, device='cuda:0')	1.8782589220644863
284200.0	2000.0	871.8560744104117	0.0	0	608.4942165063112	1071.8560744102579	1	0	tensor(3, device='cuda:0')	1.8782589220644852
285200.0	2000.0	871.8560744104328	0.0	0	617.3363347965642	1071.8560744102579	1	0	tensor(3, device='cuda:0')	1.8782589220644852
286200.0	2000.0	871.8560744103745	0.0	0	311.97527181188343	1071.8560744102579	1	0	tensor(3, device='cuda:0')	1.8782589220644852
287200.0	2000.0	871.8560744103431	0.0	0	220.93279752350645	1071.8560744102579	1	0	tensor(3, device='cuda:0')	1.8782589220644852
288200.0	2000.0	871.8560744103762	0.0	0	348.42801821406465	1071.8560744102579	1	0	tensor(3, device='cuda:0')	1.8782589220644852
289200.0	2000.0	871.8560744104235	0.0	0	515.7050683733542	1071.8560744102579	1	0	tensor(3, device='cuda:0')	1.8782589220644852
290200.0	2000.0	871.8560744104328	0.0	0	192.7856065814267	1071.8560744102579	1	0	tensor(3, device='cuda:0')	1.8782589220644852
291200.0	2000.0	871.8560744104097	0.0	0	339.4271418409189	1071.8560744102579	1	0	tensor(3, device='cuda:0')	1.8782589220644852
292200.0	2000.0	871.8560744104426	0.0	0	437.7554159592255	1071.8560744102579	1	0	tensor(3, device='cuda:0')	1.8782589220644852
293200.0	2000.0	871.8560744104063	0.0	0	565.4741805077065	1071.8560744102579	1	0	tensor(3, device='cuda:0')	1.8782589220644852
294200.0	2000.0	871.8560744103747	0.0	0	464.88574624963803	1071.8560744102579	1	0	tensor(3, device='cuda:0')	1.8782589220644852
295200.0	2000.0	871.8560744104228	0.0	0	393.78328864788637	1071.856074410316	1	0	tensor(3, device='cuda:0')	1.8782589220644836
296200.0	2000.0	871.8560744104175	0.0	0	431.8894998608157	1071.856074410316	1	0	tensor(3, device='cuda:0')	1.8782589220644836
297429.20439800253	2000.0	642.6516764078831	0.0	0	0.0	1071.856074410316	1	0	tensor(3, device='cuda:0')	1.8782589220644836
298432.81715399603	2000.0	639.0389204143503	0.0	0	0.0	1071.856074410316	1	0	tensor(3, device='cuda:0')	1.8782589220644836
299200.0	2000.0	871.8560744103818	0.0	0	125.89015100849792	1071.856074410316	1	0	tensor(3, device='cuda:0')	1.8782589220644836
300200.0	2000.0	871.8560744104456	0.0	0	249.4251509096357	1071.856074410316	1	0	tensor(3, device='cuda:0')	1.8782589220644836
301200.0	2000.0	871.8560744104308	0.0	0	393.43880370707484	1071.856074410316	1	0	tensor(3, device='cuda:0')	1.8782589220644836
302200.0	2000.0	871.856074410424	0.0	0	567.4729675644776	1071.8560744103743	1	0	tensor(3, device='cuda:0')	1.878258922064482
303200.0	2000.0	871.8560744104778	0.0	0	183.71723034029128	1071.8560744103743	1	0	tensor(3, device='cuda:0')	1.878258922064482
304200.0	2000.0	871.8560744104741	0.0	0	402.17325922008604	1071.8560744104325	1	0	tensor(3, device='cuda:0')	1.8782589220644805
305200.0	2000.0	871.856074410419	0.0	0	482.61407526466064	1071.8560744103743	1	0	tensor(3, device='cuda:0')	1.878258922064482
306200.0	2000.0	871.8560744104165	0.0	0	505.59598932869267	1071.8560744103743	1	0	tensor(3, device='cuda:0')	1.878258922064482
4.19	3.92	4.71	4.58	5.1	5.02	3.67	2.92	3.24	3.79	2.58	2.94	2.75	2.68	3.07	3.93	3.54	3.78	3.41	3.37	3.67	4.49	4.99	4.54	5.06	3.88	2.37	3.3	2.51	2.55	2.42	2.95	2.8	3.29	4.23	3.79	3.67	3.67	4.53	5.37	4.78	5.31	4.1	2.44	2.49	2.91	3.76	3.8	3.88	4.6	5.22	4.61	4.92	3.36	2.62	2.77	3.1	3.7	4.24	4.1	2.94	2.27	2.53	2.35	2.28	2.88	3.6	4.41	4.43	3.98	3.32	3.75	3.9	3.54	3.73	3.73	2.94	3.24	2.09	2.27	3.1	3.42	3.45	4.12	4.87	5.76	6.22	5.43	5.5	3.0	3.1	3.1	3.51	4.22	3.7	4.41	4.07	3.9	3.92	3.44	3.76	4.51	4.55	4.81	4.53	4.78	5.26	4.83	4.75	4.32	4.93	5.99	5.0	5.85	4.82	5.26	4.17	3.52	4.19	5.21	5.91	6.04	4.62	3.61	1.93	2.63	2.51	2.15	3.13	3.95	3.65	4.08	3.65	4.31	4.1	1.97	1.99	2.34	2.19	2.13	2.91	3.8	4.67	5.35	6.3	5.19	3.9	1.84	2.33	3.1	3.01	2.87	2.94	2.86	3.38	4.24	5.07	4.44	4.67	3.46	1.92	1.82	2.12	1.93	1.34	1.39	1.38	2.09	3.01	3.1	3.38	3.87	3.76	3.75	2.64	3.02	2.78	3.56	4.31	4.97	4.37	5.31	4.6	3.39	4.05	5.02	4.91	4.19	3.29	3.61	3.71	3.66	3.09	3.9	4.27	4.17	4.88	2.9	3.08	3.63	3.46	4.08	4.46	3.66	3.12	1.93	1.77	2.03	2.14	2.5	3.35	4.19	4.78	5.69	6.54	5.7	5.5	4.12	3.96	3.87	3.26	4.03	4.9	4.44	4.67	3.9	3.22	3.9	3.61	4.33	4.19	3.39	3.72	4.69	5.33	5.19	5.53	6.15	5.29	5.63	4.51	3.65	4.41	5.28	3.79	3.6	4.43	4.12	4.71	4.98	4.43	4.97	4.21	3.7	4.44	4.38	3.56	2.86	2.94	3.27	3.85	4.61	5.36	6.42	5.64	4.96	2.46	2.29	2.83	3.51	3.97	3.65	3.22	4.03	4.44	4.33	3.86	2.97	3.67	3.53	2.84	3.46	4.33	4.32	4.56	4.75	3.02	2.13	1.9	2.36	3.23	4.0	4.03	3.67	2.51	3.3	3.48	3.58	3.57
887.0	888.0	889.0	890.0	891.0	892.0	893.0	894.0	895.0	896.0	897.0	898.0	899.0	900.0	901.0	902.0	903.0	904.0	905.0	906.0	907.0	908.0	909.0	910.0	911.0	912.0	913.0	914.0	915.0	916.0	917.0	918.0	919.0	920.0	921.0	922.0	923.0	924.0	925.0	926.0	927.0	928.0	929.0	930.0	931.0	932.0	933.0	934.0	935.0	936.0	937.0	938.0	939.0	940.0	941.0	942.0	943.0	944.0	945.0	946.0	947.0	948.0	949.0	950.0	951.0	952.0	953.0	954.0	955.0	956.0	957.0	958.0	959.0	960.0	961.0	962.0	963.0	964.0	965.0	966.0	967.0	968.0	969.0	970.0	971.0	972.0	973.0	974.0	975.0	976.0	977.0	978.0	979.0	980.0	981.0	982.0	983.0	984.0	985.0	986.0	987.0	988.0	989.0	990.0	991.0	992.0	993.0	994.0	995.0	996.0	997.0	998.0	999.0	1000.0	1001.0	1002.0	1003.0	1004.0	1005.0	1006.0	1007.0	1008.0	1009.0	1010.0	1011.0	1012.0	1013.0	1014.0	1015.0	1016.0	1017.0	1018.0	1019.0	1020.0	1021.0	1022.0	1023.0	1024.0	1025.0	1026.0	1027.0	1028.0	1029.0	1030.0	1031.0	1032.0	1033.0	1034.0	1035.0	1036.0	1037.0	1038.0	1039.0	1040.0	1041.0	1042.0	1043.0	1044.0	1045.0	1046.0	1047.0	1048.0	1049.0	1050.0	1051.0	1052.0	1053.0	1054.0	1055.0	1056.0	1057.0	1058.0	1059.0	1060.0	1061.0	1062.0	1063.0	1064.0	1065.0	1066.0	1067.0	1068.0	1069.0	1070.0	1071.0	1072.0	1073.0	1074.0	1075.0	1076.0	1077.0	1078.0	1079.0	1080.0	1081.0	1082.0	1083.0	1084.0	1085.0	1086.0	1087.0	1088.0	1089.0	1090.0	1091.0	1092.0	1093.0	1094.0	1095.0	1096.0	1097.0	1098.0	1099.0	1100.0	1101.0	1102.0	1103.0	1104.0	1105.0	1106.0	1107.0	1108.0	1109.0	1110.0	1111.0	1112.0	1113.0	1114.0	1115.0	1116.0	1117.0	1118.0	1119.0	1120.0	1121.0	1122.0	1123.0	1124.0	1125.0	1126.0	1127.0	1128.0	1129.0	1130.0	1131.0	1132.0	1133.0	1134.0	1135.0	1136.0	1137.0	1138.0	1139.0	1140.0	1141.0	1142.0	1143.0	1144.0	1145.0	1146.0	1147.0	1148.0	1149.0	1150.0	1151.0	1152.0	1153.0	1154.0	1155.0	1156.0	1157.0	1158.0	1159.0	1160.0	1161.0	1162.0	1163.0	1164.0	1165.0	1166.0	1167.0	1168.0	1169.0	1170.0	1171.0	1172.0	1173.0	1174.0	1175.0	1176.0	1177.0	1178.0	1179.0	1180.0	1181.0	1182.0	1183.0	1184.0	1185.0
8670.0
