5200.0	2000.0	1897.9679919330983	232.98973352327857	0	102.03200806690165	2097.9679919330983	1	0	tensor(6, device='cuda:0')	-10.463087810161912
6200.0	3000.0	1797.9679919330993	0.0	0	652.9277730449994	1997.9679919330983	1	0	tensor(4, device='cuda:0')	1.4323052735977466
7200.0	3000.0	1697.9679919330993	0.0	0	774.0710551935781	1897.9679919330983	1	0	tensor(4, device='cuda:0')	2.044759077396513
8200.0	3000.0	1597.9679919330986	0.0	0	714.467488732178	1797.9679919330965	1	0	tensor(4, device='cuda:0')	2.0511042081300266
9200.0	3000.0	1497.9679919331002	0.0	0	728.0494819759242	1697.9679919330983	1	0	tensor(4, device='cuda:0')	2.056863206140253
10200.0	3000.0	1397.9679919331018	0.0	0	507.11658328441627	1597.967991933101	1	0	tensor(4, device='cuda:0')	2.0621224977414223
11200.0	3000.0	1297.967991933101	0.0	0	606.1842055483503	1497.9679919330993	1	0	tensor(4, device='cuda:0')	2.0668288916311557
12200.0	3000.0	1197.9679919331006	0.0	0	592.7886766554639	1397.9679919330956	1	0	tensor(4, device='cuda:0')	2.0711552216972478
13200.0	3000.0	1097.9679919330993	0.0	0	595.507605746503	1297.9679919330956	1	0	tensor(4, device='cuda:0')	2.0750284588284726
14200.0	3000.0	997.9679919330991	0.0	0	539.6908937996959	1197.9679919330956	1	0	tensor(4, device='cuda:0')	2.078586028608496
15200.0	3000.0	897.9679919330995	0.0	0	703.247199919997	1097.9679919330956	1	0	tensor(4, device='cuda:0')	2.0817620504775363
16200.0	3000.0	797.9679919331002	0.0	0	706.6897827103639	997.9679919330956	1	0	tensor(4, device='cuda:0')	2.084664492344194
17200.0	3000.0	697.9679919330993	0.0	0	624.1753481730193	897.9679919330938	1	0	tensor(4, device='cuda:0')	2.087300431824944
18200.0	3000.0	597.9679919331013	0.0	0	639.4909004468645	797.9679919330993	1	0	tensor(4, device='cuda:0')	2.0896770320223714
19200.0	3000.0	497.967991933096	0.0	0	603.0617505603914	697.9679919330993	1	0	tensor(4, device='cuda:0')	2.091835540580996
20200.0	3000.0	397.9679919330956	0.0	0	676.3240936916445	597.9679919331029	1	0	tensor(4, device='cuda:0')	2.0937903884134657
21200.0	3000.0	297.96799193309334	0.0	0	561.657012861775	497.9679919330956	1	0	tensor(4, device='cuda:0')	2.0955636282693937
22200.0	3000.0	197.9679919330921	0.0	0	530.9500263012706	397.96799193309926	1	0	tensor(4, device='cuda:0')	2.0971835301191115
23200.0	3000.0	297.96799193309147	0.0	0	688.3925948866563	497.9679919330956	1	0	tensor(2, device='cuda:0')	1.8968563684470345
24200.0	3000.0	443.39196171316996	50.47107753342118	0	253.7776439127265	643.391961713176	1	0	tensor(2, device='cuda:0')	1.9915014560739166
25200.0	3000.0	543.3919617131726	0.0	0	435.94028142631214	743.3919617131796	1	0	tensor(2, device='cuda:0')	2.2924979859956447
26200.0	3000.0	643.3919617131751	0.0	0	612.8851171628012	843.391961713176	1	0	tensor(2, device='cuda:0')	2.2904475730981235
27200.0	3000.0	743.3919617131726	0.0	0	614.2016284105121	943.391961713176	1	0	tensor(2, device='cuda:0')	2.288135080430838
28200.0	3000.0	843.3919617131735	0.0	0	690.1535681517162	1043.391961713176	1	0	tensor(2, device='cuda:0')	2.2856033007103926
29200.0	3000.0	743.3919617131701	0.0	0	568.6253427529882	943.391961713176	1	0	tensor(4, device='cuda:0')	1.6861444599771673
30200.0	3000.0	643.3919617131717	0.0	0	577.4476181886603	843.391961713176	1	0	tensor(4, device='cuda:0')	2.088625410061063
31200.0	3000.0	543.3919617131702	0.0	0	685.2821198278434	743.3919617131723	1	0	tensor(4, device='cuda:0')	2.090881400348712
32200.0	3000.0	443.39196171316684	0.0	0	771.9549346798813	643.3919617131687	1	0	tensor(4, device='cuda:0')	2.0929263075856746
33200.0	3000.0	343.39196171316524	0.0	0	685.4770389425685	543.3919617131687	1	0	tensor(4, device='cuda:0')	2.0947784300678425
34200.0	3000.0	243.3919617131719	0.0	0	726.9860872552817	443.3919617131687	1	0	tensor(4, device='cuda:0')	2.096455786970521
35200.0	3000.0	343.39196171317144	0.0	0	500.24734479359176	543.391961713176	1	0	tensor(2, device='cuda:0')	1.8961119866647946
36200.0	3000.0	443.39196171316985	0.0	0	736.2960724140066	643.3919617131833	1	0	tensor(2, device='cuda:0')	2.2944225386093704
37200.0	3000.0	543.3919617131642	0.0	0	569.2372826418796	743.391961713176	1	0	tensor(2, device='cuda:0')	2.292524480084845
38200.0	3000.0	643.3919617131646	0.0	0	520.1668021195437	843.391961713176	1	0	tensor(2, device='cuda:0')	2.2904198034829397
39200.0	3000.0	743.3919617131635	0.0	0	662.1132017702257	943.3919617131833	1	0	tensor(2, device='cuda:0')	2.288144969661369
40200.0	3000.0	643.3919617131668	0.0	0	673.9696952640079	843.3919617131833	1	0	tensor(4, device='cuda:0')	1.68862387305602
41200.0	3000.0	543.3919617131626	0.0	0	481.3393468837603	743.3919617131687	1	0	tensor(4, device='cuda:0')	2.0908951806213962
42200.0	3000.0	443.39196171316473	0.0	0	427.1001224710417	643.3919617131687	1	0	tensor(4, device='cuda:0')	2.0929597215391156
43200.0	3000.0	343.39196171316854	0.0	0	549.3735870760356	543.391961713176	1	0	tensor(4, device='cuda:0')	2.09478763171932
44200.0	3000.0	443.39196171317576	0.0	0	359.97753970140184	643.3919617131978	1	0	tensor(2, device='cuda:0')	1.8944080746605272
45200.0	3000.0	543.3919617131708	0.0	0	262.38024974840664	743.3919617131905	1	0	tensor(2, device='cuda:0')	2.2923807417915807
46200.0	3000.0	643.391961713173	0.0	0	639.0313509628977	843.3919617131905	1	0	tensor(2, device='cuda:0')	2.2904406764080223
47200.0	3000.0	743.3919617131663	0.0	0	756.0988508642622	943.391961713176	1	0	tensor(2, device='cuda:0')	2.288144969661369
48200.0	3000.0	843.3919617131681	0.0	0	764.1927562331184	1043.391961713176	1	0	tensor(2, device='cuda:0')	2.2856033007103926
49200.0	3000.0	743.3919617131744	0.0	0	828.6562587098088	943.3919617131687	1	0	tensor(4, device='cuda:0')	1.6861319004229935
50200.0	3000.0	643.3919617131696	0.0	0	662.042881149886	843.3919617131614	1	0	tensor(4, device='cuda:0')	2.088623873056019
51200.0	3000.0	543.391961713169	0.0	0	612.2957358485	743.3919617131542	1	0	tensor(4, device='cuda:0')	2.09088815796853
52200.0	3000.0	443.39196171316814	0.0	0	681.2681815810574	643.3919617131687	1	0	tensor(4, device='cuda:0')	2.0929263075856754
53200.0	3000.0	343.39196171317326	0.0	0	675.9898535261746	543.391961713176	1	0	tensor(4, device='cuda:0')	2.0947784300678443
54200.0	3000.0	443.39196171317843	0.0	0	525.4070167322716	643.391961713176	1	0	tensor(2, device='cuda:0')	1.8944041510530745
55200.0	3000.0	543.3919617131833	0.0	0	748.0209632436672	743.391961713176	1	0	tensor(2, device='cuda:0')	2.2925333564364307
56200.0	3000.0	643.3919617131795	0.0	0	692.1851196189673	843.3919617131833	1	0	tensor(2, device='cuda:0')	2.2904475730981235
57200.0	3000.0	743.3919617131778	0.0	0	616.3982099961358	943.3919617131978	1	0	tensor(2, device='cuda:0')	2.2881440365818673
58200.0	3000.0	643.3919617131871	0.0	0	726.4907720706033	843.3919617131978	1	0	tensor(4, device='cuda:0')	1.6886238730560208
59200.0	3000.0	543.391961713181	0.0	0	671.1050903250143	743.3919617131905	1	0	tensor(4, device='cuda:0')	2.09088140034871
60200.0	3000.0	443.39196171317997	0.0	0	606.147665392833	643.3919617131905	1	0	tensor(4, device='cuda:0')	2.0929263075856746
61200.0	3000.0	343.39196171318474	0.0	0	698.3212829859112	543.3919617131905	1	0	tensor(4, device='cuda:0')	2.0947784300678434
62200.0	3000.0	443.3919617131876	0.0	0	715.4874508393041	643.3919617132051	1	0	tensor(2, device='cuda:0')	1.89442253860937
63200.0	3000.0	343.3919617131902	0.0	0	671.9557390640766	543.3919617132051	1	0	tensor(4, device='cuda:0')	1.6947784300678426
64200.0	3000.0	443.39196171318855	0.0	0	549.8666731375488	643.3919617132051	1	0	tensor(2, device='cuda:0')	1.894421715970029
65200.0	3000.0	343.3919617131989	0.0	0	458.1789905118567	543.3919617132196	1	0	tensor(4, device='cuda:0')	1.6948151506620657
66200.0	3000.0	243.39196171320128	0.0	0	704.5038122625774	443.39196171321964	1	0	tensor(4, device='cuda:0')	2.0964557869705196
67200.0	3000.0	343.391961713196	0.0	0	581.7980367706914	543.3919617132051	1	0	tensor(2, device='cuda:0')	1.896124478361386
68200.0	3000.0	443.39196171318986	0.0	0	672.7817350599071	643.3919617131905	1	0	tensor(2, device='cuda:0')	2.2944225386093704
69200.0	3000.0	543.3919617131972	0.0	0	678.1220580237423	743.3919617131905	1	0	tensor(2, device='cuda:0')	2.2925333564364303
70200.0	3000.0	443.3919617132081	0.0	0	702.0196541159821	643.3919617132051	1	0	tensor(4, device='cuda:0')	1.6929263075856766
71200.0	3000.0	343.3919617131966	0.0	0	731.2919906978932	543.3919617131905	1	0	tensor(4, device='cuda:0')	2.09477843006784
72200.0	3000.0	243.3919617131949	0.0	0	741.7756827724661	443.39196171319054	1	0	tensor(4, device='cuda:0')	2.096455786970519
73200.0	3000.0	343.3919617131944	0.0	0	568.2264837440162	543.3919617132342	1	0	tensor(2, device='cuda:0')	1.8961271825413035
74200.0	3000.0	443.39196171319037	0.0	0	645.3314015044452	643.3919617132487	1	0	tensor(2, device='cuda:0')	2.2944225386093695
75200.0	3000.0	543.3919617131913	0.0	0	705.5742761653237	743.3919617132487	1	0	tensor(2, device='cuda:0')	2.2925333564364294
76200.0	3000.0	643.3919617132019	0.0	0	740.0649737694475	843.3919617132633	1	0	tensor(2, device='cuda:0')	2.2904475730981213
77200.0	3000.0	543.3919617131924	0.0	0	649.7864462584548	743.3919617132633	1	0	tensor(4, device='cuda:0')	1.6908814003487083
78200.0	3000.0	443.3919617131743	0.0	0	735.8254824139149	643.3919617132633	1	0	tensor(4, device='cuda:0')	2.09292630758567
79200.0	3000.0	343.3919617131779	0.0	0	751.5555123317172	543.3919617132342	1	0	tensor(4, device='cuda:0')	2.094778430067842
80200.0	3000.0	243.39196171319873	0.0	0	666.9539572024223	443.39196171324875	1	0	tensor(4, device='cuda:0')	2.0964557869705223
81200.0	3000.0	143.39196171318162	0.0	0	737.5051591289521	343.3919617132342	1	0	tensor(4, device='cuda:0')	2.097974741404582
82200.0	3000.0	243.39196171317738	0.0	0	730.3486749135627	443.3919617132342	1	0	tensor(2, device='cuda:0')	1.8976828891101825
83200.0	3000.0	343.3919617131922	0.0	0	693.0240990453167	543.3919617132487	1	0	tensor(2, device='cuda:0')	2.296133488782865
84200.0	3000.0	443.39196171319713	0.0	0	712.6676730979088	643.3919617132924	1	0	tensor(2, device='cuda:0')	2.294422538609369
85200.0	3000.0	543.3919617131971	0.0	0	650.1648574932769	743.3919617132924	1	0	tensor(2, device='cuda:0')	2.2925333564364285
86200.0	3000.0	443.39196171319895	0.0	0	671.1188761473168	643.3919617132924	1	0	tensor(4, device='cuda:0')	1.692926307585673
87200.0	3000.0	543.3919617132027	0.0	0	656.9838447040238	743.3919617132924	1	0	tensor(2, device='cuda:0')	1.8925333564364284
88200.0	3000.0	443.39196171321555	0.0	0	687.3910719954729	643.3919617132924	1	0	tensor(4, device='cuda:0')	1.692926307585675
89200.0	3000.0	343.3919617131954	0.0	0	591.5928581292537	543.3919617132924	1	0	tensor(4, device='cuda:0')	2.094778430067837
90200.0	3000.0	243.3919617131812	0.0	0	702.7189850670547	443.39196171327785	1	0	tensor(4, device='cuda:0')	2.0964557869705156
91200.0	3000.0	343.3919617131814	0.0	0	579.6168343831669	543.3919617132633	1	0	tensor(2, device='cuda:0')	1.8961278741346037
92200.0	3000.0	443.3919617131693	0.0	0	700.1111492740893	643.3919617132633	1	0	tensor(2, device='cuda:0')	2.294422538609369
93200.0	3000.0	543.3919617131781	0.0	0	670.0886652788759	743.3919617132924	1	0	tensor(2, device='cuda:0')	2.292533356436429
94200.0	3000.0	643.3919617131859	0.0	0	677.96532992227	843.3919617133215	1	0	tensor(2, device='cuda:0')	2.2904475730981204
95200.0	3000.0	743.3919617131828	0.0	0	723.8358159271593	943.391961713307	1	0	tensor(2, device='cuda:0')	2.2881449696613654
96200.0	3000.0	643.3919617131664	0.0	0	725.3279184173734	843.3919617132779	1	0	tensor(4, device='cuda:0')	1.688623873056014
97200.0	3000.0	543.3919617131652	0.0	0	778.9090195661411	743.3919617132487	1	0	tensor(4, device='cuda:0')	2.09088140034871
98200.0	3000.0	443.3919617131646	0.0	0	684.1916420305206	643.3919617132196	1	0	tensor(4, device='cuda:0')	2.092926307585674
99200.0	3000.0	343.39196171317064	0.0	0	446.7927015309251	543.3919617132342	1	0	tensor(4, device='cuda:0')	2.0947990589126193
100200.0	3000.0	243.3919617131751	0.0	0	444.0311405097018	443.39196171321964	1	0	tensor(4, device='cuda:0')	2.096492562648798
101200.0	3000.0	156.51277851075375	11.928015270532882	0	561.8162140805362	356.51277851079067	1	0	tensor(4, device='cuda:0')	2.028611530662699
102200.0	3000.0	256.51277851075224	0.0	0	677.7612881138339	456.5127785107761	1	0	tensor(2, device='cuda:0')	1.8974882505419486
103200.0	3000.0	356.5127785107617	0.0	0	556.8809987013228	556.5127785108052	1	0	tensor(2, device='cuda:0')	2.295918548361732
104200.0	3000.0	456.5127785107476	0.0	0	499.7705473986425	656.5127785108052	1	0	tensor(2, device='cuda:0')	2.294157538993827
105200.0	3000.0	556.5127785107404	0.0	0	520.8622464607033	756.5127785108343	1	0	tensor(2, device='cuda:0')	2.2922539103479376
106200.0	3000.0	656.5127785107451	0.0	0	574.6730883889686	856.5127785108343	1	0	tensor(2, device='cuda:0')	2.29013503324114
107200.0	3000.0	756.5127785107358	0.0	0	690.21112087254	956.5127785108489	1	0	tensor(2, device='cuda:0')	2.287825610415085
108200.0	3000.0	856.5127785107494	0.0	0	753.4368166921922	1056.5127785108489	1	0	tensor(2, device='cuda:0')	2.285250808612564
109200.0	3000.0	756.5127785107603	0.0	0	704.0588025523757	956.512778510878	1	0	tensor(4, device='cuda:0')	1.6857862955175698
110200.0	3000.0	656.5127785107604	0.0	0	788.8957798097981	856.5127785108925	1	0	tensor(4, device='cuda:0')	2.088310761571292
111200.0	3000.0	556.512778510767	0.0	0	737.441533830206	756.5127785109071	1	0	tensor(4, device='cuda:0')	2.090597761185652
112200.0	3000.0	456.5127785107634	0.0	0	627.9745984484471	656.5127785108925	1	0	tensor(4, device='cuda:0')	2.092671799328359
113200.0	3000.0	356.51277851076304	0.0	0	674.1123761986237	556.5127785108634	1	0	tensor(4, device='cuda:0')	2.0945457474343145
114200.0	3000.0	256.5127785107572	0.0	0	687.7961785107036	456.512778510878	1	0	tensor(4, device='cuda:0')	2.096245068311183
115200.0	3000.0	356.5127785107421	0.0	0	564.2549643693783	556.5127785108634	1	0	tensor(2, device='cuda:0')	1.895906860657221
116200.0	3000.0	456.5127785107537	0.0	0	760.3679541898164	656.512778510878	1	0	tensor(2, device='cuda:0')	2.2941851982147075
117200.0	3000.0	556.5127785107375	0.0	0	729.906244396625	756.5127785108489	1	0	tensor(2, device='cuda:0')	2.292271305399507
118200.0	3000.0	456.51277851072854	0.0	0	721.354743745469	656.5127785108489	1	0	tensor(4, device='cuda:0')	1.6926693944107027
119200.0	3000.0	356.5127785107561	0.0	0	648.0375699132128	556.5127785108925	1	0	tensor(4, device='cuda:0')	2.09454574743432
120200.0	3000.0	269.7001878641016	11.988553957577835	0	403.6973965183133	469.7001878642477	1	0	tensor(4, device='cuda:0')	2.0265473885110317
121200.0	3000.0	169.70018786409605	0.0	0	722.1683621361444	369.70018786423316	1	0	tensor(4, device='cuda:0')	2.097589627134684
122200.0	3000.0	269.70018786408866	0.0	0	747.6585234893864	469.7001878642186	1	0	tensor(2, device='cuda:0')	1.8972900533662567
123200.0	3000.0	369.70018786408053	0.0	0	606.6115913850954	569.700187864204	1	0	tensor(2, device='cuda:0')	2.295699680412694
124200.0	3000.0	469.7001878640814	0.0	0	554.1022688712401	669.7001878642186	1	0	tensor(2, device='cuda:0')	2.2939225467135556
125200.0	3000.0	569.7001878640742	0.0	0	660.9102372489433	769.7001878642186	1	0	tensor(2, device='cuda:0')	2.2920044724058553
126200.0	3000.0	669.7001878640808	0.0	0	785.923744293119	869.7001878642332	1	0	tensor(2, device='cuda:0')	2.2898636869259534
127200.0	3000.0	769.7001878640853	0.0	0	650.8850322635553	969.7001878642332	1	0	tensor(2, device='cuda:0')	2.2875004329571844
128200.0	3000.0	669.7001878640772	0.0	0	726.8222264195356	869.700187864204	1	0	tensor(4, device='cuda:0')	1.6879919446809666
129200.0	3000.0	569.700187864082	0.0	0	545.9753492170712	769.7001878642332	1	0	tensor(4, device='cuda:0')	2.0903206512034087
130200.0	3000.0	469.7001878640698	0.0	0	676.670595695381	669.700187864204	1	0	tensor(4, device='cuda:0')	2.092407792350164
131200.0	3000.0	369.70018786406433	0.0	0	769.7124757044221	569.7001878641895	1	0	tensor(4, device='cuda:0')	2.094308815216976
132200.0	3000.0	269.70018786411185	0.0	0	747.6942321567913	469.7001878642768	1	0	tensor(4, device='cuda:0')	2.0960304988054856
133200.0	3000.0	169.7001878640642	0.0	0	791.116408160713	369.7001878642477	1	0	tensor(4, device='cuda:0')	2.097589627134676
134200.0	3000.0	269.7001878640806	0.0	0	675.1687246198417	469.7001878642768	1	0	tensor(2, device='cuda:0')	1.897290053366256
135200.0	3000.0	369.7001878641151	0.0	0	574.4933572696173	569.7001878642768	1	0	tensor(2, device='cuda:0')	2.295699680412693
136200.0	3000.0	469.70018786413925	0.0	0	656.1412686948024	669.7001878642768	1	0	tensor(2, device='cuda:0')	2.293943523743099
137200.0	3000.0	569.7001878641832	0.0	0	611.7059755195805	769.7001878643059	1	0	tensor(2, device='cuda:0')	2.292000177284793
138200.0	3000.0	469.70018786418655	0.0	0	688.7554877900984	669.7001878642768	1	0	tensor(4, device='cuda:0')	1.692407792350165
139200.0	3000.0	369.7001878641977	0.0	0	784.2413551413629	569.7001878642768	1	0	tensor(4, device='cuda:0')	2.0943088152169773
140200.0	3000.0	469.70018786418257	0.0	0	768.4715013381501	669.7001878642768	1	0	tensor(2, device='cuda:0')	1.8939435237430993
141200.0	3000.0	369.70018786419456	0.0	0	665.3348478147818	569.7001878642477	1	0	tensor(4, device='cuda:0')	1.6943088152169772
142200.0	3000.0	469.7001878641694	0.0	0	580.4144663923362	669.7001878642186	1	0	tensor(2, device='cuda:0')	1.8939355036184105
143200.0	3000.0	369.70018786417256	0.0	0	654.3265832171019	569.7001878642477	1	0	tensor(4, device='cuda:0')	1.6943088152169763
144200.0	3000.0	469.70018786416404	0.0	0	682.2784779508947	669.7001878643059	1	0	tensor(2, device='cuda:0')	1.8939435237430988
145200.0	3000.0	569.7001878641697	0.0	0	744.4635932282254	769.7001878642768	1	0	tensor(2, device='cuda:0')	2.2920044724058535
146200.0	3000.0	469.7001878641937	0.0	0	740.6565090841905	669.7001878642477	1	0	tensor(4, device='cuda:0')	1.6924077923501697
147200.0	3000.0	369.70018786419405	0.0	0	716.5222152100177	569.7001878642477	1	0	tensor(4, device='cuda:0')	2.0943088152169755
148200.0	3000.0	269.70018786422986	0.0	0	658.1370893890271	469.7001878642768	1	0	tensor(4, device='cuda:0')	2.096030498805483
149200.0	3000.0	369.70018786421923	0.0	0	558.5336702184286	569.7001878642186	1	0	tensor(2, device='cuda:0')	1.895693618015212
150200.0	3000.0	469.7001878642076	0.0	0	637.5232625633362	669.7001878642186	1	0	tensor(2, device='cuda:0')	2.293943523743101
151200.0	3000.0	369.70018786420906	0.0	0	570.0662909585226	569.7001878641895	1	0	tensor(4, device='cuda:0')	1.694311750488743
152200.0	3000.0	269.7001878642057	0.0	0	484.8402633827063	469.7001878641895	1	0	tensor(4, device='cuda:0')	2.096061521590779
153200.0	3000.0	369.70018786422975	0.0	0	642.0434781017539	569.7001878641895	1	0	tensor(2, device='cuda:0')	1.8956996804126944
154200.0	3000.0	469.700187864206	0.0	0	776.7788197443297	669.7001878641313	1	0	tensor(2, device='cuda:0')	2.293943523743102
155200.0	3000.0	569.7001878642011	0.0	0	733.760236873728	769.7001878641604	1	0	tensor(2, device='cuda:0')	2.2920044724058566
156200.0	3000.0	669.7001878642038	0.0	0	754.8953230910411	869.7001878641604	1	0	tensor(2, device='cuda:0')	2.289863686925955
157200.0	3000.0	569.7001878642297	0.0	0	678.6482087082113	769.7001878641313	1	0	tensor(4, device='cuda:0')	1.6903089493032977
158200.0	3000.0	469.70018786423685	0.0	0	719.2355372578895	669.7001878641313	1	0	tensor(4, device='cuda:0')	2.0924077923501687
159200.0	3000.0	369.7001878642413	0.0	0	642.1549182941962	569.7001878641313	1	0	tensor(4, device='cuda:0')	2.0943088152169786
160200.0	3000.0	269.70018786422065	0.0	0	701.02078477756	469.7001878641022	1	0	tensor(4, device='cuda:0')	2.096030498805475
161200.0	3000.0	172.84701668964408	2.8607534776541286	0	529.1116299393179	372.847016689484	1	0	tensor(4, device='cuda:0')	2.0809653471054137
162200.0	3000.0	72.84701668966042	0.0	0	683.2434212421067	272.847016689484	1	0	tensor(4, device='cuda:0')	2.0989591137625543
163200.0	3000.0	271.21901010261445	109.30221490329761	0	653.5375591744087	471.2190101024462	1	0	tensor(2, device='cuda:0')	1.2414537701274828
164200.0	3000.0	371.21901010260444	0.0	0	786.2173931472353	571.2190101024171	1	0	tensor(2, device='cuda:0')	2.2956742886244133
165200.0	3000.0	471.21901010258614	0.0	0	794.1652108490234	671.2190101023589	1	0	tensor(2, device='cuda:0')	2.2939154862546562
166200.0	3000.0	571.2190101025697	0.0	0	744.2132118527952	771.2190101023298	1	0	tensor(2, device='cuda:0')	2.2919735164101422
167200.0	3000.0	471.219010102586	0.0	0	693.0080720654514	671.2190101023298	1	0	tensor(4, device='cuda:0')	1.6923774431639529
168200.0	3000.0	371.21901010260876	0.0	0	730.6255194286641	571.2190101023589	1	0	tensor(4, device='cuda:0')	2.0942813278570673
169200.0	3000.0	271.21901010260433	0.0	0	741.542192938563	471.2190101023589	1	0	tensor(4, device='cuda:0')	2.096005605667501
170200.0	3000.0	171.21901010258964	0.0	0	693.5094994929677	371.2190101023298	1	0	tensor(4, device='cuda:0')	2.097567085229594
171200.0	3000.0	271.2190101025774	0.0	0	817.9152672498021	471.2190101023007	1	0	tensor(2, device='cuda:0')	1.8972670595472707
172200.0	3000.0	371.21901010257136	0.0	0	783.6593149701366	571.2190101022716	1	0	tensor(2, device='cuda:0')	2.2956742886244155
173200.0	3000.0	471.2190101025848	0.0	0	704.7965385121352	671.2190101023298	1	0	tensor(2, device='cuda:0')	2.293915486254657
174200.0	3000.0	571.2190101025835	0.0	0	753.9992288422654	771.2190101023298	1	0	tensor(2, device='cuda:0')	2.2919735164101422
175200.0	3000.0	471.2190101025671	0.0	0	722.7370164941822	671.2190101023298	1	0	tensor(4, device='cuda:0')	1.6923774431639473
176200.0	3000.0	371.21901010259785	0.0	0	572.0983963140461	571.2190101023298	1	0	tensor(4, device='cuda:0')	2.094282427153396
177200.0	3000.0	271.21901010259796	0.0	0	655.0837835693965	471.2190101023007	1	0	tensor(4, device='cuda:0')	2.0960058653297966
178200.0	3000.0	371.21901010258637	0.0	0	724.0326389060938	571.2190101022716	1	0	tensor(2, device='cuda:0')	1.8956742886244156
179200.0	3000.0	471.2190101026009	0.0	0	798.3815445981163	671.2190101023007	1	0	tensor(2, device='cuda:0')	2.2939154862546576
180200.0	3000.0	371.21901010258574	0.0	0	757.6191874579818	571.2190101023007	1	0	tensor(4, device='cuda:0')	1.6942813278570612
181200.0	3000.0	271.21901010256147	0.0	0	702.7307606780669	471.21901010227157	1	0	tensor(4, device='cuda:0')	2.0960056056674983
182200.0	3000.0	171.21901010256065	0.0	0	642.217431673751	371.21901010227157	1	0	tensor(4, device='cuda:0')	2.0975670852295973
183200.0	3000.0	271.2190101025401	0.0	0	699.0845593348495	471.2190101023007	1	0	tensor(2, device='cuda:0')	1.897267059547271
184200.0	3000.0	371.2190101025155	0.0	0	625.7113101895666	571.2190101023007	1	0	tensor(2, device='cuda:0')	2.295674288624415
185200.0	3000.0	471.21901010252486	0.0	0	546.7683609758678	671.2190101023007	1	0	tensor(2, device='cuda:0')	2.293900605722456
186200.0	3000.0	571.21901010253	0.0	0	539.1227995806548	771.2190101023298	1	0	tensor(2, device='cuda:0')	2.2919573264766906
187200.0	3000.0	671.2190101025043	0.0	0	671.221460337314	871.2190101023007	1	0	tensor(2, device='cuda:0')	2.2898295121150705
188200.0	3000.0	771.219010102526	0.0	0	339.29819869934	971.2190101023007	1	0	tensor(2, device='cuda:0')	2.2874007592296888
189200.0	3000.0	671.2190101025344	0.0	0	302.9803323293454	871.2190101022716	1	0	tensor(4, device='cuda:0')	1.6880753022111321
190200.0	3000.0	571.2190101025711	0.0	0	496.0552101893991	771.2190101023298	1	0	tensor(4, device='cuda:0')	2.0902900616713334
191200.0	3000.0	471.2190101025656	0.0	0	225.78314498899272	671.2190101023298	1	0	tensor(4, device='cuda:0')	2.092569290196586
192200.0	3000.0	371.21901010258875	0.0	0	544.8646116516029	571.2190101023298	1	0	tensor(4, device='cuda:0')	2.094300102885239
193200.0	3000.0	271.21901010264423	0.0	0	662.7370018839138	471.2190101023589	1	0	tensor(4, device='cuda:0')	2.096005605667512
194200.0	3000.0	371.2190101026431	0.0	0	661.9484821270453	571.2190101023007	1	0	tensor(2, device='cuda:0')	1.895674288624415
195200.0	3000.0	471.2190101026457	0.0	0	648.2504743116442	671.2190101023298	1	0	tensor(2, device='cuda:0')	2.293915486254657
196200.0	3000.0	371.21901010265844	0.0	0	552.249497724988	571.2190101023298	1	0	tensor(4, device='cuda:0')	1.694296959550321
197200.0	3000.0	271.2190101026473	0.0	0	668.4195524636307	471.2190101023007	1	0	tensor(4, device='cuda:0')	2.0960056056675005
198200.0	3000.0	171.21901010266626	0.0	0	804.2888502809801	371.2190101023007	1	0	tensor(4, device='cuda:0')	2.0975670852296004
199200.0	3000.0	271.2190101026531	0.0	0	799.1797997478279	471.2190101023007	1	0	tensor(2, device='cuda:0')	1.8972670595472712
200200.0	3000.0	371.2190101026597	0.0	0	731.9309337681916	571.219010102388	1	0	tensor(2, device='cuda:0')	2.295674288624414
201200.0	3000.0	471.21901010266777	0.0	0	512.9684583378548	671.2190101024171	1	0	tensor(2, device='cuda:0')	2.293890489453726
202200.0	3000.0	571.2190101026717	0.0	0	735.1353859922674	771.2190101024462	1	0	tensor(2, device='cuda:0')	2.29197351641014
203200.0	3000.0	671.2190101026729	0.0	0	659.3240390356805	871.2190101024462	1	0	tensor(2, device='cuda:0')	2.289829512115067
204200.0	3000.0	771.2190101026715	0.0	0	703.8289821199432	971.2190101024462	1	0	tensor(2, device='cuda:0')	2.2874627088886705
205200.0	3000.0	671.2190101026815	0.0	0	635.2894067902525	871.2190101024753	1	0	tensor(4, device='cuda:0')	1.6879549584399256
206200.0	3000.0	571.2190101026597	0.0	0	673.4780652611516	771.2190101024753	1	0	tensor(4, device='cuda:0')	2.0902754436868483
207200.0	3000.0	471.2190101026727	0.0	0	688.2731548567826	671.2190101024753	1	0	tensor(4, device='cuda:0')	2.0923774431639495
208200.0	3000.0	371.21901010264287	0.0	0	601.2371099036245	571.2190101024462	1	0	tensor(4, device='cuda:0')	2.094281327857056
209200.0	3000.0	271.21901010266293	0.0	0	670.1951921969885	471.2190101024753	1	0	tensor(4, device='cuda:0')	2.096005605667504
210200.0	3000.0	371.219010102651	0.0	0	573.1224949464959	571.2190101025044	1	0	tensor(2, device='cuda:0')	1.8956679278482356
211200.0	3000.0	471.2190101026662	0.0	0	707.554209885915	671.2190101025335	1	0	tensor(2, device='cuda:0')	2.2939154862546536
212200.0	3000.0	571.2190101026869	0.0	0	547.7154155109893	771.2190101025626	1	0	tensor(2, device='cuda:0')	2.2919645410149974
213200.0	3000.0	471.2190101026981	0.0	0	586.9740932681016	671.2190101025626	1	0	tensor(4, device='cuda:0')	1.6923851129320415
214200.0	3000.0	371.2190101027269	0.0	0	620.0163463055796	571.2190101026208	1	0	tensor(4, device='cuda:0')	2.0942813278570642
215200.0	3000.0	271.21901010273064	0.0	0	602.331991103827	471.2190101026499	1	0	tensor(4, device='cuda:0')	2.0960056056674983
216200.0	3000.0	371.2190101027457	0.0	0	629.3967084207397	571.2190101026499	1	0	tensor(2, device='cuda:0')	1.8956703075715455
217200.0	3000.0	471.2190101027587	0.0	0	784.0521097892779	671.219010102679	1	0	tensor(2, device='cuda:0')	2.293915486254651
218200.0	3000.0	571.2190101027655	0.0	0	672.3644984681159	771.219010102679	1	0	tensor(2, device='cuda:0')	2.291973516410135
219200.0	3000.0	671.219010102779	0.0	0	475.0951461988152	871.219010102679	1	0	tensor(2, device='cuda:0')	2.2898210528046237
220200.0	3000.0	571.2190101027326	0.0	0	512.3538341225358	771.2190101026499	1	0	tensor(4, device='cuda:0')	1.6902960853708104
221200.0	3000.0	471.21901010272165	0.0	0	518.7688197926618	671.2190101026208	1	0	tensor(4, device='cuda:0')	2.0923987732778455
222200.0	3000.0	371.21901010273723	0.0	0	631.559563775023	571.2190101026499	1	0	tensor(4, device='cuda:0')	2.094281327857061
223200.0	3000.0	471.21901010273905	0.0	0	690.649687977595	671.219010102679	1	0	tensor(2, device='cuda:0')	1.8939154862546503
224200.0	3000.0	571.2190101027115	0.0	0	765.8430225262127	771.219010102679	1	0	tensor(2, device='cuda:0')	2.291973516410135
225200.0	3000.0	471.21901010268243	0.0	0	704.4999986697221	671.219010102679	1	0	tensor(4, device='cuda:0')	1.6923774431639376
226200.0	3000.0	371.21901010267095	0.0	0	750.6015731510997	571.2190101027081	1	0	tensor(4, device='cuda:0')	2.094281327857055
227200.0	3000.0	271.21901010267607	0.0	0	619.0257693846361	471.219010102679	1	0	tensor(4, device='cuda:0')	2.0960056056674974
228200.0	3000.0	171.21901010266515	0.0	0	534.060938702838	371.219010102679	1	0	tensor(4, device='cuda:0')	2.097570073898998
229200.0	3000.0	342.5896581454424	79.3007200475331	0	443.4908750697796	542.5896581455017	1	0	tensor(2, device='cuda:0')	1.4203204153312168
230200.0	3000.0	442.5896581454526	0.0	0	492.1580216573784	642.58965814556	1	0	tensor(2, device='cuda:0')	2.294417020168885
231200.0	3000.0	542.5896581454317	0.0	0	604.7224946262431	742.5896581455017	1	0	tensor(2, device='cuda:0')	2.2925442762954082
232200.0	3000.0	642.5896581454389	0.0	0	679.0409651667578	842.5896581455017	1	0	tensor(2, device='cuda:0')	2.2904651418770556
233200.0	3000.0	742.5896581454407	0.0	0	770.2073537913966	942.5896581455017	1	0	tensor(2, device='cuda:0')	2.2881643636845808
234200.0	3000.0	642.5896581454588	0.0	0	687.7315779224446	842.5896581455017	1	0	tensor(4, device='cuda:0')	1.6886428876337467
235200.0	3000.0	542.5896581454373	0.0	0	651.3428059809958	742.5896581454726	1	0	tensor(4, device='cuda:0')	2.0908986250003183
236200.0	3000.0	442.5896581454149	0.0	0	610.7646621044842	642.5896581454435	1	0	tensor(4, device='cuda:0')	2.0929419091273265
237200.0	3000.0	342.58965814541733	0.0	0	604.0004057399929	542.5896581454435	1	0	tensor(4, device='cuda:0')	2.094792560072017
238200.0	3000.0	242.58965814538766	0.0	0	661.4919909858727	442.58965814541443	1	0	tensor(4, device='cuda:0')	2.096468583103971
239200.0	3000.0	342.5896581453826	0.0	0	602.6947499023809	542.5896581453853	1	0	tensor(2, device='cuda:0')	1.896146541302419
240200.0	3000.0	442.5896581453736	0.0	0	660.1504677804478	642.5896581453853	1	0	tensor(2, device='cuda:0')	2.294436951481099
241200.0	3000.0	542.5896581453791	0.0	0	716.3369621225866	742.5896581454435	1	0	tensor(2, device='cuda:0')	2.2925492700064516
242200.0	3000.0	642.5896581453799	0.0	0	586.0034848347423	842.5896581454726	1	0	tensor(2, device='cuda:0')	2.290461238583246
243200.0	3000.0	542.5896581453726	0.0	0	515.513988695544	742.5896581454726	1	0	tensor(4, device='cuda:0')	1.6909189064244565
244200.0	3000.0	442.5896581453742	0.0	0	537.3525850020524	642.5896581454435	1	0	tensor(4, device='cuda:0')	2.0929536693442645
245200.0	3000.0	342.58965814536464	0.0	0	549.7043883827282	542.5896581454435	1	0	tensor(4, device='cuda:0')	2.0948104219162182
246200.0	3000.0	242.58965814540255	0.0	0	643.6543496840168	442.58965814550174	1	0	tensor(4, device='cuda:0')	2.0964685831039827
247200.0	3000.0	342.5896581454073	0.0	0	691.8201159899472	542.5896581455017	1	0	tensor(2, device='cuda:0')	1.8961465413024174
248200.0	3000.0	442.58965814538567	0.0	0	705.8024723781855	642.5896581454726	1	0	tensor(2, device='cuda:0')	2.2944369514810976
249200.0	3000.0	542.5896581453476	0.0	0	644.7002480990195	742.5896581454144	1	0	tensor(2, device='cuda:0')	2.2925492700064516
250200.0	3000.0	442.58965814534463	0.0	0	652.7359026038321	642.5896581453853	1	0	tensor(4, device='cuda:0')	1.692941909127331
251200.0	3000.0	342.5896581453384	0.0	0	676.2530024776934	542.5896581453271	1	0	tensor(4, device='cuda:0')	2.0947925600720163
252200.0	3000.0	242.58965814531638	0.0	0	749.6239591001358	442.5896581453271	1	0	tensor(4, device='cuda:0')	2.096468583103974
253200.0	3000.0	342.58965814531746	0.0	0	689.9483215489308	542.5896581453562	1	0	tensor(2, device='cuda:0')	1.8961465413024197
254200.0	3000.0	442.5896581453296	0.0	0	639.8125280789682	642.5896581453271	1	0	tensor(2, device='cuda:0')	2.2944369514811
255200.0	3000.0	342.5896581453046	0.0	0	713.4755459252337	542.5896581452398	1	0	tensor(4, device='cuda:0')	1.6947925600720148
256200.0	3000.0	242.5896581453154	0.0	0	746.8221006020322	442.5896581452398	1	0	tensor(4, device='cuda:0')	2.0964685831039813
257200.0	3000.0	142.9505082974606	0.3280455928868662	0	578.8490013802366	342.9505082973337	1	0	tensor(4, device='cuda:0')	2.0960847152840985
258200.0	3000.0	278.7789596191955	39.80939035746019	0	626.7898384668515	478.77895961905597	1	0	tensor(2, device='cuda:0')	1.658295748488102
259200.0	3000.0	378.7789596192056	0.0	0	794.4803978783602	578.778959619056	1	0	tensor(2, device='cuda:0')	2.2955473303430747
260200.0	3000.0	478.77895961921865	0.0	0	756.0103565994941	678.7789596190269	1	0	tensor(2, device='cuda:0')	2.293775300103002
261200.0	3000.0	578.7789596192363	0.0	0	667.3226348330791	778.7789596190851	1	0	tensor(2, device='cuda:0')	2.2918187385412674
262200.0	3000.0	478.7789596192597	0.0	0	667.3423451783601	678.7789596191142	1	0	tensor(4, device='cuda:0')	1.6922256991615658
263200.0	3000.0	378.77895961919717	0.0	0	770.0631595697487	578.7789596189978	1	0	tensor(4, device='cuda:0')	2.09414389220818
264200.0	3000.0	278.7789596192267	0.0	0	755.1702928618761	478.77895961899776	1	0	tensor(4, device='cuda:0')	2.095881140530777
265200.0	3000.0	178.77895961922405	0.0	0	534.5151589286979	378.77895961905597	1	0	tensor(4, device='cuda:0')	2.0974631570391753
266200.0	3000.0	298.92585507852226	22.385439399221468	0	587.0323020383366	498.925855078327	1	0	tensor(2, device='cuda:0')	1.7625225235385646
267200.0	3000.0	398.92585507849265	0.0	0	721.6525420767721	598.925855078327	1	0	tensor(2, device='cuda:0')	2.295204308511539
268200.0	3000.0	498.92585507847866	0.0	0	728.6880279527977	698.9258550782688	1	0	tensor(2, device='cuda:0')	2.293396543273723
269200.0	3000.0	598.9258550784853	0.0	0	772.9941139357979	798.9258550782106	1	0	tensor(2, device='cuda:0')	2.29140056332163
270200.0	3000.0	498.9258550785038	0.0	0	656.3129956568009	698.9258550782688	1	0	tensor(4, device='cuda:0')	1.6918157196074701
271200.0	3000.0	398.9258550786102	0.0	0	616.1995471742121	598.9258550784434	1	0	tensor(4, device='cuda:0')	2.093774909599702
272200.0	3000.0	298.9258550786376	0.0	0	757.9202085848665	498.9258550785016	1	0	tensor(4, device='cuda:0')	2.0955448540110586
273200.0	3000.0	198.92585507863762	0.0	0	653.6491378877545	398.9258550783852	1	0	tensor(4, device='cuda:0')	2.0971498481475455
274200.0	3000.0	298.92585507867034	0.0	0	603.9553719233372	498.9258550783852	1	0	tensor(2, device='cuda:0')	1.8968391845352133
275200.0	3000.0	398.9258550786983	0.0	0	644.9695431200671	598.925855078327	1	0	tensor(2, device='cuda:0')	2.295204308511539
276200.0	3000.0	498.9258550787812	0.0	0	790.0707681057393	698.9258550783852	1	0	tensor(2, device='cuda:0')	2.2933965432737216
277200.0	3000.0	598.9258550787832	0.0	0	769.1763004396926	798.9258550782688	1	0	tensor(2, device='cuda:0')	2.2914005633216283
278200.0	3000.0	498.92585507875765	0.0	0	721.8954143329174	698.9258550782688	1	0	tensor(4, device='cuda:0')	1.6918157196074612
279200.0	3000.0	398.92585507872997	0.0	0	783.3248141006334	598.9258550782688	1	0	tensor(4, device='cuda:0')	2.093772565769558
280200.0	3000.0	298.925855078689	0.0	0	750.903031407739	498.9258550781524	1	0	tensor(4, device='cuda:0')	2.0955448540110497
281200.0	3000.0	198.9258550786688	0.0	0	711.8285962653463	398.9258550782106	1	0	tensor(4, device='cuda:0')	2.097149848147546
282200.0	3000.0	98.92585507874321	0.0	0	705.2644752169144	298.9258550782688	1	0	tensor(4, device='cuda:0')	2.098603222889022
283200.0	3000.0	259.4331212652961	67.23029576281485	0	686.7919352336321	459.4331212647958	1	0	tensor(2, device='cuda:0')	1.4940628086793495
284200.0	3000.0	359.43312126528275	0.0	0	785.8042438305565	559.4331212647958	1	0	tensor(2, device='cuda:0')	2.2958703266447635
285200.0	3000.0	459.4331212653307	0.0	0	674.5643338931841	659.4331212647958	1	0	tensor(2, device='cuda:0')	2.29413195144959
286200.0	3000.0	559.4331212653871	0.0	0	572.5369036381016	759.433121264854	1	0	tensor(2, device='cuda:0')	2.2922076715409725
287200.0	3000.0	659.4331212654216	0.0	0	590.780687016726	859.4331212649122	1	0	tensor(2, device='cuda:0')	2.290084279486134
288200.0	3000.0	559.4331212653807	0.0	0	721.4664708973141	759.433121264854	1	0	tensor(4, device='cuda:0')	1.6905341283111737
289200.0	3000.0	459.4331212653948	0.0	0	470.13747186685214	659.4331212647376	1	0	tensor(4, device='cuda:0')	2.0926476089516632
290200.0	3000.0	359.43312126544583	0.0	0	571.8277801695513	559.4331212647958	1	0	tensor(4, device='cuda:0')	2.094505126375215
291200.0	3000.0	259.4331212654936	0.0	0	739.489443296101	459.433121264854	1	0	tensor(4, device='cuda:0')	2.0961977936815765
292200.0	3000.0	359.43312126548926	0.0	0	687.6918941092445	559.4331212649122	1	0	tensor(2, device='cuda:0')	1.895870326644762
293200.0	3000.0	459.4331212655069	0.0	0	774.7507012628485	659.4331212649122	1	0	tensor(2, device='cuda:0')	2.2941319514495886
294200.0	3000.0	359.4331212654473	0.0	0	614.1418360177777	559.4331212647958	1	0	tensor(4, device='cuda:0')	1.694493545551897
295200.0	3000.0	259.43312126544475	0.0	0	564.9882614505477	459.4331212647958	1	0	tensor(4, device='cuda:0')	2.0962033164748632
296200.0	3000.0	159.4331212654712	0.0	0	617.8457162749837	359.433121264854	1	0	tensor(4, device='cuda:0')	2.097741119805466
297200.0	3000.0	296.30978259752806	40.97406814671993	0	590.3866420653649	496.3097825970035	1	0	tensor(2, device='cuda:0')	1.6510323237765483
298200.0	3000.0	396.3097825975169	0.0	0	374.3040443244972	596.3097825970617	1	0	tensor(2, device='cuda:0')	2.2952121181221345
299200.0	3000.0	496.3097825974515	0.0	0	336.587615285418	696.3097825970035	1	0	tensor(2, device='cuda:0')	2.2933706006244883
300200.0	3000.0	596.3097825974861	0.0	0	702.1195390679059	796.3097825971199	1	0	tensor(2, device='cuda:0')	2.291455335471513
301200.0	3000.0	696.3097825974943	0.0	0	741.1296775211813	896.3097825971199	1	0	tensor(2, device='cuda:0')	2.2892574588041428
302200.0	3000.0	796.3097825975328	0.0	0	748.4396058903076	996.3097825971199	1	0	tensor(2, device='cuda:0')	2.2868312545015006
303200.0	3000.0	696.3097825975892	0.0	0	669.9140865191584	896.3097825971781	1	0	tensor(4, device='cuda:0')	1.6873358523220436
12.1	13.8	14.2	10.2	8.43	9.36	7.82	11.1	8.65	8.18	11.2	9.17	10.7	10.9	9.92	10.3	8.92	11.1	4.4	6.19	9.48	7.88	10.1	7.32	10.6	9.27	11.2	12.8	10.4	7.08	11.0	9.13	7.94	10.8	11.2	6.44	4.77	6.6	7.98	3.74	6.35	10.5	16.2	22.2	14.8	7.65	9.46	9.38	7.96	11.0	9.75	9.36	12.5	12.5	11.1	12.1	14.1	11.4	8.72	6.58	8.68	8.44	9.13	12.3	12.3	18.8	13.2	7.16	8.42	12.4	17.3	12.1	10.2	9.7	10.6	16.8	15.7	11.4	11.3	10.2	13.2	11.1	14.6	10.1	10.6	10.4	10.4	11.2	10.0	9.89	9.38	11.4	12.5	8.31	5.63	9.11	11.3	10.3	6.17	8.63	8.24	13.5	14.5	8.43	13.9	13.0	8.6	10.3	8.94	9.29	11.1	11.6	17.1	14.0	5.53	8.72	12.1	9.14	6.27	7.88	14.2	12.0	12.0	9.83	7.31	10.8	17.2	17.3	13.2	10.7	7.3	10.5	12.3	13.2	14.5	11.7	9.12	12.5	14.7	11.7	17.2	14.6	13.4	10.2	7.45	7.96	6.53	10.9	16.5	16.7	11.5	12.7	13.5	11.9	10.9	7.87	11.7	9.26	12.3	12.7	14.3	12.5	10.6	10.5	13.5	13.4	16.2	14.4	13.3	15.8	10.2	10.0	15.4	12.8	12.9	14.9	11.7	12.5	11.5	8.09	9.07	9.51	5.84	4.71	6.63	4.33	7.94	11.8	16.1	7.08	8.33	12.7	14.9	17.0	10.4	6.93	12.0	10.5	8.91	11.6	11.8	9.24	10.2	9.3	8.47	9.2	7.15	7.73	12.4	8.92	7.25	13.1	15.0	9.22	5.78	8.16	9.28	13.3	16.7	10.7	10.5	9.93	8.24	5.77	6.7	6.74	8.11	12.7	11.3	9.77	9.95	7.34	8.22	8.11	7.8	11.0	7.27	8.56	7.32	7.46	9.05	9.79	13.1	13.1	10.1	11.5	17.9	13.6	12.3	10.4	16.1	7.15	9.08	14.4	13.6	13.0	11.4	14.8	15.0	7.43	6.9	11.3	17.3	13.8	12.1	9.38	10.4	13.7	9.08	10.8	12.7	14.9	15.3	16.9	12.2	15.4	13.8	11.7	16.0	9.12	7.53	7.83	13.2	7.19	8.19	11.0	13.2	14.1	11.1	10.3	8.97	5.87	6.07	5.36	10.3	12.5	12.5	9.99	9.95	12.7
1555.0	1556.0	1557.0	1558.0	1559.0	1560.0	1561.0	1562.0	1563.0	1564.0	1565.0	1566.0	1567.0	1568.0	1569.0	1570.0	1571.0	1572.0	1573.0	1574.0	1575.0	1576.0	1577.0	1578.0	1579.0	1580.0	1581.0	1582.0	1583.0	1584.0	1585.0	1586.0	1587.0	1588.0	1589.0	1590.0	1591.0	1592.0	1593.0	1594.0	1595.0	1596.0	1597.0	1598.0	1599.0	1600.0	1601.0	1602.0	1603.0	1604.0	1605.0	1606.0	1607.0	1608.0	1609.0	1610.0	1611.0	1612.0	1613.0	1614.0	1615.0	1616.0	1617.0	1618.0	1619.0	1620.0	1621.0	1622.0	1623.0	1624.0	1625.0	1626.0	1627.0	1628.0	1629.0	1630.0	1631.0	1632.0	1633.0	1634.0	1635.0	1636.0	1637.0	1638.0	1639.0	1640.0	1641.0	1642.0	1643.0	1644.0	1645.0	1646.0	1647.0	1648.0	1649.0	1650.0	1651.0	1652.0	1653.0	1654.0	1655.0	1656.0	1657.0	1658.0	1659.0	1660.0	1661.0	1662.0	1663.0	1664.0	1665.0	1666.0	1667.0	1668.0	1669.0	1670.0	1671.0	1672.0	1673.0	1674.0	1675.0	1676.0	1677.0	1678.0	1679.0	1680.0	1681.0	1682.0	1683.0	1684.0	1685.0	1686.0	1687.0	1688.0	1689.0	1690.0	1691.0	1692.0	1693.0	1694.0	1695.0	1696.0	1697.0	1698.0	1699.0	1700.0	1701.0	1702.0	1703.0	1704.0	1705.0	1706.0	1707.0	1708.0	1709.0	1710.0	1711.0	1712.0	1713.0	1714.0	1715.0	1716.0	1717.0	1718.0	1719.0	1720.0	1721.0	1722.0	1723.0	1724.0	1725.0	1726.0	1727.0	1728.0	1729.0	1730.0	1731.0	1732.0	1733.0	1734.0	1735.0	1736.0	1737.0	1738.0	1739.0	1740.0	1741.0	1742.0	1743.0	1744.0	1745.0	1746.0	1747.0	1748.0	1749.0	1750.0	1751.0	1752.0	1753.0	1754.0	1755.0	1756.0	1757.0	1758.0	1759.0	1760.0	1761.0	1762.0	1763.0	1764.0	1765.0	1766.0	1767.0	1768.0	1769.0	1770.0	1771.0	1772.0	1773.0	1774.0	1775.0	1776.0	1777.0	1778.0	1779.0	1780.0	1781.0	1782.0	1783.0	1784.0	1785.0	1786.0	1787.0	1788.0	1789.0	1790.0	1791.0	1792.0	1793.0	1794.0	1795.0	1796.0	1797.0	1798.0	1799.0	1800.0	1801.0	1802.0	1803.0	1804.0	1805.0	1806.0	1807.0	1808.0	1809.0	1810.0	1811.0	1812.0	1813.0	1814.0	1815.0	1816.0	1817.0	1818.0	1819.0	1820.0	1821.0	1822.0	1823.0	1824.0	1825.0	1826.0	1827.0	1828.0	1829.0	1830.0	1831.0	1832.0	1833.0	1834.0	1835.0	1836.0	1837.0	1838.0	1839.0	1840.0	1841.0	1842.0	1843.0	1844.0	1845.0	1846.0	1847.0	1848.0	1849.0	1850.0	1851.0	1852.0	1853.0	1854.0
4798.0
