3626.3916881000723	3000.0	2000.0	838.4974164707412	0	0.0	3626.3916881000723	1	0	tensor(4, device='cuda:0')	-5.5017216259056525
4029.9642100134943	2000.0	2556.0702258952356	0.0	0	0.0	3586.03443590873	1	0	tensor(4, device='cuda:0')	1.0895370280794807
4572.610541676452	3000.0	2959.1592610659827	0.0	0	0.0	3531.769802742435	1	0	tensor(4, device='cuda:0')	1.4819158313195548
5358.620022093329	3000.0	3094.5488326074183	0.0	0	0.0	3453.1688547007466	1	0	tensor(4, device='cuda:0')	1.8584339940189336
6452.0203395491235	3000.0	2891.8084834060433	0.0	0	0.0	3343.8288229551667	1	0	tensor(4, device='cuda:0')	1.8241100221021689
7204.166518830336	3000.0	3064.447686196709	0.0	0	0.0	3268.614205027045	1	0	tensor(4, device='cuda:0')	1.913022571229448
8223.836315196228	3000.0	2942.810910194227	0.0	0	0.0	3166.647225390456	1	0	tensor(4, device='cuda:0')	1.8807687825209343
9200.0	3000.0	2869.0308569100775	0.0	0	79.03019895602483	3069.030856910078	1	0	tensor(4, device='cuda:0')	1.9090326164080218
10200.0	3000.0	2769.0308569100794	0.0	0	155.20234926959165	2969.0308569100807	1	0	tensor(4, device='cuda:0')	1.9230048613764645
11200.0	3000.0	2669.03085691008	0.0	0	421.1242296112432	2869.0308569100816	1	0	tensor(4, device='cuda:0')	1.938755724769417
12200.0	3000.0	2569.030856910077	0.0	0	430.4339129426444	2769.03085691008	1	0	tensor(4, device='cuda:0')	1.9547552445134901
13200.0	3000.0	2469.030856910076	0.0	0	447.0779334721374	2669.030856910078	1	0	tensor(4, device='cuda:0')	1.969082393629229
14200.0	3000.0	2369.030856910076	0.0	0	468.8888662642421	2569.030856910078	1	0	tensor(4, device='cuda:0')	1.9823280199894318
15200.0	3000.0	2269.030856910078	0.0	0	639.4582709060378	2469.030856910078	1	0	tensor(4, device='cuda:0')	1.994151260016193
16200.0	3000.0	2169.0308569100766	0.0	0	188.04704365132238	2369.030856910076	1	0	tensor(4, device='cuda:0')	2.005603808776215
17200.0	3000.0	2069.030856910073	0.0	0	292.0881541953604	2269.0308569100707	1	0	tensor(4, device='cuda:0')	2.015561352595131
18200.0	3000.0	1969.0308569100714	0.0	0	481.1633687562644	2169.0308569100653	1	0	tensor(4, device='cuda:0')	2.0242339084702894
19200.0	3000.0	1869.0308569100685	0.0	0	341.1980137790197	2069.03085691006	1	0	tensor(4, device='cuda:0')	2.032563919578473
20200.0	3000.0	1769.030856910062	0.0	0	203.00701759460208	1969.0308569100562	1	0	tensor(4, device='cuda:0')	2.040313354357648
21200.0	3000.0	1669.0308569100619	0.0	0	236.8047891122951	1869.030856910049	1	0	tensor(4, device='cuda:0')	2.0470180637331263
22291.00106156046	3000.0	1468.929689193557	0.0	0	0.0	1759.9307507540034	1	0	tensor(4, device='cuda:0')	2.035541659821877
23844.850157684912	3000.0	759.6956834566606	0.0	0	0.0	1604.5458411415566	1	0	tensor(4, device='cuda:0')	1.9510214019978858
24877.311969553004	3000.0	830.4800527753815	0.0	0	0.0	1707.792022328369	1	0	tensor(2, device='cuda:0')	1.8598183959013
25841.90708855902	3000.0	962.3444456699685	0.0	0	0.0	1804.2515342289698	1	0	tensor(2, device='cuda:0')	2.2545758823626336
26587.968232821815	3000.0	1290.889415833448	0.0	0	0.0	1878.8576486552447	1	0	tensor(2, device='cuda:0')	2.249708595284723
27365.79900751762	3000.0	1435.2755636680588	0.0	0	0.0	1801.074571185658	1	0	tensor(4, device='cuda:0')	1.6966018213563554
28200.0	3000.0	1517.654471937439	0.0	0	167.49078493235356	1717.6544719374178	1	0	tensor(4, device='cuda:0')	2.089693391188078
29200.0	3000.0	1417.6544719374438	0.0	0	529.2738357072158	1617.6544719374178	1	0	tensor(4, device='cuda:0')	2.0611427383810828
30200.0	3000.0	1317.6544719374422	0.0	0	392.16733788350393	1517.6544719374142	1	0	tensor(4, device='cuda:0')	2.066035737587783
31200.0	3000.0	1217.6544719374426	0.0	0	378.95384134236883	1417.6544719374142	1	0	tensor(4, device='cuda:0')	2.0703765604670648
32200.0	3000.0	1117.6544719374401	0.0	0	348.98764866683996	1317.6544719374142	1	0	tensor(4, device='cuda:0')	2.0743936427630585
33200.0	3000.0	1017.6544719374396	0.0	0	504.6992558454367	1217.6544719374106	1	0	tensor(4, device='cuda:0')	2.077907988683591
34200.0	3000.0	917.6544719374341	0.0	0	137.3931871177847	1117.654471937407	1	0	tensor(4, device='cuda:0')	2.0812975955729733
35200.0	3000.0	817.6544719374333	0.0	0	297.22039886128186	1017.6544719374069	1	0	tensor(4, device='cuda:0')	2.0843002225516862
36200.0	3000.0	717.6544719374286	0.0	0	358.0812672144966	917.6544719373924	1	0	tensor(4, device='cuda:0')	2.0868717738372293
37200.0	3000.0	617.6544719374349	0.0	0	509.75760984457884	817.6544719374069	1	0	tensor(4, device='cuda:0')	2.089237349509446
38200.0	3000.0	517.6544719374342	0.0	0	307.2917674671189	717.6544719374069	1	0	tensor(4, device='cuda:0')	2.091466856231455
39565.04606240701	3000.0	200.0	167.1783606457106	0	0.0	765.046062407011	1	0	tensor(4, device='cuda:0')	1.0482649621716225
40474.8947897807	3000.0	606.33363084804	250.2194283159486	0	0.0	1081.2284206287513	1	0	tensor(2, device='cuda:0')	0.3827562908334923
41200.0	3000.0	953.7389416506684	0.0	0	2.3902894699713215	1153.7389416506849	1	0	tensor(2, device='cuda:0')	2.2817881134409856
42200.0	3000.0	1053.738941650667	0.0	0	223.97973115299828	1253.7389416506849	1	0	tensor(2, device='cuda:0')	2.2792089546494316
43200.0	3000.0	1153.7389416506644	0.0	0	169.75415872463054	1353.7389416506849	1	0	tensor(2, device='cuda:0')	2.275650685348716
44226.97680328192	3000.0	1024.0644580405567	0.0	0	0.0	1251.0412613225053	1	0	tensor(4, device='cuda:0')	1.6717430804170799
45407.38534516406	3000.0	725.6150619702066	0.0	0	0.0	1133.0004071342992	1	0	tensor(4, device='cuda:0')	2.0448256343873714
46200.0	3000.0	853.7389416506749	0.0	0	21.786973987727833	1053.7389416507067	1	0	tensor(4, device='cuda:0')	2.125097033284033
47200.0	3000.0	953.7389416506776	0.0	0	21.14049895569042	1153.7389416507067	1	0	tensor(2, device='cuda:0')	1.8820307568416903
48582.63740307876	3000.0	709.3652788797976	0.0	0	0.0	1292.0026819585837	1	0	tensor(2, device='cuda:0')	2.2781118059956977
49374.81412058054	3000.0	996.4062331281959	0.0	0	0.0	1371.2203537087626	1	0	tensor(2, device='cuda:0')	2.2745009563767957
50200.0	3000.0	1253.7389416506808	0.0	0	162.37819346025935	1453.7389416506994	1	0	tensor(2, device='cuda:0')	2.271593814102883
51200.0	3000.0	1353.7389416506833	0.0	0	128.07744400756928	1553.7389416507067	1	0	tensor(2, device='cuda:0')	2.2675359735646254
52200.0	3000.0	1253.738941650684	0.0	0	181.62431473981997	1453.7389416506994	1	0	tensor(4, device='cuda:0')	1.6691249928467384
53200.0	3000.0	1153.7389416506885	0.0	0	398.0814937197574	1353.738941650714	1	0	tensor(4, device='cuda:0')	2.072989063508316
54200.0	3000.0	1053.7389416506867	0.0	0	522.1028840887593	1253.7389416507067	1	0	tensor(4, device='cuda:0')	2.076657856765449
55200.0	3000.0	953.7389416506869	0.0	0	185.50131955543475	1153.7389416507067	1	0	tensor(4, device='cuda:0')	2.0801536332210038
56200.0	3000.0	853.7389416506749	0.0	0	259.6088579556308	1053.7389416506994	1	0	tensor(4, device='cuda:0')	2.083254262524409
57200.0	3000.0	753.7389416506783	0.0	0	361.79175013645727	953.7389416506921	1	0	tensor(4, device='cuda:0')	2.0858980155157902
58200.0	3000.0	653.7389416506867	0.0	0	325.13003881886834	853.7389416506994	1	0	tensor(4, device='cuda:0')	2.088485066188505
59200.0	3000.0	553.7389416506905	0.0	0	353.45722334310994	753.738941650714	1	0	tensor(4, device='cuda:0')	2.090735667164342
60200.0	3000.0	453.7389416506876	0.0	0	485.09596753461665	653.7389416506994	1	0	tensor(4, device='cuda:0')	2.0927322684803844
61200.0	3000.0	353.7389416506884	0.0	0	376.133831154526	553.7389416506994	1	0	tensor(4, device='cuda:0')	2.09461871037755
62267.92457158118	3000.0	597.1446206985897	227.26421496773963	0	0.0	865.0691922797632	1	0	tensor(2, device='cuda:0')	0.5259893783294103
63200.0	3000.0	758.2767351216453	0.0	0	319.2153303014784	958.2767351216316	1	0	tensor(2, device='cuda:0')	2.287670935862841
64200.0	3000.0	858.276735121639	0.0	0	357.03995158561884	1058.2767351216244	1	0	tensor(2, device='cuda:0')	2.2851407985265606
65200.0	3000.0	958.2767351216364	0.0	0	274.50570814756065	1158.2767351216244	1	0	tensor(2, device='cuda:0')	2.282165760026438
66200.0	3000.0	858.2767351216455	0.0	0	369.76245169940375	1058.2767351216316	1	0	tensor(4, device='cuda:0')	1.6829775148204325
67449.13394534352	3000.0	484.2293952437596	0.0	0	0.0	933.363340587297	1	0	tensor(4, device='cuda:0')	2.036464961217271
68287.02248337751	3000.0	730.1297110131575	0.0	0	0.0	1017.1521943906846	1	0	tensor(2, device='cuda:0')	1.8857235386876838
69224.70211211045	3000.0	886.2180451535196	0.0	0	0.0	1110.9201572639722	1	0	tensor(2, device='cuda:0')	2.2832236991622854
70200.0	3000.0	1008.4499460529189	0.0	0	308.16979342568084	1208.4499460529332	1	0	tensor(2, device='cuda:0')	2.2806711156752644
71200.0	3000.0	1108.4499460529235	0.0	0	2.3813369083654834	1308.4499460529478	1	0	tensor(2, device='cuda:0')	2.2771205371848167
72200.0	3000.0	1208.449946052909	0.0	0	221.16806598796393	1408.4499460529332	1	0	tensor(2, device='cuda:0')	2.273724943157861
73200.0	3000.0	1108.4499460529094	0.0	0	190.71287562621	1308.4499460529041	1	0	tensor(4, device='cuda:0')	1.674854303524858
74200.0	3000.0	1008.4499460528858	0.0	0	194.50102660965058	1208.449946052875	1	0	tensor(4, device='cuda:0')	2.07840819192881
75299.76935835849	3000.0	798.7036518585305	0.0	0	0.0	1098.4730102170288	1	0	tensor(4, device='cuda:0')	2.062202232644126
76200.0	3000.0	808.4499460528789	0.0	0	137.4182968038367	1008.4499460528605	1	0	tensor(4, device='cuda:0')	2.104605040654502
77200.0	3000.0	708.4499460528915	0.0	0	12.543965094169835	908.4499460528605	1	0	tensor(4, device='cuda:0')	2.0875002524702433
78200.0	3000.0	808.4499460528937	0.0	0	503.83225708603277	1008.4499460528605	1	0	tensor(2, device='cuda:0')	1.8864817659178523
79200.0	3000.0	908.4499460529064	0.0	0	512.6082837606955	1108.4499460528605	1	0	tensor(2, device='cuda:0')	2.283798161722831
80200.0	3000.0	808.4499460529028	0.0	0	94.70383451395901	1008.449946052875	1	0	tensor(4, device='cuda:0')	1.6846892324099798
81200.0	3000.0	708.44994605288	0.0	0	447.8122867351776	908.4499460528605	1	0	tensor(4, device='cuda:0')	2.0870649220290227
82252.16314367452	3000.0	551.0704880108926	0.0	0	0.0	803.2336316853907	1	0	tensor(4, device='cuda:0')	2.0792418099409646
83438.02342957056	3000.0	483.7962307044569	0.0	0	0.0	921.8196602749958	1	0	tensor(2, device='cuda:0')	1.8884069045530458
84650.86314525122	3000.0	438.12959828133046	50.987901877184754	0	0.0	1088.9927435325371	1	0	tensor(2, device='cuda:0')	1.9781958613393846
86248.20706091984	3000.0	422.9139445076804	469.326522586789	0	0.0	1671.1210054274852	1	0	tensor(2, device='cuda:0')	-0.5539706415814434
87175.30784177662	3000.0	603.7576708897302	16.927143503504688	0	0.0	1779.0655126663041	1	0	tensor(2, device='cuda:0')	2.1542533842333933
88081.18011176465	3000.0	788.4726279005083	0.0	0	0.0	1869.6527396651218	1	0	tensor(2, device='cuda:0')	2.250466507103786
88778.2040883323	3000.0	1021.7462536760979	0.0	0	0.0	1799.9503420083638	1	0	tensor(4, device='cuda:0')	1.7130947821563494
89244.3263260573	3000.0	1509.0117921786132	0.0	0	0.0	1753.3381182358862	1	0	tensor(4, device='cuda:0')	2.162200803769734
90200.0	3000.0	1457.7707508416354	0.0	0	567.5597448427143	1657.7707508416206	1	0	tensor(4, device='cuda:0')	2.0679517529331046
91200.0	3000.0	1357.7707508416222	0.0	0	620.0370349557052	1557.770750841606	1	0	tensor(4, device='cuda:0')	2.064054214209079
92200.0	3000.0	1257.7707508416138	0.0	0	447.97529110783944	1457.7707508415915	1	0	tensor(4, device='cuda:0')	2.068695731084556
93200.0	3000.0	1157.770750841632	0.0	0	396.55674843453744	1357.770750841606	1	0	tensor(4, device='cuda:0')	2.0727961785787032
94200.0	3000.0	1057.7707508416338	0.0	0	477.32900141550635	1257.770750841606	1	0	tensor(4, device='cuda:0')	2.0765395289611037
95200.0	3000.0	957.7707508416436	0.0	0	275.7886906694039	1157.7707508416206	1	0	tensor(4, device='cuda:0')	2.080073937976038
96200.0	3000.0	857.7707508416399	0.0	0	458.80781167707755	1057.7707508416206	1	0	tensor(4, device='cuda:0')	2.0829950804256994
97200.0	3000.0	757.7707508416374	0.0	0	348.8187442089693	957.7707508416061	1	0	tensor(4, device='cuda:0')	2.0858003627170767
98200.0	3000.0	657.770750841639	0.0	0	319.9575732399826	857.7707508416206	1	0	tensor(4, device='cuda:0')	2.0883905647197327
99200.0	3000.0	557.770750841636	0.0	0	241.0260134456621	757.7707508416352	1	0	tensor(4, device='cuda:0')	2.0906501044364836
100223.23218689355	3000.0	432.2153452587248	0.0	0	0.0	655.4475321522768	1	0	tensor(4, device='cuda:0')	2.0882640456808446
101384.3666365342	3000.0	456.56205690783656	77.07524036188342	0	0.0	840.9286934420379	1	0	tensor(2, device='cuda:0')	1.4278431347931062
102621.27698819884	3000.0	351.4210284220611	8.975875569319953	0	0.0	972.6980166208814	1	0	tensor(2, device='cuda:0')	2.233473227368863
103840.97940091549	3000.0	488.7185078906577	261.1440565706665	0	0.0	1329.697908806149	1	0	tensor(2, device='cuda:0')	0.7094279269251573
104591.66691735208	3000.0	813.0997430977206	0.0	0	0.0	1404.7666604497936	1	0	tensor(2, device='cuda:0')	2.2731932968070185
105439.95225643224	3000.0	1049.6429379255999	0.0	0	0.0	1489.5951943578548	1	0	tensor(2, device='cuda:0')	2.2699298818672666
106466.94514912134	3000.0	1125.3493345053973	0.0	0	0.0	1592.2944836267416	1	0	tensor(2, device='cuda:0')	2.2657394101656134
107203.54754507144	3000.0	1462.4071781503135	0.0	0	0.0	1665.9547232217592	1	0	tensor(2, device='cuda:0')	2.261493320647012
108200.0	3000.0	1366.3094777289116	0.0	0	307.35743556101806	1566.309477728908	1	0	tensor(4, device='cuda:0')	1.664565741102001
109200.0	3000.0	1266.309477728923	0.0	0	159.56011888256762	1466.3094777289225	1	0	tensor(4, device='cuda:0')	2.0684931873459487
110200.0	3000.0	1166.3094777289084	0.0	0	232.49139080038003	1366.309477728908	1	0	tensor(4, device='cuda:0')	2.0725579569864214
111200.0	3000.0	1066.3094777289068	0.0	0	102.63541523872118	1266.3094777288934	1	0	tensor(4, device='cuda:0')	2.076440389891752
112200.0	3000.0	966.3094777288959	0.0	0	139.04637100909895	1166.3094777288788	1	0	tensor(4, device='cuda:0')	2.0798860205794116
113200.0	3000.0	866.3094777288925	0.0	0	430.321405347524	1066.3094777288788	1	0	tensor(4, device='cuda:0')	2.082774590180125
114200.0	3000.0	766.3094777288945	0.0	0	260.13427062939445	966.3094777288934	1	0	tensor(4, device='cuda:0')	2.085623820930499
115200.0	3000.0	666.3094777288954	0.0	0	273.77012842314434	866.3094777288934	1	0	tensor(4, device='cuda:0')	2.0881747044444685
116200.0	3000.0	566.3094777288916	0.0	0	353.61210485425545	766.3094777288643	1	0	tensor(4, device='cuda:0')	2.0904339088003407
117200.0	3000.0	466.3094777288784	0.0	0	369.2126431300421	666.3094777288206	1	0	tensor(4, device='cuda:0')	2.09251796164789
118200.0	3000.0	366.3094777288708	0.0	0	425.0417039407039	566.3094777288061	1	0	tensor(4, device='cuda:0')	2.094390911166321
119238.62518319608	3000.0	376.869185732758	139.1340086541498	0	0.0	615.4943689288048	1	0	tensor(4, device='cuda:0')	1.278981853136133
120200.0	3000.0	572.2440283027992	67.3468641039594	0	64.92515485051263	772.2440283027972	1	0	tensor(2, device='cuda:0')	1.4875851845210601
121200.0	3000.0	672.2440283028016	0.0	0	248.58750100135512	872.2440283028118	1	0	tensor(2, device='cuda:0')	2.289679957092741
122200.0	3000.0	772.2440283028025	0.0	0	218.03697541898873	972.2440283028118	1	0	tensor(2, device='cuda:0')	2.2873099148887226
123200.0	3000.0	872.2440283028014	0.0	0	168.07092873757938	1072.2440283028118	1	0	tensor(2, device='cuda:0')	2.284724558314474
124248.26530081089	3000.0	719.1521974108066	0.0	0	0.0	967.4174982217082	1	0	tensor(4, device='cuda:0')	1.6760746640771105
125304.55158773782	3000.0	768.4945391765598	0.0	0	0.0	1073.0461269143852	1	0	tensor(2, device='cuda:0')	1.8843811383236064
126200.0	3000.0	962.590968140588	0.0	0	246.12119608176	1162.5909681406047	1	0	tensor(2, device='cuda:0')	2.2819739605746596
127200.0	3000.0	1062.5909681405992	0.0	0	223.73549202102004	1262.5909681406483	1	0	tensor(2, device='cuda:0')	2.278960603706801
128200.0	3000.0	1162.590968140598	0.0	0	214.13811787619488	1362.5909681406483	1	0	tensor(2, device='cuda:0')	2.2753448971289396
129200.0	3000.0	1062.5909681406251	0.0	0	274.7136654060305	1262.5909681406774	1	0	tensor(4, device='cuda:0')	1.6764725084769276
130200.0	3000.0	962.5909681406358	0.0	0	25.53173352102749	1162.5909681407065	1	0	tensor(4, device='cuda:0')	2.080048469312585
131200.0	3000.0	862.5909681406131	0.0	0	180.06525671352574	1062.5909681406774	1	0	tensor(4, device='cuda:0')	2.0830943540997655
132200.0	3000.0	762.5909681406283	0.0	0	432.1246296777972	962.5909681406629	1	0	tensor(4, device='cuda:0')	2.085684796916561
133200.0	3000.0	662.5909681406614	0.0	0	326.78579118466587	862.590968140692	1	0	tensor(4, device='cuda:0')	2.088246555346041
134200.0	3000.0	562.5909681406605	0.0	0	394.98035436923965	762.5909681406629	1	0	tensor(4, device='cuda:0')	2.090505848956777
135200.0	3000.0	462.59096814068505	0.0	0	362.94545966983424	662.590968140692	1	0	tensor(4, device='cuda:0')	2.0926043311807896
136200.0	3000.0	362.59096814065924	0.0	0	197.9048957460618	562.5909681407211	1	0	tensor(4, device='cuda:0')	2.0945191416677664
137495.10602146102	3000.0	200.51470766833498	238.67305739528854	0	0.0	695.620729129354	1	0	tensor(4, device='cuda:0')	0.648978379850129
138978.99470047638	3000.0	350.549212160509	539.482572895599	0	0.0	1329.543912636902	1	0	tensor(2, device='cuda:0')	-1.3602797549473244
139919.03369415773	3000.0	543.6331021679525	43.46553813403773	0	0.0	1462.6667963256768	1	0	tensor(2, device='cuda:0')	2.0103994492509893
141243.38759179646	3000.0	523.2139283261915	190.55481559234804	0	0.0	1766.60152012264	1	0	tensor(2, device='cuda:0')	1.113430976350174
142170.3937949978	3000.0	688.9083454449824	0.0	0	0.0	1859.302140442771	1	0	tensor(2, device='cuda:0')	2.2511757798237997
143016.4978029106	3000.0	758.1939367408979	0.0	0	0.0	1774.6917396514618	1	0	tensor(4, device='cuda:0')	1.6845267782487863
143693.35476624937	3000.0	1013.6512770682094	0.0	0	0.0	1707.0060433175531	1	0	tensor(4, device='cuda:0')	2.122290197631543
144439.99877055737	3000.0	1192.3428723293903	0.0	0	0.0	1632.3416428867495	1	0	tensor(4, device='cuda:0')	2.1121416886703273
145365.50117148974	3000.0	1174.2902313037755	0.0	0	0.0	1539.7914027935185	1	0	tensor(4, device='cuda:0')	2.080556234202498
146200.0	3000.0	1256.3415199425144	0.0	0	208.95254986247164	1456.3415199425071	1	0	tensor(4, device='cuda:0')	2.102283130737372
147200.0	3000.0	1156.341519942544	0.0	0	576.2847502800869	1356.3415199425654	1	0	tensor(4, device='cuda:0')	2.0728058023822413
148200.0	3000.0	1056.3415199425397	0.0	0	451.52383436463424	1256.3415199425363	1	0	tensor(4, device='cuda:0')	2.076579202144857
149200.0	3000.0	956.341519942574	0.0	0	158.8022195798403	1156.3415199425654	1	0	tensor(4, device='cuda:0')	2.0801702412975014
150200.0	3000.0	856.3415199425879	0.0	0	489.4277437169221	1056.3415199425945	1	0	tensor(4, device='cuda:0')	2.083043631188349
151200.0	3000.0	756.3415199426048	0.0	0	330.4096337723313	956.3415199426236	1	0	tensor(4, device='cuda:0')	2.0859393799535955
152200.0	3000.0	656.3415199425621	0.0	0	632.8776389620907	856.3415199425654	1	0	tensor(4, device='cuda:0')	2.088314874635621
153200.0	3000.0	556.3415199425588	0.0	0	567.2129489626095	756.3415199425945	1	0	tensor(4, device='cuda:0')	2.0906035091243975
154200.0	3000.0	456.341519942554	0.0	0	463.60011068478343	656.3415199425654	1	0	tensor(4, device='cuda:0')	2.092699740799564
155200.0	3000.0	356.3415199425657	0.0	0	255.68675258292933	556.3415199425654	1	0	tensor(4, device='cuda:0')	2.094601499670857
156200.0	3000.0	393.28613547906843	124.49510503319704	0	86.70290681306506	593.2861354790512	1	0	tensor(4, device='cuda:0')	1.3719897830362606
157200.0	3000.0	293.28613547903956	0.0	0	357.7153764863615	493.28613547905115	1	0	tensor(4, device='cuda:0')	2.0956738267367516
158297.32350471453	3000.0	500.91275004361387	216.90863200847195	0	0.0	798.2362547581433	1	0	tensor(2, device='cuda:0')	0.5897114926460592
159200.0	3000.0	688.5039042866855	0.0	0	114.26500937927631	888.5039042867429	1	0	tensor(2, device='cuda:0')	2.289209827140461
160200.0	3000.0	788.5039042866919	0.0	0	148.49862250484875	988.5039042867138	1	0	tensor(2, device='cuda:0')	2.286733648513839
161200.0	3000.0	888.5039042866837	0.0	0	457.13636696801404	1088.5039042867138	1	0	tensor(2, device='cuda:0')	2.284360557327707
162321.0739153201	3000.0	879.5373804985896	0.0	0	0.0	1200.6112958187587	1	0	tensor(2, device='cuda:0')	2.2808149137690377
163243.18830515977	3000.0	865.2115516749627	0.0	0	0.0	1108.3998568347888	1	0	tensor(4, device='cuda:0')	1.6976422895678145
164200.0	3000.0	812.7186873507162	0.0	0	437.1139790256275	1012.7186873508035	1	0	tensor(4, device='cuda:0')	2.0929529748857205
165200.0	3000.0	712.7186873507487	0.0	0	346.32733722100966	912.7186873508617	1	0	tensor(4, device='cuda:0')	2.0869790345260317
166200.0	3000.0	612.7186873507391	0.0	0	265.0863647244696	812.7186873508617	1	0	tensor(4, device='cuda:0')	2.089443299463506
167200.0	3000.0	512.7186873507032	0.0	0	456.1846501653781	712.7186873508035	1	0	tensor(4, device='cuda:0')	2.0915694819984436
168200.0	3000.0	412.71868735069336	0.0	0	457.9362141810416	612.7186873507744	1	0	tensor(4, device='cuda:0')	2.0935535578360245
169200.0	3000.0	312.71868735071354	0.0	0	448.9197391215712	512.7186873507744	1	0	tensor(4, device='cuda:0')	2.095323766663838
170474.3350024325	3000.0	379.0597579421883	236.93619197857555	0	0.0	853.3947603746492	1	0	tensor(2, device='cuda:0')	0.46848673011432623
171559.9954999389	3000.0	504.39468334280906	113.81041461818756	0	0.0	1064.3901832817064	1	0	tensor(2, device='cuda:0')	1.6018489446194224
172200.0	3000.0	928.3906332878239	0.0	0	153.91685421939474	1128.3906332878396	1	0	tensor(2, device='cuda:0')	2.2827676142324296
173200.0	3000.0	1028.3906332878066	0.0	0	146.1241953902063	1228.3906332878396	1	0	tensor(2, device='cuda:0')	2.280025838091606
174298.57424117194	3000.0	1039.6738162330662	0.0	0	0.0	1338.2480574050278	1	0	tensor(2, device='cuda:0')	2.2760031781022207
175264.95504195962	3000.0	976.6549353666238	0.0	0	0.0	1241.6099773262395	1	0	tensor(4, device='cuda:0')	1.6842996141797784
176408.7268625595	3000.0	718.5059327067167	0.0	0	0.0	1127.23279526626	1	0	tensor(4, device='cuda:0')	2.0524231456972055
177548.18508428222	3000.0	692.993533156307	0.0	0	0.0	1241.1786174385634	1	0	tensor(2, device='cuda:0')	1.8794758286777788
178498.39684965851	3000.0	837.8029443176348	0.0	0	0.0	1336.1997939761786	1	0	tensor(2, device='cuda:0')	2.276015621571013
179397.37305771236	3000.0	1028.7243570691849	0.0	0	0.0	1426.0974147815723	1	0	tensor(2, device='cuda:0')	2.272586745048354
180649.8218569906	3000.0	901.5204377187894	0.0	0	0.0	1551.3422947094077	1	0	tensor(2, device='cuda:0')	2.267662716510597
181689.53531718982	3000.0	965.7783235394643	0.0	0	0.0	1655.3136407292914	1	0	tensor(2, device='cuda:0')	2.2625781012107
183115.72071902646	3000.0	682.2114618864678	0.0	0	0.0	1797.9321809129615	1	0	tensor(2, device='cuda:0')	2.255815532601668
184576.34320267927	3000.0	367.65122659892734	0.0	0	0.0	1943.9944292782166	1	0	tensor(2, device='cuda:0')	2.24672460455316
185211.17975914537	3000.0	796.2983257794215	0.0	0	0.0	2007.4780849248054	1	0	tensor(2, device='cuda:0')	2.241050909141974
185721.59400881367	3000.0	1336.9255010779543	0.0	0	0.0	2058.519509891601	1	0	tensor(2, device='cuda:0')	2.237259153594082
186303.02810059628	3000.0	1697.348000117098	0.0	0	0.0	2000.376100713358	1	0	tensor(4, device='cuda:0')	1.723226746222423
187200.0	3000.0	1710.6789107730222	0.0	0	148.17241298759473	1910.6789107729855	1	0	tensor(4, device='cuda:0')	2.0651193116152236
188200.0	3000.0	1610.6789107729965	0.0	0	304.363729224453	1810.6789107729564	1	0	tensor(4, device='cuda:0')	2.0505184982383633
189200.0	3000.0	1510.6789107729514	0.0	0	297.4450789336406	1710.6789107729273	1	0	tensor(4, device='cuda:0')	2.056436865676835
190200.0	3000.0	1410.6789107729744	0.0	0	287.7327436268679	1610.6789107729273	1	0	tensor(4, device='cuda:0')	2.061710820156339
191200.0	3000.0	1310.6789107729528	0.0	0	574.2179399131564	1510.6789107728982	1	0	tensor(4, device='cuda:0')	2.066251729994647
192200.0	3000.0	1210.6789107729853	0.0	0	130.89189405509387	1410.6789107729273	1	0	tensor(4, device='cuda:0')	2.0708683707802544
193200.0	3000.0	1110.6789107729787	0.0	0	49.263462788803736	1310.6789107728982	1	0	tensor(4, device='cuda:0')	2.0748476492459265
194200.0	3000.0	1010.6789107730009	0.0	0	84.48807410214795	1210.6789107728691	1	0	tensor(4, device='cuda:0')	2.0784918761494207
195200.0	3000.0	1110.6789107729776	0.0	0	135.26251649987535	1310.67891077284	1	0	tensor(2, device='cuda:0')	1.8771232992758364
196312.36217330553	3000.0	1109.552954798028	0.0	0	0.0	1421.9151281034574	1	0	tensor(2, device='cuda:0')	2.2729180914873917
197200.0	3000.0	1310.678910773027	0.0	0	115.09158040245529	1510.6789107729564	1	0	tensor(2, device='cuda:0')	2.269162959373486
198200.0	3000.0	1410.6789107730335	0.0	0	321.34718085994245	1610.6789107729564	1	0	tensor(2, device='cuda:0')	2.2652228357589994
199200.0	3000.0	1510.6789107730424	0.0	0	249.15317015422625	1710.6789107729564	1	0	tensor(2, device='cuda:0')	2.2601635816748944
200200.0	3000.0	1410.6789107730472	0.0	0	274.1891525661631	1610.6789107729273	1	0	tensor(4, device='cuda:0')	1.661655317585073
201200.0	3000.0	1310.6789107730237	0.0	0	224.67718006978976	1510.6789107728691	1	0	tensor(4, device='cuda:0')	2.06638536317856
202200.0	3000.0	1210.6789107730347	0.0	0	160.04898154112743	1410.67891077284	1	0	tensor(4, device='cuda:0')	2.0710878855257895
203200.0	3000.0	1110.6789107730233	0.0	0	18.599706590757705	1310.678910772811	1	0	tensor(4, device='cuda:0')	2.0752105846155806
204200.0	3000.0	1010.6789107730435	0.0	0	238.02355681112385	1210.678910772811	1	0	tensor(4, device='cuda:0')	2.078285036412616
205200.0	3000.0	910.6789107730463	0.0	0	344.9374757636979	1110.67891077284	1	0	tensor(4, device='cuda:0')	2.0814407310627434
206200.0	3000.0	810.6789107730651	0.0	0	117.09893016112619	1010.67891077284	1	0	tensor(4, device='cuda:0')	2.084670840108502
207200.0	3000.0	710.6789107730956	0.0	0	455.45591819341644	910.67891077284	1	0	tensor(4, device='cuda:0')	2.087003671252579
208200.0	3000.0	610.6789107731101	0.0	0	338.95189029647736	810.67891077284	1	0	tensor(4, device='cuda:0')	2.0894886582768106
209200.0	3000.0	510.678910773108	0.0	0	402.46171360617154	710.67891077284	1	0	tensor(4, device='cuda:0')	2.0916129592909427
210200.0	3000.0	410.6789107731319	0.0	0	351.8141057983157	610.6789107728982	1	0	tensor(4, device='cuda:0')	2.093588598601598
211245.59289072242	3000.0	346.62720398731136	78.27315728074768	0	0.0	592.2200947094534	1	0	tensor(4, device='cuda:0')	1.630981349551018
212200.0	3000.0	393.50505277737443	87.9324263594433	0	271.2738802693784	593.5050527770945	1	0	tensor(4, device='cuda:0')	1.5931282826235602
213200.0	3000.0	493.50505277737795	0.0	0	404.12823170248885	693.5050527771236	1	0	tensor(2, device='cuda:0')	1.893458518878363
214200.0	3000.0	593.5050527773845	0.0	0	504.20769895019475	793.5050527771236	1	0	tensor(2, device='cuda:0')	2.2915017169002803
215200.0	3000.0	693.5050527773897	0.0	0	391.7977091403445	893.5050527771236	1	0	tensor(2, device='cuda:0')	2.2892967759845133
216200.0	3000.0	593.5050527774033	0.0	0	4.180596153106308	793.5050527771236	1	0	tensor(4, device='cuda:0')	1.690146957882781
217200.0	3000.0	493.50505277741775	0.0	0	164.4539413404127	693.5050527771236	1	0	tensor(4, device='cuda:0')	2.092132308074669
218200.0	3000.0	393.5050527774338	0.0	0	413.0271819117479	593.5050527771236	1	0	tensor(4, device='cuda:0')	2.0938945229985513
219200.0	3000.0	554.116083388528	67.34558956786654	0	29.105542508215876	754.1160833885369	1	0	tensor(2, device='cuda:0')	1.4879662304897803
220220.22388319744	3000.0	635.914588510876	0.0	0	0.0	856.138471708342	1	0	tensor(2, device='cuda:0')	2.28986550072575
221200.0	3000.0	754.1160833885409	0.0	0	125.96738436084706	954.1160833885369	1	0	tensor(2, device='cuda:0')	2.287651675913124
222200.0	3000.0	854.1160833885423	0.0	0	212.05940334880142	1054.116083388537	1	0	tensor(2, device='cuda:0')	2.2851862947519797
223200.0	3000.0	954.1160833885403	0.0	0	201.98250584347988	1154.1160833885078	1	0	tensor(2, device='cuda:0')	2.2823712226317077
224200.0	3000.0	1054.1160833885347	0.0	0	188.30795073523768	1254.1160833884787	1	0	tensor(2, device='cuda:0')	2.279024178437581
225200.0	3000.0	954.1160833885115	0.0	0	239.84866986898123	1154.1160833884496	1	0	tensor(4, device='cuda:0')	1.680140238228883
226200.0	3000.0	854.1160833885151	0.0	0	230.52663504055818	1054.1160833884496	1	0	tensor(4, device='cuda:0')	2.08323736796517
227200.0	3000.0	754.1160833885031	0.0	0	150.1641101569694	954.1160833884205	1	0	tensor(4, device='cuda:0')	2.086113497292806
228200.0	3000.0	654.116083388491	0.0	0	121.20492110395571	854.1160833883914	1	0	tensor(4, device='cuda:0')	2.08856068163047
229200.0	3000.0	554.1160833884946	0.0	0	415.04194524578634	754.1160833884205	1	0	tensor(4, device='cuda:0')	2.0907046108380802
230225.78710214846	3000.0	425.7502710251713	0.0	0	41.946144651737995	651.5373731735453	1	0	tensor(4, device='cuda:0')	2.0876379156294047
231433.31492020044	3000.0	467.99466059597887	143.3549175751198	0	0.0	901.3095807963982	1	0	tensor(2, device='cuda:0')	1.0287755875473605
232329.4838030141	3000.0	661.4426660636941	0.0	0	0.0	990.9264690777345	1	0	tensor(2, device='cuda:0')	2.2865634607744827
233200.0	3000.0	877.9780887763733	0.0	0	5.576953755808063	1077.9780887763482	1	0	tensor(2, device='cuda:0')	2.2841110769504542
234200.0	3000.0	977.9780887763502	0.0	0	419.00964064284926	1177.97808877629	1	0	tensor(2, device='cuda:0')	2.281698398006602
235200.0	3000.0	1077.9780887763688	0.0	0	401.87702532840194	1277.9780887762608	1	0	tensor(2, device='cuda:0')	2.2785119643090788
236200.0	3000.0	977.9780887763806	0.0	0	130.60237236865214	1177.97808877629	1	0	tensor(4, device='cuda:0')	1.6793214916101844
237471.38295509559	3000.0	579.4568381712697	0.0	0	0.0	1050.8397932667576	1	0	tensor(4, device='cuda:0')	2.0291255407221804
238565.21533723304	3000.0	376.2412178200872	0.0	0	0.0	941.4565550530097	1	0	tensor(4, device='cuda:0')	2.0676683698649447
239514.24375965318	3000.0	563.717183148936	46.22393945221586	0	0.0	1077.9609428019903	1	0	tensor(2, device='cuda:0')	1.6068834819552977
240522.25336953264	3000.0	656.5085342574096	0.0	0	0.0	1178.761903789913	1	0	tensor(2, device='cuda:0')	2.2813502487470574
241344.34025757157	3000.0	916.6303350223553	0.0	0	0.0	1260.9705925937742	1	0	tensor(2, device='cuda:0')	2.2784791074092707
242200.0	3000.0	1146.5365668367558	0.0	0	67.50258818024304	1346.536566836643	1	0	tensor(2, device='cuda:0')	2.275587115823341
243200.0	3000.0	1246.536566836762	0.0	0	528.9265447900689	1446.536566836643	1	0	tensor(2, device='cuda:0')	2.2723561033050803
244200.0	3000.0	1146.5365668367185	0.0	0	564.444077292661	1346.536566836614	1	0	tensor(4, device='cuda:0')	1.67319024621021
245200.0	3000.0	1046.536566836732	0.0	0	392.28227372458787	1246.536566836643	1	0	tensor(4, device='cuda:0')	2.0769638948175286
246200.0	3000.0	946.5365668367141	0.0	0	518.3629721883335	1146.536566836643	1	0	tensor(4, device='cuda:0')	2.080275313198185
247200.0	3000.0	846.5365668367215	0.0	0	218.1915842979506	1046.536566836643	1	0	tensor(4, device='cuda:0')	2.0834244391942582
248200.0	3000.0	746.5365668367357	0.0	0	251.5624577429262	946.5365668367012	1	0	tensor(4, device='cuda:0')	2.086226847450364
249200.0	3000.0	646.5365668367247	0.0	0	127.89903943045647	846.5365668366721	1	0	tensor(4, device='cuda:0')	2.0887098894675775
250371.408094441	3000.0	357.9876629516228	0.0	0	0.0	729.3957573925727	1	0	tensor(4, device='cuda:0')	2.0569888059547794
251200.0	3000.0	628.2212760510159	17.740364558329304	0	1.0958415328641422	828.2212760509574	1	0	tensor(2, device='cuda:0')	1.7839156377195704
252200.0	3000.0	728.2212760510198	0.0	0	32.6488279120822	928.2212760509283	1	0	tensor(2, device='cuda:0')	2.288159485462892
253200.0	3000.0	828.2212760509949	0.0	0	344.91142299902276	1028.2212760508992	1	0	tensor(2, device='cuda:0')	2.2859234725035735
254200.0	3000.0	928.2212760509797	0.0	0	75.87936760939192	1128.22127605087	1	0	tensor(2, device='cuda:0')	2.283089887716865
255200.0	3000.0	1028.2212760509954	0.0	0	224.2431316608563	1228.221276050841	1	0	tensor(2, device='cuda:0')	2.279947073293595
256200.0	3000.0	1128.221276050984	0.0	0	340.6983576337516	1328.221276050841	1	0	tensor(2, device='cuda:0')	2.276744941690673
257200.0	3000.0	1028.221276051008	0.0	0	185.05605916777859	1228.2212760508992	1	0	tensor(4, device='cuda:0')	1.6776990011476085
258200.0	3000.0	928.221276051022	0.0	0	85.22915331381955	1128.2212760508992	1	0	tensor(4, device='cuda:0')	2.081041586114271
259200.0	3000.0	1028.2212760510292	0.0	0	159.4858842898102	1228.2212760509283	1	0	tensor(2, device='cuda:0')	1.8799278323049078
260200.0	3000.0	1128.2212760510415	0.0	0	275.4182314056088	1328.2212760508992	1	0	tensor(2, device='cuda:0')	2.2766342875608108
261200.0	3000.0	1228.221276051023	0.0	0	77.84477305156179	1428.22127605087	1	0	tensor(2, device='cuda:0')	2.272816873157297
262200.0	3000.0	1128.2212760510129	0.0	0	249.7554574853566	1328.2212760508119	1	0	tensor(4, device='cuda:0')	1.6741062342626543
263200.0	3000.0	1028.2212760510552	0.0	0	45.67908632714534	1228.22127605087	1	0	tensor(4, device='cuda:0')	2.0777850960002695
264200.0	3000.0	1128.2212760510538	0.0	0	199.3428500375012	1328.2212760507828	1	0	tensor(2, device='cuda:0')	1.8764716764072698
265200.0	3000.0	1028.2212760510513	0.0	0	143.89779918367276	1228.221276050841	1	0	tensor(4, device='cuda:0')	1.6778294643595428
266200.0	3000.0	928.2212760510918	0.0	0	171.48889234499075	1128.2212760509574	1	0	tensor(4, device='cuda:0')	2.0810102885163317
267255.2122839776	3000.0	767.4877636757083	0.0	0	0.0	1022.7000476531102	1	0	tensor(4, device='cuda:0')	2.073224537306946
268200.0	3000.0	728.2212760510904	0.0	0	116.81455569103127	928.2212760508992	1	0	tensor(4, device='cuda:0')	2.0978711664260232
269200.0	3000.0	628.2212760511143	0.0	0	190.57961128855823	828.2212760508992	1	0	tensor(4, device='cuda:0')	2.0891687213942784
270200.0	3000.0	728.2212760511438	0.0	0	457.44393514923286	928.2212760509574	1	0	tensor(2, device='cuda:0')	1.888487966626355
271200.0	3000.0	828.2212760511111	0.0	0	247.73499962093774	1028.2212760509574	1	0	tensor(2, device='cuda:0')	2.2858900893510814
272200.0	3000.0	728.2212760510827	0.0	0	283.73063896643	928.2212760508992	1	0	tensor(4, device='cuda:0')	1.6866033899500157
273608.07412338565	3000.0	206.11475091573138	24.340918717119763	0	0.0	814.1888743012096	1	0	tensor(4, device='cuda:0')	1.866636565288455
274683.6415546309	3000.0	550.0349849547601	346.5899135108317	0	0.0	1233.6765395855182	1	0	tensor(2, device='cuda:0')	-0.2000070282840819
275216.977007022	3000.0	1070.0330778027665	0.0	0	0.0	1287.0100848246366	1	0	tensor(2, device='cuda:0')	2.277349811643753
276200.0	3000.0	1185.3123841226168	0.0	0	381.32200547878165	1385.3123841224588	1	0	tensor(2, device='cuda:0')	2.274675186490655
277200.0	3000.0	1285.3123841226331	0.0	0	137.4734976858017	1485.3123841224005	1	0	tensor(2, device='cuda:0')	2.270544682798831
278200.0	3000.0	1185.3123841226443	0.0	0	369.4933312863577	1385.3123841224005	1	0	tensor(4, device='cuda:0')	1.6717067616741965
279241.26940468926	3000.0	1039.916038964419	0.0	0	0.0	1281.1854436533758	1	0	tensor(4, device='cuda:0')	2.0677422599731656
280840.7797250664	3000.0	600.3567506250498	0.0	0	0.0	1441.136475691048	1	0	tensor(2, device='cuda:0')	1.8724200195073344
281685.1767014927	3000.0	840.3994718413411	0.0	0	0.0	1525.576173333684	1	0	tensor(2, device='cuda:0')	2.268358332510613
282292.53743200476	3000.0	1293.7748143804924	0.0	0	0.0	1586.312246384914	1	0	tensor(2, device='cuda:0')	2.265332411105974
283200.0	3000.0	1477.0585031847447	0.0	0	47.057562670321204	1677.0585031844093	1	0	tensor(2, device='cuda:0')	2.261462790547317
284200.0	3000.0	1377.0585031846504	0.0	0	387.07307420956204	1577.058503184293	1	0	tensor(4, device='cuda:0')	1.6632648240155274
285200.0	3000.0	1277.0585031846406	0.0	0	421.61503083852585	1477.058503184293	1	0	tensor(4, device='cuda:0')	2.0678307711753257
286200.0	3000.0	1177.0585031846767	0.0	0	485.16324668657035	1377.0585031844093	1	0	tensor(4, device='cuda:0')	2.072004608881644
287200.0	3000.0	1077.058503184668	0.0	0	416.3999297050177	1277.0585031844676	1	0	tensor(4, device='cuda:0')	2.075854142749684
288200.0	3000.0	977.0585031846671	0.0	0	202.88190132030286	1177.0585031844676	1	0	tensor(4, device='cuda:0')	2.079527220539776
289200.0	3000.0	877.058503184707	0.0	0	481.2850566120469	1077.0585031845258	1	0	tensor(4, device='cuda:0')	2.0824417412336222
290200.0	3000.0	777.0585031846498	0.0	0	504.1312518348568	977.0585031844093	1	0	tensor(4, device='cuda:0')	2.085262602189025
291200.0	3000.0	677.058503184658	0.0	0	578.6660749402363	877.0585031844676	1	0	tensor(4, device='cuda:0')	2.0878302320664313
292200.0	3000.0	577.0585031846243	0.0	0	620.2148229691666	777.0585031844676	1	0	tensor(4, device='cuda:0')	2.090146153239434
293200.0	3000.0	477.05850318465275	0.0	0	564.0485798165901	677.0585031844676	1	0	tensor(4, device='cuda:0')	2.092263306787868
294200.0	3000.0	377.05850318466344	0.0	0	307.2841390935355	577.0585031844676	1	0	tensor(4, device='cuda:0')	2.0942170862947567
295200.0	3000.0	277.05850318470766	0.0	0	247.59986803500215	477.05850318452576	1	0	tensor(4, device='cuda:0')	2.0959571000324515
296200.0	3000.0	329.3354164119071	138.4335574792142	0	185.6068353880546	529.3354164116317	1	0	tensor(4, device='cuda:0')	1.2922093497613887
297200.0	3000.0	504.5101602715231	83.52749317739097	0	266.09019724844256	704.5101602713112	1	0	tensor(2, device='cuda:0')	1.3919806706373945
298200.0	3000.0	604.510160271522	0.0	0	306.3683592285961	804.5101602713112	1	0	tensor(2, device='cuda:0')	2.2912291641445783
299200.0	3000.0	704.510160271531	0.0	0	256.36012363852933	904.5101602713112	1	0	tensor(2, device='cuda:0')	2.2889992691032104
300200.0	3000.0	804.5101602715655	0.0	0	52.09512867470039	1004.5101602713112	1	0	tensor(2, device='cuda:0')	2.2862681257164867
4.1	4.68	3.1	2.98	3.41	3.2	3.06	4.89	4.33	5.83	6.49	7.7	5.49	4.05	5.12	4.69	4.08	4.6	4.95	2.86	2.13	3.5	3.29	3.7	4.26	6.07	6.6	6.1	4.9	5.21	4.76	3.88	6.28	6.23	4.12	2.58	2.09	3.98	5.1	4.47	4.3	3.41	3.57	3.17	3.54	2.47	3.17	3.97	4.08	4.7	5.93	4.17	3.48	4.68	3.63	4.66	6.81	4.68	2.39	4.24	4.54	4.71	6.95	4.12	2.18	3.26	3.8	4.27	3.42	3.29	3.71	3.2	3.87	3.59	4.65	6.19	4.16	4.59	4.34	2.51	2.81	2.86	1.74	3.28	3.98	4.7	6.97	8.17	7.48	6.8	5.49	5.03	7.29	4.99	3.64	5.36	4.36	3.08	3.16	1.91	2.57	4.22	4.46	2.29	3.63	5.1	4.16	4.17	3.67	4.05	5.48	5.47	5.83	6.08	4.7	3.68	3.3	4.33	5.53	5.28	3.93	2.62	3.29	4.19	3.27	4.24	4.02	3.45	4.46	5.44	5.47	4.66	4.92	3.74	2.61	2.59	2.99	2.55	3.78	4.73	5.46	3.41	4.16	5.57	6.77	4.52	5.05	5.32	7.74	8.5	5.8	5.42	4.34	3.95	3.92	3.78	4.11	6.5	3.61	3.39	5.07	5.27	4.02	4.24	4.78	5.62	3.14	2.92	3.2	5.27	3.61	3.94	3.35	3.38	3.13	4.31	3.29	2.95	2.57	2.63	2.19	2.84	5.2	4.99	5.03	4.71	5.27	6.89	3.98	3.81	2.51	2.85	3.06	3.08	4.81	3.51	3.56	4.02	2.33	3.52	4.66	3.61	3.49	5.28	4.37	5.49	5.26	3.74	3.53	5.58	6.16	5.33	3.31	4.31	5.84	3.57	3.79	3.86	4.29	4.17	2.57	3.82	3.68	3.7	4.46	3.67	4.96	2.26	3.03	3.46	5.55	5.82	5.13	2.81	2.72	2.41	3.66	2.95	4.95	5.24	5.71	5.65	5.4	4.92	3.65	4.77	3.67	2.92	2.92	3.26	4.84	2.71	3.6	4.37	3.71	2.71	3.01	4.6	3.37	3.88	2.48	4.48	4.43	3.81	3.41	4.21	5.57	4.07	3.49	3.09	2.57	3.66	4.59	4.29	4.26	3.0	2.14	2.11	4.24	5.15	4.65	6.9	7.18	5.87	4.53	5.69	6.35	6.31	8.21	8.14	5.49	4.29	3.08	2.86	4.87	4.38	3.04	4.51	5.35
323.0	324.0	325.0	326.0	327.0	328.0	329.0	330.0	331.0	332.0	333.0	334.0	335.0	336.0	337.0	338.0	339.0	340.0	341.0	342.0	343.0	344.0	345.0	346.0	347.0	348.0	349.0	350.0	351.0	352.0	353.0	354.0	355.0	356.0	357.0	358.0	359.0	360.0	361.0	362.0	363.0	364.0	365.0	366.0	367.0	368.0	369.0	370.0	371.0	372.0	373.0	374.0	375.0	376.0	377.0	378.0	379.0	380.0	381.0	382.0	383.0	384.0	385.0	386.0	387.0	388.0	389.0	390.0	391.0	392.0	393.0	394.0	395.0	396.0	397.0	398.0	399.0	400.0	401.0	402.0	403.0	404.0	405.0	406.0	407.0	408.0	409.0	410.0	411.0	412.0	413.0	414.0	415.0	416.0	417.0	418.0	419.0	420.0	421.0	422.0	423.0	424.0	425.0	426.0	427.0	428.0	429.0	430.0	431.0	432.0	433.0	434.0	435.0	436.0	437.0	438.0	439.0	440.0	441.0	442.0	443.0	444.0	445.0	446.0	447.0	448.0	449.0	450.0	451.0	452.0	453.0	454.0	455.0	456.0	457.0	458.0	459.0	460.0	461.0	462.0	463.0	464.0	465.0	466.0	467.0	468.0	469.0	470.0	471.0	472.0	473.0	474.0	475.0	476.0	477.0	478.0	479.0	480.0	481.0	482.0	483.0	484.0	485.0	486.0	487.0	488.0	489.0	490.0	491.0	492.0	493.0	494.0	495.0	496.0	497.0	498.0	499.0	500.0	501.0	502.0	503.0	504.0	505.0	506.0	507.0	508.0	509.0	510.0	511.0	512.0	513.0	514.0	515.0	516.0	517.0	518.0	519.0	520.0	521.0	522.0	523.0	524.0	525.0	526.0	527.0	528.0	529.0	530.0	531.0	532.0	533.0	534.0	535.0	536.0	537.0	538.0	539.0	540.0	541.0	542.0	543.0	544.0	545.0	546.0	547.0	548.0	549.0	550.0	551.0	552.0	553.0	554.0	555.0	556.0	557.0	558.0	559.0	560.0	561.0	562.0	563.0	564.0	565.0	566.0	567.0	568.0	569.0	570.0	571.0	572.0	573.0	574.0	575.0	576.0	577.0	578.0	579.0	580.0	581.0	582.0	583.0	584.0	585.0	586.0	587.0	588.0	589.0	590.0	591.0	592.0	593.0	594.0	595.0	596.0	597.0	598.0	599.0	600.0	601.0	602.0	603.0	604.0	605.0	606.0	607.0	608.0	609.0	610.0	611.0	612.0	613.0	614.0	615.0	616.0	617.0	618.0	619.0	620.0	621.0
2702.0
