3196.0288475826387	500.0	2000.0	670.5030730480537	0	0.0	3196.0288475826387	1	0	tensor(3, device='cuda:0')	-4.2147381150019925
4955.579182408396	2000.0	1240.4496651742425	0.0	0	0.0	3196.0288475826387	1	0	tensor(3, device='cuda:0')	0.29227627971638426
5408.104343342486	1000.0	1787.9245042401526	0.0	0	0.0	3196.0288475826387	1	0	tensor(3, device='cuda:0')	0.2922762797163847
6016.716704034123	1000.0	2179.3121435485155	0.0	0	0.0	3196.0288475826383	1	0	tensor(3, device='cuda:0')	0.98542346027633
6719.798169107131	1000.0	2476.230678475508	0.0	0	0.0	3196.0288475826387	1	0	tensor(3, device='cuda:0')	0.9854234602763301
10608.77272051984	3000.0	200.0	910.583025525885	0	0.0	3808.77272051984	1	0	tensor(4, device='cuda:0')	-5.291636543509908
11200.0	300.0	651.1559932864517	42.38327276660789	0	102.91557264861694	851.1559932864493	1	0	tensor(6, device='cuda:0')	-11.770084622293005
12200.0	500.0	651.1559932864521	0.0	0	475.95926917712495	851.1559932864493	1	0	tensor(3, device='cuda:0')	-0.013199892699310073
13200.0	1000.0	651.1559932864496	0.0	0	195.89990781683446	851.1559932864475	1	0	tensor(3, device='cuda:0')	0.4976257310666807
14200.0	1000.0	651.15599328645	0.0	0	62.65196888195533	851.1559932864475	1	0	tensor(3, device='cuda:0')	1.1907729116266261
15200.0	1000.0	651.1559932864501	0.0	0	268.14333350388733	851.1559932864493	1	0	tensor(3, device='cuda:0')	1.1907729116266261
16519.27858982767	1000.0	331.8774034587798	0.0	0	0.0	851.1559932864511	1	0	tensor(3, device='cuda:0')	1.1907729116266261
17286.680355359855	500.0	596.9987391252657	32.52310119867434	0	0.0	883.67909448512	1	0	tensor(3, device='cuda:0')	-0.3914188219378275
18200.0	500.0	683.67909448512	0.0	0	15.78514864488534	883.67909448512	1	0	tensor(3, device='cuda:0')	0.4968669658141639
19470.169119228933	1000.0	413.50997525619164	0.0	0	0.0	883.67909448512	1	0	tensor(3, device='cuda:0')	0.496866965814164
20215.62247604028	500.0	690.5462822384868	22.48966379364191	0	0.0	906.1687582787636	1	0	tensor(3, device='cuda:0')	-0.3317573263551534
21200.0	1000.0	706.1687582787623	0.0	0	173.28600823947636	906.1687582787636	1	0	tensor(3, device='cuda:0')	0.4963278369666434
22200.0	1000.0	706.1687582787606	0.0	0	353.6220577727945	906.1687582787636	1	0	tensor(3, device='cuda:0')	1.1894750175265887
23461.931797322286	1000.0	444.2369609564734	0.0	0	0.0	906.1687582787636	1	0	tensor(3, device='cuda:0')	1.1894750175265887
24200.0	500.0	706.1687582787573	0.0	0	98.26190420573766	906.1687582787636	1	0	tensor(3, device='cuda:0')	-0.1968193435933021
25513.492006727745	1000.0	392.6767515510136	0.0	0	0.0	906.1687582787636	1	0	tensor(3, device='cuda:0')	0.4963278369666434
26200.0	500.0	706.1687582787569	0.0	0	94.81748489726306	906.1687582787636	1	0	tensor(3, device='cuda:0')	-0.1968193435933021
27200.0	1000.0	706.168758278754	0.0	0	74.78504471250926	906.1687582787636	1	0	tensor(3, device='cuda:0')	0.4963278369666434
28200.0	1000.0	706.1687582787536	0.0	0	100.92761331666043	906.1687582787636	1	0	tensor(3, device='cuda:0')	1.1894750175265887
29200.0	1000.0	706.168758278754	0.0	0	207.67856045773078	906.1687582787636	1	0	tensor(3, device='cuda:0')	1.1894750175265887
30200.0	1000.0	706.1687582787562	0.0	0	315.4795469938799	906.1687582787636	1	0	tensor(3, device='cuda:0')	1.1894750175265887
31200.0	1000.0	706.1687582787574	0.0	0	403.26326111002345	906.1687582787636	1	0	tensor(3, device='cuda:0')	1.1894750175265887
32505.626929765604	3000.0	269.97913553659566	0.0	0	0.0	775.6060653022105	1	0	tensor(4, device='cuda:0')	0.7305732810939003
33200.0	1000.0	598.3200466412912	22.71398133908974	0	65.58635781908379	798.3200466413036	1	0	tensor(3, device='cuda:0')	-0.24294144114862504
34200.0	1000.0	598.3200466412876	0.0	0	172.70295042628277	798.3200466413036	1	0	tensor(3, device='cuda:0')	1.1919547355540234
35474.50656262788	3000.0	451.26414027619626	0.0	0	0.0	925.770702904083	1	0	tensor(2, device='cuda:0')	0.9899135427451338
37040.49495464589	3000.0	200.0	314.7242517418127	0	0.0	1240.494954645903	1	0	tensor(3, device='cuda:0')	0.19032537763023571
37498.22245071748	1000.0	773.8772411422234	31.604737213819988	0	0.0	1272.099691859723	1	0	tensor(3, device='cuda:0')	-0.10944731443572417
38913.68904308419	3000.0	499.95730801218605	0.0	0	0.0	1413.6463510963877	1	0	tensor(2, device='cuda:0')	0.9749686792418578
41509.45845339295	3000.0	200.0	1151.3724014063323	0	0.0	2709.458453392952	1	0	tensor(2, device='cuda:0')	-4.699447489387328
42327.57245727151	1000.0	645.5115498005886	263.62555367914103	0	0.0	2973.084007072095	1	0	tensor(3, device='cuda:0')	-1.8514007309183478
42921.1195511586	1000.0	1051.9644559135068	0.0	0	0.0	2973.084007072095	1	0	tensor(3, device='cuda:0')	1.0289648798246085
43480.56237618835	1000.0	1492.521630883753	0.0	0	0.0	2973.084007072095	1	0	tensor(3, device='cuda:0')	1.0289648798246085
44076.08116749722	1000.0	1897.0028395748839	0.0	0	0.0	2973.084007072095	1	0	tensor(3, device='cuda:0')	1.0289648798246085
45652.31212860941	3000.0	1163.148782351474	0.0	0	0.0	2815.460910960872	1	0	tensor(4, device='cuda:0')	0.5320370084212545
46731.10905539141	1000.0	1084.3518555694754	0.0	0	0.0	2815.460910960872	1	0	tensor(3, device='cuda:0')	-0.2437558223034664
47383.11415117102	1000.0	1432.3467597898714	0.0	0	0.0	2815.460910960872	1	0	tensor(3, device='cuda:0')	1.0548564663646436
48173.162195525016	1000.0	1642.298715435875	0.0	0	0.0	2815.460910960872	1	0	tensor(3, device='cuda:0')	1.0548564663646436
48881.02792348801	1000.0	1934.4329874728808	0.0	0	0.0	2815.460910960872	1	0	tensor(3, device='cuda:0')	1.0548564663646436
49799.40931526982	1000.0	2016.0515956910733	0.0	0	0.0	2815.460910960872	1	0	tensor(3, device='cuda:0')	1.0548564663646436
50642.82755449787	1000.0	2172.6333564630213	0.0	0	0.0	2815.460910960872	1	0	tensor(3, device='cuda:0')	1.0548564663646436
51378.70587397382	1000.0	2436.755036987068	0.0	0	0.0	2815.460910960872	1	0	tensor(3, device='cuda:0')	1.0548564663646436
53062.93901460643	3000.0	1584.0985822911944	0.0	0	0.0	2647.0375968976077	1	0	tensor(4, device='cuda:0')	0.5356841332663681
53984.179584318204	1000.0	1662.8580125794163	0.0	0	0.0	2647.0375968976077	1	0	tensor(3, device='cuda:0')	-0.21994215293606215
54679.93858827536	1000.0	1967.0990086222528	0.0	0	0.0	2647.0375968976077	1	0	tensor(3, device='cuda:0')	1.0786701357320476
55723.58468231061	1000.0	1923.452914587002	0.0	0	0.0	2647.0375968976005	1	0	tensor(3, device='cuda:0')	1.0786701357320485
57286.09035371067	1000.0	1360.9472431869362	0.0	0	0.0	2647.0375968976005	1	0	tensor(3, device='cuda:0')	1.0786701357320485
58523.548887628094	1000.0	1123.4887092695121	0.0	0	0.0	2647.0375968976005	1	0	tensor(3, device='cuda:0')	1.0786701357320485
59241.19244236723	1000.0	1405.8451545303697	0.0	0	0.0	2647.0375968976005	1	0	tensor(3, device='cuda:0')	1.0786701357320485
60060.588784449305	1000.0	1586.4488124482984	0.0	0	0.0	2647.0375968976005	1	0	tensor(3, device='cuda:0')	1.0786701357320485
61081.39958794155	1000.0	1565.6380089560475	0.0	0	0.0	2647.0375968976005	1	0	tensor(3, device='cuda:0')	1.0786701357320485
62251.44119691215	1000.0	1395.5963999854496	0.0	0	0.0	2647.037596897593	1	0	tensor(3, device='cuda:0')	1.0786701357320496
63144.3692481203	1000.0	1502.668348777287	0.0	0	0.0	2647.037596897593	1	0	tensor(3, device='cuda:0')	1.0786701357320496
64033.60884504354	1000.0	1613.4287518540455	0.0	0	0.0	2647.037596897593	1	0	tensor(3, device='cuda:0')	1.0786701357320496
65124.04965658958	1000.0	1522.9879403080054	0.0	0	0.0	2647.037596897593	1	0	tensor(3, device='cuda:0')	1.0786701357320496
65917.42760967134	1000.0	1729.6099872262382	0.0	0	0.0	2647.037596897593	1	0	tensor(3, device='cuda:0')	1.0786701357320494
66776.83823549985	1000.0	1870.1993613977356	0.0	0	0.0	2647.0375968976077	1	0	tensor(3, device='cuda:0')	1.0786701357320487
67498.42605844351	1000.0	2148.611538454068	0.0	0	0.0	2647.0375968976077	1	0	tensor(3, device='cuda:0')	1.0786701357320472
68280.65802618164	1000.0	2366.3795707159466	0.0	0	0.0	2647.037596897615	1	0	tensor(3, device='cuda:0')	1.0786701357320467
70458.00409007494	3000.0	971.2989004332994	0.0	0	0.0	2429.3029905082512	1	0	tensor(4, device='cuda:0')	0.46069922866827684
71629.53741447155	1000.0	799.7655760366963	0.0	0	0.0	2429.3029905082512	1	0	tensor(3, device='cuda:0')	-0.19421400090803329
73196.95132355594	1000.0	275.8614880247834	43.50982107248723	0	0.0	2472.8128115807485	1	0	tensor(3, device='cuda:0')	0.840323861459026
73721.90747728455	500.0	758.8050283841062	7.899694087918533	0	0.0	2480.7125056686637	1	0	tensor(3, device='cuda:0')	-0.3349028175165397
74286.94861748179	500.0	1193.7638881868647	0.0	0	0.0	2480.712505668649	1	0	tensor(3, device='cuda:0')	0.4056425275709186
75726.48605541709	1000.0	754.2264502515635	0.0	0	0.0	2480.7125056686345	1	0	tensor(3, device='cuda:0')	0.40564252757092023
76169.6968932793	500.0	1311.0156123893494	0.0	0	0.0	2480.7125056686345	1	0	tensor(3, device='cuda:0')	-0.28750465298902517
76817.0982986041	1000.0	1663.6142070645235	0.0	0	0.0	2480.7125056686345	1	0	tensor(3, device='cuda:0')	0.40564252757092023
77642.19527993156	1000.0	1838.5172257370496	0.0	0	0.0	2480.7125056686345	1	0	tensor(3, device='cuda:0')	1.0987897081308655
78676.01207543102	1000.0	1804.7004302375935	0.0	0	0.0	2480.712505668649	1	0	tensor(3, device='cuda:0')	1.0987897081308642
79818.47508598761	1000.0	1662.237419681003	0.0	0	0.0	2480.712505668649	1	0	tensor(3, device='cuda:0')	1.0987897081308642
80468.29551321032	1000.0	2012.4169924582861	0.0	0	0.0	2480.712505668649	1	0	tensor(3, device='cuda:0')	1.0987897081308642
81281.02685158912	1000.0	2199.685654079474	0.0	0	0.0	2480.7125056686345	1	0	tensor(3, device='cuda:0')	1.0987897081308655
82200.0	1000.0	2280.712505668595	0.0	0	239.8885701491672	2480.712505668649	1	0	tensor(3, device='cuda:0')	1.0987897081308642
83200.0	1000.0	2280.7125056685727	0.0	0	397.2734031065047	2480.712505668649	1	0	tensor(3, device='cuda:0')	1.0987897081308642
84200.0	1000.0	2280.712505668563	0.0	0	231.0336432125623	2480.712505668649	1	0	tensor(3, device='cuda:0')	1.0987897081308642
85200.0	1000.0	2280.7125056685695	0.0	0	158.18202169759024	2480.712505668649	1	0	tensor(3, device='cuda:0')	1.0987897081308642
86200.0	1000.0	2280.7125056685645	0.0	0	148.02521963382605	2480.712505668649	1	0	tensor(3, device='cuda:0')	1.0987897081308642
87200.0	1000.0	2280.712505668569	0.0	0	442.7405196399195	2480.712505668649	1	0	tensor(3, device='cuda:0')	1.0987897081308642
88279.78854612992	3000.0	2092.945104925667	0.0	0	0.0	2372.7336510556634	1	0	tensor(4, device='cuda:0')	0.6911490443037509
89200.0	1000.0	2172.7336510555956	0.0	0	236.00675121921813	2372.7336510556634	1	0	tensor(3, device='cuda:0')	-0.1883494609924279
90200.0	1000.0	2172.73365105559	0.0	0	364.4060996493499	2372.7336510556634	1	0	tensor(3, device='cuda:0')	1.110262827675682
91794.13773946789	3000.0	1419.1821376409157	0.0	0	0.0	2213.3198771088937	1	0	tensor(4, device='cuda:0')	0.6027155567341018
94264.39488623946	3000.0	200.0	452.8188398252763	0	0.0	2464.394886239548	1	0	tensor(4, device='cuda:0')	-0.8956282488824405
94848.5410782514	500.0	684.9094412765824	69.05563328849726	0	0.0	2533.450519528051	1	0	tensor(3, device='cuda:0')	-2.0064936831847304
95271.9817073917	500.0	1261.4688121362972	0.0	0	0.0	2533.450519528051	1	0	tensor(3, device='cuda:0')	0.3995995857743084
96239.78512572114	1000.0	1293.66539380683	0.0	0	0.0	2533.450519528051	1	0	tensor(3, device='cuda:0')	0.39959958577430843
97153.42553579752	1000.0	1380.0249837304461	0.0	0	0.0	2533.450519528051	1	0	tensor(3, device='cuda:0')	1.0927467663342538
97932.75715179028	1000.0	1600.6933677376794	0.0	0	0.0	2533.450519528051	1	0	tensor(3, device='cuda:0')	1.0927467663342538
98661.08125975064	1000.0	1872.3692597773227	0.0	0	0.0	2533.450519528051	1	0	tensor(3, device='cuda:0')	1.0927467663342538
99484.0615366225	1000.0	2049.388982905474	0.0	0	0.0	2533.450519528051	1	0	tensor(3, device='cuda:0')	1.0927467663342538
100295.12112342834	1000.0	2238.3293960996552	0.0	0	0.0	2533.450519528051	1	0	tensor(3, device='cuda:0')	1.0927467663342538
101200.0	1000.0	2333.4505195279926	0.0	0	335.50603388900345	2533.4505195280362	1	0	tensor(3, device='cuda:0')	1.0927467663342556
102200.0	1000.0	2333.4505195279803	0.0	0	241.17101820200332	2533.4505195280362	1	0	tensor(3, device='cuda:0')	1.0927467663342556
103200.0	1000.0	2333.450519527977	0.0	0	39.666810911905486	2533.450519528051	1	0	tensor(3, device='cuda:0')	1.0927467663342538
104614.04715156945	1000.0	1919.403367958537	0.0	0	0.0	2533.450519528051	1	0	tensor(3, device='cuda:0')	1.0927467663342538
106127.02792226707	1000.0	1406.422597260917	0.0	0	0.0	2533.450519528051	1	0	tensor(3, device='cuda:0')	1.0927467663342538
107080.3084673107	1000.0	1453.1420522172969	0.0	0	0.0	2533.450519528051	1	0	tensor(3, device='cuda:0')	1.0927467663342538
108214.52796660298	1000.0	1318.922552925004	0.0	0	0.0	2533.450519528051	1	0	tensor(3, device='cuda:0')	1.0927467663342538
109150.25456980776	1000.0	1383.195949720215	0.0	0	0.0	2533.4505195280362	1	0	tensor(3, device='cuda:0')	1.0927467663342556
109876.38923804004	1000.0	1657.061281487924	0.0	0	0.0	2533.4505195280362	1	0	tensor(3, device='cuda:0')	1.0927467663342556
110604.64013574935	1000.0	1928.8103837786086	0.0	0	0.0	2533.4505195280362	1	0	tensor(3, device='cuda:0')	1.0927467663342556
112194.65987315825	1000.0	1338.7906463697043	0.0	0	0.0	2533.4505195280362	1	0	tensor(3, device='cuda:0')	1.0927467663342556
113186.00187991005	1000.0	1347.4486396179016	0.0	0	0.0	2533.4505195280362	1	0	tensor(3, device='cuda:0')	1.0927467663342556
113786.95480030276	1000.0	1746.495719225184	0.0	0	0.0	2533.4505195280362	1	0	tensor(3, device='cuda:0')	1.0927467663342556
114291.05952344889	1000.0	2242.39099607906	0.0	0	0.0	2533.4505195280362	1	0	tensor(3, device='cuda:0')	1.0927467663342556
115200.0	1000.0	2333.450519527924	0.0	0	361.73256494739326	2533.4505195280362	1	0	tensor(3, device='cuda:0')	1.0927467663342556
117293.68824235303	3000.0	1030.3934529395747	0.0	0	0.0	2324.0816952927125	1	0	tensor(4, device='cuda:0')	0.4901277413417716
118451.85305423563	1000.0	872.2286410569709	0.0	0	0.0	2324.0816952927125	1	0	tensor(3, device='cuda:0')	-0.18355126271006658
119148.03725625748	1000.0	1176.0444390351315	0.0	0	0.0	2324.081695292698	1	0	tensor(3, device='cuda:0')	1.115061025958045
119905.35710572365	1000.0	1418.7245895689473	0.0	0	0.0	2324.081695292698	1	0	tensor(3, device='cuda:0')	1.115061025958045
120548.09080955482	1000.0	1775.9908857377884	0.0	0	0.0	2324.081695292698	1	0	tensor(3, device='cuda:0')	1.115061025958045
121363.56327023514	1000.0	1960.5184250574748	0.0	0	0.0	2324.081695292698	1	0	tensor(3, device='cuda:0')	1.115061025958045
122200.0	1000.0	2124.081695292627	0.0	0	149.22933987742	2324.081695292698	1	0	tensor(3, device='cuda:0')	1.115061025958045
123200.0	1000.0	2124.0816952926325	0.0	0	293.7301975726441	2324.081695292698	1	0	tensor(3, device='cuda:0')	1.115061025958045
125457.39577511472	3000.0	640.9463426664379	0.0	0	0.0	2098.3421177812415	1	0	tensor(4, device='cuda:0')	0.47878218246611737
126193.26439578689	1000.0	905.0777219942717	0.0	0	0.0	2098.342117781227	1	0	tensor(3, device='cuda:0')	-0.1639813561186828
126831.71390656779	1000.0	1266.6282112133556	0.0	0	0.0	2098.342117781227	1	0	tensor(3, device='cuda:0')	1.1346309325494273
128156.00835215453	1000.0	942.3337656266217	0.0	0	0.0	2098.342117781227	1	0	tensor(3, device='cuda:0')	1.1346309325494273
129055.00371769026	1000.0	1043.3384000909004	0.0	0	0.0	2098.342117781227	1	0	tensor(3, device='cuda:0')	1.1346309325494273
129705.29332274366	1000.0	1393.0487950374882	0.0	0	0.0	2098.342117781227	1	0	tensor(3, device='cuda:0')	1.1346309325494273
130505.27589927825	1000.0	1593.0662185029014	0.0	0	0.0	2098.3421177812415	1	0	tensor(3, device='cuda:0')	1.1346309325494262
131325.89250388788	1000.0	1772.4496138932595	0.0	0	0.0	2098.3421177812124	1	0	tensor(3, device='cuda:0')	1.1346309325494273
132225.9714567728	1000.0	1872.3706610083284	0.0	0	0.0	2098.3421177811833	1	0	tensor(3, device='cuda:0')	1.1346309325494301
133200.0	1000.0	1898.342117781109	0.0	0	331.2872648081102	2098.342117781169	1	0	tensor(3, device='cuda:0')	1.1346309325494306
134200.0	1000.0	1898.3421177811197	0.0	0	247.19827850541333	2098.342117781169	1	0	tensor(3, device='cuda:0')	1.1346309325494317
136135.71697224627	3000.0	769.0534483102565	0.0	0	0.0	1904.770420556597	1	0	tensor(4, device='cuda:0')	0.5578445272762811
137621.24424684697	3000.0	200.0	59.11504886409287	0	0.0	1821.2442468470545	1	0	tensor(4, device='cuda:0')	1.612408729252126
138607.56378062806	1000.0	421.3034529342975	207.6229867153794	0	0.0	2028.8672335623414	1	0	tensor(3, device='cuda:0')	-1.4044998788595404
139506.76349910072	1000.0	546.8531865435432	24.74945208191278	0	0.0	2053.6166856442287	1	0	tensor(3, device='cuda:0')	0.9895341416853838
140683.90591532397	1000.0	369.710770320317	0.0	0	0.0	2053.616685644258	1	0	tensor(3, device='cuda:0')	1.1380308541768585
141644.82155212841	500.0	459.3466041347576	50.55147061887337	0	0.0	2104.1681562631566	1	0	tensor(3, device='cuda:0')	-0.5554259875527477
142239.84364044515	500.0	864.3245158180008	0.0	0	0.0	2104.1681562631566	1	0	tensor(3, device='cuda:0')	0.44103001672043796
142976.4530886063	1000.0	1127.715067656834	0.0	0	0.0	2104.1681562631566	1	0	tensor(3, device='cuda:0')	0.4410300167204381
143811.174934121	1000.0	1292.9932221421577	0.0	0	0.0	2104.1681562631566	1	0	tensor(3, device='cuda:0')	1.1341771972803836
144529.78581202886	1000.0	1574.3823442342887	0.0	0	0.0	2104.1681562631566	1	0	tensor(3, device='cuda:0')	1.1341771972803836
145409.4632289502	1000.0	1694.7049273129796	0.0	0	0.0	2104.1681562631566	1	0	tensor(3, device='cuda:0')	1.1341771972803836
146200.0	1000.0	1904.1681562632148	0.0	0	16.518792737158947	2104.1681562631566	1	0	tensor(3, device='cuda:0')	1.1341771972803836
147200.0	1000.0	1904.168156263235	0.0	0	234.51940727885813	2104.1681562631566	1	0	tensor(3, device='cuda:0')	1.1341771972803836
148200.0	1000.0	1904.1681562632662	0.0	0	244.65303874984966	2104.1681562631566	1	0	tensor(3, device='cuda:0')	1.1341771972803836
149200.0	1000.0	1904.168156263299	0.0	0	99.07303186279023	2104.1681562631566	1	0	tensor(3, device='cuda:0')	1.1341771972803836
150361.9999394601	1000.0	1742.168216803237	0.0	0	0.0	2104.1681562631566	1	0	tensor(3, device='cuda:0')	1.1341771972803836
151321.8046451148	1000.0	1782.3635111485237	0.0	0	0.0	2104.1681562631275	1	0	tensor(3, device='cuda:0')	1.1341771972803858
152200.0	1000.0	1904.1681562633282	0.0	0	263.0440770611749	2104.1681562631275	1	0	tensor(3, device='cuda:0')	1.1341771972803858
153200.0	1000.0	1904.1681562633112	0.0	0	19.06404745922191	2104.1681562630984	1	0	tensor(3, device='cuda:0')	1.134177197280388
154200.0	1000.0	1904.1681562633044	0.0	0	222.67815677079489	2104.1681562630692	1	0	tensor(3, device='cuda:0')	1.1341771972803902
155200.0	1000.0	1904.1681562633207	0.0	0	151.91627467382932	2104.1681562630692	1	0	tensor(3, device='cuda:0')	1.1341771972803902
156417.69707392578	1000.0	1686.4710823375183	0.0	0	0.0	2104.16815626304	1	0	tensor(3, device='cuda:0')	1.1341771972803925
157267.21885706863	1000.0	1836.9492991946609	0.0	0	0.0	2104.16815626304	1	0	tensor(3, device='cuda:0')	1.1341771972803925
158574.52982030957	1000.0	1529.6383359537033	0.0	0	0.0	2104.168156263011	1	0	tensor(3, device='cuda:0')	1.134177197280395
159327.25177647988	1000.0	1776.9163797834033	0.0	0	0.0	2104.168156263011	1	0	tensor(3, device='cuda:0')	1.134177197280395
160200.0	1000.0	1904.1681562632702	0.0	0	76.69580996205332	2104.168156262982	1	0	tensor(3, device='cuda:0')	1.1341771972803971
161200.0	1000.0	1904.1681562632637	0.0	0	91.27302100081579	2104.168156263011	1	0	tensor(3, device='cuda:0')	1.134177197280395
162280.68337850433	1000.0	1823.4847777589694	0.0	0	0.0	2104.16815626304	1	0	tensor(3, device='cuda:0')	1.1341771972803925
163200.0	1000.0	1904.168156263288	0.0	0	163.39186021572095	2104.1681562630692	1	0	tensor(3, device='cuda:0')	1.1341771972803916
164200.0	1000.0	1904.1681562633028	0.0	0	52.85452195807011	2104.1681562630984	1	0	tensor(3, device='cuda:0')	1.134177197280389
165200.0	1000.0	1904.1681562632982	0.0	0	286.53907165367855	2104.1681562630984	1	0	tensor(3, device='cuda:0')	1.134177197280388
166208.67760904864	1000.0	1895.4905472146454	0.0	0	0.0	2104.1681562630692	1	0	tensor(3, device='cuda:0')	1.1341771972803902
167200.0	1000.0	1904.1681562632443	0.0	0	200.11097517225426	2104.16815626304	1	0	tensor(3, device='cuda:0')	1.1341771972803911
169427.0147392878	3000.0	454.45194304665114	0.0	0	0.0	1881.4666823342268	1	0	tensor(4, device='cuda:0')	0.5007015095996155
170185.76124723666	1000.0	695.7054350978176	0.0	0	0.0	1881.4666823342268	1	0	tensor(3, device='cuda:0')	-0.1487807303626384
170848.24207742262	1000.0	1033.2246049118803	0.0	0	0.0	1881.4666823342268	1	0	tensor(3, device='cuda:0')	1.1498315583054721
171957.84688199154	1000.0	923.6198003429536	0.0	0	0.0	1881.4666823342268	1	0	tensor(3, device='cuda:0')	1.1498315583054721
173199.93857752075	1000.0	681.5281048137095	0.0	0	0.0	1881.4666823341977	1	0	tensor(3, device='cuda:0')	1.149831558305474
174013.237178396	1000.0	868.2295039384568	0.0	0	0.0	1881.4666823341686	1	0	tensor(3, device='cuda:0')	1.149831558305476
174714.30715697916	1000.0	1167.1595253552891	0.0	0	0.0	1881.4666823341977	1	0	tensor(3, device='cuda:0')	1.149831558305474
175642.70743003307	1000.0	1238.7592523013566	0.0	0	0.0	1881.4666823341977	1	0	tensor(3, device='cuda:0')	1.149831558305474
176447.54004712377	1000.0	1433.9266352106772	0.0	0	0.0	1881.4666823341977	1	0	tensor(3, device='cuda:0')	1.149831558305474
177357.19008746257	1000.0	1524.2765948718647	0.0	0	0.0	1881.4666823341977	1	0	tensor(3, device='cuda:0')	1.149831558305474
178214.57655547807	1000.0	1666.890126856348	0.0	0	0.0	1881.4666823342268	1	0	tensor(3, device='cuda:0')	1.1498315583054721
179200.0	1000.0	1681.466682334443	0.0	0	367.00262555046356	1881.4666823342268	1	0	tensor(3, device='cuda:0')	1.1498315583054721
180815.3179011186	3000.0	904.6169911039747	0.0	0	0.0	1719.9348922223435	1	0	tensor(4, device='cuda:0')	0.633975659455558
181543.68068721538	1000.0	1176.2542050071834	0.0	0	0.0	1719.9348922223435	1	0	tensor(3, device='cuda:0')	-0.13936012092868524
182200.0	1000.0	1519.934892222533	0.0	0	6.691051004250767	1719.9348922223435	1	0	tensor(3, device='cuda:0')	1.1592521677394245
184027.13392104293	3000.0	510.0875790753124	0.0	0	0.0	1537.2215001180302	1	0	tensor(4, device='cuda:0')	0.6007381824901106
184564.42689101584	1000.0	972.7946091024044	0.0	0	0.0	1537.2215001180302	1	0	tensor(3, device='cuda:0')	-0.13034439131592016
185200.0	1000.0	1337.2215001182406	0.0	0	97.67369063044316	1537.2215001180302	1	0	tensor(3, device='cuda:0')	1.1682678973521896
186770.20246253084	3000.0	924.039283840455	0.0	0	0.0	1694.241746371059	1	0	tensor(2, device='cuda:0')	0.9627760761044932
187236.44113882413	1000.0	1457.8006075471753	0.0	0	0.0	1694.241746371059	1	0	tensor(3, device='cuda:0')	-0.1379933005627039
188548.912248598	3000.0	1276.576608750651	0.0	0	0.0	1825.4888573483913	1	0	tensor(2, device='cuda:0')	0.9556222019855336
191261.41232593835	3000.0	200.0	405.1927342840836	0	0.0	2461.4123259383487	1	0	tensor(2, device='cuda:0')	-0.2112619703262542
191902.04013431753	1000.0	651.620826881529	92.24863526071636	0	0.0	2553.660961199057	1	0	tensor(3, device='cuda:0')	-0.7617537024485019
192558.98966462925	1000.0	994.6712965698277	0.0	0	0.0	2553.660961199057	1	0	tensor(3, device='cuda:0')	1.0903503977839062
193330.15612036985	1000.0	1223.5048408292164	0.0	0	0.0	2553.660961199057	1	0	tensor(3, device='cuda:0')	1.0903503977839062
194121.756104204	1000.0	1431.9048569950623	0.0	0	0.0	2553.660961199057	1	0	tensor(3, device='cuda:0')	1.0903503977839062
194710.18954403998	1000.0	1843.471417159101	0.0	0	0.0	2553.660961199028	1	0	tensor(3, device='cuda:0')	1.0903503977839097
195331.12385290558	1000.0	2222.53710829352	0.0	0	0.0	2553.660961199057	1	0	tensor(3, device='cuda:0')	1.0903503977839062
197210.40970203446	3000.0	1155.322674251711	0.0	0	0.0	2365.7323762861197	1	0	tensor(4, device='cuda:0')	0.5289952628959971
198119.07402437995	1000.0	1246.6583519062071	0.0	0	0.0	2365.7323762860906	1	0	tensor(3, device='cuda:0')	-0.1876452522705417
198757.38723702112	1000.0	1608.3451392650472	0.0	0	0.0	2365.7323762860906	1	0	tensor(3, device='cuda:0')	1.1109670363975694
199332.29546990737	1000.0	2033.4369063787813	0.0	0	0.0	2365.7323762860615	1	0	tensor(3, device='cuda:0')	1.1109670363975723
200200.0	1000.0	2165.7323762861606	0.0	0	150.52655261816108	2365.7323762860615	1	0	tensor(3, device='cuda:0')	1.1109670363975723
201349.77398443507	1000.0	2015.958391851075	0.0	0	0.0	2365.7323762860615	1	0	tensor(3, device='cuda:0')	1.1109670363975723
202680.0466073959	1000.0	1685.6857688902605	0.0	0	0.0	2365.7323762860906	1	0	tensor(3, device='cuda:0')	1.1109670363975694
203591.2927366822	1000.0	1774.4396396039588	0.0	0	0.0	2365.7323762861197	1	0	tensor(3, device='cuda:0')	1.1109670363975666
204391.57123742133	1000.0	1974.1611388648266	0.0	0	0.0	2365.7323762861197	1	0	tensor(3, device='cuda:0')	1.1109670363975666
205200.0	1000.0	2165.7323762861756	0.0	0	197.86361211896292	2365.7323762861197	1	0	tensor(3, device='cuda:0')	1.1109670363975666
206200.0	1000.0	2165.7323762861756	0.0	0	75.48530872451374	2365.7323762860906	1	0	tensor(3, device='cuda:0')	1.1109670363975677
207259.0008238371	1000.0	2106.73155244905	0.0	0	0.0	2365.7323762861197	1	0	tensor(3, device='cuda:0')	1.1109670363975677
208245.33264579967	1000.0	2120.399730486448	0.0	0	0.0	2365.7323762861197	1	0	tensor(3, device='cuda:0')	1.1109670363975666
209200.0	1000.0	2165.7323762861215	0.0	0	286.1040309049131	2365.732376286149	1	0	tensor(3, device='cuda:0')	1.1109670363975637
210645.74920461644	1000.0	1719.983171669661	0.0	0	0.0	2365.7323762861197	1	0	tensor(3, device='cuda:0')	1.1109670363975648
211552.06303627926	1000.0	1813.6693400068439	0.0	0	0.0	2365.7323762861197	1	0	tensor(3, device='cuda:0')	1.1109670363975666
212274.84984711048	1000.0	2090.8825291756234	0.0	0	0.0	2365.7323762860906	1	0	tensor(3, device='cuda:0')	1.1109670363975694
213381.19874373724	3000.0	1873.8987428861878	0.0	0	0.0	2255.0974866234174	1	0	tensor(4, device='cuda:0')	0.6978701781283767
215112.29892579504	3000.0	969.6885426226498	0.0	0	0.0	2081.9874684176757	1	0	tensor(4, device='cuda:0')	1.8834830351446379
215861.10012891833	1000.0	1220.887339499353	0.0	0	0.0	2081.9874684176757	1	0	tensor(3, device='cuda:0')	-0.1627211313539182
216792.15109260633	1000.0	1289.8363758113612	0.0	0	0.0	2081.9874684176757	1	0	tensor(3, device='cuda:0')	1.1358911573141919
217493.79972718804	1000.0	1588.1877412296612	0.0	0	0.0	2081.9874684176757	1	0	tensor(3, device='cuda:0')	1.1358911573141919
218947.98756174077	3000.0	988.5811232216415	0.0	0	0.0	1936.5686849623453	1	0	tensor(4, device='cuda:0')	0.6528374961555508
221004.9383862815	3000.0	200.0	69.63846540554763	0	0.0	2204.9383862814284	1	0	tensor(2, device='cuda:0')	1.4157860801355477
222413.61583931503	1000.0	328.731042774149	537.4084958076616	0	0.0	2742.3468820890994	1	0	tensor(3, device='cuda:0')	-3.4574113865336815
223569.66077884778	1000.0	424.090084613255	251.40398137187248	0	0.0	2993.7508634610567	1	0	tensor(3, device='cuda:0')	-0.4831380119476293
224131.2394751634	500.0	862.5113882976038	0.0	0	0.0	2993.7508634610276	1	0	tensor(3, device='cuda:0')	-0.36100848483628045
224986.8724013143	1000.0	1006.8784621466945	0.0	0	0.0	2993.7508634610276	1	0	tensor(3, device='cuda:0')	0.33213869572366517
225784.26803796997	1000.0	1209.4828254909833	0.0	0	0.0	2993.7508634610276	1	0	tensor(3, device='cuda:0')	1.0252858762836106
226934.9367980508	1000.0	1058.814065410183	0.0	0	0.0	2993.7508634610276	1	0	tensor(3, device='cuda:0')	1.0252858762836106
227605.32084623943	1000.0	1388.430017221535	0.0	0	0.0	2993.7508634609985	1	0	tensor(3, device='cuda:0')	1.0252858762836157
228235.42276151938	1000.0	1758.3281019415836	0.0	0	0.0	2993.7508634609694	1	0	tensor(3, device='cuda:0')	1.025285876283621
229125.347756824	1000.0	1868.403106636971	0.0	0	0.0	2993.7508634609694	1	0	tensor(3, device='cuda:0')	1.025285876283621
229827.39672053824	1000.0	2166.354142922727	0.0	0	0.0	2993.7508634609694	1	0	tensor(3, device='cuda:0')	1.025285876283621
230729.4392754472	1000.0	2264.311588013771	0.0	0	0.0	2993.7508634609985	1	0	tensor(3, device='cuda:0')	1.0252858762836157
231949.05386975026	1000.0	2044.696993710694	0.0	0	0.0	2993.7508634609694	1	0	tensor(3, device='cuda:0')	1.025285876283621
232950.95048016938	1000.0	2042.8003832915647	0.0	0	0.0	2993.7508634609694	1	0	tensor(3, device='cuda:0')	1.025285876283621
233526.67602848346	1000.0	2467.074834977474	0.0	0	0.0	2993.7508634609694	1	0	tensor(3, device='cuda:0')	1.025285876283621
234252.75471711045	1000.0	2740.996146350485	0.0	0	0.0	2993.7508634609694	1	0	tensor(3, device='cuda:0')	1.025285876283623
235484.1364716837	1000.0	2509.614391777229	0.0	0	0.0	2993.7508634609694	1	0	tensor(3, device='cuda:0')	1.025285876283621
236919.87091772538	1000.0	2073.8799457355785	0.0	0	0.0	2993.7508634609985	1	0	tensor(3, device='cuda:0')	1.0252858762836157
238504.73207168552	1000.0	1489.0187917754117	0.0	0	0.0	2993.7508634609694	1	0	tensor(3, device='cuda:0')	1.0252858762836188
239868.4200416619	1000.0	1125.3308217990107	0.0	0	0.0	2993.7508634609694	1	0	tensor(3, device='cuda:0')	1.025285876283621
241976.0526461444	1000.0	200.0	182.30178268349394	0	0.0	3176.0526461444097	1	0	tensor(3, device='cuda:0')	-0.08130831710154279
242820.6743769229	500.0	583.1594152927958	227.78114607128333	0	0.0	3403.833792215679	1	0	tensor(3, device='cuda:0')	-1.816660199108346
243549.85639598372	500.0	853.9773962319925	0.0	0	0.0	3403.833792215708	1	0	tensor(3, device='cuda:0')	0.24317385787929233
244200.3875244823	500.0	1203.4462677334095	0.0	0	0.0	3403.833792215708	1	0	tensor(3, device='cuda:0')	0.24317385787929233
244811.2886540502	500.0	1592.5451381654848	0.0	0	0.0	3403.833792215679	1	0	tensor(3, device='cuda:0')	0.24317385787929974
246050.37074797042	1000.0	1353.4630442452665	0.0	0	0.0	3403.833792215679	1	0	tensor(3, device='cuda:0')	0.24317385787929977
247229.03055083944	1000.0	1174.8032413762514	0.0	0	0.0	3403.833792215679	1	0	tensor(3, device='cuda:0')	0.9363210384392452
248141.03250573605	1000.0	1262.8012864796408	0.0	0	0.0	3403.833792215679	1	0	tensor(3, device='cuda:0')	0.9363210384392452
248756.87783492953	1000.0	1646.9559572861713	0.0	0	0.0	3403.8337922156497	1	0	tensor(3, device='cuda:0')	0.9363210384392529
249569.1645164601	1000.0	1834.669275755615	0.0	0	0.0	3403.8337922156497	1	0	tensor(3, device='cuda:0')	0.9363210384392529
250826.18006593542	2000.0	1577.6537262802876	0.0	0	0.0	3403.8337922156497	1	0	tensor(3, device='cuda:0')	0.9363210384392529
253590.9594155752	2000.0	225.09425940970246	412.19994870460164	0	0.0	816.0536749848397	1	0	tensor(6, device='cuda:0')	-9.588487574624523
254485.2371831347	1000.0	552.8391959938263	222.02270414361578	0	0.0	1038.0763791284699	1	0	tensor(3, device='cuda:0')	-0.839223303717716
255652.16556871185	1000.0	385.91081041667286	0.0	0	0.0	1038.0763791284699	1	0	tensor(3, device='cuda:0')	1.1860601017039236
256200.0	500.0	838.0763791285283	0.0	0	12.299938425421715	1038.0763791284699	1	0	tensor(3, device='cuda:0')	-0.20023425941596726
257200.0	1000.0	838.0763791284832	0.0	0	354.3036309200397	1038.0763791284407	1	0	tensor(3, device='cuda:0')	0.4929129211439791
258596.0197591762	1000.0	442.05661995223215	0.0	0	0.0	1038.0763791284407	1	0	tensor(3, device='cuda:0')	1.1860601017039245
259460.41617782426	1000.0	577.6602013042032	0.0	0	0.0	1038.0763791284407	1	0	tensor(3, device='cuda:0')	1.1860601017039245
260303.2815250731	1000.0	734.7948540553376	0.0	0	0.0	1038.0763791284407	1	0	tensor(3, device='cuda:0')	1.1860601017039252
261200.0	1000.0	838.0763791284226	0.0	0	206.7918778702733	1038.0763791284407	1	0	tensor(3, device='cuda:0')	1.1860601017039245
262200.0	1000.0	838.0763791283891	0.0	0	41.49556617916096	1038.0763791283825	1	0	tensor(3, device='cuda:0')	1.1860601017039254
263200.0	1000.0	838.0763791283557	0.0	0	80.18793852790259	1038.0763791283243	1	0	tensor(3, device='cuda:0')	1.186060101703927
264200.0	1000.0	838.0763791283829	0.0	0	134.80263094214024	1038.0763791283243	1	0	tensor(3, device='cuda:0')	1.1860601017039276
265200.0	1000.0	838.0763791283861	0.0	0	401.6764179560705	1038.0763791282661	1	0	tensor(3, device='cuda:0')	1.1860601017039294
266200.0	1000.0	838.0763791283224	0.0	0	18.718044236244168	1038.0763791282661	1	0	tensor(3, device='cuda:0')	1.1860601017039294
267643.1075164307	1000.0	394.9688626975791	0.0	0	0.0	1038.0763791282661	1	0	tensor(3, device='cuda:0')	1.1860601017039294
268555.8952458249	1000.0	497.13095485804905	14.94982155467909	0	0.0	1053.0262006829726	1	0	tensor(3, device='cuda:0')	1.0959453514165352
269207.4209877069	500.0	845.6052129760137	0.0	0	0.0	1053.0262006829726	1	0	tensor(3, device='cuda:0')	-0.2006500803752811
270425.96004875004	1000.0	627.0661519329448	0.0	0	0.0	1053.0262006830308	1	0	tensor(3, device='cuda:0')	0.4924971001846626
271200.0	1000.0	853.0262006829325	0.0	0	110.85603351664031	1053.0262006830308	1	0	tensor(3, device='cuda:0')	1.185644280744608
272200.0	1000.0	853.026200682931	0.0	0	399.88391908002086	1053.0262006830308	1	0	tensor(3, device='cuda:0')	1.185644280744608
273618.7785514441	1000.0	434.2476492388928	0.0	0	0.0	1053.0262006830308	1	0	tensor(3, device='cuda:0')	1.185644280744608
274710.0562810196	500.0	422.0960618023871	79.12614213894767	0	0.0	1132.152342821937	1	0	tensor(3, device='cuda:0')	-0.6777127790498145
275372.7316564476	500.0	759.4206863743299	0.0	0	0.0	1132.1523428218788	1	0	tensor(3, device='cuda:0')	0.4901912543438184
276200.0	1000.0	932.1523428219874	0.0	0	77.37110449041938	1132.1523428218788	1	0	tensor(3, device='cuda:0')	0.4901912543438185
277200.0	1000.0	932.1523428219318	0.0	0	116.36277835717192	1132.1523428218788	1	0	tensor(3, device='cuda:0')	1.183338434903764
278263.7567080508	1000.0	868.3956347711126	0.0	0	0.0	1132.1523428218788	1	0	tensor(3, device='cuda:0')	1.183338434903764
279200.0	1000.0	932.1523428218834	0.0	0	0.7281223768368363	1132.1523428218788	1	0	tensor(3, device='cuda:0')	1.183338434903764
280200.0	1000.0	932.1523428218484	0.0	0	473.40579189377604	1132.1523428218788	1	0	tensor(3, device='cuda:0')	1.183338434903764
283048.0138326317	3000.0	200.0	1273.3298846118655	0	0.0	2248.0138326316955	1	0	tensor(4, device='cuda:0')	-7.012778796593777
283908.05943088664	1000.0	517.5944210732237	177.64001932817087	0	0.0	2425.6538519598544	1	0	tensor(3, device='cuda:0')	-1.2596662647847103
284407.08794250933	500.0	1018.5659094505618	0.0	0	0.0	2425.6538519598544	1	0	tensor(3, device='cuda:0')	-0.28150822126746633
285256.03539256105	1000.0	1169.618459398854	0.0	0	0.0	2425.6538519598544	1	0	tensor(3, device='cuda:0')	0.4116389592924793
285976.67067440023	1000.0	1448.9831775596772	0.0	0	0.0	2425.6538519598544	1	0	tensor(3, device='cuda:0')	1.1047861398524246
286676.72189509403	1000.0	1748.9319568658443	0.0	0	0.0	2425.6538519598544	1	0	tensor(3, device='cuda:0')	1.1047861398524246
287585.31019417674	1000.0	1840.3436577831526	0.0	0	0.0	2425.6538519598544	1	0	tensor(3, device='cuda:0')	1.1047861398524246
288503.0628536285	1000.0	1922.5909983314443	0.0	0	0.0	2425.6538519598544	1	0	tensor(3, device='cuda:0')	1.1047861398524246
289200.0	1000.0	2225.65385195993	0.0	0	31.3595995468786	2425.6538519598544	1	0	tensor(3, device='cuda:0')	1.1047861398524246
290200.0	1000.0	2225.653851959908	0.0	0	286.249145086098	2425.653851959796	1	0	tensor(3, device='cuda:0')	1.1047861398524308
291217.6674464188	1000.0	2207.9864055411117	0.0	0	0.0	2425.653851959738	1	0	tensor(3, device='cuda:0')	1.104786139852437
292400.3928265402	1000.0	2025.2610254197214	0.0	0	0.0	2425.653851959796	1	0	tensor(3, device='cuda:0')	1.1047861398524308
293660.84340238874	1000.0	1764.8104495712037	0.0	0	0.0	2425.653851959796	1	0	tensor(3, device='cuda:0')	1.1047861398524308
294995.7836030261	1000.0	1429.8702489338152	0.0	0	0.0	2425.653851959796	1	0	tensor(3, device='cuda:0')	1.1047861398524308
296157.7806892428	1000.0	1267.8731627170753	0.0	0	0.0	2425.653851959796	1	0	tensor(3, device='cuda:0')	1.1047861398524308
297613.1317655918	1000.0	812.5220863680863	0.0	0	0.0	2425.653851959796	1	0	tensor(3, device='cuda:0')	1.1047861398524308
298708.006926254	1000.0	717.6469257059114	0.0	0	0.0	2425.653851959796	1	0	tensor(3, device='cuda:0')	1.1047861398524295
299909.1720119585	1000.0	516.4818400014334	0.0	0	0.0	2425.653851959738	1	0	tensor(3, device='cuda:0')	1.104786139852436
300674.6589637522	500.0	750.994888207669	0.0	0	0.0	2425.6538519596797	1	0	tensor(3, device='cuda:0')	-0.2815082212674476
301354.93495045794	500.0	1070.718901501929	0.0	0	0.0	2425.6538519596215	1	0	tensor(3, device='cuda:0')	0.41163895929249894
302114.91453941626	1000.0	1310.7393125436083	0.0	0	0.0	2425.6538519596215	1	0	tensor(3, device='cuda:0')	0.41163895929250394
302819.03938785254	1000.0	1606.6144641074022	0.0	0	0.0	2425.6538519596215	1	0	tensor(3, device='cuda:0')	1.1047861398524492
303806.4192867397	1000.0	1619.2345652201955	0.0	0	0.0	2425.6538519595633	1	0	tensor(3, device='cuda:0')	1.1047861398524557
304854.0169987536	1000.0	1571.636853206307	0.0	0	0.0	2425.6538519595633	1	0	tensor(3, device='cuda:0')	1.1047861398524557
306507.99052830954	1000.0	917.6633236502745	0.0	0	0.0	2425.6538519595633	1	0	tensor(3, device='cuda:0')	1.1047861398524557
307538.07603833626	1000.0	887.5778136235766	0.0	0	0.0	2425.6538519595633	1	0	tensor(3, device='cuda:0')	1.1047861398524557
0.591	0.869	1.61	1.74	1.67	1.51	1.07	0.568	0.73	0.799	1.1	1.38	1.27	1.15	0.718	0.591	0.892	0.811	1.01	1.26	1.01	0.741	0.788	0.961	1.27	1.32	1.23	1.77	1.7	2.17	1.92	1.42	2.18	1.56	1.9	1.91	2.09	1.56	1.25	1.38	1.82	1.77	2.41	1.69	1.18	1.55	1.63	1.11	1.19	1.95	2.07	1.19	1.3	1.14	0.822	0.776	1.34	1.88	0.927	1.11	0.95	0.938	0.961	1.32	1.25	1.1	1.77	1.11	0.996	0.799	0.718	1.04	0.672	0.614	1.14	1.25	1.05	0.95	1.56	1.8	1.55	1.44	1.07	1.16	1.47	2.2	1.83	1.75	1.82	1.8	1.32	1.16	0.915	1.12	1.12	1.18	1.1	1.59	1.44	1.42	1.12	0.718	0.73	0.869	1.19	0.915	0.811	1.41	1.15	0.579	0.996	1.74	1.66	1.83	1.56	1.14	1.07	1.38	1.8	1.42	1.44	1.74	1.47	1.92	1.46	0.973	0.799	1.24	1.76	1.52	1.52	1.47	1.91	1.9	2.35	1.78	1.23	1.38	0.95	0.521	1.27	1.4	1.69	1.34	1.29	1.3	1.1	1.05	1.08	1.4	1.2	1.01	1.22	0.753	1.23	0.753	1.09	1.44	0.741	0.996	1.34	1.16	1.17	1.77	1.4	1.05	1.78	1.53	1.67	1.59	0.985	0.695	1.15	1.63	1.41	1.27	1.12	1.33	1.84	2.02	1.59	1.78	2.19	2.11	1.6	1.59	2.32	1.6	1.05	1.74	1.85	1.64	1.69	1.7	1.73	1.4	0.753	1.42	1.42	0.66	1.02	0.95	1.09	1.63	1.27	1.03	1.39	1.34	0.718	0.683	1.53	2.29	2.63	1.7	1.17	1.27	2.07	2.28	2.21	1.46	0.857	0.95	1.19	1.07	1.1	1.1	1.45	1.24	1.45	0.892	0.683	1.05	1.51	1.02	0.73	0.985	0.846	0.637	0.66	0.637	0.637	0.718	0.822	0.683	0.718	0.973	1.37	1.41	1.42	2.02	1.42	0.996	1.16	1.03	1.33	0.614	0.973	1.34	1.11	0.776	1.27	1.33	1.37	0.985	0.741	1.12	0.602	0.927	1.58	1.47	0.892	0.591	0.626	1.39	1.08	1.08	1.36	1.81	1.04	1.3	1.3	1.05	0.938	1.26	1.37	1.23	1.46	1.46	1.15	0.591	0.776	0.973	0.811	0.938	0.672	0.846	0.985	0.765	0.961	1.24	1.47	1.22	0.915	0.788	0.904	1.02	1.54	1.34
1843.0	1844.0	1845.0	1846.0	1847.0	1848.0	1849.0	1850.0	1851.0	1852.0	1853.0	1854.0	1855.0	1856.0	1857.0	1858.0	1859.0	1860.0	1861.0	1862.0	1863.0	1864.0	1865.0	1866.0	1867.0	1868.0	1869.0	1870.0	1871.0	1872.0	1873.0	1874.0	1875.0	1876.0	1877.0	1878.0	1879.0	1880.0	1881.0	1882.0	1883.0	1884.0	1885.0	1886.0	1887.0	1888.0	1889.0	1890.0	1891.0	1892.0	1893.0	1894.0	1895.0	1896.0	1897.0	1898.0	1899.0	1900.0	1901.0	1902.0	1903.0	1904.0	1905.0	1906.0	1907.0	1908.0	1909.0	1910.0	1911.0	1912.0	1913.0	1914.0	1915.0	1916.0	1917.0	1918.0	1919.0	1920.0	1921.0	1922.0	1923.0	1924.0	1925.0	1926.0	1927.0	1928.0	1929.0	1930.0	1931.0	1932.0	1933.0	1934.0	1935.0	1936.0	1937.0	1938.0	1939.0	1940.0	1941.0	1942.0	1943.0	1944.0	1945.0	1946.0	1947.0	1948.0	1949.0	1950.0	1951.0	1952.0	1953.0	1954.0	1955.0	1956.0	1957.0	1958.0	1959.0	1960.0	1961.0	1962.0	1963.0	1964.0	1965.0	1966.0	1967.0	1968.0	1969.0	1970.0	1971.0	1972.0	1973.0	1974.0	1975.0	1976.0	1977.0	1978.0	1979.0	1980.0	1981.0	1982.0	1983.0	1984.0	1985.0	1986.0	1987.0	1988.0	1989.0	1990.0	1991.0	1992.0	1993.0	1994.0	1995.0	1996.0	1997.0	1998.0	1999.0	2000.0	2000.0	2001.0	2002.0	2003.0	2004.0	2005.0	2006.0	2007.0	2008.0	2009.0	2010.0	2011.0	2012.0	2013.0	2014.0	2015.0	2016.0	2017.0	2018.0	2019.0	2020.0	2021.0	2022.0	2023.0	2024.0	2025.0	2026.0	2027.0	2028.0	2029.0	2030.0	2031.0	2032.0	2033.0	2034.0	2035.0	2036.0	2037.0	2038.0	2039.0	2040.0	2041.0	2042.0	2043.0	2044.0	2045.0	2046.0	2047.0	2048.0	2049.0	2050.0	2051.0	2052.0	2053.0	2054.0	2055.0	2056.0	2057.0	2058.0	2059.0	2060.0	2061.0	2062.0	2063.0	2064.0	2065.0	2066.0	2067.0	2068.0	2069.0	2070.0	2071.0	2072.0	2073.0	2074.0	2075.0	2076.0	2077.0	2078.0	2079.0	2080.0	2081.0	2082.0	2083.0	2084.0	2085.0	2086.0	2087.0	2088.0	2089.0	2090.0	2091.0	2092.0	2093.0	2094.0	2095.0	2096.0	2097.0	2098.0	2099.0	2100.0	2101.0	2102.0	2103.0	2104.0	2105.0	2106.0	2107.0	2108.0	2109.0	2110.0	2111.0	2112.0	2113.0	2114.0	2115.0	2116.0	2117.0	2118.0	2119.0	2120.0	2121.0	2122.0	2123.0	2124.0	2125.0	2126.0	2127.0	2128.0	2129.0	2130.0	2131.0	2132.0	2133.0	2134.0	2135.0	2136.0	2137.0	2138.0	2139.0	2140.0	2141.0	2142.0	2143.0	2144.0	2145.0	2146.0	2147.0	2148.0	2149.0
1922.0
