9967.301279566429	300.0	2000.0	201.72485171797814	0	0.0	6967.301279566429	1	0	tensor(6, device='cuda:0')	-13.063772589948105
11106.04216350028	2000.0	1861.25911606615	0.0	0	0.0	3967.301279566431	1	0	tensor(6, device='cuda:0')	-9.453358655299944
13200.0	2000.0	767.259116066151	0.0	0	281.4727559774965	967.2591160661486	1	0	tensor(6, device='cuda:0')	-7.118904187168117
14200.0	3000.0	867.2591160661499	0.0	0	10.606247609475759	1067.2591160661505	1	0	tensor(2, device='cuda:0')	1.679123114389793
15768.754091606988	3000.0	455.380433619861	0.0	0	0.0	1224.1345252268493	1	0	tensor(2, device='cuda:0')	2.2805611664542456
16928.811588105233	3000.0	468.0470763844496	63.02043290334274	0	0.0	1396.8586644896805	1	0	tensor(2, device='cuda:0')	1.8957588853629408
18147.544723592713	3000.0	493.2410053546404	135.61527878769095	0	0.0	1640.7857289473504	1	0	tensor(2, device='cuda:0')	1.4496398427601331
19506.538917645066	3000.0	270.1462307075243	0.0	0	0.0	1776.685148352586	1	0	tensor(2, device='cuda:0')	2.257050231505816
20765.81194214285	3000.0	424.7638462076719	319.95926394239063	0	0.0	2190.575788350521	1	0	tensor(2, device='cuda:0')	0.3087261753593205
21477.206617273303	2000.0	784.5086385902647	0.0	0	0.0	2261.7152558635644	1	0	tensor(2, device='cuda:0')	1.4103296508489365
23408.53353545393	3000.0	200.0	170.76176419143908	0	0.0	2608.533535453924	1	0	tensor(2, device='cuda:0')	0.7690342617600923
24081.986396872224	1000.0	687.069524134721	160.52238555300832	0	0.0	2769.0559210069405	1	0	tensor(3, device='cuda:0')	-1.1999541242826162
24694.75608457007	1000.0	1074.2998364368793	0.0	0	0.0	2769.0559210069405	1	0	tensor(3, device='cuda:0')	1.061792477703544
25579.535335010434	1000.0	1189.5205859965106	0.0	0	0.0	2769.0559210069405	1	0	tensor(3, device='cuda:0')	1.061792477703544
26228.378826061795	1000.0	1540.6770949451495	0.0	0	0.0	2769.055921006937	1	0	tensor(3, device='cuda:0')	1.0617924777035443
26965.77012446668	1000.0	1803.285796540267	0.0	0	0.0	2769.055921006937	1	0	tensor(3, device='cuda:0')	1.0617924777035443
28243.164088522826	3000.0	1398.1524360785081	0.0	0	0.0	2641.316524601327	1	0	tensor(4, device='cuda:0')	0.6181452527985527
29077.167798043596	1000.0	1564.1487265577323	0.0	0	0.0	2641.316524601327	1	0	tensor(3, device='cuda:0')	-0.21919683429646064
29699.62596338402	1000.0	1941.6905612173055	0.0	0	0.0	2641.316524601323	1	0	tensor(3, device='cuda:0')	1.0794154543716497
30782.044219149084	1000.0	1859.272305452244	0.0	0	0.0	2641.316524601323	1	0	tensor(3, device='cuda:0')	1.0794154543716497
32146.63962277337	3000.0	1358.2173614655294	0.0	0	0.0	2504.856984238897	1	0	tensor(4, device='cuda:0')	0.6196304467302669
33179.4552532767	3000.0	1222.120167911872	0.0	0	0.0	2401.5754211885687	1	0	tensor(4, device='cuda:0')	1.9962442432522356
35107.35185157678	3000.0	200.0	89.6055365620181	0	0.0	2307.351851576779	1	0	tensor(4, device='cuda:0')	1.3115972388069643
35653.71093229613	1000.0	718.0075362943542	64.36661701370977	0	0.0	2371.7184685904867	1	0	tensor(3, device='cuda:0')	-0.5744467629915062
36265.67411842398	1000.0	1106.0443501665018	0.0	0	0.0	2371.718468590494	1	0	tensor(3, device='cuda:0')	1.1103652277588616
36655.07106656573	1000.0	1716.6474020247485	0.0	0	0.0	2371.718468590494	1	0	tensor(3, device='cuda:0')	1.1103652277588616
38084.73009321288	3000.0	1144.0224727128855	0.0	0	0.0	2228.7525659257735	1	0	tensor(4, device='cuda:0')	0.6346476604681164
39571.267268875825	3000.0	806.1390146162381	0.0	0	0.0	2377.4062834920624	1	0	tensor(2, device='cuda:0')	1.81169492779619
40842.25150173232	3000.0	408.05635847410304	0.0	0	0.0	2250.3078602064197	1	0	tensor(4, device='cuda:0')	1.5632201156945893
42048.9352155109	3000.0	320.1981299595617	217.72168785627383	0	0.0	2369.1333454704654	1	0	tensor(4, device='cuda:0')	0.7019143177609621
42601.36389831174	2000.0	712.5265788786415	0.0	0	0.0	2313.890477190391	1	0	tensor(4, device='cuda:0')	1.2919683967013615
43582.72995374302	3000.0	633.0239179042272	0.0	0	0.0	2215.7538716472554	1	0	tensor(4, device='cuda:0')	1.6197481876695674
44149.273452748515	1000.0	1066.4804188987387	0.0	0	0.0	2215.7538716472554	1	0	tensor(3, device='cuda:0')	-0.1736329706034894
44690.79424796467	1000.0	1524.9596236825826	0.0	0	0.0	2215.7538716472554	1	0	tensor(3, device='cuda:0')	1.1249793180646204
46042.12680793019	3000.0	1038.4938077205188	0.0	0	0.0	2080.6206156507033	1	0	tensor(4, device='cuda:0')	0.662826345322604
47431.52570348231	3000.0	788.0348017236104	0.0	0	0.0	2219.560505205911	1	0	tensor(2, device='cuda:0')	1.8264450831598213
49102.30865766089	3000.0	200.0	227.11495261166382	0	0.0	2302.308657660884	1	0	tensor(4, device='cuda:0')	0.17104066973497922
49848.114169892404	1000.0	665.8316709131689	211.637183144686	0	0.0	2513.9458408055725	1	0	tensor(3, device='cuda:0')	-1.4734186803645142
50267.44276905593	1000.0	1246.5030717496418	0.0	0	0.0	2513.9458408055725	1	0	tensor(3, device='cuda:0')	1.0950167071717125
51566.55061361877	3000.0	817.4844427305245	0.0	0	0.0	2384.0350563492975	1	0	tensor(4, device='cuda:0')	0.6458557938533888
53111.99164865559	3000.0	200.0	75.00063255452599	0	0.0	2311.9916486555885	1	0	tensor(4, device='cuda:0')	1.472469006024134
53897.18839673375	1000.0	539.4560837698327	124.65283184799827	0	0.0	2436.6444805035862	1	0	tensor(3, device='cuda:0')	-0.9429153538369062
54925.33860514016	1000.0	547.9248415559096	36.6189661924887	0	0.0	2473.2634466960735	1	0	tensor(3, device='cuda:0')	0.8799055249705521
55507.784306672074	1000.0	965.4791400239947	0.0	0	0.0	2473.263446696081	1	0	tensor(3, device='cuda:0')	1.0996193221254835
56183.948009080515	1000.0	1289.3154376155546	0.0	0	0.0	2473.263446696081	1	0	tensor(3, device='cuda:0')	1.0996193221254835
56728.40073834848	1000.0	1744.862708347583	0.0	0	0.0	2473.263446696081	1	0	tensor(3, device='cuda:0')	1.0996193221254835
57247.60066907165	1000.0	2225.662777624405	0.0	0	0.0	2473.263446696081	1	0	tensor(3, device='cuda:0')	1.0996193221254835
58927.1207160016	3000.0	1378.1907260014602	0.0	0	0.0	2305.3114420030906	1	0	tensor(4, device='cuda:0')	0.5767673861926459
59537.159828240874	1000.0	1768.1516137621811	0.0	0	0.0	2305.3114420030906	1	0	tensor(3, device='cuda:0')	-0.18175857343321053
60200.0	1000.0	2105.311442003067	0.0	0	170.50872315690503	2305.311442003098	1	0	tensor(3, device='cuda:0')	1.1168537152348992
61648.69190532093	3000.0	1511.7503461500512	0.0	0	0.0	2160.4422514710095	1	0	tensor(4, device='cuda:0')	0.6368692454805284
62498.34790817655	3000.0	1577.128743008874	0.0	0	0.0	2075.476651185447	1	0	tensor(4, device='cuda:0')	2.0633957956825486
63295.935552523384	3000.0	1699.7823342273537	0.0	0	0.0	1995.7178867507682	1	0	tensor(4, device='cuda:0')	2.0797923732756542
64740.81051475913	3000.0	1110.4198757680438	0.0	0	0.0	1851.2303905272129	1	0	tensor(4, device='cuda:0')	1.9589617822124181
66022.29043281001	3000.0	700.7919659120819	0.0	0	0.0	1723.0823987221302	1	0	tensor(4, device='cuda:0')	1.9996836274524374
66950.50556696097	3000.0	865.3983451762151	0.0	0	0.0	1815.9039121372261	1	0	tensor(2, device='cuda:0')	1.8537729280242028
67738.709336887	3000.0	1156.0149522427953	0.0	0	0.0	1894.7242891298374	1	0	tensor(2, device='cuda:0')	2.248861427223104
68556.31285723513	3000.0	1256.651079859861	0.0	0	0.0	1812.9639370950317	1	0	tensor(4, device='cuda:0')	1.6878071005665407
69411.31612033547	3000.0	1316.147490449482	0.0	0	0.0	1727.4636107850092	1	0	tensor(4, device='cuda:0')	2.085165181601871
70207.68887548898	3000.0	1440.137459780614	0.0	0	0.0	1647.8263352696376	1	0	tensor(4, device='cuda:0')	2.1014073986936923
71200.0	3000.0	1348.595222818494	0.0	0	457.57439435555716	1548.5952228185488	1	0	tensor(4, device='cuda:0')	2.0660973569169587
72200.0	3000.0	1248.595222818483	0.0	0	35.100024235100136	1448.5952228185488	1	0	tensor(4, device='cuda:0')	2.069571793159793
73200.0	3000.0	1148.5952228185015	0.0	0	310.98672299447935	1348.5952228185633	1	0	tensor(4, device='cuda:0')	2.0731794105706527
74378.70328953242	3000.0	852.021604332846	0.0	0	0.0	1230.7248938653356	1	0	tensor(4, device='cuda:0')	2.0420313941965342
75991.5379666226	3000.0	400.47039495168895	0.0	0	0.0	1392.0083615743497	1	0	tensor(2, device='cuda:0')	1.8746871592993655
77350.63372663302	3000.0	432.6628817330215	283.75407865635555	0	0.0	1783.296608366043	1	0	tensor(2, device='cuda:0')	0.5535832645424956
78258.0100836726	3000.0	616.024160397398	0.0	0	0.0	1874.0342440699897	1	0	tensor(2, device='cuda:0')	2.2503460089603315
79433.81152756076	3000.0	557.8028608980469	0.0	0	0.0	1991.6143884588091	1	0	tensor(2, device='cuda:0')	2.2432128856645983
80340.73897600289	3000.0	741.5681573001191	0.0	0	0.0	2082.3071333029948	1	0	tensor(2, device='cuda:0')	2.236017493228963
80938.3556517059	3000.0	1084.1898140268204	0.0	0	0.0	2022.5454657327064	1	0	tensor(4, device='cuda:0')	1.7183764576791136
81743.59671611845	3000.0	1198.424643173027	0.0	0	0.0	1942.0213592914806	1	0	tensor(4, device='cuda:0')	2.0820129695916356
82709.82751208308	3000.0	1135.5707676119455	0.0	0	0.0	1845.398279695015	1	0	tensor(4, device='cuda:0')	2.055810451039954
83958.24365888452	3000.0	762.31300613036	0.0	0	0.0	1720.556665014854	1	0	tensor(4, device='cuda:0')	2.00619356560955
85266.35667892435	3000.0	585.0112880945077	0.0	0	0.0	1851.367967018843	1	0	tensor(2, device='cuda:0')	1.8525882402618306
86833.26224514852	3000.0	303.68476341569806	143.20942769216938	0	0.0	2136.9470085642097	1	0	tensor(2, device='cuda:0')	1.373935297809818
88024.09066050996	3000.0	446.217139057177	238.0866105186322	0	0.0	2470.307799567119	1	0	tensor(2, device='cuda:0')	0.7733731487373579
88798.5621187747	2000.0	594.2985349659706	0.0	0	0.0	2392.860653740674	1	0	tensor(4, device='cuda:0')	0.8388476990095464
90125.38978968382	3000.0	227.88586897762013	84.63433819242113	0	0.0	2353.2756586614414	1	0	tensor(4, device='cuda:0')	1.045502439733445
90738.6132886371	2000.0	675.8728129592197	111.39344802747121	0	0.0	2414.4861015963543	1	0	tensor(4, device='cuda:0')	0.6233575302566818
91392.11846013508	2000.0	957.0171243114399	0.0	0	0.0	2349.1355844465725	1	0	tensor(4, device='cuda:0')	1.6734803497296808
92107.0946061913	2000.0	1170.543363649595	0.0	0	0.0	2277.6379698409582	1	0	tensor(4, device='cuda:0')	1.6677227062165851
93796.96623618295	3000.0	311.684570658757	0.0	0	0.0	2108.6508068417897	1	0	tensor(4, device='cuda:0')	1.4853839458195348
95161.7675969943	3000.0	217.91394319685983	370.4644267550626	0	0.0	2379.6815401912318	1	0	tensor(4, device='cuda:0')	-0.2172372988794653
95980.87880189624	2000.0	558.406434969121	159.60369667421065	0	0.0	2539.285236865442	1	0	tensor(3, device='cuda:0')	0.2221194943449552
96767.30814955449	2000.0	771.9770873108617	0.0	0	0.0	2539.285236865442	1	0	tensor(3, device='cuda:0')	1.785206782498384
97703.80467260181	1000.0	835.4805642635527	0.0	0	0.0	2539.285236865442	1	0	tensor(3, device='cuda:0')	0.3989124213784936
98269.74750954816	1000.0	1269.5377273172107	0.0	0	0.0	2539.285236865442	1	0	tensor(3, device='cuda:0')	1.0920596019384388
98719.01743266027	1000.0	1820.267804205103	0.0	0	0.0	2539.285236865442	1	0	tensor(3, device='cuda:0')	1.0920596019384388
100131.69155821795	3000.0	1266.3262660916585	0.0	0	0.0	2398.0178243096598	1	0	tensor(4, device='cuda:0')	0.621479523793286
101317.4892300627	3000.0	961.9488270624381	0.0	0	0.0	2279.4380571251822	1	0	tensor(4, device='cuda:0')	1.978122453223408
102378.9107040204	3000.0	794.3852057089784	0.0	0	0.0	2173.2959097294224	1	0	tensor(4, device='cuda:0')	2.0126875475704358
103549.91625536271	3000.0	506.27909923243897	0.0	0	0.0	2056.1953545951983	1	0	tensor(4, device='cuda:0')	1.999946460161067
104191.22393926019	2000.0	800.8406469452119	0.0	0	0.0	1992.064586205437	1	0	tensor(4, device='cuda:0')	1.3007826605677475
105021.99429576028	3000.0	886.9932547951264	0.0	0	0.0	1908.9875505554228	1	0	tensor(4, device='cuda:0')	1.6736896668749954
105986.94270530347	3000.0	825.5500042975967	0.0	0	0.0	1812.4927096010942	1	0	tensor(4, device='cuda:0')	2.0581025661133956
106867.39831707024	3000.0	857.0488313541778	0.0	0	0.0	1724.4471484244423	1	0	tensor(4, device='cuda:0')	2.080358203698144
107536.69194258777	3000.0	1120.8258432849148	0.0	0	0.0	1657.5177858726965	1	0	tensor(4, device='cuda:0')	2.1264437479676617
108374.80617017733	3000.0	1198.9001929364194	0.0	0	0.0	1573.7063631137426	1	0	tensor(4, device='cuda:0')	2.096661358469025
109369.3853332516	3000.0	1104.863113554723	0.0	0	0.0	1474.2484468063485	1	0	tensor(4, device='cuda:0')	2.0695951938578587
110200.0	3000.0	1191.186980131493	0.0	0	182.2134092835331	1391.1869801314897	1	0	tensor(4, device='cuda:0')	2.1056677456451185
111417.89696635287	3000.0	851.5003171433306	0.0	0	0.0	1269.3972834962042	1	0	tensor(4, device='cuda:0')	2.032644979087205
112493.14848422869	3000.0	883.7739510550856	0.0	0	0.0	1376.9224352837919	1	0	tensor(2, device='cuda:0')	1.8745854017500698
113345.70958425371	3000.0	1116.4689610325738	0.0	0	0.0	1462.1785452862969	1	0	tensor(2, device='cuda:0')	2.2709832397293255
115232.09896136187	3000.0	418.7185216352219	0.0	0	0.0	1650.8174829971103	1	0	tensor(2, device='cuda:0')	2.2639594308111124
116355.87761631612	3000.0	546.1906355578118	154.30322597935688	0	0.0	1902.068251873934	1	0	tensor(2, device='cuda:0')	1.3229018460008597
117818.05629418031	3000.0	271.8206682013606	46.212047468127366	0	0.0	2089.8769623816625	1	0	tensor(2, device='cuda:0')	1.9596098715247274
118329.76093914754	1000.0	811.2864877308616	0.0	0	0.0	2141.047426878402	1	0	tensor(2, device='cuda:0')	0.03370255512576106
120128.24405145805	3000.0	200.0	8.164792609570242	0	0.0	2328.244051458052	1	0	tensor(2, device='cuda:0')	1.0708041317062942
120763.29499917912	1000.0	661.3094634915037	96.36041121259734	0	0.0	2424.6044626706425	1	0	tensor(3, device='cuda:0')	-0.7718773282714679
121400.05749633625	1000.0	1024.546966334388	0.0	0	0.0	2424.604462670657	1	0	tensor(3, device='cuda:0')	1.1048974276722243
121976.51305944788	1000.0	1448.091403222753	0.0	0	0.0	2424.6044626706716	1	0	tensor(3, device='cuda:0')	1.1048974276722225
122959.68614069062	3000.0	1366.6010138557326	0.0	0	0.0	2326.287154546386	1	0	tensor(4, device='cuda:0')	0.7160859742608663
124125.473598167	3000.0	1084.2348106317218	0.0	0	0.0	2209.708408798746	1	0	tensor(4, device='cuda:0')	1.9879897767454349
125560.07293298574	3000.0	506.1755423311214	0.0	0	0.0	2066.248475316883	1	0	tensor(4, device='cuda:0')	1.9450405583617507
126104.17190434258	1000.0	962.0765709742886	0.0	0	0.0	2066.248475316883	1	0	tensor(3, device='cuda:0')	-0.16152690650789925
126793.53290722905	1000.0	1272.7155680878182	0.0	0	0.0	2066.248475316883	1	0	tensor(3, device='cuda:0')	1.1370853821602105
128539.37611794239	3000.0	352.2880363031433	0.0	0	0.0	1891.6641542455473	1	0	tensor(4, device='cuda:0')	0.5968011032525065
129038.03146714163	1000.0	853.632687103917	0.0	0	0.0	1891.6641542455473	1	0	tensor(3, device='cuda:0')	-0.14942642085535507
129410.02817011418	1000.0	1481.635984131375	0.0	0	0.0	1891.6641542455473	1	0	tensor(3, device='cuda:0')	1.1491858678127547
130711.45790867323	3000.0	1310.3492194282228	0.0	0	0.0	2021.8071281014418	1	0	tensor(2, device='cuda:0')	0.9426499940358755
131739.7202941869	3000.0	1384.9130724659246	0.0	0	0.0	2124.633366652837	1	0	tensor(2, device='cuda:0')	2.2332879532374323
133464.8648802695	3000.0	487.2540277750791	0.0	0	0.0	1952.118908044591	1	0	tensor(4, device='cuda:0')	1.4953511298552402
134460.2788723303	1000.0	491.8400357142759	0.0	0	0.0	1952.118908044591	1	0	tensor(3, device='cuda:0')	-0.15338792270827584
135250.5864431866	1000.0	701.5324648580072	0.0	0	0.0	1952.118908044591	1	0	tensor(3, device='cuda:0')	1.145224365959834
135863.39001396345	1000.0	1088.728894081109	0.0	0	0.0	1952.118908044562	1	0	tensor(3, device='cuda:0')	1.1452243659598362
137278.52472120512	3000.0	532.0807161152696	0.0	0	0.0	1810.605437320366	1	0	tensor(4, device='cuda:0')	0.6690789543167701
138799.66540086566	3000.0	215.84081129223546	58.65189652388358	0	0.0	2015.5062121578667	1	0	tensor(2, device='cuda:0')	1.4905370271771878
139428.35743978978	1000.0	672.8747743451963	85.72600197704043	0	0.0	2101.232214134914	1	0	tensor(3, device='cuda:0')	-0.6785621330828489
140083.03183290016	1000.0	1018.2003812348572	0.0	0	0.0	2101.232214134943	1	0	tensor(3, device='cuda:0')	1.1344061674475012
140626.8678234968	1000.0	1474.36439063819	0.0	0	0.0	2101.232214134943	1	0	tensor(3, device='cuda:0')	1.1344061674475012
142932.614249184	3000.0	200.0	238.1424341979377	0	0.0	2132.614249183942	1	0	tensor(4, device='cuda:0')	-0.9022367336887122
143528.18370834822	1000.0	724.7388089609116	120.30826812509875	0	0.0	2252.9225173090526	1	0	tensor(3, device='cuda:0')	-0.8987708814541271
144024.76717025205	1000.0	1228.1553470570627	0.0	0	0.0	2252.9225173090526	1	0	tensor(3, device='cuda:0')	1.1216910159645752
145562.4476619436	3000.0	536.7068061963741	0.0	0	0.0	2099.1544681399246	1	0	tensor(4, device='cuda:0')	0.6239114435394464
147171.9933352465	3000.0	200.0	394.3576676698249	0	0.0	2371.9933352464286	1	0	tensor(4, device='cuda:0')	-0.400935052974136
147920.5113334584	2000.0	582.4304269356878	130.94842514758648	0	0.0	2502.9417603940237	1	0	tensor(3, device='cuda:0')	0.3982706236056781
149022.81369282433	2000.0	480.1280675697404	0.0	0	0.0	2502.9417603940237	1	0	tensor(3, device='cuda:0')	1.7894262825993619
149488.35854748794	1000.0	1014.5832129061504	0.0	0	0.0	2502.9417603940237	1	0	tensor(3, device='cuda:0')	0.4031319214794714
149996.7645665628	1000.0	1506.1771938312706	0.0	0	0.0	2502.9417603940237	1	0	tensor(3, device='cuda:0')	1.0962791020394165
151795.5875108248	3000.0	527.4719551430803	0.0	0	0.0	2323.059465967788	1	0	tensor(4, device='cuda:0')	0.5507709221824152
153712.53637510963	3000.0	200.0	710.156177791119	0	0.0	2912.53637510963	1	0	tensor(4, device='cuda:0')	-2.3389032493972626
154317.63257850774	1000.0	708.8205510404345	113.91675443855306	0	0.0	3026.453129548172	1	0	tensor(3, device='cuda:0')	-0.962790904341345
154794.9221918647	1000.0	1231.5309376834912	0.0	0	0.0	3026.453129548172	1	0	tensor(3, device='cuda:0')	1.0193219109580833
155417.62577171825	1000.0	1608.8273578299459	0.0	0	0.0	3026.453129548172	1	0	tensor(3, device='cuda:0')	1.0193219109580833
156711.6058565374	2000.0	1185.449264528877	0.0	0	0.0	2897.0551210662816	1	0	tensor(4, device='cuda:0')	0.5778108160873521
157299.02899639626	2000.0	1539.2838106841848	0.0	0	0.0	2838.312807080394	1	0	tensor(4, device='cuda:0')	1.624723748607519
158510.7286832603	2000.0	1206.4141551337384	0.0	0	0.0	2717.142838393949	1	0	tensor(4, device='cuda:0')	1.5148357363027585
159499.64056890714	2000.0	1118.61108092222	0.0	0	0.0	2618.251649829268	1	0	tensor(4, device='cuda:0')	1.5744322241430224
160021.97622093605	1000.0	1596.275428893274	0.0	0	0.0	2618.251649829268	1	0	tensor(3, device='cuda:0')	0.1892330410390235
160961.43668936635	3000.0	1562.8689136199234	0.0	0	0.0	2524.305602986191	1	0	tensor(4, device='cuda:0')	0.7033784047067272
161990.71526015355	3000.0	1430.662485754009	0.0	0	0.0	2421.3777459074627	1	0	tensor(4, device='cuda:0')	1.9948080357430635
163246.05273386874	3000.0	1049.7912646672987	0.0	0	0.0	2295.843998535973	1	0	tensor(4, device='cuda:0')	1.9624204494282567
164162.96236505802	3000.0	1041.1906703590885	0.0	0	0.0	2204.1530354170536	1	0	tensor(4, device='cuda:0')	2.038979612197357
165425.1673191336	3000.0	652.7652208759661	0.0	0	0.0	2077.932540009526	1	0	tensor(4, device='cuda:0')	1.9798993192343868
166200.05736469064	3000.0	800.3861707631761	0.0	0	0.0	2000.4435354537854	1	0	tensor(4, device='cuda:0')	2.0841344638659764
166770.94119056818	3000.0	1172.4139622978719	0.0	0	0.0	1943.3551528660173	1	0	tensor(4, device='cuda:0')	2.1293336341057207
167423.57721536167	3000.0	1454.5143350250407	0.0	0	0.0	1878.0915503866854	1	0	tensor(4, device='cuda:0')	2.117149745611384
168200.0	3000.0	1600.449271922868	0.0	0	30.732228025619406	1800.4492719228147	1	0	tensor(4, device='cuda:0')	2.0966927042653514
169487.05824379297	3000.0	1184.6852037505755	0.0	0	0.0	1671.7434475435002	1	0	tensor(4, device='cuda:0')	2.000807208607438
170743.67257973022	3000.0	1053.7323014070598	0.0	0	0.0	1797.4048811372486	1	0	tensor(2, device='cuda:0')	1.8552646124481742
172369.1103671046	3000.0	590.8382927700962	0.0	0	0.0	1959.9486598746444	1	0	tensor(2, device='cuda:0')	2.2460270789090586
173862.29424533693	3000.0	297.06879755667956	55.66221688412577	0	0.0	2159.3630428935867	1	0	tensor(2, device='cuda:0')	1.8975783730980518
174351.50003919497	1000.0	807.8630036986568	0.0	0	0.0	2159.3630428935867	1	0	tensor(3, device='cuda:0')	-0.16886191408445075
175601.3343099705	3000.0	683.0121600006751	0.0	0	0.0	2284.3464699710894	1	0	tensor(2, device='cuda:0')	0.9219576205741601
176926.01854624876	3000.0	490.7963473502339	0.0	0	0.0	2416.81489359893	1	0	tensor(2, device='cuda:0')	2.2082495068776202
177631.8936762619	1000.0	784.9212173370686	0.0	0	0.0	2416.81489359893	1	0	tensor(3, device='cuda:0')	-0.19289221991644312
178264.5076937991	1000.0	1152.307199799916	0.0	0	0.0	2416.81489359893	1	0	tensor(3, device='cuda:0')	1.1057200687516666
180116.76339153535	3000.0	200.0	77.4309706454427	0	0.0	2316.763391535351	1	0	tensor(4, device='cuda:0')	0.09685975298513572
180647.3639302712	1000.0	749.1565404255365	79.75707916137503	0	0.0	2396.5204706967343	1	0	tensor(3, device='cuda:0')	-0.6693196995304338
181047.58673211987	1000.0	1348.933738576872	0.0	0	0.0	2396.5204706967343	1	0	tensor(3, device='cuda:0')	1.1078350641059262
182608.6825890487	3000.0	943.9474673409195	0.0	0	0.0	2552.6300563896366	1	0	tensor(2, device='cuda:0')	0.8954436381063452
184027.0831019404	3000.0	383.70690316004845	0.0	0	0.0	2410.7900051004835	1	0	tensor(4, device='cuda:0')	1.517239717027338
184446.8267959629	1000.0	963.963209137562	0.0	0	0.0	2410.7900051005126	1	0	tensor(3, device='cuda:0')	-0.19226008743825795
184954.99816242114	1000.0	1455.7918426793342	0.0	0	0.0	2410.7900051005417	1	0	tensor(3, device='cuda:0')	1.1063522012298488
185676.24918134135	1000.0	1734.5408237590905	0.0	0	0.0	2410.7900051005417	1	0	tensor(3, device='cuda:0')	1.1063522012298488
187342.50113468975	3000.0	1068.288870410711	0.0	0	0.0	2410.790005100571	1	0	tensor(3, device='cuda:0')	1.106352201229846
188045.47917402053	1000.0	1365.3108310799457	0.0	0	0.0	2410.790005100571	1	0	tensor(3, device='cuda:0')	0.00773991256173584
188680.73450978348	1000.0	1730.0554953169787	0.0	0	0.0	2410.790005100571	1	0	tensor(3, device='cuda:0')	1.1063522012298457
189200.0	1000.0	2210.7900051004535	0.0	0	16.719786772679072	2410.790005100571	1	0	tensor(3, device='cuda:0')	1.1063522012298457
190855.89738026244	3000.0	1389.3028868118142	0.0	0	0.0	2245.200267074397	1	0	tensor(4, device='cuda:0')	0.5876603632925848
192070.8581733679	3000.0	1052.8460143958239	0.0	0	0.0	2123.704187763855	1	0	tensor(4, device='cuda:0')	1.985688921052188
193077.15708785507	3000.0	945.9172084599126	0.0	0	0.0	2023.0742963151424	1	0	tensor(4, device='cuda:0')	2.035384356186332
195196.41587526991	3000.0	200.0	532.0613251785379	0	0.0	2396.415875269915	1	0	tensor(4, device='cuda:0')	-1.2900368021347612
195720.74080382075	1000.0	727.6119424239952	51.93687097481907	0	0.0	2448.3527462447237	1	0	tensor(3, device='cuda:0')	-0.507881806708711
196069.60951752609	1000.0	1378.7432287186307	0.0	0	0.0	2448.3527462447237	1	0	tensor(3, device='cuda:0')	1.1023517078083136
197070.9446347169	3000.0	1277.2745998087235	0.0	0	0.0	2348.2192345256626	1	0	tensor(4, device='cuda:0')	0.7096463682021787
198192.29969462438	3000.0	1043.7840339104682	0.0	0	0.0	2236.083728534868	1	0	tensor(4, device='cuda:0')	1.9945638740121494
199360.33445174317	3000.0	758.9458010797628	0.0	0	0.0	2119.280252822995	1	0	tensor(4, device='cuda:0')	1.9957229334748001
201115.55100017216	3000.0	200.0	337.99309290193935	0	0.0	2315.551000172156	1	0	tensor(4, device='cuda:0')	-0.09412840686447999
201487.80701682018	1000.0	830.1181707571271	2.3741874051531795	0	0.0	2317.925187577319	1	0	tensor(3, device='cuda:0')	-0.19720486774646462
202578.9382829072	3000.0	629.8737780613809	0.0	0	0.0	2208.812060968601	1	0	tensor(4, device='cuda:0')	0.7050773188076376
203825.31432000248	3000.0	258.8601372565769	0.0	0	0.0	2084.1744572590687	1	0	tensor(4, device='cuda:0')	1.9822500835084729
204722.72660883257	1000.0	539.1519095989119	177.70406117241183	0	0.0	2261.8785184315057	1	0	tensor(3, device='cuda:0')	-1.243955567143451
205278.98363737203	1000.0	982.8948810594636	0.0	0	0.0	2261.8785184315057	1	0	tensor(3, device='cuda:0')	1.12088108855913
205793.98196840374	1000.0	1467.8965500277502	0.0	0	0.0	2261.8785184314766	1	0	tensor(3, device='cuda:0')	1.1208810885591327
207252.55241702078	3000.0	863.4690565490047	0.0	0	0.0	2116.0214735697955	1	0	tensor(4, device='cuda:0')	0.6383992393868482
208315.88879347395	3000.0	693.7990424505306	0.0	0	0.0	2009.687835924473	1	0	tensor(4, device='cuda:0')	2.025157716636972
209269.2885221471	3000.0	645.059340910075	0.0	0	0.0	1914.3478630571626	1	0	tensor(4, device='cuda:0')	2.0538384325239574
210766.99890045397	3000.0	200.0	184.02006838864833	0	0.0	1966.9989004539384	1	0	tensor(4, device='cuda:0')	0.8772455956416714
211121.31242652537	1000.0	845.6864739286062	0.0	0	0.0	1966.9989004539384	1	0	tensor(3, device='cuda:0')	-0.15439898895420165
212249.26916480812	3000.0	830.525409474132	0.0	0	0.0	2079.7945742822194	1	0	tensor(2, device='cuda:0')	0.9380853634747433
213468.9345689879	3000.0	732.8265457123636	0.0	0	0.0	2201.7611147002026	1	0	tensor(2, device='cuda:0')	2.2273747538547894
214795.22314445206	3000.0	273.9091127017259	0.0	0	0.0	2069.1322571537457	1	0	tensor(4, device='cuda:0')	1.5674448199495448
215451.23436974842	2000.0	613.5271416291034	55.66397886669964	0	0.0	2064.7615113774955	1	0	tensor(4, device='cuda:0')	0.9694717248613558
216997.89297364323	3000.0	200.0	261.63392968650555	0	0.0	2197.8929736432037	1	0	tensor(4, device='cuda:0')	-0.004862785722023116
217546.50528879813	1000.0	741.7152397744738	90.32755492938477	0	0.0	2288.220528572594	1	0	tensor(3, device='cuda:0')	-0.7221192173871931
218181.86515376254	1000.0	1106.3553748100248	0.0	0	0.0	2288.220528572565	1	0	tensor(3, device='cuda:0')	1.1184584008572283
219518.511302725	3000.0	769.7092258475766	0.0	0	0.0	2288.220528572565	1	0	tensor(3, device='cuda:0')	1.1184584008572287
220846.75544090683	3000.0	308.6406738475746	0.0	0	0.0	2155.396114754374	1	0	tensor(4, device='cuda:0')	1.7602118722127291
221421.2260899884	1000.0	734.1700247660175	0.0	0	0.0	2155.396114754374	1	0	tensor(3, device='cuda:0')	-0.16853588056026367
221912.91578918972	1000.0	1242.4803255647146	0.0	0	0.0	2155.396114754345	1	0	tensor(3, device='cuda:0')	1.1300764081078487
222793.94971229497	3000.0	1449.549794769983	0.0	0	0.0	2243.499507064902	1	0	tensor(2, device='cuda:0')	0.9245605318849319
224110.9688684196	3000.0	1000.8287230329112	0.0	0	0.0	2111.7975914524577	1	0	tensor(4, device='cuda:0')	1.566166030458771
226093.88393073075	3000.0	216.2051669528371	0.0	0	0.0	2310.08909768358	1	0	tensor(2, device='cuda:0')	1.8198404158070196
226760.89777795822	1000.0	649.7053541267718	100.51403440138077	0	0.0	2410.6031320849725	1	0	tensor(3, device='cuda:0')	-0.7953247446516333
227336.5116437237	1000.0	1074.0914883612718	0.0	0	0.0	2410.6031320849725	1	0	tensor(3, device='cuda:0')	1.1063717504247612
228164.15738843512	1000.0	1246.4457436498687	0.0	0	0.0	2410.6031320849725	1	0	tensor(3, device='cuda:0')	1.1063717504247612
228994.77591334507	1000.0	1415.8272187398832	0.0	0	0.0	2410.6031320849725	1	0	tensor(3, device='cuda:0')	1.1063717504247612
230137.34533886824	1000.0	1273.2577932167085	0.0	0	0.0	2410.6031320849725	1	0	tensor(3, device='cuda:0')	1.1063717504247612
230961.6243409217	1000.0	1448.97879116325	0.0	0	0.0	2410.6031320849725	1	0	tensor(3, device='cuda:0')	1.1063717504247612
231492.28061015363	1000.0	1918.3225219313106	0.0	0	0.0	2410.6031320849434	1	0	tensor(3, device='cuda:0')	1.1063717504247634
232200.0	1000.0	2210.603132084921	0.0	0	215.65999152394943	2410.6031320849434	1	0	tensor(3, device='cuda:0')	1.106371750424764
233458.59780030893	3000.0	1826.1455517451043	0.0	0	0.0	2284.743352054036	1	0	tensor(4, device='cuda:0')	0.6642394424606654
234557.35153673158	3000.0	1617.516441680195	0.0	0	0.0	2174.867978411843	1	0	tensor(4, device='cuda:0')	2.004822537874749
236105.50596910552	3000.0	914.5465660688749	0.0	0	0.0	2020.0525351744145	1	0	tensor(4, device='cuda:0')	1.9260225502505997
237760.21971982275	3000.0	200.0	96.03505429097682	0	0.0	1960.2197198227514	1	0	tensor(4, device='cuda:0')	1.3567936284717288
238222.7173549616	1000.0	777.7761308787019	40.27376601757811	0	0.0	2000.4934858403285	1	0	tensor(3, device='cuda:0')	-0.39837130114568275
239631.5062721818	3000.0	509.86610538053696	0.0	0	0.0	2141.3723775623657	1	0	tensor(2, device='cuda:0')	0.9339307678897514
242118.51477989825	3000.0	200.0	1031.6017239603102	0	0.0	3318.5147798982507	1	0	tensor(2, device='cuda:0')	-4.074785548741653
243200.0	300.0	143.42415507241066	24.92415507241516	0	725.1287739044346	343.4241550724255	1	0	tensor(6, device='cuda:0')	-11.656168703897347
244200.0	500.0	369.1783045442219	225.75414947180911	0	343.5888716283662	569.1783045442426	1	0	tensor(3, device='cuda:0')	-1.362076001651314
245919.31666398683	3000.0	200.0	550.1383594426087	0	0.0	1119.3166639868286	1	0	tensor(3, device='cuda:0')	-2.8097994086884537
247628.48605685052	3000.0	200.0	800.078483772782	0	0.0	1828.4860568505246	1	0	tensor(4, device='cuda:0')	-2.9254414537415983
248250.82075726156	1000.0	691.3099465963289	113.64464700735726	0	0.0	1942.1307038578962	1	0	tensor(3, device='cuda:0')	-0.8345852290235438
249619.10163233863	3000.0	459.85715902697154	0.0	0	0.0	2078.958791365585	1	0	tensor(2, device='cuda:0')	0.9383703389838269
250360.36564041532	3000.0	792.7195517579402	0.0	0	0.0	2153.0851921732537	1	0	tensor(2, device='cuda:0')	2.2303791679977203
252111.96818422616	3000.0	216.27726232819992	0.0	0	0.0	2328.245446554385	1	0	tensor(2, device='cuda:0')	2.2188447907725544
252921.33579613527	1000.0	589.2364787586259	182.3268283395098	0	0.0	2510.5722748939006	1	0	tensor(3, device='cuda:0')	-1.2971681438185678
253556.66598473623	1000.0	953.9062901576525	0.0	0	0.0	2510.5722748939006	1	0	tensor(3, device='cuda:0')	1.0954051148866002
254362.19418147946	1000.0	1148.3780934144293	0.0	0	0.0	2510.5722748939006	1	0	tensor(3, device='cuda:0')	1.0954051148866002
255067.24645571047	1000.0	1443.3258191834254	0.0	0	0.0	2510.5722748939006	1	0	tensor(3, device='cuda:0')	1.0954051148866002
256854.92766839062	3000.0	476.87648523526263	0.0	0	0.0	2331.8041536258825	1	0	tensor(4, device='cuda:0')	0.5518469345296055
257175.15615957548	1000.0	1156.6479940504046	0.0	0	0.0	2331.8041536258825	1	0	tensor(3, device='cuda:0')	-0.18429815041086706
258060.92537232483	3000.0	1182.30186002614	0.0	0	0.0	2243.227232350968	1	0	tensor(4, device='cuda:0')	0.7436679624515999
259073.35098604843	3000.0	1271.118807674885	0.0	0	0.0	2344.469793723285	1	0	tensor(2, device='cuda:0')	1.8143034963166613
260081.3222137221	3000.0	1162.3504572339039	0.0	0	0.0	2243.6726709559443	1	0	tensor(4, device='cuda:0')	1.6167223959225954
261132.24151949628	2000.0	1006.3392208823165	0.0	0	0.0	2138.5807403785293	1	0	tensor(4, device='cuda:0')	1.206500822024167
262786.1833167952	3000.0	200.0	11.815232860440334	0	0.0	1986.1833167952136	1	0	tensor(4, device='cuda:0')	1.4345688124676064
263531.8794526196	1000.0	631.4898337602617	177.18596958460307	0	0.0	2163.369286379835	1	0	tensor(3, device='cuda:0')	-1.2323082562067502
263980.9187949044	1000.0	1182.4504914754443	0.0	0	0.0	2163.369286379835	1	0	tensor(3, device='cuda:0')	1.1294198499689814
265626.4610480651	3000.0	701.4624636308369	0.0	0	0.0	2327.9235116959317	1	0	tensor(2, device='cuda:0')	0.9183197339318231
267147.06511766673	3000.0	200.0	155.63819357357357	0	0.0	2347.0651176667307	1	0	tensor(4, device='cuda:0')	0.6053058193683178
267793.53250350663	1000.0	698.2757985197575	144.74318435959972	0	0.0	2491.8083020263584	1	0	tensor(3, device='cuda:0')	-1.0695282926869059
268091.64638829866	1000.0	1400.161913727802	0.0	0	0.0	2491.8083020263584	1	0	tensor(3, device='cuda:0')	1.0975431021388022
269745.59808957396	3000.0	580.8150423249948	0.0	0	0.0	2326.413131898793	1	0	tensor(4, device='cuda:0')	0.5790663289661397
271765.7609760805	3000.0	200.0	764.8764843928914	0	0.0	2965.760976080317	1	0	tensor(4, device='cuda:0')	-2.684956116312662
272418.26633584924	1000.0	646.7758196538105	99.28117942254306	0	0.0	3065.042155502888	1	0	tensor(3, device='cuda:0')	-0.882245188918483
273353.35036955506	1000.0	711.6917859479349	0.0	0	0.0	3065.042155502946	1	0	tensor(3, device='cuda:0')	1.0120541762848743
274146.64549107646	1000.0	918.3966644265039	0.0	0	0.0	3065.042155502946	1	0	tensor(3, device='cuda:0')	1.0120541762848743
274643.4016675453	1000.0	1421.640487957633	0.0	0	0.0	3065.042155502946	1	0	tensor(3, device='cuda:0')	1.0120541762848743
275252.83144502225	1000.0	1812.2107104807253	0.0	0	0.0	3065.042155502888	1	0	tensor(3, device='cuda:0')	1.0120541762848856
275962.5317693403	1000.0	2102.510386162694	0.0	0	0.0	3065.0421555028297	1	0	tensor(3, device='cuda:0')	1.0120541762848967
276593.0790413367	1000.0	2471.96311416627	0.0	0	0.0	3065.042155502888	1	0	tensor(3, device='cuda:0')	1.0120541762848856
277200.0	1000.0	2865.042155502998	0.0	0	79.7869119681418	3065.042155502946	1	0	tensor(3, device='cuda:0')	1.0120541762848743
278283.96636423783	3000.0	2672.6791548413235	0.0	0	0.0	2956.6455190790584	1	0	tensor(4, device='cuda:0')	0.6101179369531274
279400.7688926546	3000.0	2444.1963735828226	0.0	0	0.0	2844.9652662373846	1	0	tensor(4, device='cuda:0')	1.9213475906644264
280654.16829355434	3000.0	2065.457032593097	0.0	0	0.0	2719.625326147361	1	0	tensor(4, device='cuda:0')	1.9125764139731425
281770.53261498257	3000.0	1837.456279022024	0.0	0	0.0	2607.9888940045494	1	0	tensor(4, device='cuda:0')	1.9553899827566865
283099.99081696925	3000.0	1375.0522568366703	0.0	0	0.0	2475.0430738058058	1	0	tensor(4, device='cuda:0')	1.9284119548172318
283818.7914574484	2000.0	1584.3715523096057	0.0	0	0.0	2403.1630097579327	1	0	tensor(4, device='cuda:0')	1.2492146570931677
284742.73809018056	3000.0	1568.0302563041773	0.0	0	0.0	2310.768346484634	1	0	tensor(4, device='cuda:0')	1.622436596113636
285666.9225783527	3000.0	1551.427319314827	0.0	0	0.0	2218.3498976674164	1	0	tensor(4, device='cuda:0')	2.036570960053425
286487.55076075875	3000.0	1648.7363186680745	0.0	0	0.0	2136.287079426693	1	0	tensor(4, device='cuda:0')	2.064406464992112
287279.387970676	3000.0	1777.7153877591131	0.0	0	0.0	2057.103358434979	1	0	tensor(4, device='cuda:0')	2.076512402243483
288643.9520783623	3000.0	1276.69486930422	0.0	0	0.0	1920.6469476663624	1	0	tensor(4, device='cuda:0')	1.9699844629047254
290267.1522637305	3000.0	815.8147024728358	0.0	0	0.0	2082.9669662032393	1	0	tensor(2, device='cuda:0')	1.8372203391888637
290939.9435099868	1000.0	1143.0234562165151	0.0	0	0.0	2082.9669662032393	1	0	tensor(3, device='cuda:0')	-0.16279605139552492
292411.7761034374	3000.0	818.3741221109215	0.0	0	0.0	2230.15022554819	1	0	tensor(2, device='cuda:0')	0.9271447437488703
293914.9912791215	3000.0	465.4804639952736	0.0	0	0.0	2380.4717431165627	1	0	tensor(2, device='cuda:0')	2.2118434989828115
294783.1766052016	3000.0	684.1136705231523	0.0	0	0.0	2467.2902757246047	1	0	tensor(2, device='cuda:0')	2.201382164388885
296053.19979496347	2000.0	287.0881617851238	0.0	0	0.0	2340.2879567483906	1	0	tensor(4, device='cuda:0')	0.7439283020656269
296450.95832777617	1000.0	889.329628972433	0.0	0	0.0	2340.2879567483906	1	0	tensor(3, device='cuda:0')	0.2203400929944337
297009.58604462177	1000.0	1330.7019121267888	0.0	0	0.0	2340.2879567483324	1	0	tensor(3, device='cuda:0')	1.1134872735543848
297992.4543803126	3000.0	1249.546742866883	0.0	0	0.0	2242.001123179216	1	0	tensor(4, device='cuda:0')	0.723941648487642
298715.4606243717	3000.0	1454.2398744018087	0.0	0	0.0	2169.7004987732507	1	0	tensor(4, device='cuda:0')	2.0813226092676724
299960.5517570323	3000.0	1084.639628475142	0.0	0	0.0	2045.191385507118	1	0	tensor(4, device='cuda:0')	1.985631732448757
300783.2639769895	2000.0	1179.6561865222066	0.0	0	0.0	1962.9201635113568	1	0	tensor(4, device='cuda:0')	1.2662096229779258
302624.2960792896	3000.0	200.0	41.344660007189276	0	0.0	1824.2960792892263	1	0	tensor(4, device='cuda:0')	1.2378046031567589
303020.2576810848	1000.0	830.6441230439267	26.605724839142468	0	0.0	1850.9018041283707	1	0	tensor(3, device='cuda:0')	-0.30651750542847145
304381.62417551724	3000.0	605.4142780547188	0.0	0	0.0	1987.0384535715566	1	0	tensor(2, device='cuda:0')	0.945275773855436
305235.79945264006	3000.0	836.6565286441714	0.0	0	0.0	2072.455981283798	1	0	tensor(2, device='cuda:0')	2.236898885985854
306121.2246328643	3000.0	862.6888303975517	0.0	0	0.0	1983.913463261386	1	0	tensor(4, device='cuda:0')	1.662896906829003
307162.10191993095	3000.0	717.7238146242375	0.0	0	0.0	1879.8257345547318	1	0	tensor(4, device='cuda:0')	2.038687979233679
308564.03930872603	3000.0	200.0	22.18846640941004	0	0.0	1764.0393087256816	1	0	tensor(4, device='cuda:0')	1.8450524781605333
310233.0285754705	3000.0	282.4281274866407	649.4649639518741	0	0.0	2515.4567029568134	1	0	tensor(2, device='cuda:0')	-2.098888640604529
310630.648586097	1000.0	884.8081168601794	0.0	0	0.0	2515.4567029568134	1	0	tensor(3, device='cuda:0')	-0.203769931112454
311863.9950647268	3000.0	651.4616382303927	0.0	0	0.0	2515.4567029568716	1	0	tensor(3, device='cuda:0')	1.0948423575556492
312356.8383366879	1000.0	1158.6183662693081	0.0	0	0.0	2515.4567029568716	1	0	tensor(3, device='cuda:0')	-0.003769931112460878
313020.68035074905	1000.0	1494.7763522080531	0.0	0	0.0	2515.4567029568716	1	0	tensor(3, device='cuda:0')	1.094842357555649
1.91	2.83	3.29	3.35	2.13	2.59	3.21	3.58	2.48	2.91	2.14	1.29	1.2	1.52	1.47	1.59	2.14	1.31	1.3	1.15	1.95	2.79	2.56	1.33	1.87	2.17	1.75	1.75	2.41	3.08	3.28	3.38	2.26	1.89	2.77	2.58	2.4	1.32	1.36	2.21	3.05	2.81	1.74	1.19	1.78	2.07	1.81	1.75	1.78	2.09	2.27	2.73	3.1	2.31	2.2	2.84	3.63	4.37	4.02	4.65	3.94	3.85	2.81	2.88	2.47	2.22	2.68	2.49	3.04	3.98	4.81	4.36	2.83	2.68	2.41	2.47	2.7	2.73	3.1	3.02	2.94	2.34	2.19	2.68	2.68	2.56	1.45	1.89	2.72	2.66	3.17	3.66	3.26	3.61	3.5	3.59	3.8	3.75	4.02	3.36	2.56	2.37	2.68	1.84	2.04	2.5	1.93	2.18	2.18	1.9	2.03	2.37	3.2	2.78	1.42	1.69	2.34	1.89	2.2	2.22	2.76	2.39	2.09	1.02	1.62	2.41	3.0	1.99	1.97	1.83	1.54	1.56	1.82	2.51	2.56	2.25	2.85	2.63	2.02	1.93	2.11	2.68	1.69	2.17	2.0	2.18	2.69	1.78	1.76	2.36	2.93	2.33	2.54	2.61	3.2	3.87	4.85	3.76	2.26	2.93	2.28	2.5	2.58	2.28	2.29	2.58	1.83	2.11	1.93	2.28	2.56	2.09	2.06	2.17	1.82	1.6	1.36	1.59	2.06	2.27	2.83	2.63	1.73	1.47	2.13	2.88	2.55	1.96	2.21	2.2	2.7	3.45	2.14	1.47	1.97	2.62	3.04	2.88	2.14	1.67	2.59	3.2	3.38	3.1	2.71	2.29	1.97	1.93	2.31	2.27	2.37	2.58	2.25	2.13	1.78	1.66	1.62	1.33	1.14	0.904	1.66	2.33	2.62	2.61	2.77	2.06	1.37	2.06	2.66	1.24	1.46	1.23	0.892	1.66	2.31	2.41	1.89	2.18	2.63	3.31	1.71	1.14	1.29	1.62	2.19	2.12	2.61	3.36	3.3	2.47	1.98	2.26	1.82	2.11	2.65	2.68	2.18	2.73	2.2	1.45	1.29	1.62	1.27	1.7	1.41	1.39	2.26	2.61	2.79	3.09	3.21	2.94	3.1	3.2	2.72	3.22	3.21	1.96	1.56	1.83	2.32	2.18	2.65	3.44	2.09	2.25	2.63	3.51	2.99	2.1	1.84	2.22	2.91	3.03	3.09	2.8	3.26	2.63	1.91	2.25	1.82	1.97	1.89	1.56	1.52
375.0	376.0	377.0	378.0	379.0	380.0	381.0	382.0	383.0	384.0	385.0	386.0	387.0	388.0	389.0	390.0	391.0	392.0	393.0	394.0	395.0	396.0	397.0	398.0	399.0	400.0	401.0	402.0	403.0	404.0	405.0	406.0	407.0	408.0	409.0	410.0	411.0	412.0	413.0	414.0	415.0	416.0	417.0	418.0	419.0	420.0	421.0	422.0	423.0	424.0	425.0	426.0	427.0	428.0	429.0	430.0	431.0	432.0	433.0	434.0	435.0	436.0	437.0	438.0	439.0	440.0	441.0	442.0	443.0	444.0	445.0	446.0	447.0	448.0	449.0	450.0	451.0	452.0	453.0	454.0	455.0	456.0	457.0	458.0	459.0	460.0	461.0	462.0	463.0	464.0	465.0	466.0	467.0	468.0	469.0	470.0	471.0	472.0	473.0	474.0	475.0	476.0	477.0	478.0	479.0	480.0	481.0	482.0	483.0	484.0	485.0	486.0	487.0	488.0	489.0	490.0	491.0	492.0	493.0	494.0	495.0	496.0	497.0	498.0	499.0	500.0	501.0	502.0	503.0	504.0	505.0	506.0	507.0	508.0	509.0	510.0	511.0	512.0	513.0	514.0	515.0	516.0	517.0	518.0	519.0	520.0	521.0	522.0	523.0	524.0	525.0	526.0	527.0	528.0	529.0	530.0	531.0	532.0	533.0	534.0	535.0	536.0	537.0	538.0	539.0	540.0	541.0	542.0	543.0	544.0	545.0	546.0	547.0	548.0	549.0	550.0	551.0	552.0	553.0	554.0	555.0	556.0	557.0	558.0	559.0	560.0	561.0	562.0	563.0	564.0	565.0	566.0	567.0	568.0	569.0	570.0	571.0	572.0	573.0	574.0	575.0	576.0	577.0	578.0	579.0	580.0	581.0	582.0	583.0	584.0	585.0	586.0	587.0	588.0	589.0	590.0	591.0	592.0	593.0	594.0	595.0	596.0	597.0	598.0	599.0	600.0	601.0	602.0	603.0	604.0	605.0	606.0	607.0	608.0	609.0	610.0	611.0	612.0	613.0	614.0	615.0	616.0	617.0	618.0	619.0	620.0	621.0	622.0	623.0	624.0	625.0	626.0	627.0	628.0	629.0	630.0	631.0	632.0	633.0	634.0	635.0	636.0	637.0	638.0	639.0	640.0	641.0	642.0	643.0	644.0	645.0	646.0	647.0	648.0	649.0	650.0	651.0	652.0	653.0	654.0	655.0	656.0	657.0	658.0	659.0	660.0	661.0	662.0	663.0	664.0	665.0	666.0	667.0	668.0	669.0	670.0	671.0	672.0	673.0	674.0	675.0	676.0	677.0	678.0	679.0
9599.0
