4557.165066233978	300.0	1000.0	104.78551272415909	0	0.0	4557.165066233978	0	0	1.0	-1.3722608518457329
4811.076599809251	1000.0	2000.0	253.91153357527392	0	0.0	4811.076599809251	1	0	1.1	-2.606856132213855
6200.0	2000.0	1611.0999999999997	0.0	0	344.5008989647613	1811.1000000000004	1	0	1.0	-8.045882598538636
7496.529357714322	6000.0	1314.5706422856774	0.0	0	0.0	1811.1000000000004	1	0	1.0	1.8472645820213127
8570.726215104458	6000.0	1240.3737848955418	0.0	0	0.0	1811.1000000000013	1	0	1.0	2.945876870689422
10975.730397171103	6000.0	200.0	364.6303971711049	0	0.0	2175.7303971711026	1	0	1.0	0.7491697698597573
11422.192921449447	2000.0	736.6543507730387	75.78600489677336	0	0.0	2158.847272222485	1	0	1.25	-0.3252519882969874
12166.384301226311	3000.0	806.4151260519593	0.0	0	0.0	1972.7994272782726	1	0	1.25	1.6480487871245346
12806.102178814568	3000.0	1166.697248463704	0.0	0	0.0	1972.7994272782744	1	0	1.0	1.742427503242376
14998.48791660329	6000.0	200.0	619.0279390177565	0	0.0	2198.4879166032933	1	0	1.25	-2.365116339392027
15797.193624689397	2000.0	480.85074879271906	223.3863071202805	0	0.0	2278.0443734821183	1	0	1.25	-0.7751245484226088
16239.392090361433	2000.0	928.1026667026746	0.0	0	0.0	2167.494757064109	1	0	1.25	1.7092989480011658
17226.53852729243	3000.0	694.1696205389344	0.0	0	0.0	1920.7081478313648	1	0	1.25	1.5889583335307695
18217.43063872908	3000.0	703.2775091022802	0.0	0	0.0	1920.708147831363	1	0	1.0	1.74592383269008
19266.24181697922	3000.0	654.4663308521392	0.0	0	0.0	1920.708147831363	1	0	1.0	2.24592383269008
19831.007416080312	3000.0	1089.7007317510474	0.0	0	0.0	1920.708147831363	1	0	1.0	2.24592383269008
20331.491265727134	3000.0	1589.216882104223	0.0	0	0.0	1920.708147831363	1	0	1.0	2.24592383269008
21200.0	3000.0	1720.7081478313585	0.0	0	94.1026834406548	1920.708147831363	1	0	1.0	2.24592383269008
22458.366692914355	6000.0	1147.7497816884147	0.0	0	0.0	1606.116474602779	1	0	1.25	1.4448624184226153
23558.57313846164	6000.0	1047.543336141127	0.0	0	0.0	1606.116474602779	1	0	1.0	2.456815015665984
25727.97825516272	6000.0	200.0	321.86178055995197	0	0.0	1927.9782551627322	1	0	1.0	1.020142414399099
26863.291462012567	3000.0	429.0939081549977	364.40711500484235	0	0.0	2292.385370167576	1	0	1.0	-0.6629078202907022
27236.731111828813	2000.0	962.2943458846926	0.0	0	0.0	2199.0254577135165	1	0	1.25	0.8188260180855689
27976.7071129224	3000.0	1037.324344517713	0.0	0	0.0	2014.0314574401236	1	0	1.25	1.6461419070252363
28861.52663997485	6000.0	931.2999357021463	0.0	0	0.0	1792.8265756770015	1	0	1.25	2.029344975320355
29576.32718791907	6000.0	1216.499387757935	0.0	0	0.0	1792.8265756770052	1	0	1.0	2.44694284747616
30523.65659657831	6000.0	1269.1699790986986	0.0	0	0.0	1792.8265756770052	1	0	1.0	2.94694284747616
32011.324410093446	6000.0	781.5021655835648	0.0	0	0.0	1792.8265756770052	1	0	1.0	2.94694284747616
33090.161241850015	3000.0	702.6653338269983	0.0	0	0.0	1792.8265756770088	1	0	1.0	1.5606484863562702
33784.47852280714	3000.0	1008.3480528698641	0.0	0	0.0	1792.826575676998	1	0	1.0	2.253795666916215
34380.554674712956	3000.0	1412.2719009640532	0.0	0	0.0	1792.8265756770052	1	0	1.0	2.2537956669162154
35200.0	3000.0	1592.8265756770036	0.0	0	282.9019480391362	1792.8265756770052	1	0	1.0	2.253795666916215
36488.922959019255	3000.0	1303.903616657749	0.0	0	0.0	1792.8265756770052	1	0	1.0	2.253795666916215
37970.07437010061	3000.0	822.7522055763875	0.0	0	0.0	1792.8265756770052	1	0	1.0	2.253795666916215
39042.92204553477	3000.0	749.9045301422271	0.0	0	0.0	1792.8265756770052	1	0	1.0	2.253795666916215
40202.96853874573	2000.0	589.8580369312726	0.0	0	0.0	1792.8265756770052	1	0	1.0	1.4428654506998857
41081.2154516825	2000.0	711.6111239944939	0.0	0	0.0	1792.8265756770052	1	0	1.0	1.8483305588080503
41781.42721677575	3000.0	1011.399358901243	0.0	0	0.0	1792.8265756770052	1	0	1.0	1.8483305588080505
42432.19007008975	3000.0	1360.636505587243	0.0	0	0.0	1792.8265756770052	1	0	1.0	2.253795666916215
43480.372311856045	3000.0	1312.4542638209487	0.0	0	0.0	1792.8265756770052	1	0	1.0	2.253795666916215
44200.0	3000.0	1592.8265756769981	0.0	0	77.06584388741612	1792.8265756770052	1	0	1.0	2.253795666916215
45200.0	3000.0	1592.8265756769993	0.0	0	135.22501803463092	1792.8265756770052	1	0	1.0	2.253795666916215
46200.0	3000.0	1592.8265756770138	0.0	0	223.22788191076688	1792.8265756770052	1	0	1.0	2.253795666916215
47927.935047472056	6000.0	864.8915282049595	0.0	0	0.0	1792.8265756770124	1	0	1.0	2.2537956669162145
49074.90283288326	3000.0	717.9237427937541	0.0	0	0.0	1792.8265756770052	1	0	1.0	1.5606484863562702
50247.091306793445	3000.0	545.7352688835651	0.0	0	0.0	1792.8265756770052	1	0	1.0	2.253795666916215
51261.83347674889	3000.0	530.9930989281127	0.0	0	0.0	1792.8265756770052	1	0	1.0	2.253795666916215
52057.44440179647	3000.0	735.3821738805384	0.0	0	0.0	1792.8265756770124	1	0	1.0	2.2537956669162145
52677.50169780471	3000.0	1115.3248778722932	0.0	0	0.0	1792.8265756770124	1	0	1.0	2.2537956669162145
53365.74340416704	3000.0	1427.0831715099719	0.0	0	0.0	1792.8265756770124	1	0	1.0	2.2537956669162145
54200.0	3000.0	1592.8265756770083	0.0	0	106.76716786108591	1792.8265756770124	1	0	1.0	2.2537956669162145
56449.026531917254	6000.0	343.80004375975113	0.0	0	0.0	1792.8265756770124	1	0	1.0	2.2537956669162145
57520.73505009613	3000.0	475.78419119119883	203.69266561031998	0	0.0	1996.519241287322	1	0	1.0	0.32547307787259594
58300.39471115184	3000.0	696.1245301354948	0.0	0	0.0	1996.519241287322	1	0	1.0	2.240776252094461
59435.62341175151	3000.0	560.8958295358187	0.0	0	0.0	1996.5192412873148	1	0	1.0	2.2407762520944616
60228.62529373811	3000.0	767.8939475492198	0.0	0	0.0	1996.5192412873148	1	0	1.0	2.2407762520944616
60991.73063215729	3000.0	1004.7886091300301	0.0	0	0.0	1996.5192412873148	1	0	1.0	2.2407762520944616
61926.84168270314	6000.0	1069.6775585841879	0.0	0	0.0	1996.5192412873148	1	0	1.0	2.2407762520944616
62758.889050896956	6000.0	1237.6301903903727	0.0	0	0.0	1996.5192412873148	1	0	1.0	2.9339234326544066
64626.458288779984	6000.0	370.06095250734796	0.0	0	0.0	1996.5192412873148	1	0	1.0	2.9339234326544066
65654.73136918222	3000.0	426.49300128873926	84.70512918362476	0	0.0	2081.2243704709326	1	0	1.0	1.0331838094703527
66782.81400039351	3000.0	317.67916784435783	241.03156445579015	0	0.0	2100.4931682378374	1	0	1.25	0.05950059812751346
67245.85346424296	2000.0	738.9015625742917	0.017379633401048977	0	0.0	1984.75502681722	1	0	1.25	1.3129849237587314
67965.08087610768	3000.0	839.8672977433947	0.0	0	0.0	1804.9481738510513	1	0	1.25	1.664724293994185
68591.49363253577	3000.0	1213.4545413153069	0.0	0	0.0	1804.9481738510513	1	0	1.0	1.7530906683380487
69843.24278148841	6000.0	961.705392362666	0.0	0	0.0	1804.9481738510513	1	0	1.0	2.2530906683380483
70372.71789699965	3000.0	1432.2302768514135	0.0	0	0.0	1804.9481738510513	1	0	1.0	1.5599434877781038
71863.7920022018	6000.0	941.1561716492641	0.0	0	0.0	1804.9481738510513	1	0	1.0	2.2530906683380483
72928.03682817903	3000.0	876.9113456720357	0.0	0	0.0	1804.9481738510513	1	0	1.0	1.5599434877781038
73653.7465937926	3000.0	1151.2015800584743	0.0	0	0.0	1804.9481738510367	1	0	1.0	2.2530906683380496
74766.6440571342	3000.0	1038.304116716874	0.0	0	0.0	1804.9481738510221	1	0	1.0	2.25309066833805
75663.83854189308	3000.0	1141.109631957986	0.0	0	0.0	1804.9481738510076	1	0	1.0	2.253090668338051
76611.68715183166	3000.0	1193.261022019406	0.0	0	0.0	1804.9481738510076	1	0	1.0	2.253090668338051
77914.058037793	3000.0	890.8901360580578	0.0	0	0.0	1804.9481738510076	1	0	1.0	2.253090668338051
78928.75862962256	3000.0	876.1895442285036	0.0	0	0.0	1804.9481738510076	1	0	1.0	2.253090668338051
80073.82201760598	3000.0	731.1261562450892	0.0	0	0.0	1804.9481738510076	1	0	1.0	2.253090668338051
81654.81211814002	3000.0	200.0	49.86394428895517	0	0.0	1854.812118139962	1	0	1.0	1.9527185681291823
82443.77798487083	2000.0	581.6524270683041	170.6182937991133	0	0.0	2025.4304119390727	1	0	1.0	0.4040718897561413
83214.7395187476	2000.0	810.6908931915087	0.0	0	0.0	2025.4304119390727	1	0	1.0	1.833246760658986
83968.6593010386	3000.0	1056.7711109005245	0.0	0	0.0	2025.4304119390727	1	0	1.0	1.8332467606589857
84409.92733241196	3000.0	1615.503079527155	0.0	0	0.0	2025.4304119390727	1	0	1.0	2.23871186876715
85833.4958143346	6000.0	836.0424771238627	0.0	0	0.0	1669.5382914584188	1	0	1.25	1.398905085058428
86610.60757389669	3000.0	1058.9307175617696	0.0	0	0.0	1669.5382914584043	1	0	1.0	1.0673664237863658
87453.8795610784	3000.0	1215.658730380057	0.0	0	0.0	1669.5382914584043	1	0	1.0	2.2605136043463108
88602.90579576278	3000.0	1066.6324956956505	0.0	0	0.0	1669.5382914584043	1	0	1.0	2.2605136043463108
89574.7458729639	3000.0	1094.7924184945268	0.0	0	0.0	1669.5382914584043	1	0	1.0	2.2605136043463108
90798.31943518839	3000.0	871.2188562700436	0.0	0	0.0	1669.5382914584188	1	0	1.0	2.26051360434631
91508.98458018508	3000.0	1160.5537112733582	0.0	0	0.0	1669.5382914584334	1	0	1.0	2.2605136043463094
92332.57916473887	3000.0	1336.9591267195515	0.0	0	0.0	1669.5382914584334	1	0	1.0	2.2605136043463094
93270.47009289895	3000.0	1399.0681985594786	0.0	0	0.0	1669.538291458448	1	0	1.0	2.2605136043463085
94200.0	3000.0	1469.538291458417	0.0	0	196.95448855317954	1669.5382914584334	1	0	1.0	2.2605136043463094
95220.25607136749	3000.0	1449.2822200909486	0.0	0	0.0	1669.5382914584334	1	0	1.0	2.2605136043463094
96200.0	3000.0	1469.538291458421	0.0	0	50.19782071239024	1669.5382914584334	1	0	1.0	2.2605136043463094
97200.0	3000.0	1469.5382914584093	0.0	0	235.7092480045394	1669.5382914584334	1	0	1.0	2.2605136043463094
98200.0	3000.0	1469.5382914584236	0.0	0	55.34587141414522	1669.5382914584334	1	0	1.0	2.2605136043463094
99635.15539759863	6000.0	1034.3828938597828	0.0	0	0.0	1669.5382914584334	1	0	1.0	2.260513604346309
100773.30400196843	6000.0	896.2342894899741	0.0	0	0.0	1669.5382914584188	1	0	1.0	2.953660784906255
102173.1789048236	6000.0	496.3593866348102	0.0	0	0.0	1669.5382914584188	1	0	1.0	2.953660784906255
103318.5144131645	6000.0	351.0238782938959	0.0	0	0.0	1669.5382914584188	1	0	1.0	2.953660784906255
104169.93460154253	3000.0	499.60368991588086	0.0	0	0.0	1669.5382914584043	1	0	1.0	1.5673664237863658
105318.93994449895	3000.0	371.124758645844	20.526411686401616	0	0.0	1690.064703144788	1	0	1.0	2.1362918044772146
106294.94992490123	3000.0	517.2498414267868	122.1350631832392	0	0.0	1812.19976632802	1	0	1.0	1.519854551389798
107466.9010833302	3000.0	345.29868299781765	0.0	0	0.0	1812.19976632802	1	0	1.0	2.2526649304892334
108045.5524484727	2000.0	766.6473178553099	0.0	0	0.0	1812.1997663280054	1	0	1.0	1.441734714272905
109050.18661117523	3000.0	762.0131551527811	0.0	0	0.0	1812.1997663279908	1	0	1.0	1.8471998223810706
109620.99226207065	3000.0	1191.2075042573606	0.0	0	0.0	1812.1997663279762	1	0	1.0	2.252664930489236
110660.82613693769	3000.0	1151.3736293903348	0.0	0	0.0	1812.1997663279762	1	0	1.0	2.252664930489236
111583.73897351626	3000.0	1228.4607928117646	0.0	0	0.0	1812.1997663279762	1	0	1.0	2.252664930489236
112237.42711444023	3000.0	1574.7726518878064	0.0	0	0.0	1812.1997663279762	1	0	1.0	2.252664930489236
113200.0	6000.0	1612.1997663280308	0.0	0	57.325204192398814	1812.1997663279762	1	0	1.0	2.252664930489236
114675.67758357292	6000.0	1136.5221827551245	0.0	0	0.0	1812.1997663279908	1	0	1.0	2.9458121110491797
116143.60142408356	6000.0	668.5983422444749	0.0	0	0.0	1812.1997663279908	1	0	1.0	2.9458121110491797
116950.19976583103	3000.0	862.0000004970167	0.0	0	0.0	1812.1997663279908	1	0	1.0	1.5595177499292903
117489.02219594942	3000.0	1323.1775703786311	0.0	0	0.0	1812.1997663279908	1	0	1.0	2.252664930489235
118362.99722444177	6000.0	1449.2025418862836	0.0	0	0.0	1812.1997663279908	1	0	1.0	2.2526649304892348
119309.68233063698	6000.0	1502.517435691071	0.0	0	0.0	1812.1997663279762	1	0	1.0	2.9458121110491806
121096.55219367826	6000.0	715.647572649794	0.0	0	0.0	1812.1997663279762	1	0	1.0	2.9458121110491806
122333.273564887	3000.0	478.9262014410542	0.0	0	0.0	1812.1997663279762	1	0	1.0	1.5595177499292912
122984.27990867643	3000.0	827.9198576516326	0.0	0	0.0	1812.1997663279762	1	0	1.0	2.252664930489236
123606.00105405391	3000.0	1206.1987122741566	0.0	0	0.0	1812.1997663279908	1	0	1.0	2.252664930489235
124572.83132882744	3000.0	1239.3684375006217	0.0	0	0.0	1812.1997663279908	1	0	1.0	2.252664930489235
125520.7132108014	3000.0	1291.4865555266472	0.0	0	0.0	1812.1997663279908	1	0	1.0	2.252664930489235
126200.0	3000.0	1612.1997663280574	0.0	0	32.0177775654447	1812.1997663280054	1	0	1.0	2.2526649304892343
127200.0	3000.0	1612.1997663280556	0.0	0	170.07056075938453	1812.1997663280054	1	0	1.0	2.2526649304892343
128200.0	3000.0	1612.199766328063	0.0	0	181.8971920995391	1812.19976632802	1	0	1.0	2.2526649304892334
129613.53682042049	6000.0	1198.6629459075912	0.0	0	0.0	1812.19976632802	1	0	1.0	2.252664930489233
130434.43327590317	3000.0	1377.7664904249143	0.0	0	0.0	1812.19976632802	1	0	1.0	1.5595177499292885
131605.07614655627	6000.0	1207.1236197718238	0.0	0	0.0	1812.19976632802	1	0	1.0	2.252664930489233
132607.13032936407	3000.0	1205.069436964032	0.0	0	0.0	1812.199766328049	1	0	1.0	1.5595177499292872
133243.99986712736	3000.0	1568.1998992007573	0.0	0	0.0	1812.1997663280636	1	0	1.0	2.2526649304892308
134200.0	3000.0	1612.1997663281202	0.0	0	35.40198504572618	1812.1997663280636	1	0	1.0	2.25266493048923
135200.0	3000.0	1612.1997663281118	0.0	0	191.50043470106903	1812.1997663280636	1	0	1.0	2.2526649304892308
136328.06774177236	3000.0	1484.1320245557424	0.0	0	0.0	1812.1997663280636	1	0	1.0	2.2526649304892308
137348.64176814485	3000.0	1463.5579981832502	0.0	0	0.0	1812.1997663280636	1	0	1.0	2.2526649304892308
138200.0	3000.0	1612.1997663280933	0.0	0	170.24601632836857	1812.1997663280636	1	0	1.0	2.2526649304892308
139200.0	3000.0	1612.1997663280863	0.0	0	27.794323426060146	1812.1997663280636	1	0	1.0	2.2526649304892308
140200.0	3000.0	1612.1997663280918	0.0	0	238.18205823778408	1812.1997663280636	1	0	1.0	2.2526649304892308
141343.574057695	6000.0	1468.6257086330615	0.0	0	0.0	1812.1997663280636	1	0	1.0	2.2526649304892308
142298.50133089253	3000.0	1513.6984354355277	0.0	0	0.0	1812.1997663280636	1	0	1.0	1.5595177499292858
143910.7090146598	3000.0	901.490751668264	0.0	0	0.0	1812.1997663280636	1	0	1.0	2.2526649304892308
145210.37366071204	3000.0	601.8261056160304	0.0	0	0.0	1812.1997663280345	1	0	1.0	2.2526649304892326
145993.7435532189	3000.0	818.4562131091478	0.0	0	0.0	1812.1997663280345	1	0	1.0	2.2526649304892326
146561.74642341756	3000.0	1250.4533429104938	0.0	0	0.0	1812.1997663280636	1	0	1.0	2.2526649304892308
147238.58444533512	3000.0	1573.615320992941	0.0	0	0.0	1812.1997663280345	1	0	1.0	2.2526649304892326
148200.0	3000.0	1612.199766328097	0.0	0	130.91142560789012	1812.1997663280636	1	0	1.0	2.2526649304892308
149235.78086276253	6000.0	1576.4189035655734	0.0	0	0.0	1812.1997663280636	1	0	1.0	2.2526649304892308
150200.0	6000.0	1371.1449820186845	0.0	0	162.35197812825209	1571.1449820186244	1	0	1.25	2.2133525464743284
151648.97444889476	6000.0	922.1705331239011	0.0	0	0.0	1571.1449820186244	1	0	1.0	2.4584726222203903
153157.04614132902	6000.0	414.098840689662	0.0	0	0.0	1571.1449820186535	1	0	1.0	2.9584726222203894
154226.1512638332	3000.0	534.6374676533957	189.64374946794555	0	0.0	1760.7887314865948	1	0	1.0	0.4246098729658638
154874.20051474363	3000.0	886.5882167429584	0.0	0	0.0	1760.7887314865948	1	0	1.0	2.255619550333482
155845.94749375034	3000.0	914.8412377362448	0.0	0	0.0	1760.7887314865948	1	0	1.0	2.255619550333482
156689.93272423634	3000.0	1070.856007250246	0.0	0	0.0	1760.7887314865948	1	0	1.0	2.255619550333482
157388.86035710896	3000.0	1371.9283743776004	0.0	0	0.0	1760.7887314865948	1	0	1.0	2.255619550333482
158200.0	3000.0	1560.7887314865575	0.0	0	174.67813602474052	1760.7887314865948	1	0	1.0	2.255619550333482
159293.8825499235	6000.0	1466.906181563056	0.0	0	0.0	1760.7887314865657	1	0	1.0	2.2556195503334835
160515.2749204178	6000.0	1245.513811068739	0.0	0	0.0	1760.7887314865657	1	0	1.0	2.9487667308934284
162124.16434838242	6000.0	636.6243831041384	0.0	0	0.0	1760.7887314865657	1	0	1.0	2.9487667308934284
163081.9278187215	3000.0	678.8609127650362	0.0	0	0.0	1760.7887314865657	1	0	1.0	1.562472369773539
163664.37612858377	3000.0	1096.412602902757	0.0	0	0.0	1760.7887314865366	1	0	1.0	2.2556195503334853
164623.82635791635	3000.0	1136.962373570186	0.0	0	0.0	1760.7887314865075	1	0	1.0	2.255619550333487
165615.27830492766	3000.0	1145.5104265588493	0.0	0	0.0	1760.7887314865366	1	0	1.0	2.2556195503334853
166319.16407293765	3000.0	1441.6246585488407	0.0	0	0.0	1760.7887314865366	1	0	1.0	2.2556195503334853
167200.0	3000.0	1560.788731486488	0.0	0	63.64527298178291	1760.7887314865366	1	0	1.0	2.2556195503334853
168496.0263298666	6000.0	1264.7624016198993	0.0	0	0.0	1760.7887314865366	1	0	1.0	2.2556195503334853
169413.95873734992	3000.0	1346.8299941365706	0.0	0	0.0	1760.7887314865075	1	0	1.0	1.562472369773542
170439.40129033293	3000.0	1321.3874411535305	0.0	0	0.0	1760.7887314865075	1	0	1.0	2.255619550333487
171495.51336023136	3000.0	1265.2753712550896	0.0	0	0.0	1760.7887314865075	1	0	1.0	2.255619550333487
172571.76657146972	3000.0	1189.0221600167347	0.0	0	0.0	1760.7887314865075	1	0	1.0	2.255619550333487
173650.7233564268	3000.0	1110.0653750596791	0.0	0	0.0	1760.7887314865075	1	0	1.0	2.255619550333487
174520.12978105087	3000.0	1240.6589504356423	0.0	0	0.0	1760.7887314865075	1	0	1.0	2.255619550333487
175200.0	3000.0	1560.7887314865116	0.0	0	72.24923901367583	1760.7887314865075	1	0	1.0	2.255619550333487
176200.0	3000.0	1560.7887314865234	0.0	0	340.1268021822325	1760.7887314865075	1	0	1.0	2.255619550333487
177200.0	6000.0	1560.7887314865407	0.0	0	154.08635031388258	1760.7887314865366	1	0	1.0	2.2556195503334853
178200.0	6000.0	1560.788731486526	0.0	0	102.73227832117118	1760.7887314865075	1	0	1.0	2.948766730893432
179454.26085421076	6000.0	1306.5278772757174	0.0	0	0.0	1760.7887314864784	1	0	1.0	2.9487667308934333
180200.0	6000.0	1560.7887314864618	0.0	0	11.769073476403719	1760.7887314864784	1	0	1.0	2.9487667308934333
181200.0	6000.0	1560.7887314864686	0.0	0	225.92206586539396	1760.7887314864784	1	0	1.0	2.9487667308934333
182755.2941023444	6000.0	1005.4946291420896	0.0	0	0.0	1760.7887314864784	1	0	1.0	2.9487667308934333
184078.8701281441	6000.0	681.9186033423846	0.0	0	0.0	1760.7887314864493	1	0	1.0	2.948766730893435
185590.51005336537	6000.0	235.97343598916547	65.69475786803923	0	0.0	1826.4834893544903	1	0	1.0	2.550796162725056
186279.21568361533	3000.0	550.8669664478762	140.6204546169218	0	0.0	1830.0826500632102	1	0	1.25	0.07493075172691271
186975.29816281158	3000.0	680.7638674525676	0.0	0	0.0	1656.0620302641182	1	0	1.25	2.0847585104348605
187546.56134199808	3000.0	1109.500688266049	0.0	0	0.0	1656.0620302641182	1	0	1.0	1.7612002440873153
188440.72137828666	3000.0	1215.3406519774458	0.0	0	0.0	1656.0620302640891	1	0	1.0	2.2612002440873167
189200.0	3000.0	1456.06203026409	0.0	0	188.48474261673982	1656.0620302640891	1	0	1.0	2.2612002440873167
190756.1615045218	6000.0	899.900525742319	0.0	0	0.0	1656.0620302640891	1	0	1.0	2.2612002440873167
191429.86082871296	3000.0	1226.2012015511298	0.0	0	0.0	1656.0620302640891	1	0	1.0	1.5680530635273717
192306.33422540763	3000.0	1349.7278048564597	0.0	0	0.0	1656.0620302640891	1	0	1.0	2.2612002440873167
193200.0	3000.0	1456.0620302640748	0.0	0	16.253317082300782	1656.0620302640891	1	0	1.0	2.2612002440873167
194282.07004802162	6000.0	1373.991982242453	0.0	0	0.0	1656.0620302640891	1	0	1.0	2.2612002440873167
195200.0	6000.0	1456.0620302640903	0.0	0	32.74893010145752	1656.0620302640891	1	0	1.0	2.9543474246472616
196635.32612682195	6000.0	1020.7359034421422	0.0	0	0.0	1656.06203026406	1	0	1.0	2.954347424647263
197486.49184721717	3000.0	1169.5701830469486	0.0	0	0.0	1656.06203026406	1	0	1.0	1.5680530635273733
199017.42727970725	6000.0	638.6347505568908	0.0	0	0.0	1656.0620302640891	1	0	1.0	2.2612002440873167
199806.83377890105	3000.0	849.2282513630824	0.0	0	0.0	1656.0620302640891	1	0	1.0	1.5680530635273717
200443.11207540313	3000.0	1212.949954861042	0.0	0	0.0	1656.0620302640891	1	0	1.0	2.2612002440873167
201279.9251087944	3000.0	1376.1369214697356	0.0	0	0.0	1656.0620302640891	1	0	1.0	2.2612002440873167
202483.12036395568	3000.0	1172.9416663084849	0.0	0	0.0	1656.0620302640891	1	0	1.0	2.2612002440873167
203928.83767835505	3000.0	727.224351909125	0.0	0	0.0	1656.0620302640891	1	0	1.0	2.2612002440873167
204845.70450954948	3000.0	810.3575207146956	0.0	0	0.0	1656.0620302640891	1	0	1.0	2.2612002440873167
205442.4679942027	3000.0	1213.5940360614893	0.0	0	0.0	1656.0620302640891	1	0	1.0	2.2612002440873167
207073.43406895755	3000.0	582.6279613066273	0.0	0	0.0	1656.0620302640891	1	0	1.0	2.2612002440873167
208416.3996139469	3000.0	453.65440554741167	213.99198923014094	0	0.0	1870.0540194943023	1	0	1.0	0.9652070282684859
209032.09120235362	3000.0	837.9628171407113	0.0	0	0.0	1870.0540194943023	1	0	1.0	2.249158963649332
209630.2533044271	3000.0	1239.800715067197	0.0	0	0.0	1870.0540194943023	1	0	1.0	2.249158963649332
210392.36887199414	3000.0	1477.6851475001704	0.0	0	0.0	1870.0540194942732	1	0	1.0	2.249158963649333
211292.24092690498	3000.0	1577.8130925893172	0.0	0	0.0	1870.0540194942732	1	0	1.0	2.249158963649333
212200.0	3000.0	1670.0540194943228	0.0	0	196.6076571069425	1870.0540194942732	1	0	1.0	2.249158963649333
213200.0	3000.0	1670.0540194943212	0.0	0	475.4809011181642	1870.0540194942732	1	0	1.0	2.249158963649333
214634.5583402015	6000.0	1235.4956792928185	0.0	0	0.0	1870.0540194942732	1	0	1.0	2.2491589636493337
215378.7555163908	6000.0	1491.2985031035212	0.0	0	0.0	1870.0540194942732	1	0	1.0	2.9423061442092786
216200.0	6000.0	1670.0540194943653	0.0	0	150.21690493976348	1870.0540194942732	1	0	1.0	2.9423061442092786
217217.29502733453	6000.0	1652.758992159825	0.0	0	0.0	1870.0540194942732	1	0	1.0	2.9423061442092786
218705.16673309606	6000.0	1164.8872863983097	0.0	0	0.0	1870.0540194943023	1	0	1.0	2.9423061442092764
220405.12854060097	6000.0	464.9254788933944	0.0	0	0.0	1870.0540194943023	1	0	1.0	2.9423061442092764
221113.4672254171	3000.0	756.5867940772773	0.0	0	0.0	1870.0540194943314	1	0	1.0	1.5560117830893847
221856.426775014	3000.0	1013.6272444803546	0.0	0	0.0	1870.0540194943314	1	0	1.0	2.2491589636493297
222667.17020361833	3000.0	1202.8838158760095	0.0	0	0.0	1870.0540194943314	1	0	1.0	2.2491589636493297
223305.19347489293	3000.0	1564.8605446014053	0.0	0	0.0	1870.0540194943023	1	0	1.0	2.249158963649332
224680.96046128214	6000.0	845.1518116148653	0.0	0	0.0	1526.1122728970076	1	0	1.25	1.419302888259466
225896.0218259999	6000.0	630.0904468971405	0.0	0	0.0	1526.1122728970076	1	0	1.0	2.460525413865641
226539.3256226646	3000.0	986.7866502324255	0.0	0	0.0	1526.1122728970076	1	0	1.0	1.5742310527457517
228632.54461651488	6000.0	200.0	306.4323436178581	0	0.0	1832.544616514875	1	0	1.0	0.4193645396763235
229145.93251151574	2000.0	767.1500579650816	80.5379529659261	0	0.0	1913.0825694808154	1	0	1.0	0.25911593493556917
229827.09560600788	3000.0	915.6961898499163	0.0	0	0.0	1742.7917958577746	1	0	1.25	1.1783074512907552
230505.44671706881	3000.0	1237.3450787890106	0.0	0	0.0	1742.7917958577746	1	0	1.0	1.756619471519064
232428.3343987628	6000.0	314.4573970950368	0.0	0	0.0	1742.7917958577455	1	0	1.0	2.2566194715190657
233248.54044118288	3000.0	643.8024099889825	149.55105531406656	0	0.0	1892.3428511718812	1	0	1.0	0.6573014432559174
233784.92856820757	3000.0	1107.414282964272	0.0	0	0.0	1892.3428511718812	1	0	1.0	2.2477549557002616
234912.4547189862	3000.0	979.8881321856366	0.0	0	0.0	1892.3428511719103	1	0	1.0	2.24775495570026
235944.07665036645	3000.0	948.2662008053928	0.0	0	0.0	1892.3428511719103	1	0	1.0	2.24775495570026
237190.35433938281	3000.0	701.9885117890198	0.0	0	0.0	1892.3428511719103	1	0	1.0	2.24775495570026
238946.3094102391	3000.0	234.82830875338135	288.79486782068693	0	0.0	2181.1377189925406	1	0	1.0	0.500161131087919
239572.8606596483	2000.0	688.971883117822	80.69482377359336	0	0.0	2261.8325427661475	1	0	1.0	0.9243983938238748
240118.97885522764	2000.0	1142.8536875384468	0.0	0	0.0	2261.8325427661475	1	0	1.0	1.8140324445735994
240704.45380196936	3000.0	1411.0100041113058	0.0	0	0.0	2115.463806080719	1	0	1.25	1.1770121596899348
241618.75209650397	3000.0	1268.137135943069	0.0	0	0.0	1886.889232447109	1	0	1.25	2.0158679679574947
242311.0210761519	3000.0	1402.8009113831843	0.0	0	0.0	1713.8219875351351	1	0	1.25	2.0828313877694606
243231.2613387766	6000.0	1482.5606487584982	0.0	0	0.0	1713.821987535106	1	0	1.0	1.7581927542412248
244790.42845971795	6000.0	923.3935278171397	0.0	0	0.0	1713.821987535106	1	0	1.0	2.9513399348011697
245423.7252934483	3000.0	1290.0966940867745	0.0	0	0.0	1713.821987535106	1	0	1.0	1.5650455736812798
246801.10948377376	6000.0	912.7125037613262	0.0	0	0.0	1713.821987535106	1	0	1.0	2.258192754241225
247637.44030097878	3000.0	1076.381686556304	0.0	0	0.0	1713.821987535106	1	0	1.0	1.5650455736812798
249461.59282169244	3000.0	252.22916584267142	0.0	0	0.0	1713.821987535106	1	0	1.0	2.258192754241225
250537.47858827055	3000.0	494.5733396209455	318.2299403563552	0	0.0	2032.0519278914726	1	0	1.0	0.3288512742283479
251258.3750131142	2000.0	773.6769147773147	0.0	0	0.0	2032.0519278914435	1	0	1.0	1.4273007001501519
252013.78354384738	3000.0	1018.2683840441298	0.0	0	0.0	2032.0519278914435	1	0	1.0	1.8327658082583167
253053.6523033414	3000.0	718.432434676564	0.0	0	0.0	1772.0847380179039	1	0	1.25	1.4908932131041182
254351.5965306446	3000.0	420.4882073733795	0.0	0	0.0	1772.0847380179039	1	0	1.0	1.7549829465227966
255515.72696368827	3000.0	433.9966695244156	177.6388951946901	0	0.0	1949.7236332126777	1	0	1.0	1.1781646846041525
256411.49405197395	2000.0	538.2295812387379	0.0	0	0.0	1949.7236332126777	1	0	1.0	1.4330678395559637
257698.24922086683	3000.0	273.08318880014946	21.608776454290222	0	0.0	1971.3324096669676	1	0	1.0	1.7074106271822795
258571.7410044854	2000.0	570.2264625359701	170.6350573544093	0	0.0	2141.9674670213717	1	0	1.0	0.39504265542674527
259387.10855302782	2000.0	754.8589139935551	0.0	0	0.0	2141.9674670213717	1	0	1.0	1.8243181076613655
260218.1548594198	2000.0	716.0510310036218	0.0	0	0.0	1934.2058904234145	1	0	1.25	1.1282508474579809
260880.16852807594	2000.0	888.5339451834518	0.0	0	0.0	1768.7024732594145	1	0	1.25	1.6820028197210304
261545.9968414731	3000.0	1222.7056317862603	0.0	0	0.0	1768.7024732594145	1	0	1.0	1.3497091843326088
262261.40885844664	3000.0	1507.2936148127685	0.0	0	0.0	1768.7024732594728	1	0	1.0	2.2551742924407723
263200.0	6000.0	1568.7024732594473	0.0	0	133.9622008963488	1768.7024732595019	1	0	1.0	2.2551742924407696
264512.7710526746	6000.0	927.7386574161401	0.0	0	0.0	1440.509710090817	1	0	1.25	2.1312860141646914
265886.1809567433	6000.0	554.3287533474611	0.0	0	0.0	1440.509710090817	1	0	1.0	2.4641869197868287
267071.8045850095	6000.0	381.82737751933	13.122252438085866	0	0.0	1453.631962528918	1	0	1.0	2.884911834089512
267793.4137814925	3000.0	660.2181810363327	0.0	0	0.0	1453.631962528918	1	0	1.0	1.5773509875981369
268813.6256975424	3000.0	640.0062649864175	0.0	0	0.0	1453.631962528918	1	0	1.0	2.270498168158082
269828.63535677263	3000.0	624.9966057561674	0.0	0	0.0	1453.631962528918	1	0	1.0	2.270498168158082
270550.6664010331	3000.0	902.9655614955934	0.0	0	0.0	1453.6319625288597	1	0	1.0	2.2704981681580843
271529.26623281406	3000.0	924.3657297146996	0.0	0	0.0	1453.6319625288597	1	0	1.0	2.2704981681580843
272311.04343319056	3000.0	1142.5885293381748	0.0	0	0.0	1453.6319625288015	1	0	1.0	2.270498168158087
273200.0	3000.0	1253.6319625287263	0.0	0	113.31695793394465	1453.6319625288015	1	0	1.0	2.270498168158087
274348.0119284908	3000.0	1105.620034037906	0.0	0	0.0	1453.6319625288015	1	0	1.0	2.270498168158087
275459.5504842657	3000.0	994.0814782630601	0.0	0	0.0	1453.6319625288015	1	0	1.0	2.270498168158087
276853.62506482797	3000.0	600.0068977008737	0.0	0	0.0	1453.6319625288015	1	0	1.0	2.270498168158087
277671.1828904103	3000.0	782.4490721185209	0.0	0	0.0	1453.6319625287433	1	0	1.0	2.270498168158089
278200.0	3000.0	1253.6319625288077	0.0	0	0.09371755050960928	1453.6319625287433	1	0	1.0	2.270498168158089
279529.31272792164	6000.0	924.3192346072001	0.0	0	0.0	1453.6319625287433	1	0	1.0	2.270498168158089
280694.92583178176	3000.0	758.7061307470818	0.0	0	0.0	1453.631962528685	1	0	1.0	1.5773509875981466
281902.6981430834	3000.0	550.9338194454579	0.0	0	0.0	1453.631962528685	1	0	1.0	2.270498168158092
282458.7605503283	3000.0	994.8714122005637	0.0	0	0.0	1453.631962528685	1	0	1.0	2.270498168158092
283267.24079233967	3000.0	1186.3911701891393	0.0	0	0.0	1453.631962528685	1	0	1.0	2.270498168158092
284200.0	3000.0	1253.6319625287792	0.0	0	344.5179720297456	1453.631962528685	1	0	1.0	2.270498168158092
285200.0	3000.0	1253.6319625287438	0.0	0	367.3783460841514	1453.631962528685	1	0	1.0	2.270498168158092
286443.39149554487	3000.0	1010.2404669838533	0.0	0	0.0	1453.6319625287433	1	0	1.0	2.270498168158089
287643.8983197981	3000.0	809.7336427305944	0.0	0	0.0	1453.631962528685	1	0	1.0	2.270498168158092
288683.05780968495	3000.0	770.5741528438459	0.0	0	0.0	1453.6319625287433	1	0	1.0	2.270498168158089
290245.09113539057	3000.0	233.27846612416604	24.73763898593228	0	0.0	1478.3696015147725	1	0	1.0	2.121284829272964
291129.0109614707	2000.0	576.6605342169045	227.30189417290347	0	0.0	1705.6714956876822	1	0	1.0	0.08388587480793219
292077.85844246874	3000.0	627.8130532187903	0.0	0	0.0	1705.6714956876822	1	0	1.0	1.853162347953518
292647.1437964167	3000.0	1058.527699270854	0.0	0	0.0	1705.6714956876822	1	0	1.0	2.2586274560616824
293507.08050111297	3000.0	1198.5909945746007	0.0	0	0.0	1705.6714956876822	1	0	1.0	2.2586274560616824
294200.0	3000.0	1505.6714956875906	0.0	0	193.63892487128032	1705.6714956876822	1	0	1.0	2.2586274560616824
295516.0984219473	6000.0	1189.5730737403596	0.0	0	0.0	1705.6714956876822	1	0	1.0	2.2586274560616824
296569.333445537	6000.0	1136.3380501506542	0.0	0	0.0	1705.6714956877404	1	0	1.0	2.951774636621624
298171.94388806465	6000.0	533.7276076230289	0.0	0	0.0	1705.6714956877404	1	0	1.0	2.951774636621624
299100.2643526682	3000.0	605.4071430194426	0.0	0	0.0	1705.6714956877404	1	0	1.0	1.5654802755017345
299766.62616546	3000.0	939.0453302276226	0.0	0	0.0	1705.6714956877404	1	0	1.0	2.2586274560616797
301073.3671338477	3000.0	632.3043618398574	0.0	0	0.0	1705.6714956877404	1	0	1.0	2.2586274560616797
302018.5117852781	3000.0	687.1597104094892	0.0	0	0.0	1705.6714956877404	1	0	1.0	2.2586274560616797
302890.6084681885	3000.0	815.0630274991045	0.0	0	0.0	1705.6714956877404	1	0	1.0	2.2586274560616797
304224.4108688943	3000.0	481.2606267933699	0.0	0	0.0	1705.6714956877404	1	0	1.0	2.2586274560616797
3.61	4.87	6.82	5.86	2.44	2.15	4.22	5.54	3.57	2.7	3.14	3.58	2.83	2.63	4.43	5.1	4.63	5.22	4.52	3.37	2.88	3.36	4.82	6.87	8.32	5.82	4.37	3.23	5.06	4.46	3.26	2.32	2.4	3.24	1.56	2.0	4.01	3.65	3.48	3.73	3.75	4.71	2.78	3.65	2.35	2.72	3.2	4.08	4.24	4.17	2.65	2.97	3.96	2.55	2.53	4.81	7.16	8.0	4.62	3.17	2.94	3.63	5.34	4.77	4.0	5.61	3.88	3.35	5.18	3.2	3.41	4.2	2.2	2.22	2.72	2.59	2.22	2.41	4.03	6.38	4.61	4.95	2.12	2.24	3.42	3.16	4.91	2.9	3.94	4.19	3.23	4.0	4.15	4.7	6.27	6.74	5.24	6.64	5.33	2.41	2.12	2.66	2.33	3.64	5.32	3.26	3.56	5.28	5.19	4.81	3.74	4.37	5.83	6.07	4.6	3.65	3.0	3.17	4.51	3.0	3.09	4.41	4.08	4.43	3.93	4.43	3.86	3.65	4.47	2.98	2.7	3.28	3.23	3.9	4.33	4.59	2.91	2.93	2.17	2.37	3.88	4.96	4.32	4.76	6.66	6.74	5.0	4.09	2.75	3.71	3.08	4.34	4.69	4.69	5.48	4.98	2.62	3.2	3.93	4.1	3.24	3.9	5.04	3.7	2.58	2.86	4.0	2.86	3.29	3.97	4.22	6.5	8.02	4.09	6.29	7.29	4.92	3.96	4.36	4.91	5.19	5.48	5.32	4.17	4.44	4.53	3.9	4.41	4.65	5.58	5.6	3.89	4.66	4.4	4.48	5.1	3.63	3.24	2.53	3.86	3.87	1.87	2.28	4.12	4.6	2.77	3.48	4.54	6.49	4.7	7.05	7.96	5.2	4.33	4.9	3.56	3.66	4.62	5.79	5.24	5.05	6.08	3.12	3.76	4.46	5.92	3.9	3.7	4.84	3.26	2.5	3.0	2.5	1.69	3.32	5.48	4.24	6.28	5.21	3.95	4.41	3.46	3.34	1.83	2.2	3.12	3.85	2.73	2.82	1.9	2.81	3.02	2.48	2.72	3.27	3.24	4.65	6.85	7.11	4.85	5.61	6.56	5.41	3.07	3.48	3.75	3.02	3.67	3.14	2.41	3.07	2.63	4.59	6.34	3.97	2.26	2.7	4.2	4.73	3.87	3.06	2.13	3.09	3.88	2.04	2.42	2.92	4.44	4.31	5.14	5.95	4.77	4.63	4.22	4.88	2.18	4.23	3.9	2.63	1.59	1.75
1.0	2.0	3.0	4.0	5.0	6.0	7.0	8.0	9.0	10.0	11.0	12.0	13.0	14.0	15.0	16.0	17.0	18.0	19.0	20.0	21.0	22.0	23.0	24.0	25.0	26.0	27.0	28.0	29.0	30.0	31.0	32.0	33.0	34.0	35.0	36.0	37.0	38.0	39.0	40.0	41.0	42.0	43.0	44.0	45.0	46.0	47.0	48.0	49.0	50.0	51.0	52.0	53.0	54.0	55.0	56.0	57.0	58.0	59.0	60.0	61.0	62.0	63.0	64.0	65.0	66.0	67.0	68.0	69.0	70.0	71.0	72.0	73.0	74.0	75.0	76.0	77.0	78.0	79.0	80.0	81.0	82.0	83.0	84.0	85.0	86.0	87.0	88.0	89.0	90.0	91.0	92.0	93.0	94.0	95.0	96.0	97.0	98.0	99.0	100.0	101.0	102.0	103.0	104.0	105.0	106.0	107.0	108.0	109.0	110.0	111.0	112.0	113.0	114.0	115.0	116.0	117.0	118.0	119.0	120.0	121.0	122.0	123.0	124.0	125.0	126.0	127.0	128.0	129.0	130.0	131.0	132.0	133.0	134.0	135.0	136.0	137.0	138.0	139.0	140.0	141.0	142.0	143.0	144.0	145.0	146.0	147.0	148.0	149.0	150.0	151.0	152.0	153.0	154.0	155.0	156.0	157.0	158.0	159.0	160.0	161.0	162.0	163.0	164.0	165.0	166.0	167.0	168.0	169.0	170.0	171.0	172.0	173.0	174.0	175.0	176.0	177.0	178.0	179.0	180.0	181.0	182.0	183.0	184.0	185.0	186.0	187.0	188.0	189.0	190.0	191.0	192.0	193.0	194.0	195.0	196.0	197.0	198.0	199.0	200.0	201.0	202.0	203.0	204.0	205.0	206.0	207.0	208.0	209.0	210.0	211.0	212.0	213.0	214.0	215.0	216.0	217.0	218.0	219.0	220.0	221.0	222.0	223.0	224.0	225.0	226.0	227.0	228.0	229.0	230.0	231.0	232.0	233.0	234.0	235.0	236.0	237.0	238.0	239.0	240.0	241.0	242.0	243.0	244.0	245.0	246.0	247.0	248.0	249.0	250.0	251.0	252.0	253.0	254.0	255.0	256.0	257.0	258.0	259.0	260.0	261.0	262.0	263.0	264.0	265.0	266.0	267.0	268.0	269.0	270.0	271.0	272.0	273.0	274.0	275.0	276.0	277.0	278.0	279.0	280.0	281.0	282.0	283.0	284.0	285.0	286.0	287.0	288.0	289.0	290.0	291.0	292.0	293.0	294.0	295.0	296.0	297.0	298.0	299.0	300.0	301.0
4452.379553509819
