4615.380492973014	300.0	2000.0	207.15186777411142	0	0.0	4615.380492973014	1	0	1.0	-2.0063969791616447
6389.579944174931	2000.0	1225.8200558250678	0.0	0	0.0	1615.3999999999996	1	0	1.0	-9.03936686991658
7504.543273709454	2000.0	1110.8567262905444	0.0	0	0.0	1615.4000000000005	1	0	1.0	1.8577531149693032
8795.979017646472	1000.0	819.4209823535259	0.0	0	0.0	1615.3999999999996	1	0	1.0	0.47145875384941305
10285.199566278674	1000.0	430.50974312424313	100.3093094029183	0	0.0	1715.709309402917	1	0	1.0	0.5576234574565603
11192.814357802423	1000.0	531.7852059811554	8.89025438066151	0	0.0	1724.5995637835804	1	0	1.0	1.1056588055536734
12245.947402608334	1000.0	478.6521611752452	0.0	0	0.0	1724.5995637835786	1	0	1.0	1.1590003318376425
12989.428450966034	1000.0	735.1711128175452	0.0	0	0.0	1724.5995637835786	1	0	1.0	1.1590003318376425
14051.359785688854	1000.0	673.2397780947254	0.0	0	0.0	1724.5995637835804	1	0	1.0	1.1590003318376425
14781.665882135649	1000.0	942.9336816479301	0.0	0	0.0	1724.5995637835804	1	0	1.0	1.1590003318376425
15597.946961290538	1000.0	1126.6526024930401	0.0	0	0.0	1724.5995637835804	1	0	1.0	1.1590003318376425
16200.0	1000.0	1524.5995637835792	0.0	0	48.1125597668688	1724.5995637835804	1	0	1.0	1.1590003318376425
17200.0	1000.0	1524.5995637835772	0.0	0	231.90381289430297	1724.5995637835804	1	0	1.0	1.1590003318376425
18388.243554709446	2000.0	1336.3560090741314	0.0	0	0.0	1724.5995637835804	1	0	1.0	1.1590003318376423
19887.5092772393	2000.0	837.090286544277	0.0	0	0.0	1724.5995637835804	1	0	1.0	1.8521475123975875
20930.88944859823	2000.0	793.7101151853458	0.0	0	0.0	1724.5995637835767	1	0	1.0	1.852147512397588
21829.978066298132	1000.0	894.6214974854455	0.0	0	0.0	1724.5995637835767	1	0	1.0	0.4658531512776974
22652.313417696645	1000.0	1072.286146086936	0.0	0	0.0	1724.5995637835767	1	0	1.0	1.1590003318376425
23527.001636864064	1000.0	1197.5979269195159	0.0	0	0.0	1724.5995637835767	1	0	1.0	1.1590003318376425
24200.0	1000.0	1524.599563783581	0.0	0	148.83847838811198	1724.5995637835767	1	0	1.0	1.1590003318376425
25562.44726180051	2000.0	1162.152301983067	0.0	0	0.0	1724.5995637835767	1	0	1.0	1.1590003318376425
26915.01249519725	2000.0	809.587068586327	0.0	0	0.0	1724.5995637835767	1	0	1.0	1.852147512397588
27656.300949568827	1000.0	1068.2986142147506	0.0	0	0.0	1724.5995637835767	1	0	1.0	0.4658531512776974
28573.51761566351	1000.0	1151.0819481200683	0.0	0	0.0	1724.5995637835767	1	0	1.0	1.1590003318376425
29200.0	1000.0	1524.599563783578	0.0	0	31.371260358919244	1724.5995637835767	1	0	1.0	1.1590003318376425
30200.0	1000.0	1524.5995637835815	0.0	0	415.6391553878493	1724.5995637835767	1	0	1.0	1.1590003318376425
31348.242737068485	2000.0	1376.3568267150986	0.0	0	0.0	1724.5995637835767	1	0	1.0	1.1590003318376425
32506.187934566948	2000.0	1218.4116292166318	0.0	0	0.0	1724.5995637835767	1	0	1.0	1.852147512397588
33534.98787264022	1000.0	1189.6116911433708	0.0	0	0.0	1724.5995637835877	1	0	1.0	0.4658531512776969
34200.0	1000.0	1524.5995637835838	0.0	0	122.67896836790896	1724.5995637835804	1	0	1.0	1.1590003318376423
36153.42318261862	2000.0	571.176381164961	0.0	0	0.0	1724.5995637835804	1	0	1.0	1.1590003318376423
37275.697666716915	1000.0	533.8102999086182	84.90840284194769	0	0.0	1809.507966625526	1	0	1.0	-0.04838657173015071
38093.15182710931	1000.0	716.3561395162283	0.0	0	0.0	1809.507966625526	1	0	1.0	1.1542110258814806
39144.150074622856	1000.0	665.357892002676	0.0	0	0.0	1809.5079666255187	1	0	1.0	1.154211025881481
40627.05465995602	1000.0	200.0	17.546693330493554	0	0.0	1827.0546599560112	1	0	1.0	1.0487021080082837
41368.05721376097	500.0	632.8195789884345	173.82213279338688	0	0.0	2000.8767927493973	1	0	1.0	-1.2873706730942283
41974.00171063541	1000.0	1026.8750821139886	0.0	0	0.0	2000.8767927493973	1	0	1.0	0.4487093042260386
42501.91320876142	1000.0	1498.9635839879807	0.0	0	0.0	2000.87679274939	1	0	1.0	1.1418564847859844
43200.0	1000.0	1800.8767927494016	0.0	0	6.974550428487419	2000.87679274939	1	0	1.0	1.1418564847859844
44207.27453526468	2000.0	1793.6022574847166	0.0	0	0.0	2000.87679274939	1	0	1.0	1.1418564847859844
45370.71242502774	2000.0	1630.1643677216584	0.0	0	0.0	2000.87679274939	1	0	1.0	1.8350036653459294
47355.94705520196	2000.0	644.9297375474412	0.0	0	0.0	2000.8767927493973	1	0	1.0	1.8350036653459292
48086.89501025497	1000.0	913.9817824944263	0.0	0	0.0	2000.8767927493973	1	0	1.0	0.44870930422603883
48662.946814963856	1000.0	1337.9299777855458	0.0	0	0.0	2000.8767927493973	1	0	1.0	1.141856484785984
49316.674006388945	1000.0	1684.2027863604583	0.0	0	0.0	2000.8767927494046	1	0	1.0	1.1418564847859833
50200.0	1000.0	1800.8767927494043	0.0	0	72.75337082283659	2000.8767927494046	1	0	1.0	1.1418564847859833
51200.0	1000.0	1800.8767927494068	0.0	0	231.4895517719633	2000.8767927494046	1	0	1.0	1.1418564847859833
52600.0527505898	2000.0	1400.8240421595976	0.0	0	0.0	2000.8767927494046	1	0	1.0	1.1418564847859836
53513.54862229712	1000.0	1487.328170452266	0.0	0	0.0	2000.8767927494046	1	0	1.0	0.4487093042260383
54200.0	1000.0	1800.876792749388	0.0	0	103.08797015602613	2000.8767927494046	1	0	1.0	1.1418564847859833
55200.0	1000.0	1800.8767927493923	0.0	0	453.50092922920885	2000.8767927494046	1	0	1.0	1.1418564847859833
56200.0	2000.0	1800.8767927493875	0.0	0	191.05942121146654	2000.8767927494046	1	0	1.0	1.1418564847859836
57200.0	2000.0	1800.8767927493936	0.0	0	162.79803141294542	2000.8767927493973	1	0	1.0	1.8350036653459292
58301.826193401146	2000.0	1699.050599348251	0.0	0	0.0	2000.8767927493973	1	0	1.0	1.8350036653459292
59563.19541899954	2000.0	1437.681373749857	0.0	0	0.0	2000.8767927493973	1	0	1.0	1.8350036653459292
60278.21630726523	2000.0	1722.6604854841569	0.0	0	0.0	2000.8767927493973	1	0	1.0	1.8350036653459292
61800.279608658864	2000.0	1200.597184090519	0.0	0	0.0	2000.8767927494046	1	0	1.0	1.835003665345929
63770.191563463246	2000.0	230.68522928613652	0.0	0	0.0	2000.8767927493973	1	0	1.0	1.8350036653459292
64700.028958126684	2000.0	548.7132925779517	247.86545795525552	0	0.0	2248.7422507046504	1	0	1.0	0.3280211253239867
65363.32695744105	1000.0	885.4152932635861	0.0	0	0.0	2248.7422507046504	1	0	1.0	0.4289195119356296
66181.52793894665	1000.0	1067.214311757997	0.0	0	0.0	2248.742250704643	1	0	1.0	1.1220666924955753
67397.39741058672	1000.0	851.344840117923	0.0	0	0.0	2248.742250704643	1	0	1.0	1.1220666924955753
68250.7058887835	1000.0	998.0363619211358	0.0	0	0.0	2248.7422507046285	1	0	1.0	1.1220666924955767
69060.52661524701	1000.0	1188.2156354576396	0.0	0	0.0	2248.7422507046285	1	0	1.0	1.1220666924955767
69936.50825471834	1000.0	1312.233995986311	0.0	0	0.0	2248.7422507046285	1	0	1.0	1.1220666924955767
70823.09817281716	1000.0	1425.6440778875142	0.0	0	0.0	2248.7422507046285	1	0	1.0	1.1220666924955767
72383.67368870763	2000.0	865.0685619970503	0.0	0	0.0	2248.7422507046285	1	0	1.0	1.1220666924955767
72894.71881419592	1000.0	1354.0234365087551	0.0	0	0.0	2248.7422507046285	1	0	1.0	0.42891951193563155
74212.89187674208	2000.0	1035.8503739626026	0.0	0	0.0	2248.7422507046285	1	0	1.0	1.1220666924955767
75416.87158697113	2000.0	831.8706637335787	0.0	0	0.0	2248.742250704643	1	0	1.0	1.8152138730555207
76278.27951167044	2000.0	970.4627390342594	0.0	0	0.0	2248.742250704643	1	0	1.0	1.8152138730555207
77266.38848577406	2000.0	982.3537649306274	0.0	0	0.0	2248.742250704643	1	0	1.0	1.8152138730555207
78250.54400291122	2000.0	998.1982477934603	0.0	0	0.0	2248.742250704643	1	0	1.0	1.8152138730555207
79419.7798131413	2000.0	828.9624375633837	0.0	0	0.0	2248.7422507046576	1	0	1.0	1.8152138730555192
80724.62929160558	2000.0	524.1129590991202	0.0	0	0.0	2248.7422507046576	1	0	1.0	1.8152138730555192
81551.65538882952	2000.0	697.0868618751834	0.0	0	0.0	2248.7422507046576	1	0	1.0	1.8152138730555192
82440.76321581508	2000.0	807.9790348896317	0.0	0	0.0	2248.742250704672	1	0	1.0	1.8152138730555178
83619.79928403386	2000.0	628.9429666708455	0.0	0	0.0	2248.742250704672	1	0	1.0	1.8152138730555178
85632.94340904537	2000.0	200.0	584.2011583406882	0	0.0	2832.9434090453433	1	0	1.0	-1.7388036923359036
86003.59452731765	1000.0	829.3488817277256	0.0	0	0.0	2832.9434090453433	1	0	1.0	0.359018369086613
87111.4088756909	2000.0	721.534533354484	0.0	0	0.0	2832.9434090453287	1	0	1.0	1.0521655496465603
88018.6402245517	2000.0	814.3031844936753	0.0	0	0.0	2832.9434090453287	1	0	1.0	1.7453127302065055
89213.46147933434	2000.0	619.4819297110255	0.0	0	0.0	2832.9434090453287	1	0	1.0	1.7453127302065055
90309.67706962873	2000.0	523.2663394166349	0.0	0	0.0	2832.9434090453287	1	0	1.0	1.7453127302065055
91622.91764604663	2000.0	326.90566563849694	116.87990263976502	0	0.0	2949.8233116850897	1	0	1.0	1.0248916778439607
92791.43717709779	2000.0	359.07885044886353	200.69271586152212	0	0.0	3150.5160275466187	1	0	1.0	0.4840221924792236
93634.52206283069	1000.0	566.3627723688132	50.36880765284303	0	0.0	3200.8848351994675	1	0	1.0	-0.010984767356409464
94745.76820095445	1000.0	455.1166342450429	0.0	0	0.0	3200.8848351994675	1	0	1.0	0.9843752591205939
95382.86029289056	1000.0	818.0245423089201	0.0	0	0.0	3200.884835199453	1	0	1.0	0.984375259120597
96347.00038645211	1000.0	853.884448747359	0.0	0	0.0	3200.884835199453	1	0	1.0	0.984375259120597
97768.05366148033	1000.0	432.8311737191581	0.0	0	0.0	3200.8848351994675	1	0	1.0	0.9843752591205939
98520.79307612489	500.0	680.0917590745795	0.0	0	0.0	3200.8848351994675	1	0	1.0	-0.4019191019992969
99738.60327544481	1000.0	462.2815597546806	0.0	0	0.0	3200.8848351994675	1	0	1.0	0.2912280785606485
100677.00464414502	1000.0	527.0324616175423	3.152270563063496	0	0.0	3204.0371057625307	1	0	1.0	0.9647787785350299
101379.25147452645	1000.0	824.7856312361148	0.0	0	0.0	3204.0371057625307	1	0	1.0	0.983692401913411
101961.8106652782	1000.0	1242.2264404843704	0.0	0	0.0	3204.0371057625453	1	0	1.0	0.9836924019134079
103357.22307799029	2000.0	846.8140277722886	0.0	0	0.0	3204.0371057625453	1	0	1.0	0.9836924019134077
104271.34493696652	2000.0	932.6921687960659	0.0	0	0.0	3204.0371057625453	1	0	1.0	1.6768395824733529
105764.09578871798	2000.0	439.9413170446094	0.0	0	0.0	3204.03710576256	1	0	1.0	1.6768395824733502
106841.65843439334	2000.0	455.83769907280197	93.4590277035382	0	0.0	3297.4961334661057	1	0	1.0	1.0949532305138114
107671.02803364763	2000.0	626.4680998184981	0.0	0	0.0	3297.496133466091	1	0	1.0	1.6557073967350442
108886.30718467064	2000.0	411.18894879546656	0.0	0	0.0	3297.496133466091	1	0	1.0	1.6557073967350442
110231.54177329903	2000.0	249.77223237372334	183.81787220663233	0	0.0	3481.314005672728	1	0	1.0	0.5058690029223611
111843.91147618963	2000.0	241.36227910409312	603.959749620984	0	0.0	4085.2737552937324	1	0	1.0	-2.1839498937694946
113202.17284762014	2000.0	327.06356249437613	443.9626548207834	0	0.0	4529.236410114507	1	0	1.0	-1.5040717706559914
114782.17898196101	2000.0	200.0	452.9425718465015	0	0.0	1982.178981961013	1	0	1.0	-9.87535322491363
115704.05314872213	1000.0	514.1073588766267	235.98152563772769	0	0.0	2218.1605075987463	1	0	1.0	-0.9842664150511624
116317.12441570802	1000.0	901.0360918907425	0.0	0	0.0	2218.160507598761	1	0	1.0	1.1247699193351475
117068.77581858255	1000.0	1149.3846890162258	0.0	0	0.0	2218.160507598761	1	0	1.0	1.1247699193351475
118060.39755958432	1000.0	1157.7629480144617	0.0	0	0.0	2218.160507598761	1	0	1.0	1.1247699193351475
118687.78928909756	1000.0	1530.3712185012137	0.0	0	0.0	2218.160507598761	1	0	1.0	1.1247699193351475
119521.7926963272	2000.0	1696.3678112715597	0.0	0	0.0	2218.1605075987754	1	0	1.0	1.1247699193351461
120756.98198435821	2000.0	1461.1785232405405	0.0	0	0.0	2218.160507598761	1	0	1.0	1.8179170998950926
122438.6008298703	2000.0	779.5596777284468	0.0	0	0.0	2218.1605075987754	1	0	1.0	1.8179170998950913
123806.57042139155	2000.0	411.59008620719726	0.0	0	0.0	2218.1605075987754	1	0	1.0	1.8179170998950913
124965.1705055083	2000.0	366.180093590973	113.19009150054012	0	0.0	2331.350599099329	1	0	1.0	1.1283647876140508
125861.53547887896	1000.0	539.7759584851528	69.96083826483164	0	0.0	2401.3114373641583	1	0	1.0	-0.005572782174159963
126522.75210350518	1000.0	878.5593338589239	0.0	0	0.0	2401.3114373641583	1	0	1.0	1.1073394279747752
127347.72036714767	1000.0	1053.5910702164201	0.0	0	0.0	2401.3114373641583	1	0	1.0	1.1073394279747752
128076.09170017166	1000.0	1325.2197371924294	0.0	0	0.0	2401.311437364144	1	0	1.0	1.1073394279747766
128775.32360978251	1000.0	1625.9878275815754	0.0	0	0.0	2401.3114373641292	1	0	1.0	1.1073394279747781
129716.72833565292	2000.0	1684.5831017111607	0.0	0	0.0	2401.3114373641292	1	0	1.0	1.107339427974778
130378.59413431279	2000.0	2022.7173030512959	0.0	0	0.0	2401.3114373641292	1	0	1.0	1.8004866085347233
131773.12402951883	2000.0	1628.18740784526	0.0	0	0.0	2401.3114373641292	1	0	1.0	1.8004866085347224
133039.95483548872	2000.0	1361.3566018753786	0.0	0	0.0	2401.3114373641583	1	0	1.0	1.8004866085347218
134315.40450159792	2000.0	1085.9069357661756	0.0	0	0.0	2401.311437364144	1	0	1.0	1.8004866085347218
135134.83908891585	2000.0	1266.4723484482197	0.0	0	0.0	2401.311437364144	1	0	1.0	1.8004866085347218
136198.08429787186	2000.0	1203.2271394921727	0.0	0	0.0	2401.311437364144	1	0	1.0	1.8004866085347222
138006.48295298807	2000.0	394.8284843759625	0.0	0	0.0	2401.311437364144	1	0	1.0	1.8004866085347218
139292.64906496136	2000.0	296.9288965224357	188.26652411974555	0	0.0	2589.577961483883	1	0	1.0	0.6495260001193205
140351.50575312495	1000.0	456.75617378096996	218.68396542211065	0	0.0	2808.2619269058923	1	0	1.0	-0.9492989570165994
141065.08906214486	1000.0	743.1728647610402	0.0	0	0.0	2808.2619269058923	1	0	1.0	1.0559520160760099
141724.26985421358	1000.0	1083.9920726923367	0.0	0	0.0	2808.2619269058923	1	0	1.0	1.0559520160760099
142936.187706489	2000.0	872.0742204168936	0.0	0	0.0	2808.2619269058923	1	0	1.0	1.0559520160760099
143881.54615070194	1000.0	926.7157762039639	0.0	0	0.0	2808.2619269058923	1	0	1.0	0.3628048355160647
144982.48110544172	1000.0	825.78082146417	0.0	0	0.0	2808.2619269058923	1	0	1.0	1.0559520160760099
146198.61302781396	2000.0	609.6488990919091	0.0	0	0.0	2808.2619269058923	1	0	1.0	1.0559520160760099
147615.03634105655	2000.0	200.0	6.774414150671987	0	0.0	2815.036341056577	1	0	1.0	1.7082465644357254
148712.6718736276	1000.0	400.38671207195557	298.02224464299076	0	0.0	3113.0585856995604	1	0	1.0	-1.4786288863907981
149922.79088252896	1000.0	470.743113504883	280.47541033428877	0	0.0	3393.5339960338606	1	0	1.0	-0.7438829126361153
151115.35740610075	2000.0	415.40658774231036	137.2299978092301	0	0.0	3530.7639938430802	1	0	1.0	0.07831055553912103
151778.2055380583	2000.0	752.5584557847664	0.0	0	0.0	3530.7639938430802	1	0	1.0	1.594837722954447
152593.19261802174	2000.0	937.5713758213199	0.0	0	0.0	3530.7639938430802	1	0	1.0	1.594837722954447
153096.8130071732	2000.0	1433.950986669892	0.0	0	0.0	3530.7639938431093	1	0	1.0	1.5948377229544386
153552.5211229811	2000.0	1978.2428708619757	0.0	0	0.0	3530.7639938431093	1	0	1.0	1.5948377229544386
155104.44228990894	3000.0	1426.3217039341253	0.0	0	0.0	3530.7639938431093	1	0	1.0	1.5948377229544421
156719.46071721052	2000.0	811.3032766325467	0.0	0	0.0	3530.7639938430802	1	0	1.0	1.1893726148462824
159313.01889408164	2000.0	200.0	982.254900238597	0	0.0	4513.018894081644	1	0	1.0	-4.660891167874171
160212.39863536632	1000.0	499.74666683815315	199.1264081228204	0	0.0	1712.1453022044734	1	0	1.0	-9.728235456822695
161277.77747244155	1000.0	434.6838213048144	0.31599154188916856	0	0.0	1712.461293746368	1	0	1.0	1.157757328065456
162110.16799853198	1000.0	602.2932952144076	0.0	0	0.0	1712.461293746368	1	0	1.0	1.159653277316791
163113.85286492648	1000.0	598.6084288199361	0.0	0	0.0	1712.4612937463971	1	0	1.0	1.1596532773167896
163765.7553255615	1000.0	946.7059681848948	0.0	0	0.0	1712.461293746368	1	0	1.0	1.15965327731679
164526.00345171886	1000.0	1186.4578420275357	0.0	0	0.0	1712.461293746368	1	0	1.0	1.159653277316791
165200.0	1000.0	1512.4612937463617	0.0	0	56.17381175243645	1712.461293746368	1	0	1.0	1.159653277316791
166413.97878815793	2000.0	1298.4825055884548	0.0	0	0.0	1712.461293746368	1	0	1.0	1.159653277316791
167211.47534080318	2000.0	1500.985952943199	0.0	0	0.0	1712.461293746368	1	0	1.0	1.8528004578767359
168200.0	2000.0	1512.46129374638	0.0	0	163.4975206310628	1712.461293746368	1	0	1.0	1.8528004578767359
169487.1602661112	2000.0	1225.301027635154	0.0	0	0.0	1712.461293746368	1	0	1.0	1.8528004578767359
171113.062433156	2000.0	599.3988605903635	0.0	0	0.0	1712.4612937463971	1	0	1.0	1.8528004578767354
171924.49161764138	1000.0	787.9696761049934	0.0	0	0.0	1712.4612937463971	1	0	1.0	0.4665060967568443
172770.75203924513	1000.0	941.7092545012504	0.0	0	0.0	1712.4612937463971	1	0	1.0	1.1596532773167896
173425.14797585807	1000.0	1287.3133178883256	0.0	0	0.0	1712.4612937463971	1	0	1.0	1.1596532773167896
174751.43231022396	2000.0	961.0289835224218	0.0	0	0.0	1712.4612937463971	1	0	1.0	1.1596532773167894
176564.95565045034	2000.0	200.0	52.4943567039806	0	0.0	1764.9556504503998	1	0	1.0	1.5371658352491866
177710.24424737846	1000.0	428.0913078235998	373.37990475173376	0	0.0	2138.335555202124	1	0	1.0	-1.8019620708147075
178394.6018569771	1000.0	743.7336982249706	0.0	0	0.0	2138.335555202124	1	0	1.0	1.1314645382556416
178975.7756668659	1000.0	1162.5598883361733	0.0	0	0.0	2138.335555202124	1	0	1.0	1.1314645382556416
179555.35320023942	1000.0	1582.982354962656	0.0	0	0.0	2138.335555202124	1	0	1.0	1.1314645382556416
180957.14615813736	2000.0	1181.1893970647675	0.0	0	0.0	2138.335555202124	1	0	1.0	1.1314645382556414
181814.2002202411	1000.0	1324.135334961019	0.0	0	0.0	2138.3355552020657	1	0	1.0	0.4383173576956997
182706.060767222	1000.0	1432.274787980128	0.0	0	0.0	2138.335555202095	1	0	1.0	1.1314645382556459
183338.56793656273	1000.0	1799.767618639386	0.0	0	0.0	2138.335555202095	1	0	1.0	1.1314645382556439
184404.0982455085	2000.0	1734.2373096936053	0.0	0	0.0	2138.3355552020657	1	0	1.0	1.131464538255646
186754.2712709577	2000.0	384.0642842444671	0.0	0	0.0	2138.335555202095	1	0	1.0	1.8246117188155893
187422.33432535618	1000.0	716.0012298459802	0.0	0	0.0	2138.335555202095	1	0	1.0	0.43831735769569874
188130.56671797668	1000.0	1007.7688372254867	0.0	0	0.0	2138.335555202095	1	0	1.0	1.1314645382556439
189464.3691492079	1000.0	673.9664059942688	0.0	0	0.0	2138.335555202095	1	0	1.0	1.1314645382556439
190758.05011935718	1000.0	416.11999622084056	35.834560375867056	0	0.0	2174.170115577959	1	0	1.0	0.9135150496386029
191509.69199854438	1000.0	664.4781170336491	0.0	0	0.0	2174.170115577959	1	0	1.0	1.128522411893805
192108.91389803318	1000.0	1065.2562175448663	0.0	0	0.0	2174.1701155779883	1	0	1.0	1.1285224118938026
192600.5347584213	1000.0	1573.6353571567263	0.0	0	0.0	2174.1701155779883	1	0	1.0	1.1285224118938026
193714.32687435098	2000.0	1459.8432412270847	0.0	0	0.0	2174.1701155780465	1	0	1.0	1.1285224118937998
195882.96241971332	2000.0	291.20769586474387	0.0	0	0.0	2174.1701155780465	1	0	1.0	1.821669592453743
196456.3661858861	1000.0	717.8039296919684	0.0	0	0.0	2174.1701155780756	1	0	1.0	0.43537523133385025
197222.63161749492	1000.0	951.5384980831657	0.0	0	0.0	2174.1701155781047	1	0	1.0	1.1285224118937929
198118.9248011433	1000.0	1055.2453144347926	0.0	0	0.0	2174.1701155781047	1	0	1.0	1.1285224118937929
199051.5189782993	1000.0	1122.651137278739	0.0	0	0.0	2174.1701155781047	1	0	1.0	1.1285224118937929
199801.2086262736	1000.0	1372.9614893044338	0.0	0	0.0	2174.1701155781047	1	0	1.0	1.1285224118937929
200492.12593797437	1000.0	1682.044177603666	0.0	0	0.0	2174.170115578134	1	0	1.0	1.1285224118937907
201383.5947717981	1000.0	1790.5753437799344	0.0	0	0.0	2174.1701155781047	1	0	1.0	1.1285224118937929
202200.0	1000.0	1974.1701155780283	0.0	0	211.9917751486355	2174.1701155781047	1	0	1.0	1.1285224118937929
203746.54747539776	2000.0	1427.622640180278	0.0	0	0.0	2174.1701155780756	1	0	1.0	1.1285224118937935
204845.5346465318	2000.0	1328.635469046239	0.0	0	0.0	2174.1701155780756	1	0	1.0	1.8216695924537405
205470.9353200078	2000.0	1703.23479557027	0.0	0	0.0	2174.1701155780756	1	0	1.0	1.8216695924537405
206323.5519441677	2000.0	1850.6181714103445	0.0	0	0.0	2174.1701155780756	1	0	1.0	1.8216695924537405
207830.76857221453	2000.0	1343.4015433635066	0.0	0	0.0	2174.1701155780465	1	0	1.0	1.821669592453743
208921.72777063044	2000.0	1252.4423449475842	0.0	0	0.0	2174.1701155780174	1	0	1.0	1.8216695924537443
209722.1514154251	2000.0	1452.0187001529284	0.0	0	0.0	2174.1701155780174	1	0	1.0	1.8216695924537454
211409.390608107	2000.0	764.7795074709998	0.0	0	0.0	2174.1701155780465	1	0	1.0	1.8216695924537438
213471.59794015455	2000.0	200.0	497.4278245765348	0	0.0	2671.5979401546065	1	0	1.0	-1.212995540799857
215027.37221191646	2000.0	212.17736083601474	567.9516325979473	0	0.0	3239.5495727525267	1	0	1.0	-1.737378699712175
215781.11842337842	1000.0	580.7904731899123	122.35932381582833	0	0.0	3361.9088965683477	1	0	1.0	-0.4803470768435488
217147.99221353902	1000.0	295.27017363299126	81.35349060367847	0	0.0	3443.262387172057	1	0	1.0	0.4386747051826045
217969.9865153833	1000.0	602.2458141519546	128.96994236325486	0	0.0	3572.232329535298	1	0	1.0	0.1157251104268815
218859.2537368332	1000.0	712.9785927020387	0.0	0	0.0	3572.232329535298	1	0	1.0	0.8895447646064105
219670.24636679748	1000.0	901.9859627377361	0.0	0	0.0	3572.232329535327	1	0	1.0	0.8895447646064089
220190.6269359318	1000.0	1381.6053936034205	0.0	0	0.0	3572.232329535327	1	0	1.0	0.889544764606402
221848.7495915658	2000.0	723.4827379694196	0.0	0	0.0	3572.232329535327	1	0	1.0	0.8895447646064019
222773.6759286136	2000.0	798.5564009216041	0.0	0	0.0	3572.232329535327	1	0	1.0	1.582691945166347
223630.34141258118	2000.0	941.8909169540237	0.0	0	0.0	3572.232329535327	1	0	1.0	1.582691945166347
224699.75611952448	2000.0	872.4762100107173	0.0	0	0.0	3572.232329535327	1	0	1.0	1.582691945166347
225399.52342136175	2000.0	1172.7089081734161	0.0	0	0.0	3572.232329535327	1	0	1.0	1.582691945166347
226293.539146836	2000.0	1278.6931826991522	0.0	0	0.0	3572.232329535327	1	0	1.0	1.582691945166347
227802.31742562974	2000.0	769.9149039054392	0.0	0	0.0	3572.232329535327	1	0	1.0	1.582691945166347
229196.7333483776	2000.0	375.49898115756196	0.0	0	0.0	3572.2323295353563	1	0	1.0	1.5826919451663417
230119.18953348964	2000.0	585.1927474490898	132.149951403558	0	0.0	3704.3822809387348	1	0	1.0	0.7481645669808452
231095.65781229737	2000.0	608.7244686413578	0.0	0	0.0	3704.3822809387348	1	0	1.0	1.541064275402193
232144.1676754019	2000.0	560.2146055368123	0.0	0	0.0	3704.3822809387057	1	0	1.0	1.5410642754022028
233166.5296943015	2000.0	537.8525866372111	0.0	0	0.0	3704.3822809387057	1	0	1.0	1.5410642754022068
234689.17918221527	2000.0	244.80199308974017	229.59889436629453	0	0.0	3933.981175305031	1	0	1.0	0.07964211996730497
235293.69399650503	1000.0	679.9689012556062	39.68172245561979	0	0.0	3973.6628977606597	1	0	1.0	-0.18323545530177654
236085.19093273167	2000.0	888.4719650289629	0.0	0	0.0	3973.662897760689	1	0	1.0	0.7480020599918754
236721.837734123	2000.0	1251.825163637607	0.0	0	0.0	3973.662897760689	1	0	1.0	1.4411492405518205
237723.98994689895	2000.0	1249.6729508616602	0.0	0	0.0	3973.662897760689	1	0	1.0	1.4411492405518205
238779.8563267844	2000.0	1193.8065709762081	0.0	0	0.0	3973.662897760689	1	0	1.0	1.4411492405518205
240142.10077431638	2000.0	831.5621234442466	0.0	0	0.0	3973.662897760689	1	0	1.0	1.4411492405518205
241306.15112336108	2000.0	667.5117743995323	0.0	0	0.0	3973.662897760718	1	0	1.0	1.4411492405518087
242592.8292525377	2000.0	380.833645222939	0.0	0	0.0	3973.662897760718	1	0	1.0	1.4411492405518087
244271.15278420103	2000.0	313.07479091353594	610.5646773539156	0	0.0	4584.227575114666	1	0	1.0	-2.5376783450803977
245586.3730818121	2000.0	200.0	202.14550669756434	0	0.0	1786.3730818121112	1	0	1.0	-8.36362706036021
247169.4046505037	1000.0	200.0	583.0315686915822	0	0.0	2369.4046505037113	1	0	1.0	-3.0761124552172374
247901.8165854883	500.0	696.2352856972269	228.64722068180643	0	0.0	2598.051871185511	1	0	1.0	-1.673252933492761
248915.5995103356	1000.0	682.4523608499007	0.0	0	0.0	2598.051871185482	1	0	1.0	0.3917775711580271
249786.64355430347	1000.0	811.4083168820241	0.0	0	0.0	2598.051871185453	1	0	1.0	1.084924751717976
250399.9649735819	1000.0	1198.0868976035918	0.0	0	0.0	2598.051871185424	1	0	1.0	1.0849247517179799
250881.00014798436	1000.0	1717.0517232011227	0.0	0	0.0	2598.051871185424	1	0	1.0	1.0849247517179799
252091.31080385722	2000.0	1506.7410673283102	0.0	0	0.0	2598.051871185453	1	0	1.0	1.0849247517179774
253371.48357534833	2000.0	1226.5682958371829	0.0	0	0.0	2598.051871185453	1	0	1.0	1.7780719322779213
254382.51300827027	2000.0	1215.5388629152358	0.0	0	0.0	2598.051871185424	1	0	1.0	1.7780719322779248
255589.08892774815	2000.0	1008.9629434373339	0.0	0	0.0	2598.051871185424	1	0	1.0	1.7780719322779248
256499.59468286257	2000.0	1098.4571883229464	0.0	0	0.0	2598.051871185453	1	0	1.0	1.7780719322779213
257832.80275810356	2000.0	765.2491130819583	0.0	0	0.0	2598.051871185453	1	0	1.0	1.7780719322779213
258909.20019420574	2000.0	688.8516769797743	0.0	0	0.0	2598.051871185482	1	0	1.0	1.7780719322779177
260284.38328915028	2000.0	313.66858203522634	0.0	0	0.0	2598.051871185482	1	0	1.0	1.7780719322779177
261315.57038514465	1000.0	531.1638885075674	248.68240246672366	0	0.0	2846.734273652226	1	0	1.0	-1.1352294670459577
262020.87331356033	1000.0	825.860960091886	0.0	0	0.0	2846.734273652226	1	0	1.0	1.050012128314329
263531.2661600723	2000.0	315.4681135798373	0.0	0	0.0	2846.7342736521678	1	0	1.0	1.0500121283143318
264447.7764062195	1000.0	510.24630146223797	111.28843402962195	0	0.0	2958.022707681783	1	0	1.0	-0.32927490042503393
265262.9072618106	1000.0	695.1154458711793	0.0	0	0.0	2958.022707681812	1	0	1.0	1.0316028843126388
265922.470442165	1000.0	1035.5522655168552	0.0	0	0.0	2958.02270768187	1	0	1.0	1.0316028843126268
266466.80575746106	1000.0	1491.2169502207819	0.0	0	0.0	2958.0227076819283	1	0	1.0	1.0316028843126166
267349.12617208343	1000.0	1608.896535598419	0.0	0	0.0	2958.0227076819865	1	0	1.0	1.0316028843126066
267966.00959970104	1000.0	1992.0131079808116	0.0	0	0.0	2958.0227076819865	1	0	1.0	1.0316028843126066
268883.15935336665	2000.0	2074.863354315149	0.0	0	0.0	2958.0227076819283	1	0	1.0	1.0316028843126124
270134.61720254086	2000.0	1823.4055051410116	0.0	0	0.0	2958.0227076819283	1	0	1.0	1.7247500648725618
271633.4977135522	2000.0	1324.5249941296797	0.0	0	0.0	2958.0227076819283	1	0	1.0	1.7247500648725618
272914.0553918583	2000.0	1043.9673158236114	0.0	0	0.0	2958.0227076819283	1	0	1.0	1.7247500648725618
274032.0234937071	2000.0	925.9992139747977	0.0	0	0.0	2958.0227076819865	1	0	1.0	1.7247500648725556
274912.10121042875	1000.0	1045.921497253155	0.0	0	0.0	2958.0227076819865	1	0	1.0	0.3384557037526614
275746.6767395424	1000.0	1211.3459681394997	0.0	0	0.0	2958.0227076819865	1	0	1.0	1.0316028843126066
276628.20565615245	1000.0	1329.8170515294044	0.0	0	0.0	2958.0227076819283	1	0	1.0	1.0316028843126166
277441.0868975738	1000.0	1516.9358101081057	0.0	0	0.0	2958.0227076819283	1	0	1.0	1.0316028843126166
278715.4916014147	2000.0	1242.5311062671487	0.0	0	0.0	2958.0227076819283	1	0	1.0	1.0316028843126164
279650.16313516395	2000.0	1307.8595725178548	0.0	0	0.0	2958.0227076819283	1	0	1.0	1.7247500648725618
280618.83258116635	2000.0	1339.1901265153986	0.0	0	0.0	2958.0227076819283	1	0	1.0	1.7247500648725618
282129.3956089962	2000.0	828.6270986854672	0.0	0	0.0	2958.0227076819283	1	0	1.0	1.7247500648725618
283399.1344340129	2000.0	558.8882736687542	0.0	0	0.0	2958.0227076819283	1	0	1.0	1.7247500648725618
284093.16623965127	2000.0	864.8564680304605	0.0	0	0.0	2958.0227076819283	1	0	1.0	1.7247500648725618
285255.5159775878	2000.0	702.5067300939919	0.0	0	0.0	2958.02270768187	1	0	1.0	1.724750064872572
286660.01988349925	2000.0	298.00282418256245	0.0	0	0.0	2958.02270768187	1	0	1.0	1.724750064872572
287227.3479173792	1000.0	731.4076391551386	0.7328488525228067	0	0.0	2958.7555565343937	1	0	1.0	0.3339310849393333
287942.61548228335	1000.0	1016.1400742509612	0.0	0	0.0	2958.7555565343937	1	0	1.0	1.0314753586144152
288935.68929008953	1000.0	1023.0662664447736	0.0	0	0.0	2958.755556534452	1	0	1.0	1.0314753586144052
289838.3624124847	1000.0	1120.393144049592	0.0	0	0.0	2958.755556534452	1	0	1.0	1.0314753586144052
290345.7969235877	1000.0	1612.9586329465426	0.0	0	0.0	2958.755556534452	1	0	1.0	1.0314753586144052
291338.3374490852	2000.0	1620.4181074490373	0.0	0	0.0	2958.7555565343937	1	0	1.0	1.031475358614415
292842.6803723598	2000.0	1116.0751841744218	0.0	0	0.0	2958.7555565343937	1	0	1.0	1.7246225391743604
293817.2480865742	1000.0	1141.5074699600725	0.0	0	0.0	2958.755556534452	1	0	1.0	0.33832817805445997
294877.3544465321	2000.0	1081.401110002149	0.0	0	0.0	2958.755556534452	1	0	1.0	1.0314753586144052
295536.03517313884	2000.0	1422.7203833953965	0.0	0	0.0	2958.755556534452	1	0	1.0	1.7246225391743502
297463.28110414464	2000.0	495.47445238956726	0.0	0	0.0	2958.7555565343937	1	0	1.0	1.7246225391743604
298695.0157569999	1000.0	390.7404410645845	127.00064153020026	0	0.0	3085.7561980645987	1	0	1.0	-0.44710339685381373
299453.7917852092	1000.0	637.8041702538995	5.839757398600341	0	0.0	3091.5959554631845	1	0	1.0	0.9718660272208661
300013.5275834976	1000.0	1078.06837196547	0.0	0	0.0	3091.5959554631845	1	0	1.0	1.0069045716124683
300840.3062640503	2000.0	1251.2896914127516	0.0	0	0.0	3091.5959554631845	1	0	1.0	1.0069045716124683
301575.1448699375	2000.0	1516.4510855255148	0.0	0	0.0	3091.5959554631263	1	0	1.0	1.7000517521724248
302244.9067477738	2000.0	1846.6892076892161	0.0	0	0.0	3091.5959554631263	1	0	1.0	1.7000517521724248
303258.5849026963	2000.0	1833.0110527667116	0.0	0	0.0	3091.5959554631263	1	0	1.0	1.7000517521724248
304274.5616831337	2000.0	1817.0342723292547	0.0	0	0.0	3091.595955463068	1	0	1.0	1.700051752172436
305585.75862888154	2000.0	1505.8373265814232	0.0	0	0.0	3091.595955463068	1	0	1.0	1.700051752172436
308486.93290816003	2000.0	200.0	595.3369526970386	0	0.0	3686.93290816003	1	0	1.0	-1.9806527504668998
309745.98467082006	1000.0	364.3577080097466	423.4094706698014	0	0.0	4110.342378829897	1	0	1.0	-2.5448747563545115
310266.92628704675	500.0	843.4160917831316	0.0	0	0.0	1110.3423788299551	1	0	1.0	-9.202302305372442
311396.26225100557	1000.0	714.0801278243332	0.0	0	0.0	1110.3423788299551	1	0	1.0	0.49084487518750164
312200.0	1000.0	910.3423788299233	0.0	0	76.00143085070886	1110.3423788299551	1	0	1.0	1.183992055747447
313200.0	1000.0	910.342378829926	0.0	0	54.81282259017462	1110.3423788299551	1	0	1.0	1.183992055747447
314200.0	1000.0	910.3423788300111	0.0	0	288.95586367172655	1110.3423788299551	1	0	1.0	1.183992055747447
315200.0	1000.0	910.3423788300088	0.0	0	373.99712981824996	1110.3423788300133	1	0	1.0	1.1839920557474453
1.31	1.73	1.36	0.6	0.7	1.17	1.02	1.09	1.23	1.25	1.47	1.47	1.81	2.57	1.55	1.56	1.38	1.01	1.4	1.8	1.98	1.55	1.41	1.05	1.32	1.59	1.88	1.15	1.26	1.82	1.42	0.65	1.26	1.41	0.95	0.7	0.87	1.59	1.68	1.83	1.2	1.19	1.55	1.47	1.27	1.0	1.27	1.2001702127659575	1.4281702127659572	1.4641702127659573	2.0641702127659576	2.7241702127659573	2.028170212765957	1.2721702127659575	1.8961702127659574	2.628170212765957	1.5481702127659573	1.2481702127659575	0.9241702127659575	1.6681702127659572	1.3321702127659574	1.4281702127659572	0.9001702127659574	1.1401702127659574	1.5961702127659574	0.9721702127659575	1.6081702127659574	1.0921702127659572	2.0161702127659575	1.8721702127659574	1.7521702127659573	2.460170212765957	1.7761702127659573	1.4641702127659573	1.8361702127659574	1.9561702127659573	2.388170212765957	1.9081702127659574	2.3041702127659573	1.2001702127659575	1.1041702127659572	2.160170212765957	2.5441702127659576	1.8481702127659574	1.4641702127659573	1.8481702127659574	1.9681702127659573	1.4161702127659572	1.3801702127659574	1.0921702127659572	1.8481702127659574	0.9721702127659575	0.7201702127659574	0.6361702127659574	1.14	1.23	1.69	1.89	2.06	1.54	1.69	1.9	2.21	1.97	1.97	1.75	0.85	1.53	1.99	1.42	1.34	1.52	1.41	1.42	1.81	2.15	1.63	1.38	1.47	1.81	1.44	1.41	1.42	1.61	2.07	2.73	1.55	1.42	1.89	1.93	2.58	1.6	1.24	1.53	1.34	1.17	1.66	1.99	0.96	0.7	2.15	2.34225	1.2142500000000003	0.7342500000000001	0.9262500000000002	1.64625	2.40225	2.8462500000000004	3.6382499999999998	1.03	1.31	1.73	1.36	0.6	0.7	1.17	1.02	1.09	1.23	1.25	1.47	1.47	1.81	2.57	1.55	1.56	1.38	1.01	1.4	1.8	1.98	1.55	1.41	1.05	1.32	1.59	1.88	1.15	1.26	1.82	1.42	0.65	1.26	1.41	0.95	0.7	0.87	1.59	1.68	1.83	1.2	1.19	1.55	1.47	1.27	1.0	1.27	1.2001702127659575	1.4281702127659572	1.4641702127659573	2.0641702127659576	2.7241702127659573	2.028170212765957	1.2721702127659575	1.8961702127659574	2.628170212765957	1.5481702127659573	1.2481702127659575	0.9241702127659575	1.6681702127659572	1.3321702127659574	1.4281702127659572	0.9001702127659574	1.1401702127659574	1.5961702127659574	0.9721702127659575	1.6081702127659574	1.0921702127659572	2.0161702127659575	1.8721702127659574	1.7521702127659573	2.460170212765957	1.7761702127659573	1.4641702127659573	1.8361702127659574	1.9561702127659573	2.388170212765957	1.9081702127659574	2.3041702127659573	1.2001702127659575	1.1041702127659572	2.160170212765957	2.5441702127659576	1.8481702127659574	1.4641702127659573	1.8481702127659574	1.9681702127659573	1.4161702127659572	1.3801702127659574	1.0921702127659572	1.8481702127659574	0.9721702127659575	0.7201702127659574	0.6361702127659574	1.14	1.23	1.69	1.89	2.06	1.54	1.69	1.9	2.21	1.97	1.97	1.75	0.85	1.53	1.99	1.42	1.34	1.52	1.41	1.42	1.81	2.15	1.63	1.38	1.47	1.81	1.44	1.41	1.42	1.61	2.07	2.73	1.55	1.42	1.89	1.93	2.58	1.6	1.24	1.53	1.34	1.17	1.66	1.99	0.96	0.7	2.15	2.34225	1.2142500000000003	0.7342500000000001	0.9262500000000002	1.64625	2.40225	2.8462500000000004	3.6382499999999998	1.03	1.31	1.73	1.36	0.6	0.7	1.17	1.02	1.09	1.23	1.25	1.47	1.47	1.81	2.57	1.55
1.0	2.0	3.0	4.0	5.0	6.0	7.0	8.0	9.0	10.0	11.0	12.0	13.0	14.0	15.0	16.0	17.0	18.0	19.0	20.0	21.0	22.0	23.0	24.0	25.0	26.0	27.0	28.0	29.0	30.0	31.0	32.0	33.0	34.0	35.0	36.0	37.0	38.0	39.0	40.0	41.0	42.0	43.0	44.0	45.0	46.0	47.0	48.0	49.0	50.0	51.0	52.0	53.0	54.0	55.0	56.0	57.0	58.0	59.0	60.0	61.0	62.0	63.0	64.0	65.0	66.0	67.0	68.0	69.0	70.0	71.0	72.0	73.0	74.0	75.0	76.0	77.0	78.0	79.0	80.0	81.0	82.0	83.0	84.0	85.0	86.0	87.0	88.0	89.0	90.0	91.0	92.0	93.0	94.0	95.0	96.0	97.0	98.0	99.0	100.0	101.0	102.0	103.0	104.0	105.0	106.0	107.0	108.0	109.0	110.0	111.0	112.0	113.0	114.0	115.0	116.0	117.0	118.0	119.0	120.0	121.0	122.0	123.0	124.0	125.0	126.0	127.0	128.0	129.0	130.0	131.0	132.0	133.0	134.0	135.0	136.0	137.0	138.0	139.0	140.0	141.0	142.0	143.0	144.0	145.0	146.0	147.0	148.0	149.0	149.0	150.0	151.0	152.0	153.0	154.0	155.0	156.0	157.0	158.0	159.0	160.0	161.0	162.0	163.0	164.0	165.0	166.0	167.0	168.0	169.0	170.0	171.0	172.0	173.0	174.0	175.0	176.0	177.0	178.0	179.0	180.0	181.0	182.0	183.0	184.0	185.0	186.0	187.0	188.0	189.0	190.0	191.0	192.0	193.0	194.0	195.0	196.0	197.0	198.0	199.0	200.0	201.0	202.0	203.0	204.0	205.0	206.0	207.0	208.0	209.0	210.0	211.0	212.0	213.0	214.0	215.0	216.0	217.0	218.0	219.0	220.0	221.0	222.0	223.0	224.0	225.0	226.0	227.0	228.0	229.0	230.0	231.0	232.0	233.0	234.0	235.0	236.0	237.0	238.0	239.0	240.0	241.0	242.0	243.0	244.0	245.0	246.0	247.0	248.0	249.0	250.0	251.0	252.0	253.0	254.0	255.0	256.0	257.0	258.0	259.0	260.0	261.0	262.0	263.0	264.0	265.0	266.0	267.0	268.0	269.0	270.0	271.0	272.0	273.0	274.0	275.0	276.0	277.0	278.0	279.0	280.0	281.0	282.0	283.0	284.0	285.0	286.0	287.0	288.0	289.0	290.0	291.0	292.0	293.0	294.0	295.0	296.0	297.0	298.0	298.0	299.0	300.0	301.0	302.0	303.0	304.0	305.0	306.0	307.0	308.0	309.0	310.0	311.0	312.0	313.0
4082.355362812287
