5200.0	300.0	1773.6965801106753	365.14052356415965	0	226.3034198893247	1973.6965801106753	0	0	1.0	-11.245644763899644
6265.36182709726	1000.0	2339.751551671421	631.4167986580055	0	0.0	2605.1133787686813	1	0	1.0	-3.9049806228195094
7585.209660338654	1000.0	2019.9037184300269	0.0	0	0.0	2605.1133787686813	1	0	1.0	1.084040684341356
8551.590352072928	1000.0	2053.523026695754	0.0	0	0.0	2605.113378768684	1	0	1.0	1.0840406843413555
9796.77006194254	1000.0	1808.3433168261417	0.0	0	0.0	2605.113378768682	1	0	1.0	1.0840406843413557
11298.997653569064	1000.0	1306.1157251996167	0.0	0	0.0	2605.113378768683	1	0	1.0	1.0840406843413555
12348.134976378251	1000.0	1256.9784023904306	0.0	0	0.0	2605.113378768685	1	0	1.0	1.0840406843413555
13171.700075608338	1000.0	1433.413303160344	0.0	0	0.0	2605.113378768685	1	0	1.0	1.0840406843413555
14184.508228625436	1000.0	1420.6051501432455	0.0	0	0.0	2605.113378768685	1	0	1.0	1.0840406843413555
15138.865438818482	1000.0	1466.2479399502017	0.0	0	0.0	2605.113378768685	1	0	1.0	1.0840406843413555
16577.286820062138	1000.0	1027.8265587065466	0.0	0	0.0	2605.113378768685	1	0	1.0	1.0840406843413555
17767.125711268127	1000.0	837.9876675005561	0.0	0	0.0	2605.113378768683	1	0	1.0	1.0840406843413555
18833.426351335947	1000.0	771.6870274327313	0.0	0	0.0	2605.1133787686776	1	0	1.0	1.084040684341356
19605.494580742703	1000.0	999.6187980259722	0.0	0	0.0	2605.1133787686776	1	0	1.0	1.0840406843413564
20457.174165557986	1000.0	1147.9392132106918	0.0	0	0.0	2605.1133787686776	1	0	1.0	1.0840406843413564
21275.271148222022	1000.0	1329.842230546658	0.0	0	0.0	2605.1133787686776	1	0	1.0	1.0840406843413564
22190.779467192657	1000.0	1414.333911576021	0.0	0	0.0	2605.1133787686776	1	0	1.0	1.0840406843413564
23264.6639300709	1000.0	1340.449448697777	0.0	0	0.0	2605.1133787686776	1	0	1.0	1.0840406843413564
24451.12499411652	1000.0	1153.9883846521566	0.0	0	0.0	2605.1133787686776	1	0	1.0	1.0840406843413564
25442.579476647854	1000.0	1162.5339021208154	0.0	0	0.0	2605.1133787686704	1	0	1.0	1.084040684341357
26209.93800723983	1000.0	1395.1753715288417	0.0	0	0.0	2605.1133787686704	1	0	1.0	1.0840406843413573
27157.47307366126	1000.0	1447.6403051074158	0.0	0	0.0	2605.1133787686704	1	0	1.0	1.0840406843413573
28286.264487757726	1000.0	1318.8488910109454	0.0	0	0.0	2605.1133787686704	1	0	1.0	1.0840406843413573
30862.77164375244	1000.0	200.0	457.658264983767	0	0.0	3062.7716437524396	1	0	1.0	-1.6770270013681035
31785.07390987342	500.0	617.8222919262452	340.12455804722384	0	0.0	3402.8962017996637	1	0	1.0	-2.4904786033308284
32700.88626833738	500.0	702.0099334622821	0.0	0	0.0	3402.8962017996637	1	0	1.0	0.24341592551245947
33846.66755886161	1000.0	556.2286429380563	0.0	0	0.0	3402.8962017996782	1	0	1.0	0.24341592551245728
34652.34951057192	1000.0	750.5466912277444	0.0	0	0.0	3402.8962017996746	1	0	1.0	0.9365631060724013
35322.74290536575	1000.0	1080.153296433916	0.0	0	0.0	3402.8962017996746	1	0	1.0	0.9365631060724018
36035.80013205331	1000.0	1367.096069746354	0.0	0	0.0	3402.8962017996746	1	0	1.0	0.9365631060724018
36868.24640920496	1000.0	1534.6497925946885	0.0	0	0.0	3402.896201799682	1	0	1.0	0.9365631060724002
37605.396470097956	1000.0	1797.4997317017019	0.0	0	0.0	3402.896201799682	1	0	1.0	0.9365631060724002
38546.10690059843	1000.0	1856.7893012012264	0.0	0	0.0	3402.8962017996746	1	0	1.0	0.9365631060724022
39828.50007061116	2000.0	1574.3961311884996	0.0	0	0.0	3402.8962017996746	1	0	1.0	0.9365631060724022
41092.378735454826	2000.0	1310.5174663448336	0.0	0	0.0	3402.8962017996746	1	0	1.0	1.6297102866323474
42509.770909848514	2000.0	893.1252919511503	0.0	0	0.0	3402.8962017996746	1	0	1.0	1.6297102866323474
44024.47093752517	2000.0	378.4252642744899	0.0	0	0.0	3402.8962017996746	1	0	1.0	1.6297102866323474
44770.04960159231	1000.0	651.158758976841	18.31215876950003	0	0.0	3421.2083605691732	1	0	1.0	0.1287796043314826
45639.17549514214	1000.0	782.0328654270129	0.0	0	0.0	3421.2083605691732	1	0	1.0	0.931799737508428
46422.810970061306	1000.0	998.3973905078489	0.0	0	0.0	3421.2083605691732	1	0	1.0	0.931799737508428
47612.13584516355	1000.0	809.0725154056003	0.0	0	0.0	3421.208360569166	1	0	1.0	0.9317997375084298
49100.31378425724	1000.0	320.8945763119161	0.0	0	0.0	3421.2083605691587	1	0	1.0	0.9317997375084318
49610.802493126066	500.0	810.4058674430875	0.0	0	0.0	3421.2083605691587	1	0	1.0	-0.4544946236114589
50482.2372166828	1000.0	938.9711438863426	0.0	0	0.0	3421.2083605691514	1	0	1.0	0.2386525569484882
51594.17872691668	1000.0	827.0296336524652	0.0	0	0.0	3421.2083605691514	1	0	1.0	0.9317997375084336
52613.927606325175	1000.0	807.2807542439709	0.0	0	0.0	3421.2083605691514	1	0	1.0	0.9317997375084336
53662.51384790549	1000.0	758.694512663657	0.0	0	0.0	3421.2083605691514	1	0	1.0	0.9317997375084336
54878.027080692314	1000.0	543.1812798768301	0.0	0	0.0	3421.2083605691514	1	0	1.0	0.9317997375084336
55825.322337821	1000.0	595.8860227481496	0.0	0	0.0	3421.2083605691514	1	0	1.0	0.9317997375084336
57120.237225329685	1000.0	351.3283235528566	50.357188313388235	0	0.0	3471.565548882536	1	0	1.0	0.6161653496186015
57821.0378818226	500.0	650.5276670599369	0.0	0	0.0	3471.565548882543	1	0	1.0	-0.467985881620962
59133.95973569268	1000.0	337.6058131898518	0.0	0	0.0	3471.565548882536	1	0	1.0	0.22516129893898554
59886.79222831558	500.0	632.0886773174672	47.31535675051009	0	0.0	3518.880905633043	1	0	1.0	-0.7650929930450059
61251.146726958425	1000.0	323.3647581665065	55.63057949188277	0	0.0	3574.511485124931	1	0	1.0	-0.13806578232771494
61856.427552588095	500.0	718.0839325368298	0.0	0	0.0	3574.511485124931	1	0	1.0	-0.4974294859363637
63114.217538473764	1000.0	460.29394665115944	0.0	0	0.0	3574.511485124931	1	0	1.0	0.19571769462358168
64129.29860259202	1000.0	476.29017442364596	31.07729189073865	0	0.0	3605.5887770156696	1	0	1.0	0.693000094907456
64893.597261521296	500.0	711.9915154943694	0.0	0	0.0	3605.588777015677	1	0	1.0	-0.5068305148680052
66453.11982630772	1000.0	200.0	47.531049292078194	0	0.0	3653.1198263077313	1	0	1.0	-0.10618352611178954
67273.22998770139	500.0	611.8641933146507	231.97435470830357	0	0.0	3885.094181016051	1	0	1.0	-1.9949030872446027
67902.93994553387	500.0	982.1542354821826	0.0	0	0.0	3885.094181016073	1	0	1.0	0.09009022156515462
69015.37212346142	1000.0	869.7220575546269	0.0	0	0.0	3885.0941810160657	1	0	1.0	0.09009022156515309
70401.44916059882	1000.0	483.64502041724984	0.0	0	0.0	3885.094181016073	1	0	1.0	0.7832374021250985
71028.09550871741	500.0	856.9986722986504	0.0	0	0.0	3885.0941810160875	1	0	1.0	-0.6030569589947982
72219.82006036426	1000.0	665.2741206517949	0.0	0	0.0	3885.0941810160875	1	0	1.0	0.09009022156514745
73439.23546720493	1000.0	445.85871381113566	0.0	0	0.0	3885.0941810160875	1	0	1.0	0.783237402125093
74112.28304959266	500.0	772.8111314234012	0.0	0	0.0	3885.0941810160875	1	0	1.0	-0.6030569589947982
75216.2112356995	1000.0	668.8829453165655	0.0	0	0.0	3885.0941810160875	1	0	1.0	0.09009022156514745
76809.48011142877	1000.0	200.0	124.38593041270023	0	0.0	4009.480111428784	1	0	1.0	-0.00593353753792894
77621.30323219758	500.0	585.574869935733	197.39799070454512	0	0.0	4206.878102133327	1	0	1.0	-1.9275805924839728
78232.85814552485	500.0	974.0199566084688	0.0	0	0.0	4206.878102133327	1	0	1.0	-0.0500454676967569
79319.52417088505	1000.0	887.3539312482606	0.0	0	0.0	4206.878102133327	1	0	1.0	-0.050045467696756774
80967.6183425935	1000.0	239.25975953980551	0.0	0	0.0	4206.8781021333125	1	0	1.0	0.6431017128631961
81564.65732878367	500.0	712.5657424735628	70.3449691239199	0	0.0	1277.22307125722	1	0	1.0	-9.62974932841904
82478.39181177862	1000.0	798.8312594786067	0.0	0	0.0	1277.22307125722	1	0	1.0	0.48546766688442794
84096.42283771133	1000.0	200.0	19.19976645410614	0	0.0	1296.4228377113322	1	0	1.0	1.063235914060032
84673.63704030747	500.0	714.2177467299446	91.43194932606438	0	0.0	1387.8547870374023	1	0	1.0	-0.7603541497400279
85608.06519064032	1000.0	779.7895963970748	0.0	0	0.0	1387.8547870374023	1	0	1.0	0.48138472677630384
86347.82523352031	1000.0	1040.0295535170799	0.0	0	0.0	1387.8547870374023	1	0	1.0	1.1745319073362492
87200.0	1000.0	1187.8547870374132	0.0	0	56.417645019697375	1387.8547870374168	1	0	1.0	1.1745319073362488
88316.8803717905	1000.0	1070.9744152469264	0.0	0	0.0	1387.8547870374314	1	0	1.0	1.1745319073362481
89252.1222065578	1000.0	1135.732580479623	0.0	0	0.0	1387.8547870374314	1	0	1.0	1.1745319073362481
90362.77304770317	1000.0	1025.0817393342477	0.0	0	0.0	1387.8547870374168	1	0	1.0	1.1745319073362488
91200.0	1000.0	1187.854787037416	0.0	0	65.61422547718394	1387.8547870374168	1	0	1.0	1.1745319073362488
92200.0	1000.0	1187.8547870374118	0.0	0	270.8488856900076	1387.8547870374168	1	0	1.0	1.1745319073362488
93471.82200642886	1000.0	916.0327806085386	0.0	0	0.0	1387.8547870374023	1	0	1.0	1.1745319073362492
94401.81441037939	1000.0	986.0403766580096	0.0	0	0.0	1387.8547870374023	1	0	1.0	1.1745319073362492
95200.0	1000.0	1187.854787037381	0.0	0	216.52198110982135	1387.8547870374023	1	0	1.0	1.1745319073362492
96558.07542710852	1000.0	829.7793599288743	0.0	0	0.0	1387.8547870374023	1	0	1.0	1.1745319073362492
98133.7127639433	1000.0	260.5010552949657	6.3590322008795965	0	0.0	1394.2138192382845	1	0	1.0	1.136129290350175
98847.61321000816	500.0	643.3186638038565	96.71805457373381	0	0.0	1490.93187381202	1	0	1.0	-0.7962947595346006
99896.93286217435	1000.0	593.9990116376637	0.0	0	0.0	1490.9318738120055	1	0	1.0	0.47716074846774825
101404.61642684754	1000.0	219.9007696625247	133.58532269804337	0	0.0	1624.5171965100453	1	0	1.0	0.3637919850670811
102313.40919941648	1000.0	558.6333205119947	247.52532341841487	0	0.0	1872.0425199284655	1	0	1.0	-0.3347292970611186
103905.48447261666	1000.0	265.9967665396897	299.4387192278697	0	0.0	2171.4812391563464	1	0	1.0	-0.6678856170039538
104461.59386848893	500.0	763.8442005845596	53.95682991712732	0	0.0	2225.4380690734833	1	0	1.0	-0.5859015710573905
105418.92670857928	1000.0	806.5113604941971	0.0	0	0.0	2225.4380690734833	1	0	1.0	0.4309865890053191
106220.17313852276	1000.0	1005.2649305507285	0.0	0	0.0	2225.4380690734833	1	0	1.0	1.1241337695652645
107736.40486330217	1000.0	489.0332057713183	0.0	0	0.0	2225.438069073469	1	0	1.0	1.1241337695652658
108426.55603078537	500.0	798.8820382881285	0.0	0	0.0	2225.438069073469	1	0	1.0	-0.26216059155462507
109659.84044707815	1000.0	565.5976219953444	0.0	0	0.0	2225.4380690734542	1	0	1.0	0.4309865890053216
111103.02053045698	1000.0	309.7571791987235	187.3396405822228	0	0.0	2412.7777096557256	1	0	1.0	-0.01789379445342737
111513.8983008681	500.0	898.8794087876095	0.0	0	0.0	2412.7777096557256	1	0	1.0	-0.2801503120799814
112566.85869926923	1000.0	845.919010386485	0.0	0	0.0	2412.7777096557256	1	0	1.0	0.41299686847996425
113590.34126330259	1000.0	822.4364463531309	0.0	0	0.0	2412.7777096557256	1	0	1.0	1.1061440490399097
114566.57742470653	1000.0	846.2002849491971	0.0	0	0.0	2412.7777096557256	1	0	1.0	1.1061440490399097
115713.18935555028	1000.0	699.5883541054503	0.0	0	0.0	2412.7777096557256	1	0	1.0	1.1061440490399097
116791.6418418841	1000.0	621.1358677716224	0.0	0	0.0	2412.7777096557256	1	0	1.0	1.1061440490399097
118363.50861368176	1000.0	204.8130034062823	155.54390743231178	0	0.0	2568.3216170880332	1	0	1.0	0.15982793024389857
118865.70534667937	500.0	741.1531708343203	38.536900425664385	0	0.0	2606.8585175136977	1	0	1.0	-0.5336944636471188
119928.84434483598	1000.0	678.0141726777296	0.0	0	0.0	2606.8585175136977	1	0	1.0	0.3906741194668132
121529.98965728932	1000.0	211.686010171927	134.8171499475312	0	0.0	2741.6756674612407	1	0	1.0	0.2578577002057113
122125.13917434581	500.0	710.2924091037638	93.75591598832585	0	0.0	2835.4315834495646	1	0	1.0	-0.8970508173232028
123535.54869231848	1000.0	299.88289113109363	0.0	0	0.0	2835.4315834495646	1	0	1.0	0.3586318591666977
124225.8814163826	500.0	638.0076762471845	28.457509180219176	0	0.0	2863.88909262979	1	0	1.0	-0.5097443144241177
125620.91392144415	1000.0	242.97517118563906	0.0	0	0.0	2863.88909262979	1	0	1.0	0.35414792121714306
126438.01685355828	500.0	632.3940605256294	206.52182145411436	0	0.0	3070.410914083899	1	0	1.0	-1.6144024013055553
127268.36385400884	1000.0	802.0470600750741	0.0	0	0.0	3070.410914083899	1	0	1.0	0.31787570797907627
128038.78380668277	1000.0	1031.6271074011581	0.0	0	0.0	3070.410914083899	1	0	1.0	1.0110228885390218
129305.84903740315	1000.0	764.5618766807919	0.0	0	0.0	3070.410914083899	1	0	1.0	1.0110228885390218
130332.97809988019	1000.0	737.4328142037456	0.0	0	0.0	3070.410914083899	1	0	1.0	1.0110228885390218
131354.62134840887	1000.0	715.7895656750322	0.0	0	0.0	3070.4109140838555	1	0	1.0	1.011022888539025
132209.09609897947	1000.0	861.31481510443	0.0	0	0.0	3070.4109140838555	1	0	1.0	1.0110228885390307
133284.19908786757	1000.0	786.2118262163417	0.0	0	0.0	3070.41091408387	1	0	1.0	1.0110228885390273
134401.33625283212	1000.0	669.0746612517928	0.0	0	0.0	3070.4109140838846	1	0	1.0	1.0110228885390244
135406.22240452725	1000.0	664.1885095566608	0.0	0	0.0	3070.4109140838846	1	0	1.0	1.0110228885390278
136252.55183123852	1000.0	817.8590828454105	0.0	0	0.0	3070.4109140838846	1	0	1.0	1.0110228885390244
137384.58810015977	1000.0	685.8228139241487	0.0	0	0.0	3070.4109140838555	1	0	1.0	1.01102288853903
138405.89966429965	1000.0	664.5112497842615	0.0	0	0.0	3070.4109140838555	1	0	1.0	1.01102288853903
139423.27131171798	1000.0	647.1396023659021	0.0	0	0.0	3070.4109140838555	1	0	1.0	1.01102288853903
140276.92550814248	1000.0	793.4854059413948	0.0	0	0.0	3070.4109140838555	1	0	1.0	1.01102288853903
141478.80424516145	1000.0	591.6066689224416	0.0	0	0.0	3070.4109140838555	1	0	1.0	1.01102288853903
142551.51643673825	1000.0	518.8944773456201	0.0	0	0.0	3070.4109140838555	1	0	1.0	1.01102288853903
143773.56345861065	1000.0	403.2003909200847	106.35293544685135	0	0.0	3176.7638495307183	1	0	1.0	0.3514201739679856
144648.5221568693	1000.0	567.7983619313561	39.55666926991711	0	0.0	3216.3205188006104	1	0	1.0	0.7436732647199357
145482.50176925395	1000.0	733.8187495467103	0.0	0	0.0	3216.3205188006104	1	0	1.0	0.9810132803394382
146592.35290927856	1000.0	623.9676095220965	0.0	0	0.0	3216.3205188006104	1	0	1.0	0.9810132803394382
147448.30665700047	1000.0	768.0138618001941	0.0	0	0.0	3216.3205188006104	1	0	1.0	0.9810132803394382
148180.88825545833	1000.0	1035.432263342343	0.0	0	0.0	3216.3205188006104	1	0	1.0	0.9810132803394382
149093.3512652577	1000.0	1122.9692535429854	0.0	0	0.0	3216.3205188006104	1	0	1.0	0.9810132803394382
150333.59269933222	1000.0	882.7278194684695	0.0	0	0.0	3216.3205188006104	1	0	1.0	0.9810132803394382
151568.79667944563	1000.0	647.523839355049	0.0	0	0.0	3216.3205188006395	1	0	1.0	0.9810132803394318
152393.40855220877	1000.0	822.9119665918804	0.0	0	0.0	3216.3205188006687	1	0	1.0	0.9810132803394255
153277.87401257083	1000.0	938.4465062298378	0.0	0	0.0	3216.3205188006687	1	0	1.0	0.9810132803394255
154244.61608619924	1000.0	971.7044326014042	0.0	0	0.0	3216.3205188006687	1	0	1.0	0.9810132803394255
155713.323578364	1000.0	502.9969404366534	0.0	0	0.0	3216.3205188006687	1	0	1.0	0.9810132803394255
156716.448400381	1000.0	499.8721184196765	0.0	0	0.0	3216.3205188006395	1	0	1.0	0.9810132803394318
158078.43045444874	1000.0	206.80168279409972	68.91161844219985	0	0.0	3285.232137242856	1	0	1.0	0.5519634186450559
158554.87042809048	500.0	792.8502177229836	62.4885085706366	0	0.0	3347.720645813475	1	0	1.0	-0.8107567621051381
160269.62839839197	1000.0	200.0	121.90775257852233	0	0.0	3469.628398391971	1	0	1.0	-0.4814768633424166
161045.62009653682	500.0	629.3846808565556	205.37637900138287	0	0.0	3675.004777393362	1	0	1.0	-1.7609849996609912
162112.26504307956	1000.0	562.7397343138	0.0	0	0.0	3675.004777393333	1	0	1.0	0.16442045490726143
163051.63151086183	1000.0	623.3732665315358	0.0	0	0.0	3675.004777393333	1	0	1.0	0.8575676354672068
163777.2000830661	1000.0	897.8046943272807	0.0	0	0.0	3675.004777393362	1	0	1.0	0.8575676354671974
165130.0459150903	1000.0	544.9588623030404	0.0	0	0.0	3675.004777393333	1	0	1.0	0.8575676354672068
165599.61654598586	500.0	1075.388231407468	0.0	0	0.0	3675.004777393304	1	0	1.0	-0.5287267256526745
166331.42065125247	1000.0	1343.5841261408605	0.0	0	0.0	3675.004777393304	1	0	1.0	0.16442045490727086
167121.03216334165	1000.0	1553.9726140516912	0.0	0	0.0	3675.004777393304	1	0	1.0	0.8575676354672163
169171.6787725213	2000.0	503.32600487201296	0.0	0	0.0	3675.0047773932747	1	0	1.0	0.8575676354672237
169725.48867547396	1000.0	949.5161019193733	0.0	0	0.0	3675.0047773932747	1	0	1.0	0.16442045490728052
171347.22444161674	2000.0	327.7803357765894	0.0	0	0.0	3675.0047773932747	1	0	1.0	0.8575676354672257
172859.7494290517	1000.0	330.7813362192092	515.5259878775614	0	0.0	4190.530765270843	1	0	1.0	-3.1352489538855135
173335.80080267353	500.0	854.7299625973853	0.0	0	0.0	1190.5307652708143	1	0	1.0	-9.20477612303531
174340.21118840724	1000.0	850.3195768636623	0.0	0	0.0	1190.5307652707852	1	0	1.0	0.4883710575246363
175200.0	1000.0	990.5307652708977	0.0	0	13.737290047225542	1190.5307652707852	1	0	1.0	1.1815182380845817
176234.6469626599	1000.0	955.8838026109815	0.0	0	0.0	1190.5307652707852	1	0	1.0	1.1815182380845817
177654.90895583451	1000.0	535.6218094363894	0.0	0	0.0	1190.5307652707852	1	0	1.0	1.1815182380845817
179134.81705743287	1000.0	200.0	144.28629216197365	0	0.0	1334.8170574328688	1	0	1.0	0.31182565685361185
180577.72444155492	500.0	422.4278031107239	665.3351872327564	0	0.0	2000.1522446656018	1	0	1.0	-4.2356996023260685
181503.94346445886	500.0	544.670805790184	48.46202558341804	0	0.0	2048.6142702490324	1	0	1.0	0.1544827796613749
183012.40383380282	1000.0	200.0	163.7895635537904	0	0.0	2212.4038338027894	1	0	1.0	-0.5490799358196861
183530.61675854083	500.0	759.1399772248645	77.3529019629111	0	0.0	2289.7567357657244	1	0	1.0	-0.7320965427480723
184208.929470742	1000.0	1080.82726502365	0.0	0	0.0	2289.7567357657244	1	0	1.0	0.4251680495893397
185052.77017783452	1000.0	1236.9865579311008	0.0	0	0.0	2289.7567357657244	1	0	1.0	1.1183152301492851
186150.26505159008	1000.0	1139.4916841755721	0.0	0	0.0	2289.7567357657244	1	0	1.0	1.1183152301492856
186955.10325747362	1000.0	1334.653478292004	0.0	0	0.0	2289.7567357657244	1	0	1.0	1.1183152301492851
187694.58203744353	1000.0	1595.1746983221076	0.0	0	0.0	2289.7567357657244	1	0	1.0	1.1183152301492851
188942.13906578012	2000.0	1347.6176699854987	0.0	0	0.0	2289.7567357657535	1	0	1.0	1.1183152301492822
189630.3713677303	1000.0	1659.385368035348	0.0	0	0.0	2289.7567357657535	1	0	1.0	0.42516804958933724
191348.67044000843	2000.0	941.086295757178	0.0	0	0.0	2289.7567357657244	1	0	1.0	1.1183152301492851
191883.05882738688	1000.0	1406.6979083787223	0.0	0	0.0	2289.7567357657244	1	0	1.0	0.4251680495893399
193556.5584007238	2000.0	733.1983350418247	0.0	0	0.0	2289.7567357657244	1	0	1.0	1.1183152301492851
194418.29151002166	1000.0	871.4652257439454	0.0	0	0.0	2289.7567357656953	1	0	1.0	0.4251680495893426
195359.33625044159	1000.0	930.4204853239976	0.0	0	0.0	2289.7567357656953	1	0	1.0	1.1183152301492878
196530.9267006169	1000.0	758.8300351486828	0.0	0	0.0	2289.7567357656662	1	0	1.0	1.118315230149289
197943.0069723406	1000.0	346.749763424997	0.0	0	0.0	2289.7567357656662	1	0	1.0	1.1183152301492905
198402.88139148703	500.0	886.8753442785908	0.0	0	0.0	2289.7567357656953	1	0	1.0	-0.2679791309706031
199923.81947422915	1000.0	365.9372615364501	0.0	0	0.0	2289.7567357656953	1	0	1.0	0.4251680495893424
200880.19971546638	1000.0	459.73526108805385	50.178240788832056	0	0.0	2339.934976554534	1	0	1.0	0.812452364680494
202071.6118463728	1000.0	430.46844970701784	162.14531952536632	0	0.0	2502.08029607989	1	0	1.0	0.12350546196596096
202906.320083693	1000.0	595.7602123868253	0.0	0	0.0	2502.08029607989	1	0	1.0	1.0963773791181588
203881.29239625158	1000.0	620.7878998282423	0.0	0	0.0	2502.080296079861	1	0	1.0	1.0963773791181621
204897.2135578343	1000.0	604.8667382454943	0.0	0	0.0	2502.080296079861	1	0	1.0	1.0963773791181621
206312.56507804323	1000.0	281.3159525626978	91.80073452610537	0	0.0	2593.8810306059604	1	0	1.0	0.5346397773139324
206960.17562430623	500.0	698.8315564444722	65.12615014478976	0	0.0	2659.0071807507484	1	0	1.0	-0.6999533944067795
208089.11513770046	1000.0	569.8920430502764	0.0	0	0.0	2659.0071807507775	1	0	1.0	0.3839506870219005
209173.65197447434	1000.0	485.355206276378	0.0	0	0.0	2659.0071807507775	1	0	1.0	1.077097867581846
210551.82267805457	1000.0	263.77337644594456	156.58887374978104	0	0.0	2815.59605450058	1	0	1.0	0.11530258805087457
211225.7800009098	500.0	634.9862303358051	45.170176745100946	0	0.0	2860.7662312456814	1	0	1.0	-0.6095225242910283
212774.4682861772	1000.0	200.0	113.70205493157616	0	0.0	2974.468286177289	1	0	1.0	-0.34023058768480324
213499.41337511997	500.0	634.8690319447194	159.81412088746418	0	0.0	3134.2824070647766	1	0	1.0	-1.3468138636110545
214757.8135365293	1000.0	376.46887053539183	0.0	0	0.0	3134.2824070647766	1	0	1.0	0.3052180422736736
215349.05020309845	500.0	785.2322039662502	0.0	0	0.0	3134.2824070648057	1	0	1.0	-0.3879291382862743
216462.41442497278	1000.0	671.867982091915	0.0	0	0.0	3134.2824070648057	1	0	1.0	0.3052180422736678
218049.47686585708	1000.0	214.3176336249092	129.5120924172659	0	0.0	3263.7944994821446	1	0	1.0	0.1939516390686874
218878.68051383854	500.0	589.6782346325313	204.56424898906505	0	0.0	3468.3587484711898	1	0	1.0	-1.6944948193984861
219477.91113820864	500.0	990.4476102624071	0.0	0	0.0	3468.3587484711898	1	0	1.0	0.22603785509584967
220953.7447293567	1000.0	514.6140191143695	0.0	0	0.0	3468.358748471219	1	0	1.0	0.22603785509584173
222272.32854675036	1000.0	330.07380610818274	134.04360438747761	0	0.0	3602.402352858713	1	0	1.0	0.07617738484288059
222894.5151373179	500.0	707.8872155405917	0.0	0	0.0	3602.402352858713	1	0	1.0	-0.5058553499521516
223816.6537530957	1000.0	785.7485997628298	0.0	0	0.0	3602.402352858713	1	0	1.0	0.18729183060779397
225233.55873271867	1000.0	368.8436201398861	0.0	0	0.0	3602.402352858713	1	0	1.0	0.8804390111677394
225763.92250493326	500.0	838.4798479252759	0.0	0	0.0	3602.402352858713	1	0	1.0	-0.5058553499521516
227148.93786240308	1000.0	453.464490455469	0.0	0	0.0	3602.4023528587422	1	0	1.0	0.18729183060778484
227964.3034339939	500.0	638.0989188646438	0.0	0	0.0	3602.4023528587422	1	0	1.0	-0.5058553499521606
228472.010015279	500.0	1130.3923375795744	0.0	0	0.0	3602.4023528587422	1	0	1.0	0.18729183060778481
229943.24230060194	1000.0	659.1600522566496	0.0	0	0.0	3602.4023528587713	1	0	1.0	0.1872918306077762
231507.95022302863	1000.0	200.0	105.5478701700796	0	0.0	3707.9502230288053	1	0	1.0	0.21683271375421825
232176.30663676411	500.0	654.2094600517888	122.56587378729267	0	0.0	3830.516096816107	1	0	1.0	-1.3179243526581392
232811.1248379846	500.0	1019.3912588313277	0.0	0	0.0	3830.516096816078	1	0	1.0	0.11061807062557334
233815.002255864	1000.0	1015.5138409519169	0.0	0	0.0	3830.516096816049	1	0	1.0	0.11061807062558415
234856.41510456378	1000.0	974.100992252145	0.0	0	0.0	3830.516096816049	1	0	1.0	0.8037652511855296
235477.09586379334	1000.0	1353.4202330226149	0.0	0	0.0	3830.516096816049	1	0	1.0	0.8037652511855273
237127.55548632026	2000.0	702.9606104956741	0.0	0	0.0	3830.51609681602	1	0	1.0	0.8037652511855379
238343.67665555055	1000.0	486.83944126538614	0.0	0	0.0	3830.5160968159907	1	0	1.0	0.11061807062560577
239393.9540070402	1000.0	442.69902616119737	6.136936385481135	0	0.0	3836.6530332014663	1	0	1.0	0.7646793993717103
240359.17411611156	1000.0	513.4617675089232	35.982850419088095	0	0.0	3872.635883620562	1	0	1.0	0.5721042550675631
241065.9859550626	1000.0	806.6499285578686	0.0	0	0.0	3872.635883620562	1	0	1.0	0.7880013575820917
242050.27262969778	1000.0	822.3632539227117	0.0	0	0.0	3872.635883620562	1	0	1.0	0.7880013575820917
242903.74684980448	1000.0	968.8890338159749	0.0	0	0.0	3872.635883620562	1	0	1.0	0.7880013575820917
243777.92609643235	1000.0	1094.709787188113	0.0	0	0.0	3872.635883620562	1	0	1.0	0.7880013575820917
245022.608533015	1000.0	850.0273506054348	0.0	0	0.0	3872.635883620562	1	0	1.0	0.7880013575820917
246789.3345046482	1000.0	246.8760776497802	163.57469867753434	0	0.0	4036.210582298081	1	0	1.0	-0.2523581469440356
247606.96340245818	500.0	671.0566711334986	241.80949129369128	0	0.0	1278.0200735916733	1	0	1.0	-10.658564317878394
248705.27779457398	1000.0	572.7422790176796	0.0	0	0.0	1278.0200735916733	1	0	1.0	0.4854398104437016
250181.85391209318	1000.0	200.0	103.83383850151546	0	0.0	1381.8539120931819	1	0	1.0	0.5541656367659462
250691.48535643538	500.0	748.1054146227955	57.736858965026215	0	0.0	1439.590771058196	1	0	1.0	-0.5602503987233358
251988.38447476586	1000.0	451.20629629232917	0.0	0	0.0	1439.590771058196	1	0	1.0	0.4793179356267671
253259.02901989312	1000.0	382.0045123912454	201.4427612261792	0	0.0	1641.0335322843748	1	0	1.0	-0.04531344192199602
254185.03299250884	1000.0	535.1046258158449	79.10408604032784	0	0.0	1720.1376183247194	1	0	1.0	0.6846167304706983
254900.23484194267	1000.0	819.9027763820163	0.0	0	0.0	1720.1376183247194	1	0	1.0	1.1592412467126654
255889.80509599904	1000.0	830.332522325662	0.0	0	0.0	1720.1376183247194	1	0	1.0	1.1592412467126654
257504.60801034427	1000.0	215.52960798047806	0.0	0	0.0	1720.1376183247194	1	0	1.0	1.1592412467126654
258079.0843339174	500.0	725.720402320736	84.6671179134184	0	0.0	1804.8047362381185	1	0	1.0	-0.7398102979442587
259362.87949466775	1000.0	441.925241570387	0.0	0	0.0	1804.8047362381476	1	0	1.0	0.4613395900961953
260189.4961572011	1000.0	615.3085790370526	0.0	0	0.0	1804.8047362381476	1	0	1.0	1.1544867706561406
261116.9599456642	1000.0	687.8447905739494	0.0	0	0.0	1804.8047362381476	1	0	1.0	1.1544867706561406
262125.67042694736	1000.0	679.1343092907798	0.0	0	0.0	1804.8047362381185	1	0	1.0	1.1544867706561424
263005.43339965254	1000.0	799.3713365855522	0.0	0	0.0	1804.8047362380603	1	0	1.0	1.1544867706561437
264261.82626698894	1000.0	542.9784692491461	0.0	0	0.0	1804.8047362380312	1	0	1.0	1.1544867706561468
265563.3967944011	1000.0	374.50568833963484	133.09774650259163	0	0.0	1937.9024827406975	1	0	1.0	0.34759038844580736
266835.81112624623	1000.0	302.01491311102023	199.92355661645752	0	0.0	2137.826039357169	1	0	1.0	-0.06803569285861819
267564.72937333584	500.0	672.6328671081214	99.53620108675238	0	0.0	2237.3622404439375	1	0	1.0	-0.8604297246388424
268810.6849206749	1000.0	426.6773197690742	0.0	0	0.0	2237.3622404439375	1	0	1.0	0.42993466244161754
270169.765927342	1000.0	251.26335075987205	183.66703765788577	0	0.0	2421.029278101865	1	0	1.0	0.003273522436300913
270855.4037249539	500.0	656.9626082619535	91.33705511394541	0	0.0	2512.3663332157885	1	0	1.0	-0.8391179782212836
271947.6231259057	1000.0	564.7432073101546	0.0	0	0.0	2512.3663332157303	1	0	1.0	0.40205153302234065
273622.35071139695	1000.0	200.0	309.9843781811138	0	0.0	2822.3507113968953	1	0	1.0	-0.7995777285313606
274493.6382655754	500.0	535.6248043234311	206.9123585018734	0	0.0	3029.263069898763	1	0	1.0	-1.608967324461067
275244.2732936993	500.0	784.9897761995678	0.0	0	0.0	3029.263069898763	1	0	1.0	0.3256540071101189
275988.9592467951	1000.0	1040.3038231037804	0.0	0	0.0	3029.263069898763	1	0	1.0	0.32565400711011894
276857.48221153737	1000.0	1171.7808583615242	0.0	0	0.0	3029.263069898705	1	0	1.0	1.018801187670075
278164.5365183305	1000.0	864.7265515683969	0.0	0	0.0	3029.263069898705	1	0	1.0	1.018801187670075
279193.64403064386	1000.0	835.6190392549934	0.0	0	0.0	3029.263069898705	1	0	1.0	1.018801187670075
280301.19005875837	1000.0	728.0730111404725	0.0	0	0.0	3029.263069898763	1	0	1.0	1.0188011876700644
281181.0789257863	1000.0	848.1841441125533	0.0	0	0.0	3029.263069898763	1	0	1.0	1.0188011876700644
282157.988454787	1000.0	871.2746151118822	0.0	0	0.0	3029.263069898763	1	0	1.0	1.0188011876700644
283007.4530910802	1000.0	1021.8099788187253	0.0	0	0.0	3029.2630698988214	1	0	1.0	1.0188011876700536
283954.8192330069	1000.0	1074.4438368920075	0.0	0	0.0	3029.2630698988214	1	0	1.0	1.0188011876700536
285181.65846307605	1000.0	847.6046068228893	0.0	0	0.0	3029.2630698988796	1	0	1.0	1.0188011876700427
285961.5822765405	1000.0	1067.68079335844	0.0	0	0.0	3029.2630698988796	1	0	1.0	1.0188011876700427
287140.3315851457	1000.0	888.9314847533136	0.0	0	0.0	3029.2630698988796	1	0	1.0	1.0188011876700427
288177.8804390349	1000.0	851.3826308640646	0.0	0	0.0	3029.2630698988796	1	0	1.0	1.0188011876700427
289044.1374060187	1000.0	985.1256638802653	0.0	0	0.0	3029.2630698988796	1	0	1.0	1.0188011876700427
289772.13625695166	1000.0	1257.1268129473049	0.0	0	0.0	3029.263069898938	1	0	1.0	1.0188011876700318
290625.4742618934	1000.0	1403.7888080055486	0.0	0	0.0	3029.263069898938	1	0	1.0	1.0188011876700318
291545.42458724865	1000.0	1483.838482650344	0.0	0	0.0	3029.263069898938	1	0	1.0	1.0188011876700318
292281.3311186057	1000.0	1747.9319512932504	0.0	0	0.0	3029.2630698988796	1	0	1.0	1.018801187670034
293558.37796341354	1000.0	1470.885106485404	0.0	0	0.0	3029.2630698988796	1	0	1.0	1.0188011876700427
294893.88912460336	1000.0	1135.3739452956434	0.0	0	0.0	3029.263069898938	1	0	1.0	1.018801187670034
295951.03023392975	1000.0	1078.2328359692626	0.0	0	0.0	3029.2630698988796	1	0	1.0	1.0188011876700427
296683.97015913564	1000.0	1345.2929107633267	0.0	0	0.0	3029.2630698988214	1	0	1.0	1.0188011876700536
297486.09996345866	1000.0	1543.1631064403882	0.0	0	0.0	3029.2630698988796	1	0	1.0	1.0188011876700471
298527.9775204147	1000.0	1501.2855494843486	0.0	0	0.0	3029.2630698988796	1	0	1.0	1.0188011876700427
299471.50219725707	1000.0	1557.760872641911	0.0	0	0.0	3029.2630698988796	1	0	1.0	1.0188011876700427
300412.4154842089	1000.0	1616.8475856901387	0.0	0	0.0	3029.263069898938	1	0	1.0	1.0188011876700318
301277.6791068259	1000.0	1751.5839630731364	0.0	0	0.0	3029.263069898938	1	0	1.0	1.0188011876700318
302390.27603269083	1000.0	1638.987037208174	0.0	0	0.0	3029.263069898938	1	0	1.0	1.0188011876700318
303724.9129794221	1000.0	1304.350090476922	0.0	0	0.0	3029.263069898938	1	0	1.0	1.0188011876700276
305095.23896837333	1000.0	934.0241015256187	0.0	0	0.0	3029.263069898938	1	0	1.0	1.0188011876700318
305957.26600371004	1000.0	1071.9970661889208	0.0	0	0.0	3029.263069898938	1	0	1.0	1.0188011876700318
307618.53822184546	1000.0	410.7248480535095	0.0	0	0.0	3029.2630698988796	1	0	1.0	1.0188011876700427
308509.78122159746	1000.0	519.4818483014712	0.0	0	0.0	3029.2630698988796	1	0	1.0	1.0188011876700427
309597.4363715579	500.0	582.6431148706429	150.81641652957433	0	0.0	3180.079486428469	1	0	1.0	-1.3023581775069855
310778.2106075627	1000.0	511.902486187613	110.03360732175915	0	0.0	3290.1130937502603	1	0	1.0	-0.389055395526228
311433.28317682823	1000.0	856.8299169220714	0.0	0	0.0	3290.1130937503185	1	0	1.0	0.9642934289642666
312161.6112630097	1000.0	1128.5018307406235	0.0	0	0.0	3290.1130937503185	1	0	1.0	0.9642934289642585
313241.0971474527	1000.0	1049.015946297589	0.0	0	0.0	3290.1130937503185	1	0	1.0	0.9642934289642585
314347.5400781242	1000.0	942.573015626085	0.0	0	0.0	3290.1130937503185	1	0	1.0	0.9642934289642476
1.11	0.87	0.94	0.96	0.7	1.0	0.47	0.81	1.3	1.32	0.98	0.72	1.1	1.27	1.01	1.22	1.69	1.37	0.76	1.0	1.32	1.25	0.93	0.79	0.67	0.45999999999999996	0.27	0.58	0.88	0.88	1.17	1.15	1.17	1.23	1.66	1.47	1.49	1.33	1.53	1.08	1.34	0.9638	0.9858	0.9858	0.8678	0.8818	0.9418	0.9038	0.9938	0.9338	0.8718	0.8678	0.8278	0.8518	0.8278	0.8078000000000001	0.8878	0.8838	0.8718	0.7978000000000001	0.8478	0.8598	0.8418	0.8098	0.8518	0.8318	0.8558	0.8438	0.8838	0.8438	0.9098	0.8398	0.8678	0.8138	0.8038000000000001	0.7678	0.8458	0.8438	0.8318	0.8798	0.9618	1.19	1.54	1.15	0.85	1.11	1.19	1.25	0.97	1.17	1.4	0.72	0.44	0.71	0.97	1.15	0.75	0.92	0.72	0.87	1.32	1.14	0.75	0.59	0.71	0.71	0.98	1.0	1.12	1.02	0.85	0.74	0.92	0.73	0.98	0.88	0.72	0.75	0.76	0.67	0.74	0.74	1.1126666666666667	1.0646666666666667	1.0726666666666667	1.0526666666666666	1.1326666666666667	1.0646666666666667	0.9866666666666666	1.0206666666666666	1.0086666666666666	1.0026666666666666	1.0986666666666667	1.1166666666666667	1.1266666666666667	1.0886666666666667	1.0786666666666667	1.0906666666666667	0.9846666666666666	0.9906666666666666	0.9766666666666666	0.9906666666666666	1.0426666666666666	1.1266666666666667	1.1866666666666665	1.1326666666666667	1.1306666666666667	1.1606666666666665	1.1386666666666665	1.04	1.11	0.87	0.94	0.96	0.7	1.0	0.47	0.81	1.3	1.32	0.98	0.72	1.1	1.27	1.01	1.22	1.69	1.37	0.76	1.0	1.32	1.25	0.93	0.79	0.67	0.45999999999999996	0.27	0.58	0.88	0.88	1.17	1.15	1.17	1.23	1.66	1.47	1.49	1.33	1.53	1.08	1.34	0.9638	0.9858	0.9858	0.8678	0.8818	0.9418	0.9038	0.9938	0.9338	0.8718	0.8678	0.8278	0.8518	0.8278	0.8078000000000001	0.8878	0.8838	0.8718	0.7978000000000001	0.8478	0.8598	0.8418	0.8098	0.8518	0.8318	0.8558	0.8438	0.8838	0.8438	0.9098	0.8398	0.8678	0.8138	0.8038000000000001	0.7678	0.8458	0.8438	0.8318	0.8798	0.9618	1.19	1.54	1.15	0.85	1.11	1.19	1.25	0.97	1.17	1.4	0.72	0.44	0.71	0.97	1.15	0.75	0.92	0.72	0.87	1.32	1.14	0.75	0.59	0.71	0.71	0.98	1.0	1.12	1.02	0.85	0.74	0.92	0.73	0.98	0.88	0.72	0.75	0.76	0.67	0.74	0.74	1.1126666666666667	1.0646666666666667	1.0726666666666667	1.0526666666666666	1.1326666666666667	1.0646666666666667	0.9866666666666666	1.0206666666666666	1.0086666666666666	1.0026666666666666	1.0986666666666667	1.1166666666666667	1.1266666666666667	1.0886666666666667	1.0786666666666667	1.0906666666666667	0.9846666666666666	0.9906666666666666	0.9766666666666666	0.9906666666666666	1.0426666666666666	1.1266666666666667	1.1866666666666665	1.1326666666666667	1.1306666666666667	1.1606666666666665	1.1386666666666665	1.04	1.11	0.87	0.94	0.96	0.7	1.0	0.47	0.81	1.3	1.32	0.98	0.72	1.1	1.27
1.0	2.0	3.0	4.0	5.0	6.0	7.0	8.0	9.0	10.0	11.0	12.0	13.0	14.0	15.0	16.0	17.0	18.0	19.0	20.0	21.0	22.0	23.0	24.0	25.0	26.0	27.0	28.0	29.0	30.0	31.0	32.0	33.0	34.0	35.0	36.0	37.0	38.0	39.0	40.0	41.0	42.0	43.0	44.0	45.0	46.0	47.0	48.0	49.0	50.0	51.0	52.0	53.0	54.0	55.0	56.0	57.0	58.0	59.0	60.0	61.0	62.0	63.0	64.0	65.0	66.0	67.0	68.0	69.0	70.0	71.0	72.0	73.0	74.0	75.0	76.0	77.0	78.0	79.0	80.0	81.0	82.0	83.0	84.0	85.0	86.0	87.0	88.0	89.0	90.0	91.0	92.0	93.0	94.0	95.0	96.0	97.0	98.0	99.0	100.0	101.0	102.0	103.0	104.0	105.0	106.0	107.0	108.0	109.0	110.0	111.0	112.0	113.0	114.0	115.0	116.0	117.0	118.0	119.0	120.0	121.0	122.0	123.0	124.0	125.0	126.0	127.0	128.0	129.0	130.0	131.0	132.0	133.0	134.0	135.0	136.0	137.0	138.0	139.0	140.0	141.0	142.0	143.0	144.0	145.0	146.0	147.0	148.0	149.0	149.0	150.0	151.0	152.0	153.0	154.0	155.0	156.0	157.0	158.0	159.0	160.0	161.0	162.0	163.0	164.0	165.0	166.0	167.0	168.0	169.0	170.0	171.0	172.0	173.0	174.0	175.0	176.0	177.0	178.0	179.0	180.0	181.0	182.0	183.0	184.0	185.0	186.0	187.0	188.0	189.0	190.0	191.0	192.0	193.0	194.0	195.0	196.0	197.0	198.0	199.0	200.0	201.0	202.0	203.0	204.0	205.0	206.0	207.0	208.0	209.0	210.0	211.0	212.0	213.0	214.0	215.0	216.0	217.0	218.0	219.0	220.0	221.0	222.0	223.0	224.0	225.0	226.0	227.0	228.0	229.0	230.0	231.0	232.0	233.0	234.0	235.0	236.0	237.0	238.0	239.0	240.0	241.0	242.0	243.0	244.0	245.0	246.0	247.0	248.0	249.0	250.0	251.0	252.0	253.0	254.0	255.0	256.0	257.0	258.0	259.0	260.0	261.0	262.0	263.0	264.0	265.0	266.0	267.0	268.0	269.0	270.0	271.0	272.0	273.0	274.0	275.0	276.0	277.0	278.0	279.0	280.0	281.0	282.0	283.0	284.0	285.0	286.0	287.0	288.0	289.0	290.0	291.0	292.0	293.0	294.0	295.0	296.0	297.0	298.0	298.0	299.0	300.0	301.0	302.0	303.0	304.0	305.0	306.0	307.0	308.0	309.0	310.0	311.0	312.0
4262.678076956652
