5848.760835918201	500.0	2000.0	91.16519380073204	0	0.0	2848.7608359182013	1	0	1.0	-9.699175552549507
6626.527541191402	6000.0	2222.2332947267987	0.0	0	0.0	2848.760835918201	1	0	1.0	0.356546198629315
7470.316953227115	6000.0	2378.4438826910855	0.0	0	0.0	2848.7608359182004	1	0	1.0	2.8414528484173154
8200.0	6000.0	2648.7608359182	0.0	0	47.74228668411888	2848.7608359182004	1	0	1.0	2.8414528484173154
9200.0	6000.0	2648.7608359182	0.0	0	352.595746387502	2848.7608359182004	1	0	1.0	2.8414528484173154
10200.0	6000.0	2648.7608359181972	0.0	0	312.1220496764381	2848.7608359181986	1	0	1.0	2.8414528484173154
11200.0	6000.0	2648.7608359181963	0.0	0	429.9036701671321	2848.7608359181995	1	0	1.0	2.8414528484173154
12396.336552508168	6000.0	2452.4242834100282	0.0	0	0.0	2848.7608359181995	1	0	1.0	2.8414528484173154
14022.589310011717	6000.0	1826.1715259064774	0.0	0	0.0	2848.7608359181977	1	0	1.0	2.841452848417316
15089.938885372158	6000.0	1758.821950546037	0.0	0	0.0	2848.7608359181977	1	0	1.0	2.841452848417316
16087.470601271967	6000.0	1761.2902346462272	0.0	0	0.0	2848.7608359181977	1	0	1.0	2.841452848417316
16820.404410572242	3000.0	2028.3564253459558	0.0	0	0.0	2848.760835918203	1	0	1.0	1.4551584872974253
17729.956510798063	6000.0	2118.804325120134	0.0	0	0.0	2848.760835918203	1	0	1.0	2.1483056678573695
18345.25990404635	6000.0	2503.500931871847	0.0	0	0.0	2848.760835918203	1	0	1.0	2.8414528484173145
19200.0	6000.0	2648.7608359181977	0.0	0	91.70515840945154	2848.760835918205	1	0	1.0	2.8414528484173145
20773.610879132582	6000.0	2075.149956785617	0.0	0	0.0	2848.7608359182013	1	0	1.0	2.8414528484173154
21667.099239835152	6000.0	2181.6615960830495	0.0	0	0.0	2848.7608359182013	1	0	1.0	2.8414528484173154
22736.072892499735	6000.0	2112.6879434184675	0.0	0	0.0	2848.7608359182013	1	0	1.0	2.8414528484173154
23426.36621587131	6000.0	2422.3946200468945	0.0	0	0.0	2848.7608359182013	1	0	1.0	2.8414528484173154
24798.86892589407	6000.0	2049.891910024133	0.0	0	0.0	2848.7608359182013	1	0	1.0	2.8414528484173154
25590.745985691494	6000.0	2258.014850226708	0.0	0	0.0	2848.7608359182013	1	0	1.0	2.8414528484173154
26852.58173727573	6000.0	1996.179098642473	0.0	0	0.0	2848.760835918205	1	0	1.0	2.8414528484173145
27849.53826141574	6000.0	1999.2225745024639	0.0	0	0.0	2848.760835918205	1	0	1.0	2.8414528484173145
29175.32155257103	6000.0	1673.4392833471761	0.0	0	0.0	2848.760835918205	1	0	1.0	2.8414528484173145
30953.70523798334	6000.0	895.0555979348629	0.0	0	0.0	2848.7608359182013	1	0	1.0	2.8414528484173154
31668.578580740425	3000.0	1180.1822551777782	0.0	0	0.0	2848.7608359182013	1	0	1.0	1.455158487297425
32323.633627126055	3000.0	1525.127208792148	0.0	0	0.0	2848.7608359182013	1	0	1.0	2.14830566785737
32901.996421250995	3000.0	1946.7644146672092	0.0	0	0.0	2848.7608359182013	1	0	1.0	2.1483056678573704
33533.127378596924	3000.0	2315.6334573212807	0.0	0	0.0	2848.760835918205	1	0	1.0	2.14830566785737
34200.0	3000.0	2648.7608359182063	0.0	0	236.791290275316	2848.7608359182086	1	0	1.0	2.1483056678573695
35200.0	6000.0	2648.760835918203	0.0	0	175.4779041297952	2848.7608359182086	1	0	1.0	2.148305667857369
36271.06684098189	6000.0	2577.6939949363127	0.0	0	0.0	2848.7608359182123	1	0	1.0	2.8414528484173136
37200.0	6000.0	2648.760835918204	0.0	0	167.51487646382157	2848.760835918205	1	0	1.0	2.841452848417314
38200.0	6000.0	2648.760835918207	0.0	0	203.17907496382395	2848.760835918205	1	0	1.0	2.841452848417314
39271.40373368893	6000.0	2577.3571022292767	0.0	0	0.0	2848.760835918205	1	0	1.0	2.8414528484173145
40200.0	6000.0	2648.760835918212	0.0	0	87.62046553539403	2848.760835918205	1	0	1.0	2.8414528484173145
41200.0	6000.0	2648.7608359182123	0.0	0	63.31288538462104	2848.760835918205	1	0	1.0	2.8414528484173145
42610.78625398635	6000.0	2237.974581931863	0.0	0	0.0	2848.7608359182123	1	0	1.0	2.8414528484173136
44029.56788349831	6000.0	1819.1929524199052	0.0	0	0.0	2848.7608359182195	1	0	1.0	2.841452848417312
45351.117887722896	6000.0	1497.6429481953248	0.0	0	0.0	2848.760835918227	1	0	1.0	2.841452848417311
46425.27941801699	6000.0	1423.4814179012312	0.0	0	0.0	2848.760835918227	1	0	1.0	2.841452848417311
47248.10019372961	6000.0	1600.660642188614	0.0	0	0.0	2848.760835918227	1	0	1.0	2.841452848417311
48200.532742442774	6000.0	1648.2280934754444	0.0	0	0.0	2848.760835918227	1	0	1.0	2.841452848417311
49394.470688792426	6000.0	1454.2901471257987	0.0	0	0.0	2848.760835918227	1	0	1.0	2.841452848417311
50394.54582234237	6000.0	1454.2150135758504	0.0	0	0.0	2848.760835918227	1	0	1.0	2.841452848417311
52063.23878105886	6000.0	785.5220548593642	0.0	0	0.0	2848.760835918227	1	0	1.0	2.841452848417311
53339.715534410585	6000.0	509.0453015076315	0.0	0	0.0	2848.760835918227	1	0	1.0	2.841452848417311
54312.85441509932	6000.0	535.9064208188943	0.0	0	0.0	2848.7608359182195	1	0	1.0	2.841452848417312
55528.952759286534	6000.0	319.80807663167303	0.0	0	0.0	2848.7608359182195	1	0	1.0	2.841452848417312
56701.6833119482	6000.0	410.09113008109773	263.0136061110982	0	0.0	3111.7744420293166	1	0	1.0	1.2165863515497044
57641.38839701567	6000.0	507.0993019610845	36.713256947448485	0	0.0	3148.4876989767654	1	0	1.0	2.566930436177326
58951.44915238593	6000.0	348.3995169974694	151.3609704066556	0	0.0	3299.848669383413	1	0	1.0	1.8457441284344034
59569.07035855873	3000.0	730.778310824667	0.0	0	0.0	3299.848669383413	1	0	1.0	1.3674706971645227
60759.071075785614	6000.0	540.777593597785	0.0	0	0.0	3299.848669383413	1	0	1.0	2.0606178777244675
61308.55387960667	3000.0	991.2947897767363	0.0	0	0.0	3299.848669383413	1	0	1.0	1.3674706971645227
62037.52452025194	3000.0	1262.324149131468	0.0	0	0.0	3299.8486693834056	1	0	1.0	2.0606178777244692
62620.98610653943	3000.0	1678.862562843987	0.0	0	0.0	3299.8486693833984	1	0	1.0	2.060617877724471
63507.109596691036	3000.0	1792.7390726923798	0.0	0	0.0	3299.8486693833984	1	0	1.0	2.060617877724471
63900.25600388757	3000.0	2399.5926654958475	0.0	0	0.0	3299.8486693833984	1	0	1.0	2.060617877724471
64349.21019983845	3000.0	2950.6384695449533	0.0	0	0.0	3299.848669383391	1	0	1.0	2.060617877724473
65200.0	6000.0	3099.848669383411	0.0	0	169.6724132795789	3299.848669383391	1	0	1.0	2.0606178777244724
66200.0	6000.0	3099.848669383402	0.0	0	223.49751865307917	3299.848669383391	1	0	1.0	2.7537650582844178
67200.0	6000.0	3099.848669383401	0.0	0	201.20714152646542	3299.848669383384	1	0	1.0	2.753765058284419
68382.76449830022	6000.0	2917.084171083174	0.0	0	0.0	3299.848669383391	1	0	1.0	2.7537650582844186
69516.45131123858	6000.0	2783.3973581448204	0.0	0	0.0	3299.848669383384	1	0	1.0	2.7537650582844186
70687.23321738583	6000.0	2612.61545199755	0.0	0	0.0	3299.8486693833693	1	0	1.0	2.7537650582844226
71705.27157697656	6000.0	2594.5770924068047	0.0	0	0.0	3299.8486693833693	1	0	1.0	2.7537650582844226
72526.94511997611	6000.0	2772.9035494072705	0.0	0	0.0	3299.8486693833693	1	0	1.0	2.7537650582844226
73421.91376941148	6000.0	2877.9348999718986	0.0	0	0.0	3299.8486693833547	1	0	1.0	2.7537650582844257
74200.0	6000.0	3099.848669383384	0.0	0	109.42810724287119	3299.8486693833547	1	0	1.0	2.7537650582844257
75876.6362250721	6000.0	2423.21244431128	0.0	0	0.0	3299.8486693833547	1	0	1.0	2.7537650582844257
77158.04284879418	6000.0	2141.8058205892125	0.0	0	0.0	3299.8486693833547	1	0	1.0	2.7537650582844257
78116.15976524459	6000.0	2183.6889041388063	0.0	0	0.0	3299.8486693833547	1	0	1.0	2.7537650582844257
78855.19700454724	6000.0	2444.6516648361603	0.0	0	0.0	3299.8486693833547	1	0	1.0	2.7537650582844257
79927.50445592737	6000.0	2372.3442134560487	0.0	0	0.0	3299.8486693833547	1	0	1.0	2.7537650582844257
80595.54531289563	6000.0	2704.303356487768	0.0	0	0.0	3299.8486693833547	1	0	1.0	2.7537650582844257
81664.55894167433	6000.0	2635.2897277090583	0.0	0	0.0	3299.8486693833547	1	0	1.0	2.7537650582844257
82840.62508035266	6000.0	2459.2235890307193	0.0	0	0.0	3299.8486693833547	1	0	1.0	2.7537650582844257
83919.74507038003	6000.0	2380.1035990033743	0.0	0	0.0	3299.8486693833547	1	0	1.0	2.7537650582844257
85053.81500642929	6000.0	2246.033662954103	0.0	0	0.0	3299.8486693833547	1	0	1.0	2.7537650582844257
86003.18842594522	6000.0	2296.6602434381584	0.0	0	0.0	3299.8486693833547	1	0	1.0	2.7537650582844257
86794.35925841173	6000.0	2505.4894109716497	0.0	0	0.0	3299.8486693833547	1	0	1.0	2.7537650582844257
87947.94210303508	6000.0	2351.9065663482975	0.0	0	0.0	3299.8486693833693	1	0	1.0	2.7537650582844226
88989.10927841821	6000.0	2310.739390965166	0.0	0	0.0	3299.8486693833693	1	0	1.0	2.7537650582844226
90260.74329802384	6000.0	2039.1053713595395	0.0	0	0.0	3299.8486693833693	1	0	1.0	2.7537650582844226
91112.02195687914	6000.0	2187.826712504251	0.0	0	0.0	3299.8486693833693	1	0	1.0	2.7537650582844226
92243.7623608874	6000.0	2056.0863084959847	0.0	0	0.0	3299.8486693833693	1	0	1.0	2.7537650582844226
93179.49758649661	6000.0	2120.3510828867647	0.0	0	0.0	3299.8486693833693	1	0	1.0	2.7537650582844226
94030.74286369624	6000.0	2269.105805687116	0.0	0	0.0	3299.8486693833693	1	0	1.0	2.7537650582844226
95322.33480880277	6000.0	1977.513860580592	0.0	0	0.0	3299.848669383384	1	0	1.0	2.753765058284419
96651.22966938562	6000.0	1648.618999997737	0.0	0	0.0	3299.848669383384	1	0	1.0	2.753765058284419
97684.07709652337	6000.0	1615.7715728599887	0.0	0	0.0	3299.848669383384	1	0	1.0	2.753765058284419
98520.04624505834	6000.0	1779.8024243250195	0.0	0	0.0	3299.848669383384	1	0	1.0	2.753765058284419
99540.95904165233	6000.0	1758.8896277310198	0.0	0	0.0	3299.848669383384	1	0	1.0	2.753765058284419
100886.0993272627	6000.0	1413.7493421206686	0.0	0	0.0	3299.8486693833693	1	0	1.0	2.7537650582844226
101740.60416338826	6000.0	1559.2445059950949	0.0	0	0.0	3299.8486693833547	1	0	1.0	2.7537650582844257
103066.99285689193	6000.0	1232.8558124914184	0.0	0	0.0	3299.8486693833547	1	0	1.0	2.7537650582844257
104136.31170697279	6000.0	1163.5369624105433	0.0	0	0.0	3299.8486693833547	1	0	1.0	2.7537650582844257
105479.33783000459	6000.0	820.5108393787491	0.0	0	0.0	3299.84866938334	1	0	1.0	2.7537650582844297
106276.83008945292	6000.0	1023.0185799304094	0.0	0	0.0	3299.8486693833256	1	0	1.0	2.753765058284433
107408.99665440826	6000.0	890.8520149750709	0.0	0	0.0	3299.848669383311	1	0	1.0	2.7537650582844364
108899.5785566694	6000.0	400.2701127139401	0.0	0	0.0	3299.848669383311	1	0	1.0	2.7537650582844364
109749.3526799909	3000.0	550.4959893924315	0.0	0	0.0	3299.848669383311	1	0	1.0	1.3674706971645465
110273.01454778672	3000.0	1026.8341215966113	0.0	0	0.0	3299.848669383311	1	0	1.0	2.0606178777244915
110989.2799162655	6000.0	1310.5687531178296	0.0	0	0.0	3299.848669383311	1	0	1.0	2.0606178777244915
111649.71662531314	6000.0	1650.1320440701913	0.0	0	0.0	3299.848669383311	1	0	1.0	2.7537650582844364
112764.06476614036	6000.0	1535.783903242981	0.0	0	0.0	3299.848669383311	1	0	1.0	2.7537650582844364
113899.28181355257	6000.0	1400.5668558307682	0.0	0	0.0	3299.848669383311	1	0	1.0	2.7537650582844364
114719.89209059173	6000.0	1579.956578791608	0.0	0	0.0	3299.848669383311	1	0	1.0	2.7537650582844364
115423.63797237845	6000.0	1876.2106970048978	0.0	0	0.0	3299.848669383311	1	0	1.0	2.7537650582844364
115916.85227219581	6000.0	2382.9963971875427	0.0	0	0.0	3299.848669383311	1	0	1.0	2.7537650582844364
116542.07818983785	6000.0	2757.770479545511	0.0	0	0.0	3299.848669383311	1	0	1.0	2.7537650582844364
117266.54969522478	6000.0	3033.298974158572	0.0	0	0.0	3299.848669383311	1	0	1.0	2.7537650582844364
118200.0	6000.0	3099.848669383345	0.0	0	0.6519829660101095	3299.848669383311	1	0	1.0	2.7537650582844364
119200.0	6000.0	3099.848669383347	0.0	0	191.82461905617674	3299.848669383311	1	0	1.0	2.7537650582844364
120200.0	6000.0	3099.8486693833574	0.0	0	32.801668951578904	3299.8486693833256	1	0	1.0	2.753765058284433
121243.56953257177	6000.0	3056.2791368115763	0.0	0	0.0	3299.8486693833256	1	0	1.0	2.753765058284433
122713.70743025563	6000.0	2586.1412391277136	0.0	0	0.0	3299.8486693833256	1	0	1.0	2.753765058284433
123824.28630918651	6000.0	2475.5623601968337	0.0	0	0.0	3299.848669383311	1	0	1.0	2.7537650582844364
124597.77463946608	6000.0	2702.074029917269	0.0	0	0.0	3299.8486693833256	1	0	1.0	2.753765058284433
125593.09534339064	6000.0	2706.7533259927145	0.0	0	0.0	3299.8486693833256	1	0	1.0	2.753765058284433
126790.87923901473	6000.0	2508.9694303686333	0.0	0	0.0	3299.8486693833256	1	0	1.0	2.753765058284433
127330.96106680598	6000.0	2968.8876025773793	0.0	0	0.0	3299.8486693833256	1	0	1.0	2.753765058284433
128208.56431314057	6000.0	3091.2843562427815	0.0	0	0.0	3299.8486693833256	1	0	1.0	2.753765058284433
129200.0	6000.0	3099.8486693833383	0.0	0	327.6188313085586	3299.8486693833256	1	0	1.0	2.753765058284433
130448.50299870147	6000.0	2851.3456706818633	0.0	0	0.0	3299.8486693833256	1	0	1.0	2.753765058284433
131200.0	6000.0	3099.8486693833256	0.0	0	15.908343614253681	3299.848669383311	1	0	1.0	2.7537650582844346
132346.25421672204	6000.0	2953.594452661318	0.0	0	0.0	3299.8486693833547	1	0	1.0	2.753765058284428
133302.49814580462	6000.0	2997.3505235787493	0.0	0	0.0	3299.8486693833693	1	0	1.0	2.7537650582844218
134525.34316331832	6000.0	2774.5055060650316	0.0	0	0.0	3299.8486693833256	1	0	1.0	2.75376505828443
135585.80261451926	6000.0	2714.046054864133	0.0	0	0.0	3299.8486693833547	1	0	1.0	2.7537650582844257
136642.73849593033	6000.0	2657.110173453064	0.0	0	0.0	3299.8486693833547	1	0	1.0	2.7537650582844257
137707.8033180355	6000.0	2592.0453513479006	0.0	0	0.0	3299.848669383384	1	0	1.0	2.753765058284419
139263.837204081	6000.0	2036.0114653024098	0.0	0	0.0	3299.848669383384	1	0	1.0	2.753765058284419
140369.4710661783	6000.0	1930.3776032051244	0.0	0	0.0	3299.848669383384	1	0	1.0	2.753765058284419
141546.40621461679	6000.0	1753.442454766622	0.0	0	0.0	3299.848669383384	1	0	1.0	2.753765058284419
142867.07435668889	6000.0	1432.7743126945134	0.0	0	0.0	3299.848669383384	1	0	1.0	2.753765058284419
143797.09304007696	6000.0	1502.7556293064345	0.0	0	0.0	3299.848669383384	1	0	1.0	2.753765058284419
145070.23352820214	6000.0	1229.61514118122	0.0	0	0.0	3299.848669383384	1	0	1.0	2.753765058284419
145826.84058467162	3000.0	1473.0080847117151	0.0	0	0.0	3299.848669383413	1	0	1.0	1.3674706971645227
146756.2897268954	6000.0	1543.5589424878983	0.0	0	0.0	3299.848669383413	1	0	1.0	2.0606178777244675
147714.2927034313	6000.0	1585.555965951973	0.0	0	0.0	3299.848669383413	1	0	1.0	2.7537650582844124
148660.83398507515	6000.0	1639.0146843081543	0.0	0	0.0	3299.848669383413	1	0	1.0	2.7537650582844124
149663.988171915	6000.0	1635.8604974683235	0.0	0	0.0	3299.848669383384	1	0	1.0	2.753765058284419
150880.87957050858	6000.0	1418.9690988747448	0.0	0	0.0	3299.8486693833547	1	0	1.0	2.7537650582844257
151892.3599982847	6000.0	1407.4886710986257	0.0	0	0.0	3299.8486693833547	1	0	1.0	2.7537650582844257
152836.69993798735	6000.0	1463.148731395979	0.0	0	0.0	3299.8486693833547	1	0	1.0	2.7537650582844257
153898.01954942942	6000.0	1401.8291199539053	0.0	0	0.0	3299.8486693833547	1	0	1.0	2.7537650582844257
154863.37757974432	6000.0	1436.4710896389704	0.0	0	0.0	3299.8486693833547	1	0	1.0	2.7537650582844257
155703.52348662147	6000.0	1596.3251827618344	0.0	0	0.0	3299.8486693833547	1	0	1.0	2.7537650582844257
156312.44896718962	6000.0	1987.399702193711	0.0	0	0.0	3299.8486693833547	1	0	1.0	2.7537650582844257
156840.8634869526	6000.0	2458.9851824307198	0.0	0	0.0	3299.8486693833547	1	0	1.0	2.7537650582844257
157544.34963414288	6000.0	2755.499035240437	0.0	0	0.0	3299.8486693833256	1	0	1.0	2.753765058284433
158248.11280431887	6000.0	3051.7358650644574	0.0	0	0.0	3299.8486693833256	1	0	1.0	2.753765058284433
159200.0	6000.0	3099.8486693833397	0.0	0	432.0978616801731	3299.8486693833256	1	0	1.0	2.753765058284433
160200.0	6000.0	3099.848669383346	0.0	0	513.0383186525432	3299.8486693833256	1	0	1.0	2.753765058284433
161200.0	6000.0	3099.84866938337	0.0	0	148.21760329414974	3299.8486693833256	1	0	1.0	2.753765058284433
163028.81080619	6000.0	2271.037863193373	0.0	0	0.0	3299.8486693833256	1	0	1.0	2.753765058284433
164388.69767339044	6000.0	1911.1509959929422	0.0	0	0.0	3299.8486693832965	1	0	1.0	2.75376505828444
165979.771605968	6000.0	1320.0770634153691	0.0	0	0.0	3299.8486693832965	1	0	1.0	2.75376505828444
167011.25827347767	6000.0	1288.590395905701	0.0	0	0.0	3299.8486693833256	1	0	1.0	2.753765058284433
167889.26494973552	6000.0	1410.5837196478308	0.0	0	0.0	3299.8486693833256	1	0	1.0	2.753765058284433
169262.0291511622	6000.0	1037.8195182211298	0.0	0	0.0	3299.8486693832965	1	0	1.0	2.7537650582844373
170249.10541090174	6000.0	1050.7432584815874	0.0	0	0.0	3299.8486693832965	1	0	1.0	2.75376505828444
171032.3332109491	6000.0	1267.5154584342429	0.0	0	0.0	3299.8486693832965	1	0	1.0	2.75376505828444
171811.6368855326	6000.0	1488.2117838507104	0.0	0	0.0	3299.8486693832965	1	0	1.0	2.75376505828444
172990.89554450716	6000.0	1308.9531248761582	0.0	0	0.0	3299.8486693832965	1	0	1.0	2.75376505828444
174244.28719737555	6000.0	1055.5614720077926	0.0	0	0.0	3299.8486693832965	1	0	1.0	2.75376505828444
175647.13509022092	6000.0	652.7135791624355	0.0	0	0.0	3299.8486693832965	1	0	1.0	2.75376505828444
176719.27896139008	6000.0	580.5697079932766	0.0	0	0.0	3299.8486693833256	1	0	1.0	2.753765058284438
177213.75441265223	3000.0	1086.09425673118	0.0	0	0.0	3299.8486693833256	1	0	1.0	1.3674706971645434
177913.9213379836	3000.0	1385.9273313998162	0.0	0	0.0	3299.8486693833256	1	0	1.0	2.0606178777244883
178455.032498157	3000.0	1844.816171226433	0.0	0	0.0	3299.8486693833256	1	0	1.0	2.0606178777244883
179299.76344270798	3000.0	2000.0852266754914	0.0	0	0.0	3299.8486693833547	1	0	1.0	2.0606178777244812
180053.170552884	3000.0	2246.678116499485	0.0	0	0.0	3299.8486693833547	1	0	1.0	2.0606178777244812
180711.14074800984	3000.0	2588.7079213736465	0.0	0	0.0	3299.8486693833547	1	0	1.0	2.0606178777244812
181313.7243571161	3000.0	2986.1243122673777	0.0	0	0.0	3299.8486693833547	1	0	1.0	2.0606178777244812
182200.0	3000.0	3099.848669383479	0.0	0	87.69102958022268	3299.8486693833547	1	0	1.0	2.0606178777244812
183200.0	6000.0	3099.8486693834957	0.0	0	51.4716688306944	3299.8486693833547	1	0	1.0	2.060617877724481
184200.0	6000.0	3099.8486693834907	0.0	0	179.66996841778746	3299.8486693833256	1	0	1.0	2.753765058284432
185200.0	6000.0	3099.8486693835175	0.0	0	297.992707164638	3299.8486693833256	1	0	1.0	2.753765058284433
186200.0	6000.0	3099.848669383508	0.0	0	0.5008237825823016	3299.8486693832965	1	0	1.0	2.75376505828444
187200.0	6000.0	3099.848669383488	0.0	0	264.1414911313914	3299.8486693832965	1	0	1.0	2.75376505828444
188200.0	6000.0	3099.8486693834698	0.0	0	329.88380779107683	3299.8486693832965	1	0	1.0	2.75376505828444
189200.0	6000.0	3099.848669383485	0.0	0	292.51287895056885	3299.8486693832965	1	0	1.0	2.75376505828444
190200.0	6000.0	3099.848669383458	0.0	0	1.9450296258437447	3299.8486693832965	1	0	1.0	2.75376505828444
191270.50976767484	6000.0	3029.3389017086406	0.0	0	0.0	3299.8486693832674	1	0	1.0	2.753765058284447
192236.7461966367	6000.0	3063.1024727467584	0.0	0	0.0	3299.8486693832674	1	0	1.0	2.753765058284447
193530.4149324208	6000.0	2769.433736962654	0.0	0	0.0	3299.8486693832674	1	0	1.0	2.753765058284447
194590.79253484998	6000.0	2709.05613453349	0.0	0	0.0	3299.8486693832674	1	0	1.0	2.753765058284447
195562.2984084183	6000.0	2737.5502609651603	0.0	0	0.0	3299.8486693832674	1	0	1.0	2.753765058284447
196836.40463068057	6000.0	2463.4440387029026	0.0	0	0.0	3299.8486693832674	1	0	1.0	2.753765058284447
197847.30259150668	6000.0	2452.5460778767915	0.0	0	0.0	3299.8486693832674	1	0	1.0	2.753765058284451
198989.90643363897	6000.0	2309.9422357444946	0.0	0	0.0	3299.8486693832383	1	0	1.0	2.7537650582844537
200135.67220272715	6000.0	2164.1764666563085	0.0	0	0.0	3299.8486693832383	1	0	1.0	2.7537650582844537
201737.0281057106	6000.0	1562.82056367285	0.0	0	0.0	3299.8486693832383	1	0	1.0	2.7537650582844537
202618.40114932737	6000.0	1681.4475200560619	0.0	0	0.0	3299.848669383209	1	0	1.0	2.7537650582844604
203518.22054691415	6000.0	1781.6281224692978	0.0	0	0.0	3299.848669383209	1	0	1.0	2.7537650582844604
204439.70348596937	6000.0	1860.1451834140832	0.0	0	0.0	3299.8486693832383	1	0	1.0	2.7537650582844537
205528.68432200176	6000.0	1771.1643473816864	0.0	0	0.0	3299.8486693832383	1	0	1.0	2.7537650582844537
206215.7102446102	6000.0	2084.138424773242	0.0	0	0.0	3299.848669383209	1	0	1.0	2.7537650582844604
207266.49339426096	6000.0	2033.3552751224872	0.0	0	0.0	3299.848669383209	1	0	1.0	2.7537650582844604
208285.4436839837	6000.0	2014.4049853997283	0.0	0	0.0	3299.848669383209	1	0	1.0	2.7537650582844604
209492.81734463084	6000.0	1807.0313247525821	0.0	0	0.0	3299.84866938318	1	0	1.0	2.7537650582844675
210709.0211730859	6000.0	1590.8274962974936	0.0	0	0.0	3299.848669383151	1	0	1.0	2.753765058284469
211966.72315534466	6000.0	1333.1255140387552	0.0	0	0.0	3299.848669383122	1	0	1.0	2.753765058284481
212730.8348104257	3000.0	1569.01385895773	0.0	0	0.0	3299.848669383122	1	0	1.0	1.3674706971645914
213227.11582801424	3000.0	2072.732841369192	0.0	0	0.0	3299.848669383093	1	0	1.0	2.0606178777245434
214235.45876894845	6000.0	2064.3899004349814	0.0	0	0.0	3299.848669383093	1	0	1.0	2.060617877724543
214951.43040481705	6000.0	2348.418264566392	0.0	0	0.0	3299.848669383093	1	0	1.0	2.753765058284488
215676.54753787388	6000.0	2623.30113150958	0.0	0	0.0	3299.8486693830637	1	0	1.0	2.7537650582844946
217043.81596818593	6000.0	2256.032701197502	0.0	0	0.0	3299.8486693830346	1	0	1.0	2.753765058284502
217923.0469359395	6000.0	2376.8017334439246	0.0	0	0.0	3299.8486693830346	1	0	1.0	2.753765058284502
219112.55950760332	6000.0	2187.2891617801006	0.0	0	0.0	3299.8486693830346	1	0	1.0	2.753765058284502
220273.8093048444	6000.0	2026.039364539009	0.0	0	0.0	3299.8486693830346	1	0	1.0	2.753765058284502
221355.35102104692	6000.0	1944.4976483365047	0.0	0	0.0	3299.8486693830346	1	0	1.0	2.753765058284502
222303.8061376116	6000.0	1996.0425317718698	0.0	0	0.0	3299.8486693830346	1	0	1.0	2.753765058284502
223527.19774879402	6000.0	1772.6509205894722	0.0	0	0.0	3299.8486693830637	1	0	1.0	2.7537650582844946
224696.1935352158	6000.0	1603.6551341677098	0.0	0	0.0	3299.8486693830637	1	0	1.0	2.7537650582844946
226130.91500943594	6000.0	1168.9336599475669	0.0	0	0.0	3299.8486693830637	1	0	1.0	2.7537650582844946
227439.24171613177	6000.0	860.6069532517162	0.0	0	0.0	3299.8486693830637	1	0	1.0	2.7537650582844946
228560.88356122831	6000.0	738.9651081551756	0.0	0	0.0	3299.8486693830637	1	0	1.0	2.7537650582844946
229608.38582499963	6000.0	691.4628443838803	0.0	0	0.0	3299.8486693830637	1	0	1.0	2.7537650582844946
230733.87113014766	6000.0	565.977539235834	0.0	0	0.0	3299.8486693830346	1	0	1.0	2.753765058284502
231852.8041013113	6000.0	447.04456807220555	0.0	0	0.0	3299.8486693830346	1	0	1.0	2.753765058284502
232639.28703873328	6000.0	660.5616306502209	0.0	0	0.0	3299.8486693830055	1	0	1.0	2.7537650582845083
233562.39324649825	6000.0	737.4554228852569	0.0	0	0.0	3299.8486693830055	1	0	1.0	2.7537650582845083
234657.69976422723	6000.0	642.1489051562808	0.0	0	0.0	3299.8486693830346	1	0	1.0	2.753765058284502
235508.76704016933	6000.0	791.0816292141594	0.0	0	0.0	3299.8486693830055	1	0	1.0	2.7537650582845083
236264.81566015314	6000.0	1035.033009230346	0.0	0	0.0	3299.8486693830055	1	0	1.0	2.7537650582845083
237362.0953731313	6000.0	937.7532962521697	0.0	0	0.0	3299.8486693830055	1	0	1.0	2.7537650582845083
238318.93682471683	6000.0	980.9118446666212	0.0	0	0.0	3299.8486693830055	1	0	1.0	2.7537650582845083
238757.8781700814	3000.0	1541.9704993020614	0.0	0	0.0	3299.8486693830055	1	0	1.0	1.3674706971646189
239394.47131724659	3000.0	1905.3773521369008	0.0	0	0.0	3299.8486693830055	1	0	1.0	2.060617877724564
239902.70158100605	3000.0	2397.1470883774473	0.0	0	0.0	3299.8486693830637	1	0	1.0	2.0606178777245514
240919.1014358655	6000.0	2380.747233518008	0.0	0	0.0	3299.8486693830637	1	0	1.0	2.0606178777245496
241625.83781671815	6000.0	2674.0108526653858	0.0	0	0.0	3299.8486693830637	1	0	1.0	2.7537650582844946
242365.3984451882	6000.0	2934.4502241953437	0.0	0	0.0	3299.8486693830637	1	0	1.0	2.7537650582844946
243515.91491761254	6000.0	2783.9337517710583	0.0	0	0.0	3299.848669383093	1	0	1.0	2.753765058284488
244760.49538443738	6000.0	2539.353284946196	0.0	0	0.0	3299.848669383093	1	0	1.0	2.753765058284488
246391.66151921495	6000.0	1908.1871501686376	0.0	0	0.0	3299.848669383093	1	0	1.0	2.753765058284488
247278.71789443	6000.0	2021.130774953584	0.0	0	0.0	3299.8486693830637	1	0	1.0	2.7537650582844946
248530.59143626387	6000.0	1769.2572331197123	0.0	0	0.0	3299.8486693830346	1	0	1.0	2.753765058284502
249686.79016682066	6000.0	1613.0585025629075	0.0	0	0.0	3299.8486693830346	1	0	1.0	2.753765058284502
251184.2815431223	6000.0	1115.5671262612445	0.0	0	0.0	3299.8486693830055	1	0	1.0	2.7537650582845057
252033.14013020258	6000.0	1266.708539180989	0.0	0	0.0	3299.8486693830346	1	0	1.0	2.753765058284503
252862.5264761589	6000.0	1437.3221932246715	0.0	0	0.0	3299.8486693830346	1	0	1.0	2.753765058284502
254142.85265375272	6000.0	1156.996015630851	0.0	0	0.0	3299.8486693830346	1	0	1.0	2.753765058284502
255097.04629751568	6000.0	1202.8023718679278	0.0	0	0.0	3299.8486693830637	1	0	1.0	2.753765058284496
256004.6613643409	6000.0	1295.1873050427214	0.0	0	0.0	3299.8486693830346	1	0	1.0	2.753765058284502
256872.9119895415	6000.0	1426.9366798421308	0.0	0	0.0	3299.8486693830346	1	0	1.0	2.753765058284502
258474.37032234785	6000.0	825.4783470357627	0.0	0	0.0	3299.8486693830346	1	0	1.0	2.753765058284502
259016.93967754883	3000.0	1282.9089918348095	0.0	0	0.0	3299.8486693830346	1	0	1.0	1.3674706971646118
260068.86398332493	6000.0	1230.9846860587295	0.0	0	0.0	3299.8486693830346	1	0	1.0	2.0606178777245567
260786.6429517059	6000.0	1513.205717677752	0.0	0	0.0	3299.8486693830055	1	0	1.0	2.7537650582845083
261774.53780367927	6000.0	1525.310865704423	0.0	0	0.0	3299.8486693830346	1	0	1.0	2.753765058284502
262736.2779403216	6000.0	1563.5707290621096	0.0	0	0.0	3299.8486693830346	1	0	1.0	2.7537650582844977
263703.3875745997	6000.0	1596.4610947840276	0.0	0	0.0	3299.8486693830346	1	0	1.0	2.7537650582844977
264674.75921370427	6000.0	1625.0894556794317	0.0	0	0.0	3299.8486693830055	1	0	1.0	2.7537650582845075
265115.97850481234	6000.0	2183.870164571382	0.0	0	0.0	3299.8486693830055	1	0	1.0	2.7537650582845075
265754.5882923928	6000.0	2545.2603769909524	0.0	0	0.0	3299.8486693830346	1	0	1.0	2.753765058284502
266414.0025604813	6000.0	2885.846108902471	0.0	0	0.0	3299.8486693829764	1	0	1.0	2.7537650582845155
267659.7408121766	6000.0	2640.107857207244	0.0	0	0.0	3299.8486693830346	1	0	1.0	2.753765058284502
268692.05637635523	6000.0	2607.792293028566	0.0	0	0.0	3299.8486693830346	1	0	1.0	2.753765058284502
269767.24723550957	6000.0	2532.601433874219	0.0	0	0.0	3299.8486693829764	1	0	1.0	2.753765058284505
271014.8131478366	6000.0	2285.0355215472173	0.0	0	0.0	3299.8486693829764	1	0	1.0	2.7537650582845155
272017.4125029532	6000.0	2282.436166430588	0.0	0	0.0	3299.8486693829764	1	0	1.0	2.7537650582845155
272818.6964879876	6000.0	2481.1521813962304	0.0	0	0.0	3299.8486693829764	1	0	1.0	2.7537650582845155
273520.94742173806	6000.0	2778.9012476457706	0.0	0	0.0	3299.8486693830346	1	0	1.0	2.753765058284502
274392.0750354926	6000.0	2907.7736338912036	0.0	0	0.0	3299.8486693830346	1	0	1.0	2.753765058284502
275857.6703698468	6000.0	2442.178299536988	0.0	0	0.0	3299.8486693829764	1	0	1.0	2.7537650582845075
276474.60292159667	6000.0	2825.245747787156	0.0	0	0.0	3299.8486693829764	1	0	1.0	2.7537650582845155
277200.0	6000.0	3099.8486693838213	0.0	0	62.35742713412037	3299.8486693829764	1	0	1.0	2.7537650582845155
278200.0	6000.0	3099.8486693838345	0.0	0	386.1002186132828	3299.8486693829764	1	0	1.0	2.7537650582845155
279640.07032838976	6000.0	2659.778340994062	0.0	0	0.0	3299.8486693829764	1	0	1.0	2.7537650582845155
280710.35325061	6000.0	2589.495418773848	0.0	0	0.0	3299.8486693829764	1	0	1.0	2.7537650582845155
281617.58261236065	6000.0	2682.266057023184	0.0	0	0.0	3299.8486693829764	1	0	1.0	2.7537650582845155
282898.93433629186	6000.0	2400.914333091953	0.0	0	0.0	3299.848669382918	1	0	1.0	2.753765058284529
283666.87729319255	6000.0	2632.9713761913017	0.0	0	0.0	3299.848669382918	1	0	1.0	2.753765058284529
285079.7790749376	6000.0	2220.0695944463077	0.0	0	0.0	3299.848669382918	1	0	1.0	2.753765058284529
286591.6585125376	6000.0	1708.1901568463638	0.0	0	0.0	3299.8486693829764	1	0	1.0	2.7537650582845155
287926.88679452986	6000.0	1372.9618748541093	0.0	0	0.0	3299.848669382918	1	0	1.0	2.753765058284529
289214.57505854545	6000.0	1085.2736108385666	0.0	0	0.0	3299.848669382918	1	0	1.0	2.753765058284529
290144.6438629497	6000.0	1155.2048064342998	0.0	0	0.0	3299.8486693828017	1	0	1.0	2.7537650582845536
290741.0077258893	3000.0	1558.8409434946395	0.0	0	0.0	3299.8486693826853	1	0	1.0	1.3674706971646833
291173.2555536718	3000.0	2126.593115712164	0.0	0	0.0	3299.8486693827435	1	0	1.0	2.0606178777246256
291766.55216077	3000.0	2533.2965086140043	0.0	0	0.0	3299.8486693826853	1	0	1.0	2.0606178777246282
293320.6469668081	6000.0	1979.2017025758491	0.0	0	0.0	3299.8486693826853	1	0	1.0	2.0606178777246393
294040.34810682386	3000.0	2259.5005625601752	0.0	0	0.0	3299.8486693826853	1	0	1.0	1.3674706971646944
295107.5651714658	6000.0	2192.2834979182135	0.0	0	0.0	3299.848669382627	1	0	1.0	2.060617877724653
296107.0653613496	6000.0	2192.78330803446	0.0	0	0.0	3299.8486693827435	1	0	1.0	2.7537650582845727
297080.20226569974	6000.0	2219.646403684351	0.0	0	0.0	3299.8486693827435	1	0	1.0	2.75376505828457
297990.75067905337	6000.0	2309.097990330724	0.0	0	0.0	3299.8486693827435	1	0	1.0	2.75376505828457
299112.0678652068	6000.0	2187.7808041773183	0.0	0	0.0	3299.8486693828017	1	0	1.0	2.7537650582845594
299854.94404995895	6000.0	2444.904619425164	0.0	0	0.0	3299.8486693828017	1	0	1.0	2.7537650582845568
300876.17999116884	6000.0	2423.6686782152465	0.0	0	0.0	3299.8486693827435	1	0	1.0	2.753765058284562
301397.7884115915	6000.0	2902.060257792582	0.0	0	0.0	3299.8486693826853	1	0	1.0	2.753765058284584
302320.2547630007	6000.0	2979.5939063834094	0.0	0	0.0	3299.8486693826853	1	0	1.0	2.753765058284584
303200.0	6000.0	3099.8486693840664	0.0	0	7.218231468228623	3299.8486693826853	1	0	1.0	2.753765058284584
8.605377777777779	8.569377777777778	9.985377777777778	10.069377777777778	12.433377777777778	7.885377777777778	5.005377777777778	2.557377777777778	5.737377777777779	5.653377777777778	3.8413777777777782	7.5133777777777775	8.353377777777778	5.353377777777778	4.441377777777778	6.6493777777777785	5.605377777777778	6.565377777777778	5.185377777777779	6.373377777777778	5.4733777777777775	5.173377777777778	5.1493777777777785	4.297377777777778	3.4213777777777783	5.1013777777777785	4.717377777777778	5.5693777777777775	6.337377777777778	8.461377777777777	5.977377777777778	6.157377777777778	7.549377777777778	5.857377777777778	7.885377777777778	4.0693777777777775	5.5693777777777775	4.453377777777778	6.925377777777777	5.401377777777778	6.505377777777778	6.037377777777778	4.909377777777778	6.565377777777778	5.3845217391304345	4.556521739130435	4.928521739130435	7.292521739130434	8.828521739130435	5.564521739130435	4.568521739130435	7.784521739130435	3.9445217391304346	6.260521739130435	5.120521739130435	4.976521739130435	4.808521739130435	4.148521739130436	7.520521739130435	8.348521739130435	7.340521739130434	5.264521739130435	6.584521739130435	4.8925217391304345	4.7965217391304344	4.496521739130435	8.432521739130436	7.484521739130434	6.608521739130435	3.9325217391304346	3.968521739130435	5.816521739130435	6.932521739130435	7.616521739130435	7.748521739130435	6.248521739130435	6.3925217391304345	7.436521739130434	6.572521739130435	7.340521739130434	8.048521739130436	5.516521739130435	5.3365217391304345	5.636521739130434	5.168521739130435	6.056521739130435	8.144521739130434	6.596521739130434	7.124521739130435	4.748521739130435	5.02	4.76	6.21	6.64	5.51	5.43	5.4	6.43	4.69	5.54	7.74	5.27	4.74	4.44	6.92	8.93	5.79	7.26	5.69	7.7	11.9	9.64	5.68	6.67	5.82	5.24	4.76	6.94	6.99	5.4	4.91	8.66	8.38	5.85	5.19	6.72	6.48	5.66	6.28	4.86	5.29	5.24	2.84	5.36	5.4	5.1	5.46	5.69	4.39	4.95	6.85	7.05	6.29	5.4	6.0	6.83	9.48	4.73	7.11	6.541377777777778	8.605377777777779	8.569377777777778	9.985377777777778	10.069377777777778	12.433377777777778	7.885377777777778	5.005377777777778	2.557377777777778	5.737377777777779	5.653377777777778	3.8413777777777782	7.5133777777777775	8.353377777777778	5.353377777777778	4.441377777777778	6.6493777777777785	5.605377777777778	6.565377777777778	5.185377777777779	6.373377777777778	5.4733777777777775	5.173377777777778	5.1493777777777785	4.297377777777778	3.4213777777777783	5.1013777777777785	4.717377777777778	5.5693777777777775	6.337377777777778	8.461377777777777	5.977377777777778	6.157377777777778	7.549377777777778	5.857377777777778	7.885377777777778	4.0693777777777775	5.5693777777777775	4.453377777777778	6.925377777777777	5.401377777777778	6.505377777777778	6.037377777777778	4.909377777777778	6.565377777777778	5.3845217391304345	4.556521739130435	4.928521739130435	7.292521739130434	8.828521739130435	5.564521739130435	4.568521739130435	7.784521739130435	3.9445217391304346	6.260521739130435	5.120521739130435	4.976521739130435	4.808521739130435	4.148521739130436	7.520521739130435	8.348521739130435	7.340521739130434	5.264521739130435	6.584521739130435	4.8925217391304345	4.7965217391304344	4.496521739130435	8.432521739130436	7.484521739130434	6.608521739130435	3.9325217391304346	3.968521739130435	5.816521739130435	6.932521739130435	7.616521739130435	7.748521739130435	6.248521739130435	6.3925217391304345	7.436521739130434	6.572521739130435	7.340521739130434	8.048521739130436	5.516521739130435	5.3365217391304345	5.636521739130434	5.168521739130435	6.056521739130435	8.144521739130434	6.596521739130434	7.124521739130435	4.748521739130435	5.02	4.76	6.21	6.64	5.51	5.43	5.4	6.43	4.69	5.54	7.74	5.27	4.74	4.44	6.92	8.93	5.79	7.26	5.69	7.7	11.9	9.64	5.68	6.67	5.82	5.24	4.76	6.94	6.99	5.4	4.91	8.66	8.38	5.85	5.19	6.72	6.48	5.66	6.28	4.86	5.29	5.24	2.84	5.36	5.4	5.1	5.46	5.69	4.39	4.95	6.85	7.05	6.29	5.4	6.0	6.83	9.48	4.73	7.11	6.541377777777778	8.605377777777779	8.569377777777778	9.985377777777778
1.0	2.0	3.0	4.0	5.0	6.0	7.0	8.0	9.0	10.0	11.0	12.0	13.0	14.0	15.0	16.0	17.0	18.0	19.0	20.0	21.0	22.0	23.0	24.0	25.0	26.0	27.0	28.0	29.0	30.0	31.0	32.0	33.0	34.0	35.0	36.0	37.0	38.0	39.0	40.0	41.0	42.0	43.0	44.0	45.0	46.0	47.0	48.0	49.0	50.0	51.0	52.0	53.0	54.0	55.0	56.0	57.0	58.0	59.0	60.0	61.0	62.0	63.0	64.0	65.0	66.0	67.0	68.0	69.0	70.0	71.0	72.0	73.0	74.0	75.0	76.0	77.0	78.0	79.0	80.0	81.0	82.0	83.0	84.0	85.0	86.0	87.0	88.0	89.0	90.0	91.0	92.0	93.0	94.0	95.0	96.0	97.0	98.0	99.0	100.0	101.0	102.0	103.0	104.0	105.0	106.0	107.0	108.0	109.0	110.0	111.0	112.0	113.0	114.0	115.0	116.0	117.0	118.0	119.0	120.0	121.0	122.0	123.0	124.0	125.0	126.0	127.0	128.0	129.0	130.0	131.0	132.0	133.0	134.0	135.0	136.0	137.0	138.0	139.0	140.0	141.0	142.0	143.0	144.0	145.0	146.0	147.0	148.0	149.0	149.0	150.0	151.0	152.0	153.0	154.0	155.0	156.0	157.0	158.0	159.0	160.0	161.0	162.0	163.0	164.0	165.0	166.0	167.0	168.0	169.0	170.0	171.0	172.0	173.0	174.0	175.0	176.0	177.0	178.0	179.0	180.0	181.0	182.0	183.0	184.0	185.0	186.0	187.0	188.0	189.0	190.0	191.0	192.0	193.0	194.0	195.0	196.0	197.0	198.0	199.0	200.0	201.0	202.0	203.0	204.0	205.0	206.0	207.0	208.0	209.0	210.0	211.0	212.0	213.0	214.0	215.0	216.0	217.0	218.0	219.0	220.0	221.0	222.0	223.0	224.0	225.0	226.0	227.0	228.0	229.0	230.0	231.0	232.0	233.0	234.0	235.0	236.0	237.0	238.0	239.0	240.0	241.0	242.0	243.0	244.0	245.0	246.0	247.0	248.0	249.0	250.0	251.0	252.0	253.0	254.0	255.0	256.0	257.0	258.0	259.0	260.0	261.0	262.0	263.0	264.0	265.0	266.0	267.0	268.0	269.0	270.0	271.0	272.0	273.0	274.0	275.0	276.0	277.0	278.0	279.0	280.0	281.0	282.0	283.0	284.0	285.0	286.0	287.0	288.0	289.0	290.0	291.0	292.0	293.0	294.0	295.0	296.0	297.0	298.0	298.0	299.0	300.0	301.0
5690.592653038685
