3672.5915631044522	300.0	2000.0	253.25670775132537	0	0.0	3672.5915631044522	1	0	1.0	-1.8456334456281631
5459.526576233758	2000.0	1213.0649868706946	0.0	0	0.0	3672.5915631044522	1	0	1.0	-0.34562271471614636
7314.1308583815235	2000.0	358.4607047229296	0.0	0	0.0	3672.591563104453	1	0	1.0	1.551497270169735
8096.591424887222	1000.0	583.4219074365542	7.421769219323323	0	0.0	3680.013332323776	1	0	1.0	0.11826091880072864
8902.084601975354	1000.0	777.9287303484235	0.0	0	0.0	3680.013332323776	1	0	1.0	0.8559387146766138
9730.513046651326	1000.0	949.5002856724526	0.0	0	0.0	3680.013332323777	1	0	1.0	0.8559387146766135
10430.816033087334	1000.0	1249.1972992364435	0.0	0	0.0	3680.013332323776	1	0	1.0	0.8559387146766138
11720.56142577241	2000.0	959.4519065513673	0.0	0	0.0	3680.013332323776	1	0	1.0	0.8559387146766139
12436.255217483194	1000.0	1243.7581148405848	0.0	0	0.0	3680.013332323777	1	0	1.0	0.16279153411666816
13463.873885821731	2000.0	1216.1394465020494	0.0	0	0.0	3680.013332323777	1	0	1.0	0.8559387146766131
14538.688313374714	2000.0	1141.3250189490655	0.0	0	0.0	3680.013332323777	1	0	1.0	1.5490858952365583
16260.851058991911	2000.0	419.1622733318671	0.0	0	0.0	3680.013332323775	1	0	1.0	1.5490858952365592
17231.138112790024	1000.0	480.93148906581075	32.05626953205342	0	0.0	3712.069601855832	1	0	1.0	-0.04013152251674218
17839.802979778582	1000.0	872.2666220772516	0.0	0	0.0	3712.069601855832	1	0	1.0	0.8453532752355228
18454.514852331788	1000.0	1257.5547495240487	0.0	0	0.0	3712.0696018558338	1	0	1.0	0.8453532752355228
19831.20344941279	2000.0	880.8661524430447	0.0	0	0.0	3712.0696018558338	1	0	1.0	0.8453532752355218
20719.45431378233	1000.0	992.6152880735071	0.0	0	0.0	3712.0696018558374	1	0	1.0	0.15220609467557566
21648.09193798706	1000.0	1063.9776638687765	0.0	0	0.0	3712.0696018558374	1	0	1.0	0.8453532752355208
23248.377297021983	2000.0	463.69230483385513	0.0	0	0.0	3712.0696018558374	1	0	1.0	0.8453532752355208
23780.862055202222	1000.0	931.2075466536162	0.0	0	0.0	3712.0696018558374	1	0	1.0	0.15220609467557566
25110.478830744432	2000.0	601.5907711114065	0.0	0	0.0	3712.069601855841	1	0	1.0	0.8453532752355194
26347.377860326415	2000.0	364.69174152942423	0.0	0	0.0	3712.069601855841	1	0	1.0	1.5385004557954645
26990.867422272226	1000.0	721.2021795836122	0.0	0	0.0	3712.0696018558374	1	0	1.0	0.15220609467557566
28455.330095457506	2000.0	256.7395063983323	0.0	0	0.0	3712.0696018558374	1	0	1.0	0.8453532752355208
29223.596752224898	1000.0	587.9922771178087	99.51942748686855	0	0.0	3811.5890293427074	1	0	1.0	-0.47958455169462216
30405.36286741967	2000.0	406.22616192303957	0.0	0	0.0	3811.5890293427037	1	0	1.0	0.8106791937865359
30931.66334901325	1000.0	879.9256803294538	0.0	0	0.0	3811.5890293427	1	0	1.0	0.11753201322659224
32586.352603972384	2000.0	225.23642537032117	0.0	0	0.0	3811.5890293426964	1	0	1.0	0.8106791937865387
33374.056243469684	1000.0	609.940246148236	172.40746027522056	0	0.0	3983.9964896179044	1	0	1.0	-0.983860121993287
33879.049007605885	1000.0	1104.94748201204	0.0	0	0.0	3983.996489617908	1	0	1.0	0.7437318202179801
35193.15869852433	2000.0	790.8377910936033	0.0	0	0.0	3983.9964896179154	1	0	1.0	0.7437318202179788
36821.63984620112	2000.0	208.8156442545143	46.45900083770578	0	0.0	4030.4554904556207	1	0	1.0	1.1413109204770804
37607.397491915304	1000.0	597.376724788212	174.31872624788124	0	0.0	4204.774216703518	1	0	1.0	-1.0949291269453907
38464.4968589606	1000.0	740.2773577429048	0.0	0	0.0	4204.774216703518	1	0	1.0	0.6441304111018418
39969.952810315786	2000.0	234.8214063877118	0.0	0	0.0	4204.774216703518	1	0	1.0	0.6441304111018417
40695.34779594061	1000.0	621.6829375671277	112.25651680424178	0	0.0	1317.0307335077596	1	0	1.0	-9.189489773076001
41326.17584138213	1000.0	990.8548921255993	0.0	0	0.0	1317.0307335077669	1	0	1.0	1.177196508309394
42200.0	1000.0	1117.030733507739	0.0	0	249.08988955373206	1317.0307335077669	1	0	1.0	1.177196508309394
43200.0	1000.0	1117.0307335077378	0.0	0	92.89820890457486	1317.0307335077669	1	0	1.0	1.177196508309394
44200.0	1000.0	1117.0307335077314	0.0	0	77.0367155496715	1317.0307335077669	1	0	1.0	1.177196508309394
45200.0	1000.0	1117.030733507736	0.0	0	145.8551346656168	1317.0307335077669	1	0	1.0	1.177196508309394
46200.0	1000.0	1117.0307335077339	0.0	0	362.5129398163772	1317.0307335077669	1	0	1.0	1.177196508309394
47869.19974427043	2000.0	447.8309892372978	0.0	0	0.0	1317.0307335077596	1	0	1.0	1.177196508309394
48789.671931102515	1000.0	527.358802405213	0.0	0	0.0	1317.0307335077669	1	0	1.0	0.48404932774944875
49765.29620208228	1000.0	551.7345314254441	0.0	0	0.0	1317.0307335077669	1	0	1.0	1.177196508309394
50692.199394510164	1000.0	624.8313389975615	0.0	0	0.0	1317.0307335077669	1	0	1.0	1.177196508309394
52044.99700351178	1000.0	272.03372999594	0.0	0	0.0	1317.0307335077669	1	0	1.0	1.177196508309394
53016.61958708197	1000.0	505.41979952135176	205.0086530956082	0	0.0	1522.03938660337	1	0	1.0	-0.06110472939979131
54571.42519263238	1000.0	200.0	249.3858060290581	0	0.0	1771.4251926324214	1	0	1.0	-0.33901935459434124
55180.41106367648	500.0	699.9638671250011	108.94973816910982	0	0.0	1880.3749308015322	1	0	1.0	-0.8900924804779158
55886.781096818966	1000.0	993.5938339825207	0.0	0	0.0	1880.3749308015322	1	0	1.0	0.4567531290966889
57146.04902063218	1000.0	734.3259101693152	0.0	0	0.0	1880.3749308015322	1	0	1.0	1.1499003096566343
58325.91218125857	1000.0	554.4627495429153	0.0	0	0.0	1880.3749308015322	1	0	1.0	1.1499003096566343
59325.51136788823	1000.0	554.8635629132573	0.0	0	0.0	1880.3749308015322	1	0	1.0	1.1499003096566343
60431.86133177384	1000.0	448.51359902765506	0.0	0	0.0	1880.3749308015322	1	0	1.0	1.1499003096566343
61685.0977029046	1000.0	430.26431531612815	234.98708741923684	0	0.0	2115.3620182207596	1	0	1.0	-0.27662426671349594
62411.77013272893	1000.0	703.5918854917832	0.0	0	0.0	2115.3620182207596	1	0	1.0	1.133298257801925
63342.5044744997	1000.0	772.8575437210121	0.0	0	0.0	2115.3620182207524	1	0	1.0	1.1332982578019255
64417.186633137186	1000.0	698.1753850835244	0.0	0	0.0	2115.3620182207524	1	0	1.0	1.1332982578019255
65042.43707444589	1000.0	1072.9249437748244	0.0	0	0.0	2115.362018220745	1	0	1.0	1.1332982578019262
65602.50674471997	1000.0	1512.8552735007388	0.0	0	0.0	2115.362018220738	1	0	1.0	1.1332982578019262
66812.21220749182	2000.0	1303.1498107288965	0.0	0	0.0	2115.362018220745	1	0	1.0	1.1332982578019262
67709.94827599531	2000.0	1405.4137422253875	0.0	0	0.0	2115.3620182207233	1	0	1.0	1.8264454383618722
68968.69904642705	2000.0	1146.6629717936257	0.0	0	0.0	2115.3620182207233	1	0	1.0	1.8264454383618731
70864.6817573151	2000.0	250.6802609055662	0.0	0	0.0	2115.3620182207233	1	0	1.0	1.8264454383618731
71811.22364955608	2000.0	567.2490028117127	263.11063414710475	0	0.0	2378.472652367782	1	0	1.0	0.22416546085627953
73326.6672165782	2000.0	200.0	148.19456421040516	0	0.0	2526.6672165781783	1	0	1.0	0.8989773590957584
74058.03152030759	1000.0	640.8863183574201	172.25062208681555	0	0.0	2698.9178386649874	1	0	1.0	-0.6549239498424504
74752.15703794088	1000.0	946.7608007241238	0.0	0	0.0	2698.917838665002	1	0	1.0	1.0717269632383861
75336.55338303202	1000.0	1362.364455632985	0.0	0	0.0	2698.917838665002	1	0	1.0	1.0717269632383861
76351.92413227557	1000.0	1346.9937063894279	0.0	0	0.0	2698.917838665002	1	0	1.0	1.0717269632383861
77126.49339473232	1000.0	1572.4244439326815	0.0	0	0.0	2698.917838665002	1	0	1.0	1.0717269632383861
77803.21681680837	1000.0	1895.7010218566109	0.0	0	0.0	2698.9178386650165	1	0	1.0	1.0717269632383841
78393.9761002044	1000.0	2304.941738460586	0.0	0	0.0	2698.9178386650165	1	0	1.0	1.0717269632383841
79482.09944039735	2000.0	2216.8183982676364	0.0	0	0.0	2698.9178386650165	1	0	1.0	1.0717269632383841
80352.18713490947	2000.0	2346.7307037555074	0.0	0	0.0	2698.9178386650165	1	0	1.0	1.7648741437983293
81688.13612681335	2000.0	2010.7817118516246	0.0	0	0.0	2698.9178386650165	1	0	1.0	1.7648741437983293
83402.07747867373	2000.0	1296.840359991229	0.0	0	0.0	2698.9178386650165	1	0	1.0	1.7648741437983293
84808.45597973472	2000.0	890.4618589302387	0.0	0	0.0	2698.9178386650165	1	0	1.0	1.7648741437983293
86146.12131459749	2000.0	552.796524067458	0.0	0	0.0	2698.9178386650165	1	0	1.0	1.7648741437983293
86879.96772251613	1000.0	818.9501161488113	0.0	0	0.0	2698.917838665002	1	0	1.0	0.3785797826784409
87468.71733674179	1000.0	1230.2005019231522	0.0	0	0.0	2698.917838665002	1	0	1.0	1.0717269632383861
87995.11037927167	1000.0	1703.8074593932624	0.0	0	0.0	2698.917838665002	1	0	1.0	1.0717269632383861
89627.38397545034	2000.0	1071.5338632145817	0.0	0	0.0	2698.917838665002	1	0	1.0	1.071726963238386
90146.73069385604	1000.0	1552.1871448088832	0.0	0	0.0	2698.917838665002	1	0	1.0	0.3785797826784409
91602.03008329197	2000.0	1096.8877553729444	0.0	0	0.0	2698.917838665002	1	0	1.0	1.071726963238386
92646.55223665817	1000.0	1052.3656020067515	0.0	0	0.0	2698.917838665002	1	0	1.0	0.3785797826784409
93357.84991128909	1000.0	1341.0679273758444	0.0	0	0.0	2698.917838665002	1	0	1.0	1.0717269632383861
94091.1602229982	1000.0	1607.7576156667515	0.0	0	0.0	2698.9178386650165	1	0	1.0	1.0717269632383841
94861.14222797433	2000.0	1837.7756106906227	0.0	0	0.0	2698.9178386650165	1	0	1.0	1.0717269632383841
95771.41919853729	2000.0	1927.498640127651	0.0	0	0.0	2698.9178386650165	1	0	1.0	1.7648741437983293
97323.87563900834	2000.0	1375.0421996565988	0.0	0	0.0	2698.9178386650165	1	0	1.0	1.7648741437983293
98767.20883460084	1000.0	931.7090040641034	0.0	0	0.0	2698.9178386650165	1	0	1.0	0.37857978267843895
99530.05171779462	1000.0	1168.8661208703438	0.0	0	0.0	2698.9178386650165	1	0	1.0	1.0717269632383841
100441.7568856593	2000.0	1257.1609530056755	0.0	0	0.0	2698.9178386650165	1	0	1.0	1.0717269632383841
101501.6850395675	2000.0	1197.232799097464	0.0	0	0.0	2698.9178386650165	1	0	1.0	1.7648741437983293
102182.12371659768	1000.0	1516.7941220672842	0.0	0	0.0	2698.9178386650165	1	0	1.0	0.37857978267843895
103567.9122492255	2000.0	1131.0055894394782	0.0	0	0.0	2698.917838665031	1	0	1.0	1.0717269632383821
105217.89803325443	2000.0	481.01980541054974	0.0	0	0.0	2698.917838665031	1	0	1.0	1.7648741437983273
105600.61328777148	1000.0	1098.304550893487	0.0	0	0.0	2698.917838665031	1	0	1.0	0.378579782678437
106978.94088802364	2000.0	719.9769506413469	0.0	0	0.0	2698.917838665031	1	0	1.0	1.0717269632383821
107724.0392132159	1000.0	974.8786254490789	0.0	0	0.0	2698.917838665031	1	0	1.0	0.378579782678437
108620.52904188231	1000.0	1078.3887967826545	0.0	0	0.0	2698.917838665031	1	0	1.0	1.0717269632383821
109347.77987210864	1000.0	1351.1379665563093	0.0	0	0.0	2698.917838665031	1	0	1.0	1.0717269632383821
110133.18371297263	1000.0	1565.7341256923414	0.0	0	0.0	2698.917838665031	1	0	1.0	1.0717269632383821
110749.27671212386	1000.0	1949.6411265411205	0.0	0	0.0	2698.9178386650165	1	0	1.0	1.0717269632383841
111399.8623277746	1000.0	2299.055510890372	0.0	0	0.0	2698.9178386650165	1	0	1.0	1.0717269632383841
112608.5146984164	2000.0	2090.403140248559	0.0	0	0.0	2698.9178386650165	1	0	1.0	1.0717269632383841
113659.2266846122	1000.0	2039.6911540527587	0.0	0	0.0	2698.9178386650165	1	0	1.0	0.37857978267843895
114952.09428046926	1000.0	1746.8235581956933	0.0	0	0.0	2698.9178386650165	1	0	1.0	1.0717269632383841
115784.0955821272	1000.0	1914.8222565377632	0.0	0	0.0	2698.9178386650165	1	0	1.0	1.0717269632383841
116797.81226333248	1000.0	1901.1055753324717	0.0	0	0.0	2698.917838665031	1	0	1.0	1.0717269632383821
117662.99013783816	1000.0	2035.9277008267907	0.0	0	0.0	2698.917838665031	1	0	1.0	1.0717269632383821
119026.72179903806	1000.0	1672.1960396268958	0.0	0	0.0	2698.9178386650165	1	0	1.0	1.0717269632383841
119727.73462882216	1000.0	1971.1832098428158	0.0	0	0.0	2698.9178386650165	1	0	1.0	1.0717269632383841
121137.65097393097	2000.0	1561.2668647340008	0.0	0	0.0	2698.917838665002	1	0	1.0	1.071726963238386
123259.76015638908	2000.0	439.1576822758977	0.0	0	0.0	2698.917838665002	1	0	1.0	1.7648741437983313
124146.93849265417	1000.0	553.5815838203762	1.6022378095628937	0	0.0	2700.5200764745678	1	0	1.0	0.36874654848021815
125046.54442793144	1000.0	653.97564854308	0.0	0	0.0	2700.520076474553	1	0	1.0	1.0715071558975426
125642.35114146148	1000.0	1058.1689350130432	0.0	0	0.0	2700.520076474553	1	0	1.0	1.0715071558975426
126584.53730007338	1000.0	1115.9827764011338	0.0	0	0.0	2700.520076474553	1	0	1.0	1.0715071558975426
127541.4112543178	1000.0	1159.1088221566986	0.0	0	0.0	2700.520076474553	1	0	1.0	1.0715071558975426
128368.41824990594	1000.0	1332.1018265685655	0.0	0	0.0	2700.520076474553	1	0	1.0	1.0715071558975426
129185.12037895358	1000.0	1515.39969752091	0.0	0	0.0	2700.520076474553	1	0	1.0	1.0715071558975426
129583.7827890317	1000.0	2116.737287442794	0.0	0	0.0	2700.520076474553	1	0	1.0	1.0715071558975426
130653.42582178935	2000.0	2047.0942546851272	0.0	0	0.0	2700.520076474553	1	0	1.0	1.0715071558975429
131921.01089156626	2000.0	1779.509184908203	0.0	0	0.0	2700.5200764745387	1	0	1.0	1.764654336457491
133087.19519431278	2000.0	1613.3248821616542	0.0	0	0.0	2700.520076474495	1	0	1.0	1.764654336457494
134442.06729823418	2000.0	1258.4527782402383	0.0	0	0.0	2700.520076474495	1	0	1.0	1.7646543364574958
135190.89880152835	1000.0	1509.6212749460467	0.0	0	0.0	2700.520076474495	1	0	1.0	0.3783599753376054
136288.50928925857	1000.0	1412.010787215835	0.0	0	0.0	2700.520076474524	1	0	1.0	1.0715071558975466
137241.47391644362	1000.0	1459.0461600307624	0.0	0	0.0	2700.520076474495	1	0	1.0	1.0715071558975506
138171.63100322313	2000.0	1528.8890732512573	0.0	0	0.0	2700.520076474495	1	0	1.0	1.0715071558975504
139375.36685226866	2000.0	1325.153224205722	0.0	0	0.0	2700.520076474524	1	0	1.0	1.7646543364574918
141292.93420016198	2000.0	407.5858763124323	0.0	0	0.0	2700.520076474524	1	0	1.0	1.7646543364574918
142299.17613843287	1000.0	462.81134254031747	61.467404498772055	0	0.0	2761.987480973301	1	0	1.0	0.0008715383228519724
143147.75300883187	1000.0	614.2344721413115	0.0	0	0.0	2761.987480973301	1	0	1.0	1.0628231458754296
143647.31627520508	1000.0	1114.6712057680768	0.0	0	0.0	2761.987480973301	1	0	1.0	1.0628231458754296
144641.578024405	2000.0	1120.4094565681482	0.0	0	0.0	2761.987480973301	1	0	1.0	1.0628231458754298
145569.36385449927	2000.0	1192.6236264738718	0.0	0	0.0	2761.987480973301	1	0	1.0	1.7559703264353748
147041.0574996049	2000.0	720.9299813682352	0.0	0	0.0	2761.987480973301	1	0	1.0	1.7559703264353748
148004.29443420112	2000.0	757.6930467720359	0.0	0	0.0	2761.987480973301	1	0	1.0	1.7559703264353748
149120.8633214281	2000.0	641.1241595450264	0.0	0	0.0	2761.987480973301	1	0	1.0	1.7559703264353748
150896.73868377449	2000.0	200.0	334.75120280132694	0	0.0	3096.7386837744853	1	0	1.0	-0.2955884371374585
151634.7929499201	1000.0	698.3645654393176	236.41883158498686	0	0.0	3333.1575153594604	1	0	1.0	-1.157630830414572
152692.84862128974	2000.0	640.3088940696974	0.0	0	0.0	3333.1575153594604	1	0	1.0	0.9540293396552946
153518.65992594717	1000.0	814.4975894122648	0.0	0	0.0	3333.1575153594895	1	0	1.0	0.2608821590953422
154413.0776877672	1000.0	920.0798275922591	0.0	0	0.0	3333.1575153594895	1	0	1.0	0.9540293396552874
155312.747822568	1000.0	1020.4096927914662	0.0	0	0.0	3333.1575153594604	1	0	1.0	0.9540293396552946
156087.8442355905	1000.0	1245.3132797689552	0.0	0	0.0	3333.1575153594604	1	0	1.0	0.9540293396552946
156599.8762480128	1000.0	1733.2812673466615	0.0	0	0.0	3333.1575153594604	1	0	1.0	0.9540293396552946
157827.9429336097	2000.0	1505.2145817497483	0.0	0	0.0	3333.1575153594604	1	0	1.0	0.9540293396552946
159575.80723474504	2000.0	757.350280614439	0.0	0	0.0	3333.1575153594895	1	0	1.0	1.6471765202152324
161056.57666265138	2000.0	276.5808527081017	0.0	0	0.0	3333.1575153594895	1	0	1.0	1.6471765202152324
161629.31051829635	1000.0	716.650808781213	12.803811718086791	0	0.0	3345.961327077588	1	0	1.0	0.18093115025874082
162389.10975531823	1000.0	956.8515717592774	0.0	0	0.0	3345.961327077559	1	0	1.0	0.9509012011272111
163331.3915106908	1000.0	1014.56981638672	0.0	0	0.0	3345.961327077559	1	0	1.0	0.950901201127214
164070.7333765875	1000.0	1275.2279504900112	0.0	0	0.0	3345.961327077559	1	0	1.0	0.950901201127214
165301.18425453486	2000.0	1044.7770725426453	0.0	0	0.0	3345.96132707753	1	0	1.0	0.9509012011272211
166141.84604147568	1000.0	1204.115285601818	0.0	0	0.0	3345.96132707753	1	0	1.0	0.2577540205672759
166852.59437628693	1000.0	1493.3669507905781	0.0	0	0.0	3345.96132707753	1	0	1.0	0.9509012011272211
167445.2550104541	1000.0	1900.7063166234257	0.0	0	0.0	3345.96132707753	1	0	1.0	0.9509012011272211
168611.00585242634	2000.0	1734.955474651172	0.0	0	0.0	3345.96132707753	1	0	1.0	0.9509012011272211
170245.5960355491	2000.0	1100.3652915284217	0.0	0	0.0	3345.9613270775008	1	0	1.0	1.6440483816871734
171043.21481782623	1000.0	1302.7465092512766	0.0	0	0.0	3345.9613270774717	1	0	1.0	0.25775402056729024
171738.72206559038	1000.0	1607.239261487135	0.0	0	0.0	3345.9613270774425	1	0	1.0	0.9509012011272426
173485.7279431767	2000.0	860.233383900859	0.0	0	0.0	3345.9613270774717	1	0	1.0	0.9509012011272352
175014.761793953	2000.0	331.1995331245521	0.0	0	0.0	3345.9613270774717	1	0	1.0	1.6440483816871803
175697.0816903947	1000.0	677.9592850791173	29.079648396266634	0	0.0	3375.040975473734	1	0	1.0	0.07604113805430002
176350.31212322402	1000.0	1024.7288522497975	0.0	0	0.0	3375.040975473734	1	0	1.0	0.9436662089918448
177815.46328171983	2000.0	559.5776937539679	0.0	0	0.0	3375.040975473734	1	0	1.0	0.9436662089918448
178446.78651262022	1000.0	928.2544628535719	0.0	0	0.0	3375.040975473734	1	0	1.0	0.25051902843189977
179157.07458833646	1000.0	1217.96638713736	0.0	0	0.0	3375.040975473763	1	0	1.0	0.9436662089918377
180229.43977770366	2000.0	1145.601197770156	0.0	0	0.0	3375.040975473763	1	0	1.0	0.9436662089918376
181511.51148638452	2000.0	863.5294890893066	0.0	0	0.0	3375.040975473734	1	0	1.0	1.6368133895517871
182187.6173339094	1000.0	1187.4236415644282	0.0	0	0.0	3375.0409754737047	1	0	1.0	0.25051902843190127
183023.768595028	1000.0	1351.2723804458392	0.0	0	0.0	3375.0409754736756	1	0	1.0	0.9436662089918597
184444.9909610331	2000.0	930.0500144407224	0.0	0	0.0	3375.0409754737047	1	0	1.0	0.9436662089918524
185274.55721719746	1000.0	1100.4837582763544	0.0	0	0.0	3375.040975473734	1	0	1.0	0.2505190284319057
186014.19513407553	1000.0	1360.8458413982426	0.0	0	0.0	3375.0409754737047	1	0	1.0	0.9436662089918524
187026.8996633866	2000.0	1348.1413120871655	0.0	0	0.0	3375.0409754737047	1	0	1.0	0.9436662089918524
188238.05199502563	2000.0	1136.9889804481127	0.0	0	0.0	3375.0409754737047	1	0	1.0	1.6368133895517976
189102.61307672676	1000.0	1272.4278987469997	0.0	0	0.0	3375.0409754737047	1	0	1.0	0.2505190284319072
189763.31829957457	1000.0	1611.7226758991642	0.0	0	0.0	3375.0409754737047	1	0	1.0	0.9436662089918524
190868.632632322	2000.0	1506.4083431517558	0.0	0	0.0	3375.0409754736756	1	0	1.0	0.9436662089918598
192126.0770552862	2000.0	1248.9639201875511	0.0	0	0.0	3375.0409754736465	1	0	1.0	1.6368133895518122
193368.71903209868	2000.0	1006.3219433750917	0.0	0	0.0	3375.0409754736465	1	0	1.0	1.6368133895518122
194292.79501542795	1000.0	1082.24596004579	0.0	0	0.0	3375.0409754736465	1	0	1.0	0.25051902843192175
195020.69943832915	1000.0	1354.3415371445935	0.0	0	0.0	3375.0409754736465	1	0	1.0	0.9436662089918669
196327.54634116637	2000.0	1047.4946343073982	0.0	0	0.0	3375.0409754736756	1	0	1.0	0.9436662089918656
197104.45498832577	1000.0	1270.585987147962	0.0	0	0.0	3375.0409754736465	1	0	1.0	0.25051902843192175
197925.18954689303	1000.0	1449.8514285807144	0.0	0	0.0	3375.0409754736174	1	0	1.0	0.9436662089918745
199616.22776884885	2000.0	758.813206624911	0.0	0	0.0	3375.0409754736465	1	0	1.0	0.9436662089918699
200718.3804787772	1000.0	656.6604966965489	0.0	0	0.0	3375.0409754736465	1	0	1.0	0.25051902843192175
201743.55273801077	1000.0	631.488237462949	0.0	0	0.0	3375.0409754736174	1	0	1.0	0.9436662089918745
202848.7656225593	1000.0	526.2753529143987	0.0	0	0.0	3375.0409754736465	1	0	1.0	0.9436662089918669
203546.99186333275	500.0	828.0491121409527	0.0	0	0.0	3375.0409754736756	1	0	1.0	-0.4426281521280312
204590.03146919204	1000.0	785.0095062816617	0.0	0	0.0	3375.0409754736756	1	0	1.0	0.2505190284319143
205322.3712339768	1000.0	1052.6697414969112	0.0	0	0.0	3375.0409754737047	1	0	1.0	0.9436662089918524
206438.66623190878	1000.0	936.3747435648854	0.0	0	0.0	3375.0409754736756	1	0	1.0	0.9436662089918553
207561.80612086432	1000.0	813.2348546093554	0.0	0	0.0	3375.0409754736756	1	0	1.0	0.9436662089918597
208733.0646805242	1000.0	641.9762949494975	0.0	0	0.0	3375.0409754736756	1	0	1.0	0.9436662089918597
209534.42874455554	1000.0	840.6122309181238	0.0	0	0.0	3375.0409754736756	1	0	1.0	0.9436662089918597
210747.17839711247	1000.0	627.8625783612016	0.0	0	0.0	3375.0409754737047	1	0	1.0	0.9436662089918524
211738.619345557	1000.0	636.4216299166255	0.0	0	0.0	3375.0409754737047	1	0	1.0	0.9436662089918524
212821.6752713076	1000.0	553.3657041660038	0.0	0	0.0	3375.0409754737047	1	0	1.0	0.9436662089918524
213482.4844036576	1000.0	892.5565718159951	0.0	0	0.0	3375.0409754737047	1	0	1.0	0.9436662089918524
214483.87408871492	1000.0	891.1668867586864	0.0	0	0.0	3375.0409754737047	1	0	1.0	0.9436662089918524
215202.32757997894	1000.0	1172.7133954946785	0.0	0	0.0	3375.040975473734	1	0	1.0	0.9436662089918508
216062.83878796585	2000.0	1312.2021875077444	0.0	0	0.0	3375.040975473734	1	0	1.0	0.9436662089918448
217171.53774420987	2000.0	1203.5032312637184	0.0	0	0.0	3375.0409754737047	1	0	1.0	1.6368133895517976
218478.50407204698	2000.0	896.5369034266224	0.0	0	0.0	3375.040975473734	1	0	1.0	1.63681338955179
219720.82316265313	2000.0	654.2178128204644	0.0	0	0.0	3375.040975473763	1	0	1.0	1.636813389551783
220598.3218399565	2000.0	776.7191355170844	0.0	0	0.0	3375.040975473763	1	0	1.0	1.636813389551783
221974.14435326934	2000.0	400.8966222042262	0.0	0	0.0	3375.040975473734	1	0	1.0	1.63681338955179
222631.58690820815	1000.0	743.4540672654051	0.0	0	0.0	3375.040975473734	1	0	1.0	0.25051902843189977
223279.93262765114	1000.0	1095.1083478223827	0.0	0	0.0	3375.040975473734	1	0	1.0	0.9436662089918448
225010.40290065977	2000.0	364.6380748137745	0.0	0	0.0	3375.040975473734	1	0	1.0	0.9436662089918448
225729.67464847426	1000.0	645.3663269993059	0.0	0	0.0	3375.040975473734	1	0	1.0	0.25051902843189977
226690.34045329015	1000.0	684.7005221834213	0.0	0	0.0	3375.040975473734	1	0	1.0	0.9436662089918448
227328.00816735945	1000.0	1047.0328081140885	0.0	0	0.0	3375.040975473734	1	0	1.0	0.9436662089918448
228005.62395101393	2000.0	1369.4170244596323	0.0	0	0.0	3375.040975473734	1	0	1.0	0.9436662089918448
228992.9743227094	2000.0	1382.0666527641654	0.0	0	0.0	3375.040975473734	1	0	1.0	1.63681338955179
229792.82948955608	2000.0	1582.2114859175213	0.0	0	0.0	3375.040975473763	1	0	1.0	1.636813389551783
230783.08734721513	2000.0	1591.953628258487	0.0	0	0.0	3375.040975473792	1	0	1.0	1.6368133895517754
232676.7413901685	2000.0	698.2995853051056	0.0	0	0.0	3375.040975473792	1	0	1.0	1.6368133895517754
234035.57315625894	2000.0	339.4678192146806	0.0	0	0.0	3375.040975473792	1	0	1.0	1.6368133895517754
234834.99177278805	1000.0	592.0253608652708	51.976158179714076	0	0.0	3427.017133653513	1	0	1.0	-0.07473110357070778
235921.84203386246	1000.0	505.17509979087447	0.0	0	0.0	3427.017133653513	1	0	1.0	0.9302730260675218
236747.5401070371	1000.0	679.4770266162348	0.0	0	0.0	3427.017133653484	1	0	1.0	0.9302730260675295
237333.56400299547	1000.0	1093.4531306578276	0.0	0	0.0	3427.017133653484	1	0	1.0	0.9302730260675295
237961.96078229832	1000.0	1465.05635135499	0.0	0	0.0	3427.017133653513	1	0	1.0	0.9302730260675218
239870.06098552665	2000.0	556.9561481266659	0.0	0	0.0	3427.017133653513	1	0	1.0	0.9302730260675247
240706.31087472447	1000.0	720.7062589288516	0.0	0	0.0	3427.017133653513	1	0	1.0	0.23712584550757665
241491.80247322845	1000.0	935.2146604248728	0.0	0	0.0	3427.017133653513	1	0	1.0	0.9302730260675218
242384.4948461127	1000.0	1042.5222875406148	0.0	0	0.0	3427.017133653513	1	0	1.0	0.9302730260675218
242908.9888517641	1000.0	1518.028281889211	0.0	0	0.0	3427.017133653484	1	0	1.0	0.9302730260675295
244041.03625425338	2000.0	1385.980879399929	0.0	0	0.0	3427.017133653484	1	0	1.0	0.9302730260675293
245843.70828406597	2000.0	583.3088495872958	0.0	0	0.0	3427.017133653484	1	0	1.0	1.6234202066274745
247305.87566771786	1000.0	261.04912081764843	139.90765488226148	0	0.0	3566.924788535718	1	0	1.0	-0.6245780041547274
248430.7955510516	1000.0	510.38882979676777	374.2595923128249	0	0.0	3941.184380848543	1	0	1.0	-1.4843528097058694
249342.62428474316	2000.0	598.5600961051607	0.0	0	0.0	3941.184380848543	1	0	1.0	0.7612047441710798
250547.9086300223	2000.0	393.2757508260055	0.0	0	0.0	3941.184380848543	1	0	1.0	1.454351924731025
252039.9311660863	2000.0	282.86910300001864	381.6158882379326	0	0.0	4322.800269086263	1	0	1.0	-1.012551359197578
253691.16129155125	2000.0	200.0	568.3610224649274	0	0.0	1891.1612915511942	1	0	1.0	-10.564068392569206
254271.43404400995	1000.0	747.8441852173598	128.11693767607363	0	0.0	2019.2782292272605	1	0	1.0	-0.32130510446674176
255747.70431810414	2000.0	271.57391112312257	0.0	0	0.0	2019.2782292272605	1	0	1.0	1.1405437021496452
256614.339565534	1000.0	551.7183295337152	146.77966584047198	0	0.0	2166.057895067759	1	0	1.0	-0.4446278544883441
257655.0937671863	1000.0	510.96412788140833	0.0	0	0.0	2166.057895067759	1	0	1.0	1.1291973211144328
258795.5586554821	1000.0	417.7581031019009	47.25886351627912	0	0.0	2213.3167585839983	1	0	1.0	0.8416376973084465
259765.7799060867	1000.0	512.7033803694264	65.1665278721283	0	0.0	2278.4832864561176	1	0	1.0	0.7283618648038074
260596.3205851905	1000.0	682.162701265665	0.0	0	0.0	2278.4832864561176	1	0	1.0	1.1193610320365772
261428.03109424084	1000.0	850.4521922153227	0.0	0	0.0	2278.4832864561176	1	0	1.0	1.1193610320365772
262714.96915285895	1000.0	563.5141335971998	0.0	0	0.0	2278.4832864560594	1	0	1.0	1.1193610320365799
264087.72619380994	1000.0	228.36621674961313	37.60912410341612	0	0.0	2316.092410559504	1	0	1.0	0.8901732267823378
264663.24300708395	500.0	709.6370792905998	56.787675814947505	0	0.0	2372.880086374469	1	0	1.0	-0.6167723672029706
265783.1012069556	1000.0	589.7788794190119	0.0	0	0.0	2372.880086374469	1	0	1.0	0.41710086824665815
267164.75173474266	1000.0	208.12835163195535	0.0	0	0.0	2372.880086374411	1	0	1.0	1.1102480488066093
267720.2026589844	500.0	729.1860945114651	76.50866712124929	0	0.0	2449.388753495645	1	0	1.0	-0.7431070171575442
268764.4126968294	1000.0	684.9760566664725	0.0	0	0.0	2449.388753495645	1	0	1.0	0.40909216612989663
269346.4498838136	1000.0	1102.9388696822482	0.0	0	0.0	2449.388753495645	1	0	1.0	1.1022393466898421
270053.92596348847	1000.0	1395.4627900073742	0.0	0	0.0	2449.3887534955866	1	0	1.0	1.1022393466898484
271597.04039585503	2000.0	852.3483576408277	0.0	0	0.0	2449.3887534955284	1	0	1.0	1.1022393466898546
272418.66668826545	1000.0	1030.7220652303945	0.0	0	0.0	2449.3887534955284	1	0	1.0	0.40909216612990956
273378.6236072747	1000.0	1070.7651462212139	0.0	0	0.0	2449.3887534955284	1	0	1.0	1.1022393466898548
274083.70547734946	1000.0	1365.6832761464736	0.0	0	0.0	2449.3887534955284	1	0	1.0	1.1022393466898548
274692.3881173929	1000.0	1757.0006361030098	0.0	0	0.0	2449.38875349547	1	0	1.0	1.102239346689861
276654.9857649928	2000.0	794.4029885031191	0.0	0	0.0	2449.38875349547	1	0	1.0	1.102239346689861
277689.7011394991	1000.0	759.6876139968442	0.0	0	0.0	2449.38875349547	1	0	1.0	0.40909216612991584
278277.4550605835	1000.0	1171.9336929124422	0.0	0	0.0	2449.38875349547	1	0	1.0	1.102239346689861
279482.82469418197	2000.0	966.5640593139801	0.0	0	0.0	2449.38875349547	1	0	1.0	1.102239346689861
280329.9141890331	1000.0	1119.4745644628767	0.0	0	0.0	2449.3887534955284	1	0	1.0	0.40909216612990956
280996.55881074746	1000.0	1452.8299427485008	0.0	0	0.0	2449.3887534955284	1	0	1.0	1.1022393466898548
282238.2897109397	2000.0	1211.099042556264	0.0	0	0.0	2449.3887534955284	1	0	1.0	1.1022393466898546
283679.6193153762	2000.0	769.7694381197298	0.0	0	0.0	2449.3887534955284	1	0	1.0	1.7953865272498
284510.1203801537	1000.0	939.2683733422626	0.0	0	0.0	2449.38875349547	1	0	1.0	0.40909216612991584
285498.23718027223	1000.0	951.1515732237975	0.0	0	0.0	2449.38875349547	1	0	1.0	1.102239346689861
286306.0707392482	1000.0	1143.3180142478277	0.0	0	0.0	2449.38875349547	1	0	1.0	1.102239346689861
287584.72942431376	2000.0	864.6593291822742	0.0	0	0.0	2449.38875349547	1	0	1.0	1.102239346689861
289034.98591842386	2000.0	414.4028350721254	0.0	0	0.0	2449.38875349547	1	0	1.0	1.7953865272498062
290124.612739062	1000.0	439.7815646535922	115.00555021969609	0	0.0	2564.3943037150893	1	0	1.0	-0.2941213443050374
290784.0017546356	1000.0	780.3925490800214	0.0	0	0.0	2564.3943037150893	1	0	1.0	1.0890591375730843
291413.5193062133	1000.0	1150.8749975023234	0.0	0	0.0	2564.3943037150893	1	0	1.0	1.0890591375730843
292183.18005558284	1000.0	1381.214248132739	0.0	0	0.0	2564.394303715031	1	0	1.0	1.0890591375730914
292604.9976142222	1000.0	1959.396689493351	0.0	0	0.0	2564.394303714973	1	0	1.0	1.0890591375730985
293648.36570470955	2000.0	1916.0285990059972	0.0	0	0.0	2564.3943037149147	1	0	1.0	1.089059137573104
294976.38640431967	2000.0	1588.0078993958236	0.0	0	0.0	2564.3943037148565	1	0	1.0	1.7822063181330576
296568.1606001793	2000.0	996.2337035362141	0.0	0	0.0	2564.3943037147983	1	0	1.0	1.7822063181330647
297544.91132141586	2000.0	1019.4829822996218	0.0	0	0.0	2564.3943037148565	1	0	1.0	1.7822063181330603
299510.0806634893	2000.0	200.0	145.68635977380853	0	0.0	2710.0806634892942	1	0	1.0	0.9022600933350788
300223.7719745137	1000.0	648.6633242454982	162.35463526990503	0	0.0	2872.435298759199	1	0	1.0	-0.6213494946956539
301031.62174692325	2000.0	840.8135518359396	0.0	0	0.0	2872.435298759199	1	0	1.0	1.0459254974837213
302204.8419606434	2000.0	667.5933381158113	0.0	0	0.0	2872.435298759199	1	0	1.0	1.7390726780436667
302992.723477858	1000.0	879.7118209012132	0.0	0	0.0	2872.435298759141	1	0	1.0	0.3527783169237855
304001.45481828135	1000.0	870.9804804778482	0.0	0	0.0	2872.435298759199	1	0	1.0	1.0459254974837213
304939.8346508856	1000.0	932.6006478735845	0.0	0	0.0	2872.435298759199	1	0	1.0	1.0459254974837213
305801.1015666428	1000.0	1071.333732116355	0.0	0	0.0	2872.4352987592574	1	0	1.0	1.045925497483712
306624.10460551456	1000.0	1248.3306932446274	0.0	0	0.0	2872.4352987592574	1	0	1.0	1.045925497483712
307205.9765311962	1000.0	1666.4587675629305	0.0	0	0.0	2872.435298759199	1	0	1.0	1.0459254974837138
1.35931914893617	1.40131914893617	1.32931914893617	1.42731914893617	1.58131914893617	1.60731914893617	1.39131914893617	1.57331914893617	1.35931914893617	1.4933191489361701	1.44931914893617	1.59331914893617	1.35731914893617	1.32331914893617	1.34331914893617	1.38531914893617	1.31331914893617	1.46731914893617	1.42731914893617	1.4813191489361701	1.61131914893617	1.64531914893617	1.61331914893617	1.62131914893617	1.7653191489361701	1.5473191489361702	1.61931914893617	1.5373191489361702	1.43331914893617	1.47531914893617	1.5493191489361702	1.4933191489361701	1.5153191489361701	1.5573191489361702	1.4813191489361701	1.44131914893617	1.43131914893617	1.45731914893617	1.4893191489361701	1.41731914893617	1.42731914893617	1.44331914893617	1.61331914893617	1.47531914893617	1.40331914893617	1.41731914893617	1.03	1.42	0.8	0.88	0.67	0.67	1.23	1.02	0.85	0.98	1.25	0.85	1.23	1.36	1.08	1.27	1.63	1.98	2.15	1.88	1.14	1.62	1.81	1.62	1.54	1.64	1.42	1.1	1.33	2.34	2.2	2.05	1.69	1.15	1.7	1.6	1.29	1.07	1.69	1.3	1.55	1.11	1.16	1.37	1.69	2.19	1.71	1.03	0.52	1.0	1.8	2.51	1.32	1.93	1.38	1.32	2.2	1.19	1.18	1.1	1.12	1.36	1.47	0.93	1.04	0.75	1.0	1.14	0.81	0.93	1.58	1.85	1.38	1.05	1.25	1.1	1.44	1.34	0.94	1.26	1.95	1.62	1.53	1.81	1.47	1.22	1.08	1.16	1.81	2.24	1.67	1.09	1.19	1.63	2.55	2.44	1.26	1.44	2.04	1.76	1.17	1.26	2.22	1.37331914893617	1.35931914893617	1.40131914893617	1.32931914893617	1.42731914893617	1.58131914893617	1.60731914893617	1.39131914893617	1.57331914893617	1.35931914893617	1.4933191489361701	1.44931914893617	1.59331914893617	1.35731914893617	1.32331914893617	1.34331914893617	1.38531914893617	1.31331914893617	1.46731914893617	1.42731914893617	1.4813191489361701	1.61131914893617	1.64531914893617	1.61331914893617	1.62131914893617	1.7653191489361701	1.5473191489361702	1.61931914893617	1.5373191489361702	1.43331914893617	1.47531914893617	1.5493191489361702	1.4933191489361701	1.5153191489361701	1.5573191489361702	1.4813191489361701	1.44131914893617	1.43131914893617	1.45731914893617	1.4893191489361701	1.41731914893617	1.42731914893617	1.44331914893617	1.61331914893617	1.47531914893617	1.40331914893617	1.41731914893617	1.03	1.42	0.8	0.88	0.67	0.67	1.23	1.02	0.85	0.98	1.25	0.85	1.23	1.36	1.08	1.27	1.63	1.98	2.15	1.88	1.14	1.62	1.81	1.62	1.54	1.64	1.42	1.1	1.33	2.34	2.2	2.05	1.69	1.15	1.7	1.6	1.29	1.07	1.69	1.3	1.55	1.11	1.16	1.37	1.69	2.19	1.71	1.03	0.52	1.0	1.8	2.51	1.32	1.93	1.38	1.32	2.2	1.19	1.18	1.1	1.12	1.36	1.47	0.93	1.04	0.75	1.0	1.14	0.81	0.93	1.58	1.85	1.38	1.05	1.25	1.1	1.44	1.34	0.94	1.26	1.95	1.62	1.53	1.81	1.47	1.22	1.08	1.16	1.81	2.24	1.67	1.09	1.19	1.63	2.55	2.44	1.26	1.44	2.04	1.76	1.17	1.26	2.22	1.37331914893617	1.35931914893617	1.40131914893617	1.32931914893617	1.42731914893617	1.58131914893617	1.60731914893617	1.39131914893617	1.57331914893617
1.0	2.0	3.0	4.0	5.0	6.0	7.0	8.0	9.0	10.0	11.0	12.0	13.0	14.0	15.0	16.0	17.0	18.0	19.0	20.0	21.0	22.0	23.0	24.0	25.0	26.0	27.0	28.0	29.0	30.0	31.0	32.0	33.0	34.0	35.0	36.0	37.0	38.0	39.0	40.0	41.0	42.0	43.0	44.0	45.0	46.0	47.0	48.0	49.0	50.0	51.0	52.0	53.0	54.0	55.0	56.0	57.0	58.0	59.0	60.0	61.0	62.0	63.0	64.0	65.0	66.0	67.0	68.0	69.0	70.0	71.0	72.0	73.0	74.0	75.0	76.0	77.0	78.0	79.0	80.0	81.0	82.0	83.0	84.0	85.0	86.0	87.0	88.0	89.0	90.0	91.0	92.0	93.0	94.0	95.0	96.0	97.0	98.0	99.0	100.0	101.0	102.0	103.0	104.0	105.0	106.0	107.0	108.0	109.0	110.0	111.0	112.0	113.0	114.0	115.0	116.0	117.0	118.0	119.0	120.0	121.0	122.0	123.0	124.0	125.0	126.0	127.0	128.0	129.0	130.0	131.0	132.0	133.0	134.0	135.0	136.0	137.0	138.0	139.0	140.0	141.0	142.0	143.0	144.0	145.0	146.0	147.0	148.0	149.0	149.0	150.0	151.0	152.0	153.0	154.0	155.0	156.0	157.0	158.0	159.0	160.0	161.0	162.0	163.0	164.0	165.0	166.0	167.0	168.0	169.0	170.0	171.0	172.0	173.0	174.0	175.0	176.0	177.0	178.0	179.0	180.0	181.0	182.0	183.0	184.0	185.0	186.0	187.0	188.0	189.0	190.0	191.0	192.0	193.0	194.0	195.0	196.0	197.0	198.0	199.0	200.0	201.0	202.0	203.0	204.0	205.0	206.0	207.0	208.0	209.0	210.0	211.0	212.0	213.0	214.0	215.0	216.0	217.0	218.0	219.0	220.0	221.0	222.0	223.0	224.0	225.0	226.0	227.0	228.0	229.0	230.0	231.0	232.0	233.0	234.0	235.0	236.0	237.0	238.0	239.0	240.0	241.0	242.0	243.0	244.0	245.0	246.0	247.0	248.0	249.0	250.0	251.0	252.0	253.0	254.0	255.0	256.0	257.0	258.0	259.0	260.0	261.0	262.0	263.0	264.0	265.0	266.0	267.0	268.0	269.0	270.0	271.0	272.0	273.0	274.0	275.0	276.0	277.0	278.0	279.0	280.0	281.0	282.0	283.0	284.0	285.0	286.0	287.0	288.0	289.0	290.0	291.0	292.0	293.0	294.0	295.0	296.0	297.0	298.0	298.0	299.0	300.0	301.0	302.0	303.0	304.0	305.0	306.0
3178.049527689673
