6503.529407305019	300.0	2000.0	282.7668846459191	0	0.0	3503.529407305019	1	0	1.0	-10.971727285290038
8299.004975331016	2000.0	1204.5244319740023	0.0	0	0.0	3503.5294073050172	1	0	1.0	-0.2945334084741529
10009.64428141928	2000.0	493.8851258857361	0.0	0	0.0	3503.5294073050154	1	0	1.0	1.602586576411729
10891.102490571624	2000.0	612.42691673339	0.0	0	0.0	3503.5294073050127	1	0	1.0	1.6025865764117297
12450.653264304912	2000.0	261.52588237988266	208.64973937977956	0	0.0	3712.1791466847917	1	0	1.0	0.28788661980463454
13290.13146825562	1000.0	559.9357708044568	137.88809237528028	0	0.0	3850.067239060072	1	0	1.0	-0.7239624639475437
14252.552004724497	1000.0	597.5152343355801	0.0	0	0.0	3850.067239060072	1	0	1.0	0.7965132708640832
14973.361970842469	1000.0	876.7052682176089	0.0	0	0.0	3850.0672390600703	1	0	1.0	0.7965132708640839
16328.492092144692	1000.0	521.5751469153847	0.0	0	0.0	3850.067239060072	1	0	1.0	0.7965132708640832
17183.903410662795	500.0	666.1638283972823	0.0	0	0.0	3850.067239060074	1	0	1.0	-0.5897810902558083
18129.757046054106	1000.0	720.3101930059726	0.0	0	0.0	3850.0672390600757	1	0	1.0	0.1033660903041369
18985.028662198445	1000.0	865.0385768616347	0.0	0	0.0	3850.0672390600776	1	0	1.0	0.7965132708640813
19778.387233917816	1000.0	1071.6800051422624	0.0	0	0.0	3850.067239060074	1	0	1.0	0.7965132708640816
20634.066578033056	1000.0	1216.0006610270193	0.0	0	0.0	3850.067239060074	1	0	1.0	0.7965132708640823
21673.6957917519	1000.0	1176.3714473081773	0.0	0	0.0	3850.0672390600776	1	0	1.0	0.796513270864081
23234.838122729205	2000.0	615.2291163308709	0.0	0	0.0	3850.067239060074	1	0	1.0	0.7965132708640812
23729.442899211335	1000.0	1120.624339848744	0.0	0	0.0	3850.067239060074	1	0	1.0	0.10336609030413713
25024.26456517134	2000.0	825.8026738887404	0.0	0	0.0	3850.0672390600703	1	0	1.0	0.796513270864084
27330.02977354863	2000.0	200.0	679.9625344885517	0	0.0	4530.029773548631	1	0	1.0	-2.8238530757756366
29208.28146976571	2000.0	219.72972763951853	897.9814238565951	0	0.0	2428.011197405227	1	0	1.0	-12.58206521850608
29870.014774238552	1000.0	647.0395462979195	89.04312313124191	0	0.0	2517.05432053647	1	0	1.0	-0.1327481924490386
31113.33567383674	1000.0	403.7186466997337	0.0	0	0.0	2517.05432053647	1	0	1.0	1.094657726898358
32145.275421568993	1000.0	502.1307802393572	130.35188127187672	0	0.0	2647.4062018083423	1	0	1.0	0.2965106912283024
32781.27325549864	1000.0	866.1329463097088	0.0	0	0.0	2647.406201808346	1	0	1.0	1.0786219788595623
33395.83979931225	1000.0	1251.5664024961031	0.0	0	0.0	2647.4062018083423	1	0	1.0	1.0786219788595628
34441.62298774118	2000.0	1205.7832140671658	0.0	0	0.0	2647.406201808335	1	0	1.0	1.0786219788595637
35332.18830120279	2000.0	1315.2179006055524	0.0	0	0.0	2647.4062018083278	1	0	1.0	1.7717691594195095
36871.95072648021	2000.0	775.4554753281343	0.0	0	0.0	2647.4062018083278	1	0	1.0	1.7717691594195097
37850.28844299274	1000.0	797.1177588156004	0.0	0	0.0	2647.4062018083205	1	0	1.0	0.3854747982996205
38486.165957262776	1000.0	1161.2402445455637	0.0	0	0.0	2647.4062018083205	1	0	1.0	1.0786219788595657
38992.432771283835	1000.0	1654.9734305244995	0.0	0	0.0	2647.4062018083205	1	0	1.0	1.0786219788595657
39770.564490876735	2000.0	1876.8417109315994	0.0	0	0.0	2647.4062018083205	1	0	1.0	1.0786219788595655
40489.07934548779	2000.0	2158.3268563205406	0.0	0	0.0	2647.4062018083205	1	0	1.0	1.7717691594195106
42301.55046169549	2000.0	1345.8557401128394	0.0	0	0.0	2647.406201808313	1	0	1.0	1.7717691594195117
43661.74334057624	2000.0	985.6628612320939	0.0	0	0.0	2647.406201808313	1	0	1.0	1.7717691594195117
44360.724229898166	2000.0	1286.6819719101723	0.0	0	0.0	2647.4062018083205	1	0	1.0	1.7717691594195106
45235.36938401959	2000.0	1412.036817788744	0.0	0	0.0	2647.406201808313	1	0	1.0	1.7717691594195117
46365.739533500244	2000.0	1281.6666683080957	0.0	0	0.0	2647.406201808313	1	0	1.0	1.7717691594195117
47591.521904560235	2000.0	1055.8842972481089	0.0	0	0.0	2647.406201808313	1	0	1.0	1.7717691594195117
49040.682523500975	2000.0	606.7236783073746	0.0	0	0.0	2647.406201808313	1	0	1.0	1.7717691594195117
49543.48008407523	1000.0	1103.926117733116	0.0	0	0.0	2647.406201808313	1	0	1.0	0.38547479829962145
50075.134191348574	1000.0	1572.2720104597772	0.0	0	0.0	2647.406201808313	1	0	1.0	1.0786219788595666
50949.459286555524	2000.0	1697.946915252823	0.0	0	0.0	2647.406201808313	1	0	1.0	1.0786219788595666
52149.44473387575	2000.0	1497.961467932595	0.0	0	0.0	2647.406201808313	1	0	1.0	1.7717691594195117
53746.45551889318	2000.0	900.950682915163	0.0	0	0.0	2647.406201808313	1	0	1.0	1.7717691594195117
55610.21533279335	2000.0	200.0	162.80913098501003	0	0.0	2810.2153327933192	1	0	1.0	0.7836381208260625
56436.43443400287	1000.0	610.5182023861153	236.73730359564286	0	0.0	3046.952636388989	1	0	1.0	-1.0980784336263392
56969.27598221501	1000.0	1077.6766541739685	0.0	0	0.0	3046.952636388982	1	0	1.0	1.0154925685074647
57614.58283371717	1000.0	1432.3698026718075	0.0	0	0.0	3046.952636388982	1	0	1.0	1.0154925685074647
59033.792552038794	2000.0	1013.1600843501864	0.0	0	0.0	3046.952636388982	1	0	1.0	1.0154925685074647
59670.406324586074	1000.0	1376.5463118029152	0.0	0	0.0	3046.952636388982	1	0	1.0	0.3223453879475196
61206.134677331065	2000.0	840.8179590579216	0.0	0	0.0	3046.952636388982	1	0	1.0	1.0154925685074647
61766.17892415269	1000.0	1280.7737122362976	0.0	0	0.0	3046.952636388982	1	0	1.0	0.3223453879475196
63297.740620795135	2000.0	749.2120155938599	0.0	0	0.0	3046.952636388989	1	0	1.0	1.0154925685074634
63881.393999298576	1000.0	1165.5586370904148	0.0	0	0.0	3046.952636388989	1	0	1.0	0.3223453879475182
65111.107561328594	2000.0	935.8450750604004	0.0	0	0.0	3046.952636388989	1	0	1.0	1.0154925685074634
66365.25317776245	2000.0	681.6994586265423	0.0	0	0.0	3046.9526363889963	1	0	1.0	1.708639749067407
67082.81431792141	1000.0	964.1383184675782	0.0	0	0.0	3046.952636388982	1	0	1.0	0.3223453879475185
67904.82546272289	1000.0	1142.1271736661029	0.0	0	0.0	3046.952636388989	1	0	1.0	1.0154925685074643
68837.38175820281	2000.0	1209.5708781861676	0.0	0	0.0	3046.9526363889745	1	0	1.0	1.0154925685074652
70058.22719835704	2000.0	988.7254380319399	0.0	0	0.0	3046.95263638896	1	0	1.0	1.708639749067412
71697.26168164574	2000.0	349.69095474322955	0.0	0	0.0	3046.9526363889745	1	0	1.0	1.7086397490674112
72251.49035774678	1000.0	795.4622786421982	0.0	0	0.0	3046.9526363889745	1	0	1.0	0.3223453879475209
72845.56064081236	1000.0	1201.3919955765982	0.0	0	0.0	3046.9526363889745	1	0	1.0	1.015492568507466
73572.60496227175	1000.0	1474.3476741171946	0.0	0	0.0	3046.9526363889745	1	0	1.0	1.015492568507466
74812.41306237757	2000.0	1234.5395740113704	0.0	0	0.0	3046.9526363889745	1	0	1.0	1.015492568507466
76094.32779530245	2000.0	952.6248410864922	0.0	0	0.0	3046.9526363889745	1	0	1.0	1.7086397490674112
76896.84331451128	1000.0	1150.1093218776668	0.0	0	0.0	3046.95263638896	1	0	1.0	0.32234538794752365
77660.5949798057	1000.0	1386.3576565832568	0.0	0	0.0	3046.95263638896	1	0	1.0	1.0154925685074687
78950.22243762584	2000.0	1096.730198763111	0.0	0	0.0	3046.95263638896	1	0	1.0	1.015492568507469
80288.9630676685	2000.0	757.9895687204505	0.0	0	0.0	3046.95263638896	1	0	1.0	1.7086397490674141
81178.78355601768	1000.0	868.1690803712798	0.0	0	0.0	3046.9526363889745	1	0	1.0	0.3223453879475209
81937.9853221293	1000.0	1108.9673142596466	0.0	0	0.0	3046.95263638896	1	0	1.0	1.0154925685074687
82596.76883247188	1000.0	1450.1838039170636	0.0	0	0.0	3046.95263638896	1	0	1.0	1.0154925685074687
84092.15576512912	2000.0	954.7968712598163	0.0	0	0.0	3046.9526363889745	1	0	1.0	1.015492568507466
84688.75437887607	1000.0	1358.1982575128668	0.0	0	0.0	3046.95263638896	1	0	1.0	0.32234538794752365
86597.28499119874	2000.0	449.6676451901878	0.0	0	0.0	3046.95263638896	1	0	1.0	1.015492568507469
87109.05746715133	1000.0	937.8951692376082	0.0	0	0.0	3046.9526363889454	1	0	1.0	0.32234538794752643
87732.15495094356	1000.0	1314.7976854453943	0.0	0	0.0	3046.9526363889454	1	0	1.0	1.0154925685074716
89200.36755133627	2000.0	846.5850850526875	0.0	0	0.0	3046.952636388931	1	0	1.0	1.015492568507474
89832.19222196606	1000.0	1214.7604144229012	0.0	0	0.0	3046.9526363889454	1	0	1.0	0.32234538794752643
90441.97023618838	1000.0	1604.982400200585	0.0	0	0.0	3046.952636388931	1	0	1.0	1.0154925685074743
91947.96143568639	2000.0	1098.9912007025866	0.0	0	0.0	3046.952636388931	1	0	1.0	1.015492568507474
93528.96654216193	2000.0	517.986094227062	0.0	0	0.0	3046.952636388931	1	0	1.0	1.7086397490674194
94297.29884419497	1000.0	749.6537921940377	0.0	0	0.0	3046.952636388931	1	0	1.0	0.32234538794752904
95078.13016682037	1000.0	968.8224695686309	0.0	0	0.0	3046.9526363889163	1	0	1.0	1.015492568507477
95749.70475995734	1000.0	1297.2478764316588	0.0	0	0.0	3046.9526363889163	1	0	1.0	1.015492568507477
96744.67663522053	2000.0	1302.2760011684813	0.0	0	0.0	3046.9526363889163	1	0	1.0	1.015492568507477
98052.96905281815	2000.0	993.9835835708607	0.0	0	0.0	3046.9526363889163	1	0	1.0	1.708639749067422
98966.01641499018	1000.0	1080.9362213988315	0.0	0	0.0	3046.9526363889163	1	0	1.0	0.3223453879475318
99816.50110398099	1000.0	1230.4515324080335	0.0	0	0.0	3046.9526363889163	1	0	1.0	1.015492568507477
100652.41276165207	1000.0	1394.5398747369493	0.0	0	0.0	3046.9526363889163	1	0	1.0	1.015492568507477
101247.30345615112	1000.0	1799.6491802379048	0.0	0	0.0	3046.9526363889163	1	0	1.0	1.015492568507477
101885.09342191197	1000.0	2161.8592144770646	0.0	0	0.0	3046.952636388931	1	0	1.0	1.0154925685074743
103597.04876013356	2000.0	1449.9038762554876	0.0	0	0.0	3046.9526363889454	1	0	1.0	1.0154925685074714
105501.11010333545	2000.0	545.8425330536024	0.0	0	0.0	3046.9526363889454	1	0	1.0	1.7086397490674166
106435.3462169465	1000.0	611.6064194425607	0.0	0	0.0	3046.952636388931	1	0	1.0	0.32234538794752904
107196.55905138908	1000.0	850.393584999979	0.0	0	0.0	3046.952636388931	1	0	1.0	1.0154925685074743
108155.05327189139	1000.0	891.8993644976825	0.0	0	0.0	3046.952636388931	1	0	1.0	1.0154925685074743
108852.54189679428	1000.0	1194.4107395947722	0.0	0	0.0	3046.952636388931	1	0	1.0	1.0154925685074743
109482.90779105724	1000.0	1564.0448453318054	0.0	0	0.0	3046.952636388931	1	0	1.0	1.0154925685074743
110233.34721403495	1000.0	1813.6054223540928	0.0	0	0.0	3046.952636388931	1	0	1.0	1.0154925685074743
111148.54253794238	1000.0	1898.4100984466577	0.0	0	0.0	3046.9526363889454	1	0	1.0	1.0154925685074716
111785.01640741019	1000.0	2261.9362289788523	0.0	0	0.0	3046.9526363889454	1	0	1.0	1.0154925685074716
113367.2656964096	2000.0	1679.6869399794352	0.0	0	0.0	3046.9526363889454	1	0	1.0	1.0154925685074714
115252.57731927003	2000.0	794.3753171189996	0.0	0	0.0	3046.9526363889454	1	0	1.0	1.7086397490674166
116219.49491951021	1000.0	827.4577168788096	0.0	0	0.0	3046.9526363889454	1	0	1.0	0.32234538794752643
117119.91233502435	1000.0	927.040301364668	0.0	0	0.0	3046.952636388931	1	0	1.0	1.0154925685074743
117759.3684177407	1000.0	1287.5842186483258	0.0	0	0.0	3046.9526363889454	1	0	1.0	1.0154925685074716
118704.81606675065	1000.0	1342.1365696383732	0.0	0	0.0	3046.9526363889454	1	0	1.0	1.0154925685074716
119383.76100585275	1000.0	1663.191630536278	0.0	0	0.0	3046.9526363889454	1	0	1.0	1.0154925685074716
120009.75685622368	1000.0	2037.1957801653339	0.0	0	0.0	3046.952636388931	1	0	1.0	1.0154925685074743
121431.13915750537	2000.0	1615.8134788836546	0.0	0	0.0	3046.952636388931	1	0	1.0	1.015492568507474
122622.76705107458	2000.0	1424.1855853144327	0.0	0	0.0	3046.952636388931	1	0	1.0	1.7086397490674194
124251.55165975867	2000.0	795.4009766303353	0.0	0	0.0	3046.9526363889163	1	0	1.0	1.708639749067422
124954.76035584554	1000.0	1092.1922805434438	0.0	0	0.0	3046.9526363889163	1	0	1.0	0.3223453879475318
125669.10592740287	1000.0	1377.846708986126	0.0	0	0.0	3046.9526363889163	1	0	1.0	1.015492568507477
126356.95845548372	1000.0	1689.9941809052752	0.0	0	0.0	3046.9526363889163	1	0	1.0	1.015492568507477
127233.90550341443	1000.0	1813.0471329745633	0.0	0	0.0	3046.9526363889163	1	0	1.0	1.015492568507477
128129.09028731323	1000.0	1917.86234907576	0.0	0	0.0	3046.9526363889163	1	0	1.0	1.015492568507477
129353.7360744395	2000.0	1693.2165619494976	0.0	0	0.0	3046.9526363889163	1	0	1.0	1.015492568507477
130934.20640729964	2000.0	1112.7462290893523	0.0	0	0.0	3046.9526363889163	1	0	1.0	1.708639749067422
131843.62715361634	1000.0	1203.325482772665	0.0	0	0.0	3046.9526363889454	1	0	1.0	0.32234538794752854
132744.2259601836	1000.0	1302.7266762053785	0.0	0	0.0	3046.9526363889017	1	0	1.0	1.015492568507477
133679.96900455895	1000.0	1366.983631830045	0.0	0	0.0	3046.952636388931	1	0	1.0	1.0154925685074776
134505.65361238684	1000.0	1541.2990240021654	0.0	0	0.0	3046.9526363889454	1	0	1.0	1.0154925685074716
135398.38975471852	1000.0	1648.5628816704843	0.0	0	0.0	3046.9526363889454	1	0	1.0	1.0154925685074716
136351.90772031635	1000.0	1695.0449160726566	0.0	0	0.0	3046.9526363889745	1	0	1.0	1.015492568507466
137323.2446269508	1000.0	1723.7080094381786	0.0	0	0.0	3046.9526363889745	1	0	1.0	1.015492568507466
137953.26043535216	1000.0	2093.692201036782	0.0	0	0.0	3046.9526363889745	1	0	1.0	1.015492568507466
139734.95646030805	2000.0	1311.9961760809151	0.0	0	0.0	3046.9526363890036	1	0	1.0	1.0154925685074605
140317.31267235737	1000.0	1729.6399640315997	0.0	0	0.0	3046.9526363890036	1	0	1.0	0.32234538794751544
141431.3848980965	2000.0	1615.567738292467	0.0	0	0.0	3046.9526363890036	1	0	1.0	1.0154925685074605
142978.85459046098	2000.0	1068.0980459280086	0.0	0	0.0	3046.9526363890327	1	0	1.0	1.7086397490674001
143820.1361582407	1000.0	1226.8164781482612	0.0	0	0.0	3046.9526363890327	1	0	1.0	0.3223453879475099
144785.29003172886	1000.0	1261.6626046600984	0.0	0	0.0	3046.9526363890036	1	0	1.0	1.0154925685074607
145435.7008635874	1000.0	1611.2517728015807	0.0	0	0.0	3046.9526363890036	1	0	1.0	1.0154925685074607
146094.91788984276	1000.0	1952.0347465462264	0.0	0	0.0	3046.9526363890036	1	0	1.0	1.0154925685074607
147461.27729481112	2000.0	1585.6753415779078	0.0	0	0.0	3046.9526363890036	1	0	1.0	1.0154925685074605
148874.55925526223	2000.0	1172.393381126782	0.0	0	0.0	3046.9526363890036	1	0	1.0	1.7086397490674057
150564.67760446627	2000.0	482.27503192275	0.0	0	0.0	3046.9526363890036	1	0	1.0	1.7086397490674057
151921.83966396106	2000.0	368.68894517632293	243.57597274832222	0	0.0	3290.528609137342	1	0	1.0	0.19588752533890808
153112.9714683516	2000.0	331.12162187313766	153.5644810873277	0	0.0	3444.093090224691	1	0	1.0	0.6975009718528885
153877.04458644538	1000.0	599.5124418973285	32.463938117979296	0	0.0	3476.557028342708	1	0	1.0	0.029008509910472158
154272.14864712793	1000.0	1204.4083812147683	0.0	0	0.0	3476.5570283426787	1	0	1.0	0.9169393191783011
155343.12649941555	2000.0	1133.4305289271672	0.0	0	0.0	3476.5570283426787	1	0	1.0	0.9169393191783012
156651.40662940015	2000.0	825.1503989425717	0.0	0	0.0	3476.5570283426787	1	0	1.0	1.6100864997382462
157816.63893722743	2000.0	659.9180911152622	0.0	0	0.0	3476.557028342708	1	0	1.0	1.610086499738238
158475.99647772143	1000.0	1000.5605506212448	0.0	0	0.0	3476.5570283426787	1	0	1.0	0.22379213861835587
159189.83388335575	1000.0	1286.7231449869714	0.0	0	0.0	3476.5570283426496	1	0	1.0	0.9169393191783091
160595.95352610698	2000.0	880.6035022357094	0.0	0	0.0	3476.5570283426496	1	0	1.0	0.916939319178309
162696.58511154438	2000.0	200.0	420.02808320168225	0	0.0	3896.585111544322	1	0	1.0	-0.9824325368644738
163654.65621873818	1000.0	565.6529840740836	323.7240912678855	0	0.0	4220.309202812263	1	0	1.0	-1.9989937055050806
166059.898803513	2000.0	200.0	1039.589600700727	0	0.0	2259.8988035130023	1	0	1.0	-14.08480695951447
166624.23291444924	500.0	724.631670100106	88.9657810363367	0	0.0	2348.86458454933	1	0	1.0	-1.500591666290526
167221.86129161288	1000.0	1127.0032929364647	0.0	0	0.0	2348.86458454933	1	0	1.0	0.4194973810473848
167811.28796484641	1000.0	1537.5766197029288	0.0	0	0.0	2348.86458454933	1	0	1.0	1.1126445616073302
168694.06771329424	1000.0	1654.7968712550996	0.0	0	0.0	2348.86458454933	1	0	1.0	1.1126445616073302
169679.58197092835	1000.0	1669.2826136209642	0.0	0	0.0	2348.86458454933	1	0	1.0	1.1126445616073302
170662.7535618726	1000.0	1686.1110226766605	0.0	0	0.0	2348.86458454933	1	0	1.0	1.1126445616073302
171214.80957116728	1000.0	2134.0550133819766	0.0	0	0.0	2348.864584549301	1	0	1.0	1.112644561607333
172731.77859015967	2000.0	1617.0859943895796	0.0	0	0.0	2348.864584549301	1	0	1.0	1.112644561607333
173707.1021053986	2000.0	1641.7624791506487	0.0	0	0.0	2348.864584549301	1	0	1.0	1.805791742167278
175978.7236387559	2000.0	370.1409457933507	0.0	0	0.0	2348.864584549272	1	0	1.0	1.8057917421672787
176797.57563990002	1000.0	597.2177643435325	45.92881969429715	0	0.0	2394.7934042435663	1	0	1.0	0.13929308356885
178060.43258948557	1000.0	367.1255046232103	32.764689865254866	0	0.0	2427.5580941087974	1	0	1.0	0.9079957734438248
178856.10222181663	1000.0	571.4558722921624	0.0	0	0.0	2427.5580941087974	1	0	1.0	1.1045839126353538
179952.14522148494	1000.0	475.41287262383753	0.0	0	0.0	2427.5580941087683	1	0	1.0	1.1045839126353572
180681.47084369246	1000.0	746.0872504163444	0.0	0	0.0	2427.5580941087683	1	0	1.0	1.1045839126353572
181836.2313305097	1000.0	591.3267635991108	0.0	0	0.0	2427.558094108739	1	0	1.0	1.10458391263536
182330.06069500142	1000.0	1097.4973991074153	0.0	0	0.0	2427.558094108739	1	0	1.0	1.10458391263536
183558.17748857345	2000.0	869.3806055353423	0.0	0	0.0	2427.55809410871	1	0	1.0	1.1045839126353632
185365.06334149872	2000.0	200.0	137.50524738991268	0	0.0	2565.063341498637	1	0	1.0	0.9685359475562094
186110.43138415698	1000.0	602.3546003562246	147.72264301448345	0	0.0	2712.785984513117	1	0	1.0	-0.509669493384162
187044.73784703008	1000.0	668.0481374831379	0.0	0	0.0	2712.785984513117	1	0	1.0	1.0698135452626838
187559.4588821144	1000.0	1153.3271023988277	0.0	0	0.0	2712.785984513117	1	0	1.0	1.0698135452626838
188123.5458037256	1000.0	1589.240180787612	0.0	0	0.0	2712.785984513088	1	0	1.0	1.0698135452626862
189181.23281688534	2000.0	1531.5531676278927	0.0	0	0.0	2712.785984513117	1	0	1.0	1.0698135452626862
190692.4643454652	2000.0	1020.3216390480195	0.0	0	0.0	2712.785984513088	1	0	1.0	1.7629607258226314
192517.33304661585	2000.0	223.3751378753849	27.922199978013595	0	0.0	2740.7081844910863	1	0	1.0	1.5924886545119334
193517.01565729667	2000.0	518.2745127239177	294.5819855293746	0	0.0	3035.2901700205985	1	0	1.0	-0.056664918517096985
194624.85256352494	2000.0	410.4376064956109	0.0	0	0.0	3035.2901700205693	1	0	1.0	1.7108269946591563
195590.44676278075	1000.0	537.4772057718923	92.63379853209855	0	0.0	3127.92396855267	1	0	1.0	-0.2492920096333362
196359.12562016747	1000.0	768.798348385196	0.0	0	0.0	3127.92396855267	1	0	1.0	0.9996579621192003
197348.63553097015	2000.0	779.2884375825188	0.0	0	0.0	3127.923968552641	1	0	1.0	0.9996579621192039
198041.07863162982	1000.0	1086.84533692285	0.0	0	0.0	3127.923968552641	1	0	1.0	0.30651078155926115
198655.46863959046	1000.0	1472.4553289622154	0.0	0	0.0	3127.923968552641	1	0	1.0	0.9996579621192063
199817.41643153052	2000.0	1310.507537022133	0.0	0	0.0	3127.9239685526118	1	0	1.0	0.9996579621192122
201362.11861976323	2000.0	765.8053487894497	0.0	0	0.0	3127.9239685526118	1	0	1.0	1.6928051426791573
202014.05964545603	1000.0	1113.8643230966545	0.0	0	0.0	3127.923968552641	1	0	1.0	0.30651078155926115
203327.33336442054	2000.0	800.5906041321285	0.0	0	0.0	3127.923968552641	1	0	1.0	0.9996579621192063
203932.73167263114	1000.0	1195.1922959215312	0.0	0	0.0	3127.923968552641	1	0	1.0	0.30651078155926115
204743.79524255163	1000.0	1384.1287260010095	0.0	0	0.0	3127.9239685526118	1	0	1.0	0.9996579621192121
205954.76596168466	2000.0	1173.1580068679536	0.0	0	0.0	3127.9239685526118	1	0	1.0	0.9996579621192122
207005.8463816944	2000.0	1122.0775868582193	0.0	0	0.0	3127.9239685526118	1	0	1.0	1.6928051426791573
207706.06961258486	1000.0	1421.8543559677425	0.0	0	0.0	3127.9239685526118	1	0	1.0	0.30651078155926703
208354.3996729043	1000.0	1773.5242956482987	0.0	0	0.0	3127.9239685526118	1	0	1.0	0.9996579621192121
209382.90899318067	2000.0	1745.0149753719716	0.0	0	0.0	3127.923968552641	1	0	1.0	0.9996579621192074
210396.82907959496	2000.0	1731.0948889576853	0.0	0	0.0	3127.923968552641	1	0	1.0	1.6928051426791515
212047.42724261817	2000.0	1080.496725934437	0.0	0	0.0	3127.923968552641	1	0	1.0	1.6928051426791515
213015.64945977784	2000.0	1112.2745087747733	0.0	0	0.0	3127.923968552641	1	0	1.0	1.6928051426791515
214543.69364759355	2000.0	584.2303209590593	0.0	0	0.0	3127.9239685526118	1	0	1.0	1.6928051426791573
215153.2116360689	1000.0	974.7123324837032	0.0	0	0.0	3127.9239685526118	1	0	1.0	0.30651078155926703
215724.2777850072	1000.0	1403.646183545432	0.0	0	0.0	3127.9239685525827	1	0	1.0	0.9996579621192181
216724.27285645678	2000.0	1403.6511120958426	0.0	0	0.0	3127.9239685525827	1	0	1.0	0.9996579621192181
217947.57687895917	2000.0	1180.3470895934672	0.0	0	0.0	3127.9239685525827	1	0	1.0	1.6928051426791633
219188.95256930965	2000.0	938.9713992429816	0.0	0	0.0	3127.9239685525536	1	0	1.0	1.692805142679169
220087.9795272617	1000.0	1039.9444412909525	0.0	0	0.0	3127.9239685525536	1	0	1.0	0.30651078155927874
220636.67047425333	1000.0	1491.2534942992897	0.0	0	0.0	3127.9239685525536	1	0	1.0	0.9996579621192239
222346.53888676132	2000.0	781.3850817913058	0.0	0	0.0	3127.9239685525536	1	0	1.0	0.9996579621192239
223089.5042051308	1000.0	1038.4197634218237	0.0	0	0.0	3127.9239685525827	1	0	1.0	0.3065107815592729
223919.94543441193	1000.0	1207.9785341407028	0.0	0	0.0	3127.9239685526118	1	0	1.0	0.9996579621192121
224479.97198545173	1000.0	1647.9519831009063	0.0	0	0.0	3127.9239685525827	1	0	1.0	0.9996579621192181
225568.8235816618	2000.0	1559.1003868908203	0.0	0	0.0	3127.9239685525827	1	0	1.0	0.9996579621192181
227218.64615044004	2000.0	909.2778181126118	0.0	0	0.0	3127.9239685526118	1	0	1.0	1.6928051426791573
228669.88692639198	2000.0	458.0370421606644	0.0	0	0.0	3127.9239685526118	1	0	1.0	1.6928051426791573
229333.24515670232	1000.0	794.6788118503107	0.0	0	0.0	3127.9239685525827	1	0	1.0	0.3065107815592729
229872.70496073525	1000.0	1255.219007817368	0.0	0	0.0	3127.9239685525536	1	0	1.0	0.9996579621192239
231438.94262037534	2000.0	688.9813481772635	0.0	0	0.0	3127.9239685525245	1	0	1.0	0.9996579621192275
231964.55036649242	1000.0	1163.3736020601891	0.0	0	0.0	3127.9239685525245	1	0	1.0	0.30651078155928946
233153.5766705752	2000.0	974.3472979774459	0.0	0	0.0	3127.9239685525827	1	0	1.0	0.9996579621192216
234834.1419957444	2000.0	293.7819728082559	0.0	0	0.0	3127.9239685525827	1	0	1.0	1.6928051426791633
235539.72636119422	1000.0	623.4503732395733	35.25276588113414	0	0.0	3163.1767344337422	1	0	1.0	0.08773372229688753
236371.04918795647	1000.0	792.1275464773395	0.0	0	0.0	3163.1767344337422	1	0	1.0	0.9923974981436376
237098.69106539234	1000.0	1064.485669041478	0.0	0	0.0	3163.1767344337422	1	0	1.0	0.9923974981436376
237896.5448668159	1000.0	1266.6318676179067	0.0	0	0.0	3163.1767344337422	1	0	1.0	0.9923974981436376
238849.2731633768	1000.0	1313.9035710570372	0.0	0	0.0	3163.1767344337713	1	0	1.0	0.9923974981436314
239421.00485123464	1000.0	1742.1718831991955	0.0	0	0.0	3163.1767344337713	1	0	1.0	0.9923974981436314
241174.2280610711	2000.0	988.9486733627436	0.0	0	0.0	3163.1767344337713	1	0	1.0	0.9923974981436314
242302.79209682072	2000.0	860.3846376131246	0.0	0	0.0	3163.1767344338004	1	0	1.0	1.6855446787035704
243511.66713701288	2000.0	651.5095974209776	0.0	0	0.0	3163.1767344338004	1	0	1.0	1.6855446787035704
244315.46665447528	1000.0	847.710079958546	0.0	0	0.0	3163.1767344338004	1	0	1.0	0.2992503175836802
245000.7957773084	1000.0	1162.3809571254037	0.0	0	0.0	3163.1767344338004	1	0	1.0	0.9923974981436254
246506.09578514742	2000.0	657.080949286391	0.0	0	0.0	3163.1767344338004	1	0	1.0	0.9923974981436253
247036.88266353932	1000.0	1126.2940708944723	0.0	0	0.0	3163.1767344337713	1	0	1.0	0.29925031758368265
247907.81612027122	1000.0	1255.360614162547	0.0	0	0.0	3163.1767344338004	1	0	1.0	0.9923974981436254
248704.00328159833	1000.0	1459.1734528354718	0.0	0	0.0	3163.1767344338296	1	0	1.0	0.9923974981436192
249614.11330081645	1000.0	1549.0634336173725	0.0	0	0.0	3163.1767344338296	1	0	1.0	0.9923974981436192
250353.02236296335	1000.0	1810.1543714704549	0.0	0	0.0	3163.1767344338296	1	0	1.0	0.9923974981436192
251469.4883899162	2000.0	1693.688344517608	0.0	0	0.0	3163.1767344338296	1	0	1.0	0.9923974981436192
252755.57934094974	2000.0	1407.5973934840508	0.0	0	0.0	3163.1767344338004	1	0	1.0	1.6855446787035704
254271.74736672553	2000.0	891.4293677082154	0.0	0	0.0	3163.1767344337713	1	0	1.0	1.685544678703573
255382.9521639582	1000.0	780.224570475548	0.0	0	0.0	3163.1767344337713	1	0	1.0	0.2992503175836863
256470.8036200395	1000.0	692.37311439424	0.0	0	0.0	3163.1767344337713	1	0	1.0	0.9923974981436314
257157.01583767252	1000.0	1006.1608967612667	0.0	0	0.0	3163.1767344337713	1	0	1.0	0.9923974981436314
258142.96597471368	1000.0	1020.2107597201264	0.0	0	0.0	3163.1767344338004	1	0	1.0	0.9923974981436254
258978.08705448755	1000.0	1185.0896799462182	0.0	0	0.0	3163.1767344337713	1	0	1.0	0.9923974981436265
259694.26222952825	1000.0	1468.9145049054932	0.0	0	0.0	3163.1767344337713	1	0	1.0	0.9923974981436314
260682.80011780487	1000.0	1480.376616628858	0.0	0	0.0	3163.1767344337713	1	0	1.0	0.9923974981436314
261703.24599823667	1000.0	1459.9307361970714	0.0	0	0.0	3163.1767344337713	1	0	1.0	0.9923974981436314
262617.5715803661	1000.0	1545.6051540676328	0.0	0	0.0	3163.1767344337422	1	0	1.0	0.9923974981436352
263680.11700328696	1000.0	1483.0597311468541	0.0	0	0.0	3163.1767344338004	1	0	1.0	0.9923974981436292
264699.15464045014	1000.0	1464.0220939836638	0.0	0	0.0	3163.1767344338004	1	0	1.0	0.9923974981436254
265419.00780461554	1000.0	1744.168929818231	0.0	0	0.0	3163.1767344338004	1	0	1.0	0.9923974981436303
266052.09666515945	1000.0	2111.080069274294	0.0	0	0.0	3163.1767344338004	1	0	1.0	0.9923974981436254
268015.42626282334	2000.0	1147.7504716103945	0.0	0	0.0	3163.1767344338004	1	0	1.0	0.9923974981436351
268628.24840408884	1000.0	1534.9283303448708	0.0	0	0.0	3163.1767344337422	1	0	1.0	0.2992503175836924
269263.0351055699	1000.0	1900.1416288637124	0.0	0	0.0	3163.1767344337422	1	0	1.0	0.9923974981436376
270899.6028757832	2000.0	1263.5738586503842	0.0	0	0.0	3163.1767344337422	1	0	1.0	0.9923974981436375
271637.15004611074	1000.0	1526.026688322837	0.0	0	0.0	3163.176734433684	1	0	1.0	0.2992503175837046
272882.4044378003	2000.0	1280.772296633298	0.0	0	0.0	3163.176734433684	1	0	1.0	0.9923974981436497
273416.5044612441	1000.0	1746.6722731895036	0.0	0	0.0	3163.176734433684	1	0	1.0	0.2992503175837046
275019.1034350762	2000.0	1144.0732993573956	0.0	0	0.0	3163.176734433684	1	0	1.0	0.9923974981436497
275965.92701397446	1000.0	1197.2497204591737	0.0	0	0.0	3163.1767344337422	1	0	1.0	0.29925031758370213
276661.0885911409	1000.0	1502.088143292762	0.0	0	0.0	3163.1767344338004	1	0	1.0	0.9923974981436254
277367.2024723485	1000.0	1795.9742620852203	0.0	0	0.0	3163.1767344338004	1	0	1.0	0.9923974981436254
279061.8138558127	2000.0	1101.3628786209786	0.0	0	0.0	3163.1767344338004	1	0	1.0	0.9923974981436253
279886.9364514613	1000.0	1276.240282972423	0.0	0	0.0	3163.1767344338587	1	0	1.0	0.299250317583668
280609.1225524208	1000.0	1554.0541820128594	0.0	0	0.0	3163.1767344338587	1	0	1.0	0.9923974981436132
281350.10295267205	1000.0	1813.0737817616373	0.0	0	0.0	3163.1767344338587	1	0	1.0	0.9923974981436132
282604.5113802577	2000.0	1558.6653541759354	0.0	0	0.0	3163.1767344338004	1	0	1.0	0.9923974981436253
283992.9507338014	2000.0	1170.2260006322495	0.0	0	0.0	3163.1767344338004	1	0	1.0	1.6855446787035704
284969.3488115677	1000.0	1193.8279228660435	0.0	0	0.0	3163.1767344338004	1	0	1.0	0.2992503175836802
285713.78121861274	1000.0	1449.3955158210065	0.0	0	0.0	3163.1767344338004	1	0	1.0	0.9923974981436254
286565.1021369286	1000.0	1598.0745975051639	0.0	0	0.0	3163.1767344338004	1	0	1.0	0.9923974981436254
287332.059081158	1000.0	1831.1176532757095	0.0	0	0.0	3163.1767344338004	1	0	1.0	0.9923974981436254
288774.3163051471	2000.0	1388.8604292867333	0.0	0	0.0	3163.1767344338004	1	0	1.0	0.9923974981436253
289737.5172582117	1000.0	1425.6594762221525	0.0	0	0.0	3163.1767344338587	1	0	1.0	0.299250317583668
290427.260519067	1000.0	1735.9162153668633	0.0	0	0.0	3163.1767344338587	1	0	1.0	0.9923974981436132
291133.77070325875	1000.0	2029.406031175105	0.0	0	0.0	3163.1767344338587	1	0	1.0	0.9923974981436132
292739.0390023036	2000.0	1424.137732130245	0.0	0	0.0	3163.176734433917	1	0	1.0	0.9923974981436009
293620.4527900749	1000.0	1542.7239443589297	0.0	0	0.0	3163.176734433917	1	0	1.0	0.2992503175836558
294593.77004172106	1000.0	1569.406692712816	0.0	0	0.0	3163.176734433917	1	0	1.0	0.992397498143601
295371.48828501883	1000.0	1791.6884494150895	0.0	0	0.0	3163.176734433917	1	0	1.0	0.992397498143601
296166.3062285989	1000.0	1996.8705058350342	0.0	0	0.0	3163.176734433975	1	0	1.0	0.9923974981435938
297350.79247366975	2000.0	1812.3842607641718	0.0	0	0.0	3163.176734433917	1	0	1.0	0.992397498143596
298838.46207753895	2000.0	1324.7146568949045	0.0	0	0.0	3163.176734433917	1	0	1.0	1.685544678703546
299889.7888261577	2000.0	1273.3879082761418	0.0	0	0.0	3163.1767344338587	1	0	1.0	1.6855446787035584
301400.9110880781	2000.0	762.2656463557612	0.0	0	0.0	3163.176734433917	1	0	1.0	1.685544678703546
302887.2048968994	2000.0	275.9718375344673	0.0	0	0.0	3163.176734433975	1	0	1.0	1.685544678703534
303449.3471124764	1000.0	722.9620458553076	9.132423897787305	0	0.0	3172.309158331773	1	0	1.0	0.24253745822350403
304700.48656795424	2000.0	471.82259037743756	0.0	0	0.0	3172.309158331773	1	0	1.0	0.9904791821701706
305532.3670493148	1000.0	639.942109016959	0.0	0	0.0	3172.3091583317146	1	0	1.0	0.2973320016102401
306140.98785359185	1000.0	1031.321304739939	0.0	0	0.0	3172.309158331773	1	0	1.0	0.9904791821701731
307146.6677756508	1000.0	1025.641382681004	0.0	0	0.0	3172.309158331889	1	0	1.0	0.9904791821701558
307903.34622255847	1000.0	1268.9629357733675	0.0	0	0.0	3172.309158331889	1	0	1.0	0.9904791821701485
308512.7987116088	1000.0	1659.5104467230312	0.0	0	0.0	3172.309158331889	1	0	1.0	0.9904791821701485
309949.43104491854	2000.0	1222.8781134133314	0.0	0	0.0	3172.3091583319474	1	0	1.0	0.9904791821701361
311784.3021265413	2000.0	388.00703179059445	0.0	0	0.0	3172.3091583320056	1	0	1.0	1.683626362730069
1.34	1.24	1.27	1.6	2.04	1.15	1.4	1.16	1.45	1.18	0.64	1.22	1.46	1.32	1.0	1.39	1.59	1.76	2.19	0.98	1.02	1.31	0.91	1.48	0.74	1.07	1.22	2.25	2.24	1.05	1.04	1.0	1.66	2.49	2.25	1.26	1.26	1.89	2.4	1.16	1.45	1.77	1.4	1.53	1.89	1.609957446808511	1.571957446808511	1.5159574468085109	1.4479574468085108	1.4899574468085108	1.581957446808511	1.571957446808511	1.4539574468085108	1.569957446808511	1.569957446808511	1.633957446808511	1.6679574468085108	1.603957446808511	1.599957446808511	1.6679574468085108	1.569957446808511	1.633957446808511	1.7779574468085109	1.7999574468085109	1.4819574468085108	1.4459574468085108	1.5219574468085109	1.581957446808511	1.5139574468085109	1.6739574468085108	1.4939574468085108	1.587957446808511	1.6559574468085108	1.6659574468085108	1.5439574468085109	1.4859574468085108	1.7019574468085108	1.593957446808511	1.5459574468085109	1.4139574468085108	1.4699574468085108	1.5379574468085109	1.5199574468085109	1.4339574468085108	1.635957446808511	1.4959574468085108	1.579957446808511	1.6559574468085108	1.6799574468085108	1.6899574468085108	1.577957446808511	1.613957446808511	1.3760000000000001	1.4000000000000001	1.354	1.4460000000000002	1.318	1.4140000000000001	1.344	1.1920000000000002	1.24	1.258	1.282	1.326	1.32	1.258	1.328	1.368	1.288	1.312	1.254	1.316	1.3760000000000001	1.362	1.372	1.3840000000000001	1.5	1.354	1.4360000000000002	1.36	1.288	1.364	1.462	1.368	1.478	1.37	1.3920000000000001	1.3920000000000001	1.356	1.4020000000000001	1.3960000000000001	1.31	1.47	1.3960000000000001	1.36	1.338	1.358	1.324	1.226	1.224	1.338	1.98575	1.7097499999999999	1.18175	1.74575	1.9257499999999999	1.3977499999999998	1.08575	2.1777499999999996	1.71	1.34	1.24	1.27	1.6	2.04	1.15	1.4	1.16	1.45	1.18	0.64	1.22	1.46	1.32	1.0	1.39	1.59	1.76	2.19	0.98	1.02	1.31	0.91	1.48	0.74	1.07	1.22	2.25	2.24	1.05	1.04	1.0	1.66	2.49	2.25	1.26	1.26	1.89	2.4	1.16	1.45	1.77	1.4	1.53	1.89	1.609957446808511	1.571957446808511	1.5159574468085109	1.4479574468085108	1.4899574468085108	1.581957446808511	1.571957446808511	1.4539574468085108	1.569957446808511	1.569957446808511	1.633957446808511	1.6679574468085108	1.603957446808511	1.599957446808511	1.6679574468085108	1.569957446808511	1.633957446808511	1.7779574468085109	1.7999574468085109	1.4819574468085108	1.4459574468085108	1.5219574468085109	1.581957446808511	1.5139574468085109	1.6739574468085108	1.4939574468085108	1.587957446808511	1.6559574468085108	1.6659574468085108	1.5439574468085109	1.4859574468085108	1.7019574468085108	1.593957446808511	1.5459574468085109	1.4139574468085108	1.4699574468085108	1.5379574468085109	1.5199574468085109	1.4339574468085108	1.635957446808511	1.4959574468085108	1.579957446808511	1.6559574468085108	1.6799574468085108	1.6899574468085108	1.577957446808511	1.613957446808511	1.3760000000000001	1.4000000000000001	1.354	1.4460000000000002	1.318	1.4140000000000001	1.344	1.1920000000000002	1.24	1.258	1.282	1.326	1.32	1.258	1.328	1.368	1.288	1.312	1.254	1.316	1.3760000000000001	1.362	1.372	1.3840000000000001	1.5	1.354	1.4360000000000002	1.36	1.288	1.364	1.462	1.368	1.478	1.37	1.3920000000000001	1.3920000000000001	1.356	1.4020000000000001	1.3960000000000001	1.31	1.47	1.3960000000000001	1.36	1.338	1.358	1.324	1.226	1.224	1.338	1.98575	1.7097499999999999	1.18175	1.74575	1.9257499999999999	1.3977499999999998	1.08575	2.1777499999999996	1.71	1.34	1.24	1.27	1.6	2.04	1.15	1.4	1.16	1.45
1.0	2.0	3.0	4.0	5.0	6.0	7.0	8.0	9.0	10.0	11.0	12.0	13.0	14.0	15.0	16.0	17.0	18.0	19.0	20.0	21.0	22.0	23.0	24.0	25.0	26.0	27.0	28.0	29.0	30.0	31.0	32.0	33.0	34.0	35.0	36.0	37.0	38.0	39.0	40.0	41.0	42.0	43.0	44.0	45.0	46.0	47.0	48.0	49.0	50.0	51.0	52.0	53.0	54.0	55.0	56.0	57.0	58.0	59.0	60.0	61.0	62.0	63.0	64.0	65.0	66.0	67.0	68.0	69.0	70.0	71.0	72.0	73.0	74.0	75.0	76.0	77.0	78.0	79.0	80.0	81.0	82.0	83.0	84.0	85.0	86.0	87.0	88.0	89.0	90.0	91.0	92.0	93.0	94.0	95.0	96.0	97.0	98.0	99.0	100.0	101.0	102.0	103.0	104.0	105.0	106.0	107.0	108.0	109.0	110.0	111.0	112.0	113.0	114.0	115.0	116.0	117.0	118.0	119.0	120.0	121.0	122.0	123.0	124.0	125.0	126.0	127.0	128.0	129.0	130.0	131.0	132.0	133.0	134.0	135.0	136.0	137.0	138.0	139.0	140.0	141.0	142.0	143.0	144.0	145.0	146.0	147.0	148.0	149.0	149.0	150.0	151.0	152.0	153.0	154.0	155.0	156.0	157.0	158.0	159.0	160.0	161.0	162.0	163.0	164.0	165.0	166.0	167.0	168.0	169.0	170.0	171.0	172.0	173.0	174.0	175.0	176.0	177.0	178.0	179.0	180.0	181.0	182.0	183.0	184.0	185.0	186.0	187.0	188.0	189.0	190.0	191.0	192.0	193.0	194.0	195.0	196.0	197.0	198.0	199.0	200.0	201.0	202.0	203.0	204.0	205.0	206.0	207.0	208.0	209.0	210.0	211.0	212.0	213.0	214.0	215.0	216.0	217.0	218.0	219.0	220.0	221.0	222.0	223.0	224.0	225.0	226.0	227.0	228.0	229.0	230.0	231.0	232.0	233.0	234.0	235.0	236.0	237.0	238.0	239.0	240.0	241.0	242.0	243.0	244.0	245.0	246.0	247.0	248.0	249.0	250.0	251.0	252.0	253.0	254.0	255.0	256.0	257.0	258.0	259.0	260.0	261.0	262.0	263.0	264.0	265.0	266.0	267.0	268.0	269.0	270.0	271.0	272.0	273.0	274.0	275.0	276.0	277.0	278.0	279.0	280.0	281.0	282.0	283.0	284.0	285.0	286.0	287.0	288.0	289.0	290.0	291.0	292.0	293.0	294.0	295.0	296.0	297.0	298.0	298.0	299.0	300.0	301.0	302.0	303.0	304.0	305.0	306.0	307.0
5946.713018743271
