5524.824462651595	300.0	2000.0	249.0425694270631	0	0.0	2524.8244626515952	1	0	1.0	-10.59843049063212
6660.7761358389525	2000.0	1864.0483268126427	0.0	0	0.0	2524.8244626515952	1	0	1.0	-0.11021700895826492
7455.653599347543	2000.0	2069.1708633040525	0.0	0	0.0	2524.8244626515952	1	0	1.0	1.7869029759276165
8200.0	2000.0	2324.824462651595	0.0	0	112.93838705475628	2524.8244626515952	1	0	1.0	1.7869029759276165
9200.0	2000.0	2324.824462651595	0.0	0	381.4061650260228	2524.8244626515952	1	0	1.0	1.7869029759276165
10533.415912650316	3000.0	1991.4085500012764	0.0	0	0.0	2524.8244626515934	1	0	1.0	1.7869029759276167
11430.349447513068	2000.0	2094.475015138524	0.0	0	0.0	2524.8244626515916	1	0	1.0	1.3814378678194523
12380.476657959996	2000.0	2144.347804691596	0.0	0	0.0	2524.8244626515916	1	0	1.0	1.786902975927617
13305.580436519544	2000.0	2219.244026132051	0.0	0	0.0	2524.8244626515916	1	0	1.0	1.786902975927617
14200.0	2000.0	2324.8244626515943	0.0	0	113.72396432001369	2524.8244626515916	1	0	1.0	1.786902975927617
15396.44443146121	3000.0	2128.380031190384	0.0	0	0.0	2524.8244626515916	1	0	1.0	1.7869029759276172
16724.02023794792	2000.0	1800.8042247036783	0.0	0	0.0	2524.8244626515952	1	0	1.0	1.3814378678194523
17930.13075738365	2000.0	1594.6937052679523	0.0	0	0.0	2524.824462651599	1	0	1.0	1.786902975927616
19399.160486715835	2000.0	1125.6639759357658	0.0	0	0.0	2524.824462651599	1	0	1.0	1.7869029759276158
20273.40170625418	2000.0	1251.422756397422	0.0	0	0.0	2524.8244626516025	1	0	1.0	1.7869029759276156
21111.293149918278	2000.0	1413.5313127333222	0.0	0	0.0	2524.8244626516025	1	0	1.0	1.7869029759276156
22240.255309217788	2000.0	1284.5691534338112	0.0	0	0.0	2524.8244626516025	1	0	1.0	1.7869029759276156
23170.75716145944	2000.0	1354.0673011921563	0.0	0	0.0	2524.824462651606	1	0	1.0	1.7869029759276152
24083.141317886853	2000.0	1441.6831447647405	0.0	0	0.0	2524.8244626516025	1	0	1.0	1.7869029759276156
25180.84715690635	2000.0	1343.9773057452435	0.0	0	0.0	2524.824462651606	1	0	1.0	1.7869029759276152
26379.417724925883	2000.0	1145.4067377257106	0.0	0	0.0	2524.824462651606	1	0	1.0	1.7869029759276152
27764.72265473126	2000.0	760.1018079203318	0.0	0	0.0	2524.824462651606	1	0	1.0	1.7869029759276152
28854.366783650326	2000.0	670.457679001262	0.0	0	0.0	2524.8244626516025	1	0	1.0	1.7869029759276156
29605.851785686635	1000.0	918.972676964955	0.0	0	0.0	2524.8244626516025	1	0	1.0	0.4006086148077253
30240.67042507784	1000.0	1284.154037573753	0.0	0	0.0	2524.824462651606	1	0	1.0	1.09375579536767
31082.695075888583	2000.0	1442.1293867630081	0.0	0	0.0	2524.824462651606	1	0	1.0	1.0937557953676698
32150.83266137838	2000.0	1373.9918012732123	0.0	0	0.0	2524.824462651606	1	0	1.0	1.7869029759276152
33161.2884329107	2000.0	1363.5360297409036	0.0	0	0.0	2524.824462651617	1	0	1.0	1.7869029759276147
34179.38033984905	2000.0	1345.4441228025548	0.0	0	0.0	2524.8244626516243	1	0	1.0	1.7869029759276134
34926.21452400843	2000.0	1598.609938643177	0.0	0	0.0	2524.8244626516243	1	0	1.0	1.786902975927613
35440.77362886583	2000.0	2084.050833785783	0.0	0	0.0	2524.8244626516243	1	0	1.0	1.7869029759276134
36200.0	3000.0	2324.8244626516157	0.0	0	39.398900230975414	2524.8244626516316	1	0	1.0	1.786902975927613
37200.0	3000.0	2324.824462651617	0.0	0	440.58083936046023	2524.824462651646	1	0	1.0	2.192368084035776
38797.19024074394	3000.0	1727.6342219076782	0.0	0	0.0	2524.824462651646	1	0	1.0	2.1923680840357753
39914.20405613573	3000.0	1610.6204065158965	0.0	0	0.0	2524.824462651646	1	0	1.0	2.1923680840357753
40878.16638920142	3000.0	1646.6580734502108	0.0	0	0.0	2524.8244626516534	1	0	1.0	2.1923680840357744
41521.19367958014	2000.0	2003.630783071495	0.0	0	0.0	2524.8244626516534	1	0	1.0	1.3814378678194448
42913.52302647106	2000.0	1611.3014361805708	0.0	0	0.0	2524.8244626516534	1	0	1.0	1.7869029759276094
44400.68475241547	2000.0	1124.1397102361564	0.0	0	0.0	2524.8244626516534	1	0	1.0	1.7869029759276094
45030.68500647137	2000.0	1494.139456180265	0.0	0	0.0	2524.8244626516534	1	0	1.0	1.7869029759276094
45945.530674337126	2000.0	1579.293788314508	0.0	0	0.0	2524.8244626516534	1	0	1.0	1.7869029759276094
46927.57474415901	2000.0	1597.2497184926265	0.0	0	0.0	2524.8244626516534	1	0	1.0	1.7869029759276094
48077.98611214564	2000.0	1446.8383505059874	0.0	0	0.0	2524.8244626516534	1	0	1.0	1.7869029759276094
49110.235781570824	2000.0	1414.5886810808058	0.0	0	0.0	2524.8244626516534	1	0	1.0	1.7869029759276094
49708.38139364162	2000.0	1816.4430690100132	0.0	0	0.0	2524.8244626516534	1	0	1.0	1.7869029759276094
50418.88866517827	2000.0	2105.935797473363	0.0	0	0.0	2524.824462651646	1	0	1.0	1.7869029759276107
51295.04085570396	2000.0	2229.783606947662	0.0	0	0.0	2524.824462651646	1	0	1.0	1.7869029759276107
52200.0	2000.0	2324.8244626516303	0.0	0	122.18527361966699	2524.8244626516534	1	0	1.0	1.7869029759276094
53200.0	2000.0	2324.8244626516284	0.0	0	89.93872072894737	2524.8244626516534	1	0	1.0	1.7869029759276094
54200.0	3000.0	2324.824462651626	0.0	0	168.92578220928408	2524.8244626516534	1	0	1.0	1.7869029759276098
55309.13432388682	3000.0	2215.6901387648027	0.0	0	0.0	2524.8244626516534	1	0	1.0	2.1923680840357744
56487.43049634496	2000.0	2037.3939663066606	0.0	0	0.0	2524.8244626516534	1	0	1.0	1.3814378678194448
57200.0	2000.0	2324.8244626516193	0.0	0	38.20269957125856	2524.8244626516534	1	0	1.0	1.7869029759276094
58368.4091551935	3000.0	2156.415307458122	0.0	0	0.0	2524.8244626516607	1	0	1.0	1.7869029759276092
59256.35993928117	3000.0	2268.4645233704555	0.0	0	0.0	2524.8244626516534	1	0	1.0	2.1923680840357744
60200.0	3000.0	2324.824462651622	0.0	0	201.9235572025791	2524.8244626516534	1	0	1.0	2.1923680840357744
61200.0	3000.0	2324.824462651625	0.0	0	50.56689123633987	2524.8244626516534	1	0	1.0	2.1923680840357744
62733.26694082327	3000.0	1791.5575218283427	0.0	0	0.0	2524.8244626516534	1	0	1.0	2.1923680840357744
64294.07192017527	3000.0	1230.7525424763476	0.0	0	0.0	2524.8244626516607	1	0	1.0	2.1923680840357735
65527.078303057126	2000.0	997.7461595944965	0.0	0	0.0	2524.824462651668	1	0	1.0	1.3814378678194432
66322.65602657977	2000.0	1202.168436071847	0.0	0	0.0	2524.8244626516753	1	0	1.0	1.7869029759276072
67552.41029805204	2000.0	972.414164599576	0.0	0	0.0	2524.824462651668	1	0	1.0	1.7869029759276078
68807.63236335623	2000.0	717.1920992953974	0.0	0	0.0	2524.824462651668	1	0	1.0	1.7869029759276078
69525.60866370209	2000.0	999.2157989495411	0.0	0	0.0	2524.8244626516534	1	0	1.0	1.7869029759276094
70444.17329715047	2000.0	1080.6511655011493	0.0	0	0.0	2524.824462651639	1	0	1.0	1.7869029759276114
71111.22957696649	2000.0	1413.5948856851255	0.0	0	0.0	2524.824462651639	1	0	1.0	1.7869029759276114
71885.60591273231	2000.0	1639.2185499193104	0.0	0	0.0	2524.824462651639	1	0	1.0	1.7869029759276114
72569.4854458706	2000.0	1955.3390167810246	0.0	0	0.0	2524.8244626516534	1	0	1.0	1.7869029759276094
73699.97196708192	3000.0	1824.852495569698	0.0	0	0.0	2524.8244626516534	1	0	1.0	1.7869029759276098
74777.75975899583	3000.0	1747.0647036558041	0.0	0	0.0	2524.824462651668	1	0	1.0	2.192368084035773
75713.10512411407	3000.0	1811.7193385375574	0.0	0	0.0	2524.824462651668	1	0	1.0	2.192368084035773
77011.989558755	3000.0	1512.8349038966392	0.0	0	0.0	2524.824462651668	1	0	1.0	2.192368084035773
77685.94363430048	2000.0	1838.8808283511612	0.0	0	0.0	2524.824462651668	1	0	1.0	1.3814378678194432
78363.26791428975	3000.0	2161.5565483618934	0.0	0	0.0	2524.824462651668	1	0	1.0	1.7869029759276083
79244.2904575482	3000.0	2280.5340051034564	0.0	0	0.0	2524.824462651668	1	0	1.0	2.192368084035773
80200.0	3000.0	2324.8244626516516	0.0	0	276.1288796728477	2524.824462651668	1	0	1.0	2.192368084035773
81200.0	3000.0	2324.8244626516616	0.0	0	339.64805168821476	2524.8244626516826	1	0	1.0	2.192368084035771
82200.0	3000.0	2324.824462651648	0.0	0	293.76330134530144	2524.824462651668	1	0	1.0	2.192368084035773
83595.87842982989	6000.0	1928.9460328217692	0.0	0	0.0	2524.824462651668	1	0	1.0	2.1923680840357727
84436.03494408831	3000.0	2088.7895185633524	0.0	0	0.0	2524.824462651668	1	0	1.0	1.499220903475828
86736.62179491506	3000.0	788.2026677365907	0.0	0	0.0	2524.824462651668	1	0	1.0	2.192368084035773
88641.98677128057	2000.0	201.75767277865685	318.9199814075532	0	0.0	2843.744444059237	1	0	1.0	-0.5699759334564916
89497.81212315524	2000.0	661.8469351024928	315.91461419850236	0	0.0	3159.6590582577337	1	0	1.0	-0.20920824445893288
90134.23892162011	2000.0	1025.4201366376242	0.0	0	0.0	3159.6590582577337	1	0	1.0	1.6862794407320816
90920.25395932976	2000.0	1239.40509892798	0.0	0	0.0	3159.6590582577337	1	0	1.0	1.6862794407320816
91771.96227798259	2000.0	1387.6967802751192	0.0	0	0.0	3159.659058257719	1	0	1.0	1.6862794407320847
92759.56633929655	2000.0	1400.0927189611602	0.0	0	0.0	3159.659058257719	1	0	1.0	1.6862794407320847
93985.89836282888	2000.0	1173.760695428821	0.0	0	0.0	3159.659058257719	1	0	1.0	1.6862794407320847
95151.71972416488	2000.0	1007.9393340928334	0.0	0	0.0	3159.6590582577337	1	0	1.0	1.6862794407320816
95911.93521402811	2000.0	1247.7238442296045	0.0	0	0.0	3159.6590582577337	1	0	1.0	1.6862794407320816
96517.16311441711	2000.0	1642.495943840617	0.0	0	0.0	3159.6590582577483	1	0	1.0	1.6862794407320787
97351.20010821355	2000.0	1808.458950044166	0.0	0	0.0	3159.6590582577483	1	0	1.0	1.6862794407320787
98109.09557969942	2000.0	2050.563478558287	0.0	0	0.0	3159.6590582577337	1	0	1.0	1.6862794407320816
98713.93429010668	2000.0	2445.724768151039	0.0	0	0.0	3159.6590582577337	1	0	1.0	1.6862794407320816
99500.81522405366	3000.0	2658.8438342040613	0.0	0	0.0	3159.6590582577483	1	0	1.0	1.6862794407320787
100494.86778589714	3000.0	2664.7912723605805	0.0	0	0.0	3159.6590582577483	1	0	1.0	2.0917445488402433
101780.00905412158	3000.0	2379.650004136126	0.0	0	0.0	3159.659058257763	1	0	1.0	2.09174454884024
103657.00566298624	3000.0	1502.6533952714617	0.0	0	0.0	3159.659058257763	1	0	1.0	2.09174454884024
104872.2508446892	2000.0	1287.4082135684976	0.0	0	0.0	3159.659058257763	1	0	1.0	1.280814332623911
105732.90902297395	2000.0	1426.7500352837594	0.0	0	0.0	3159.659058257763	1	0	1.0	1.6862794407320756
106392.35089068649	2000.0	1767.3081675712133	0.0	0	0.0	3159.659058257763	1	0	1.0	1.6862794407320756
107239.3980061338	2000.0	1920.2610521239028	0.0	0	0.0	3159.659058257763	1	0	1.0	1.6862794407320756
107874.671800231	2000.0	2284.987258026691	0.0	0	0.0	3159.659058257763	1	0	1.0	1.6862794407320756
108375.97901689794	2000.0	2783.680041359761	0.0	0	0.0	3159.6590582577483	1	0	1.0	1.6862794407320787
109542.16901420418	3000.0	2617.490044053534	0.0	0	0.0	3159.6590582577483	1	0	1.0	1.6862794407320787
110390.76878862931	3000.0	2768.8902696283935	0.0	0	0.0	3159.6590582577483	1	0	1.0	2.0917445488402433
111827.71098681618	3000.0	2331.9480714415326	0.0	0	0.0	3159.6590582577483	1	0	1.0	2.0917445488402433
113327.9599655911	3000.0	1831.6990926666217	0.0	0	0.0	3159.6590582577483	1	0	1.0	2.0917445488402433
114608.35615005091	3000.0	1551.3029082068056	0.0	0	0.0	3159.6590582577483	1	0	1.0	2.0917445488402433
115540.37054004452	2000.0	1619.288518213196	0.0	0	0.0	3159.6590582577483	1	0	1.0	1.280814332623914
116486.8477635245	2000.0	1672.8112947332195	0.0	0	0.0	3159.659058257763	1	0	1.0	1.6862794407320756
117250.76065632435	2000.0	1908.898401933386	0.0	0	0.0	3159.659058257763	1	0	1.0	1.6862794407320756
117787.85752504572	2000.0	2371.8015332120094	0.0	0	0.0	3159.6590582577483	1	0	1.0	1.6862794407320787
118683.24253313283	2000.0	2476.4165251249074	0.0	0	0.0	3159.6590582577483	1	0	1.0	1.6862794407320787
120089.93292440953	2000.0	2069.7261338482053	0.0	0	0.0	3159.6590582577483	1	0	1.0	1.6862794407320787
120870.88787061695	2000.0	2288.7711876407825	0.0	0	0.0	3159.6590582577483	1	0	1.0	1.6862794407320787
122168.67403082563	2000.0	1990.985027432119	0.0	0	0.0	3159.6590582577483	1	0	1.0	1.6862794407320787
123546.2216487162	2000.0	1613.437409541557	0.0	0	0.0	3159.6590582577337	1	0	1.0	1.6862794407320816
124791.3364334269	2000.0	1368.3226248308615	0.0	0	0.0	3159.6590582577337	1	0	1.0	1.6862794407320816
125641.52172410108	2000.0	1518.1373341566664	0.0	0	0.0	3159.6590582577337	1	0	1.0	1.6862794407320816
126355.69905061056	2000.0	1803.9600076471786	0.0	0	0.0	3159.659058257719	1	0	1.0	1.6862794407320847
126934.97642080803	2000.0	2224.6826374497186	0.0	0	0.0	3159.659058257719	1	0	1.0	1.6862794407320847
127516.90144879706	2000.0	2642.757609460692	0.0	0	0.0	3159.659058257719	1	0	1.0	1.6862794407320847
128565.57240098355	3000.0	2594.0866572742034	0.0	0	0.0	3159.659058257719	1	0	1.0	1.686279440732085
129263.06927233202	3000.0	2896.5897859257248	0.0	0	0.0	3159.659058257719	1	0	1.0	2.0917445488402495
130200.0	3000.0	2959.659058257771	0.0	0	164.35266055801185	3159.659058257719	1	0	1.0	2.0917445488402495
131200.0	3000.0	2959.6590582577696	0.0	0	222.20514715819445	3159.6590582577046	1	0	1.0	2.09174454884025
132200.0	3000.0	2959.659058257792	0.0	0	140.80960434151348	3159.6590582577483	1	0	1.0	2.0917445488402477
133383.62185889808	3000.0	2776.037199359713	0.0	0	0.0	3159.659058257763	1	0	1.0	2.091744548840243
135426.06812514638	3000.0	1733.5909331114003	0.0	0	0.0	3159.659058257763	1	0	1.0	2.09174454884024
137019.14378642786	3000.0	1140.5152718299348	0.0	0	0.0	3159.659058257763	1	0	1.0	2.09174454884024
138241.97207971322	3000.0	917.686978544562	0.0	0	0.0	3159.659058257763	1	0	1.0	2.09174454884024
139178.9489234973	2000.0	980.7101347604896	0.0	0	0.0	3159.659058257763	1	0	1.0	1.280814332623911
140327.57729541237	2000.0	832.081762845416	0.0	0	0.0	3159.659058257763	1	0	1.0	1.6862794407320756
141464.88152682793	2000.0	694.7775314298868	0.0	0	0.0	3159.659058257792	1	0	1.0	1.6862794407320694
142257.0422051047	2000.0	902.6168531531517	0.0	0	0.0	3159.659058257821	1	0	1.0	1.6862794407320634
142989.7083193586	2000.0	1169.950738899278	0.0	0	0.0	3159.659058257821	1	0	1.0	1.6862794407320634
143822.7571448545	2000.0	1336.9019134033877	0.0	0	0.0	3159.659058257821	1	0	1.0	1.6862794407320634
144293.24925014193	2000.0	1866.4098081159405	0.0	0	0.0	3159.659058257821	1	0	1.0	1.6862794407320634
145297.0680672417	3000.0	1862.590991016208	0.0	0	0.0	3159.659058257821	1	0	1.0	1.6862794407320636
146356.06826302936	3000.0	1803.5907952285568	0.0	0	0.0	3159.65905825785	1	0	1.0	2.091744548840222
147182.39801315792	3000.0	1977.2610450999616	0.0	0	0.0	3159.659058257821	1	0	1.0	2.091744548840228
148154.9636900666	3000.0	2004.6953681912876	0.0	0	0.0	3159.659058257821	1	0	1.0	2.091744548840228
149018.79693845302	3000.0	2140.86211980486	0.0	0	0.0	3159.659058257821	1	0	1.0	2.091744548840228
149775.3969702516	3000.0	2384.2620880062877	0.0	0	0.0	3159.659058257792	1	0	1.0	2.091744548840234
150504.22306075445	3000.0	2655.4359975034395	0.0	0	0.0	3159.659058257792	1	0	1.0	2.091744548840234
151603.58022913302	3000.0	2556.0788291248796	0.0	0	0.0	3159.659058257821	1	0	1.0	2.091744548840228
152722.9666860133	3000.0	2436.6923722445736	0.0	0	0.0	3159.659058257792	1	0	1.0	2.091744548840234
153807.80689487018	3000.0	2351.8521633877285	0.0	0	0.0	3159.659058257821	1	0	1.0	2.091744548840228
155650.0374274559	3000.0	1509.621630802001	0.0	0	0.0	3159.65905825785	1	0	1.0	2.091744548840222
156727.82555475613	3000.0	1431.833503501754	0.0	0	0.0	3159.659058257821	1	0	1.0	2.091744548840228
157684.23580158956	3000.0	1475.423256668308	0.0	0	0.0	3159.659058257821	1	0	1.0	2.091744548840228
158474.36070333121	2000.0	1685.2983549266498	0.0	0	0.0	3159.65905825785	1	0	1.0	1.2808143326238928
159520.64908764904	2000.0	1639.0099706088308	0.0	0	0.0	3159.65905825785	1	0	1.0	1.6862794407320574
160339.5700817554	2000.0	1820.088976502464	0.0	0	0.0	3159.659058257821	1	0	1.0	1.6862794407320634
161061.91480720244	2000.0	2097.744251055393	0.0	0	0.0	3159.659058257821	1	0	1.0	1.6862794407320634
161869.26132669367	2000.0	2290.3977315641396	0.0	0	0.0	3159.659058257821	1	0	1.0	1.6862794407320634
162488.15568962716	2000.0	2671.5033686306033	0.0	0	0.0	3159.659058257792	1	0	1.0	1.6862794407320694
163823.44615623713	3000.0	2336.212902020632	0.0	0	0.0	3159.659058257792	1	0	1.0	1.6862794407320696
165553.67316082615	3000.0	1605.9858974316146	0.0	0	0.0	3159.659058257821	1	0	1.0	2.091744548840231
166445.10661858617	2000.0	1714.5524396715846	0.0	0	0.0	3159.65905825785	1	0	1.0	1.2808143326238952
167620.32380244683	2000.0	1539.335255810893	0.0	0	0.0	3159.659058257821	1	0	1.0	1.6862794407320634
168584.27641521953	2000.0	1575.3826430382	0.0	0	0.0	3159.659058257821	1	0	1.0	1.6862794407320634
169360.54351067025	2000.0	1799.115547587484	0.0	0	0.0	3159.65905825785	1	0	1.0	1.6862794407320583
170219.54285211267	2000.0	1940.1162061450193	0.0	0	0.0	3159.659058257821	1	0	1.0	1.6862794407320634
171010.2791023803	2000.0	2149.3799558774226	0.0	0	0.0	3159.659058257821	1	0	1.0	1.6862794407320634
171834.97905958496	2000.0	2324.67999867276	0.0	0	0.0	3159.659058257821	1	0	1.0	1.6862794407320634
172630.52757403936	2000.0	2529.1314842183497	0.0	0	0.0	3159.659058257821	1	0	1.0	1.6862794407320634
173422.59315918433	2000.0	2737.0658990733828	0.0	0	0.0	3159.659058257821	1	0	1.0	1.6862794407320634
174546.24850268615	2000.0	2613.4105555715937	0.0	0	0.0	3159.659058257821	1	0	1.0	1.6862794407320634
176031.20024049547	2000.0	2128.45881776228	0.0	0	0.0	3159.659058257821	1	0	1.0	1.6862794407320634
177036.11795293092	2000.0	2123.541105326867	0.0	0	0.0	3159.659058257821	1	0	1.0	1.6862794407320634
178249.464394439	2000.0	1910.1946638187806	0.0	0	0.0	3159.659058257821	1	0	1.0	1.6862794407320683
179487.4487544062	2000.0	1672.210303851575	0.0	0	0.0	3159.659058257821	1	0	1.0	1.6862794407320647
180714.2637246086	2000.0	1445.3953336491488	0.0	0	0.0	3159.659058257792	1	0	1.0	1.6862794407320694
181377.51737326058	2000.0	1782.1416849971595	0.0	0	0.0	3159.659058257792	1	0	1.0	1.6862794407320694
182437.25030346436	2000.0	1722.408754793363	0.0	0	0.0	3159.659058257792	1	0	1.0	1.6862794407320694
183438.19406455464	2000.0	1721.4649937030724	0.0	0	0.0	3159.659058257792	1	0	1.0	1.6862794407320694
183974.92341809455	2000.0	2184.7356401631837	0.0	0	0.0	3159.659058257792	1	0	1.0	1.6862794407320694
184850.48942030582	3000.0	2309.1696379518817	0.0	0	0.0	3159.659058257821	1	0	1.0	1.6862794407320636
185544.60721927346	3000.0	2615.051838984263	0.0	0	0.0	3159.65905825785	1	0	1.0	2.091744548840222
186200.0	3000.0	2959.6590582577255	0.0	0	100.48261840033229	3159.65905825785	1	0	1.0	2.091744548840222
187200.0	3000.0	2959.659058257745	0.0	0	205.352213762264	3159.659058257879	1	0	1.0	2.0917445488402158
188292.11317003006	3000.0	2867.5458882276735	0.0	0	0.0	3159.659058257879	1	0	1.0	2.0917445488402158
189501.44945897697	3000.0	2658.209599280735	0.0	0	0.0	3159.6590582579083	1	0	1.0	2.0917445488402113
190515.74718030405	3000.0	2643.9118779536493	0.0	0	0.0	3159.6590582579083	1	0	1.0	2.09174454884021
192943.88117956973	3000.0	1215.7778786879976	0.0	0	0.0	3159.6590582579083	1	0	1.0	2.0917445488402078
193556.44037617734	2000.0	1603.2186820803533	0.0	0	0.0	3159.6590582579083	1	0	1.0	1.2808143326238808
194471.7867176729	2000.0	1687.8723405847898	0.0	0	0.0	3159.659058257879	1	0	1.0	1.6862794407320503
195465.84928843446	2000.0	1693.8097698232289	0.0	0	0.0	3159.65905825785	1	0	1.0	1.6862794407320574
196564.2769302393	2000.0	1595.3821280183686	0.0	0	0.0	3159.65905825785	1	0	1.0	1.6862794407320574
197477.15652256596	2000.0	1682.5025356917095	0.0	0	0.0	3159.65905825785	1	0	1.0	1.6862794407320574
198067.3712888147	2000.0	2092.2877694429617	0.0	0	0.0	3159.65905825785	1	0	1.0	1.6862794407320574
198959.22346775237	2000.0	2200.4355905052807	0.0	0	0.0	3159.659058257879	1	0	1.0	1.6862794407320514
199632.16197260265	2000.0	2527.49708565502	0.0	0	0.0	3159.659058257879	1	0	1.0	1.6862794407320514
201002.48502577576	3000.0	2157.174032481924	0.0	0	0.0	3159.659058257879	1	0	1.0	1.6862794407320512
202281.41156288423	3000.0	1878.2474953734672	0.0	0	0.0	3159.659058257879	1	0	1.0	2.0917445488402158
203442.86928633347	3000.0	1716.7897719241969	0.0	0	0.0	3159.659058257879	1	0	1.0	2.0917445488402158
205100.31124020697	3000.0	1059.3478180506945	0.0	0	0.0	3159.65905825785	1	0	1.0	2.0917445488402207
206207.8474541641	2000.0	951.8116040935882	0.0	0	0.0	3159.659058257821	1	0	1.0	1.2808143326238988
206969.96881358325	2000.0	1189.6902446744336	0.0	0	0.0	3159.659058257821	1	0	1.0	1.6862794407320634
207649.25665838984	2000.0	1510.402399867841	0.0	0	0.0	3159.65905825785	1	0	1.0	1.6862794407320574
208367.10289331642	3000.0	1792.5561649412687	0.0	0	0.0	3159.65905825785	1	0	1.0	1.6862794407320574
209099.84073917306	3000.0	2059.818319084605	0.0	0	0.0	3159.65905825785	1	0	1.0	2.091744548840222
210117.16692283057	3000.0	2042.492135427105	0.0	0	0.0	3159.65905825785	1	0	1.0	2.091744548840222
211620.74037104615	3000.0	1538.9186872115386	0.0	0	0.0	3159.659058257879	1	0	1.0	2.0917445488402158
212384.01945506438	2000.0	1775.6396031933054	0.0	0	0.0	3159.6590582579083	1	0	1.0	1.2808143326238808
213377.33956303156	3000.0	1782.319495226083	0.0	0	0.0	3159.6590582579083	1	0	1.0	1.6862794407320454
214313.43183005773	2000.0	1846.227228199931	0.0	0	0.0	3159.6590582579083	1	0	1.0	1.2808143326238808
215433.45645088196	2000.0	1726.2026073757104	0.0	0	0.0	3159.6590582579374	1	0	1.0	1.6862794407320392
217036.23206738997	2000.0	1123.4269908676933	0.0	0	0.0	3159.6590582579374	1	0	1.0	1.6862794407320392
217734.85029189245	2000.0	1424.8087663652066	0.0	0	0.0	3159.6590582579374	1	0	1.0	1.6862794407320392
218527.52771127727	2000.0	1632.1313469804138	0.0	0	0.0	3159.6590582579374	1	0	1.0	1.6862794407320392
219161.47306143964	2000.0	1998.1859968180702	0.0	0	0.0	3159.6590582579665	1	0	1.0	1.6862794407320365
219964.7802679057	2000.0	2194.8787903520297	0.0	0	0.0	3159.6590582579665	1	0	1.0	1.686279440732033
220526.79081520787	2000.0	2632.8682430498707	0.0	0	0.0	3159.6590582579374	1	0	1.0	1.6862794407320392
221576.68697068567	3000.0	2582.9720875720886	0.0	0	0.0	3159.6590582579374	1	0	1.0	1.6862794407320394
222812.60469701997	3000.0	2347.0543612378356	0.0	0	0.0	3159.6590582579665	1	0	1.0	2.091744548840198
223603.98580023338	3000.0	2555.673258024439	0.0	0	0.0	3159.6590582579665	1	0	1.0	2.091744548840198
224361.9980582968	3000.0	2797.660999960997	0.0	0	0.0	3159.6590582579374	1	0	1.0	2.0917445488402038
225568.9470300566	3000.0	2590.7120282011674	0.0	0	0.0	3159.6590582579374	1	0	1.0	2.0917445488402038
226309.24747879212	3000.0	2850.4115794656086	0.0	0	0.0	3159.6590582579083	1	0	1.0	2.0917445488402087
227299.78645594104	3000.0	2859.8726023166732	0.0	0	0.0	3159.6590582579083	1	0	1.0	2.09174454884021
228216.51517013327	3000.0	2943.14388812443	0.0	0	0.0	3159.6590582579374	1	0	1.0	2.0917445488402078
229200.0	3000.0	2959.6590582577073	0.0	0	332.2571244065766	3159.6590582579374	1	0	1.0	2.0917445488402038
230200.0	3000.0	2959.659058257701	0.0	0	266.9192597862566	3159.6590582579083	1	0	1.0	2.091744548840205
231723.70338318334	6000.0	2435.9556750743695	0.0	0	0.0	3159.659058257879	1	0	1.0	2.0917445488402158
233311.81925486162	6000.0	1847.8398033960914	0.0	0	0.0	3159.65905825785	1	0	1.0	2.784891729400162
235006.5028742834	3000.0	1153.1561839742712	0.0	0	0.0	3159.65905825785	1	0	1.0	1.3985973682802757
237111.95548850935	3000.0	200.0	152.29643025172027	0	0.0	3311.955488509353	1	0	1.0	1.167592933565097
238448.06795840643	2000.0	444.04973198421123	580.162201881288	0	0.0	3892.1176903906453	1	0	1.0	-2.412760080729381
239171.01792219267	2000.0	721.0997681980022	0.0	0	0.0	3892.1176903906744	1	0	1.0	1.4736782386665068
239873.53933336496	2000.0	1018.5783570257495	0.0	0	0.0	3892.1176903907035	1	0	1.0	1.4736782386664888
240648.91909651083	2000.0	1243.198593879849	0.0	0	0.0	3892.1176903906744	1	0	1.0	1.4736782386665002
241438.28773278018	2000.0	1453.8299576105117	0.0	0	0.0	3892.1176903906453	1	0	1.0	1.4736782386665113
242539.39083308418	2000.0	1352.72685730652	0.0	0	0.0	3892.1176903906453	1	0	1.0	1.4736782386665113
244042.71188529828	2000.0	849.4058050924243	0.0	0	0.0	3892.117690390616	1	0	1.0	1.4736782386665226
245065.26670819058	2000.0	826.8509822001419	0.0	0	0.0	3892.1176903906453	1	0	1.0	1.4736782386665113
245682.3279668402	2000.0	1209.7897235505015	0.0	0	0.0	3892.1176903906453	1	0	1.0	1.4736782386665113
246306.3671226439	2000.0	1585.7505677468312	0.0	0	0.0	3892.1176903906453	1	0	1.0	1.4736782386665113
246930.0945023259	2000.0	1962.0231880648425	0.0	0	0.0	3892.1176903906453	1	0	1.0	1.4736782386665113
247867.5623222385	2000.0	2024.5553681522501	0.0	0	0.0	3892.1176903906453	1	0	1.0	1.4736782386665113
248685.12058507398	2000.0	2206.9971053167624	0.0	0	0.0	3892.1176903906453	1	0	1.0	1.4736782386665113
249734.40603111658	3000.0	2157.7116592741722	0.0	0	0.0	3892.1176903906453	1	0	1.0	1.4736782386665115
251004.44904222238	3000.0	1887.6686481683641	0.0	0	0.0	3892.1176903906453	1	0	1.0	1.879143346774676
252985.54499641768	3000.0	906.5726939730323	0.0	0	0.0	3892.117690390616	1	0	1.0	1.8791433467746874
254110.19517783207	2000.0	781.9225125586659	0.0	0	0.0	3892.1176903906453	1	0	1.0	1.0682131305583467
255219.08758217012	2000.0	673.0301082206222	0.0	0	0.0	3892.1176903906744	1	0	1.0	1.4736782386665068
256063.46271756067	2000.0	828.654972830082	0.0	0	0.0	3892.1176903906453	1	0	1.0	1.4736782386665024
256664.87548552823	2000.0	1227.2422048625415	0.0	0	0.0	3892.1176903906744	1	0	1.0	1.4736782386665002
257479.7783974038	2000.0	1412.3392929870017	0.0	0	0.0	3892.1176903907035	1	0	1.0	1.4736782386664888
258221.11533404616	2000.0	1671.0023563446596	0.0	0	0.0	3892.1176903907326	1	0	1.0	1.4736782386664844
259124.85336365417	2000.0	1767.2643267366543	0.0	0	0.0	3892.1176903907326	1	0	1.0	1.4736782386664777
260017.89505519086	2000.0	1874.2226351999814	0.0	0	0.0	3892.1176903907035	1	0	1.0	1.4736782386664888
260734.55166846607	2000.0	2157.566021924755	0.0	0	0.0	3892.1176903907035	1	0	1.0	1.4736782386664888
261404.27369595226	2000.0	2487.843994438569	0.0	0	0.0	3892.1176903907326	1	0	1.0	1.4736782386664777
261994.07792848052	2000.0	2898.0397619102946	0.0	0	0.0	3892.1176903907326	1	0	1.0	1.4736782386664777
262941.0274437778	2000.0	2951.0902466130447	0.0	0	0.0	3892.11769039082	1	0	1.0	1.4736782386664526
264837.30240791966	3000.0	2054.815282471271	0.0	0	0.0	3892.1176903909072	1	0	1.0	1.4736782386664258
265927.5865845859	3000.0	1964.5311058050147	0.0	0	0.0	3892.117690390849	1	0	1.0	1.8791433467745837
266664.84596444736	2000.0	2227.271725943524	0.0	0	0.0	3892.1176903909072	1	0	1.0	1.0682131305582452
267542.62993301824	2000.0	2349.487757372563	0.0	0	0.0	3892.117690390849	1	0	1.0	1.4736782386664282
268480.5264599702	2000.0	2411.591230420535	0.0	0	0.0	3892.117690390791	1	0	1.0	1.4736782386664549
269819.3856337597	2000.0	2072.732056631038	0.0	0	0.0	3892.1176903907326	1	0	1.0	1.4736782386664777
270987.4561518242	2000.0	1904.6615385665075	0.0	0	0.0	3892.1176903906744	1	0	1.0	1.4736782386665002
272630.24585812783	2000.0	1261.8718322628463	0.0	0	0.0	3892.117690390616	1	0	1.0	1.4736782386665226
273964.2302876125	2000.0	927.8874027782106	0.0	0	0.0	3892.117690390616	1	0	1.0	1.4736782386665226
274834.9044569358	2000.0	1057.2132334548623	0.0	0	0.0	3892.117690390616	1	0	1.0	1.4736782386665226
275789.61659154	2000.0	1102.501098850682	0.0	0	0.0	3892.117690390558	1	0	1.0	1.473678238666545
276647.0897414497	2000.0	1245.0279489410314	0.0	0	0.0	3892.117690390558	1	0	1.0	1.473678238666545
277270.2350655173	2000.0	1621.882624873337	0.0	0	0.0	3892.1176903904416	1	0	1.0	1.4736782386665812
277952.81385380396	2000.0	1939.3038365866842	0.0	0	0.0	3892.1176903904416	1	0	1.0	1.47367823866659
278794.65839856386	3000.0	2097.4592918268518	0.0	0	0.0	3892.1176903904416	1	0	1.0	1.47367823866659
279911.97977122717	3000.0	1980.1379191634694	0.0	0	0.0	3892.1176903904416	1	0	1.0	1.8791433467747547
280626.7013605098	3000.0	2265.4163298807907	0.0	0	0.0	3892.1176903904416	1	0	1.0	1.8791433467747547
281423.66500272235	3000.0	2468.4526876681953	0.0	0	0.0	3892.1176903904416	1	0	1.0	1.8791433467747547
282168.3429181972	3000.0	2723.774772193346	0.0	0	0.0	3892.1176903904416	1	0	1.0	1.8791433467747547
284386.97958039393	3000.0	1505.1381099965938	0.0	0	0.0	3892.1176903903834	1	0	1.0	1.879143346774764
285974.7456573302	3000.0	917.3720330603402	0.0	0	0.0	3892.117690390325	1	0	1.0	1.8791433467747953
287130.1408026221	2000.0	761.9768877684387	0.0	0	0.0	3892.117690390267	1	0	1.0	1.068213130558493
288311.9877008078	2000.0	580.1299895827798	0.0	0	0.0	3892.117690390325	1	0	1.0	1.4736782386666485
289388.29981654603	2000.0	503.8178738445903	0.0	0	0.0	3892.117690390325	1	0	1.0	1.473678238666635
290233.19021582155	2000.0	658.9274745690019	0.0	0	0.0	3892.117690390325	1	0	1.0	1.473678238666635
290942.6022057316	2000.0	949.5154846589635	0.0	0	0.0	3892.117690390325	1	0	1.0	1.473678238666635
291997.34471750766	2000.0	894.7729728828785	0.0	0	0.0	3892.117690390325	1	0	1.0	1.473678238666635
292544.82040290185	2000.0	1347.2972874886846	0.0	0	0.0	3892.1176903903834	1	0	1.0	1.4736782386666125
293150.577201173	2000.0	1741.5404892175568	0.0	0	0.0	3892.1176903903834	1	0	1.0	1.4736782386666125
293885.24756552366	2000.0	2006.870124866876	0.0	0	0.0	3892.1176903903834	1	0	1.0	1.4736782386666125
294713.8485118965	3000.0	2178.2691784940744	0.0	0	0.0	3892.1176903903834	1	0	1.0	1.4736782386666127
295488.58659422834	3000.0	2403.531096162226	0.0	0	0.0	3892.1176903903834	1	0	1.0	1.8791433467747773
296684.4980169284	3000.0	2207.6196734621453	0.0	0	0.0	3892.1176903903834	1	0	1.0	1.8791433467747773
297441.44423140294	3000.0	2450.6734589876364	0.0	0	0.0	3892.1176903903834	1	0	1.0	1.8791433467747773
298507.616553232	3000.0	2384.5011371585465	0.0	0	0.0	3892.1176903903834	1	0	1.0	1.8791433467747773
299655.1812564831	3000.0	2236.9364339074546	0.0	0	0.0	3892.1176903903834	1	0	1.0	1.8791433467747773
300743.08518274705	3000.0	2149.0325076434297	0.0	0	0.0	3892.1176903903834	1	0	1.0	1.8791433467747773
301719.0376744776	3000.0	2173.0800159128303	0.0	0	0.0	3892.1176903903834	1	0	1.0	1.8791433467747773
302568.55978144926	3000.0	2323.5579089411754	0.0	0	0.0	3892.1176903903834	1	0	1.0	1.8791433467747773
304194.3241512739	3000.0	1697.7935391165458	0.0	0	0.0	3892.1176903903834	1	0	1.0	1.8791433467747773
305221.9650329374	3000.0	1670.1526574530433	0.0	0	0.0	3892.117690390325	1	0	1.0	1.8791433467747998
1.7812444444444444	2.273244444444444	3.4252444444444445	2.969244444444444	1.9972444444444442	1.8172444444444442	2.3572444444444445	3.017244444444444	2.5852444444444442	2.5852444444444442	1.9852444444444444	2.045244444444444	1.5772444444444442	1.7212444444444444	2.1652444444444443	2.1532444444444443	2.369244444444444	2.249244444444444	2.345244444444444	2.2012444444444443	1.8772444444444443	1.2652444444444442	1.9732444444444441	1.6612444444444443	1.0252444444444444	1.8532444444444442	2.465244444444444	2.369244444444444	2.2252444444444444	3.1372444444444443	3.917244444444444	4.721244444444444	2.969244444444444	2.2012444444444443	2.3332444444444445	2.849244444444444	2.837244444444444	1.1332444444444445	1.6252444444444443	2.5852444444444442	2.813244444444444	2.417244444444444	1.8772444444444443	2.513244444444444	2.75	3.34	2.15	2.33	2.88	3.22	1.93	2.28	3.12	3.97	3.53	2.88	2.49	1.91	2.86	2.25	2.31	1.38	1.74	2.33	2.72	3.06	3.31	3.56	2.97	3.17	3.29	2.83	3.57	3.32	4.12	4.83	5.03	4.69	3.43	2.49	1.47	1.14	1.07	1.7	2.61	3.39	3.01	2.57	2.12	1.61	2.47	2.95	2.86	2.64	3.43	2.56	3.08	1.82	1.85	2.33	2.37	2.66	3.35	3.23	2.81	2.58	2.39	2.78	2.81	1.99	2.27	2.53	3.13	1.62	1.81	2.0	1.36	1.16	1.47	2.18	2.95	2.76	3.45	3.37	3.43	3.65	4.01	4.12	1.66	1.4	2.58	1.96	2.26	2.25	1.95	2.22	2.14	2.62	3.3043636363636364	3.4803636363636365	3.4483636363636365	3.4723636363636365	3.4063636363636363	3.6043636363636367	3.7683636363636364	3.3043636363636364	3.1423636363636365	3.2163636363636363	3.2023636363636365	1.8532444444444442	1.7812444444444444	2.273244444444444	3.4252444444444445	2.969244444444444	1.9972444444444442	1.8172444444444442	2.3572444444444445	3.017244444444444	2.5852444444444442	2.5852444444444442	1.9852444444444444	2.045244444444444	1.5772444444444442	1.7212444444444444	2.1652444444444443	2.1532444444444443	2.369244444444444	2.249244444444444	2.345244444444444	2.2012444444444443	1.8772444444444443	1.2652444444444442	1.9732444444444441	1.6612444444444443	1.0252444444444444	1.8532444444444442	2.465244444444444	2.369244444444444	2.2252444444444444	3.1372444444444443	3.917244444444444	4.721244444444444	2.969244444444444	2.2012444444444443	2.3332444444444445	2.849244444444444	2.837244444444444	1.1332444444444445	1.6252444444444443	2.5852444444444442	2.813244444444444	2.417244444444444	1.8772444444444443	2.513244444444444	2.75	3.34	2.15	2.33	2.88	3.22	1.93	2.28	3.12	3.97	3.53	2.88	2.49	1.91	2.86	2.25	2.31	1.38	1.74	2.33	2.72	3.06	3.31	3.56	2.97	3.17	3.29	2.83	3.57	3.32	4.12	4.83	5.03	4.69	3.43	2.49	1.47	1.14	1.07	1.7	2.61	3.39	3.01	2.57	2.12	1.61	2.47	2.95	2.86	2.64	3.43	2.56	3.08	1.82	1.85	2.33	2.37	2.66	3.35	3.23	2.81	2.58	2.39	2.78	2.81	1.99	2.27	2.53	3.13	1.62	1.81	2.0	1.36	1.16	1.47	2.18	2.95	2.76	3.45	3.37	3.43	3.65	4.01	4.12	1.66	1.4	2.58	1.96	2.26	2.25	1.95	2.22	2.14	2.62	3.3043636363636364	3.4803636363636365	3.4483636363636365	3.4723636363636365	3.4063636363636363	3.6043636363636367	3.7683636363636364	3.3043636363636364	3.1423636363636365	3.2163636363636363	3.2023636363636365	1.8532444444444442	1.7812444444444444	2.273244444444444	3.4252444444444445	2.969244444444444
1.0	2.0	3.0	4.0	5.0	6.0	7.0	8.0	9.0	10.0	11.0	12.0	13.0	14.0	15.0	16.0	17.0	18.0	19.0	20.0	21.0	22.0	23.0	24.0	25.0	26.0	27.0	28.0	29.0	30.0	31.0	32.0	33.0	34.0	35.0	36.0	37.0	38.0	39.0	40.0	41.0	42.0	43.0	44.0	45.0	46.0	47.0	48.0	49.0	50.0	51.0	52.0	53.0	54.0	55.0	56.0	57.0	58.0	59.0	60.0	61.0	62.0	63.0	64.0	65.0	66.0	67.0	68.0	69.0	70.0	71.0	72.0	73.0	74.0	75.0	76.0	77.0	78.0	79.0	80.0	81.0	82.0	83.0	84.0	85.0	86.0	87.0	88.0	89.0	90.0	91.0	92.0	93.0	94.0	95.0	96.0	97.0	98.0	99.0	100.0	101.0	102.0	103.0	104.0	105.0	106.0	107.0	108.0	109.0	110.0	111.0	112.0	113.0	114.0	115.0	116.0	117.0	118.0	119.0	120.0	121.0	122.0	123.0	124.0	125.0	126.0	127.0	128.0	129.0	130.0	131.0	132.0	133.0	134.0	135.0	136.0	137.0	138.0	139.0	140.0	141.0	142.0	143.0	144.0	145.0	146.0	147.0	148.0	149.0	149.0	150.0	151.0	152.0	153.0	154.0	155.0	156.0	157.0	158.0	159.0	160.0	161.0	162.0	163.0	164.0	165.0	166.0	167.0	168.0	169.0	170.0	171.0	172.0	173.0	174.0	175.0	176.0	177.0	178.0	179.0	180.0	181.0	182.0	183.0	184.0	185.0	186.0	187.0	188.0	189.0	190.0	191.0	192.0	193.0	194.0	195.0	196.0	197.0	198.0	199.0	200.0	201.0	202.0	203.0	204.0	205.0	206.0	207.0	208.0	209.0	210.0	211.0	212.0	213.0	214.0	215.0	216.0	217.0	218.0	219.0	220.0	221.0	222.0	223.0	224.0	225.0	226.0	227.0	228.0	229.0	230.0	231.0	232.0	233.0	234.0	235.0	236.0	237.0	238.0	239.0	240.0	241.0	242.0	243.0	244.0	245.0	246.0	247.0	248.0	249.0	250.0	251.0	252.0	253.0	254.0	255.0	256.0	257.0	258.0	259.0	260.0	261.0	262.0	263.0	264.0	265.0	266.0	267.0	268.0	269.0	270.0	271.0	272.0	273.0	274.0	275.0	276.0	277.0	278.0	279.0	280.0	281.0	282.0	283.0	284.0	285.0	286.0	287.0	288.0	289.0	290.0	291.0	292.0	293.0	294.0	295.0	296.0	297.0	298.0	298.0	299.0	300.0	301.0	302.0
5043.483476253197
