3045.4652268369673	500.0	2000.0	208.29949157344737	0	0.0	3045.4652268369673	1	0	1.0	-1.4298116300719006
4101.011378748303	3000.0	1944.4538480886638	0.0	0	0.0	3045.4652268369673	1	0	1.0	0.32262562592630517
5047.871525614009	3000.0	1997.5937012229574	0.0	0	0.0	3045.4652268369673	1	0	1.0	2.1143850951543604
5993.429191102758	3000.0	2052.0360357342097	0.0	0	0.0	3045.4652268369678	1	0	1.0	2.1143850951543604
7020.440810579903	3000.0	2025.0244162570646	0.0	0	0.0	3045.465226836967	1	0	1.0	2.1143850951543604
8293.11490489753	3000.0	1752.3503219394397	0.0	0	0.0	3045.465226836968	1	0	1.0	2.1143850951543604
9876.606840407696	3000.0	1168.8583864292723	0.0	0	0.0	3045.4652268369673	1	0	1.0	2.1143850951543604
10897.375249611216	3000.0	1148.0899772257508	0.0	0	0.0	3045.4652268369646	1	0	1.0	2.1143850951543604
11745.159334931579	3000.0	1300.3058919053863	0.0	0	0.0	3045.4652268369646	1	0	1.0	2.114385095154361
12537.151078357774	3000.0	1508.3141484791904	0.0	0	0.0	3045.4652268369646	1	0	1.0	2.114385095154361
13322.750400119836	3000.0	1722.714826717128	0.0	0	0.0	3045.4652268369646	1	0	1.0	2.114385095154361
14058.544997919564	3000.0	1986.9202289174007	0.0	0	0.0	3045.4652268369664	1	0	1.0	2.1143850951543604
15024.57573556404	3000.0	2020.8894912729234	0.0	0	0.0	3045.4652268369664	1	0	1.0	2.1143850951543604
16164.24529617427	3000.0	1881.2199306626942	0.0	0	0.0	3045.465226836968	1	0	1.0	2.1143850951543604
17750.78696827116	3000.0	1294.678258565806	0.0	0	0.0	3045.465226836972	1	0	1.0	2.11438509515436
18422.331845043886	2000.0	1623.1333817930845	0.0	0	0.0	3045.4652268369773	1	0	1.0	1.3034548789380291
19026.462364941883	2000.0	2019.0028618950853	0.0	0	0.0	3045.4652268369755	1	0	1.0	1.7089199870461935
19921.49239784683	2000.0	2123.9728289901414	0.0	0	0.0	3045.4652268369755	1	0	1.0	1.708919987046194
20890.145421505673	2000.0	2155.3198053313	0.0	0	0.0	3045.4652268369755	1	0	1.0	1.708919987046194
21833.927102961065	2000.0	2211.5381238759082	0.0	0	0.0	3045.465226836972	1	0	1.0	1.7089199870461946
22840.289073643216	3000.0	2205.1761531937564	0.0	0	0.0	3045.4652268369755	1	0	1.0	1.7089199870461946
23495.99470874766	3000.0	2549.4705180893166	0.0	0	0.0	3045.465226836979	1	0	1.0	2.114385095154358
24200.0	3000.0	2845.4652268369787	0.0	0	100.46757748663367	3045.465226836979	1	0	1.0	2.114385095154358
25200.0	3000.0	2845.465226836976	0.0	0	346.7535860753451	3045.465226836979	1	0	1.0	2.114385095154358
27015.685458504737	3000.0	2029.77976833224	0.0	0	0.0	3045.465226836979	1	0	1.0	2.114385095154358
28762.681085437445	3000.0	1282.7841413995316	0.0	0	0.0	3045.465226836979	1	0	1.0	2.114385095154358
29695.760981877604	3000.0	1349.704244959375	0.0	0	0.0	3045.465226836979	1	0	1.0	2.114385095154358
30283.09072216358	2000.0	1762.374504673394	0.0	0	0.0	3045.465226836979	1	0	1.0	1.3034548789380287
32081.92051020423	3000.0	963.5447166327464	0.0	0	0.0	3045.465226836979	1	0	1.0	1.7089199870461935
33090.41132532783	2000.0	955.0539015091481	0.0	0	0.0	3045.465226836979	1	0	1.0	1.3034548789380287
34143.65781978723	2000.0	901.8074070497468	0.0	0	0.0	3045.4652268369828	1	0	1.0	1.7089199870461929
34752.725553100056	2000.0	1292.73967373693	0.0	0	0.0	3045.46522683699	1	0	1.0	1.7089199870461922
35170.69130830737	2000.0	1874.7739185296198	0.0	0	0.0	3045.46522683699	1	0	1.0	1.7089199870461913
35859.56326314425	3000.0	2185.9019636927305	0.0	0	0.0	3045.4652268369828	1	0	1.0	1.708919987046192
36643.91361892411	3000.0	2401.5516079128724	0.0	0	0.0	3045.4652268369828	1	0	1.0	2.1143850951543577
37257.8559559712	3000.0	2787.609270865783	0.0	0	0.0	3045.4652268369828	1	0	1.0	2.1143850951543577
38200.0	3000.0	2845.465226836987	0.0	0	374.8535038284972	3045.4652268369828	1	0	1.0	2.1143850951543577
39200.0	6000.0	2845.465226836983	0.0	0	141.34613898519456	3045.4652268369828	1	0	1.0	2.1143850951543572
40395.44747404007	6000.0	2650.01775279692	0.0	0	0.0	3045.4652268369828	1	0	1.0	2.807532275714302
44665.29465917018	6000.0	200.0	819.8294323331896	0	0.0	3865.2946591701766	1	0	1.0	-2.210425331628939
45487.83616272788	2000.0	597.3692696880656	219.9107732457662	0	0.0	1085.2054324159399	1	0	1.0	-9.540201579796841
46624.07863487927	2000.0	461.12679753666964	0.0	0	0.0	1085.2054324159326	1	0	1.0	1.877875348345863
48011.66446034388	2000.0	325.13064475438875	251.58967268232942	0	0.0	1336.7951050982665	1	0	1.0	0.3601248192289707
48710.2786803908	2000.0	640.2226928775281	13.706268170056205	0	0.0	1350.501373268322	1	0	1.0	1.7868698753181864
49270.712001861975	2000.0	1079.7893714063503	0.0	0	0.0	1350.501373268322	1	0	1.0	1.8691074843385238
50200.0	2000.0	1150.5013732683228	0.0	0	68.14290434145369	1350.501373268322	1	0	1.0	1.8691074843385238
51200.0	2000.0	1150.5013732683196	0.0	0	375.49958689564664	1350.501373268322	1	0	1.0	1.8691074843385238
52200.0	2000.0	1150.501373268315	0.0	0	12.921802098710032	1350.501373268322	1	0	1.0	1.8691074843385238
53754.73061680752	2000.0	595.7707564607916	0.0	0	0.0	1350.501373268322	1	0	1.0	1.8691074843385238
54484.335346845706	2000.0	866.1660264226126	0.0	0	0.0	1350.501373268322	1	0	1.0	1.8691074843385238
56028.57102999716	2000.0	321.9303432711604	0.0	0	0.0	1350.5013732683292	1	0	1.0	1.8691074843385236
57029.16705213805	2000.0	568.3601297589839	247.0258086287114	0	0.0	1597.5271818970432	1	0	1.0	0.3764602536004593
58006.16427394553	2000.0	591.3629079515028	0.0	0	0.0	1597.527181897036	1	0	1.0	1.8586151053727282
58894.51488621157	2000.0	703.0122956854664	0.0	0	0.0	1597.5271818970432	1	0	1.0	1.8586151053727278
60388.01027505227	2000.0	209.51690684476023	0.0	0	0.0	1597.5271818970432	1	0	1.0	1.8586151053727278
61220.275632935525	1000.0	639.054764295772	261.8032153342646	0	0.0	1859.3303972312933	1	0	1.0	-1.1127550197238896
62806.08916178479	2000.0	236.93729365946177	183.69605821295772	0	0.0	2043.0264554442401	1	0	1.0	0.037404341130084784
63364.17754324271	1000.0	708.4016801072883	29.552767905755815	0	0.0	2072.5792233499888	1	0	1.0	0.26614340829924377
63792.94616250072	1000.0	1279.6330608492835	0.0	0	0.0	2072.5792233499888	1	0	1.0	1.1366071962937239
64484.59075940736	2000.0	1587.9884639426396	0.0	0	0.0	2072.5792233499815	1	0	1.0	1.1366071962937243
65299.78261806887	2000.0	1772.7966052811196	0.0	0	0.0	2072.5792233499815	1	0	1.0	1.8297543768536695
66200.0	2000.0	1872.5792233500053	0.0	0	286.52251336566405	2072.5792233499888	1	0	1.0	1.829754376853669
67200.0	3000.0	1872.5792233499983	0.0	0	256.0438845269964	2072.579223349974	1	0	1.0	1.8297543768536697
68348.84516928873	3000.0	1723.734054061266	0.0	0	0.0	2072.579223349967	1	0	1.0	2.2352194849618354
69271.14867742463	3000.0	1801.4305459253899	0.0	0	0.0	2072.579223349967	1	0	1.0	2.2352194849618354
70200.0	3000.0	1872.5792233500197	0.0	0	263.07681961674825	2072.579223349967	1	0	1.0	2.2352194849618354
71200.0	3000.0	1872.5792233500194	0.0	0	334.64185305460705	2072.579223349967	1	0	1.0	2.2352194849618354
72325.38923158545	3000.0	1747.1899917645683	0.0	0	0.0	2072.579223349967	1	0	1.0	2.2352194849618354
73983.48450442475	3000.0	1089.0947189252706	0.0	0	0.0	2072.5792233499524	1	0	1.0	2.2352194849618363
76151.02327526029	3000.0	200.0	278.4440519102719	0	0.0	2351.0232752602897	1	0	1.0	0.5574271576831523
77350.54436806912	2000.0	470.58331436046024	470.1044071692988	0	0.0	2821.127682429593	1	0	1.0	-1.4789554012973265
78259.7923585151	2000.0	561.3353239144777	0.0	0	0.0	2821.1276824295783	1	0	1.0	1.7471361498266325
78955.7641566781	2000.0	865.3635257514863	0.0	0	0.0	2821.1276824295783	1	0	1.0	1.7471361498266325
79810.12440621406	2000.0	1011.0032762155315	0.0	0	0.0	2821.1276824295783	1	0	1.0	1.7471361498266325
80805.29790116401	2000.0	1015.8297812655773	0.0	0	0.0	2821.127682429593	1	0	1.0	1.7471361498266302
81993.3957108589	2000.0	827.7319715706832	0.0	0	0.0	2821.127682429593	1	0	1.0	1.7471361498266302
83041.05560158312	2000.0	780.0720808464563	0.0	0	0.0	2821.127682429593	1	0	1.0	1.7471361498266302
84356.22582623611	2000.0	464.9018561934806	0.0	0	0.0	2821.127682429593	1	0	1.0	1.7471361498266302
85264.88112335908	2000.0	578.5614994330865	22.31494036257638	0	0.0	2843.442622792165	1	0	1.0	1.609786133789199
85943.5032738321	2000.0	899.939348960066	0.0	0	0.0	2843.442622792165	1	0	1.0	1.7436757759646573
86814.5518450899	2000.0	1028.8907777022634	0.0	0	0.0	2843.442622792165	1	0	1.0	1.7436757759646573
87507.89120847457	2000.0	1335.55141431758	0.0	0	0.0	2843.442622792165	1	0	1.0	1.7436757759646573
88385.75738245029	2000.0	1457.6852403418582	0.0	0	0.0	2843.442622792165	1	0	1.0	1.7436757759646573
89257.43780230172	2000.0	1586.0048204904324	0.0	0	0.0	2843.442622792165	1	0	1.0	1.7436757759646573
90296.44568924063	2000.0	1546.9969335515323	0.0	0	0.0	2843.4426227921795	1	0	1.0	1.7436757759646548
91183.84695222779	2000.0	1659.5956705643764	0.0	0	0.0	2843.4426227921795	1	0	1.0	1.7436757759646548
91818.34381533331	2000.0	2025.0988074588402	0.0	0	0.0	2843.4426227921795	1	0	1.0	1.7436757759646548
92707.75296338565	2000.0	2135.6896594064947	0.0	0	0.0	2843.4426227921795	1	0	1.0	1.7436757759646548
93544.64758076858	2000.0	2298.7950420235497	0.0	0	0.0	2843.4426227921795	1	0	1.0	1.7436757759646548
94496.96032185534	2000.0	2346.4823009367833	0.0	0	0.0	2843.4426227921795	1	0	1.0	1.7436757759646548
95721.27415614962	3000.0	2122.16846664249	0.0	0	0.0	2843.4426227921795	1	0	1.0	1.7436757759646553
97139.4242319507	3000.0	1704.0183908414306	0.0	0	0.0	2843.442622792194	1	0	1.0	2.1491408840728177
97750.36327680424	2000.0	2093.0793459879033	0.0	0	0.0	2843.442622792194	1	0	1.0	1.338210667856488
99125.3865744768	3000.0	1718.0560483153483	0.0	0	0.0	2843.442622792194	1	0	1.0	1.743675775964653
99944.5214143925	2000.0	1898.9212083996513	0.0	0	0.0	2843.442622792194	1	0	1.0	1.338210667856488
100657.2389971144	2000.0	2186.2036256777365	0.0	0	0.0	2843.442622792194	1	0	1.0	1.7436757759646526
101645.9087825702	3000.0	2197.533840221943	0.0	0	0.0	2843.4426227922086	1	0	1.0	1.7436757759646506
102576.71924127128	2000.0	2266.723381520862	0.0	0	0.0	2843.442622792194	1	0	1.0	1.338210667856488
103418.6830388372	3000.0	2424.759583954937	0.0	0	0.0	2843.442622792194	1	0	1.0	1.743675775964653
104262.6845678101	3000.0	2580.7580549820286	0.0	0	0.0	2843.442622792194	1	0	1.0	2.1491408840728177
105594.63341537275	3000.0	2248.809207419372	0.0	0	0.0	2843.442622792194	1	0	1.0	2.1491408840728177
106800.8767732353	3000.0	2042.5658495568161	0.0	0	0.0	2843.442622792194	1	0	1.0	2.1491408840728177
107799.45465053228	3000.0	2043.9879722598564	0.0	0	0.0	2843.4426227922086	1	0	1.0	2.149140884072815
108832.00247452164	3000.0	2011.4401482704866	0.0	0	0.0	2843.4426227921795	1	0	1.0	2.149140884072818
109517.20074896497	2000.0	2326.241873827148	0.0	0	0.0	2843.442622792194	1	0	1.0	1.338210667856488
110530.54414686307	3000.0	2312.8984759290393	0.0	0	0.0	2843.442622792194	1	0	1.0	1.743675775964653
111342.00784849424	3000.0	2501.4347742978784	0.0	0	0.0	2843.442622792194	1	0	1.0	2.1491408840728177
112313.95079045316	3000.0	2529.4918323389506	0.0	0	0.0	2843.442622792194	1	0	1.0	2.1491408840728177
113238.6285759206	3000.0	2604.8140468715164	0.0	0	0.0	2843.442622792194	1	0	1.0	2.1491408840728177
114672.18088084755	3000.0	2171.2617419445432	0.0	0	0.0	2843.4426227921795	1	0	1.0	2.14914088407282
115904.70564924486	3000.0	1938.7369735472064	0.0	0	0.0	2843.4426227921795	1	0	1.0	2.14914088407282
116751.92738796539	3000.0	2091.515234826671	0.0	0	0.0	2843.4426227921795	1	0	1.0	2.14914088407282
118158.18297622286	3000.0	1685.2596465692	0.0	0	0.0	2843.442622792165	1	0	1.0	2.149140884072822
119400.22125824599	3000.0	1443.2213645460874	0.0	0	0.0	2843.442622792165	1	0	1.0	2.149140884072822
120168.97767131288	2000.0	1674.464951479201	0.0	0	0.0	2843.442622792165	1	0	1.0	1.3382106678564927
121036.06816398453	2000.0	1807.3744588075463	0.0	0	0.0	2843.442622792165	1	0	1.0	1.7436757759646573
121969.19868733459	2000.0	1874.2439354574803	0.0	0	0.0	2843.442622792165	1	0	1.0	1.7436757759646573
122882.81871690133	2000.0	1960.6239058907438	0.0	0	0.0	2843.442622792165	1	0	1.0	1.7436757759646573
123863.38687218133	2000.0	1980.0557506107484	0.0	0	0.0	2843.442622792165	1	0	1.0	1.7436757759646573
124690.16177650538	2000.0	2153.280846286704	0.0	0	0.0	2843.442622792165	1	0	1.0	1.7436757759646573
125693.74363295484	2000.0	2149.6989898372367	0.0	0	0.0	2843.442622792165	1	0	1.0	1.7436757759646573
126378.96804771174	2000.0	2464.4745750803263	0.0	0	0.0	2843.442622792165	1	0	1.0	1.7436757759646573
127734.74428113348	3000.0	2108.698341658581	0.0	0	0.0	2843.442622792165	1	0	1.0	1.7436757759646575
128577.02584517308	2000.0	2266.4167776189875	0.0	0	0.0	2843.442622792165	1	0	1.0	1.3382106678564927
129242.05305425834	2000.0	2601.3895685337357	0.0	0	0.0	2843.442622792165	1	0	1.0	1.7436757759646573
130547.37081092078	3000.0	2296.0718118712957	0.0	0	0.0	2843.442622792165	1	0	1.0	1.7436757759646575
131334.54883532843	2000.0	2508.893787463625	0.0	0	0.0	2843.442622792136	1	0	1.0	1.3382106678564953
132255.81185133554	3000.0	2587.6307714565332	0.0	0	0.0	2843.4426227921504	1	0	1.0	1.7436757759646606
133252.2637348744	3000.0	2591.178887917687	0.0	0	0.0	2843.4426227921795	1	0	1.0	2.1491408840728217
134200.0	3000.0	2643.4426227921	0.0	0	129.37882590855588	2843.4426227922086	1	0	1.0	2.149140884072817
135462.90722231247	3000.0	2380.5354004796463	0.0	0	0.0	2843.4426227922377	1	0	1.0	2.1491408840728106
136766.66155105337	3000.0	2076.7810717387324	0.0	0	0.0	2843.4426227922086	1	0	1.0	2.149140884072815
137803.46866444012	3000.0	2039.9739583519931	0.0	0	0.0	2843.4426227922086	1	0	1.0	2.149140884072815
138858.0010788464	3000.0	1985.4415439456855	0.0	0	0.0	2843.4426227922377	1	0	1.0	2.1491408840728106
139795.92291390276	3000.0	2047.5197088893203	0.0	0	0.0	2843.4426227922377	1	0	1.0	2.1491408840728106
140783.85183048758	3000.0	2059.5907923045133	0.0	0	0.0	2843.442622792267	1	0	1.0	2.149140884072806
141571.08532859143	3000.0	2272.35729420068	0.0	0	0.0	2843.442622792296	1	0	1.0	2.1491408840728017
142237.39170719005	3000.0	2606.0509156020635	0.0	0	0.0	2843.442622792296	1	0	1.0	2.1491408840728017
143200.0	3000.0	2643.442622792122	0.0	0	63.05763811280485	2843.442622792296	1	0	1.0	2.1491408840728017
144200.0	3000.0	2643.442622792127	0.0	0	472.4823480442574	2843.442622792267	1	0	1.0	2.149140884072806
145359.73058509073	3000.0	2483.712037701414	0.0	0	0.0	2843.442622792267	1	0	1.0	2.149140884072806
146902.162692761	3000.0	1941.2799300311651	0.0	0	0.0	2843.442622792267	1	0	1.0	2.149140884072806
148463.59476668158	3000.0	1379.8478561106274	0.0	0	0.0	2843.442622792296	1	0	1.0	2.1491408840728017
149331.42459032577	3000.0	1512.0180324664218	0.0	0	0.0	2843.442622792296	1	0	1.0	2.1491408840728017
150040.95946874487	2000.0	1802.4831540472926	0.0	0	0.0	2843.442622792296	1	0	1.0	1.3382106678564722
150915.95934270628	2000.0	1927.4832800858958	0.0	0	0.0	2843.442622792296	1	0	1.0	1.7436757759646369
151703.79210523152	2000.0	2139.650517560638	0.0	0	0.0	2843.442622792267	1	0	1.0	1.7436757759646415
152554.2326620594	3000.0	2289.209960732797	0.0	0	0.0	2843.442622792267	1	0	1.0	1.7436757759646415
153543.23177372696	3000.0	2300.210849065203	0.0	0	0.0	2843.442622792267	1	0	1.0	2.149140884072806
154200.0	3000.0	2643.4426227921945	0.0	0	26.42649261522456	2843.442622792267	1	0	1.0	2.149140884072806
155200.0	3000.0	2643.4426227921895	0.0	0	171.59182070093811	2843.442622792267	1	0	1.0	2.149140884072806
156202.2955841497	3000.0	2641.1470386424935	0.0	0	0.0	2843.442622792267	1	0	1.0	2.149140884072806
157200.0	3000.0	2643.4426227922004	0.0	0	27.339642940089107	2843.442622792267	1	0	1.0	2.149140884072807
158506.39766734277	3000.0	2337.044955449405	0.0	0	0.0	2843.442622792267	1	0	1.0	2.149140884072806
159860.451923559	3000.0	1982.9906992331669	0.0	0	0.0	2843.442622792267	1	0	1.0	2.149140884072806
160525.32547541088	3000.0	2318.117147381326	0.0	0	0.0	2843.442622792267	1	0	1.0	2.149140884072806
161203.17574164906	3000.0	2640.266881143133	0.0	0	0.0	2843.4426227922377	1	0	1.0	2.1491408840728106
162200.0	3000.0	2643.4426227922136	0.0	0	329.10696222045226	2843.4426227922377	1	0	1.0	2.1491408840728106
163200.0	3000.0	2643.44262279223	0.0	0	189.82414537348086	2843.4426227922377	1	0	1.0	2.1491408840728106
164200.0	3000.0	2643.4426227922154	0.0	0	80.67258857621346	2843.4426227922377	1	0	1.0	2.1491408840728106
165335.36448609582	3000.0	2508.078136696375	0.0	0	0.0	2843.4426227922377	1	0	1.0	2.1491408840728106
166287.4317617717	3000.0	2556.0108610205093	0.0	0	0.0	2843.4426227922377	1	0	1.0	2.1491408840728106
167829.61482498312	3000.0	2013.8277978090873	0.0	0	0.0	2843.4426227922377	1	0	1.0	2.149140884072807
169197.22077931865	3000.0	1646.221843473571	0.0	0	0.0	2843.4426227922377	1	0	1.0	2.1491408840728106
170131.4117033742	2000.0	1712.0309194179963	0.0	0	0.0	2843.4426227922377	1	0	1.0	1.3382106678564814
170807.84162073935	2000.0	2035.6010020528765	0.0	0	0.0	2843.4426227922086	1	0	1.0	1.7436757759646504
171692.29575166735	3000.0	2151.146871124888	0.0	0	0.0	2843.442622792267	1	0	1.0	1.743675775964645
172320.73993962473	3000.0	2522.702683167489	0.0	0	0.0	2843.442622792267	1	0	1.0	2.149140884072806
173201.4896208019	3000.0	2641.953001990335	0.0	0	0.0	2843.442622792267	1	0	1.0	2.149140884072806
174538.1191783872	3000.0	2305.3234444050513	0.0	0	0.0	2843.442622792267	1	0	1.0	2.149140884072806
176202.9012162032	3000.0	1640.5414065890482	0.0	0	0.0	2843.442622792267	1	0	1.0	2.149140884072806
177872.8998943319	3000.0	970.542728460375	0.0	0	0.0	2843.442622792267	1	0	1.0	2.149140884072806
179047.94922597092	3000.0	795.4933968213759	0.0	0	0.0	2843.442622792267	1	0	1.0	2.149140884072806
179564.03540474796	2000.0	1279.4072180443397	0.0	0	0.0	2843.442622792267	1	0	1.0	1.338210667856477
180635.17905504222	2000.0	1208.263567750092	0.0	0	0.0	2843.442622792267	1	0	1.0	1.7436757759646415
181620.56098960183	2000.0	1222.8816331905064	0.0	0	0.0	2843.442622792267	1	0	1.0	1.7436757759646415
182810.56996783352	2000.0	1032.8726549588387	0.0	0	0.0	2843.4426227922377	1	0	1.0	1.7436757759646433
183618.85282151427	2000.0	1224.5898012780585	0.0	0	0.0	2843.4426227922377	1	0	1.0	1.743675775964646
184066.33531270767	2000.0	1777.1073100846936	0.0	0	0.0	2843.4426227922377	1	0	1.0	1.743675775964646
184850.16793478924	3000.0	1993.2746880031332	0.0	0	0.0	2843.4426227922377	1	0	1.0	1.7436757759646462
185412.63964988594	3000.0	2430.8029729063983	0.0	0	0.0	2843.4426227922377	1	0	1.0	2.1491408840728106
186200.0	3000.0	2643.44262279234	0.0	0	129.64368412201293	2843.4426227922377	1	0	1.0	2.1491408840728106
187200.0	3000.0	2643.44262279235	0.0	0	355.8323561422585	2843.4426227922377	1	0	1.0	2.1491408840728106
188481.99233981792	6000.0	2361.4502829744097	0.0	0	0.0	2843.4426227922377	1	0	1.0	2.1491408840728106
189544.33996173833	6000.0	2299.1026610540057	0.0	0	0.0	2843.4426227922377	1	0	1.0	2.842288064632755
192726.29813114618	6000.0	200.0	82.85550835386886	0	0.0	2926.298131146177	1	0	1.0	2.342457830391658
194053.3150643642	3000.0	344.5861637479041	471.60309696592697	0	0.0	3397.9012281120813	1	0	1.0	-1.4863040528853602
194617.48682518187	2000.0	780.4144029302576	0.0	0	0.0	3397.901228112052	1	0	1.0	1.225531493253828
195870.41499785628	2000.0	527.4862302558905	0.0	0	0.0	3397.901228112052	1	0	1.0	1.6309966013619925
197293.35159042655	2000.0	340.31732251207507	235.76768482647606	0	0.0	3633.668912938534	1	0	1.0	0.14929871113852733
198187.79656964782	2000.0	567.8959997700276	122.02365647920206	0	0.0	3755.692569417821	1	0	1.0	0.791502032230269
198951.68011792056	2000.0	804.0124514972917	0.0	0	0.0	3755.692569417821	1	0	1.0	1.5236439711054814
199438.53966662494	2000.0	1317.1529027928739	0.0	0	0.0	3755.692569417821	1	0	1.0	1.5236439711054814
200368.4207579578	2000.0	1387.2718114600293	0.0	0	0.0	3755.6925694177917	1	0	1.0	1.5236439711054914
202246.1093132797	2000.0	509.58325613811564	0.0	0	0.0	3755.692569417821	1	0	1.0	1.5236439711054814
203184.69266423723	2000.0	570.9999051806265	0.0	0	0.0	3755.69256941785	1	0	1.0	1.523643971105471
203978.22576432786	2000.0	777.46680509	0.0	0	0.0	3755.692569417821	1	0	1.0	1.5236439711054814
205070.34474886066	2000.0	685.3478205572031	0.0	0	0.0	3755.692569417821	1	0	1.0	1.5236439711054814
205981.4462872891	2000.0	774.2462821287894	0.0	0	0.0	3755.692569417821	1	0	1.0	1.5236439711054814
206874.4475014392	2000.0	881.2450679786688	0.0	0	0.0	3755.6925694177917	1	0	1.0	1.5236439711054854
207676.29571398956	2000.0	1079.3968554283156	0.0	0	0.0	3755.6925694177917	1	0	1.0	1.5236439711054914
209354.4460503524	2000.0	401.2465190654927	0.0	0	0.0	3755.6925694177626	1	0	1.0	1.5236439711054954
210901.22938130854	2000.0	226.58959457212111	372.12640646277106	0	0.0	4127.818975880538	1	0	1.0	-0.8589062073181939
211964.06335252943	2000.0	527.3673496777342	363.6117263264857	0	0.0	4491.430702207057	1	0	1.0	-0.9992635601991373
212850.1055860582	2000.0	641.3251161489653	0.0	0	0.0	1491.430702207057	1	0	1.0	-7.1365663857325705
213506.57103831397	2000.0	984.8596638931945	0.0	0	0.0	1491.430702207057	1	0	1.0	1.8634336142674293
214295.81711824515	2000.0	1195.613583961987	0.0	0	0.0	1491.430702207057	1	0	1.0	1.8634336142674293
215200.0	2000.0	1291.430702207148	0.0	0	283.84560510056326	1491.4307022070861	1	0	1.0	1.863433614267428
216200.0	3000.0	1291.4307022071341	0.0	0	192.63204548411886	1491.4307022071152	1	0	1.0	1.8634336142674275
217415.03812498852	3000.0	1076.3925772185935	0.0	0	0.0	1491.4307022071152	1	0	1.0	2.2688987223755914
218396.7192889827	3000.0	1094.7114132244078	0.0	0	0.0	1491.4307022071152	1	0	1.0	2.2688987223755914
219200.0	3000.0	1291.4307022071346	0.0	0	148.58018576193717	1491.4307022071443	1	0	1.0	2.26889872237559
220200.0	3000.0	1291.430702207155	0.0	0	489.58006395742996	1491.4307022071443	1	0	1.0	2.26889872237559
221200.0	3000.0	1291.4307022071396	0.0	0	366.9492331800575	1491.4307022071443	1	0	1.0	2.26889872237559
222724.4659468186	3000.0	766.9647553885212	0.0	0	0.0	1491.4307022071152	1	0	1.0	2.2688987223755914
223938.28101640652	2000.0	553.1496858005795	0.0	0	0.0	1491.4307022071152	1	0	1.0	1.4579685061592622
225073.15953979793	2000.0	418.2711624091589	0.0	0	0.0	1491.4307022071443	1	0	1.0	1.8634336142674262
226007.49821213388	2000.0	609.1925958372333	125.26010576403303	0	0.0	1616.690807971172	1	0	1.0	1.1061296420082225
227139.94245912478	2000.0	476.74834884633844	0.0	0	0.0	1616.690807971172	1	0	1.0	1.8576902765924208
228154.94009891638	2000.0	526.8174857455509	65.06677669080574	0	0.0	1681.757584661973	1	0	1.0	1.4640174017617267
229422.86331058768	2000.0	263.0824011810755	4.188127106856314	0	0.0	1685.9457117688144	1	0	1.0	1.8290714877956102
230384.58566690705	2000.0	509.3873614917413	208.02731663005656	0	0.0	1893.9730283988174	1	0	1.0	0.5940220669108961
231315.53320959857	2000.0	578.4398188002324	0.0	0	0.0	1893.9730283988174	1	0	1.0	1.8421859666912355
232146.71922256547	2000.0	747.2538058333352	0.0	0	0.0	1893.9730283988174	1	0	1.0	1.8421859666912355
233476.86534527244	2000.0	417.10768312635855	0.0	0	0.0	1893.9730283987883	1	0	1.0	1.842185966691237
234418.14043664784	2000.0	536.3925766605078	60.559984909541015	0	0.0	1954.5330133083335	1	0	1.0	1.4748485888789604
235224.57237845854	2000.0	729.9606348498339	0.0	0	0.0	1954.5330133083626	1	0	1.0	1.8382084983362044
236052.17397022853	2000.0	902.3590430798404	0.0	0	0.0	1954.5330133083626	1	0	1.0	1.8382084983362044
236848.87582360746	2000.0	1105.6571897009067	0.0	0	0.0	1954.5330133083626	1	0	1.0	1.8382084983362044
237825.76725906355	2000.0	1128.7657542448255	0.0	0	0.0	1954.5330133083335	1	0	1.0	1.838208498336205
238816.8744411495	2000.0	1137.6585721588824	0.0	0	0.0	1954.5330133083044	1	0	1.0	1.8382084983362066
239721.7121834565	2000.0	1232.8208298519319	0.0	0	0.0	1954.5330133083044	1	0	1.0	1.8382084983362081
240390.3089732315	2000.0	1564.224040076911	0.0	0	0.0	1954.5330133083044	1	0	1.0	1.8382084983362081
241401.96860484625	2000.0	1552.5644084621647	0.0	0	0.0	1954.5330133083335	1	0	1.0	1.8382084983362064
242412.03103196307	2000.0	1542.5019813453684	0.0	0	0.0	1954.5330133083335	1	0	1.0	1.8382084983362064
243240.53909782434	2000.0	1713.9939154840965	0.0	0	0.0	1954.5330133083335	1	0	1.0	1.8382084983362064
244234.1410931283	2000.0	1720.3919201800973	0.0	0	0.0	1954.5330133083044	1	0	1.0	1.8382084983362081
245200.0	2000.0	1754.5330133083987	0.0	0	53.99588050140301	1954.5330133083044	1	0	1.0	1.8382084983362081
246200.0	2000.0	1754.5330133083912	0.0	0	421.4782205716183	1954.5330133082753	1	0	1.0	1.8382084983362101
247200.0	2000.0	1754.5330133083976	0.0	0	309.5958567824855	1954.5330133082753	1	0	1.0	1.8382084983362101
248200.0	2000.0	1754.5330133084192	0.0	0	156.39222381421132	1954.5330133082753	1	0	1.0	1.8382084983362101
249200.0	2000.0	1754.5330133084244	0.0	0	316.141885361023	1954.5330133082462	1	0	1.0	1.8382084983362115
250200.0	2000.0	1754.5330133084128	0.0	0	247.35739117558114	1954.5330133082753	1	0	1.0	1.8382084983362108
251200.0	2000.0	1754.5330133084358	0.0	0	156.86637470073765	1954.5330133082753	1	0	1.0	1.8382084983362101
252200.0	2000.0	1754.5330133084371	0.0	0	28.53211570312851	1954.5330133082753	1	0	1.0	1.8382084983362101
253200.0	2000.0	1754.5330133084578	0.0	0	137.51927568527753	1954.5330133083044	1	0	1.0	1.8382084983362081
254200.0	2000.0	1754.5330133084694	0.0	0	158.17845282278722	1954.5330133083044	1	0	1.0	1.8382084983362081
255200.0	2000.0	1754.53301330849	0.0	0	348.0565732359246	1954.5330133083335	1	0	1.0	1.8382084983362064
256246.43038783316	2000.0	1708.1026254753483	0.0	0	0.0	1954.5330133083335	1	0	1.0	1.8382084983362064
257200.0	2000.0	1754.533013308512	0.0	0	328.93745249765925	1954.5330133083917	1	0	1.0	1.8382084983362033
258200.0	2000.0	1754.5330133085197	0.0	0	220.13920263305772	1954.5330133084208	1	0	1.0	1.8382084983362004
259205.80864883156	2000.0	1748.7243644769217	0.0	0	0.0	1954.5330133084208	1	0	1.0	1.8382084983362004
260200.0	2000.0	1754.5330133084854	0.0	0	275.68021264940035	1954.5330133083917	1	0	1.0	1.8382084983362015
261200.0	2000.0	1754.533013308456	0.0	0	281.30975782094174	1954.5330133083626	1	0	1.0	1.8382084983362044
262200.0	2000.0	1754.5330133084658	0.0	0	394.9520128898439	1954.5330133083626	1	0	1.0	1.8382084983362044
263200.0	2000.0	1754.533013308426	0.0	0	289.02399691048777	1954.5330133083044	1	0	1.0	1.8382084983362053
264200.0	2000.0	1754.5330133084021	0.0	0	189.11013912258204	1954.533013308188	1	0	1.0	1.8382084983362121
265200.0	2000.0	1754.5330133084062	0.0	0	240.29768512875307	1954.5330133082462	1	0	1.0	1.8382084983362121
266521.1553467159	3000.0	1433.377666592585	0.0	0	0.0	1954.5330133082462	1	0	1.0	1.8382084983362121
267200.0	2000.0	1754.5330133084665	0.0	0	128.87233920802828	1954.5330133082462	1	0	1.0	1.4327433902280475
268437.10618796333	3000.0	1517.4268253451291	0.0	0	0.0	1954.5330133083044	1	0	1.0	1.8382084983362084
269449.79351313895	3000.0	1504.7395001695086	0.0	0	0.0	1954.5330133083044	1	0	1.0	2.243673606444373
270212.86532794026	2000.0	1741.6676853682225	0.0	0	0.0	1954.5330133083044	1	0	1.0	1.4327433902280435
271200.0	2000.0	1754.5330133084105	0.0	0	251.910616084293	1954.5330133082462	1	0	1.0	1.8382084983362121
272225.98021809827	2000.0	1728.5527952101313	0.0	0	0.0	1954.533013308188	1	0	1.0	1.8382084983362161
273200.0	2000.0	1754.533013308393	0.0	0	179.67319461423904	1954.533013308188	1	0	1.0	1.8382084983362161
274200.0	2000.0	1754.5330133084174	0.0	0	202.55652284878306	1954.5330133082462	1	0	1.0	1.838208498336214
275200.0	2000.0	1754.5330133083428	0.0	0	419.8688097904087	1954.5330133082462	1	0	1.0	1.8382084983362121
276200.0	2000.0	1754.5330133083492	0.0	0	45.51079988863785	1954.5330133082462	1	0	1.0	1.8382084983362121
277200.0	2000.0	1754.5330133083603	0.0	0	54.03420540940715	1954.5330133083044	1	0	1.0	1.8382084983362088
278200.0	2000.0	1754.5330133084024	0.0	0	206.489005090727	1954.5330133083044	1	0	1.0	1.8382084983362081
279200.0	2000.0	1754.533013308393	0.0	0	232.24204748676857	1954.5330133083626	1	0	1.0	1.8382084983362053
280200.0	2000.0	1754.53301330846	0.0	0	310.57445700408425	1954.5330133084208	1	0	1.0	1.838208498336202
281200.0	2000.0	1754.5330133084701	0.0	0	178.8787688933662	1954.5330133084208	1	0	1.0	1.8382084983362004
282200.0	2000.0	1754.533013308467	0.0	0	427.89028758497443	1954.5330133083626	1	0	1.0	1.8382084983362044
283200.0	2000.0	1754.533013308513	0.0	0	238.7070293118013	1954.5330133083626	1	0	1.0	1.8382084983362044
284200.0	2000.0	1754.5330133085597	0.0	0	251.63974778959528	1954.5330133083626	1	0	1.0	1.8382084983362044
285421.1229767663	3000.0	1533.4100365421496	0.0	0	0.0	1954.5330133083626	1	0	1.0	1.8382084983362046
286200.0	2000.0	1754.5330133085076	0.0	0	112.14630093018059	1954.5330133083626	1	0	1.0	1.4327433902280398
287346.0042308276	3000.0	1608.5287824808702	0.0	0	0.0	1954.5330133083626	1	0	1.0	1.8382084983362046
288445.4992584183	3000.0	1509.0337548902253	0.0	0	0.0	1954.5330133083626	1	0	1.0	2.243673606444369
289239.0903102016	2000.0	1715.4427031069101	0.0	0	0.0	1954.5330133083044	1	0	1.0	1.4327433902280435
290200.0	3000.0	1754.5330133084356	0.0	0	54.75495801406214	1954.5330133083044	1	0	1.0	1.8382084983362084
291200.0	3000.0	1754.5330133084622	0.0	0	105.81882891990244	1954.5330133083626	1	0	1.0	2.243673606444369
292200.0	3000.0	1754.5330133084426	0.0	0	64.90161518158857	1954.5330133083626	1	0	1.0	2.243673606444369
293200.0	3000.0	1754.5330133084626	0.0	0	453.01127285626717	1954.5330133083626	1	0	1.0	2.243673606444369
294200.0	3000.0	1754.5330133084526	0.0	0	248.79739258700283	1954.5330133083044	1	0	1.0	2.243673606444373
295929.36997658823	3000.0	1025.1630367201674	0.0	0	0.0	1954.5330133082462	1	0	1.0	2.2436736064443767
297518.03540482157	3000.0	436.49760848681086	0.0	0	0.0	1954.533013308188	1	0	1.0	2.243673606444381
298217.8165381196	2000.0	736.7164751888223	0.0	0	0.0	1954.533013308188	1	0	1.0	1.4327433902280515
298973.3121994664	2000.0	981.2208138420394	0.0	0	0.0	1954.533013308188	1	0	1.0	1.8382084983362161
299889.308612151	2000.0	1065.2244011574076	0.0	0	0.0	1954.533013308188	1	0	1.0	1.8382084983362161
300683.3223729701	2000.0	1271.2106403383814	0.0	0	0.0	1954.533013308188	1	0	1.0	1.8382084983362161
301402.4286602382	2000.0	1552.1043530702793	0.0	0	0.0	1954.533013308188	1	0	1.0	1.8382084983362161
302200.0	2000.0	1754.5330133085192	0.0	0	222.37861540023005	1954.533013308188	1	0	1.0	1.8382084983362161
303200.0	3000.0	1754.5330133085122	0.0	0	18.081313906935975	1954.533013308188	1	0	1.0	1.8382084983362164
304200.0	3000.0	1754.5330133084747	0.0	0	58.54332277458161	1954.5330133081297	1	0	1.0	2.2436736064443847
305303.74984901893	3000.0	1650.7831642895585	0.0	0	0.0	1954.5330133081297	1	0	1.0	2.2436736064443847
306516.2639821555	3000.0	1438.2690311530755	0.0	0	0.0	1954.5330133081297	1	0	1.0	2.2436736064443847
3.2479069767441864	3.403906976744186	3.787906976744186	4.471906976744187	2.911906976744186	2.371906976744186	1.903906976744186	2.863906976744186	3.871906976744186	4.8199069767441864	4.315906976744186	2.5639069767441858	3.583906976744186	3.007906976744186	2.263906976744186	2.431906976744186	2.971906976744186	2.635906976744186	2.695906976744186	3.187906976744186	4.411906976744186	4.3279069767441865	2.203906976744186	1.0759069767441858	2.479906976744186	2.215906976744186	2.887906976744186	3.331906976744186	1.6519069767441859	1.987906976744186	2.083906976744186	2.923906976744186	3.955906976744186	4.471906976744187	4.6999069767441854	5.263906976744186	5.503906976744185	4.063906976744185	1.3039069767441862	0.9439069767441861	1.6639069767441859	2.743906976744186	2.86	1.51	1.6	2.28	3.12	3.46	2.1	1.1	1.7	2.33	1.52	1.59	2.4	3.05	1.9	0.95	1.46	1.45	1.95	2.97	3.52	4.02	2.85	3.32	4.24	4.81	4.39	2.82	2.04	2.27	1.76	1.52	2.22	2.31	2.53	1.95	2.09	2.19	2.07	1.85	2.11	2.86	3.37	2.75432	2.72632	2.5783199999999997	2.73432	2.75032	2.6263199999999998	2.6303199999999998	2.68232	2.75032	2.7683199999999997	2.6843199999999996	2.79432	2.92832	2.65032	2.8203199999999997	2.7763199999999997	2.7963199999999997	2.5343199999999997	2.51232	2.5343199999999997	2.71832	2.78632	2.8243199999999997	2.8243199999999997	2.50432	2.70232	2.8223199999999995	3.0023199999999997	3.21032	2.96832	2.75032	2.72632	2.49232	2.5923199999999995	2.6223199999999998	2.72632	2.66632	2.6603199999999996	2.7763199999999997	2.66232	2.4423199999999996	2.5423199999999997	2.6223199999999998	2.8243199999999997	2.9583199999999996	2.95632	2.90032	2.8583199999999995	3.0343199999999997	3.06032	3.73	2.72	3.12	2.98	3.76	4.58	4.75	2.53	2.09	2.18	2.79	2.94	2.97	2.84	2.947906976744186	3.2479069767441864	3.403906976744186	3.787906976744186	4.471906976744187	2.911906976744186	2.371906976744186	1.903906976744186	2.863906976744186	3.871906976744186	4.8199069767441864	4.315906976744186	2.5639069767441858	3.583906976744186	3.007906976744186	2.263906976744186	2.431906976744186	2.971906976744186	2.635906976744186	2.695906976744186	3.187906976744186	4.411906976744186	4.3279069767441865	2.203906976744186	1.0759069767441858	2.479906976744186	2.215906976744186	2.887906976744186	3.331906976744186	1.6519069767441859	1.987906976744186	2.083906976744186	2.923906976744186	3.955906976744186	4.471906976744187	4.6999069767441854	5.263906976744186	5.503906976744185	4.063906976744185	1.3039069767441862	0.9439069767441861	1.6639069767441859	2.743906976744186	2.86	1.51	1.6	2.28	3.12	3.46	2.1	1.1	1.7	2.33	1.52	1.59	2.4	3.05	1.9	0.95	1.46	1.45	1.95	2.97	3.52	4.02	2.85	3.32	4.24	4.81	4.39	2.82	2.04	2.27	1.76	1.52	2.22	2.31	2.53	1.95	2.09	2.19	2.07	1.85	2.11	2.86	3.37	2.75432	2.72632	2.5783199999999997	2.73432	2.75032	2.6263199999999998	2.6303199999999998	2.68232	2.75032	2.7683199999999997	2.6843199999999996	2.79432	2.92832	2.65032	2.8203199999999997	2.7763199999999997	2.7963199999999997	2.5343199999999997	2.51232	2.5343199999999997	2.71832	2.78632	2.8243199999999997	2.8243199999999997	2.50432	2.70232	2.8223199999999995	3.0023199999999997	3.21032	2.96832	2.75032	2.72632	2.49232	2.5923199999999995	2.6223199999999998	2.72632	2.66632	2.6603199999999996	2.7763199999999997	2.66232	2.4423199999999996	2.5423199999999997	2.6223199999999998	2.8243199999999997	2.9583199999999996	2.95632	2.90032	2.8583199999999995	3.0343199999999997	3.06032	3.73	2.72	3.12	2.98	3.76	4.58	4.75	2.53	2.09	2.18	2.79	2.94	2.97	2.84	2.947906976744186	3.2479069767441864	3.403906976744186	3.787906976744186	4.471906976744187	2.911906976744186	2.371906976744186	1.903906976744186	2.863906976744186
1.0	2.0	3.0	4.0	5.0	6.0	7.0	8.0	9.0	10.0	11.0	12.0	13.0	14.0	15.0	16.0	17.0	18.0	19.0	20.0	21.0	22.0	23.0	24.0	25.0	26.0	27.0	28.0	29.0	30.0	31.0	32.0	33.0	34.0	35.0	36.0	37.0	38.0	39.0	40.0	41.0	42.0	43.0	44.0	45.0	46.0	47.0	48.0	49.0	50.0	51.0	52.0	53.0	54.0	55.0	56.0	57.0	58.0	59.0	60.0	61.0	62.0	63.0	64.0	65.0	66.0	67.0	68.0	69.0	70.0	71.0	72.0	73.0	74.0	75.0	76.0	77.0	78.0	79.0	80.0	81.0	82.0	83.0	84.0	85.0	86.0	87.0	88.0	89.0	90.0	91.0	92.0	93.0	94.0	95.0	96.0	97.0	98.0	99.0	100.0	101.0	102.0	103.0	104.0	105.0	106.0	107.0	108.0	109.0	110.0	111.0	112.0	113.0	114.0	115.0	116.0	117.0	118.0	119.0	120.0	121.0	122.0	123.0	124.0	125.0	126.0	127.0	128.0	129.0	130.0	131.0	132.0	133.0	134.0	135.0	136.0	137.0	138.0	139.0	140.0	141.0	142.0	143.0	144.0	145.0	146.0	147.0	148.0	149.0	149.0	150.0	151.0	152.0	153.0	154.0	155.0	156.0	157.0	158.0	159.0	160.0	161.0	162.0	163.0	164.0	165.0	166.0	167.0	168.0	169.0	170.0	171.0	172.0	173.0	174.0	175.0	176.0	177.0	178.0	179.0	180.0	181.0	182.0	183.0	184.0	185.0	186.0	187.0	188.0	189.0	190.0	191.0	192.0	193.0	194.0	195.0	196.0	197.0	198.0	199.0	200.0	201.0	202.0	203.0	204.0	205.0	206.0	207.0	208.0	209.0	210.0	211.0	212.0	213.0	214.0	215.0	216.0	217.0	218.0	219.0	220.0	221.0	222.0	223.0	224.0	225.0	226.0	227.0	228.0	229.0	230.0	231.0	232.0	233.0	234.0	235.0	236.0	237.0	238.0	239.0	240.0	241.0	242.0	243.0	244.0	245.0	246.0	247.0	248.0	249.0	250.0	251.0	252.0	253.0	254.0	255.0	256.0	257.0	258.0	259.0	260.0	261.0	262.0	263.0	264.0	265.0	266.0	267.0	268.0	269.0	270.0	271.0	272.0	273.0	274.0	275.0	276.0	277.0	278.0	279.0	280.0	281.0	282.0	283.0	284.0	285.0	286.0	287.0	288.0	289.0	290.0	291.0	292.0	293.0	294.0	295.0	296.0	297.0	298.0	298.0	299.0	300.0	301.0	302.0	303.0	304.0	305.0	306.0
2688.8070084909446
