2200.0	1000.0	1384.6773977177643	399.56925213015194	0	600.4307478698481	1584.6773977177643	0	0	tensor(3, device='cuda:0')	-2.4312467286338366
3200.0	1000.0	1910.20375602714	525.5263583093758	0	474.4736416906244	2110.20375602714	1	0	tensor(3, device='cuda:0')	-2.0096022875684074
4200.0	1000.0	1910.2037560271392	0.0	0	325.03679095737516	2110.203756027139	1	0	tensor(3, device='cuda:0')	1.1337044568418304
5200.0	1000.0	1910.2037560271397	0.0	0	171.35287787985544	2110.2037560271397	1	0	tensor(3, device='cuda:0')	1.1337044568418304
6200.0	1000.0	1910.2037560271401	0.0	0	556.0253733766103	2110.20375602714	1	0	tensor(3, device='cuda:0')	1.1337044568418304
7200.0	1000.0	1910.2037560271397	0.0	0	667.0319517713469	2110.20375602714	1	0	tensor(3, device='cuda:0')	1.1337044568418304
8200.0	1000.0	1910.2037560271401	0.0	0	578.4148573956645	2110.20375602714	1	0	tensor(3, device='cuda:0')	1.1337044568418304
9233.784029761635	3000.0	1773.0413232893432	0.0	0	0.0	2006.8253530509792	1	0	tensor(4, device='cuda:0')	0.7327031141745668
10510.783948126398	3000.0	1368.3414130881024	0.0	0	0.0	1879.1253612145028	1	0	tensor(4, device='cuda:0')	1.9904467456472212
12105.297074163136	2000.0	773.828287051364	0.0	0	0.0	1879.1253612145028	1	0	tensor(3, device='cuda:0')	1.2376609826842375
13341.502745874395	1000.0	537.6226153401062	0.0	0	0.0	1879.1253612145028	1	0	tensor(3, device='cuda:0')	0.4568317296725123
14268.929641812476	1000.0	610.195719402025	0.0	0	0.0	1879.1253612145028	1	0	tensor(3, device='cuda:0')	1.1499789102324574
14938.279567029864	1000.0	940.8457941846381	0.0	0	0.0	1879.1253612145028	1	0	tensor(3, device='cuda:0')	1.1499789102324574
15633.151472140618	1000.0	1245.9738890738834	0.0	0	0.0	1879.125361214501	1	0	tensor(3, device='cuda:0')	1.1499789102324576
16514.258100830622	1000.0	1364.8672603838793	0.0	0	0.0	1879.125361214501	1	0	tensor(3, device='cuda:0')	1.1499789102324576
17200.0	1000.0	1679.125361214501	0.0	0	143.7280224971728	1879.1253612144992	1	0	tensor(3, device='cuda:0')	1.1499789102324576
18200.0	1000.0	1679.125361214502	0.0	0	612.4492895519579	1879.125361214501	1	0	tensor(3, device='cuda:0')	1.1499789102324576
19394.769669107114	2000.0	1484.3556921073884	0.0	0	0.0	1879.125361214501	1	0	tensor(3, device='cuda:0')	1.1499789102324576
20265.41100894678	1000.0	1613.7143522677243	0.0	0	0.0	1879.1253612145047	1	0	tensor(3, device='cuda:0')	0.4568317296725121
21200.0	1000.0	1679.1253612145035	0.0	0	420.0259833168602	1879.1253612145047	1	0	tensor(3, device='cuda:0')	1.1499789102324574
22200.0	1000.0	1679.1253612145003	0.0	0	428.37105928482924	1879.1253612145047	1	0	tensor(3, device='cuda:0')	1.1499789102324574
23200.0	1000.0	1679.1253612145015	0.0	0	514.1779769884852	1879.1253612145083	1	0	tensor(3, device='cuda:0')	1.1499789102324571
24200.0	1000.0	1679.1253612145026	0.0	0	140.05819069444624	1879.125361214512	1	0	tensor(3, device='cuda:0')	1.149978910232457
25506.097480082757	1000.0	1373.0278811317435	0.0	0	0.0	1879.125361214512	1	0	tensor(3, device='cuda:0')	1.149978910232457
26388.449429031203	1000.0	1490.6759321832978	0.0	0	0.0	1879.125361214512	1	0	tensor(3, device='cuda:0')	1.149978910232457
27200.0	1000.0	1679.1253612145008	0.0	0	238.74692975934522	1879.125361214512	1	0	tensor(3, device='cuda:0')	1.149978910232457
28200.0	1000.0	1679.1253612145001	0.0	0	611.8962123106649	1879.125361214512	1	0	tensor(3, device='cuda:0')	1.149978910232457
29245.311007966415	2000.0	1633.814353248085	0.0	0	0.0	1879.125361214512	1	0	tensor(3, device='cuda:0')	1.1499789102324567
30200.0	1000.0	1679.1253612144985	0.0	0	448.4339698873373	1879.1253612145083	1	0	tensor(3, device='cuda:0')	0.45683172967251195
31200.0	1000.0	1679.1253612144978	0.0	0	404.2826038020248	1879.1253612145083	1	0	tensor(3, device='cuda:0')	1.1499789102324571
32200.0	2000.0	1679.1253612144985	0.0	0	104.39140065964602	1879.1253612145083	1	0	tensor(3, device='cuda:0')	1.149978910232457
33340.3650084152	2000.0	1538.760352799289	0.0	0	0.0	1879.125361214501	1	0	tensor(3, device='cuda:0')	1.8431260907924025
34337.02448149758	1000.0	1542.1008797169136	0.0	0	0.0	1879.1253612145083	1	0	tensor(3, device='cuda:0')	0.45683172967251207
35200.0	1000.0	1679.1253612144928	0.0	0	153.2870015960507	1879.1253612145083	1	0	tensor(3, device='cuda:0')	1.1499789102324571
36200.0	1000.0	1679.1253612144938	0.0	0	338.9343701343678	1879.1253612145083	1	0	tensor(3, device='cuda:0')	1.1499789102324571
37200.0	1000.0	1679.125361214497	0.0	0	489.7703754637623	1879.1253612145083	1	0	tensor(3, device='cuda:0')	1.1499789102324571
38200.0	1000.0	1679.1253612145047	0.0	0	507.06062734390434	1879.1253612145083	1	0	tensor(3, device='cuda:0')	1.1499789102324571
39200.0	2000.0	1679.1253612145015	0.0	0	266.6405988260958	1879.125361214501	1	0	tensor(3, device='cuda:0')	1.1499789102324576
40200.0	2000.0	1679.125361214515	0.0	0	298.135156120974	1879.1253612145083	1	0	tensor(3, device='cuda:0')	1.843126090792402
41200.0	2000.0	1679.1253612145179	0.0	0	112.31305295938364	1879.1253612145083	1	0	tensor(3, device='cuda:0')	1.843126090792402
42200.0	2000.0	1679.1253612145167	0.0	0	242.72256580934481	1879.1253612145156	1	0	tensor(3, device='cuda:0')	1.8431260907924019
43228.49986906071	3000.0	1547.7755052477214	0.0	0	0.0	1776.2753743084322	1	0	tensor(4, device='cuda:0')	1.4421193083706858
44214.88032605102	3000.0	1462.7570025583823	0.0	0	0.0	1677.6373286094022	1	0	tensor(4, device='cuda:0')	2.0614903214329523
45200.0	3000.0	1379.1253612144958	0.0	0	269.0470347109367	1579.1253612145083	1	0	tensor(4, device='cuda:0')	2.0662358895362996
46200.0	3000.0	1279.1253612144883	0.0	0	268.758234629815	1479.125361214501	1	0	tensor(4, device='cuda:0')	2.0678477109537283
47200.0	3000.0	1179.125361214495	0.0	0	114.0389504803752	1379.1253612145083	1	0	tensor(4, device='cuda:0')	2.0722421153352233
48200.0	2000.0	1179.1253612144963	0.0	0	575.3352753823783	1379.1253612145083	1	0	tensor(3, device='cuda:0')	1.2625524936130297
49200.0	2000.0	1179.1253612145038	0.0	0	536.0347554692271	1379.1253612145083	1	0	tensor(3, device='cuda:0')	1.8680176017211945
50541.78673794161	6000.0	837.3386232728926	0.0	0	0.0	1379.1253612145083	1	0	tensor(3, device='cuda:0')	1.8680176017211945
51281.12926412351	3000.0	1024.0618444728107	0.0	0	0.0	1305.191108596322	1	0	tensor(4, device='cuda:0')	1.2345043654699215
52200.0	3000.0	1013.3040350086709	0.0	0	189.16554170411837	1213.3040350086667	1	0	tensor(4, device='cuda:0')	2.0944628452550744
53200.0	2000.0	1013.3040350086665	0.0	0	500.2917342719884	1213.3040350086667	1	0	tensor(3, device='cuda:0')	1.2684614186598586
54200.0	2000.0	1013.3040350086612	0.0	0	16.463033056665154	1213.304035008674	1	0	tensor(3, device='cuda:0')	1.8739265267680234
55200.0	2000.0	1013.304035008651	0.0	0	12.743226971462718	1213.3040350086667	1	0	tensor(3, device='cuda:0')	1.8739265267680234
56200.0	2000.0	1013.304035008641	0.0	0	96.526070376407	1213.3040350086667	1	0	tensor(3, device='cuda:0')	1.8739265267680234
57386.03045897948	2000.0	827.2735760291566	0.0	0	0.0	1213.3040350086667	1	0	tensor(3, device='cuda:0')	1.8739265267680234
58357.89251330749	2000.0	855.4115217011444	0.0	0	0.0	1213.3040350086667	1	0	tensor(3, device='cuda:0')	1.8739265267680234
59259.823095855405	2000.0	953.4809391532319	0.0	0	0.0	1213.3040350086667	1	0	tensor(3, device='cuda:0')	1.8739265267680234
60200.0	1000.0	1013.3040350086444	0.0	0	449.0530553907374	1213.3040350086667	1	0	tensor(3, device='cuda:0')	0.48763216564813316
61512.8569001923	2000.0	700.4471348163484	0.0	0	0.0	1213.3040350086667	1	0	tensor(3, device='cuda:0')	1.180779346208078
62226.74234147411	2000.0	986.5616935345357	0.0	0	0.0	1213.3040350086667	1	0	tensor(3, device='cuda:0')	1.8739265267680234
63200.0	2000.0	1013.3040350086458	0.0	0	73.76590955775464	1213.3040350086667	1	0	tensor(3, device='cuda:0')	1.8739265267680234
64318.23492741831	2000.0	895.0691075903347	0.0	0	0.0	1213.3040350086667	1	0	tensor(3, device='cuda:0')	1.8739265267680234
65359.80786356008	2000.0	853.4961714485562	0.0	0	0.0	1213.3040350086667	1	0	tensor(3, device='cuda:0')	1.8739265267680234
66265.55407870804	2000.0	947.7499563005955	0.0	0	0.0	1213.3040350086594	1	0	tensor(3, device='cuda:0')	1.8739265267680238
67200.0	2000.0	1013.3040350086296	0.0	0	236.60442723082087	1213.3040350086667	1	0	tensor(3, device='cuda:0')	1.8739265267680234
68200.0	2000.0	1013.304035008631	0.0	0	337.97998052818	1213.3040350086667	1	0	tensor(3, device='cuda:0')	1.8739265267680234
69200.0	2000.0	1013.304035008628	0.0	0	434.32197943437495	1213.3040350086667	1	0	tensor(3, device='cuda:0')	1.8739265267680234
70200.0	2000.0	1013.3040350086185	0.0	0	263.5524216558988	1213.3040350086667	1	0	tensor(3, device='cuda:0')	1.8739265267680234
71200.0	2000.0	1013.3040350086151	0.0	0	436.07403862943465	1213.3040350086667	1	0	tensor(3, device='cuda:0')	1.8739265267680234
72200.0	2000.0	1013.3040350086212	0.0	0	418.9454717956396	1213.3040350086667	1	0	tensor(3, device='cuda:0')	1.8739265267680234
73200.0	2000.0	1013.3040350086044	0.0	0	313.1202524984983	1213.3040350086521	1	0	tensor(3, device='cuda:0')	1.8739265267680238
74330.84368970976	2000.0	882.46034529885	0.0	0	0.0	1213.3040350086521	1	0	tensor(3, device='cuda:0')	1.8739265267680238
75546.09513655693	2000.0	667.2088984516649	0.0	0	0.0	1213.3040350086376	1	0	tensor(3, device='cuda:0')	1.8739265267680243
76200.0	1000.0	1013.3040350086078	0.0	0	66.91324490765692	1213.3040350086376	1	0	tensor(3, device='cuda:0')	0.4876321656481341
77261.09117174405	2000.0	952.2128632645642	0.0	0	0.0	1213.3040350086376	1	0	tensor(3, device='cuda:0')	1.1807793462080793
78200.0	2000.0	1013.3040350085921	0.0	0	247.0831166698481	1213.304035008623	1	0	tensor(3, device='cuda:0')	1.873926526768025
79202.98317988301	2000.0	1010.3208551255817	0.0	0	0.0	1213.304035008623	1	0	tensor(3, device='cuda:0')	1.873926526768025
80200.0	2000.0	1013.3040350085957	0.0	0	73.25131081457948	1213.304035008623	1	0	tensor(3, device='cuda:0')	1.873926526768025
81200.0	2000.0	1013.304035008575	0.0	0	273.116043284841	1213.304035008623	1	0	tensor(3, device='cuda:0')	1.873926526768025
82200.0	2000.0	1013.3040350085814	0.0	0	27.57706820993917	1213.304035008623	1	0	tensor(3, device='cuda:0')	1.873926526768025
83200.0	1000.0	1013.304035008588	0.0	0	363.23672556559904	1213.304035008623	1	0	tensor(3, device='cuda:0')	0.4876321656481345
84200.0	1000.0	1013.3040350085942	0.0	0	274.2425747842062	1213.304035008623	1	0	tensor(3, device='cuda:0')	1.1807793462080798
85200.0	1000.0	1013.3040350085903	0.0	0	292.71261493710335	1213.304035008623	1	0	tensor(3, device='cuda:0')	1.1807793462080798
86200.0	2000.0	1013.3040350086058	0.0	0	206.98074816334702	1213.304035008623	1	0	tensor(3, device='cuda:0')	1.1807793462080798
87200.0	2000.0	1013.3040350086183	0.0	0	107.94366901284957	1213.304035008623	1	0	tensor(3, device='cuda:0')	1.873926526768025
88200.0	2000.0	1013.3040350086244	0.0	0	374.4244004205684	1213.3040350086376	1	0	tensor(3, device='cuda:0')	1.8739265267680243
89200.0	2000.0	1013.3040350086371	0.0	0	169.31124151188124	1213.3040350086376	1	0	tensor(3, device='cuda:0')	1.8739265267680243
90200.0	2000.0	1013.304035008643	0.0	0	283.8030473795952	1213.3040350086376	1	0	tensor(3, device='cuda:0')	1.8739265267680243
91200.0	2000.0	1013.3040350086444	0.0	0	425.21637701698637	1213.304035008623	1	0	tensor(3, device='cuda:0')	1.873926526768025
92200.0	2000.0	1013.3040350086374	0.0	0	420.2002334429999	1213.304035008623	1	0	tensor(3, device='cuda:0')	1.873926526768025
93200.0	2000.0	1013.3040350086537	0.0	0	337.5389901879098	1213.304035008623	1	0	tensor(3, device='cuda:0')	1.873926526768025
94200.0	2000.0	1013.3040350086517	0.0	0	372.6758079971478	1213.304035008623	1	0	tensor(3, device='cuda:0')	1.873926526768025
95217.92288877486	2000.0	995.3811462337685	0.0	0	0.0	1213.3040350086085	1	0	tensor(3, device='cuda:0')	1.8739265267680252
96200.0	2000.0	1013.3040350086387	0.0	0	263.10623242984	1213.3040350086085	1	0	tensor(3, device='cuda:0')	1.8739265267680252
97200.0	2000.0	1013.3040350086344	0.0	0	348.0555336330435	1213.304035008623	1	0	tensor(3, device='cuda:0')	1.873926526768025
98200.0	2000.0	1013.3040350086308	0.0	0	173.02137720695464	1213.304035008623	1	0	tensor(3, device='cuda:0')	1.873926526768025
99295.36463052436	2000.0	917.9394044842722	0.0	0	0.0	1213.304035008623	1	0	tensor(3, device='cuda:0')	1.873926526768025
100371.15170825044	2000.0	842.152326758192	0.0	0	0.0	1213.304035008623	1	0	tensor(3, device='cuda:0')	1.873926526768025
101373.33766397969	2000.0	839.9663710289472	0.0	0	0.0	1213.3040350086376	1	0	tensor(3, device='cuda:0')	1.8739265267680243
102200.0	2000.0	1013.3040350086399	0.0	0	140.0001523882238	1213.304035008623	1	0	tensor(3, device='cuda:0')	1.873926526768025
103200.0	2000.0	1013.3040350086526	0.0	0	350.8654187420034	1213.304035008623	1	0	tensor(3, device='cuda:0')	1.873926526768025
104200.0	2000.0	1013.3040350086353	0.0	0	285.5965411678044	1213.304035008623	1	0	tensor(3, device='cuda:0')	1.873926526768025
105643.51871733204	2000.0	569.7853176765949	0.0	0	0.0	1213.3040350086376	1	0	tensor(3, device='cuda:0')	1.8739265267680243
107024.13823369086	2000.0	222.0763031596312	32.91050184184081	0	0.0	1246.2145368504862	1	0	tensor(3, device='cuda:0')	1.675366050545922
108250.21549852558	1000.0	302.8364217967802	306.8373834718466	0	0.0	1553.0519203223375	1	0	tensor(3, device='cuda:0')	-1.366622697905304
109399.37341137235	1000.0	498.48644867762954	344.8079397276046	0	0.0	1897.8598600499536	1	0	tensor(3, device='cuda:0')	-0.9200571975492258
110088.97052581029	1000.0	808.8893342396833	0.0	0	0.0	1897.8598600499681	1	0	tensor(3, device='cuda:0')	1.1487904408164011
110643.94777658577	1000.0	1253.9120834642038	0.0	0	0.0	1897.8598600499681	1	0	tensor(3, device='cuda:0')	1.1487904408164011
111345.43449169329	1000.0	1552.4253683566885	0.0	0	0.0	1897.8598600499681	1	0	tensor(3, device='cuda:0')	1.1487904408164011
112200.0	1000.0	1697.8598600499747	0.0	0	361.7779607022385	1897.8598600499681	1	0	tensor(3, device='cuda:0')	1.1487904408164011
113200.0	1000.0	1697.8598600499608	0.0	0	461.1013260260952	1897.8598600499536	1	0	tensor(3, device='cuda:0')	1.148790440816402
114200.0	1000.0	1697.8598600499522	0.0	0	315.0895775588724	1897.8598600499536	1	0	tensor(3, device='cuda:0')	1.148790440816402
115200.0	1000.0	1697.8598600499608	0.0	0	363.5466864127811	1897.8598600499536	1	0	tensor(3, device='cuda:0')	1.148790440816402
116200.0	1000.0	1697.8598600499465	0.0	0	484.5785351707891	1897.8598600499536	1	0	tensor(3, device='cuda:0')	1.148790440816402
117200.0	1000.0	1697.8598600499406	0.0	0	368.61200074145745	1897.8598600499536	1	0	tensor(3, device='cuda:0')	1.148790440816402
118200.0	1000.0	1697.8598600499386	0.0	0	415.7575092654879	1897.8598600499536	1	0	tensor(3, device='cuda:0')	1.148790440816402
119200.0	2000.0	1697.8598600499365	0.0	0	129.2950815895456	1897.8598600499536	1	0	tensor(3, device='cuda:0')	1.148790440816402
120200.0	2000.0	1697.8598600499392	0.0	0	261.0796335907653	1897.859860049939	1	0	tensor(3, device='cuda:0')	1.841937621376348
121434.18209096348	2000.0	1463.6777690864596	0.0	0	0.0	1897.859860049939	1	0	tensor(3, device='cuda:0')	1.841937621376348
122353.76979600104	1000.0	1544.090064048919	0.0	0	0.0	1897.859860049939	1	0	tensor(3, device='cuda:0')	0.45564326025645774
123469.35114856913	1000.0	1428.5087114808184	0.0	0	0.0	1897.8598600499245	1	0	tensor(3, device='cuda:0')	1.1487904408164038
124301.31423852273	1000.0	1596.5456215272095	0.0	0	0.0	1897.8598600499245	1	0	tensor(3, device='cuda:0')	1.1487904408164038
125200.0	1000.0	1697.8598600499136	0.0	0	15.655992598258308	1897.8598600499245	1	0	tensor(3, device='cuda:0')	1.1487904408164038
126200.0	1000.0	1697.8598600499085	0.0	0	309.14182539896865	1897.8598600499245	1	0	tensor(3, device='cuda:0')	1.1487904408164038
127200.0	1000.0	1697.8598600499186	0.0	0	493.9328951197531	1897.8598600499245	1	0	tensor(3, device='cuda:0')	1.1487904408164038
128200.0	1000.0	1697.8598600499174	0.0	0	515.1666601122997	1897.859860049939	1	0	tensor(3, device='cuda:0')	1.148790440816403
129200.0	1000.0	1697.859860049912	0.0	0	431.5497991941811	1897.859860049939	1	0	tensor(3, device='cuda:0')	1.148790440816403
130200.0	2000.0	1697.8598600499042	0.0	0	280.94808030217246	1897.859860049939	1	0	tensor(3, device='cuda:0')	1.148790440816403
131200.0	2000.0	1697.8598600499017	0.0	0	162.07489238756534	1897.8598600499245	1	0	tensor(3, device='cuda:0')	1.8419376213763483
132471.68480300938	3000.0	1299.0065767395802	0.0	0	0.0	1770.6913797489833	1	0	tensor(4, device='cuda:0')	1.393609901933095
133660.98962945992	3000.0	990.7712676440053	0.0	0	0.0	1651.7608971039008	1	0	tensor(4, device='cuda:0')	2.0220304099679227
134873.9073884198	3000.0	656.5617327882163	0.0	0	0.0	1530.469121208007	1	0	tensor(4, device='cuda:0')	2.0230725310120707
136031.48257323692	2000.0	498.9865479710756	0.0	0	0.0	1530.469121208007	1	0	tensor(3, device='cuda:0')	1.2562533357465184
136772.99695481712	2000.0	757.472166390871	0.0	0	0.0	1530.469121208007	1	0	tensor(3, device='cuda:0')	1.8617184438546832
137603.9686607883	2000.0	926.5004604197109	0.0	0	0.0	1530.469121208007	1	0	tensor(3, device='cuda:0')	1.8617184438546832
138369.62661154996	2000.0	1160.8425096580152	0.0	0	0.0	1530.469121208007	1	0	tensor(3, device='cuda:0')	1.8617184438546832
139312.58568591016	2000.0	1217.8834352978276	0.0	0	0.0	1530.469121208007	1	0	tensor(3, device='cuda:0')	1.8617184438546832
140200.0	2000.0	1330.4691212079567	0.0	0	311.22855729129515	1530.469121208007	1	0	tensor(3, device='cuda:0')	1.8617184438546832
141200.0	2000.0	1330.4691212079617	0.0	0	224.92899482417852	1530.469121208036	1	0	tensor(3, device='cuda:0')	1.8617184438546819
142200.0	2000.0	1330.4691212079329	0.0	0	390.28470276028384	1530.469121208036	1	0	tensor(3, device='cuda:0')	1.8617184438546819
143200.0	2000.0	1330.4691212079258	0.0	0	250.135448172834	1530.469121208036	1	0	tensor(3, device='cuda:0')	1.8617184438546819
144200.0	2000.0	1330.4691212079417	0.0	0	333.0079465318995	1530.469121208036	1	0	tensor(3, device='cuda:0')	1.8617184438546819
145366.8005214745	2000.0	1163.6685997334346	0.0	0	0.0	1530.469121208036	1	0	tensor(3, device='cuda:0')	1.8617184438546819
146772.66200805985	2000.0	757.8071131480799	0.0	0	0.0	1530.469121208036	1	0	tensor(3, device='cuda:0')	1.8617184438546819
147469.2109851137	1000.0	1061.2581360942306	0.0	0	0.0	1530.469121208036	1	0	tensor(3, device='cuda:0')	0.4754240827347916
148554.14513996433	2000.0	976.32398124361	0.0	0	0.0	1530.469121208036	1	0	tensor(3, device='cuda:0')	1.1685712632947367
149200.0	1000.0	1330.4691212079097	0.0	0	179.05416650383268	1530.469121208036	1	0	tensor(3, device='cuda:0')	0.4754240827347916
150200.0	1000.0	1330.46912120794	0.0	0	404.82526402550866	1530.469121208036	1	0	tensor(3, device='cuda:0')	1.1685712632947367
151200.0	1000.0	1330.4691212079201	0.0	0	464.22333825429087	1530.469121208036	1	0	tensor(3, device='cuda:0')	1.1685712632947367
152250.29988696313	1000.0	1280.1692342447695	0.0	0	0.0	1530.469121208036	1	0	tensor(3, device='cuda:0')	1.1685712632947367
153200.0	1000.0	1330.4691212079324	0.0	0	102.20156271441374	1530.469121208036	1	0	tensor(3, device='cuda:0')	1.1685712632947367
154200.0	1000.0	1330.469121207933	0.0	0	380.13902600482106	1530.469121208036	1	0	tensor(3, device='cuda:0')	1.1685712632947367
155200.0	2000.0	1330.4691212079315	0.0	0	169.6395285440085	1530.469121208036	1	0	tensor(3, device='cuda:0')	1.1685712632947367
156200.0	2000.0	1330.4691212079433	0.0	0	294.2453529057384	1530.469121208036	1	0	tensor(3, device='cuda:0')	1.8617184438546819
157719.36512780248	2000.0	811.1039934054879	0.0	0	0.0	1530.469121208036	1	0	tensor(3, device='cuda:0')	1.8617184438546819
158690.92153453513	1000.0	839.547586672845	0.0	0	0.0	1530.469121208036	1	0	tensor(3, device='cuda:0')	0.4754240827347916
159454.08425569217	1000.0	1076.3848655158235	0.0	0	0.0	1530.469121208007	1	0	tensor(3, device='cuda:0')	1.168571263294738
160200.0	1000.0	1330.4691212079838	0.0	0	322.49350708693964	1530.469121208007	1	0	tensor(3, device='cuda:0')	1.168571263294738
161200.0	1000.0	1330.4691212079827	0.0	0	446.37989215986454	1530.469121208007	1	0	tensor(3, device='cuda:0')	1.168571263294738
162200.0	2000.0	1330.4691212080047	0.0	0	100.55534997340874	1530.469121208007	1	0	tensor(3, device='cuda:0')	1.168571263294738
163200.0	2000.0	1330.4691212079938	0.0	0	209.60763022169704	1530.469121208007	1	0	tensor(3, device='cuda:0')	1.8617184438546832
164200.0	2000.0	1330.4691212080045	0.0	0	263.8278875385877	1530.469121208007	1	0	tensor(3, device='cuda:0')	1.8617184438546832
165200.0	2000.0	1330.4691212079583	0.0	0	354.49674866878195	1530.469121208007	1	0	tensor(3, device='cuda:0')	1.8617184438546832
166423.57551675613	2000.0	1106.8936044518266	0.0	0	0.0	1530.469121208007	1	0	tensor(3, device='cuda:0')	1.8617184438546832
167200.0	1000.0	1330.4691212079438	0.0	0	32.508888021460734	1530.469121208007	1	0	tensor(3, device='cuda:0')	0.47542408273479286
168200.0	1000.0	1330.469121207945	0.0	0	382.7977783664246	1530.469121208007	1	0	tensor(3, device='cuda:0')	1.168571263294738
169200.0	1000.0	1330.469121207954	0.0	0	342.1189965973317	1530.469121208007	1	0	tensor(3, device='cuda:0')	1.168571263294738
170200.0	1000.0	1330.4691212079713	0.0	0	212.13845048760413	1530.469121208007	1	0	tensor(3, device='cuda:0')	1.168571263294738
171200.0	1000.0	1330.4691212080033	0.0	0	275.86564957816154	1530.469121208007	1	0	tensor(3, device='cuda:0')	1.168571263294738
172200.0	1000.0	1330.469121207979	0.0	0	149.3038859348453	1530.469121208007	1	0	tensor(3, device='cuda:0')	1.168571263294738
173200.0	1000.0	1330.4691212079797	0.0	0	403.20512786728796	1530.469121208007	1	0	tensor(3, device='cuda:0')	1.168571263294738
174628.37828813092	2000.0	902.0908330771	0.0	0	0.0	1530.469121208036	1	0	tensor(3, device='cuda:0')	1.1685712632947367
175258.80748119383	1000.0	1271.6616400142134	0.0	0	0.0	1530.469121208036	1	0	tensor(3, device='cuda:0')	0.4754240827347916
176200.0	1000.0	1330.4691212080688	0.0	0	223.60783286110382	1530.4691212080652	1	0	tensor(3, device='cuda:0')	1.1685712632947354
177200.0	1000.0	1330.4691212080584	0.0	0	415.97833984997123	1530.4691212080652	1	0	tensor(3, device='cuda:0')	1.1685712632947354
178200.0	1000.0	1330.4691212080327	0.0	0	360.477835395548	1530.469121208036	1	0	tensor(3, device='cuda:0')	1.1685712632947367
179200.0	1000.0	1330.4691212080297	0.0	0	178.46174358026474	1530.469121208007	1	0	tensor(3, device='cuda:0')	1.168571263294738
180200.0	1000.0	1330.4691212080586	0.0	0	442.9295256520272	1530.469121208036	1	0	tensor(3, device='cuda:0')	1.1685712632947367
181452.67353994658	2000.0	1077.7955812614464	0.0	0	0.0	1530.469121208007	1	0	tensor(3, device='cuda:0')	1.168571263294738
182200.0	1000.0	1330.4691212080008	0.0	0	43.59551301121246	1530.469121208007	1	0	tensor(3, device='cuda:0')	0.47542408273479286
183200.0	2000.0	1330.4691212080102	0.0	0	287.9292152952694	1530.469121208007	1	0	tensor(3, device='cuda:0')	1.168571263294738
184200.0	2000.0	1330.4691212079986	0.0	0	20.874915936263278	1530.4691212079779	1	0	tensor(3, device='cuda:0')	1.8617184438546843
185200.0	2000.0	1330.4691212080133	0.0	0	77.05993302716524	1530.4691212079779	1	0	tensor(3, device='cuda:0')	1.8617184438546843
186200.0	2000.0	1330.4691212079908	0.0	0	165.5768363175157	1530.4691212079488	1	0	tensor(3, device='cuda:0')	1.8617184438546857
187200.0	2000.0	1330.4691212079802	0.0	0	520.6628928595164	1530.4691212079488	1	0	tensor(3, device='cuda:0')	1.8617184438546857
188200.0	2000.0	1330.4691212079877	0.0	0	168.77386947112973	1530.4691212079488	1	0	tensor(3, device='cuda:0')	1.8617184438546857
189200.0	2000.0	1330.4691212079813	0.0	0	385.9543660445488	1530.4691212079488	1	0	tensor(3, device='cuda:0')	1.8617184438546857
190200.0	2000.0	1330.4691212080224	0.0	0	267.0249954875326	1530.4691212079488	1	0	tensor(3, device='cuda:0')	1.8617184438546857
191292.78135653728	2000.0	1237.6877646707237	0.0	0	0.0	1530.4691212079488	1	0	tensor(3, device='cuda:0')	1.8617184438546857
192309.95788584126	2000.0	1220.511235366755	0.0	0	0.0	1530.4691212079779	1	0	tensor(3, device='cuda:0')	1.8617184438546843
193200.0	2000.0	1330.469121208046	0.0	0	130.14786780183204	1530.469121208007	1	0	tensor(3, device='cuda:0')	1.8617184438546832
194200.0	2000.0	1330.4691212080218	0.0	0	406.0016913381696	1530.4691212079779	1	0	tensor(3, device='cuda:0')	1.8617184438546843
195200.0	2000.0	1330.4691212080102	0.0	0	179.6650223992474	1530.4691212079779	1	0	tensor(3, device='cuda:0')	1.8617184438546843
196200.0	2000.0	1330.4691212080022	0.0	0	288.9525821573043	1530.4691212079779	1	0	tensor(3, device='cuda:0')	1.8617184438546843
197270.42094475118	2000.0	1260.0481764568235	0.0	0	0.0	1530.4691212079779	1	0	tensor(3, device='cuda:0')	1.8617184438546843
198276.64251508718	2000.0	1253.8266061207953	0.0	0	0.0	1530.4691212079779	1	0	tensor(3, device='cuda:0')	1.8617184438546843
199200.0	1000.0	1330.4691212079806	0.0	0	321.5817033306812	1530.4691212079779	1	0	tensor(3, device='cuda:0')	0.4754240827347942
200200.0	2000.0	1330.469121207977	0.0	0	165.59568869005307	1530.469121208007	1	0	tensor(3, device='cuda:0')	1.168571263294738
201200.0	2000.0	1330.4691212079824	0.0	0	260.46030081328354	1530.469121208007	1	0	tensor(3, device='cuda:0')	1.8617184438546832
202317.71201704876	2000.0	1212.7571041592246	0.0	0	0.0	1530.469121208007	1	0	tensor(3, device='cuda:0')	1.8617184438546832
203200.0	2000.0	1330.469121208002	0.0	0	104.96321559060016	1530.469121208007	1	0	tensor(3, device='cuda:0')	1.8617184438546832
204285.68789932667	2000.0	1244.7812218813044	0.0	0	0.0	1530.469121208007	1	0	tensor(3, device='cuda:0')	1.8617184438546832
205200.0	2000.0	1330.469121207968	0.0	0	109.34141556668328	1530.469121208007	1	0	tensor(3, device='cuda:0')	1.8617184438546832
206200.0	2000.0	1330.4691212079679	0.0	0	129.79732385961688	1530.4691212079779	1	0	tensor(3, device='cuda:0')	1.8617184438546843
208055.1016784176	2000.0	475.3674427903745	0.0	0	0.0	1530.4691212079779	1	0	tensor(3, device='cuda:0')	1.8617184438546843
208738.90415461868	1000.0	791.564966589288	0.0	0	0.0	1530.4691212079779	1	0	tensor(3, device='cuda:0')	0.4754240827347942
209302.77508621858	1000.0	1227.694034989365	0.0	0	0.0	1530.4691212079779	1	0	tensor(3, device='cuda:0')	1.1685712632947394
210200.0	1000.0	1330.4691212079363	0.0	0	498.47830312448787	1530.4691212079779	1	0	tensor(3, device='cuda:0')	1.1685712632947394
211318.11342621953	2000.0	1212.3556949883941	0.0	0	0.0	1530.469121208007	1	0	tensor(3, device='cuda:0')	1.168571263294738
212200.0	2000.0	1330.4691212079401	0.0	0	149.96297823503846	1530.469121208007	1	0	tensor(3, device='cuda:0')	1.8617184438546832
213359.3182177422	2000.0	1171.150903465751	0.0	0	0.0	1530.469121208007	1	0	tensor(3, device='cuda:0')	1.8617184438546832
214268.91106330702	2000.0	1261.5580579009043	0.0	0	0.0	1530.4691212079779	1	0	tensor(3, device='cuda:0')	1.8617184438546843
215200.0	2000.0	1330.469121207948	0.0	0	123.20671681436943	1530.4691212079779	1	0	tensor(3, device='cuda:0')	1.8617184438546843
216200.0	2000.0	1330.469121207937	0.0	0	54.1953466272098	1530.4691212079779	1	0	tensor(3, device='cuda:0')	1.8617184438546843
217200.0	2000.0	1330.4691212079504	0.0	0	338.8549233879603	1530.4691212079779	1	0	tensor(3, device='cuda:0')	1.8617184438546843
218200.0	2000.0	1330.4691212079356	0.0	0	93.74881989433197	1530.4691212079779	1	0	tensor(3, device='cuda:0')	1.8617184438546843
219200.0	2000.0	1330.4691212079456	0.0	0	293.9983209539496	1530.4691212079779	1	0	tensor(3, device='cuda:0')	1.8617184438546843
220694.25308120603	2000.0	836.2160400018774	0.0	0	0.0	1530.4691212079488	1	0	tensor(3, device='cuda:0')	1.8617184438546857
221297.15498348526	1000.0	1233.314137722644	0.0	0	0.0	1530.4691212079197	1	0	tensor(3, device='cuda:0')	0.47542408273479675
222200.0	1000.0	1330.469121207914	0.0	0	227.84808719024295	1530.4691212079197	1	0	tensor(3, device='cuda:0')	1.1685712632947418
223200.0	1000.0	1330.4691212078892	0.0	0	543.0796159709571	1530.4691212079197	1	0	tensor(3, device='cuda:0')	1.1685712632947418
224242.78875961792	2000.0	1287.680361589991	0.0	0	0.0	1530.4691212079197	1	0	tensor(3, device='cuda:0')	1.168571263294742
225200.0	2000.0	1330.4691212079144	0.0	0	85.01930256935884	1530.4691212079197	1	0	tensor(3, device='cuda:0')	1.8617184438546872
226371.8090879961	2000.0	1158.6600332118423	0.0	0	0.0	1530.4691212079488	1	0	tensor(3, device='cuda:0')	1.8617184438546857
227437.3531560034	2000.0	1093.115965204558	0.0	0	0.0	1530.4691212079197	1	0	tensor(3, device='cuda:0')	1.8617184438546872
228296.82222367203	2000.0	1233.64689753592	0.0	0	0.0	1530.4691212079197	1	0	tensor(3, device='cuda:0')	1.8617184438546872
229214.69282487044	2000.0	1315.7762963375224	0.0	0	0.0	1530.4691212079488	1	0	tensor(3, device='cuda:0')	1.8617184438546857
230200.0	2000.0	1330.469121207992	0.0	0	20.18778146142722	1530.4691212079488	1	0	tensor(3, device='cuda:0')	1.8617184438546857
231200.0	2000.0	1330.4691212080156	0.0	0	341.51959228975466	1530.4691212079488	1	0	tensor(3, device='cuda:0')	1.8617184438546857
232200.0	2000.0	1330.469121208012	0.0	0	121.0667826817371	1530.4691212079488	1	0	tensor(3, device='cuda:0')	1.8617184438546857
233200.0	2000.0	1330.4691212080213	0.0	0	400.7108657110948	1530.4691212079488	1	0	tensor(3, device='cuda:0')	1.8617184438546857
234200.0	2000.0	1330.4691212080345	0.0	0	428.8224522181263	1530.4691212079779	1	0	tensor(3, device='cuda:0')	1.8617184438546843
235200.0	2000.0	1330.469121208015	0.0	0	515.1856306002883	1530.4691212079779	1	0	tensor(3, device='cuda:0')	1.8617184438546843
236200.0	2000.0	1330.4691212080102	0.0	0	534.3474442256847	1530.4691212079779	1	0	tensor(3, device='cuda:0')	1.8617184438546843
237200.0	2000.0	1330.4691212080038	0.0	0	127.8515426387603	1530.4691212079779	1	0	tensor(3, device='cuda:0')	1.8617184438546843
238314.22647948808	2000.0	1216.242641719914	0.0	0	0.0	1530.4691212079779	1	0	tensor(3, device='cuda:0')	1.8617184438546843
239381.5706654791	2000.0	1148.8984557288463	0.0	0	0.0	1530.4691212079488	1	0	tensor(3, device='cuda:0')	1.8617184438546857
240326.76063309106	2000.0	1203.7084881169044	0.0	0	0.0	1530.4691212079779	1	0	tensor(3, device='cuda:0')	1.8617184438546843
241214.71421941806	2000.0	1315.7549017899196	0.0	0	0.0	1530.4691212079779	1	0	tensor(3, device='cuda:0')	1.8617184438546843
242218.64097828005	2000.0	1311.8281429279443	0.0	0	0.0	1530.4691212079779	1	0	tensor(3, device='cuda:0')	1.8617184438546843
243303.43530786553	2000.0	1227.0338133424984	0.0	0	0.0	1530.4691212079779	1	0	tensor(3, device='cuda:0')	1.8617184438546843
244200.0	2000.0	1330.4691212080259	0.0	0	180.0154984270339	1530.4691212079779	1	0	tensor(3, device='cuda:0')	1.8617184438546843
245238.113920888	2000.0	1292.3552003200466	0.0	0	0.0	1530.469121208007	1	0	tensor(3, device='cuda:0')	1.8617184438546832
246200.0	2000.0	1330.4691212080547	0.0	0	241.45862549904268	1530.469121208007	1	0	tensor(3, device='cuda:0')	1.8617184438546832
247694.27417044746	2000.0	836.1949507605585	0.0	0	0.0	1530.469121208007	1	0	tensor(3, device='cuda:0')	1.8617184438546832
248200.0	1000.0	1330.4691212080215	0.0	0	5.416271562397014	1530.469121208036	1	0	tensor(3, device='cuda:0')	0.4754240827347916
249420.79420271874	2000.0	1109.6749184892733	0.0	0	0.0	1530.469121208036	1	0	tensor(3, device='cuda:0')	1.1685712632947367
250372.72193752605	2000.0	1157.7471836819711	0.0	0	0.0	1530.469121208036	1	0	tensor(3, device='cuda:0')	1.8617184438546819
251303.59212681119	2000.0	1226.8769943968232	0.0	0	0.0	1530.469121208036	1	0	tensor(3, device='cuda:0')	1.8617184438546819
252200.0	2000.0	1330.469121207967	0.0	0	16.843908988928888	1530.469121208007	1	0	tensor(3, device='cuda:0')	1.8617184438546832
253200.0	2000.0	1330.4691212079529	0.0	0	190.6819786252454	1530.469121208007	1	0	tensor(3, device='cuda:0')	1.8617184438546832
254200.0	2000.0	1330.4691212079508	0.0	0	145.64392081426922	1530.469121208007	1	0	tensor(3, device='cuda:0')	1.8617184438546832
255200.0	2000.0	1330.4691212079263	0.0	0	477.2405220497167	1530.469121208007	1	0	tensor(3, device='cuda:0')	1.8617184438546832
256200.0	2000.0	1330.4691212079094	0.0	0	305.9198861805198	1530.4691212079779	1	0	tensor(3, device='cuda:0')	1.8617184438546843
257269.56799610754	3000.0	1153.9443254896182	0.0	0	0.0	1423.5123215972271	1	0	tensor(4, device='cuda:0')	1.4511791580539486
258200.0	2000.0	1223.5123215971655	0.0	0	401.19638051564107	1423.5123215972271	1	0	tensor(3, device='cuda:0')	1.2608007588260381
259879.78386233098	2000.0	543.7284592662065	0.0	0	0.0	1423.5123215972271	1	0	tensor(3, device='cuda:0')	1.866265866934203
260633.55390626483	2000.0	789.958415332326	0.0	0	0.0	1423.5123215972271	1	0	tensor(3, device='cuda:0')	1.866265866934203
261610.30022591213	2000.0	813.2120956850058	0.0	0	0.0	1423.5123215972271	1	0	tensor(3, device='cuda:0')	1.866265866934203
262383.6594471388	2000.0	1039.8528744583828	0.0	0	0.0	1423.5123215972853	1	0	tensor(3, device='cuda:0')	1.866265866934202
263200.0	2000.0	1223.5123215971767	0.0	0	107.42111966898665	1423.5123215973144	1	0	tensor(3, device='cuda:0')	1.8662658669341994
264200.0	2000.0	1223.5123215972003	0.0	0	140.16101984021952	1423.5123215973144	1	0	tensor(3, device='cuda:0')	1.8662658669341998
265200.0	2000.0	1223.5123215972035	0.0	0	328.71419410576345	1423.5123215973144	1	0	tensor(3, device='cuda:0')	1.8662658669341998
266200.0	2000.0	1223.5123215971335	0.0	0	475.8706760406494	1423.5123215972562	1	0	tensor(3, device='cuda:0')	1.866265866934202
267200.0	2000.0	1223.5123215971066	0.0	0	420.80765267828247	1423.5123215972562	1	0	tensor(3, device='cuda:0')	1.866265866934202
268200.0	2000.0	1223.512321597093	0.0	0	537.8388293970493	1423.5123215972562	1	0	tensor(3, device='cuda:0')	1.866265866934202
269200.0	2000.0	1223.5123215971414	0.0	0	215.00313076318707	1423.5123215972562	1	0	tensor(3, device='cuda:0')	1.866265866934202
270205.8004574493	2000.0	1217.711864147796	0.0	0	0.0	1423.5123215972562	1	0	tensor(3, device='cuda:0')	1.866265866934202
271381.4474796921	2000.0	1042.0648419049853	0.0	0	0.0	1423.5123215972562	1	0	tensor(3, device='cuda:0')	1.866265866934202
273106.1485669312	2000.0	317.3637546658848	0.0	0	0.0	1423.512321597198	1	0	tensor(3, device='cuda:0')	1.8662658669342045
273916.64193635946	1000.0	578.191988868187	71.32160363055664	0	0.0	1494.833925227751	1	0	tensor(3, device='cuda:0')	0.0490627007822349
275092.56839647115	1000.0	407.59277334261793	5.327244586098686	0	0.0	1500.1611698138877	1	0	tensor(3, device='cuda:0')	1.1379450531284827
276029.1275665565	1000.0	552.8585638300349	81.82496057280184	0	0.0	1581.9861303867074	1	0	tensor(3, device='cuda:0')	0.6752555703828941
276615.32570345124	1000.0	966.6604269352656	0.0	0	0.0	1581.9861303867074	1	0	tensor(3, device='cuda:0')	1.1662053338197051
277200.3081538712	1000.0	1381.6779765152633	0.0	0	0.0	1581.9861303867656	1	0	tensor(3, device='cuda:0')	1.1662053338197025
278200.0	1000.0	1381.9861303864843	0.0	0	398.54231910425005	1581.9861303867656	1	0	tensor(3, device='cuda:0')	1.1662053338197025
279200.0	2000.0	1381.986130386491	0.0	0	292.82782446348574	1581.9861303867656	1	0	tensor(3, device='cuda:0')	1.1662053338197023
280819.7073792594	2000.0	762.2787511271042	0.0	0	0.0	1581.9861303867656	1	0	tensor(3, device='cuda:0')	1.8593525143796474
281535.7990393816	1000.0	1046.1870910049568	0.0	0	0.0	1581.9861303867656	1	0	tensor(3, device='cuda:0')	0.47305815325975725
282200.0	1000.0	1381.986130386602	0.0	0	114.74771579750814	1581.9861303867656	1	0	tensor(3, device='cuda:0')	1.1662053338197025
283200.0	1000.0	1381.986130386589	0.0	0	379.2019432159723	1581.9861303867656	1	0	tensor(3, device='cuda:0')	1.1662053338197025
284200.0	2000.0	1381.9861303866269	0.0	0	171.33651260536863	1581.9861303867656	1	0	tensor(3, device='cuda:0')	1.1662053338197023
285200.0	2000.0	1381.9861303865816	0.0	0	205.6274906907347	1581.9861303867074	1	0	tensor(3, device='cuda:0')	1.8593525143796503
286200.0	2000.0	1381.9861303866487	0.0	0	280.29864549980266	1581.9861303867074	1	0	tensor(3, device='cuda:0')	1.8593525143796503
287203.82596453	2000.0	1378.1601658566015	0.0	0	0.0	1581.9861303867074	1	0	tensor(3, device='cuda:0')	1.8593525143796503
288200.0	2000.0	1381.9861303866696	0.0	0	420.6211002745549	1581.9861303867074	1	0	tensor(3, device='cuda:0')	1.8593525143796503
289224.19376533787	2000.0	1357.7923650488626	0.0	0	0.0	1581.9861303867074	1	0	tensor(3, device='cuda:0')	1.8593525143796503
290889.2631193464	2000.0	692.723011040238	0.0	0	0.0	1581.9861303867074	1	0	tensor(3, device='cuda:0')	1.8593525143796503
291454.92224717315	1000.0	1127.0638832134605	0.0	0	0.0	1581.9861303867074	1	0	tensor(3, device='cuda:0')	0.4730581532597599
292222.6406664334	1000.0	1359.3454639532272	0.0	0	0.0	1581.9861303867074	1	0	tensor(3, device='cuda:0')	1.1662053338197051
293200.0	1000.0	1381.9861303866	0.0	0	318.8034703065641	1581.9861303867074	1	0	tensor(3, device='cuda:0')	1.1662053338197051
294200.0	1000.0	1381.986130386581	0.0	0	267.7713371666614	1581.9861303867074	1	0	tensor(3, device='cuda:0')	1.1662053338197051
295200.0	2000.0	1381.9861303865778	0.0	0	88.89057919097831	1581.9861303867074	1	0	tensor(3, device='cuda:0')	1.166205333819705
296200.0	2000.0	1381.9861303865432	0.0	0	123.10437171923695	1581.9861303867074	1	0	tensor(3, device='cuda:0')	1.8593525143796503
297200.0	2000.0	1381.9861303865016	0.0	0	128.489895312523	1581.9861303867074	1	0	tensor(3, device='cuda:0')	1.8593525143796503
298200.0	2000.0	1381.9861303865418	0.0	0	257.44721321441466	1581.9861303867074	1	0	tensor(3, device='cuda:0')	1.8593525143796503
299200.0	2000.0	1381.9861303865603	0.0	0	338.2885846544523	1581.9861303867074	1	0	tensor(3, device='cuda:0')	1.8593525143796503
300200.0	2000.0	1381.9861303864752	0.0	0	184.851400347834	1581.9861303867074	1	0	tensor(3, device='cuda:0')	1.8593525143796503
1.88	2.13	1.42	1.36	1.85	2.43	2.5	2.69	3.0	1.78	1.14	0.869	1.24	1.14	1.38	1.73	2.29	1.71	1.29	1.6	2.09	2.11	1.22	0.95	1.09	1.63	2.22	2.11	1.68	2.24	2.55	1.83	1.33	1.42	1.48	1.78	2.29	2.51	2.7	2.47	2.77	2.97	2.98	3.37	3.24	3.46	3.95	4.26	4.93	5.49	5.73	3.39	2.18	2.13	2.05	1.91	2.11	1.96	1.7	1.81	2.28	2.34	1.74	2.33	2.88	2.7	3.13	3.58	3.57	3.44	2.94	2.59	1.91	2.33	1.44	1.93	2.35	2.34	2.26	2.25	1.9	1.41	1.48	1.71	2.26	2.84	2.68	2.4	2.65	3.22	3.39	2.48	2.42	2.35	2.86	3.37	3.21	2.12	1.97	2.43	2.94	3.04	2.51	1.8	1.63	1.11	1.15	0.927	1.42	1.98	1.91	1.67	1.98	1.3	1.76	1.84	2.17	2.11	2.4	2.5	1.34	0.718	1.04	0.973	1.22	1.8	2.11	2.15	2.61	3.15	2.76	3.41	3.51	2.72	1.8	2.14	2.39	2.57	2.93	2.84	3.13	2.83	2.43	1.78	1.8	1.99	1.95	1.77	2.05	1.75	1.1	1.24	1.77	2.37	2.79	2.04	1.22	1.39	1.85	2.4	2.39	2.77	2.63	2.92	2.25	1.33	1.38	1.64	1.49	1.61	1.51	1.87	1.82	1.48	1.53	1.49	1.55	1.58	2.09	2.26	1.7	2.2	2.25	2.44	2.86	3.39	3.08	2.68	2.83	2.36	2.31	2.79	3.41	2.94	2.32	2.11	2.22	1.47	2.02	2.61	2.33	2.11	2.39	2.24	1.89	1.78	1.09	1.44	1.99	2.02	2.35	2.13	2.51	3.0	2.78	3.26	2.43	2.43	1.85	1.37	1.74	1.92	2.13	2.22	2.29	2.22	2.49	2.37	2.75	2.7	2.78	3.17	3.74	3.41	3.82	2.78	2.43	2.25	2.68	2.8	2.27	2.34	2.37	1.98	2.21	1.59	1.85	2.08	2.34	2.11	2.33	2.91	2.72	3.15	3.53	4.08	3.42	1.54	1.68	2.29	2.87	2.81	3.1	3.44	3.02	3.56	3.89	3.51	1.84	1.63	1.75	1.31	1.04	1.04	1.09	1.59	2.09	2.37	1.93	1.24	1.52	2.11	2.7	2.84	3.17	2.56	2.87	2.05	1.6	1.37	1.39	1.59	1.75	2.2	2.06	2.43	3.04	3.01	2.9	2.65	3.27
1076.0	1077.0	1078.0	1079.0	1080.0	1081.0	1082.0	1083.0	1084.0	1085.0	1086.0	1087.0	1088.0	1089.0	1090.0	1091.0	1092.0	1093.0	1094.0	1095.0	1096.0	1097.0	1098.0	1099.0	1100.0	1101.0	1102.0	1103.0	1104.0	1105.0	1106.0	1107.0	1108.0	1109.0	1110.0	1111.0	1112.0	1113.0	1114.0	1115.0	1116.0	1117.0	1118.0	1119.0	1120.0	1121.0	1122.0	1123.0	1124.0	1125.0	1126.0	1127.0	1128.0	1129.0	1130.0	1131.0	1132.0	1133.0	1134.0	1135.0	1136.0	1137.0	1138.0	1139.0	1140.0	1141.0	1142.0	1143.0	1144.0	1145.0	1146.0	1147.0	1148.0	1149.0	1150.0	1151.0	1152.0	1153.0	1154.0	1155.0	1156.0	1157.0	1158.0	1159.0	1160.0	1161.0	1162.0	1163.0	1164.0	1165.0	1166.0	1167.0	1168.0	1169.0	1170.0	1171.0	1172.0	1173.0	1174.0	1175.0	1176.0	1177.0	1178.0	1179.0	1180.0	1181.0	1182.0	1183.0	1184.0	1185.0	1186.0	1187.0	1188.0	1189.0	1190.0	1191.0	1192.0	1193.0	1194.0	1195.0	1196.0	1197.0	1198.0	1199.0	1200.0	1201.0	1202.0	1203.0	1204.0	1205.0	1206.0	1207.0	1208.0	1209.0	1210.0	1211.0	1212.0	1213.0	1214.0	1215.0	1216.0	1217.0	1218.0	1219.0	1220.0	1221.0	1222.0	1223.0	1224.0	1225.0	1226.0	1227.0	1228.0	1229.0	1230.0	1231.0	1232.0	1233.0	1234.0	1235.0	1236.0	1237.0	1238.0	1239.0	1240.0	1241.0	1242.0	1243.0	1244.0	1245.0	1246.0	1247.0	1248.0	1249.0	1250.0	1251.0	1252.0	1253.0	1254.0	1255.0	1256.0	1257.0	1258.0	1259.0	1260.0	1261.0	1262.0	1263.0	1264.0	1265.0	1266.0	1267.0	1268.0	1269.0	1270.0	1271.0	1272.0	1273.0	1274.0	1275.0	1276.0	1277.0	1278.0	1279.0	1280.0	1281.0	1282.0	1283.0	1284.0	1285.0	1286.0	1287.0	1288.0	1289.0	1290.0	1291.0	1292.0	1293.0	1294.0	1295.0	1296.0	1297.0	1298.0	1299.0	1300.0	1301.0	1302.0	1303.0	1304.0	1305.0	1306.0	1307.0	1308.0	1309.0	1310.0	1311.0	1312.0	1313.0	1314.0	1315.0	1316.0	1317.0	1318.0	1319.0	1320.0	1321.0	1322.0	1323.0	1324.0	1325.0	1326.0	1327.0	1328.0	1329.0	1330.0	1331.0	1332.0	1333.0	1334.0	1335.0	1336.0	1337.0	1338.0	1339.0	1340.0	1341.0	1342.0	1343.0	1344.0	1345.0	1346.0	1347.0	1348.0	1349.0	1350.0	1351.0	1352.0	1353.0	1354.0	1355.0	1356.0	1357.0	1358.0	1359.0	1360.0	1361.0	1362.0	1363.0	1364.0	1365.0	1366.0	1367.0	1368.0	1369.0	1370.0	1371.0	1372.0	1373.0	1374.0	1375.0	1376.0
1022.0
