6539.968545585514	1000.0	2000.0	119.40521654282014	0	0.0	3539.968545585514	1	0	tensor(6, device='cuda:0')	-10.014725510075715
6819.909495435646	3000.0	2692.064955164855	0.0	0	0.0	3511.9744506005004	1	0	tensor(4, device='cuda:0')	0.6491004928207136
7355.159676053111	6000.0	3156.814774547391	0.0	0	0.0	3511.9744506005018	1	0	tensor(3, device='cuda:0')	1.8056679511640987
8200.0	6000.0	3311.9744506005018	0.0	0	259.7183994519173	3511.9744506005018	1	0	tensor(3, device='cuda:0')	2.698815131724044
9200.0	6000.0	3311.9744506005	0.0	0	216.8714210944363	3511.9744506005	1	0	tensor(3, device='cuda:0')	2.698815131724044
10200.0	6000.0	3311.974450600502	0.0	0	228.37541485693873	3511.9744506005018	1	0	tensor(3, device='cuda:0')	2.698815131724044
11239.1850571972	6000.0	3272.789393403301	0.0	0	0.0	3511.9744506005018	1	0	tensor(3, device='cuda:0')	2.698815131724044
12272.537882999426	6000.0	3239.4365676010766	0.0	0	0.0	3511.9744506005027	1	0	tensor(3, device='cuda:0')	2.6988151317240434
13200.0	6000.0	3311.974450600501	0.0	0	235.8775217498278	3511.9744506005027	1	0	tensor(3, device='cuda:0')	2.6988151317240434
14200.0	6000.0	3311.9744506005013	0.0	0	449.1685626514518	3511.9744506005027	1	0	tensor(3, device='cuda:0')	2.6988151317240434
15200.0	6000.0	3311.9744506005018	0.0	0	345.8229621249793	3511.9744506005045	1	0	tensor(3, device='cuda:0')	2.698815131724043
16200.0	6000.0	3311.9744506005027	0.0	0	477.6996908616693	3511.9744506005045	1	0	tensor(3, device='cuda:0')	2.698815131724043
17200.0	6000.0	3311.9744506005036	0.0	0	469.12128893975387	3511.9744506005045	1	0	tensor(3, device='cuda:0')	2.698815131724043
18243.664371898965	6000.0	3268.3100787015387	0.0	0	0.0	3511.974450600508	1	0	tensor(3, device='cuda:0')	2.6988151317240425
19200.0	6000.0	3311.9744506005045	0.0	0	69.72612560783091	3511.97445060051	1	0	tensor(3, device='cuda:0')	2.6988151317240416
20200.0	6000.0	3311.9744506005045	0.0	0	475.0337230120276	3511.974450600508	1	0	tensor(3, device='cuda:0')	2.698815131724041
21200.0	6000.0	3311.974450600504	0.0	0	565.5842525812404	3511.974450600508	1	0	tensor(3, device='cuda:0')	2.6988151317240416
22200.0	6000.0	3311.9744506005036	0.0	0	453.1566983448247	3511.974450600508	1	0	tensor(3, device='cuda:0')	2.6988151317240416
23200.0	6000.0	3311.974450600502	0.0	0	274.19006378166523	3511.974450600508	1	0	tensor(3, device='cuda:0')	2.6988151317240416
24537.244493040926	6000.0	2974.7299575595775	0.0	0	0.0	3511.974450600512	1	0	tensor(3, device='cuda:0')	2.6988151317240403
25426.76700073201	6000.0	3085.2074498684956	0.0	0	0.0	3511.974450600512	1	0	tensor(3, device='cuda:0')	2.6988151317240403
26200.0	6000.0	3311.9744506005027	0.0	0	241.6058503821514	3511.974450600512	1	0	tensor(3, device='cuda:0')	2.6988151317240403
27200.0	6000.0	3311.974450600503	0.0	0	566.9925814497401	3511.974450600512	1	0	tensor(3, device='cuda:0')	2.6988151317240403
28200.0	6000.0	3311.974450600504	0.0	0	614.4022790165836	3511.974450600512	1	0	tensor(3, device='cuda:0')	2.6988151317240403
29200.0	6000.0	3311.974450600507	0.0	0	200.42122139163985	3511.974450600512	1	0	tensor(3, device='cuda:0')	2.6988151317240403
30200.0	6000.0	3311.9744506005077	0.0	0	12.225719304857193	3511.9744506005154	1	0	tensor(3, device='cuda:0')	2.69881513172404
31200.0	6000.0	3311.974450600509	0.0	0	69.90603702461158	3511.9744506005154	1	0	tensor(3, device='cuda:0')	2.69881513172404
32200.0	6000.0	3311.97445060051	0.0	0	399.4729655589872	3511.9744506005154	1	0	tensor(3, device='cuda:0')	2.69881513172404
33200.0	6000.0	3311.9744506005127	0.0	0	554.538696485557	3511.974450600512	1	0	tensor(3, device='cuda:0')	2.6988151317240403
34200.0	6000.0	3311.9744506005018	0.0	0	197.32429578394658	3511.974450600501	1	0	tensor(3, device='cuda:0')	2.698815131724043
35200.0	6000.0	3311.974450600507	0.0	0	587.6731062408435	3511.974450600508	1	0	tensor(3, device='cuda:0')	2.6988151317240416
36200.0	6000.0	3311.974450600506	0.0	0	546.5486665623757	3511.974450600508	1	0	tensor(3, device='cuda:0')	2.698815131724041
37200.0	6000.0	3311.974450600509	0.0	0	571.2696485008928	3511.9744506005154	1	0	tensor(3, device='cuda:0')	2.69881513172404
38200.0	6000.0	3311.9744506005095	0.0	0	559.6538061421597	3511.9744506005154	1	0	tensor(3, device='cuda:0')	2.69881513172404
39200.0	6000.0	3311.9744506005145	0.0	0	213.046865293858	3511.9744506005227	1	0	tensor(3, device='cuda:0')	2.6988151317240376
40200.0	6000.0	3311.974450600508	0.0	0	221.10782187565928	3511.9744506005227	1	0	tensor(3, device='cuda:0')	2.6988151317240376
41200.0	6000.0	3311.97445060051	0.0	0	439.03619434662687	3511.9744506005154	1	0	tensor(3, device='cuda:0')	2.69881513172404
42200.0	6000.0	3311.974450600502	0.0	0	286.38272368779144	3511.9744506005154	1	0	tensor(3, device='cuda:0')	2.69881513172404
43200.0	6000.0	3311.9744506005	0.0	0	175.7752602473338	3511.9744506005154	1	0	tensor(3, device='cuda:0')	2.69881513172404
44242.21723707392	6000.0	3269.7572135265846	0.0	0	0.0	3511.9744506005154	1	0	tensor(3, device='cuda:0')	2.69881513172404
45200.0	6000.0	3311.9744506005163	0.0	0	116.8217480247331	3511.9744506005154	1	0	tensor(3, device='cuda:0')	2.69881513172404
46200.0	6000.0	3311.974450600513	0.0	0	470.57690983021894	3511.9744506005154	1	0	tensor(3, device='cuda:0')	2.69881513172404
47200.0	6000.0	3311.9744506005136	0.0	0	526.7244216976978	3511.9744506005227	1	0	tensor(3, device='cuda:0')	2.6988151317240376
48200.0	6000.0	3311.974450600513	0.0	0	626.5659354177697	3511.9744506005227	1	0	tensor(3, device='cuda:0')	2.6988151317240376
49200.0	6000.0	3311.974450600516	0.0	0	263.00431127255433	3511.9744506005227	1	0	tensor(3, device='cuda:0')	2.6988151317240376
50200.0	6000.0	3311.9744506005186	0.0	0	139.44171096380887	3511.9744506005227	1	0	tensor(3, device='cuda:0')	2.6988151317240376
51200.0	6000.0	3311.9744506005127	0.0	0	369.0028850667877	3511.9744506005227	1	0	tensor(3, device='cuda:0')	2.6988151317240376
52200.0	6000.0	3311.9744506005063	0.0	0	72.7293881784135	3511.9744506005227	1	0	tensor(3, device='cuda:0')	2.6988151317240376
53200.0	6000.0	3311.9744506005036	0.0	0	188.1006317640422	3511.9744506005227	1	0	tensor(3, device='cuda:0')	2.6988151317240376
54200.0	6000.0	3311.974450600507	0.0	0	564.837573510129	3511.97445060053	1	0	tensor(3, device='cuda:0')	2.6988151317240354
55200.0	6000.0	3311.9744506004963	0.0	0	472.5670004489875	3511.97445060053	1	0	tensor(3, device='cuda:0')	2.6988151317240354
56200.0	6000.0	3311.974450600497	0.0	0	383.0519831376296	3511.97445060053	1	0	tensor(3, device='cuda:0')	2.6988151317240354
57200.0	6000.0	3311.9744506004995	0.0	0	187.6670409620492	3511.97445060053	1	0	tensor(3, device='cuda:0')	2.6988151317240354
58200.0	6000.0	3311.974450600499	0.0	0	510.41053475377703	3511.9744506005227	1	0	tensor(3, device='cuda:0')	2.6988151317240376
59200.0	6000.0	3311.9744506005004	0.0	0	302.9664763392211	3511.9744506005227	1	0	tensor(3, device='cuda:0')	2.6988151317240376
60200.0	6000.0	3311.974450600496	0.0	0	252.45825572265312	3511.9744506005227	1	0	tensor(3, device='cuda:0')	2.6988151317240376
61200.0	6000.0	3311.974450600496	0.0	0	462.51972372814635	3511.9744506005227	1	0	tensor(3, device='cuda:0')	2.6988151317240376
62200.0	6000.0	3311.974450600487	0.0	0	482.1005800418643	3511.9744506005227	1	0	tensor(3, device='cuda:0')	2.6988151317240376
63200.0	6000.0	3311.974450600483	0.0	0	498.4399929330684	3511.9744506005227	1	0	tensor(3, device='cuda:0')	2.6988151317240376
64200.0	6000.0	3311.974450600486	0.0	0	428.621621676466	3511.9744506005227	1	0	tensor(3, device='cuda:0')	2.6988151317240376
65200.0	6000.0	3311.9744506004913	0.0	0	241.4460580501982	3511.97445060053	1	0	tensor(3, device='cuda:0')	2.6988151317240354
66200.0	6000.0	3311.9744506004936	0.0	0	213.7636534817575	3511.97445060053	1	0	tensor(3, device='cuda:0')	2.698815131724034
67200.0	6000.0	3311.9744506004918	0.0	0	520.3553873794299	3511.97445060053	1	0	tensor(3, device='cuda:0')	2.6988151317240354
68200.0	6000.0	3311.974450600479	0.0	0	469.7883725915308	3511.9744506005154	1	0	tensor(3, device='cuda:0')	2.698815131724037
69200.0	6000.0	3311.9744506004745	0.0	0	540.4890776538377	3511.974450600508	1	0	tensor(3, device='cuda:0')	2.69881513172404
70200.0	6000.0	3311.974450600471	0.0	0	369.5845882417052	3511.974450600508	1	0	tensor(3, device='cuda:0')	2.6988151317240416
71200.0	6000.0	3311.974450600472	0.0	0	287.58053867539275	3511.974450600508	1	0	tensor(3, device='cuda:0')	2.6988151317240416
72200.0	6000.0	3311.974450600457	0.0	0	492.548909767429	3511.974450600508	1	0	tensor(3, device='cuda:0')	2.6988151317240416
73200.0	6000.0	3311.974450600469	0.0	0	449.1239308718359	3511.9744506005227	1	0	tensor(3, device='cuda:0')	2.6988151317240376
74200.0	6000.0	3311.974450600471	0.0	0	484.8608651145332	3511.9744506005227	1	0	tensor(3, device='cuda:0')	2.6988151317240376
75200.0	6000.0	3311.974450600459	0.0	0	379.3422431014187	3511.9744506005227	1	0	tensor(3, device='cuda:0')	2.6988151317240376
76375.32841757935	6000.0	3136.6460330211144	0.0	0	0.0	3511.9744506005227	1	0	tensor(3, device='cuda:0')	2.6988151317240376
77245.24867395585	6000.0	3266.725776644614	0.0	0	0.0	3511.9744506005227	1	0	tensor(3, device='cuda:0')	2.6988151317240376
78200.0	6000.0	3311.9744506004613	0.0	0	557.0018976659921	3511.9744506005227	1	0	tensor(3, device='cuda:0')	2.6988151317240376
79200.0	6000.0	3311.974450600461	0.0	0	572.3441464834905	3511.974450600508	1	0	tensor(3, device='cuda:0')	2.6988151317240416
80200.0	6000.0	3311.974450600467	0.0	0	597.6495402942382	3511.974450600508	1	0	tensor(3, device='cuda:0')	2.6988151317240416
81200.0	6000.0	3311.9744506004886	0.0	0	569.2554665851785	3511.974450600508	1	0	tensor(3, device='cuda:0')	2.6988151317240416
82200.0	6000.0	3311.974450600489	0.0	0	301.20191537134815	3511.974450600508	1	0	tensor(3, device='cuda:0')	2.6988151317240416
83200.0	6000.0	3311.9744506005004	0.0	0	450.0913832428341	3511.9744506005227	1	0	tensor(3, device='cuda:0')	2.6988151317240376
84200.0	6000.0	3311.97445060049	0.0	0	128.8069050409249	3511.9744506005227	1	0	tensor(3, device='cuda:0')	2.6988151317240376
85200.0	6000.0	3311.9744506004818	0.0	0	244.56956140403054	3511.9744506005227	1	0	tensor(3, device='cuda:0')	2.6988151317240376
86200.0	6000.0	3311.9744506004763	0.0	0	274.8756244566466	3511.9744506005227	1	0	tensor(3, device='cuda:0')	2.6988151317240376
87200.0	6000.0	3311.9744506004663	0.0	0	107.3916733929509	3511.9744506005227	1	0	tensor(3, device='cuda:0')	2.6988151317240376
88200.0	6000.0	3311.9744506004618	0.0	0	509.346058644951	3511.9744506005227	1	0	tensor(3, device='cuda:0')	2.6988151317240376
89200.0	6000.0	3311.974450600449	0.0	0	404.24779269634746	3511.974450600508	1	0	tensor(3, device='cuda:0')	2.6988151317240416
90200.0	6000.0	3311.9744506004495	0.0	0	503.97168443448027	3511.9744506004936	1	0	tensor(3, device='cuda:0')	2.698815131724046
91200.0	6000.0	3311.97445060044	0.0	0	632.145579956632	3511.974450600479	1	0	tensor(3, device='cuda:0')	2.69881513172405
92200.0	6000.0	3311.974450600446	0.0	0	482.8114587495802	3511.974450600479	1	0	tensor(3, device='cuda:0')	2.69881513172405
93200.0	6000.0	3311.974450600446	0.0	0	468.01813862347626	3511.974450600479	1	0	tensor(3, device='cuda:0')	2.69881513172405
94200.0	6000.0	3311.9744506004504	0.0	0	582.8932544720883	3511.974450600479	1	0	tensor(3, device='cuda:0')	2.69881513172405
95200.0	6000.0	3311.974450600474	0.0	0	338.47504274273524	3511.974450600479	1	0	tensor(3, device='cuda:0')	2.69881513172405
96200.0	6000.0	3311.974450600473	0.0	0	252.0567402592569	3511.974450600479	1	0	tensor(3, device='cuda:0')	2.69881513172405
97200.0	6000.0	3311.9744506004804	0.0	0	289.82488413507235	3511.974450600479	1	0	tensor(3, device='cuda:0')	2.69881513172405
98200.0	6000.0	3311.974450600466	0.0	0	484.35708123308723	3511.9744506004936	1	0	tensor(3, device='cuda:0')	2.698815131724046
99200.0	6000.0	3311.974450600465	0.0	0	292.79257970143226	3511.9744506004936	1	0	tensor(3, device='cuda:0')	2.698815131724046
100200.0	6000.0	3311.974450600453	0.0	0	289.50004440703196	3511.9744506004936	1	0	tensor(3, device='cuda:0')	2.698815131724046
101200.0	6000.0	3311.9744506004454	0.0	0	496.6174290226336	3511.974450600479	1	0	tensor(3, device='cuda:0')	2.69881513172405
102200.0	6000.0	3311.9744506004295	0.0	0	639.6978646655625	3511.9744506004936	1	0	tensor(3, device='cuda:0')	2.698815131724046
103200.0	6000.0	3311.974450600443	0.0	0	609.2523900396773	3511.9744506004936	1	0	tensor(3, device='cuda:0')	2.698815131724046
104200.0	6000.0	3311.974450600437	0.0	0	590.9167833431857	3511.9744506004936	1	0	tensor(3, device='cuda:0')	2.698815131724046
105200.0	6000.0	3311.9744506004427	0.0	0	323.4941561816813	3511.9744506004936	1	0	tensor(3, device='cuda:0')	2.698815131724046
106200.0	6000.0	3311.9744506004363	0.0	0	162.96190342894988	3511.9744506004936	1	0	tensor(3, device='cuda:0')	2.698815131724046
107200.0	6000.0	3311.974450600432	0.0	0	425.36249471234623	3511.9744506004936	1	0	tensor(3, device='cuda:0')	2.698815131724046
108200.0	6000.0	3311.974450600429	0.0	0	414.78089392816764	3511.974450600479	1	0	tensor(3, device='cuda:0')	2.69881513172405
109200.0	6000.0	3311.9744506004195	0.0	0	554.1736074343353	3511.974450600479	1	0	tensor(3, device='cuda:0')	2.69881513172405
110200.0	6000.0	3311.97445060042	0.0	0	547.3569426515169	3511.9744506004936	1	0	tensor(3, device='cuda:0')	2.698815131724046
111200.0	6000.0	3311.9744506004185	0.0	0	266.74874574228306	3511.9744506004936	1	0	tensor(3, device='cuda:0')	2.698815131724046
112200.0	6000.0	3311.9744506004213	0.0	0	289.2075070585124	3511.9744506004936	1	0	tensor(3, device='cuda:0')	2.698815131724046
113200.0	6000.0	3311.974450600423	0.0	0	368.0728894721833	3511.9744506004936	1	0	tensor(3, device='cuda:0')	2.698815131724046
114200.0	6000.0	3311.974450600423	0.0	0	480.0474624937342	3511.9744506004936	1	0	tensor(3, device='cuda:0')	2.698815131724046
115200.0	6000.0	3311.974450600405	0.0	0	246.1104549189331	3511.9744506004936	1	0	tensor(3, device='cuda:0')	2.698815131724046
116875.56533953875	6000.0	2636.4091110616628	0.0	0	0.0	3511.9744506004936	1	0	tensor(3, device='cuda:0')	2.698815131724046
117665.09003845647	6000.0	2846.8844121439442	0.0	0	0.0	3511.9744506004936	1	0	tensor(3, device='cuda:0')	2.698815131724046
118351.18280784125	6000.0	3160.7916427591745	0.0	0	0.0	3511.974450600479	1	0	tensor(3, device='cuda:0')	2.69881513172405
119519.17410225478	6000.0	2992.8003483456478	0.0	0	0.0	3511.974450600479	1	0	tensor(3, device='cuda:0')	2.69881513172405
120449.29286642464	6000.0	3062.6815841757975	0.0	0	0.0	3511.974450600479	1	0	tensor(3, device='cuda:0')	2.69881513172405
121200.0	6000.0	3311.974450600446	0.0	0	237.23079470575613	3511.974450600479	1	0	tensor(3, device='cuda:0')	2.69881513172405
122200.0	6000.0	3311.9744506004317	0.0	0	371.66170293284813	3511.974450600479	1	0	tensor(3, device='cuda:0')	2.69881513172405
123200.0	6000.0	3311.9744506004413	0.0	0	415.36451485345606	3511.9744506004936	1	0	tensor(3, device='cuda:0')	2.698815131724046
124200.0	6000.0	3311.974450600439	0.0	0	480.2448027975479	3511.9744506004936	1	0	tensor(3, device='cuda:0')	2.698815131724046
125200.0	6000.0	3311.974450600449	0.0	0	138.87690899104928	3511.9744506004936	1	0	tensor(3, device='cuda:0')	2.698815131724046
126200.0	6000.0	3311.974450600445	0.0	0	382.3235173857538	3511.9744506004936	1	0	tensor(3, device='cuda:0')	2.698815131724046
127200.0	6000.0	3311.9744506004245	0.0	0	171.3300359518471	3511.9744506004936	1	0	tensor(3, device='cuda:0')	2.698815131724046
128200.0	6000.0	3311.974450600428	0.0	0	369.3733265832125	3511.9744506004936	1	0	tensor(3, device='cuda:0')	2.698815131724046
129200.0	6000.0	3311.9744506004363	0.0	0	322.4093901830056	3511.9744506004936	1	0	tensor(3, device='cuda:0')	2.698815131724046
130200.0	6000.0	3311.9744506004477	0.0	0	546.9406442285836	3511.9744506004936	1	0	tensor(3, device='cuda:0')	2.698815131724046
131200.0	6000.0	3311.97445060046	0.0	0	603.6113258128898	3511.974450600479	1	0	tensor(3, device='cuda:0')	2.69881513172405
132200.0	6000.0	3311.9744506004986	0.0	0	225.18046431374387	3511.9744506005227	1	0	tensor(3, device='cuda:0')	2.698815131724045
133200.0	6000.0	3311.9744506004763	0.0	0	296.3661882529268	3511.9744506004936	1	0	tensor(3, device='cuda:0')	2.6988151317240403
134200.0	6000.0	3311.974450600442	0.0	0	310.327514866367	3511.97445060045	1	0	tensor(3, device='cuda:0')	2.698815131724052
135200.0	6000.0	3311.9744506004718	0.0	0	447.7676616208628	3511.97445060045	1	0	tensor(3, device='cuda:0')	2.698815131724058
136200.0	6000.0	3311.974450600473	0.0	0	83.10424184805015	3511.97445060045	1	0	tensor(3, device='cuda:0')	2.698815131724058
137200.0	6000.0	3311.9744506004718	0.0	0	390.2690105639922	3511.97445060045	1	0	tensor(3, device='cuda:0')	2.698815131724058
138200.0	6000.0	3311.974450600468	0.0	0	357.8277070346521	3511.97445060045	1	0	tensor(3, device='cuda:0')	2.698815131724058
139200.0	6000.0	3311.9744506004745	0.0	0	85.87250676489202	3511.97445060045	1	0	tensor(3, device='cuda:0')	2.698815131724058
140200.0	6000.0	3311.9744506004477	0.0	0	217.1579500468215	3511.97445060045	1	0	tensor(3, device='cuda:0')	2.698815131724058
141200.0	6000.0	3311.974450600415	0.0	0	452.0943224991788	3511.97445060045	1	0	tensor(3, device='cuda:0')	2.698815131724058
142200.0	6000.0	3311.9744506004276	0.0	0	265.2026647198945	3511.97445060045	1	0	tensor(3, device='cuda:0')	2.698815131724058
143200.0	6000.0	3311.974450600436	0.0	0	379.3729181861854	3511.97445060045	1	0	tensor(3, device='cuda:0')	2.698815131724058
144200.0	6000.0	3311.974450600443	0.0	0	512.1768675409548	3511.97445060045	1	0	tensor(3, device='cuda:0')	2.698815131724058
145200.0	6000.0	3311.9744506004354	0.0	0	597.0035102773982	3511.97445060045	1	0	tensor(3, device='cuda:0')	2.698815131724058
146200.0	6000.0	3311.9744506004317	0.0	0	290.3814952627581	3511.97445060045	1	0	tensor(3, device='cuda:0')	2.698815131724058
147200.0	6000.0	3311.9744506004413	0.0	0	168.15679131171783	3511.97445060045	1	0	tensor(3, device='cuda:0')	2.698815131724058
148200.0	6000.0	3311.9744506004376	0.0	0	283.5428841858229	3511.97445060045	1	0	tensor(3, device='cuda:0')	2.698815131724058
149200.0	6000.0	3311.9744506004686	0.0	0	262.4938199252647	3511.97445060045	1	0	tensor(3, device='cuda:0')	2.698815131724058
150200.0	6000.0	3311.9744506004595	0.0	0	286.0779652126366	3511.97445060045	1	0	tensor(3, device='cuda:0')	2.698815131724058
151200.0	6000.0	3311.9744506004563	0.0	0	496.0497670035693	3511.97445060045	1	0	tensor(3, device='cuda:0')	2.698815131724058
152200.0	6000.0	3311.974450600432	0.0	0	329.82175909072976	3511.97445060045	1	0	tensor(3, device='cuda:0')	2.698815131724058
153200.0	6000.0	3311.9744506004454	0.0	0	121.71218269236851	3511.974450600479	1	0	tensor(3, device='cuda:0')	2.69881513172405
154200.0	6000.0	3311.9744506004436	0.0	0	307.61805513867876	3511.974450600479	1	0	tensor(3, device='cuda:0')	2.69881513172405
155200.0	6000.0	3311.9744506004604	0.0	0	201.855167695001	3511.974450600479	1	0	tensor(3, device='cuda:0')	2.69881513172405
156200.0	6000.0	3311.9744506004504	0.0	0	175.32553668989567	3511.97445060045	1	0	tensor(3, device='cuda:0')	2.698815131724058
157200.0	6000.0	3311.9744506004804	0.0	0	152.01020580282784	3511.97445060045	1	0	tensor(3, device='cuda:0')	2.698815131724058
158200.0	6000.0	3311.9744506004668	0.0	0	444.55824051750824	3511.97445060045	1	0	tensor(3, device='cuda:0')	2.698815131724058
159200.0	6000.0	3311.9744506004627	0.0	0	498.26427522220183	3511.97445060045	1	0	tensor(3, device='cuda:0')	2.698815131724058
160200.0	6000.0	3311.974450600451	0.0	0	497.47401188101503	3511.97445060045	1	0	tensor(3, device='cuda:0')	2.698815131724058
161427.11125333083	6000.0	3084.863197269609	0.0	0	0.0	3511.97445060045	1	0	tensor(3, device='cuda:0')	2.698815131724058
162219.53094742732	6000.0	3292.4435031730864	0.0	0	0.0	3511.97445060045	1	0	tensor(3, device='cuda:0')	2.698815131724058
163200.0	6000.0	3311.974450600406	0.0	0	344.0491546902049	3511.974450600421	1	0	tensor(3, device='cuda:0')	2.6988151317240665
164200.0	6000.0	3311.974450600399	0.0	0	547.4796178834804	3511.9744506003917	1	0	tensor(3, device='cuda:0')	2.698815131724075
165200.0	6000.0	3311.974450600398	0.0	0	405.4840513855452	3511.9744506003626	1	0	tensor(3, device='cuda:0')	2.6988151317240834
166200.0	6000.0	3311.9744506004113	0.0	0	533.090795953176	3511.9744506003626	1	0	tensor(3, device='cuda:0')	2.6988151317240834
167386.75591807245	6000.0	3125.2185325279615	0.0	0	0.0	3511.9744506003626	1	0	tensor(3, device='cuda:0')	2.6988151317240834
168200.0	6000.0	3311.974450600411	0.0	0	259.1262723526743	3511.9744506003626	1	0	tensor(3, device='cuda:0')	2.6988151317240834
169200.0	6000.0	3311.9744506003894	0.0	0	521.7372947447875	3511.9744506003626	1	0	tensor(3, device='cuda:0')	2.6988151317240834
170200.0	6000.0	3311.9744506004076	0.0	0	562.6760111761978	3511.9744506003626	1	0	tensor(3, device='cuda:0')	2.6988151317240834
171200.0	6000.0	3311.974450600413	0.0	0	462.84159384842496	3511.9744506003626	1	0	tensor(3, device='cuda:0')	2.6988151317240834
172200.0	6000.0	3311.974450600443	0.0	0	460.0572891640477	3511.9744506003626	1	0	tensor(3, device='cuda:0')	2.6988151317240834
173200.0	6000.0	3311.9744506004467	0.0	0	423.83264402433997	3511.9744506003626	1	0	tensor(3, device='cuda:0')	2.6988151317240834
174200.0	6000.0	3311.9744506004554	0.0	0	589.3574914765777	3511.9744506003626	1	0	tensor(3, device='cuda:0')	2.6988151317240834
175200.0	6000.0	3311.9744506004386	0.0	0	462.40257468880736	3511.9744506003335	1	0	tensor(3, device='cuda:0')	2.698815131724092
176200.0	6000.0	3311.974450600444	0.0	0	411.0671129627153	3511.9744506003335	1	0	tensor(3, device='cuda:0')	2.698815131724092
177200.0	6000.0	3311.974450600437	0.0	0	400.9387911222584	3511.9744506003335	1	0	tensor(3, device='cuda:0')	2.698815131724092
178200.0	6000.0	3311.974450600438	0.0	0	429.34916013406473	3511.9744506003335	1	0	tensor(3, device='cuda:0')	2.698815131724092
179200.0	6000.0	3311.9744506004317	0.0	0	179.32097349251853	3511.9744506003335	1	0	tensor(3, device='cuda:0')	2.698815131724092
180200.0	6000.0	3311.974450600394	0.0	0	407.7175988430099	3511.9744506003335	1	0	tensor(3, device='cuda:0')	2.698815131724092
181200.0	6000.0	3311.9744506004267	0.0	0	258.0775216333277	3511.9744506003335	1	0	tensor(3, device='cuda:0')	2.698815131724092
182371.2957228948	6000.0	3140.6787277056114	0.0	0	0.0	3511.9744506003044	1	0	tensor(3, device='cuda:0')	2.6988151317240994
183200.0	6000.0	3311.974450600416	0.0	0	210.3574974630901	3511.9744506003044	1	0	tensor(3, device='cuda:0')	2.6988151317240994
184200.0	6000.0	3311.9744506003917	0.0	0	330.50042566200136	3511.9744506003044	1	0	tensor(3, device='cuda:0')	2.6988151317240994
185200.0	6000.0	3311.9744506003913	0.0	0	176.82727710154722	3511.9744506003044	1	0	tensor(3, device='cuda:0')	2.6988151317240994
186200.0	6000.0	3311.9744506003667	0.0	0	226.9515047011664	3511.9744506003044	1	0	tensor(3, device='cuda:0')	2.6988151317240994
187200.0	6000.0	3311.97445060034	0.0	0	428.67903181223664	3511.9744506003044	1	0	tensor(3, device='cuda:0')	2.6988151317240994
188200.0	6000.0	3311.9744506003385	0.0	0	60.22416405027616	3511.9744506003044	1	0	tensor(3, device='cuda:0')	2.6988151317240994
189200.0	6000.0	3311.9744506003417	0.0	0	341.3767757557507	3511.9744506003044	1	0	tensor(3, device='cuda:0')	2.6988151317240994
190200.0	6000.0	3311.974450600332	0.0	0	439.73700156863197	3511.9744506002753	1	0	tensor(3, device='cuda:0')	2.698815131724108
191200.0	6000.0	3311.974450600308	0.0	0	268.72879621066386	3511.9744506002753	1	0	tensor(3, device='cuda:0')	2.698815131724108
192200.0	6000.0	3311.9744506003085	0.0	0	496.98636922673904	3511.974450600246	1	0	tensor(3, device='cuda:0')	2.698815131724116
193200.0	6000.0	3311.9744506003058	0.0	0	269.47190403714194	3511.974450600246	1	0	tensor(3, device='cuda:0')	2.698815131724116
194200.0	6000.0	3311.9744506003076	0.0	0	180.11978198567522	3511.974450600246	1	0	tensor(3, device='cuda:0')	2.698815131724116
195200.0	6000.0	3311.9744506003226	0.0	0	123.21804197374149	3511.974450600246	1	0	tensor(3, device='cuda:0')	2.698815131724116
196200.0	6000.0	3311.974450600305	0.0	0	251.23537339942413	3511.974450600246	1	0	tensor(3, device='cuda:0')	2.698815131724116
197200.0	6000.0	3311.9744506003217	0.0	0	157.0731302665081	3511.974450600246	1	0	tensor(3, device='cuda:0')	2.698815131724116
198200.0	6000.0	3311.9744506003094	0.0	0	101.95075202430598	3511.974450600246	1	0	tensor(3, device='cuda:0')	2.698815131724116
199200.0	6000.0	3311.974450600299	0.0	0	48.31802631894243	3511.974450600246	1	0	tensor(3, device='cuda:0')	2.698815131724116
200200.0	6000.0	3311.9744506003194	0.0	0	249.31083676297567	3511.974450600217	1	0	tensor(3, device='cuda:0')	2.6988151317241242
201200.0	6000.0	3311.974450600285	0.0	0	418.5856651754002	3511.974450600188	1	0	tensor(3, device='cuda:0')	2.6988151317241327
202200.0	6000.0	3311.9744506002776	0.0	0	616.0542174235452	3511.974450600159	1	0	tensor(3, device='cuda:0')	2.698815131724141
203200.0	6000.0	3311.9744506002703	0.0	0	662.7045990215265	3511.974450600159	1	0	tensor(3, device='cuda:0')	2.698815131724141
204200.0	6000.0	3311.974450600304	0.0	0	527.6149911802204	3511.974450600159	1	0	tensor(3, device='cuda:0')	2.698815131724141
205200.0	6000.0	3311.974450600321	0.0	0	459.6031539521937	3511.974450600159	1	0	tensor(3, device='cuda:0')	2.698815131724141
206200.0	6000.0	3311.97445060035	0.0	0	449.08646654410404	3511.974450600159	1	0	tensor(3, device='cuda:0')	2.698815131724141
207200.0	6000.0	3311.9744506003276	0.0	0	564.388089836255	3511.974450600159	1	0	tensor(3, device='cuda:0')	2.698815131724141
208208.62352128324	6000.0	3303.3509293171014	0.0	0	0.0	3511.974450600159	1	0	tensor(3, device='cuda:0')	2.698815131724141
209200.0	6000.0	3311.9744506003303	0.0	0	103.98365165304858	3511.97445060013	1	0	tensor(3, device='cuda:0')	2.6988151317241496
210200.0	6000.0	3311.9744506003167	0.0	0	178.40269506236655	3511.97445060013	1	0	tensor(3, device='cuda:0')	2.6988151317241496
211200.0	6000.0	3311.974450600341	0.0	0	74.93876154531608	3511.974450600159	1	0	tensor(3, device='cuda:0')	2.698815131724141
212200.0	6000.0	3311.9744506003385	0.0	0	287.5449356394238	3511.97445060013	1	0	tensor(3, device='cuda:0')	2.6988151317241496
213200.0	6000.0	3311.9744506003326	0.0	0	590.7065316376102	3511.97445060013	1	0	tensor(3, device='cuda:0')	2.6988151317241496
214200.0	6000.0	3311.974450600347	0.0	0	513.9511914110044	3511.97445060013	1	0	tensor(3, device='cuda:0')	2.6988151317241496
215200.0	6000.0	3311.9744506003553	0.0	0	538.6386596462689	3511.97445060013	1	0	tensor(3, device='cuda:0')	2.6988151317241496
216200.0	6000.0	3311.9744506003694	0.0	0	594.9668012416223	3511.97445060013	1	0	tensor(3, device='cuda:0')	2.6988151317241496
217200.0	6000.0	3311.974450600408	0.0	0	336.42381402809406	3511.97445060013	1	0	tensor(3, device='cuda:0')	2.6988151317241496
218200.0	6000.0	3311.9744506003663	0.0	0	493.1494916577358	3511.97445060013	1	0	tensor(3, device='cuda:0')	2.6988151317241496
219200.0	6000.0	3311.974450600389	0.0	0	119.22558393649524	3511.97445060013	1	0	tensor(3, device='cuda:0')	2.6988151317241496
220200.0	6000.0	3311.974450600406	0.0	0	522.4869421969925	3511.97445060013	1	0	tensor(3, device='cuda:0')	2.6988151317241496
221200.0	6000.0	3311.9744506004286	0.0	0	587.378317476745	3511.97445060013	1	0	tensor(3, device='cuda:0')	2.6988151317241496
222200.0	6000.0	3311.9744506004336	0.0	0	275.3663109714689	3511.97445060013	1	0	tensor(3, device='cuda:0')	2.6988151317241496
223224.24029626985	6000.0	3287.734154330581	0.0	0	0.0	3511.97445060013	1	0	tensor(3, device='cuda:0')	2.6988151317241496
224200.0	6000.0	3311.9744506004467	0.0	0	202.4959888641606	3511.974450600159	1	0	tensor(3, device='cuda:0')	2.698815131724141
225200.0	6000.0	3311.9744506004376	0.0	0	176.0238260734477	3511.974450600188	1	0	tensor(3, device='cuda:0')	2.6988151317241327
226200.0	6000.0	3311.974450600444	0.0	0	456.04295920283766	3511.974450600217	1	0	tensor(3, device='cuda:0')	2.6988151317241242
227200.0	6000.0	3311.9744506004376	0.0	0	328.65174635581207	3511.974450600217	1	0	tensor(3, device='cuda:0')	2.6988151317241242
228200.0	6000.0	3311.9744506004336	0.0	0	598.6982359758986	3511.974450600217	1	0	tensor(3, device='cuda:0')	2.6988151317241242
229200.0	6000.0	3311.9744506004217	0.0	0	411.5995520076249	3511.974450600217	1	0	tensor(3, device='cuda:0')	2.6988151317241242
230200.0	6000.0	3311.9744506004163	0.0	0	429.3216452577035	3511.974450600246	1	0	tensor(3, device='cuda:0')	2.698815131724116
231200.0	6000.0	3311.9744506004376	0.0	0	457.89261653192807	3511.974450600246	1	0	tensor(3, device='cuda:0')	2.698815131724116
232200.0	6000.0	3311.9744506004877	0.0	0	345.77839615999255	3511.9744506002753	1	0	tensor(3, device='cuda:0')	2.698815131724108
233200.0	6000.0	3311.9744506005113	0.0	0	475.0800770826172	3511.9744506002753	1	0	tensor(3, device='cuda:0')	2.698815131724108
234200.0	6000.0	3311.9744506005127	0.0	0	227.93935120789683	3511.9744506002753	1	0	tensor(3, device='cuda:0')	2.698815131724108
235200.0	6000.0	3311.974450600508	0.0	0	96.35884751327103	3511.9744506002753	1	0	tensor(3, device='cuda:0')	2.698815131724108
236200.0	6000.0	3311.9744506005313	0.0	0	221.49677091217018	3511.9744506002753	1	0	tensor(3, device='cuda:0')	2.698815131724108
237200.0	6000.0	3311.9744506005186	0.0	0	438.5128796072677	3511.9744506002753	1	0	tensor(3, device='cuda:0')	2.698815131724108
238200.0	6000.0	3311.9744506004995	0.0	0	283.6807415082003	3511.9744506002753	1	0	tensor(3, device='cuda:0')	2.698815131724108
239200.0	6000.0	3311.9744506005095	0.0	0	300.73581641176133	3511.9744506002753	1	0	tensor(3, device='cuda:0')	2.698815131724108
240200.0	6000.0	3311.974450600508	0.0	0	270.7909457075002	3511.9744506003044	1	0	tensor(3, device='cuda:0')	2.6988151317240994
241200.0	6000.0	3311.974450600519	0.0	0	455.2192600586859	3511.9744506003335	1	0	tensor(3, device='cuda:0')	2.698815131724092
242200.0	6000.0	3311.974450600532	0.0	0	323.8161354357144	3511.9744506003335	1	0	tensor(3, device='cuda:0')	2.698815131724092
243200.0	6000.0	3311.974450600529	0.0	0	406.8822769440012	3511.9744506003335	1	0	tensor(3, device='cuda:0')	2.698815131724092
244200.0	6000.0	3311.974450600521	0.0	0	361.8192532589019	3511.9744506003335	1	0	tensor(3, device='cuda:0')	2.698815131724092
245200.0	6000.0	3311.9744506005577	0.0	0	501.6835556176957	3511.9744506003626	1	0	tensor(3, device='cuda:0')	2.6988151317240834
246200.0	6000.0	3311.9744506005522	0.0	0	285.05826555678505	3511.9744506003626	1	0	tensor(3, device='cuda:0')	2.6988151317240834
247364.05792235068	6000.0	3147.9165282498366	0.0	0	0.0	3511.9744506003626	1	0	tensor(3, device='cuda:0')	2.6988151317240834
248200.0	6000.0	3311.974450600486	0.0	0	166.85982083482668	3511.9744506003626	1	0	tensor(3, device='cuda:0')	2.6988151317240834
249200.0	6000.0	3311.9744506004913	0.0	0	286.55209456098964	3511.9744506003626	1	0	tensor(3, device='cuda:0')	2.6988151317240834
250258.4044387832	6000.0	3253.570011817297	0.0	0	0.0	3511.9744506003335	1	0	tensor(3, device='cuda:0')	2.698815131724092
251200.0	6000.0	3311.974450600536	0.0	0	158.19611587989493	3511.9744506003626	1	0	tensor(3, device='cuda:0')	2.6988151317240834
252200.0	6000.0	3311.9744506005404	0.0	0	488.17300029771286	3511.9744506003626	1	0	tensor(3, device='cuda:0')	2.6988151317240834
253200.0	6000.0	3311.974450600511	0.0	0	530.3827067630482	3511.9744506003626	1	0	tensor(3, device='cuda:0')	2.6988151317240834
254200.0	6000.0	3311.9744506005327	0.0	0	450.40942930139136	3511.9744506003626	1	0	tensor(3, device='cuda:0')	2.6988151317240834
255200.0	6000.0	3311.974450600504	0.0	0	389.1741455211595	3511.9744506003626	1	0	tensor(3, device='cuda:0')	2.6988151317240834
256200.0	6000.0	3311.974450600491	0.0	0	461.85098600323545	3511.9744506003626	1	0	tensor(3, device='cuda:0')	2.6988151317240834
257200.0	6000.0	3311.9744506004845	0.0	0	227.0954954935587	3511.9744506003335	1	0	tensor(3, device='cuda:0')	2.698815131724092
258200.0	6000.0	3311.9744506005163	0.0	0	459.11352861855994	3511.9744506003335	1	0	tensor(3, device='cuda:0')	2.698815131724092
259200.0	6000.0	3311.9744506005227	0.0	0	432.99201126224943	3511.9744506003335	1	0	tensor(3, device='cuda:0')	2.698815131724092
260200.0	6000.0	3311.974450600492	0.0	0	528.0040020980232	3511.9744506003044	1	0	tensor(3, device='cuda:0')	2.6988151317240994
261200.0	6000.0	3311.974450600491	0.0	0	407.462949829991	3511.9744506003044	1	0	tensor(3, device='cuda:0')	2.6988151317240994
262200.0	6000.0	3311.9744506004995	0.0	0	588.4775490618485	3511.9744506003044	1	0	tensor(3, device='cuda:0')	2.6988151317240994
263200.0	6000.0	3311.9744506005013	0.0	0	434.49924406805076	3511.9744506003044	1	0	tensor(3, device='cuda:0')	2.698815131724103
264200.0	6000.0	3311.974450600534	0.0	0	619.6600946448161	3511.9744506003335	1	0	tensor(3, device='cuda:0')	2.6988151317241016
265200.0	6000.0	3311.9744506005272	0.0	0	420.80229835183127	3511.9744506003335	1	0	tensor(3, device='cuda:0')	2.6988151317241
266200.0	6000.0	3311.9744506005495	0.0	0	595.9038510015234	3511.9744506003335	1	0	tensor(3, device='cuda:0')	2.6988151317240945
267200.0	6000.0	3311.9744506005654	0.0	0	517.5774675435969	3511.9744506003335	1	0	tensor(3, device='cuda:0')	2.698815131724092
268200.0	6000.0	3311.974450600572	0.0	0	649.4097821674077	3511.9744506002753	1	0	tensor(3, device='cuda:0')	2.698815131724108
269200.0	6000.0	3311.9744506005454	0.0	0	142.46283863019198	3511.9744506002753	1	0	tensor(3, device='cuda:0')	2.698815131724108
270200.0	6000.0	3311.974450600543	0.0	0	448.71261579269776	3511.9744506002753	1	0	tensor(3, device='cuda:0')	2.698815131724108
271200.0	6000.0	3311.9744506005463	0.0	0	398.00420135160675	3511.9744506002753	1	0	tensor(3, device='cuda:0')	2.698815131724108
272200.0	6000.0	3311.974450600527	0.0	0	479.4400534243323	3511.9744506002753	1	0	tensor(3, device='cuda:0')	2.698815131724108
273200.0	6000.0	3311.9744506004727	0.0	0	462.60329079732765	3511.9744506003335	1	0	tensor(3, device='cuda:0')	2.698815131724092
274200.0	6000.0	3311.9744506004154	0.0	0	509.64373948518187	3511.9744506002753	1	0	tensor(3, device='cuda:0')	2.698815131724108
275200.0	6000.0	3311.9744506004513	0.0	0	224.84397489659023	3511.9744506002753	1	0	tensor(3, device='cuda:0')	2.698815131724108
276200.0	6000.0	3311.974450600464	0.0	0	301.8413111845148	3511.9744506002753	1	0	tensor(3, device='cuda:0')	2.698815131724108
277200.0	6000.0	3311.974450600458	0.0	0	124.49575055582682	3511.9744506002753	1	0	tensor(3, device='cuda:0')	2.698815131724108
278200.0	6000.0	3311.974450600455	0.0	0	239.4118773258524	3511.9744506002753	1	0	tensor(3, device='cuda:0')	2.698815131724108
279200.0	6000.0	3311.974450600514	0.0	0	392.6390243845526	3511.9744506003335	1	0	tensor(3, device='cuda:0')	2.698815131724092
280200.0	6000.0	3311.9744506005263	0.0	0	209.83070927421795	3511.9744506003917	1	0	tensor(3, device='cuda:0')	2.698815131724075
281200.0	6000.0	3311.9744506004868	0.0	0	290.42599745554617	3511.9744506003917	1	0	tensor(3, device='cuda:0')	2.698815131724075
282200.0	6000.0	3311.974450600502	0.0	0	563.3429136641207	3511.9744506003917	1	0	tensor(3, device='cuda:0')	2.698815131724075
283200.0	6000.0	3311.974450600514	0.0	0	476.2678129449487	3511.9744506003917	1	0	tensor(3, device='cuda:0')	2.698815131724075
284200.0	6000.0	3311.9744506005186	0.0	0	391.9206605965155	3511.97445060045	1	0	tensor(3, device='cuda:0')	2.698815131724058
285200.0	6000.0	3311.9744506005613	0.0	0	308.51552162942244	3511.974450600508	1	0	tensor(3, device='cuda:0')	2.6988151317240416
286329.44366253493	6000.0	3182.5307880656014	0.0	0	0.0	3511.974450600508	1	0	tensor(3, device='cuda:0')	2.6988151317240416
287200.0	6000.0	3311.9744506005586	0.0	0	340.64269658143166	3511.974450600508	1	0	tensor(3, device='cuda:0')	2.6988151317240416
288200.0	6000.0	3311.974450600586	0.0	0	477.2828947843518	3511.9744506005663	1	0	tensor(3, device='cuda:0')	2.6988151317240257
289200.0	6000.0	3311.9744506005795	0.0	0	234.40225341398036	3511.9744506005663	1	0	tensor(3, device='cuda:0')	2.6988151317240257
290200.0	6000.0	3311.9744506005864	0.0	0	334.61128237791127	3511.9744506005663	1	0	tensor(3, device='cuda:0')	2.6988151317240257
291200.0	6000.0	3311.9744506006236	0.0	0	185.61846880341182	3511.9744506005663	1	0	tensor(3, device='cuda:0')	2.6988151317240257
292200.0	6000.0	3311.974450600613	0.0	0	181.11319760099286	3511.9744506005663	1	0	tensor(3, device='cuda:0')	2.6988151317240257
293200.0	6000.0	3311.974450600609	0.0	0	262.81621908943634	3511.9744506005663	1	0	tensor(3, device='cuda:0')	2.6988151317240257
294200.0	6000.0	3311.9744506006436	0.0	0	476.15547609422356	3511.9744506005663	1	0	tensor(3, device='cuda:0')	2.6988151317240257
295200.0	6000.0	3311.9744506006627	0.0	0	336.82006174582057	3511.9744506005663	1	0	tensor(3, device='cuda:0')	2.6988151317240257
296200.0	6000.0	3311.9744506006823	0.0	0	487.1618375913822	3511.9744506005663	1	0	tensor(3, device='cuda:0')	2.6988151317240257
297200.0	6000.0	3311.9744506006464	0.0	0	458.4050502666505	3511.9744506005663	1	0	tensor(3, device='cuda:0')	2.6988151317240257
298200.0	6000.0	3311.9744506006127	0.0	0	287.8774542020983	3511.9744506006246	1	0	tensor(3, device='cuda:0')	2.6988151317240088
299200.0	6000.0	3311.9744506005677	0.0	0	418.1794689375092	3511.9744506006246	1	0	tensor(3, device='cuda:0')	2.6988151317240088
300200.0	6000.0	3311.9744506005723	0.0	0	420.86892115249066	3511.9744506006246	1	0	tensor(3, device='cuda:0')	2.6988151317240088
301200.0	6000.0	3311.9744506006195	0.0	0	316.01476976962294	3511.9744506006246	1	0	tensor(3, device='cuda:0')	2.6988151317240088
302200.0	6000.0	3311.9744506005813	0.0	0	349.6347124367021	3511.9744506006246	1	0	tensor(3, device='cuda:0')	2.6988151317240088
303200.0	6000.0	3311.974450600563	0.0	0	378.00373090512585	3511.9744506006246	1	0	tensor(3, device='cuda:0')	2.6988151317240088
14.4	12.7	8.47	8.87	6.59	7.53	8.69	8.17	10.5	10.4	14.2	5.46	8.79	9.75	13.7	14.2	6.07	4.69	6.17	12.0	11.1	12.9	7.84	7.67	9.11	11.3	14.3	9.65	13.5	19.6	13.2	10.1	9.52	7.34	9.05	7.75	7.59	5.33	9.16	12.6	14.2	12.7	8.07	9.41	12.7	8.16	10.6	16.3	9.82	8.54	8.64	13.4	11.4	10.4	9.59	14.5	16.2	12.7	10.4	8.27	10.6	16.9	18.7	10.1	11.0	14.6	13.1	11.6	6.88	6.6	8.31	14.7	13.2	15.9	8.58	11.0	10.6	6.87	7.87	8.61	8.94	14.8	12.1	15.1	12.5	12.1	13.5	11.9	9.55	8.53	10.3	13.5	10.9	10.6	12.3	16.8	16.8	12.6	9.79	9.13	11.1	13.6	9.24	10.4	10.2	8.66	8.51	10.8	6.24	3.42	5.21	9.08	4.51	8.06	11.2	10.1	11.1	14.6	6.8	8.83	9.53	10.9	12.4	13.6	14.7	9.51	11.7	11.2	10.9	9.2	9.45	8.13	8.58	8.83	12.9	10.9	13.4	16.4	11.2	8.64	7.87	9.85	9.7	10.6	10.7	11.3	8.42	8.75	8.62	8.79	7.14	10.6	15.0	13.2	4.97	10.6	13.2	9.95	12.8	12.4	5.12	11.3	13.9	10.8	8.57	8.95	13.5	11.8	12.1	10.0	13.8	7.36	7.94	13.8	9.86	6.31	8.65	8.83	8.62	10.6	7.96	8.05	10.2	12.1	9.5	9.48	11.7	9.7	7.61	10.3	9.24	8.11	7.89	10.0	12.7	14.8	15.1	10.7	13.4	14.8	12.4	6.08	5.48	10.5	8.63	10.9	16.1	17.4	19.4	11.0	9.12	10.0	7.87	13.8	14.6	10.3	7.32	6.81	9.38	12.0	12.4	16.5	11.2	10.8	8.63	9.42	11.5	9.42	7.7	7.49	9.63	9.38	9.23	11.8	13.7	10.2	10.9	10.0	12.9	9.77	6.3	7.87	6.97	7.34	9.94	13.8	12.6	12.2	13.1	10.8	9.7	14.1	12.1	13.5	12.0	16.6	12.1	13.6	11.5	12.3	17.5	11.4	9.43	10.9	9.93	15.1	14.4	10.7	9.77	5.97	7.07	10.7	13.3	9.29	11.1	10.3	10.8	8.85	8.57	6.5	9.08	9.09	7.8	7.39	7.52	6.24	10.8	13.3	10.7	8.63	9.12	9.14	11.0	9.28	9.08	7.04	8.34	9.02	7.89	9.04	10.0
1576.0	1577.0	1578.0	1579.0	1580.0	1581.0	1582.0	1583.0	1584.0	1585.0	1586.0	1587.0	1588.0	1589.0	1590.0	1591.0	1592.0	1593.0	1594.0	1595.0	1596.0	1597.0	1598.0	1599.0	1600.0	1601.0	1602.0	1603.0	1604.0	1605.0	1606.0	1607.0	1608.0	1609.0	1610.0	1611.0	1612.0	1613.0	1614.0	1615.0	1616.0	1617.0	1618.0	1619.0	1620.0	1621.0	1622.0	1623.0	1624.0	1625.0	1626.0	1627.0	1628.0	1629.0	1630.0	1631.0	1632.0	1633.0	1634.0	1635.0	1636.0	1637.0	1638.0	1639.0	1640.0	1641.0	1642.0	1643.0	1644.0	1645.0	1646.0	1647.0	1648.0	1649.0	1650.0	1651.0	1652.0	1653.0	1654.0	1655.0	1656.0	1657.0	1658.0	1659.0	1660.0	1661.0	1662.0	1663.0	1664.0	1665.0	1666.0	1667.0	1668.0	1669.0	1670.0	1671.0	1672.0	1673.0	1674.0	1675.0	1676.0	1677.0	1678.0	1679.0	1680.0	1681.0	1682.0	1683.0	1684.0	1685.0	1686.0	1687.0	1688.0	1689.0	1690.0	1691.0	1692.0	1693.0	1694.0	1695.0	1696.0	1697.0	1698.0	1699.0	1700.0	1701.0	1702.0	1703.0	1704.0	1705.0	1706.0	1707.0	1708.0	1709.0	1710.0	1711.0	1712.0	1713.0	1714.0	1715.0	1716.0	1717.0	1718.0	1719.0	1720.0	1721.0	1722.0	1723.0	1724.0	1725.0	1726.0	1727.0	1728.0	1729.0	1730.0	1731.0	1732.0	1733.0	1734.0	1735.0	1736.0	1737.0	1738.0	1739.0	1740.0	1741.0	1742.0	1743.0	1744.0	1745.0	1746.0	1747.0	1748.0	1749.0	1750.0	1751.0	1752.0	1753.0	1754.0	1755.0	1756.0	1757.0	1758.0	1759.0	1760.0	1761.0	1762.0	1763.0	1764.0	1765.0	1766.0	1767.0	1768.0	1769.0	1770.0	1771.0	1772.0	1773.0	1774.0	1775.0	1776.0	1777.0	1778.0	1779.0	1780.0	1781.0	1782.0	1783.0	1784.0	1785.0	1786.0	1787.0	1788.0	1789.0	1790.0	1791.0	1792.0	1793.0	1794.0	1795.0	1796.0	1797.0	1798.0	1799.0	1800.0	1801.0	1802.0	1803.0	1804.0	1805.0	1806.0	1807.0	1808.0	1809.0	1810.0	1811.0	1812.0	1813.0	1814.0	1815.0	1816.0	1817.0	1818.0	1819.0	1820.0	1821.0	1822.0	1823.0	1824.0	1825.0	1826.0	1827.0	1828.0	1829.0	1830.0	1831.0	1832.0	1833.0	1834.0	1835.0	1836.0	1837.0	1838.0	1839.0	1840.0	1841.0	1842.0	1843.0	1844.0	1845.0	1846.0	1847.0	1848.0	1849.0	1850.0	1851.0	1852.0	1853.0	1854.0	1855.0	1856.0	1857.0	1858.0	1859.0	1860.0	1861.0	1862.0	1863.0	1864.0	1865.0	1866.0	1867.0	1868.0	1869.0	1870.0	1871.0	1872.0	1873.0	1874.0	1875.0	1876.0
6361.0
