10119.33356373802	1000.0	2000.0	109.58444580414029	0	0.0	7119.3335637380205	1	0	tensor(6, device='cuda:0')	-12.647723445887419
10238.52372917623	1000.0	2880.8098345617914	0.0	0	0.0	4119.333563738023	1	0	tensor(6, device='cuda:0')	-8.315386079255914
10872.147788647171	6000.0	3247.1857750908507	0.0	0	0.0	4119.333563738024	1	0	tensor(3, device='cuda:0')	0.684613920744082
11777.343805970402	6000.0	3341.98975776762	0.0	0	0.0	4119.333563738024	1	0	tensor(3, device='cuda:0')	2.4763733899721365
12612.371071753461	6000.0	3506.96249198456	0.0	0	0.0	4119.333563738022	1	0	tensor(3, device='cuda:0')	2.476373389972137
13488.619898986268	6000.0	3630.7136647517527	0.0	0	0.0	4119.3335637380205	1	0	tensor(3, device='cuda:0')	2.4763733899721383
14268.734589606756	6000.0	3850.5989741312637	0.0	0	0.0	4119.3335637380205	1	0	tensor(3, device='cuda:0')	2.4763733899721383
15200.0	6000.0	3919.3335637380187	0.0	0	424.119533461997	4119.333563738019	1	0	tensor(3, device='cuda:0')	2.476373389972139
16200.0	6000.0	3919.333563738017	0.0	0	142.73510470277142	4119.333563738017	1	0	tensor(3, device='cuda:0')	2.47637338997214
17200.0	6000.0	3919.333563738019	0.0	0	460.2398597531501	4119.333563738017	1	0	tensor(3, device='cuda:0')	2.47637338997214
18200.0	6000.0	3919.3335637380196	0.0	0	349.17500115029543	4119.333563738019	1	0	tensor(3, device='cuda:0')	2.4763733899721396
19200.0	6000.0	3919.3335637380205	0.0	0	246.2459775688294	4119.333563738019	1	0	tensor(3, device='cuda:0')	2.4763733899721396
20200.0	6000.0	3919.33356373802	0.0	0	292.5499036990441	4119.333563738019	1	0	tensor(3, device='cuda:0')	2.4763733899721396
21200.0	6000.0	3919.3335637380187	0.0	0	364.7832494036047	4119.333563738019	1	0	tensor(3, device='cuda:0')	2.476373389972139
22200.0	6000.0	3919.3335637380173	0.0	0	268.27898783396085	4119.333563738022	1	0	tensor(3, device='cuda:0')	2.4763733899721374
23200.0	6000.0	3919.3335637380137	0.0	0	330.82278288654925	4119.333563738022	1	0	tensor(3, device='cuda:0')	2.4763733899721374
24200.0	6000.0	3919.3335637380133	0.0	0	428.319229989811	4119.333563738022	1	0	tensor(3, device='cuda:0')	2.4763733899721374
25200.0	6000.0	3919.3335637380137	0.0	0	277.7133501313547	4119.333563738022	1	0	tensor(3, device='cuda:0')	2.4763733899721374
26200.0	6000.0	3919.3335637380133	0.0	0	311.0250222537943	4119.333563738022	1	0	tensor(3, device='cuda:0')	2.4763733899721374
27605.45847566888	6000.0	3513.8750880691323	0.0	0	0.0	4119.333563738022	1	0	tensor(3, device='cuda:0')	2.4763733899721374
28394.72094150275	6000.0	3724.6126222352605	0.0	0	0.0	4119.333563738022	1	0	tensor(3, device='cuda:0')	2.4763733899721374
29200.0	6000.0	3919.3335637380096	0.0	0	32.418376541558246	4119.333563738022	1	0	tensor(3, device='cuda:0')	2.4763733899721374
30200.0	6000.0	3919.3335637380087	0.0	0	196.55368152827214	4119.333563738022	1	0	tensor(3, device='cuda:0')	2.4763733899721374
31200.0	6000.0	3919.3335637380123	0.0	0	299.1784969699074	4119.333563738026	1	0	tensor(3, device='cuda:0')	2.4763733899721356
32200.0	6000.0	3919.3335637380105	0.0	0	298.76377318557934	4119.333563738022	1	0	tensor(3, device='cuda:0')	2.4763733899721374
33200.0	6000.0	3919.3335637380133	0.0	0	298.90115777346	4119.333563738026	1	0	tensor(3, device='cuda:0')	2.476373389972137
34200.0	6000.0	3919.333563738021	0.0	0	568.9906128250295	4119.333563738033	1	0	tensor(3, device='cuda:0')	2.476373389972134
35235.52015185316	6000.0	3883.813411884865	0.0	0	0.0	4119.3335637380405	1	0	tensor(3, device='cuda:0')	2.47637338997213
36268.83765698991	6000.0	3850.4959067481072	0.0	0	0.0	4119.333563738033	1	0	tensor(3, device='cuda:0')	2.476373389972131
37446.532190701684	6000.0	3672.8013730363323	0.0	0	0.0	4119.333563738037	1	0	tensor(3, device='cuda:0')	2.476373389972131
38200.0	6000.0	3919.333563738013	0.0	0	118.6861424055096	4119.333563738037	1	0	tensor(3, device='cuda:0')	2.4763733899721307
39200.0	6000.0	3919.3335637380137	0.0	0	476.23816665131744	4119.333563738044	1	0	tensor(3, device='cuda:0')	2.4763733899721276
40200.0	6000.0	3919.333563738017	0.0	0	667.6864217283219	4119.333563738044	1	0	tensor(3, device='cuda:0')	2.4763733899721276
41200.0	6000.0	3919.3335637380187	0.0	0	561.8339939706711	4119.333563738044	1	0	tensor(3, device='cuda:0')	2.4763733899721276
42200.0	6000.0	3919.33356373802	0.0	0	627.639926673306	4119.333563738051	1	0	tensor(3, device='cuda:0')	2.4763733899721245
43200.0	6000.0	3919.333563738021	0.0	0	502.51357210430433	4119.333563738044	1	0	tensor(3, device='cuda:0')	2.4763733899721276
44200.0	6000.0	3919.333563738015	0.0	0	455.51867830450647	4119.333563738044	1	0	tensor(3, device='cuda:0')	2.4763733899721276
45200.0	6000.0	3919.333563738015	0.0	0	135.8943744120188	4119.333563738051	1	0	tensor(3, device='cuda:0')	2.4763733899721245
46200.0	6000.0	3919.33356373802	0.0	0	115.27032267105824	4119.333563738051	1	0	tensor(3, device='cuda:0')	2.4763733899721245
47200.0	6000.0	3919.3335637380146	0.0	0	368.4245019824448	4119.333563738051	1	0	tensor(3, device='cuda:0')	2.4763733899721245
48200.0	6000.0	3919.333563738016	0.0	0	351.8216082379877	4119.333563738051	1	0	tensor(3, device='cuda:0')	2.4763733899721245
49200.0	6000.0	3919.3335637380205	0.0	0	270.98663029282034	4119.333563738051	1	0	tensor(3, device='cuda:0')	2.4763733899721245
50200.0	6000.0	3919.3335637380196	0.0	0	340.1728780765843	4119.333563738051	1	0	tensor(3, device='cuda:0')	2.4763733899721245
51200.0	6000.0	3919.333563738024	0.0	0	591.9525784024663	4119.333563738051	1	0	tensor(3, device='cuda:0')	2.4763733899721245
52200.0	6000.0	3919.3335637380246	0.0	0	162.26798803838028	4119.333563738051	1	0	tensor(3, device='cuda:0')	2.4763733899721245
53200.0	6000.0	3919.3335637380333	0.0	0	21.57639676850522	4119.333563738051	1	0	tensor(3, device='cuda:0')	2.4763733899721245
54200.0	6000.0	3919.3335637380374	0.0	0	404.26735438440664	4119.333563738051	1	0	tensor(3, device='cuda:0')	2.4763733899721245
55200.0	6000.0	3919.3335637380337	0.0	0	201.41873544908594	4119.333563738044	1	0	tensor(3, device='cuda:0')	2.4763733899721276
56200.0	6000.0	3919.333563738037	0.0	0	368.7627676125194	4119.333563738044	1	0	tensor(3, device='cuda:0')	2.4763733899721276
57200.0	6000.0	3919.3335637380355	0.0	0	369.95185105127894	4119.333563738044	1	0	tensor(3, device='cuda:0')	2.4763733899721276
58200.0	6000.0	3919.3335637380305	0.0	0	250.3617964723744	4119.333563738037	1	0	tensor(3, device='cuda:0')	2.4763733899721294
59200.0	6000.0	3919.3335637380246	0.0	0	418.18732362067385	4119.333563738037	1	0	tensor(3, device='cuda:0')	2.4763733899721307
60377.02462897241	6000.0	3742.308934765619	0.0	0	0.0	4119.333563738037	1	0	tensor(3, device='cuda:0')	2.4763733899721307
61219.903068218686	6000.0	3899.4304955193397	0.0	0	0.0	4119.333563738037	1	0	tensor(3, device='cuda:0')	2.4763733899721307
62200.0	6000.0	3919.333563738028	0.0	0	276.09521666663204	4119.333563738037	1	0	tensor(3, device='cuda:0')	2.4763733899721307
63200.0	6000.0	3919.333563738037	0.0	0	226.76662160657725	4119.333563738037	1	0	tensor(3, device='cuda:0')	2.4763733899721307
64200.0	6000.0	3919.3335637380437	0.0	0	537.4430364048312	4119.333563738037	1	0	tensor(3, device='cuda:0')	2.4763733899721307
65200.0	6000.0	3919.3335637380465	0.0	0	454.404776619318	4119.333563738044	1	0	tensor(3, device='cuda:0')	2.4763733899721276
66200.0	6000.0	3919.3335637380637	0.0	0	186.50384682540607	4119.333563738066	1	0	tensor(3, device='cuda:0')	2.476373389972122
67200.0	6000.0	3919.3335637380455	0.0	0	219.97384915151633	4119.333563738051	1	0	tensor(3, device='cuda:0')	2.47637338997212
68200.0	6000.0	3919.3335637380374	0.0	0	653.0141148790717	4119.333563738037	1	0	tensor(3, device='cuda:0')	2.476373389972129
69200.0	6000.0	3919.3335637380474	0.0	0	492.30815964605426	4119.333563738051	1	0	tensor(3, device='cuda:0')	2.4763733899721276
70200.0	6000.0	3919.333563738046	0.0	0	320.75481427543855	4119.333563738051	1	0	tensor(3, device='cuda:0')	2.476373389972126
71200.0	6000.0	3919.333563738037	0.0	0	478.1573626749305	4119.333563738051	1	0	tensor(3, device='cuda:0')	2.4763733899721245
72200.0	6000.0	3919.3335637380364	0.0	0	677.2402091347176	4119.333563738051	1	0	tensor(3, device='cuda:0')	2.4763733899721245
73200.0	6000.0	3919.3335637380283	0.0	0	612.7663664851716	4119.333563738051	1	0	tensor(3, device='cuda:0')	2.4763733899721245
74200.0	6000.0	3919.3335637380205	0.0	0	551.580826853402	4119.333563738051	1	0	tensor(3, device='cuda:0')	2.4763733899721245
75200.0	6000.0	3919.333563738019	0.0	0	432.5584239642194	4119.333563738051	1	0	tensor(3, device='cuda:0')	2.4763733899721245
76200.0	6000.0	3919.3335637380205	0.0	0	331.67731732918764	4119.333563738051	1	0	tensor(3, device='cuda:0')	2.4763733899721245
77200.0	6000.0	3919.333563738016	0.0	0	195.57422929526365	4119.333563738051	1	0	tensor(3, device='cuda:0')	2.4763733899721245
78200.0	6000.0	3919.333563738017	0.0	0	342.99126511102077	4119.333563738051	1	0	tensor(3, device='cuda:0')	2.4763733899721245
79200.0	6000.0	3919.3335637380264	0.0	0	126.30744528469222	4119.333563738066	1	0	tensor(3, device='cuda:0')	2.4763733899721174
80200.0	6000.0	3919.333563738016	0.0	0	407.2202601989411	4119.333563738066	1	0	tensor(3, device='cuda:0')	2.4763733899721174
81200.0	6000.0	3919.3335637380173	0.0	0	404.6749451605865	4119.333563738081	1	0	tensor(3, device='cuda:0')	2.4763733899721108
82200.0	6000.0	3919.3335637380137	0.0	0	593.4553342859726	4119.333563738081	1	0	tensor(3, device='cuda:0')	2.4763733899721108
83200.0	6000.0	3919.33356373801	0.0	0	308.6972382877575	4119.333563738081	1	0	tensor(3, device='cuda:0')	2.4763733899721108
84200.0	6000.0	3919.3335637379914	0.0	0	357.1015207061573	4119.333563738081	1	0	tensor(3, device='cuda:0')	2.4763733899721108
85200.0	6000.0	3919.3335637380023	0.0	0	148.4255846910528	4119.333563738081	1	0	tensor(3, device='cuda:0')	2.4763733899721108
86200.0	6000.0	3919.3335637379873	0.0	0	452.79376844166836	4119.333563738081	1	0	tensor(3, device='cuda:0')	2.4763733899721108
87200.0	6000.0	3919.3335637379873	0.0	0	447.047851611831	4119.333563738081	1	0	tensor(3, device='cuda:0')	2.4763733899721108
88200.0	6000.0	3919.3335637379996	0.0	0	321.2480835759925	4119.333563738095	1	0	tensor(3, device='cuda:0')	2.476373389972104
89200.0	6000.0	3919.3335637379923	0.0	0	375.28312835859833	4119.333563738081	1	0	tensor(3, device='cuda:0')	2.4763733899721108
90425.58453483043	6000.0	3693.749028907581	0.0	0	0.0	4119.333563738095	1	0	tensor(3, device='cuda:0')	2.4763733899721054
91538.23973299598	6000.0	3581.0938307420342	0.0	0	0.0	4119.33356373811	1	0	tensor(3, device='cuda:0')	2.4763733899720974
92422.36928106334	6000.0	3696.9642826746735	0.0	0	0.0	4119.33356373811	1	0	tensor(3, device='cuda:0')	2.4763733899720974
93200.0	6000.0	3919.33356373802	0.0	0	182.17355380326626	4119.33356373811	1	0	tensor(3, device='cuda:0')	2.4763733899720974
94200.0	6000.0	3919.333563738029	0.0	0	530.0189072970097	4119.333563738124	1	0	tensor(3, device='cuda:0')	2.4763733899720908
95200.0	6000.0	3919.333563738028	0.0	0	482.332883914627	4119.333563738124	1	0	tensor(3, device='cuda:0')	2.4763733899720908
96200.0	6000.0	3919.3335637380396	0.0	0	188.49388580057712	4119.333563738124	1	0	tensor(3, device='cuda:0')	2.4763733899720908
97200.0	6000.0	3919.3335637380537	0.0	0	526.374624358883	4119.333563738124	1	0	tensor(3, device='cuda:0')	2.4763733899720908
98200.0	6000.0	3919.3335637380533	0.0	0	582.4529025255761	4119.333563738124	1	0	tensor(3, device='cuda:0')	2.4763733899720908
99200.0	6000.0	3919.3335637380587	0.0	0	209.9624297053233	4119.333563738124	1	0	tensor(3, device='cuda:0')	2.4763733899720908
100200.0	6000.0	3919.33356373807	0.0	0	475.3608112326474	4119.333563738124	1	0	tensor(3, device='cuda:0')	2.4763733899720908
101200.0	6000.0	3919.333563738069	0.0	0	199.2983494089858	4119.333563738124	1	0	tensor(3, device='cuda:0')	2.4763733899720908
102200.0	6000.0	3919.3335637380737	0.0	0	224.22937289142283	4119.333563738124	1	0	tensor(3, device='cuda:0')	2.4763733899720908
103200.0	6000.0	3919.333563738081	0.0	0	285.58719043573365	4119.333563738124	1	0	tensor(3, device='cuda:0')	2.4763733899720908
104200.0	6000.0	3919.3335637380696	0.0	0	217.01934426913795	4119.333563738124	1	0	tensor(3, device='cuda:0')	2.4763733899720908
105200.0	6000.0	3919.3335637380465	0.0	0	427.70743402170774	4119.33356373811	1	0	tensor(3, device='cuda:0')	2.4763733899720974
106200.0	6000.0	3919.3335637380524	0.0	0	138.89852886096924	4119.33356373811	1	0	tensor(3, device='cuda:0')	2.4763733899720974
107200.0	6000.0	3919.333563738047	0.0	0	314.4298996255966	4119.33356373811	1	0	tensor(3, device='cuda:0')	2.4763733899720974
108200.0	6000.0	3919.333563738062	0.0	0	583.5372608679609	4119.333563738095	1	0	tensor(3, device='cuda:0')	2.476373389972104
109200.0	6000.0	3919.3335637380537	0.0	0	509.0872564686433	4119.333563738095	1	0	tensor(3, device='cuda:0')	2.476373389972104
110200.0	6000.0	3919.333563738056	0.0	0	486.1237816269859	4119.333563738095	1	0	tensor(3, device='cuda:0')	2.476373389972104
111200.0	6000.0	3919.333563738073	0.0	0	478.0843687032029	4119.33356373811	1	0	tensor(3, device='cuda:0')	2.4763733899720974
112200.0	6000.0	3919.3335637380756	0.0	0	328.40053884235385	4119.33356373811	1	0	tensor(3, device='cuda:0')	2.4763733899720974
113200.0	6000.0	3919.333563738085	0.0	0	386.36442172454554	4119.33356373811	1	0	tensor(3, device='cuda:0')	2.4763733899720974
114200.0	6000.0	3919.333563738093	0.0	0	448.6375572899997	4119.33356373811	1	0	tensor(3, device='cuda:0')	2.4763733899720974
115200.0	6000.0	3919.333563738075	0.0	0	555.6277852345956	4119.33356373811	1	0	tensor(3, device='cuda:0')	2.4763733899720974
116200.0	6000.0	3919.333563738076	0.0	0	623.4811307517084	4119.33356373811	1	0	tensor(3, device='cuda:0')	2.4763733899720974
117200.0	6000.0	3919.333563738077	0.0	0	643.7952079549577	4119.333563738124	1	0	tensor(3, device='cuda:0')	2.4763733899720908
118200.0	6000.0	3919.333563738075	0.0	0	435.9019175982685	4119.333563738124	1	0	tensor(3, device='cuda:0')	2.4763733899720908
119200.0	6000.0	3919.333563738086	0.0	0	517.4080490962951	4119.333563738139	1	0	tensor(3, device='cuda:0')	2.476373389972084
120200.0	6000.0	3919.333563738095	0.0	0	369.6467393103667	4119.333563738139	1	0	tensor(3, device='cuda:0')	2.476373389972084
121200.0	6000.0	3919.3335637380737	0.0	0	599.1031749446265	4119.333563738139	1	0	tensor(3, device='cuda:0')	2.476373389972084
122200.0	6000.0	3919.333563738091	0.0	0	540.0395250128204	4119.333563738153	1	0	tensor(3, device='cuda:0')	2.4763733899720775
123200.0	6000.0	3919.333563738087	0.0	0	575.9208224198956	4119.333563738153	1	0	tensor(3, device='cuda:0')	2.4763733899720775
124200.0	6000.0	3919.333563738083	0.0	0	543.2514571438369	4119.333563738153	1	0	tensor(3, device='cuda:0')	2.4763733899720775
125200.0	6000.0	3919.3335637380883	0.0	0	218.483920301951	4119.333563738153	1	0	tensor(3, device='cuda:0')	2.4763733899720775
126200.0	6000.0	3919.3335637380733	0.0	0	231.37436634105688	4119.333563738139	1	0	tensor(3, device='cuda:0')	2.476373389972084
127200.0	6000.0	3919.3335637380555	0.0	0	392.48181716639374	4119.333563738139	1	0	tensor(3, device='cuda:0')	2.476373389972084
128200.0	6000.0	3919.3335637380587	0.0	0	408.5397465846181	4119.333563738139	1	0	tensor(3, device='cuda:0')	2.476373389972084
129200.0	6000.0	3919.3335637380624	0.0	0	321.39412820078724	4119.333563738139	1	0	tensor(3, device='cuda:0')	2.476373389972084
130200.0	6000.0	3919.33356373807	0.0	0	526.4646221444564	4119.333563738139	1	0	tensor(3, device='cuda:0')	2.476373389972084
131200.0	6000.0	3919.3335637380856	0.0	0	586.2091211077641	4119.333563738153	1	0	tensor(3, device='cuda:0')	2.4763733899720775
132200.0	6000.0	3919.3335637380396	0.0	0	614.9025599931774	4119.333563738095	1	0	tensor(3, device='cuda:0')	2.4763733899720948
133200.0	6000.0	3919.333563738061	0.0	0	584.8320906336303	4119.333563738124	1	0	tensor(3, device='cuda:0')	2.476373389972092
134200.0	6000.0	3919.33356373806	0.0	0	629.3291136786574	4119.33356373811	1	0	tensor(3, device='cuda:0')	2.476373389972096
135200.0	6000.0	3919.3335637380465	0.0	0	142.15428634238197	4119.333563738095	1	0	tensor(3, device='cuda:0')	2.4763733899721014
136200.0	6000.0	3919.333563738082	0.0	0	228.6009272056108	4119.333563738124	1	0	tensor(3, device='cuda:0')	2.4763733899720908
137200.0	6000.0	3919.3335637380924	0.0	0	372.59334030604805	4119.333563738124	1	0	tensor(3, device='cuda:0')	2.4763733899720908
138200.0	6000.0	3919.333563738064	0.0	0	531.0283176334342	4119.333563738124	1	0	tensor(3, device='cuda:0')	2.4763733899720908
139200.0	6000.0	3919.3335637380874	0.0	0	440.8817774326599	4119.333563738124	1	0	tensor(3, device='cuda:0')	2.4763733899720908
140200.0	6000.0	3919.333563738058	0.0	0	143.11058032434084	4119.333563738095	1	0	tensor(3, device='cuda:0')	2.476373389972104
141200.0	6000.0	3919.333563738062	0.0	0	99.95595380140003	4119.333563738095	1	0	tensor(3, device='cuda:0')	2.476373389972104
142324.24063797342	6000.0	3795.092925764663	0.0	0	0.0	4119.333563738095	1	0	tensor(3, device='cuda:0')	2.476373389972104
143309.7437896691	6000.0	3809.5897740689725	0.0	0	0.0	4119.333563738095	1	0	tensor(3, device='cuda:0')	2.476373389972104
144208.55793320423	6000.0	3910.775630533867	0.0	0	0.0	4119.333563738124	1	0	tensor(3, device='cuda:0')	2.4763733899720908
145200.0	6000.0	3919.333563738075	0.0	0	395.2799951568304	4119.333563738124	1	0	tensor(3, device='cuda:0')	2.4763733899720908
146200.0	6000.0	3919.3335637380933	0.0	0	459.22769550132216	4119.333563738124	1	0	tensor(3, device='cuda:0')	2.4763733899720908
147200.0	6000.0	3919.3335637380987	0.0	0	336.2948288296466	4119.333563738124	1	0	tensor(3, device='cuda:0')	2.4763733899720908
148200.0	6000.0	3919.333563738092	0.0	0	136.51465476723388	4119.333563738124	1	0	tensor(3, device='cuda:0')	2.4763733899720908
149200.0	6000.0	3919.3335637380806	0.0	0	525.5141688683361	4119.333563738095	1	0	tensor(3, device='cuda:0')	2.476373389972104
150200.0	6000.0	3919.3335637380965	0.0	0	469.1124557015428	4119.333563738095	1	0	tensor(3, device='cuda:0')	2.476373389972104
151200.0	6000.0	3919.3335637380796	0.0	0	145.04970132603194	4119.333563738095	1	0	tensor(3, device='cuda:0')	2.476373389972104
152200.0	6000.0	3919.333563738108	0.0	0	251.11481705555343	4119.333563738095	1	0	tensor(3, device='cuda:0')	2.476373389972104
153200.0	6000.0	3919.333563738091	0.0	0	267.882928055973	4119.333563738095	1	0	tensor(3, device='cuda:0')	2.476373389972104
154200.0	6000.0	3919.3335637380455	0.0	0	658.621076037176	4119.333563738095	1	0	tensor(3, device='cuda:0')	2.476373389972104
155200.0	6000.0	3919.3335637380474	0.0	0	441.5532968317857	4119.333563738095	1	0	tensor(3, device='cuda:0')	2.476373389972104
156200.0	6000.0	3919.3335637380314	0.0	0	518.1593908219365	4119.333563738095	1	0	tensor(3, device='cuda:0')	2.476373389972104
157200.0	6000.0	3919.33356373802	0.0	0	498.9302172602911	4119.333563738095	1	0	tensor(3, device='cuda:0')	2.476373389972104
158200.0	6000.0	3919.333563738008	0.0	0	474.66879058314953	4119.333563738095	1	0	tensor(3, device='cuda:0')	2.476373389972104
159200.0	6000.0	3919.3335637380123	0.0	0	109.38744567742106	4119.333563738095	1	0	tensor(3, device='cuda:0')	2.476373389972104
160200.0	6000.0	3919.3335637380233	0.0	0	295.3139167816262	4119.333563738124	1	0	tensor(3, device='cuda:0')	2.4763733899720908
161225.47100857808	6000.0	3893.8625551599202	0.0	0	206.06861648903578	4119.333563738124	1	0	tensor(3, device='cuda:0')	2.4763733899720908
162605.13137159054	6000.0	3514.202192147492	0.0	0	0.0	4119.333563738153	1	0	tensor(3, device='cuda:0')	2.4763733899720775
163680.25824592035	6000.0	3439.075317817653	0.0	0	0.0	4119.333563738153	1	0	tensor(3, device='cuda:0')	2.4763733899720775
164444.4568169626	6000.0	3674.8767467754456	0.0	0	0.0	4119.333563738153	1	0	tensor(3, device='cuda:0')	2.4763733899720775
165200.0	6000.0	3919.3335637380683	0.0	0	193.26196123904083	4119.333563738182	1	0	tensor(3, device='cuda:0')	2.476373389972064
166200.0	6000.0	3919.333563738092	0.0	0	430.75510262988973	4119.333563738182	1	0	tensor(3, device='cuda:0')	2.476373389972064
167200.0	6000.0	3919.333563738085	0.0	0	310.6974333236867	4119.333563738182	1	0	tensor(3, device='cuda:0')	2.476373389972064
168200.0	6000.0	3919.3335637381415	0.0	0	570.8466691434442	4119.3335637382115	1	0	tensor(3, device='cuda:0')	2.4763733899720504
169200.0	6000.0	3919.333563738128	0.0	0	415.1207138505997	4119.3335637382115	1	0	tensor(3, device='cuda:0')	2.4763733899720504
170200.0	6000.0	3919.3335637380956	0.0	0	411.51757124828873	4119.3335637382115	1	0	tensor(3, device='cuda:0')	2.4763733899720504
171200.0	6000.0	3919.333563738089	0.0	0	307.81838996644365	4119.333563738241	1	0	tensor(3, device='cuda:0')	2.4763733899720375
172200.0	6000.0	3919.333563738102	0.0	0	407.17638719722163	4119.3335637382115	1	0	tensor(3, device='cuda:0')	2.4763733899720504
173200.0	6000.0	3919.3335637380983	0.0	0	381.87076125096064	4119.3335637382115	1	0	tensor(3, device='cuda:0')	2.4763733899720504
174200.0	6000.0	3919.333563738096	0.0	0	121.45298344257753	4119.3335637382115	1	0	tensor(3, device='cuda:0')	2.4763733899720504
175200.0	6000.0	3919.3335637380974	0.0	0	214.5185996130458	4119.333563738182	1	0	tensor(3, device='cuda:0')	2.476373389972064
176200.0	6000.0	3919.333563738104	0.0	0	396.69216998666525	4119.3335637382115	1	0	tensor(3, device='cuda:0')	2.4763733899720504
177200.0	6000.0	3919.3335637381124	0.0	0	486.5614026063122	4119.3335637382115	1	0	tensor(3, device='cuda:0')	2.4763733899720504
178200.0	6000.0	3919.333563738104	0.0	0	527.1710957762843	4119.333563738241	1	0	tensor(3, device='cuda:0')	2.4763733899720375
179200.0	6000.0	3919.3335637380833	0.0	0	152.8712064101128	4119.333563738241	1	0	tensor(3, device='cuda:0')	2.4763733899720375
180200.0	6000.0	3919.3335637381106	0.0	0	332.0587094571965	4119.3335637382115	1	0	tensor(3, device='cuda:0')	2.4763733899720504
181200.0	6000.0	3919.3335637381065	0.0	0	447.91059418040095	4119.3335637382115	1	0	tensor(3, device='cuda:0')	2.4763733899720504
182200.0	6000.0	3919.3335637380833	0.0	0	471.6102561990847	4119.333563738182	1	0	tensor(3, device='cuda:0')	2.476373389972064
183200.0	6000.0	3919.3335637380655	0.0	0	433.7196438020037	4119.333563738182	1	0	tensor(3, device='cuda:0')	2.476373389972064
184200.0	6000.0	3919.333563738045	0.0	0	693.3075122305017	4119.3335637382115	1	0	tensor(3, device='cuda:0')	2.4763733899720504
185200.0	6000.0	3919.333563738057	0.0	0	629.2055784979311	4119.3335637382115	1	0	tensor(3, device='cuda:0')	2.4763733899720504
186200.0	6000.0	3919.3335637380487	0.0	0	553.450251206843	4119.3335637382115	1	0	tensor(3, device='cuda:0')	2.4763733899720504
187200.0	6000.0	3919.3335637380555	0.0	0	514.3240914095659	4119.3335637382115	1	0	tensor(3, device='cuda:0')	2.4763733899720504
188200.0	6000.0	3919.333563738029	0.0	0	540.6965802774357	4119.333563738182	1	0	tensor(3, device='cuda:0')	2.476373389972064
189200.0	6000.0	3919.3335637380196	0.0	0	406.8052293638757	4119.333563738182	1	0	tensor(3, device='cuda:0')	2.476373389972064
190200.0	6000.0	3919.3335637379987	0.0	0	300.4054675461666	4119.333563738182	1	0	tensor(3, device='cuda:0')	2.476373389972064
191200.0	6000.0	3919.3335637380196	0.0	0	126.66712553662364	4119.333563738182	1	0	tensor(3, device='cuda:0')	2.476373389972064
192498.53534958485	6000.0	3620.79821415315	0.0	0	0.0	4119.333563738182	1	0	tensor(3, device='cuda:0')	2.476373389972064
193799.6965220061	6000.0	3319.6370417319263	0.0	0	0.0	4119.333563738182	1	0	tensor(3, device='cuda:0')	2.476373389972064
195029.8603106321	6000.0	3089.4732531059262	0.0	0	0.0	4119.3335637382115	1	0	tensor(3, device='cuda:0')	2.4763733899720504
195753.2360218115	6000.0	3366.09754192653	0.0	0	0.0	4119.333563738241	1	0	tensor(3, device='cuda:0')	2.4763733899720375
196220.1244136534	6000.0	3899.209150084608	0.0	0	0.0	4119.3335637382115	1	0	tensor(3, device='cuda:0')	2.4763733899720504
197200.0	6000.0	3919.333563738018	0.0	0	505.2523688674264	4119.3335637382115	1	0	tensor(3, device='cuda:0')	2.4763733899720504
198200.0	6000.0	3919.333563738033	0.0	0	240.36887125618523	4119.3335637382115	1	0	tensor(3, device='cuda:0')	2.4763733899720504
199200.0	6000.0	3919.333563738038	0.0	0	446.19833898427896	4119.333563738182	1	0	tensor(3, device='cuda:0')	2.476373389972064
200200.0	6000.0	3919.3335637380424	0.0	0	601.1046298776346	4119.333563738182	1	0	tensor(3, device='cuda:0')	2.476373389972064
201200.0	6000.0	3919.3335637380237	0.0	0	415.1274198983738	4119.333563738153	1	0	tensor(3, device='cuda:0')	2.4763733899720775
202200.0	6000.0	3919.333563738017	0.0	0	359.2951658665261	4119.333563738153	1	0	tensor(3, device='cuda:0')	2.4763733899720775
203200.0	6000.0	3919.333563738	0.0	0	380.9498337978439	4119.333563738153	1	0	tensor(3, device='cuda:0')	2.4763733899720775
204200.0	6000.0	3919.3335637379973	0.0	0	250.7367966469319	4119.333563738153	1	0	tensor(3, device='cuda:0')	2.4763733899720775
205200.0	6000.0	3919.333563737998	0.0	0	236.65934718793142	4119.333563738153	1	0	tensor(3, device='cuda:0')	2.4763733899720775
206200.0	6000.0	3919.333563737987	0.0	0	105.80095834092936	4119.333563738153	1	0	tensor(3, device='cuda:0')	2.4763733899720775
207200.0	6000.0	3919.33356373797	0.0	0	196.80829220151645	4119.333563738153	1	0	tensor(3, device='cuda:0')	2.4763733899720775
208200.0	6000.0	3919.3335637379696	0.0	0	441.8854934296978	4119.333563738153	1	0	tensor(3, device='cuda:0')	2.4763733899720775
209200.0	6000.0	3919.333563737955	0.0	0	558.550951047102	4119.333563738153	1	0	tensor(3, device='cuda:0')	2.4763733899720775
210200.0	6000.0	3919.333563737931	0.0	0	392.3774723284005	4119.333563738124	1	0	tensor(3, device='cuda:0')	2.4763733899720908
211200.0	6000.0	3919.333563737943	0.0	0	465.6612735942472	4119.333563738153	1	0	tensor(3, device='cuda:0')	2.4763733899720775
212200.0	6000.0	3919.333563737949	0.0	0	583.2020605200669	4119.333563738153	1	0	tensor(3, device='cuda:0')	2.4763733899720775
213200.0	6000.0	3919.333563737936	0.0	0	458.11737220632494	4119.333563738153	1	0	tensor(3, device='cuda:0')	2.4763733899720775
214438.4583555842	6000.0	3680.875208153713	0.0	0	0.0	4119.333563738153	1	0	tensor(3, device='cuda:0')	2.4763733899720775
215212.66637852715	6000.0	3906.6671852107484	0.0	0	0.0	4119.333563738153	1	0	tensor(3, device='cuda:0')	2.4763733899720775
216200.0	6000.0	3919.333563737898	0.0	0	294.7805898578372	4119.333563738153	1	0	tensor(3, device='cuda:0')	2.4763733899720775
217200.0	6000.0	3919.3335637378527	0.0	0	506.94749005840276	4119.333563738153	1	0	tensor(3, device='cuda:0')	2.4763733899720775
218200.0	6000.0	3919.3335637378696	0.0	0	571.8306446947972	4119.333563738153	1	0	tensor(3, device='cuda:0')	2.4763733899720775
219200.0	6000.0	3919.3335637378605	0.0	0	336.52068715100177	4119.333563738153	1	0	tensor(3, device='cuda:0')	2.4763733899720775
220200.0	6000.0	3919.333563737846	0.0	0	509.5437560340215	4119.333563738153	1	0	tensor(3, device='cuda:0')	2.4763733899720775
221200.0	6000.0	3919.3335637378414	0.0	0	267.1877520380658	4119.333563738153	1	0	tensor(3, device='cuda:0')	2.4763733899720775
222200.0	6000.0	3919.333563737824	0.0	0	121.22994009207468	4119.333563738153	1	0	tensor(3, device='cuda:0')	2.4763733899720775
223200.0	6000.0	3919.333563737796	0.0	0	161.0493079262087	4119.333563738153	1	0	tensor(3, device='cuda:0')	2.4763733899720775
224200.0	6000.0	3919.3335637378127	0.0	0	323.8755784566456	4119.333563738153	1	0	tensor(3, device='cuda:0')	2.4763733899720775
225200.0	6000.0	3919.3335637377945	0.0	0	553.426290002797	4119.333563738182	1	0	tensor(3, device='cuda:0')	2.476373389972064
226200.0	6000.0	3919.333563737787	0.0	0	387.3763261035783	4119.333563738182	1	0	tensor(3, device='cuda:0')	2.476373389972064
227200.0	6000.0	3919.3335637378063	0.0	0	415.7553796004795	4119.333563738182	1	0	tensor(3, device='cuda:0')	2.476373389972064
228200.0	6000.0	3919.333563737804	0.0	0	349.397361237352	4119.3335637382115	1	0	tensor(3, device='cuda:0')	2.4763733899720504
229200.0	6000.0	3919.333563737826	0.0	0	549.1693544823793	4119.3335637382115	1	0	tensor(3, device='cuda:0')	2.4763733899720504
230200.0	6000.0	3919.3335637378373	0.0	0	621.1614629607939	4119.3335637382115	1	0	tensor(3, device='cuda:0')	2.4763733899720504
231200.0	6000.0	3919.333563737847	0.0	0	538.4630478315521	4119.3335637382115	1	0	tensor(3, device='cuda:0')	2.4763733899720504
232200.0	6000.0	3919.333563737863	0.0	0	439.60929861065233	4119.3335637382115	1	0	tensor(3, device='cuda:0')	2.4763733899720504
233200.0	6000.0	3919.3335637378796	0.0	0	539.2238101233379	4119.3335637382115	1	0	tensor(3, device='cuda:0')	2.4763733899720504
234200.0	6000.0	3919.3335637378646	0.0	0	340.49211737673613	4119.3335637382115	1	0	tensor(3, device='cuda:0')	2.4763733899720504
235200.0	6000.0	3919.3335637378364	0.0	0	30.747779828612693	4119.3335637382115	1	0	tensor(3, device='cuda:0')	2.4763733899720504
236200.0	6000.0	3919.3335637378054	0.0	0	111.88892209902406	4119.333563738182	1	0	tensor(3, device='cuda:0')	2.476373389972064
237325.97523135357	6000.0	3793.358332384235	0.0	0	0.0	4119.333563738182	1	0	tensor(3, device='cuda:0')	2.476373389972064
238500.8635939565	6000.0	3618.46996978126	0.0	0	0.0	4119.333563738182	1	0	tensor(3, device='cuda:0')	2.476373389972064
239433.80860940382	6000.0	3685.524954333941	0.0	0	0.0	4119.333563738182	1	0	tensor(3, device='cuda:0')	2.476373389972064
240200.0	6000.0	3919.333563737753	0.0	0	97.1793426781951	4119.333563738182	1	0	tensor(3, device='cuda:0')	2.476373389972064
241200.0	6000.0	3919.3335637377563	0.0	0	415.64635258866474	4119.333563738182	1	0	tensor(3, device='cuda:0')	2.476373389972064
242200.0	6000.0	3919.3335637377504	0.0	0	591.0376250143745	4119.3335637382115	1	0	tensor(3, device='cuda:0')	2.4763733899720504
243200.0	6000.0	3919.3335637377604	0.0	0	392.9889823095582	4119.3335637382115	1	0	tensor(3, device='cuda:0')	2.4763733899720504
244200.0	6000.0	3919.3335637377636	0.0	0	435.78218429512344	4119.3335637382115	1	0	tensor(3, device='cuda:0')	2.4763733899720504
245200.0	6000.0	3919.3335637377554	0.0	0	248.62956519867294	4119.333563738182	1	0	tensor(3, device='cuda:0')	2.476373389972064
246200.0	6000.0	3919.333563737718	0.0	0	238.69911000409047	4119.333563738153	1	0	tensor(3, device='cuda:0')	2.4763733899720775
247200.0	6000.0	3919.333563737744	0.0	0	244.49665359334904	4119.333563738153	1	0	tensor(3, device='cuda:0')	2.4763733899720775
248200.0	6000.0	3919.333563737739	0.0	0	231.0870679561922	4119.333563738124	1	0	tensor(3, device='cuda:0')	2.4763733899720908
249200.0	6000.0	3919.3335637377927	0.0	0	449.64709674584446	4119.333563738153	1	0	tensor(3, device='cuda:0')	2.4763733899720775
250200.0	6000.0	3919.333563737822	0.0	0	400.3620129173796	4119.333563738153	1	0	tensor(3, device='cuda:0')	2.4763733899720775
251200.0	6000.0	3919.3335637378004	0.0	0	667.8250930265931	4119.333563738153	1	0	tensor(3, device='cuda:0')	2.4763733899720775
252200.0	6000.0	3919.333563737809	0.0	0	350.81206900670077	4119.333563738153	1	0	tensor(3, device='cuda:0')	2.4763733899720775
253200.0	6000.0	3919.333563737796	0.0	0	265.7874767307949	4119.333563738153	1	0	tensor(3, device='cuda:0')	2.4763733899720775
254200.0	6000.0	3919.3335637378145	0.0	0	99.58874558479874	4119.333563738153	1	0	tensor(3, device='cuda:0')	2.4763733899720775
255200.0	6000.0	3919.3335637378423	0.0	0	267.8978680688306	4119.333563738153	1	0	tensor(3, device='cuda:0')	2.4763733899720775
256200.0	6000.0	3919.3335637378477	0.0	0	403.15597834889195	4119.333563738153	1	0	tensor(3, device='cuda:0')	2.4763733899720775
257204.3670790716	6000.0	3914.966484666246	0.0	0	0.0	4119.333563738124	1	0	tensor(3, device='cuda:0')	2.4763733899720908
258258.94981383652	6000.0	3860.383749901323	0.0	0	0.0	4119.333563738124	1	0	tensor(3, device='cuda:0')	2.4763733899720908
259276.53822220047	6000.0	3842.7953415373863	0.0	0	0.0	4119.333563738153	1	0	tensor(3, device='cuda:0')	2.4763733899720775
260200.0	6000.0	3919.333563737837	0.0	0	422.0875074592477	4119.333563738153	1	0	tensor(3, device='cuda:0')	2.4763733899720775
261200.0	6000.0	3919.3335637378336	0.0	0	455.3215264186729	4119.333563738153	1	0	tensor(3, device='cuda:0')	2.4763733899720775
262200.0	6000.0	3919.3335637378054	0.0	0	634.7940042822156	4119.333563738124	1	0	tensor(3, device='cuda:0')	2.4763733899720908
263200.0	6000.0	3919.333563737849	0.0	0	460.73840579757234	4119.333563738182	1	0	tensor(3, device='cuda:0')	2.47637338997208
264200.0	6000.0	3919.3335637378573	0.0	0	484.8579727311735	4119.333563738182	1	0	tensor(3, device='cuda:0')	2.476373389972059
265200.0	6000.0	3919.3335637378245	0.0	0	462.4101655227132	4119.333563738153	1	0	tensor(3, device='cuda:0')	2.476373389972064
266200.0	6000.0	3919.333563737769	0.0	0	201.8747524630162	4119.333563738066	1	0	tensor(3, device='cuda:0')	2.476373389972112
267200.0	6000.0	3919.3335637377654	0.0	0	286.90730684110895	4119.333563738037	1	0	tensor(3, device='cuda:0')	2.4763733899721307
268200.0	6000.0	3919.3335637377777	0.0	0	226.33966502017574	4119.333563738037	1	0	tensor(3, device='cuda:0')	2.4763733899721307
269200.0	6000.0	3919.3335637377554	0.0	0	273.94997859786963	4119.333563738037	1	0	tensor(3, device='cuda:0')	2.4763733899721307
270200.0	6000.0	3919.33356373779	0.0	0	298.1735811669496	4119.333563738095	1	0	tensor(3, device='cuda:0')	2.476373389972104
271200.0	6000.0	3919.33356373783	0.0	0	552.8695027211797	4119.333563738095	1	0	tensor(3, device='cuda:0')	2.476373389972104
272200.0	6000.0	3919.3335637378655	0.0	0	454.0694602880976	4119.333563738037	1	0	tensor(3, device='cuda:0')	2.4763733899721307
273200.0	6000.0	3919.3335637378686	0.0	0	477.1197843993432	4119.333563738037	1	0	tensor(3, device='cuda:0')	2.4763733899721307
274200.0	6000.0	3919.3335637378755	0.0	0	492.9316405329737	4119.333563738037	1	0	tensor(3, device='cuda:0')	2.4763733899721307
275200.0	6000.0	3919.333563737897	0.0	0	418.5855372409569	4119.333563738095	1	0	tensor(3, device='cuda:0')	2.476373389972104
276200.0	6000.0	3919.333563737913	0.0	0	425.5443972250214	4119.333563738095	1	0	tensor(3, device='cuda:0')	2.476373389972104
277200.0	6000.0	3919.3335637379596	0.0	0	539.1768700766843	4119.333563738153	1	0	tensor(3, device='cuda:0')	2.4763733899720775
278200.0	6000.0	3919.3335637379073	0.0	0	421.89665217185393	4119.333563738095	1	0	tensor(3, device='cuda:0')	2.476373389972104
279200.0	6000.0	3919.333563737869	0.0	0	338.66086793667637	4119.333563738095	1	0	tensor(3, device='cuda:0')	2.476373389972104
280200.0	6000.0	3919.3335637379055	0.0	0	398.3457746426575	4119.333563738095	1	0	tensor(3, device='cuda:0')	2.476373389972104
281200.0	6000.0	3919.3335637379055	0.0	0	352.8216547590564	4119.333563738153	1	0	tensor(3, device='cuda:0')	2.4763733899720775
282237.4429104539	6000.0	3881.8906532840756	0.0	0	0.0	4119.333563738153	1	0	tensor(3, device='cuda:0')	2.4763733899720775
283200.0	6000.0	3919.3335637379214	0.0	0	255.75625317689264	4119.333563738153	1	0	tensor(3, device='cuda:0')	2.4763733899720775
284200.0	6000.0	3919.33356373794	0.0	0	186.3246336299344	4119.333563738153	1	0	tensor(3, device='cuda:0')	2.4763733899720775
285200.0	6000.0	3919.3335637379787	0.0	0	175.75963739136932	4119.333563738153	1	0	tensor(3, device='cuda:0')	2.4763733899720775
286200.0	6000.0	3919.3335637379623	0.0	0	269.0617394816363	4119.333563738153	1	0	tensor(3, device='cuda:0')	2.4763733899720775
287200.0	6000.0	3919.3335637378796	0.0	0	404.4628786203102	4119.333563738153	1	0	tensor(3, device='cuda:0')	2.4763733899720775
288200.0	6000.0	3919.333563737919	0.0	0	304.38234419870423	4119.333563738153	1	0	tensor(3, device='cuda:0')	2.4763733899720775
289200.0	6000.0	3919.333563737907	0.0	0	352.1072281594388	4119.333563738153	1	0	tensor(3, device='cuda:0')	2.4763733899720775
290200.0	6000.0	3919.333563737941	0.0	0	449.1684945578454	4119.3335637382115	1	0	tensor(3, device='cuda:0')	2.4763733899720504
291200.0	6000.0	3919.333563737876	0.0	0	584.3527999158832	4119.3335637382115	1	0	tensor(3, device='cuda:0')	2.4763733899720504
292200.0	6000.0	3919.333563737928	0.0	0	636.3951636704151	4119.3335637382115	1	0	tensor(3, device='cuda:0')	2.4763733899720504
293200.0	6000.0	3919.3335637379223	0.0	0	427.43757449119585	4119.3335637382115	1	0	tensor(3, device='cuda:0')	2.4763733899720504
294222.35923139745	6000.0	3896.9743323404828	0.0	0	0.0	4119.3335637382115	1	0	tensor(3, device='cuda:0')	2.4763733899720504
295200.0	6000.0	3919.3335637379823	0.0	0	10.596981879905798	4119.33356373827	1	0	tensor(3, device='cuda:0')	2.476373389972024
296200.0	6000.0	3919.333563737905	0.0	0	324.894540069974	4119.3335637382115	1	0	tensor(3, device='cuda:0')	2.4763733899720504
297200.0	6000.0	3919.3335637378887	0.0	0	447.8999127072748	4119.333563738153	1	0	tensor(3, device='cuda:0')	2.4763733899720775
298200.0	6000.0	3919.333563737838	0.0	0	426.3844451268669	4119.333563738153	1	0	tensor(3, device='cuda:0')	2.4763733899720775
299200.0	6000.0	3919.3335637378277	0.0	0	333.90668107388774	4119.333563738153	1	0	tensor(3, device='cuda:0')	2.4763733899720775
300200.0	6000.0	3919.3335637377577	0.0	0	381.616054801445	4119.333563738153	1	0	tensor(3, device='cuda:0')	2.4763733899720775
301200.0	6000.0	3919.333563737748	0.0	0	611.1225115475245	4119.333563738095	1	0	tensor(3, device='cuda:0')	2.476373389972104
302200.0	6000.0	3919.3335637377986	0.0	0	615.5610758653493	4119.333563738153	1	0	tensor(3, device='cuda:0')	2.4763733899720775
303200.0	6000.0	3919.3335637378636	0.0	0	536.690442178573	4119.333563738153	1	0	tensor(3, device='cuda:0')	2.4763733899720775
304200.0	6000.0	3919.3335637378304	0.0	0	584.1150882192305	4119.333563738095	1	0	tensor(3, device='cuda:0')	2.476373389972104
305200.0	6000.0	3919.333563737874	0.0	0	499.6684588571661	4119.333563738153	1	0	tensor(3, device='cuda:0')	2.4763733899720775
306200.0	6000.0	3919.3335637378887	0.0	0	510.02027645957423	4119.333563738153	1	0	tensor(3, device='cuda:0')	2.4763733899720775
9.92	8.95	6.97	8.85	13.5	7.99	11.0	13.4	10.7	7.85	8.58	11.2	6.9	9.27	11.4	11.1	4.76	6.5	9.89	7.63	7.25	7.19	10.7	15.8	7.54	7.15	6.37	7.9	8.68	13.9	19.5	14.5	17.8	9.39	10.2	6.15	9.07	10.4	8.11	12.2	15.2	9.86	7.75	7.85	7.0	9.65	10.3	7.44	9.3	5.47	7.38	9.01	9.39	14.0	11.2	8.13	7.52	14.1	14.0	11.0	12.6	15.9	19.0	11.9	12.3	13.1	8.09	9.04	9.06	12.7	10.7	12.2	11.2	10.4	8.6	10.5	9.73	8.33	11.9	7.26	5.34	6.08	8.62	11.5	9.43	8.97	10.6	13.1	7.46	10.8	8.83	8.43	10.8	8.42	9.57	7.52	9.35	13.4	14.9	16.5	11.7	11.2	13.1	8.41	11.1	14.8	14.0	11.0	13.2	11.4	14.5	15.5	12.4	13.8	8.8	9.52	12.1	7.7	11.6	14.7	16.9	14.0	13.7	14.8	8.83	7.0	9.33	11.9	14.6	8.91	7.62	5.53	6.77	7.31	13.1	13.5	7.63	7.46	10.3	16.6	9.49	6.92	10.2	15.8	10.6	10.4	10.2	9.53	7.92	10.7	11.2	4.16	6.07	7.21	11.2	10.2	10.6	14.7	14.8	12.9	11.5	11.9	9.72	6.87	8.16	10.3	14.7	16.3	8.49	11.4	9.89	9.87	13.0	19.5	25.2	19.4	10.1	13.1	12.8	9.2	10.3	6.68	4.43	6.86	5.44	7.14	12.4	10.2	11.8	13.5	9.75	10.6	15.0	10.5	7.34	5.14	7.83	9.6	13.6	12.0	12.6	15.3	14.5	5.76	7.67	8.09	9.74	12.2	10.9	10.6	6.61	8.68	7.92	10.8	13.2	9.35	11.0	12.6	12.3	14.2	15.1	11.8	12.5	8.19	8.13	9.51	7.68	4.88	6.74	8.11	14.4	12.5	9.66	8.63	9.3	11.3	9.21	8.7	9.63	12.7	17.2	9.08	11.1	7.77	8.73	8.93	6.53	5.35	5.83	10.9	14.1	19.1	10.1	11.2	10.3	8.94	9.42	10.5	11.2	11.7	11.0	14.2	15.5	13.3	15.5	10.1	10.9	12.7	10.3	9.9	13.4	7.31	8.99	7.81	10.8	8.09	8.55	10.6	11.9	8.62	13.0	16.2	12.1	9.07	5.97	8.4	9.13	9.07	7.58	10.6	15.5	13.1	14.8	19.0	13.5	9.92	12.1	9.89	9.86	6.97	3.87
412.0	413.0	414.0	415.0	416.0	417.0	418.0	419.0	420.0	421.0	422.0	423.0	424.0	425.0	426.0	427.0	428.0	429.0	430.0	431.0	432.0	433.0	434.0	435.0	436.0	437.0	438.0	439.0	440.0	441.0	442.0	443.0	444.0	445.0	446.0	447.0	448.0	449.0	450.0	451.0	452.0	453.0	454.0	455.0	456.0	457.0	458.0	459.0	460.0	461.0	462.0	463.0	464.0	465.0	466.0	467.0	468.0	469.0	470.0	471.0	472.0	473.0	474.0	475.0	476.0	477.0	478.0	479.0	480.0	481.0	482.0	483.0	484.0	485.0	486.0	487.0	488.0	489.0	490.0	491.0	492.0	493.0	494.0	495.0	496.0	497.0	498.0	499.0	500.0	501.0	502.0	503.0	504.0	505.0	506.0	507.0	508.0	509.0	510.0	511.0	512.0	513.0	514.0	515.0	516.0	517.0	518.0	519.0	520.0	521.0	522.0	523.0	524.0	525.0	526.0	527.0	528.0	529.0	530.0	531.0	532.0	533.0	534.0	535.0	536.0	537.0	538.0	539.0	540.0	541.0	542.0	543.0	544.0	545.0	546.0	547.0	548.0	549.0	550.0	551.0	552.0	553.0	554.0	555.0	556.0	557.0	558.0	559.0	560.0	561.0	562.0	563.0	564.0	565.0	566.0	567.0	568.0	569.0	570.0	571.0	572.0	573.0	574.0	575.0	576.0	577.0	578.0	579.0	580.0	581.0	582.0	583.0	584.0	585.0	586.0	587.0	588.0	589.0	590.0	591.0	592.0	593.0	594.0	595.0	596.0	597.0	598.0	599.0	600.0	601.0	602.0	603.0	604.0	605.0	606.0	607.0	608.0	609.0	610.0	611.0	612.0	613.0	614.0	615.0	616.0	617.0	618.0	619.0	620.0	621.0	622.0	623.0	624.0	625.0	626.0	627.0	628.0	629.0	630.0	631.0	632.0	633.0	634.0	635.0	636.0	637.0	638.0	639.0	640.0	641.0	642.0	643.0	644.0	645.0	646.0	647.0	648.0	649.0	650.0	651.0	652.0	653.0	654.0	655.0	656.0	657.0	658.0	659.0	660.0	661.0	662.0	663.0	664.0	665.0	666.0	667.0	668.0	669.0	670.0	671.0	672.0	673.0	674.0	675.0	676.0	677.0	678.0	679.0	680.0	681.0	682.0	683.0	684.0	685.0	686.0	687.0	688.0	689.0	690.0	691.0	692.0	693.0	694.0	695.0	696.0	697.0	698.0	699.0	700.0	701.0	702.0	703.0	704.0	705.0	706.0	707.0	708.0	709.0	710.0	711.0	712.0
9955.0
