8884.444241492609	1000.0	2000.0	582.3461016792099	0	0.0	5884.444241492609	1	0	tensor(6, device='cuda:0')	-14.225197216631296
9232.873629571039	1000.0	2651.570611921567	0.0	0	0.0	2884.444241492605	1	0	tensor(6, device='cuda:0')	-7.956017247866822
10454.955580430511	3000.0	2307.2804659761487	0.0	0	0.0	2762.2360464066587	1	0	tensor(4, device='cuda:0')	0.6135848643485509
11510.143721544555	3000.0	2146.5735107507003	0.0	0	0.0	2656.717232295252	1	0	tensor(4, device='cuda:0')	1.9616792997901789
12660.954148440542	3000.0	1880.6820411651147	0.0	0	0.0	2541.6361896056515	1	0	tensor(4, device='cuda:0')	1.956120411615885
14041.732260400528	3000.0	1361.8261180091295	0.0	0	0.0	2403.5583784096507	1	0	tensor(4, device='cuda:0')	1.9238642734404223
15301.81592728574	3000.0	975.734084435396	0.0	0	0.0	2277.5500117211304	1	0	tensor(4, device='cuda:0')	1.9627955947124316
16244.22336245307	3000.0	939.0859057513296	0.0	0	0.0	2183.309268204397	1	0	tensor(4, device='cuda:0')	2.036070835028745
17450.56288702518	3000.0	612.1124287220075	0.0	0	0.0	2062.675315747183	1	0	tensor(4, device='cuda:0')	1.9914599636186074
18073.902582962026	1000.0	988.7727327851587	0.0	0	0.0	2062.675315747183	1	0	tensor(3, device='cuda:0')	-0.16125829433535227
18516.29811009122	1000.0	1546.3772056559696	0.0	0	0.0	2062.6753157471867	1	0	tensor(3, device='cuda:0')	1.137353994332757
19200.0	1000.0	1862.6753157471853	0.0	0	48.09195523123344	2062.6753157471867	1	0	tensor(3, device='cuda:0')	1.137353994332757
20200.0	2000.0	1862.6753157471865	0.0	0	387.49735398113626	2062.6753157471867	1	0	tensor(3, device='cuda:0')	1.137353994332757
22473.885928687207	3000.0	361.40079419126005	0.0	0	0.0	1835.2867228784671	1	0	tensor(4, device='cuda:0')	1.1871776908240133
22946.24546990861	1000.0	889.0412529698586	0.0	0	0.0	1835.2867228784671	1	0	tensor(3, device='cuda:0')	-0.14593518809794806
23612.622447467445	2000.0	1222.6642754110217	0.0	0	0.0	1835.2867228784671	1	0	tensor(3, device='cuda:0')	1.152677100570162
24360.354140362462	2000.0	1474.9325825160065	0.0	0	0.0	1835.2867228784671	1	0	tensor(3, device='cuda:0')	1.845824281130107
25200.0	3000.0	1551.3221369147157	0.0	0	169.054184144592	1751.3221369147177	1	0	tensor(4, device='cuda:0')	1.4810688189524233
27566.452117087727	3000.0	200.0	228.88653807434903	0	0.0	1766.4521170877306	1	0	tensor(4, device='cuda:0')	0.4597421582961143
28448.928502543182	2000.0	518.9057621672993	201.38214762275135	0	0.0	1967.8342647104837	1	0	tensor(3, device='cuda:0')	0.023545293371249332
29088.21176356537	1000.0	879.6225011451074	0.0	0	0.0	1967.83426471048	1	0	tensor(3, device='cuda:0')	0.451008926096032
29642.60412908014	1000.0	1325.2301356303362	0.0	0	0.0	1967.8342647104837	1	0	tensor(3, device='cuda:0')	1.144156106655977
30827.712888886897	1000.0	1140.12137582358	0.0	0	0.0	1967.8342647104873	1	0	tensor(3, device='cuda:0')	1.1441561066559767
31658.021776708352	1000.0	1309.8124880021242	0.0	0	0.0	1967.8342647104873	1	0	tensor(3, device='cuda:0')	1.1441561066559767
32437.319894991182	1000.0	1530.5143697192952	0.0	0	0.0	1967.8342647104873	1	0	tensor(3, device='cuda:0')	1.1441561066559767
33348.6617553957	1000.0	1619.1725093147836	0.0	0	0.0	1967.834264710491	1	0	tensor(3, device='cuda:0')	1.1441561066559767
34200.0	1000.0	1767.8342647104855	0.0	0	166.48866232867294	1967.8342647104982	1	0	tensor(3, device='cuda:0')	1.1441561066559762
35200.0	1000.0	1767.8342647104887	0.0	0	448.2076656650315	1967.8342647105019	1	0	tensor(3, device='cuda:0')	1.1441561066559758
36200.0	1000.0	1767.8342647104869	0.0	0	367.34954217584163	1967.8342647105019	1	0	tensor(3, device='cuda:0')	1.1441561066559756
37200.0	1000.0	1767.8342647104791	0.0	0	455.44011597809003	1967.8342647104946	1	0	tensor(3, device='cuda:0')	1.144156106655976
38200.0	1000.0	1767.8342647104867	0.0	0	545.091903618777	1967.8342647104946	1	0	tensor(3, device='cuda:0')	1.144156106655976
39935.15484504276	2000.0	1032.6794196677313	0.0	0	0.0	1967.8342647104946	1	0	tensor(3, device='cuda:0')	1.144156106655976
40545.51534979533	1000.0	1422.3189149151617	0.0	0	0.0	1967.8342647104946	1	0	tensor(3, device='cuda:0')	0.4510089260960309
41378.704368171835	2000.0	1589.1298965386468	0.0	0	0.0	1967.8342647104946	1	0	tensor(3, device='cuda:0')	1.144156106655976
42364.20041983132	2000.0	1603.6338448791666	0.0	0	0.0	1967.8342647104946	1	0	tensor(3, device='cuda:0')	1.8373032872159212
43200.0	2000.0	1767.8342647104917	0.0	0	61.966310408883146	1967.8342647104946	1	0	tensor(3, device='cuda:0')	1.8373032872159212
44200.0	2000.0	1767.8342647104957	0.0	0	249.93067724085267	1967.8342647104946	1	0	tensor(3, device='cuda:0')	1.8373032872159212
45200.0	3000.0	1667.8342647104917	0.0	0	234.77367566661997	1867.8342647104946	1	0	tensor(4, device='cuda:0')	1.4415753989996691
46956.10885687791	3000.0	736.1145221447916	0.0	0	0.0	1692.2233790227037	1	0	tensor(4, device='cuda:0')	1.905987912425139
47893.94797908435	2000.0	798.275399938355	0.0	0	0.0	1692.2233790226965	1	0	tensor(3, device='cuda:0')	1.2484069925410248
48508.615182250745	2000.0	1183.6081967719615	0.0	0	0.0	1692.2233790226965	1	0	tensor(3, device='cuda:0')	1.8538721006491896
49429.57265538146	3000.0	1170.5549763281724	0.0	0	0.0	1600.1276317096272	1	0	tensor(4, device='cuda:0')	1.4730761329508657
50340.93000290857	2000.0	1259.1976288010646	0.0	0	0.0	1600.1276317096272	1	0	tensor(3, device='cuda:0')	1.2530255122926492
51986.50337106905	2000.0	613.6242606405779	0.0	0	0.0	1600.1276317096272	1	0	tensor(3, device='cuda:0')	1.858490620400814
52797.24793134962	2000.0	802.8797003599998	0.0	0	0.0	1600.12763170962	1	0	tensor(3, device='cuda:0')	1.8584906204008145
53414.75690575039	2000.0	1185.3707259592297	0.0	0	0.0	1600.12763170962	1	0	tensor(3, device='cuda:0')	1.8584906204008145
54200.0	3000.0	1321.6033222846634	0.0	0	200.8967373945925	1521.6033222846672	1	0	tensor(4, device='cuda:0')	1.5037263550320017
55388.08826617226	3000.0	1014.7062294951826	0.0	0	0.0	1402.7944956674473	1	0	tensor(4, device='cuda:0')	2.033640844789117
56303.38324564356	2000.0	1099.4112500238764	0.0	0	0.0	1402.79449566744	1	0	tensor(3, device='cuda:0')	1.2616278769602935
57200.0	2000.0	1202.7944956674412	0.0	0	183.15610357914557	1402.79449566744	1	0	tensor(3, device='cuda:0')	1.8670929850684583
58284.15642149683	2000.0	1118.6380741706162	0.0	0	0.0	1402.79449566744	1	0	tensor(3, device='cuda:0')	1.8670929850684583
59200.0	2000.0	1202.7944956674496	0.0	0	149.37266692419507	1402.79449566744	1	0	tensor(3, device='cuda:0')	1.8670929850684583
61465.18732067533	2000.0	200.0	262.39282500788664	0	0.0	1665.1873206753298	1	0	tensor(3, device='cuda:0')	0.28843906981823275
62306.88734583188	1000.0	661.2802774808539	302.9803026373959	0	0.0	1968.1676233127291	1	0	tensor(3, device='cuda:0')	-1.3668957259382544
62968.12429935889	1000.0	1000.0433239538407	0.0	0	0.0	1968.1676233127291	1	0	tensor(3, device='cuda:0')	1.1441332704460663
63673.334238518895	1000.0	1294.8333847938409	0.0	0	0.0	1968.1676233127291	1	0	tensor(3, device='cuda:0')	1.1441332704460663
64294.56707935082	1000.0	1673.6005439619164	0.0	0	0.0	1968.1676233127218	1	0	tensor(3, device='cuda:0')	1.1441332704460665
65200.0	1000.0	1768.167623312736	0.0	0	391.9953203717232	1968.1676233127218	1	0	tensor(3, device='cuda:0')	1.1441332704460665
66200.0	1000.0	1768.1676233127305	0.0	0	559.6912030391541	1968.1676233127218	1	0	tensor(3, device='cuda:0')	1.1441332704460665
67200.0	1000.0	1768.1676233127328	0.0	0	633.1020641672803	1968.1676233127218	1	0	tensor(3, device='cuda:0')	1.1441332704460667
68200.0	2000.0	1768.167623312716	0.0	0	220.14525632026198	1968.1676233127218	1	0	tensor(3, device='cuda:0')	1.1441332704460665
69200.0	2000.0	1768.1676233127268	0.0	0	343.14318442159856	1968.1676233127218	1	0	tensor(3, device='cuda:0')	1.8372804510060117
70691.18409784362	2000.0	1276.983525469101	0.0	0	0.0	1968.1676233127073	1	0	tensor(3, device='cuda:0')	1.8372804510060128
71652.87594069967	1000.0	1315.2916826130706	0.0	0	0.0	1968.1676233127073	1	0	tensor(3, device='cuda:0')	0.45098608988612243
72421.73107581623	1000.0	1546.4365474965093	0.0	0	0.0	1968.1676233127073	1	0	tensor(3, device='cuda:0')	1.1441332704460676
73313.78417220962	1000.0	1654.383451103141	0.0	0	0.0	1968.1676233127073	1	0	tensor(3, device='cuda:0')	1.1441332704460676
74231.78583445141	2000.0	1736.3817888613487	0.0	0	0.0	1968.1676233127073	1	0	tensor(3, device='cuda:0')	1.1441332704460676
75234.28564899295	2000.0	1733.8819743197912	0.0	0	0.0	1968.1676233127073	1	0	tensor(3, device='cuda:0')	1.8372804510060128
76200.0	2000.0	1768.1676233127346	0.0	0	374.6961222083337	1968.1676233127073	1	0	tensor(3, device='cuda:0')	1.8372804510060128
77673.67709924409	3000.0	1147.1228141442402	0.0	0	0.0	1820.7999133882986	1	0	tensor(4, device='cuda:0')	1.3499349288234428
78704.93155026181	2000.0	1115.8683631265226	0.0	0	0.0	1820.7999133882986	1	0	tensor(3, device='cuda:0')	1.2412259058533432
79427.88450396192	2000.0	1392.915409426421	0.0	0	0.0	1820.7999133882986	1	0	tensor(3, device='cuda:0')	1.846691013961508
80304.70651969626	2000.0	1516.0933936920783	0.0	0	0.0	1820.799913388284	1	0	tensor(3, device='cuda:0')	1.846691013961509
81236.18532862907	2000.0	1584.6145847592788	0.0	0	0.0	1820.7999133882986	1	0	tensor(3, device='cuda:0')	1.846691013961508
82200.0	2000.0	1620.7999133883627	0.0	0	57.46666242253559	1820.7999133883131	1	0	tensor(3, device='cuda:0')	1.846691013961507
83548.82738865064	2000.0	1271.9725247377269	0.0	0	0.0	1820.7999133883131	1	0	tensor(3, device='cuda:0')	1.846691013961507
84200.0	1000.0	1620.7999133883666	0.0	0	48.241768758307444	1820.7999133883131	1	0	tensor(3, device='cuda:0')	0.4603966528416168
85200.0	1000.0	1620.7999133883625	0.0	0	337.2673850524443	1820.7999133883131	1	0	tensor(3, device='cuda:0')	1.153543833401562
86200.0	1000.0	1620.7999133883584	0.0	0	395.369544604735	1820.7999133883131	1	0	tensor(3, device='cuda:0')	1.153543833401562
87200.0	1000.0	1620.7999133883595	0.0	0	95.67449119406228	1820.7999133883131	1	0	tensor(3, device='cuda:0')	1.153543833401562
88200.0	1000.0	1620.7999133883613	0.0	0	350.80435344974103	1820.7999133883131	1	0	tensor(3, device='cuda:0')	1.153543833401562
89200.0	1000.0	1620.7999133883627	0.0	0	588.4796625154995	1820.7999133883131	1	0	tensor(3, device='cuda:0')	1.153543833401562
90200.0	2000.0	1620.7999133883798	0.0	0	92.78634042643534	1820.7999133883277	1	0	tensor(3, device='cuda:0')	1.153543833401561
91316.04369761386	2000.0	1504.7562157745112	0.0	0	0.0	1820.7999133883277	1	0	tensor(3, device='cuda:0')	1.846691013961506
92200.0	2000.0	1620.7999133883657	0.0	0	48.53739105956629	1820.7999133883277	1	0	tensor(3, device='cuda:0')	1.846691013961506
93475.88152863084	2000.0	1344.9183847575232	0.0	0	0.0	1820.7999133883277	1	0	tensor(3, device='cuda:0')	1.846691013961506
94219.55496147244	1000.0	1601.2449519159004	0.0	0	0.0	1820.7999133883277	1	0	tensor(3, device='cuda:0')	0.46039665284161596
95200.0	1000.0	1620.7999133883384	0.0	0	392.13817743850814	1820.7999133883277	1	0	tensor(3, device='cuda:0')	1.153543833401561
96200.0	1000.0	1620.7999133883307	0.0	0	675.5822516183835	1820.7999133883277	1	0	tensor(3, device='cuda:0')	1.153543833401561
97750.9417333469	2000.0	1069.8581800414202	0.0	0	0.0	1820.7999133883131	1	0	tensor(3, device='cuda:0')	1.1535438334015617
98356.14575187143	2000.0	1464.654161516899	0.0	0	0.0	1820.7999133883131	1	0	tensor(3, device='cuda:0')	1.846691013961507
99244.35516102126	3000.0	1487.6238114520959	0.0	0	0.0	1731.9789724733419	1	0	tensor(4, device='cuda:0')	1.472818731336405
100200.0	2000.0	1531.9789724733469	0.0	0	83.55431932202191	1731.9789724733273	1	0	tensor(3, device='cuda:0')	1.2462816647198642
101996.12857356714	3000.0	556.2375415494951	0.0	0	0.0	1552.3661151166307	1	0	tensor(4, device='cuda:0')	1.2991070879811017
103231.58624216478	2000.0	323.3215530593257	2.5416801074734394	0	0.0	1554.9077952240914	1	0	tensor(3, device='cuda:0')	1.239895739522115
104383.87774907873	2000.0	459.36681981786865	288.33677367250715	0	0.0	1843.2445688965963	1	0	tensor(3, device='cuda:0')	0.11532232282268651
105429.66408167286	2000.0	415.573863697877	1.99337647413671	0	0.0	1845.23794537074	1	0	tensor(3, device='cuda:0')	1.833261557603912
105885.52618346903	1000.0	959.71176190171	0.0	0	0.0	1845.23794537074	1	0	tensor(3, device='cuda:0')	0.45892745532884205
106376.68797851857	1000.0	1468.5499668521716	0.0	0	0.0	1845.23794537074	1	0	tensor(3, device='cuda:0')	1.1520746358887872
107246.01145053715	2000.0	1599.2264948335974	0.0	0	0.0	1845.23794537074	1	0	tensor(3, device='cuda:0')	1.152074635888787
108300.32974356075	2000.0	1544.9082018100014	0.0	0	0.0	1845.23794537074	1	0	tensor(3, device='cuda:0')	1.8452218164487322
109585.15915122532	2000.0	1260.0787941454291	0.0	0	0.0	1845.23794537074	1	0	tensor(3, device='cuda:0')	1.8452218164487322
110200.0	1000.0	1645.2379453707738	0.0	0	99.33245377677667	1845.23794537074	1	0	tensor(3, device='cuda:0')	0.45892745532884205
111200.0	1000.0	1645.2379453707742	0.0	0	602.9289147253585	1845.2379453707254	1	0	tensor(3, device='cuda:0')	1.1520746358887881
112200.0	2000.0	1645.2379453707747	0.0	0	350.07718691699847	1845.2379453707254	1	0	tensor(3, device='cuda:0')	1.1520746358887881
113200.0	2000.0	1645.2379453707879	0.0	0	150.03377873297723	1845.2379453707254	1	0	tensor(3, device='cuda:0')	1.8452218164487333
114200.0	2000.0	1645.237945370781	0.0	0	506.0360362793872	1845.2379453707108	1	0	tensor(3, device='cuda:0')	1.8452218164487342
115761.23327964189	3000.0	927.8813377646981	0.0	0	0.0	1689.1146174065361	1	0	tensor(4, device='cuda:0')	1.339543802409654
116485.48780566471	2000.0	1203.6268117418754	0.0	0	0.0	1689.1146174065216	1	0	tensor(3, device='cuda:0')	1.2485697461541814
117382.76981931993	2000.0	1306.3447980866645	0.0	0	0.0	1689.1146174065361	1	0	tensor(3, device='cuda:0')	1.8540348542623455
118200.0	1000.0	1489.1146174065898	0.0	0	151.96902394590143	1689.1146174065361	1	0	tensor(3, device='cuda:0')	0.46774049314245514
119200.0	1000.0	1489.1146174065937	0.0	0	698.9581491204008	1689.1146174065361	1	0	tensor(3, device='cuda:0')	1.1608876737024003
120200.0	2000.0	1489.1146174066055	0.0	0	343.9368014363281	1689.1146174065361	1	0	tensor(3, device='cuda:0')	1.1608876737024003
122319.08740875732	2000.0	370.0272086492813	0.0	0	0.0	1689.1146174065361	1	0	tensor(3, device='cuda:0')	1.8540348542623455
123277.44881431738	2000.0	543.4581066457747	131.7923035565584	0	0.0	1820.906920963098	1	0	tensor(3, device='cuda:0')	1.0559308349878556
123783.5601552644	2000.0	1037.3467656987732	0.0	0	0.0	1820.906920963098	1	0	tensor(3, device='cuda:0')	1.8466846563272061
124876.67653672928	2000.0	944.2303842338604	0.0	0	0.0	1820.906920963098	1	0	tensor(3, device='cuda:0')	1.8466846563272061
126267.5027989257	2000.0	553.4041220374266	0.0	0	0.0	1820.906920963098	1	0	tensor(3, device='cuda:0')	1.8466846563272061
127148.00480489976	1000.0	672.9021160633793	0.0	0	0.0	1820.906920963098	1	0	tensor(3, device='cuda:0')	0.4603902952073157
127641.41913616525	1000.0	1179.487784797889	0.0	0	0.0	1820.906920963098	1	0	tensor(3, device='cuda:0')	1.153537475767261
128200.0	1000.0	1620.906920963143	0.0	0	138.18275218762574	1820.906920963098	1	0	tensor(3, device='cuda:0')	1.153537475767261
129200.0	1000.0	1620.9069209631487	0.0	0	475.8958559204475	1820.906920963098	1	0	tensor(3, device='cuda:0')	1.153537475767261
130399.41253252228	2000.0	1421.4943884408608	0.0	0	0.0	1820.906920963098	1	0	tensor(3, device='cuda:0')	1.1535374757672607
131200.0	1000.0	1620.9069209631448	0.0	0	284.66965209880436	1820.906920963098	1	0	tensor(3, device='cuda:0')	0.4603902952073157
132200.0	1000.0	1620.9069209631532	0.0	0	714.0478918110311	1820.9069209631125	1	0	tensor(3, device='cuda:0')	1.1535374757672598
133200.0	2000.0	1620.9069209631505	0.0	0	210.82882206561044	1820.9069209630834	1	0	tensor(3, device='cuda:0')	1.1535374757672614
134608.00621331655	2000.0	1212.9007076465784	0.0	0	0.0	1820.9069209630834	1	0	tensor(3, device='cuda:0')	1.8466846563272068
135423.48277612176	1000.0	1397.4241448413297	0.0	0	0.0	1820.9069209630834	1	0	tensor(3, device='cuda:0')	0.46039029520731656
136540.29217286487	2000.0	1280.6147480982183	0.0	0	0.0	1820.9069209630543	1	0	tensor(3, device='cuda:0')	1.1535374757672634
137941.8353303899	2000.0	879.0715905731571	0.0	0	0.0	1820.9069209630543	1	0	tensor(3, device='cuda:0')	1.8466846563272086
138503.1617314286	1000.0	1317.7451895344075	0.0	0	0.0	1820.9069209630543	1	0	tensor(3, device='cuda:0')	0.4603902952073182
139525.99319799422	2000.0	1294.9137229687938	0.0	0	0.0	1820.9069209630543	1	0	tensor(3, device='cuda:0')	1.1535374757672634
140574.9513024928	2000.0	1245.9556184702196	0.0	0	0.0	1820.9069209630543	1	0	tensor(3, device='cuda:0')	1.8466846563272086
141449.74927481095	2000.0	1371.1576461520767	0.0	0	0.0	1820.9069209630543	1	0	tensor(3, device='cuda:0')	1.8466846563272086
142408.60147766548	1000.0	1412.3054432975453	0.0	0	0.0	1820.9069209630543	1	0	tensor(3, device='cuda:0')	0.4603902952073182
143200.0	1000.0	1620.9069209630313	0.0	0	120.22655484359711	1820.9069209630543	1	0	tensor(3, device='cuda:0')	1.1535374757672634
144200.0	1000.0	1620.9069209630707	0.0	0	557.9609591332264	1820.9069209630834	1	0	tensor(3, device='cuda:0')	1.1535374757672616
145200.0	2000.0	1620.906920963088	0.0	0	147.14930643799016	1820.9069209630834	1	0	tensor(3, device='cuda:0')	1.1535374757672616
146200.0	2000.0	1620.9069209630886	0.0	0	273.58640751449275	1820.9069209630834	1	0	tensor(3, device='cuda:0')	1.8466846563272068
147200.0	3000.0	1520.906920963099	0.0	0	186.11718880877015	1720.9069209630543	1	0	tensor(4, device='cuda:0')	1.4505194515077342
148884.90058994654	3000.0	667.5162720219253	0.0	0	0.0	1552.4168619684351	1	0	tensor(4, device='cuda:0')	1.926655750335519
150268.181598499	2000.0	308.56559671464197	24.330333245187546	0	0.0	1576.7471952136257	1	0	tensor(3, device='cuda:0')	1.1081514792237253
151108.28156222432	1000.0	574.7280784281355	106.2624454388071	0	0.0	1683.0096406524535	1	0	tensor(3, device='cuda:0')	-0.1695159943373007
151493.5725014937	1000.0	1189.4371391587672	0.0	0	0.0	1683.0096406524535	1	0	tensor(3, device='cuda:0')	1.1612058588554872
152202.18262862664	2000.0	1480.8270120258294	0.0	0	0.0	1683.0096406524535	1	0	tensor(3, device='cuda:0')	1.161205858855487
153200.0	2000.0	1483.0096406524797	0.0	0	155.44313553426764	1683.0096406524535	1	0	tensor(3, device='cuda:0')	1.8543530394154324
154200.0	2000.0	1483.0096406524779	0.0	0	357.2991898592736	1683.0096406524826	1	0	tensor(3, device='cuda:0')	1.8543530394154308
155362.26511145945	2000.0	1320.7445291930221	0.0	0	0.0	1683.0096406524826	1	0	tensor(3, device='cuda:0')	1.8543530394154308
156458.0099276502	2000.0	1224.999713002277	0.0	0	0.0	1683.0096406524826	1	0	tensor(3, device='cuda:0')	1.8543530394154308
157873.5549839046	2000.0	809.4546567478669	0.0	0	0.0	1683.0096406524826	1	0	tensor(3, device='cuda:0')	1.8543530394154308
158457.3087513482	1000.0	1225.7008893042653	0.0	0	0.0	1683.0096406524535	1	0	tensor(3, device='cuda:0')	0.468058678295542
159832.79723283622	2000.0	850.2124078162761	0.0	0	0.0	1683.0096406524535	1	0	tensor(3, device='cuda:0')	1.161205858855487
160538.6505730928	1000.0	1144.3590675596884	0.0	0	0.0	1683.0096406524535	1	0	tensor(3, device='cuda:0')	0.468058678295542
161474.68737493225	2000.0	1208.3222657202714	0.0	0	0.0	1683.0096406524535	1	0	tensor(3, device='cuda:0')	1.161205858855487
162200.0	2000.0	1483.0096406525402	0.0	0	0.9746913229173515	1683.0096406524535	1	0	tensor(3, device='cuda:0')	1.8543530394154324
163200.0	2000.0	1483.0096406525017	0.0	0	258.08272479946027	1683.0096406524535	1	0	tensor(3, device='cuda:0')	1.8543530394154324
164667.5240462463	2000.0	1015.4855944061893	0.0	0	0.0	1683.0096406524535	1	0	tensor(3, device='cuda:0')	1.8543530394154324
165330.5510615317	1000.0	1352.458579120825	0.0	0	0.0	1683.0096406524826	1	0	tensor(3, device='cuda:0')	0.4680586782955405
166200.0	1000.0	1483.0096406525147	0.0	0	310.4660024534096	1683.0096406524826	1	0	tensor(3, device='cuda:0')	1.1612058588554857
167200.0	1000.0	1483.0096406525133	0.0	0	724.7579444361327	1683.0096406524826	1	0	tensor(3, device='cuda:0')	1.1612058588554857
168200.0	2000.0	1483.0096406525558	0.0	0	476.9935671153944	1683.0096406524826	1	0	tensor(3, device='cuda:0')	1.1612058588554857
169354.08475071224	2000.0	1328.9248899403126	0.0	0	0.0	1683.0096406524826	1	0	tensor(3, device='cuda:0')	1.8543530394154308
170422.21362578816	2000.0	1260.7960148644065	0.0	0	0.0	1683.0096406524826	1	0	tensor(3, device='cuda:0')	1.8543530394154308
172000.77399440753	1000.0	682.2356462450595	0.0	0	0.0	1683.0096406524826	1	0	tensor(3, device='cuda:0')	0.4680586782955405
172530.31925676588	1000.0	1152.6903838866963	0.0	0	0.0	1683.0096406524826	1	0	tensor(3, device='cuda:0')	1.1612058588554857
173473.02343470234	2000.0	1209.9862059502257	0.0	0	0.0	1683.0096406524535	1	0	tensor(3, device='cuda:0')	1.161205858855487
174200.0	2000.0	1483.0096406525645	0.0	0	91.10595889444812	1683.0096406524535	1	0	tensor(3, device='cuda:0')	1.8543530394154324
175447.51321175115	2000.0	1235.4964289013776	0.0	0	0.0	1683.0096406524535	1	0	tensor(3, device='cuda:0')	1.8543530394154324
176200.0	1000.0	1483.0096406525352	0.0	0	7.062664683122421	1683.0096406524535	1	0	tensor(3, device='cuda:0')	0.468058678295542
177200.0	1000.0	1483.0096406525597	0.0	0	234.869171692495	1683.0096406524535	1	0	tensor(3, device='cuda:0')	1.1612058588554872
178200.0	1000.0	1483.0096406525588	0.0	0	505.4834083620226	1683.0096406524244	1	0	tensor(3, device='cuda:0')	1.1612058588554888
179200.0	2000.0	1483.0096406525593	0.0	0	285.8976739742793	1683.0096406524244	1	0	tensor(3, device='cuda:0')	1.1612058588554888
180479.80279415497	3000.0	1075.2265670820598	0.0	0	0.0	1555.0293612368696	1	0	tensor(4, device='cuda:0')	1.40293387077793
181287.06860971867	2000.0	1267.9607515183538	0.0	0	0.0	1555.0293612368405	1	0	tensor(3, device='cuda:0')	1.2551402446581537
182200.0	2000.0	1355.0293612370197	0.0	0	185.54237822655705	1555.0293612368405	1	0	tensor(3, device='cuda:0')	1.8606053527663189
183200.0	2000.0	1355.0293612370149	0.0	0	320.8876578079362	1555.0293612368405	1	0	tensor(3, device='cuda:0')	1.8606053527663189
184200.0	2000.0	1355.029361237014	0.0	0	511.2803494287655	1555.0293612368405	1	0	tensor(3, device='cuda:0')	1.8606053527663189
185200.0	2000.0	1355.0293612370115	0.0	0	250.3033125428774	1555.0293612368405	1	0	tensor(3, device='cuda:0')	1.8606053527663189
186304.45671049415	2000.0	1250.5726507428353	0.0	0	0.0	1555.0293612368405	1	0	tensor(3, device='cuda:0')	1.8606053527663189
187786.17264959464	3000.0	620.6851177323325	0.0	0	0.0	1406.8577673268155	1	0	tensor(4, device='cuda:0')	1.3688331801503413
188807.01216418776	2000.0	599.845603139211	0.0	0	0.0	1406.8577673268155	1	0	tensor(3, device='cuda:0')	1.2614669798162694
190112.2854039859	2000.0	294.5723633410836	0.0	0	0.0	1406.8577673268155	1	0	tensor(3, device='cuda:0')	1.8669320879244342
190927.40434583195	1000.0	585.3214040404334	105.86798254540645	0	0.0	1512.7257498722174	1	0	tensor(3, device='cuda:0')	-0.158996129205349
191675.757526016	1000.0	836.9682238563914	0.0	0	0.0	1512.7257498722174	1	0	tensor(3, device='cuda:0')	1.1693589466270349
192397.4670653975	1000.0	1115.258684474878	0.0	0	0.0	1512.7257498722174	1	0	tensor(3, device='cuda:0')	1.1693589466270349
193200.0	1000.0	1312.7257498723811	0.0	0	67.72693939934834	1512.7257498722174	1	0	tensor(3, device='cuda:0')	1.1693589466270349
194200.0	1000.0	1312.7257498723664	0.0	0	458.7023215405643	1512.7257498722174	1	0	tensor(3, device='cuda:0')	1.1693589466270349
195200.0	1000.0	1312.7257498723845	0.0	0	181.710556169739	1512.7257498721883	1	0	tensor(3, device='cuda:0')	1.1693589466270362
196273.00308909605	1000.0	1239.7226607763532	0.0	0	0.0	1512.7257498721883	1	0	tensor(3, device='cuda:0')	1.1693589466270362
197581.48503479062	2000.0	931.2407150818023	0.0	0	0.0	1512.7257498721883	1	0	tensor(3, device='cuda:0')	1.1693589466270362
198624.3951591637	2000.0	888.3305907087374	0.0	0	0.0	1512.7257498721883	1	0	tensor(3, device='cuda:0')	1.8625061271869814
200073.09946675907	2000.0	439.62628311334595	0.0	0	0.0	1512.7257498721883	1	0	tensor(3, device='cuda:0')	1.8625061271869814
200482.72514684143	1000.0	1030.0006030309635	0.0	0	0.0	1512.7257498722174	1	0	tensor(3, device='cuda:0')	0.4762117660670897
201263.16860541658	2000.0	1249.5571444558277	0.0	0	0.0	1512.7257498722174	1	0	tensor(3, device='cuda:0')	1.1693589466270349
202200.0	2000.0	1312.7257498724061	0.0	0	239.9640210196958	1512.7257498722174	1	0	tensor(3, device='cuda:0')	1.86250612718698
203200.0	2000.0	1312.7257498724027	0.0	0	295.00119334238116	1512.7257498722465	1	0	tensor(3, device='cuda:0')	1.862506127186979
204200.0	2000.0	1312.7257498723854	0.0	0	431.0649695160391	1512.7257498722465	1	0	tensor(3, device='cuda:0')	1.862506127186979
207366.8582509105	6000.0	200.0	1054.1325010381506	0	0.0	2566.8582509105036	1	0	tensor(3, device='cuda:0')	-4.488780143317582
207992.1422321201	1000.0	671.3798508148659	96.66383202444064	0	0.0	2663.522082934942	1	0	tensor(3, device='cuda:0')	-1.2952422196025806
208714.36690119875	1000.0	949.1551817362213	0.0	0	0.0	2663.5220829349128	1	0	tensor(3, device='cuda:0')	1.0765002417721221
209474.0127943644	1000.0	1189.5092885706053	0.0	0	0.0	2663.522082934942	1	0	tensor(3, device='cuda:0')	1.076500241772119
210207.017938702	1000.0	1456.5041442330096	0.0	0	0.0	2663.522082934942	1	0	tensor(3, device='cuda:0')	1.0765002417721181
211128.41109270448	1000.0	1535.1109902305247	0.0	0	0.0	2663.522082934942	1	0	tensor(3, device='cuda:0')	1.0765002417721181
211518.2307441109	1000.0	2145.291338824141	0.0	0	0.0	2663.5220829349128	1	0	tensor(3, device='cuda:0')	1.0765002417721221
212541.64316546574	3000.0	2019.5376753338062	0.0	0	0.0	2561.1808407994395	1	0	tensor(4, device='cuda:0')	0.6816049729177913
214341.91771247177	3000.0	1039.235673627172	0.0	0	0.0	2381.1533860988566	1	0	tensor(4, device='cuda:0')	1.8411300506388337
215145.0783556836	1000.0	1236.0750304153657	0.0	0	0.0	2381.1533860988857	1	0	tensor(3, device='cuda:0')	-0.18920255746633802
215512.62041259342	1000.0	1868.5329735055516	0.0	0	0.0	2381.1533860988857	1	0	tensor(3, device='cuda:0')	1.1094097312017694
216842.283484282	2000.0	1538.8699018169261	0.0	0	0.0	2381.1533860988566	1	0	tensor(3, device='cuda:0')	1.1094097312017712
217618.36209631548	1000.0	1762.7912897834453	0.0	0	0.0	2381.1533860988275	1	0	tensor(3, device='cuda:0')	0.41626255064183015
218200.0	1000.0	2181.1533860989284	0.0	0	21.515848488052143	2381.1533860987984	1	0	tensor(3, device='cuda:0')	1.1094097312017765
219200.0	1000.0	2181.153386098923	0.0	0	704.9710568637238	2381.1533860988275	1	0	tensor(3, device='cuda:0')	1.1094097312017754
220814.83290075292	3000.0	1404.8371952707287	0.0	0	0.0	2219.670096023561	1	0	tensor(4, device='cuda:0')	0.5990274471525139
221876.2566741734	3000.0	1237.271044508214	0.0	0	0.0	2113.527718681493	1	0	tensor(4, device='cuda:0')	2.017505984538064
222757.18970512628	3000.0	1268.244710460036	0.0	0	0.0	2025.4344155861763	1	0	tensor(4, device='cuda:0')	2.0608979295906398
224344.8198463228	3000.0	521.8515551439136	0.0	0	0.0	1866.671401466534	1	0	tensor(4, device='cuda:0')	1.929182308651552
225254.82756007023	2000.0	611.8438413964748	0.0	0	0.0	1866.671401466563	1	0	tensor(3, device='cuda:0')	1.2384391883022188
225990.22452844118	2000.0	876.4468730255485	0.0	0	0.0	1866.6714014665922	1	0	tensor(3, device='cuda:0')	1.843904296410381
227127.48378591446	2000.0	739.1876155522967	0.0	0	0.0	1866.6714014665922	1	0	tensor(3, device='cuda:0')	1.843904296410381
227605.01538642094	1000.0	1261.6560150458065	0.0	0	0.0	1866.6714014665922	1	0	tensor(3, device='cuda:0')	0.4576099352904904
228324.00045735398	2000.0	1542.6709441128069	0.0	0	0.0	1866.6714014666213	1	0	tensor(3, device='cuda:0')	1.1507571158504337
229240.99448202917	2000.0	1625.6769194376059	0.0	0	0.0	1866.6714014666213	1	0	tensor(3, device='cuda:0')	1.843904296410379
230200.0	2000.0	1666.671401466785	0.0	0	152.63086820425815	1866.6714014666213	1	0	tensor(3, device='cuda:0')	1.843904296410379
231200.0	2000.0	1666.6714014667837	0.0	0	69.5398213781009	1866.6714014666213	1	0	tensor(3, device='cuda:0')	1.843904296410379
232200.0	2000.0	1666.671401466796	0.0	0	545.1361779430008	1866.6714014666504	1	0	tensor(3, device='cuda:0')	1.843904296410377
233200.0	3000.0	1566.6714014667882	0.0	0	308.9472343402449	1766.6714014666504	1	0	tensor(4, device='cuda:0')	1.4477533961317097
235638.12195317846	6000.0	200.0	71.45055171171737	0	0.0	1838.1219531782845	1	0	tensor(3, device='cuda:0')	1.6257514720477952
236716.3826004705	2000.0	413.14586509583955	291.4065123878999	0	0.0	2129.5284655661962	1	0	tensor(3, device='cuda:0')	-1.021731892769179
237424.46569396375	1000.0	705.0627716025762	0.0	0	0.0	2129.528465566167	1	0	tensor(3, device='cuda:0')	0.4390251091064412
238238.31264747813	1000.0	891.2158180882309	0.0	0	0.0	2129.5284655661962	1	0	tensor(3, device='cuda:0')	1.1321722896663864
238835.2544897396	1000.0	1294.27397582676	0.0	0	0.0	2129.5284655661962	1	0	tensor(3, device='cuda:0')	1.1321722896663848
240267.22225891534	2000.0	862.3062066510001	0.0	0	0.0	2129.5284655661962	1	0	tensor(3, device='cuda:0')	1.1321722896663848
240923.16619104103	1000.0	1206.362274525294	0.0	0	0.0	2129.5284655661962	1	0	tensor(3, device='cuda:0')	0.43902510910643977
241656.16402998252	1000.0	1473.3644355838117	0.0	0	0.0	2129.5284655662253	1	0	tensor(3, device='cuda:0')	1.1321722896663826
242444.22553487765	1000.0	1685.302930688708	0.0	0	0.0	2129.5284655662253	1	0	tensor(3, device='cuda:0')	1.1321722896663817
243200.0	1000.0	1929.528465566399	0.0	0	75.78900139726466	2129.5284655662253	1	0	tensor(3, device='cuda:0')	1.1321722896663826
244200.0	1000.0	1929.5284655664173	0.0	0	313.3453834725078	2129.5284655662253	1	0	tensor(3, device='cuda:0')	1.1321722896663826
245200.0	1000.0	1929.5284655664177	0.0	0	417.9776424431766	2129.5284655662545	1	0	tensor(3, device='cuda:0')	1.1321722896663802
246601.03659249947	2000.0	1528.4918730669654	0.0	0	0.0	2129.5284655662836	1	0	tensor(3, device='cuda:0')	1.1321722896663788
247211.30818778375	1000.0	1918.2202777826938	0.0	0	0.0	2129.5284655662545	1	0	tensor(3, device='cuda:0')	0.4390251091064337
248200.0	2000.0	1929.528465566438	0.0	0	189.8001075440843	2129.5284655662545	1	0	tensor(3, device='cuda:0')	1.1321722896663802
249200.0	2000.0	1929.528465566436	0.0	0	234.17983427917352	2129.5284655662545	1	0	tensor(3, device='cuda:0')	1.8253194702263253
250200.0	3000.0	1829.52846556642	0.0	0	229.21702215319965	2029.5284655661962	1	0	tensor(4, device='cuda:0')	1.4302940193931348
252324.93710251298	3000.0	492.0976528020876	0.0	0	0.0	1817.0347553148458	1	0	tensor(4, device='cuda:0')	1.8241597290701943
253556.99793259875	2000.0	384.2863242830622	124.24950156673196	0	0.0	1941.2842568815686	1	0	tensor(3, device='cuda:0')	0.488136535651185
254246.16313899387	1000.0	695.1211178879164	0.0	0	0.0	1941.2842568815686	1	0	tensor(3, device='cuda:0')	0.45280429203985123
254889.92864598514	2000.0	1051.355610896615	0.0	0	0.0	1941.2842568815686	1	0	tensor(3, device='cuda:0')	1.1459514725997964
255761.437597307	2000.0	1179.8466595747543	0.0	0	0.0	1941.2842568815686	1	0	tensor(3, device='cuda:0')	1.8390986531597413
257758.36549920766	3000.0	200.0	197.06730228726326	0	0.0	1958.365499207488	1	0	tensor(4, device='cuda:0')	0.10054398021941063
258394.63011014438	1000.0	631.3109549265159	67.57556586323332	0	0.0	2025.941065070714	1	0	tensor(3, device='cuda:0')	-0.5640030858880518
259295.11423738513	1000.0	730.8268276857548	0.0	0	0.0	2025.941065070714	1	0	tensor(3, device='cuda:0')	1.1400625979594583
259859.186899018	1000.0	1166.7541660528684	0.0	0	0.0	2025.941065070714	1	0	tensor(3, device='cuda:0')	1.1400625979594583
260629.81748233156	1000.0	1396.123582739335	0.0	0	0.0	2025.941065070685	1	0	tensor(3, device='cuda:0')	1.1400625979594603
261200.0	1000.0	1825.941065070942	0.0	0	1.7656557357986458	2025.941065070714	1	0	tensor(3, device='cuda:0')	1.1400625979594594
262200.0	1000.0	1825.9410650709272	0.0	0	542.8609086534998	2025.941065070714	1	0	tensor(3, device='cuda:0')	1.1400625979594583
263200.0	1000.0	1825.9410650709274	0.0	0	490.8445136222872	2025.941065070685	1	0	tensor(3, device='cuda:0')	1.1400625979594594
264200.0	2000.0	1825.9410650709556	0.0	0	216.4672517539002	2025.9410650707432	1	0	tensor(3, device='cuda:0')	1.1400625979594587
265496.6937229929	3000.0	1399.5779697788453	0.0	0	0.0	1896.2716927714646	1	0	tensor(4, device='cuda:0')	1.3807187566235632
266336.28390505374	3000.0	1476.0287695119086	0.0	0	0.0	1812.3126745653572	1	0	tensor(4, device='cuda:0')	2.0835717976736987
267200.0	3000.0	1525.9410650710079	0.0	0	130.44212777441135	1725.9410650706268	1	0	tensor(4, device='cuda:0')	2.08327472217006
268525.53585211415	3000.0	1067.8516277454041	0.0	0	0.0	1593.3874798591714	1	0	tensor(4, device='cuda:0')	1.9975388695109144
269371.1587584562	2000.0	1222.2287214033922	0.0	0	0.0	1593.3874798591714	1	0	tensor(3, device='cuda:0')	1.2533475165490358
270387.3527880351	2000.0	1206.0346918244686	0.0	0	0.0	1593.3874798592296	1	0	tensor(3, device='cuda:0')	1.858812624657199
272006.40302991343	2000.0	586.9844499461453	0.0	0	0.0	1593.3874798592296	1	0	tensor(3, device='cuda:0')	1.858812624657199
272582.7374825484	1000.0	1010.6499973110859	0.0	0	0.0	1593.3874798592296	1	0	tensor(3, device='cuda:0')	0.4725182635373085
273711.12885354034	2000.0	882.2586263191785	0.0	0	0.0	1593.3874798592879	1	0	tensor(3, device='cuda:0')	1.1656654440972507
274791.91140552686	2000.0	801.476074332634	0.0	0	0.0	1593.3874798592879	1	0	tensor(3, device='cuda:0')	1.8588126246571959
275676.4388275463	1000.0	916.9486523131552	0.0	0	0.0	1593.3874798592879	1	0	tensor(3, device='cuda:0')	0.47251826353730575
276331.5017289428	1000.0	1261.885750916671	0.0	0	0.0	1593.3874798592879	1	0	tensor(3, device='cuda:0')	1.165665444097251
277200.0	1000.0	1393.387479859399	0.0	0	338.6006415511365	1593.3874798592296	1	0	tensor(3, device='cuda:0')	1.1656654440972538
278200.0	1000.0	1393.3874798594368	0.0	0	324.7648828185047	1593.3874798592296	1	0	tensor(3, device='cuda:0')	1.1656654440972538
279200.0	1000.0	1393.3874798593613	0.0	0	478.5285815013922	1593.3874798592296	1	0	tensor(3, device='cuda:0')	1.1656654440972538
280701.24630677846	2000.0	892.1411730809	0.0	0	0.0	1593.3874798591714	1	0	tensor(3, device='cuda:0')	1.1656654440972565
281404.43086327537	1000.0	1188.9566165839237	0.0	0	0.0	1593.3874798591714	1	0	tensor(3, device='cuda:0')	0.47251826353731136
282200.0	1000.0	1393.3874798593454	0.0	0	310.1285802513012	1593.3874798592296	1	0	tensor(3, device='cuda:0')	1.1656654440972538
284029.39562914456	2000.0	563.9918507147196	0.0	0	0.0	1593.3874798591714	1	0	tensor(3, device='cuda:0')	1.1656654440972565
284597.42406652553	1000.0	995.9634133336992	0.0	0	0.0	1593.3874798591714	1	0	tensor(3, device='cuda:0')	0.47251826353731136
285925.6399030463	2000.0	667.7475768129145	0.0	0	0.0	1593.3874798591132	1	0	tensor(3, device='cuda:0')	1.1656654440972591
286487.7140073437	1000.0	1105.6734725154736	0.0	0	0.0	1593.3874798591132	1	0	tensor(3, device='cuda:0')	0.4725182635373141
287200.0	1000.0	1393.387479859211	0.0	0	12.316496900166385	1593.3874798591132	1	0	tensor(3, device='cuda:0')	1.1656654440972594
288200.0	2000.0	1393.387479859236	0.0	0	412.75014981179265	1593.3874798591132	1	0	tensor(3, device='cuda:0')	1.1656654440972591
289200.0	2000.0	1393.3874798592271	0.0	0	273.2952873335453	1593.3874798591132	1	0	tensor(3, device='cuda:0')	1.8588126246572043
290346.26303013065	2000.0	1247.1244497286164	0.0	0	0.0	1593.3874798591132	1	0	tensor(3, device='cuda:0')	1.8588126246572043
291229.02474150725	2000.0	1364.3627383520036	0.0	0	0.0	1593.3874798591714	1	0	tensor(3, device='cuda:0')	1.8588126246572019
292200.0	2000.0	1393.3874798592274	0.0	0	218.7963313005166	1593.3874798591714	1	0	tensor(3, device='cuda:0')	1.8588126246572019
293200.0	2000.0	1393.3874798591703	0.0	0	236.77725383499637	1593.3874798591714	1	0	tensor(3, device='cuda:0')	1.8588126246572019
294200.0	2000.0	1393.3874798591846	0.0	0	33.11665109725436	1593.3874798591714	1	0	tensor(3, device='cuda:0')	1.8588126246572019
295358.3978822014	2000.0	1234.9895976577259	0.0	0	0.0	1593.3874798592296	1	0	tensor(3, device='cuda:0')	1.8588126246572005
296200.0	1000.0	1393.3874798591366	0.0	0	47.10013942542719	1593.3874798592296	1	0	tensor(3, device='cuda:0')	0.4725182635373085
297200.0	1000.0	1393.387479859067	0.0	0	472.0076786846039	1593.3874798592879	1	0	tensor(3, device='cuda:0')	1.165665444097251
298200.0	2000.0	1393.3874798591014	0.0	0	474.05020008340944	1593.3874798592879	1	0	tensor(3, device='cuda:0')	1.1656654440972507
299200.0	2000.0	1393.387479859126	0.0	0	84.22627084970009	1593.3874798592879	1	0	tensor(3, device='cuda:0')	1.8588126246571959
300565.61583949614	2000.0	1027.771640362969	0.0	0	0.0	1593.3874798592296	1	0	tensor(3, device='cuda:0')	1.8588126246571983
301261.5266071438	2000.0	1331.860872715256	0.0	0	0.0	1593.3874798591714	1	0	tensor(3, device='cuda:0')	1.8588126246572
302200.0	2000.0	1393.3874798590443	0.0	0	95.48875994776608	1593.3874798591714	1	0	tensor(3, device='cuda:0')	1.8588126246572019
303412.7880525738	2000.0	1180.599427285215	0.0	0	0.0	1593.3874798591714	1	0	tensor(3, device='cuda:0')	1.8588126246572019
304308.53314444114	2000.0	1284.8543354178473	0.0	0	0.0	1593.3874798591714	1	0	tensor(3, device='cuda:0')	1.8588126246572019
305200.0	1000.0	1393.3874798589777	0.0	0	38.11499957181513	1593.3874798591714	1	0	tensor(3, device='cuda:0')	0.47251826353731136
306200.0	1000.0	1393.3874798589736	0.0	0	564.0888630045811	1593.3874798592296	1	0	tensor(3, device='cuda:0')	1.1656654440972538
2.37	2.73	2.92	3.59	2.94	1.36	2.62	2.43	3.2	1.39	1.99	3.31	1.42	0.66	1.88	3.3	3.57	1.55	1.58	1.93	1.84	1.49	0.834	1.38	1.32	1.38	1.73	1.41	2.12	2.27	1.34	1.63	2.12	2.13	2.4	3.51	3.16	1.82	2.31	2.99	3.66	2.99	1.19	1.98	3.53	5.26	2.69	2.26	2.31	2.53	2.21	1.05	1.09	1.07	2.03	1.84	1.71	2.18	2.63	2.2	2.63	1.89	1.42	1.03	1.19	2.33	2.7	2.78	2.06	2.79	2.39	2.4	2.21	2.59	2.07	1.78	1.26	1.36	1.51	1.2	2.42	2.05	1.33	2.57	1.8	1.83	1.39	2.46	1.14	2.15	3.68	3.04	2.21	2.02	1.42	2.25	2.43	1.89	2.42	1.81	2.18	1.7	2.07	2.48	2.62	3.81	2.49	2.4	1.85	1.61	2.97	2.68	0.834	1.18	2.59	3.13	1.62	1.27	1.26	1.89	2.05	1.85	1.81	3.14	2.57	2.37	0.892	1.67	2.46	1.2	2.36	2.34	2.4	1.27	1.64	2.61	2.33	3.31	3.83	2.27	1.62	1.63	1.44	2.55	3.01	2.75	2.28	2.44	2.12	1.51	1.93	1.38	2.18	3.1	2.26	1.63	1.47	1.45	2.21	2.97	2.97	1.42	2.27	0.521	1.11	2.4	3.27	1.66	1.11	1.78	2.4	3.78	2.79	2.0	2.77	3.2	3.23	3.58	2.02	2.94	1.97	2.53	1.83	1.09	1.04	1.2	1.88	1.66	0.915	1.9	2.37	2.77	1.42	2.83	2.79	3.26	4.44	2.85	1.7	1.14	1.69	1.48	1.42	0.961	2.77	3.24	1.48	1.62	2.48	0.973	1.46	2.87	1.88	3.37	2.72	2.58	1.98	2.19	2.54	1.82	2.54	2.06	2.35	2.29	3.7	4.14	4.09	2.07	2.12	1.97	1.54	2.28	1.88	1.64	1.83	1.69	1.78	2.4	1.75	1.52	2.53	3.29	3.24	1.76	1.77	2.1	2.04	2.51	3.36	1.36	1.99	1.01	1.76	1.39	2.28	2.49	2.83	2.57	2.87	3.63	2.34	2.28	2.21	2.5	0.846	1.89	2.24	1.45	1.01	1.77	1.77	1.9	1.74	1.91	1.96	1.39	1.59	2.05	1.8	1.53	2.66	2.19	1.22	1.68	2.27	2.22	2.06	2.12	1.55	2.0	2.95	2.4	1.54	2.64	2.61	1.58	2.04	1.31	2.88	1.8	1.92
1843.0	1844.0	1845.0	1846.0	1847.0	1848.0	1849.0	1850.0	1851.0	1852.0	1853.0	1854.0	1855.0	1856.0	1857.0	1858.0	1859.0	1860.0	1861.0	1862.0	1863.0	1864.0	1865.0	1866.0	1867.0	1868.0	1869.0	1870.0	1871.0	1872.0	1873.0	1874.0	1875.0	1876.0	1877.0	1878.0	1879.0	1880.0	1881.0	1882.0	1883.0	1884.0	1885.0	1886.0	1887.0	1888.0	1889.0	1890.0	1891.0	1892.0	1893.0	1894.0	1895.0	1896.0	1897.0	1898.0	1899.0	1900.0	1901.0	1902.0	1903.0	1904.0	1905.0	1906.0	1907.0	1908.0	1909.0	1910.0	1911.0	1912.0	1913.0	1914.0	1915.0	1916.0	1917.0	1918.0	1919.0	1920.0	1921.0	1922.0	1923.0	1924.0	1925.0	1926.0	1927.0	1928.0	1929.0	1930.0	1931.0	1932.0	1933.0	1934.0	1935.0	1936.0	1937.0	1938.0	1939.0	1940.0	1941.0	1942.0	1943.0	1944.0	1945.0	1946.0	1947.0	1948.0	1949.0	1950.0	1951.0	1952.0	1953.0	1954.0	1955.0	1956.0	1957.0	1958.0	1959.0	1960.0	1961.0	1962.0	1963.0	1964.0	1965.0	1966.0	1967.0	1968.0	1969.0	1970.0	1971.0	1972.0	1973.0	1974.0	1975.0	1976.0	1977.0	1978.0	1979.0	1980.0	1981.0	1982.0	1983.0	1984.0	1985.0	1986.0	1987.0	1988.0	1989.0	1990.0	1991.0	1992.0	1993.0	1994.0	1995.0	1996.0	1997.0	1998.0	1999.0	2000.0	2000.0	2001.0	2002.0	2003.0	2004.0	2005.0	2006.0	2007.0	2008.0	2009.0	2010.0	2011.0	2012.0	2013.0	2014.0	2015.0	2016.0	2017.0	2018.0	2019.0	2020.0	2021.0	2022.0	2023.0	2024.0	2025.0	2026.0	2027.0	2028.0	2029.0	2030.0	2031.0	2032.0	2033.0	2034.0	2035.0	2036.0	2037.0	2038.0	2039.0	2040.0	2041.0	2042.0	2043.0	2044.0	2045.0	2046.0	2047.0	2048.0	2049.0	2050.0	2051.0	2052.0	2053.0	2054.0	2055.0	2056.0	2057.0	2058.0	2059.0	2060.0	2061.0	2062.0	2063.0	2064.0	2065.0	2066.0	2067.0	2068.0	2069.0	2070.0	2071.0	2072.0	2073.0	2074.0	2075.0	2076.0	2077.0	2078.0	2079.0	2080.0	2081.0	2082.0	2083.0	2084.0	2085.0	2086.0	2087.0	2088.0	2089.0	2090.0	2091.0	2092.0	2093.0	2094.0	2095.0	2096.0	2097.0	2098.0	2099.0	2100.0	2101.0	2102.0	2103.0	2104.0	2105.0	2106.0	2107.0	2108.0	2109.0	2110.0	2111.0	2112.0	2113.0	2114.0	2115.0	2116.0	2117.0	2118.0	2119.0	2120.0	2121.0	2122.0	2123.0	2124.0	2125.0	2126.0	2127.0	2128.0	2129.0	2130.0	2131.0	2132.0	2133.0	2134.0	2135.0	2136.0	2137.0	2138.0	2139.0	2140.0	2141.0	2142.0
8131.0
