3173.044010811577	300.0	2000.0	247.41593840696527	0	0.0	3173.044010811577	1	0	tensor(4, device='cuda:0')	-1.8859650741508056
3963.4643110854117	1000.0	2209.579699726166	0.0	0	0.0	3173.044010811577	1	0	tensor(3, device='cuda:0')	-0.41364865975214316
4897.408017527314	1000.0	2275.6359932842633	0.0	0	0.0	3173.0440108115763	1	0	tensor(3, device='cuda:0')	0.9903241445737931
5682.319576457206	1000.0	2490.724434354372	0.0	0	0.0	3173.044010811577	1	0	tensor(3, device='cuda:0')	0.9903241445737931
6207.31705269154	1000.0	2965.726958120037	0.0	0	0.0	3173.0440108115768	1	0	tensor(3, device='cuda:0')	0.9903241445737931
7620.83447313387	3000.0	2410.8577956334757	0.0	0	0.0	3031.692268767345	1	0	tensor(4, device='cuda:0')	0.529511733711849
8558.944918836696	3000.0	2378.9363053603665	0.0	0	0.0	2937.881224197062	1	0	tensor(4, device='cuda:0')	1.9416868432620995
9540.838515135238	3000.0	2298.853349431969	0.0	0	0.0	2839.691864567206	1	0	tensor(4, device='cuda:0')	1.949266240849958
10200.0	3000.0	2573.775716080731	0.0	0	20.29103885125187	2773.7757160807296	1	0	tensor(4, device='cuda:0')	2.0251622867902044
11551.619562208096	6000.0	2222.156153872634	0.0	0	0.0	2773.7757160807287	1	0	tensor(3, device='cuda:0')	1.9597128026977484
13763.548645076595	6000.0	1010.2270710041337	0.0	0	0.0	2773.7757160807287	1	0	tensor(3, device='cuda:0')	2.8528599832576935
14672.379360733152	3000.0	1010.5132837819204	0.0	0	0.0	2682.89264451507	1	0	tensor(4, device='cuda:0')	1.0944674218972494
15336.336179741347	3000.0	1280.1607828729052	0.0	0	0.0	2616.4969626142483	1	0	tensor(4, device='cuda:0')	2.0462753955369104
16440.86767273639	3000.0	1065.176140578361	0.0	0	0.0	2506.0438133147454	1	0	tensor(4, device='cuda:0')	1.9702547741577399
17507.591813337847	3000.0	891.7795859167511	0.0	0	0.0	2399.371399254591	1	0	tensor(4, device='cuda:0')	1.9899840223074314
18341.145351725456	3000.0	974.870693690378	0.0	0	0.0	2316.016045415825	1	0	tensor(4, device='cuda:0')	2.0456115752898945
19199.251624186425	3000.0	1030.9537939833142	0.0	0	0.0	2230.2054181697276	1	0	tensor(4, device='cuda:0')	2.048709098820249
19728.07504851819	3000.0	1449.248027218375	0.0	0	0.0	2177.3230757365527	1	0	tensor(4, device='cuda:0')	2.11998186095876
20536.321800524496	3000.0	1560.176600011439	0.0	0	0.0	2096.498400535922	1	0	tensor(4, device='cuda:0')	2.070235336689552
21349.297054419058	3000.0	1665.9038207274227	0.0	0	0.0	2015.2008751464673	1	0	tensor(4, device='cuda:0')	2.0752950087718216
22459.165641655218	3000.0	1445.0483747676442	0.0	0	0.0	1904.2140164228513	1	0	tensor(4, device='cuda:0')	2.0232272734315413
23341.537382640905	3000.0	1474.439459683392	0.0	0	0.0	1815.9768423242895	1	0	tensor(4, device='cuda:0')	2.074535026185309
24355.372173759446	3000.0	1359.2211894529978	0.0	0	0.0	1714.5933632124397	1	0	tensor(4, device='cuda:0')	2.054138358551336
25497.10428738187	3000.0	1103.3158644683308	0.0	0	0.0	1600.420151850194	1	0	tensor(4, device='cuda:0')	2.03412037033077
26961.370580149003	2000.0	639.0495717011972	0.0	0	0.0	1600.4201518501977	1	0	tensor(3, device='cuda:0')	1.2530114894171092
27630.263603309406	1000.0	970.1565485407941	0.0	0	0.0	1600.4201518501977	1	0	tensor(3, device='cuda:0')	0.4721822364053837
28368.25028115069	1000.0	1232.1698706995085	0.0	0	0.0	1600.4201518501977	1	0	tensor(3, device='cuda:0')	1.1653294169653288
29200.0	1000.0	1400.4201518501945	0.0	0	418.1877189682964	1600.4201518501977	1	0	tensor(3, device='cuda:0')	1.1653294169653288
30200.0	2000.0	1400.4201518501934	0.0	0	133.63085375506853	1600.4201518501977	1	0	tensor(3, device='cuda:0')	1.1653294169653288
31200.0	2000.0	1400.4201518501936	0.0	0	585.8098827287358	1600.4201518501977	1	0	tensor(3, device='cuda:0')	1.858476597525274
32709.233660651673	6000.0	891.1864911985225	0.0	0	0.0	1600.4201518501977	1	0	tensor(3, device='cuda:0')	1.8584765975252742
33463.57068603411	3000.0	1061.4157632778356	0.0	0	0.0	1524.9864493119494	1	0	tensor(4, device='cuda:0')	1.2225124159935057
34385.63106405493	3000.0	1047.1493474549384	0.0	0	0.0	1432.780411509877	1	0	tensor(4, device='cuda:0')	2.085902769938315
35200.0	2000.0	1232.7804115098645	0.0	0	146.01583346366533	1432.780411509877	1	0	tensor(3, device='cuda:0')	1.2604252787987624
36200.0	2000.0	1232.7804115098652	0.0	0	45.61304984610615	1432.780411509877	1	0	tensor(3, device='cuda:0')	1.8658903869069272
37200.0	2000.0	1232.780411509862	0.0	0	311.59558260907215	1432.7804115098843	1	0	tensor(3, device='cuda:0')	1.8658903869069268
38293.48440579194	2000.0	1139.2960057179266	0.0	0	0.0	1432.7804115098843	1	0	tensor(3, device='cuda:0')	1.8658903869069268
39506.42700451431	2000.0	926.3534069955649	0.0	0	0.0	1432.7804115098916	1	0	tensor(3, device='cuda:0')	1.8658903869069265
40421.12587704259	2000.0	1011.6545344672878	0.0	0	0.0	1432.7804115098916	1	0	tensor(3, device='cuda:0')	1.8658903869069265
41200.0	2000.0	1232.780411509886	0.0	0	84.18338267976651	1432.7804115098916	1	0	tensor(3, device='cuda:0')	1.8658903869069265
42200.0	2000.0	1232.7804115098866	0.0	0	203.9782819223983	1432.7804115098916	1	0	tensor(3, device='cuda:0')	1.8658903869069265
43200.0	2000.0	1232.7804115098886	0.0	0	383.1096419885653	1432.7804115098916	1	0	tensor(3, device='cuda:0')	1.8658903869069265
44270.49023049478	2000.0	1162.2901810151004	0.0	0	0.0	1432.7804115098916	1	0	tensor(3, device='cuda:0')	1.8658903869069265
45200.0	2000.0	1232.7804115098838	0.0	0	327.431016634604	1432.7804115098916	1	0	tensor(3, device='cuda:0')	1.8658903869069265
46338.945819487955	2000.0	1093.83459202193	0.0	0	0.0	1432.7804115098988	1	0	tensor(3, device='cuda:0')	1.8658903869069265
47718.61805495219	2000.0	714.1623565576983	0.0	0	0.0	1432.7804115098988	1	0	tensor(3, device='cuda:0')	1.8658903869069263
48887.85660205863	2000.0	544.9238094512634	0.0	0	0.0	1432.7804115098988	1	0	tensor(3, device='cuda:0')	1.8658903869069263
50126.79843021604	2000.0	343.0858083871593	37.10382709330429	0	0.0	1469.8842386032047	1	0	tensor(3, device='cuda:0')	1.6417296299242503
50727.430634281394	1000.0	742.4536043218121	0.0	0	0.0	1469.8842386032047	1	0	tensor(3, device='cuda:0')	0.47805823136418574
51617.83276192809	2000.0	852.0514766751285	0.0	0	0.0	1469.8842386032047	1	0	tensor(3, device='cuda:0')	1.1712054119241309
52374.58505614643	2000.0	1095.2991824567894	0.0	0	0.0	1469.8842386032047	1	0	tensor(3, device='cuda:0')	1.8643525924840758
53717.53319018214	2000.0	752.3510484210841	0.0	0	0.0	1469.8842386032047	1	0	tensor(3, device='cuda:0')	1.8643525924840758
54428.21797101419	1000.0	1041.666267589033	0.0	0	0.0	1469.884238603212	1	0	tensor(3, device='cuda:0')	0.47805823136418535
55200.0	1000.0	1269.8842386032209	0.0	0	293.6277369313393	1469.884238603212	1	0	tensor(3, device='cuda:0')	1.1712054119241304
56332.93614442456	2000.0	1136.948094178667	0.0	0	0.0	1469.8842386032193	1	0	tensor(3, device='cuda:0')	1.1712054119241302
57200.0	2000.0	1269.884238603226	0.0	0	246.5766490068927	1469.884238603212	1	0	tensor(3, device='cuda:0')	1.8643525924840756
58200.0	2000.0	1269.8842386032234	0.0	0	136.034374448398	1469.884238603212	1	0	tensor(3, device='cuda:0')	1.8643525924840756
59200.0	2000.0	1269.8842386032177	0.0	0	264.44674747518	1469.8842386032047	1	0	tensor(3, device='cuda:0')	1.8643525924840758
60200.0	3000.0	1169.884238603214	0.0	0	245.96680490810104	1369.8842386031902	1	0	tensor(4, device='cuda:0')	1.4669078910296371
61200.0	2000.0	1169.8842386032138	0.0	0	77.80034423832694	1369.8842386031902	1	0	tensor(3, device='cuda:0')	1.2629077070916757
62200.0	2000.0	1169.884238603209	0.0	0	145.3074676195247	1369.8842386031902	1	0	tensor(3, device='cuda:0')	1.8683728151998404
63200.0	2000.0	1169.8842386031984	0.0	0	329.69911842284637	1369.884238603183	1	0	tensor(3, device='cuda:0')	1.8683728151998409
64200.0	2000.0	1169.8842386031977	0.0	0	493.42085023445543	1369.884238603183	1	0	tensor(3, device='cuda:0')	1.8683728151998409
65200.0	2000.0	1169.8842386031972	0.0	0	375.6850462059301	1369.884238603183	1	0	tensor(3, device='cuda:0')	1.8683728151998409
66200.0	2000.0	1169.8842386031965	0.0	0	536.5136650901113	1369.8842386031902	1	0	tensor(3, device='cuda:0')	1.8683728151998404
67225.17399010266	2000.0	1144.7102485005416	0.0	0	0.0	1369.8842386032047	1	0	tensor(3, device='cuda:0')	1.8683728151998402
68483.15260048927	2000.0	886.7316381139257	0.0	0	0.0	1369.8842386031902	1	0	tensor(3, device='cuda:0')	1.8683728151998404
69200.0	2000.0	1169.8842386031856	0.0	0	17.232489232497755	1369.8842386031756	1	0	tensor(3, device='cuda:0')	1.868372815199841
70200.0	2000.0	1169.8842386031931	0.0	0	390.647939901115	1369.8842386031756	1	0	tensor(3, device='cuda:0')	1.868372815199841
71200.0	2000.0	1169.8842386031909	0.0	0	464.71120786998654	1369.8842386031902	1	0	tensor(3, device='cuda:0')	1.8683728151998404
72200.0	2000.0	1169.8842386031847	0.0	0	215.88846861434286	1369.8842386031902	1	0	tensor(3, device='cuda:0')	1.8683728151998404
73200.0	2000.0	1169.8842386031752	0.0	0	476.95905540492095	1369.8842386031902	1	0	tensor(3, device='cuda:0')	1.8683728151998404
74200.0	2000.0	1169.8842386031774	0.0	0	271.54864506056765	1369.8842386031902	1	0	tensor(3, device='cuda:0')	1.8683728151998404
75200.0	2000.0	1169.8842386031733	0.0	0	264.46683777860017	1369.8842386031902	1	0	tensor(3, device='cuda:0')	1.8683728151998404
76318.75211177462	2000.0	1051.132126828545	0.0	0	0.0	1369.8842386031756	1	0	tensor(3, device='cuda:0')	1.868372815199841
77453.82799531046	2000.0	916.0562432927022	0.0	0	0.0	1369.8842386031902	1	0	tensor(3, device='cuda:0')	1.8683728151998404
78200.0	2000.0	1169.8842386031818	0.0	0	64.34995324525516	1369.8842386031902	1	0	tensor(3, device='cuda:0')	1.8683728151998404
79342.52850471133	2000.0	1027.355733891854	0.0	0	0.0	1369.8842386032047	1	0	tensor(3, device='cuda:0')	1.86837281519984
80200.0	2000.0	1169.8842386031795	0.0	0	2.951491050858749	1369.8842386031902	1	0	tensor(3, device='cuda:0')	1.8683728151998404
81687.40488326686	2000.0	682.4793553363262	0.0	0	0.0	1369.8842386031902	1	0	tensor(3, device='cuda:0')	1.8683728151998404
82359.83205743949	1000.0	1010.0521811636928	0.0	0	0.0	1369.8842386031902	1	0	tensor(3, device='cuda:0')	0.4820784540799501
83332.0393273992	2000.0	1037.8449112039852	0.0	0	0.0	1369.8842386031902	1	0	tensor(3, device='cuda:0')	1.1752256346398953
84200.0	2000.0	1169.8842386031863	0.0	0	83.82735958979174	1369.8842386031902	1	0	tensor(3, device='cuda:0')	1.8683728151998404
85200.0	2000.0	1169.8842386031886	0.0	0	70.56322123763675	1369.8842386031756	1	0	tensor(3, device='cuda:0')	1.868372815199841
86200.0	2000.0	1169.8842386032036	0.0	0	442.39543787068396	1369.8842386031902	1	0	tensor(3, device='cuda:0')	1.8683728151998404
87200.0	2000.0	1169.8842386032104	0.0	0	277.47107956846594	1369.8842386031756	1	0	tensor(3, device='cuda:0')	1.868372815199841
88200.0	2000.0	1169.8842386032045	0.0	0	93.87776658218354	1369.884238603161	1	0	tensor(3, device='cuda:0')	1.8683728151998416
89307.78687276943	2000.0	1062.097365833776	0.0	0	0.0	1369.884238603161	1	0	tensor(3, device='cuda:0')	1.8683728151998416
90498.51606574419	2000.0	871.3681728590227	0.0	0	0.0	1369.884238603161	1	0	tensor(3, device='cuda:0')	1.8683728151998416
91362.49804916672	2000.0	1007.386189436485	0.0	0	0.0	1369.884238603161	1	0	tensor(3, device='cuda:0')	1.8683728151998416
92200.0	2000.0	1169.8842386032134	0.0	0	196.08346297762182	1369.884238603161	1	0	tensor(3, device='cuda:0')	1.8683728151998416
93200.0	2000.0	1169.8842386032122	0.0	0	91.11815093556652	1369.8842386031756	1	0	tensor(3, device='cuda:0')	1.868372815199841
94200.0	2000.0	1169.8842386032095	0.0	0	116.33170843310654	1369.884238603161	1	0	tensor(3, device='cuda:0')	1.8683728151998416
95200.0	2000.0	1169.8842386032093	0.0	0	270.83722830320767	1369.8842386031756	1	0	tensor(3, device='cuda:0')	1.868372815199841
96200.0	2000.0	1169.8842386032136	0.0	0	102.57372559985379	1369.8842386031756	1	0	tensor(3, device='cuda:0')	1.868372815199841
97200.0	2000.0	1169.8842386032106	0.0	0	248.89650172906113	1369.8842386031756	1	0	tensor(3, device='cuda:0')	1.868372815199841
98200.0	2000.0	1169.8842386032072	0.0	0	531.32621893537	1369.8842386031756	1	0	tensor(3, device='cuda:0')	1.868372815199841
99200.0	2000.0	1169.8842386032109	0.0	0	485.1307218729489	1369.8842386031756	1	0	tensor(3, device='cuda:0')	1.868372815199841
100200.0	2000.0	1169.8842386032147	0.0	0	362.9320491124963	1369.8842386031756	1	0	tensor(3, device='cuda:0')	1.868372815199841
101200.0	2000.0	1169.8842386032002	0.0	0	385.7963270459586	1369.8842386031756	1	0	tensor(3, device='cuda:0')	1.868372815199841
102200.0	2000.0	1169.884238603203	0.0	0	234.92489613626094	1369.884238603161	1	0	tensor(3, device='cuda:0')	1.8683728151998416
103200.0	2000.0	1169.884238603202	0.0	0	78.43240827230329	1369.884238603161	1	0	tensor(3, device='cuda:0')	1.8683728151998416
104202.31661260016	2000.0	1167.5676260030318	0.0	0	0.0	1369.884238603161	1	0	tensor(3, device='cuda:0')	1.8683728151998416
105200.0	2000.0	1169.884238603197	0.0	0	151.9957109587849	1369.884238603161	1	0	tensor(3, device='cuda:0')	1.8683728151998416
106200.0	2000.0	1169.8842386032031	0.0	0	312.4545404131786	1369.884238603161	1	0	tensor(3, device='cuda:0')	1.8683728151998416
107200.0	2000.0	1169.8842386031993	0.0	0	192.46603076749307	1369.884238603161	1	0	tensor(3, device='cuda:0')	1.8683728151998416
108427.00752209409	2000.0	942.8767165091108	0.0	0	0.0	1369.8842386031756	1	0	tensor(3, device='cuda:0')	1.868372815199841
109200.0	2000.0	1169.884238603203	0.0	0	181.98590938917187	1369.8842386031756	1	0	tensor(3, device='cuda:0')	1.868372815199841
110200.0	2000.0	1169.884238603196	0.0	0	328.55367203231435	1369.8842386031756	1	0	tensor(3, device='cuda:0')	1.868372815199841
111282.68207472976	2000.0	1087.2021638734382	0.0	0	0.0	1369.8842386031756	1	0	tensor(3, device='cuda:0')	1.868372815199841
112200.0	2000.0	1169.8842386031959	0.0	0	180.52866318939778	1369.8842386031756	1	0	tensor(3, device='cuda:0')	1.868372815199841
113200.0	2000.0	1169.8842386031952	0.0	0	83.55535385555413	1369.8842386031902	1	0	tensor(3, device='cuda:0')	1.8683728151998404
114226.3856770286	2000.0	1143.4985615745936	0.0	0	0.0	1369.8842386031756	1	0	tensor(3, device='cuda:0')	1.868372815199841
115317.46463431099	2000.0	1052.4196042922085	0.0	0	0.0	1369.8842386031756	1	0	tensor(3, device='cuda:0')	1.868372815199841
116200.0	2000.0	1169.884238603206	0.0	0	40.53182363510132	1369.8842386031756	1	0	tensor(3, device='cuda:0')	1.868372815199841
117200.0	2000.0	1169.8842386032015	0.0	0	529.8131031122757	1369.8842386031756	1	0	tensor(3, device='cuda:0')	1.868372815199841
118200.0	2000.0	1169.884238603198	0.0	0	582.3053402881778	1369.8842386031756	1	0	tensor(3, device='cuda:0')	1.868372815199841
119200.0	2000.0	1169.8842386031774	0.0	0	161.51215375248285	1369.8842386031756	1	0	tensor(3, device='cuda:0')	1.868372815199841
120200.0	2000.0	1169.8842386031545	0.0	0	14.613460295993718	1369.884238603161	1	0	tensor(3, device='cuda:0')	1.8683728151998416
121322.32186543776	2000.0	1047.5623731654118	0.0	0	0.0	1369.884238603161	1	0	tensor(3, device='cuda:0')	1.8683728151998416
122223.91209053714	2000.0	1145.9721480660369	0.0	0	0.0	1369.8842386031756	1	0	tensor(3, device='cuda:0')	1.868372815199841
123299.50235559573	2000.0	1070.3818830074415	0.0	0	0.0	1369.8842386031902	1	0	tensor(3, device='cuda:0')	1.8683728151998404
124200.0	1000.0	1169.8842386031693	0.0	0	226.93823535328556	1369.8842386031902	1	0	tensor(3, device='cuda:0')	0.4820784540799501
125200.0	1000.0	1169.8842386031654	0.0	0	297.048999063074	1369.8842386031902	1	0	tensor(3, device='cuda:0')	1.1752256346398953
126200.0	2000.0	1169.8842386031554	0.0	0	176.30904991956777	1369.8842386031902	1	0	tensor(3, device='cuda:0')	1.1752256346398953
127234.04814653688	2000.0	1135.836092066271	0.0	0	0.0	1369.8842386031902	1	0	tensor(3, device='cuda:0')	1.8683728151998404
128249.85185996091	2000.0	1120.0323786422452	0.0	0	0.0	1369.8842386031902	1	0	tensor(3, device='cuda:0')	1.8683728151998404
129200.0	2000.0	1169.8842386031558	0.0	0	117.46164033177774	1369.8842386031902	1	0	tensor(3, device='cuda:0')	1.8683728151998404
130200.0	2000.0	1169.8842386031629	0.0	0	396.9017124480888	1369.8842386031902	1	0	tensor(3, device='cuda:0')	1.8683728151998404
131200.0	2000.0	1169.884238603178	0.0	0	388.9070558941021	1369.8842386032193	1	0	tensor(3, device='cuda:0')	1.8683728151998398
132200.0	2000.0	1169.8842386031622	0.0	0	468.4272033817251	1369.8842386031902	1	0	tensor(3, device='cuda:0')	1.8683728151998396
133200.0	2000.0	1169.8842386031317	0.0	0	572.9528065210616	1369.8842386031756	1	0	tensor(3, device='cuda:0')	1.868372815199841
134417.64971610406	6000.0	952.2345224990792	0.0	0	0.0	1369.8842386032047	1	0	tensor(3, device='cuda:0')	1.86837281519984
135200.0	3000.0	1091.6492102135267	0.0	0	190.72242999644368	1291.649210213538	1	0	tensor(4, device='cuda:0')	1.226023926870107
136200.0	2000.0	1091.6492102135187	0.0	0	314.3591214735934	1291.649210213538	1	0	tensor(3, device='cuda:0')	1.2657893137503435
137850.32980398365	6000.0	441.31940622988316	0.0	0	0.0	1291.649210213538	1	0	tensor(3, device='cuda:0')	1.8712544218585085
138519.87443571555	3000.0	704.8203113247923	0.0	0	0.0	1224.6947470403393	1	0	tensor(4, device='cuda:0')	1.2513763917615783
139200.0	3000.0	956.6821906119121	0.0	0	42.25407153108972	1156.6821906119294	1	0	tensor(4, device='cuda:0')	2.144589856411456
140200.0	3000.0	856.6821906119105	0.0	0	364.0117038769531	1056.6821906119003	1	0	tensor(4, device='cuda:0')	2.0830463432668584
141200.0	2000.0	856.6821906118993	0.0	0	519.2901053726673	1056.6821906119294	1	0	tensor(3, device='cuda:0')	1.2732237277477259
142200.0	2000.0	856.6821906118959	0.0	0	430.3276073342131	1056.6821906119294	1	0	tensor(3, device='cuda:0')	1.8786888358558906
143200.0	2000.0	856.6821906119102	0.0	0	344.7901438532281	1056.6821906119003	1	0	tensor(3, device='cuda:0')	1.8786888358558915
144200.0	2000.0	856.6821906118917	0.0	0	454.0826943864231	1056.6821906119003	1	0	tensor(3, device='cuda:0')	1.8786888358558915
145200.0	2000.0	856.6821906118771	0.0	0	442.31408483796986	1056.6821906119003	1	0	tensor(3, device='cuda:0')	1.8786888358558915
146200.0	2000.0	856.6821906118754	0.0	0	273.4315899449284	1056.6821906119003	1	0	tensor(3, device='cuda:0')	1.8786888358558915
147200.0	2000.0	856.6821906118848	0.0	0	179.74898254105938	1056.6821906119003	1	0	tensor(3, device='cuda:0')	1.8786888358558915
148200.0	2000.0	856.682190611884	0.0	0	6.07459039465175	1056.6821906119003	1	0	tensor(3, device='cuda:0')	1.8786888358558915
149200.0	2000.0	856.6821906119148	0.0	0	159.09575045714155	1056.6821906119003	1	0	tensor(3, device='cuda:0')	1.8786888358558915
150200.0	2000.0	856.6821906119326	0.0	0	263.3344356236921	1056.6821906119003	1	0	tensor(3, device='cuda:0')	1.8786888358558915
151200.0	2000.0	856.6821906119358	0.0	0	95.24216843795148	1056.6821906119003	1	0	tensor(3, device='cuda:0')	1.8786888358558915
152346.39309701606	2000.0	710.2890935958819	0.0	0	0.0	1056.6821906119003	1	0	tensor(3, device='cuda:0')	1.8786888358558915
153453.50002881233	2000.0	603.1821617996255	0.0	0	0.0	1056.6821906119003	1	0	tensor(3, device='cuda:0')	1.8786888358558915
154200.0	2000.0	856.6821906119396	0.0	0	98.60203158724471	1056.6821906119003	1	0	tensor(3, device='cuda:0')	1.8786888358558915
155200.0	2000.0	856.6821906119305	0.0	0	69.06160061279661	1056.6821906119003	1	0	tensor(3, device='cuda:0')	1.8786888358558915
156200.0	2000.0	856.6821906119336	0.0	0	31.50529776563053	1056.6821906119003	1	0	tensor(3, device='cuda:0')	1.8786888358558915
157203.57304267387	2000.0	853.1091479380636	0.0	0	0.0	1056.6821906119003	1	0	tensor(3, device='cuda:0')	1.8786888358558915
158542.28742302605	2000.0	514.3947675858951	0.0	0	0.0	1056.6821906119003	1	0	tensor(3, device='cuda:0')	1.8786888358558915
159890.4891321002	2000.0	392.74766207861336	226.55460356686172	0	0.0	1283.2367941787525	1	0	tensor(3, device='cuda:0')	0.5122236783082461
160786.0613316835	2000.0	572.2154040829255	75.03994158763993	0	0.0	1358.2767357663834	1	0	tensor(3, device='cuda:0')	1.4185748017411846
161385.24987979405	2000.0	973.0268559724174	0.0	0	0.0	1358.2767357663834	1	0	tensor(3, device='cuda:0')	1.8688144512670242
162200.0	2000.0	1158.2767357664704	0.0	0	209.7858494827815	1358.2767357663834	1	0	tensor(3, device='cuda:0')	1.8688144512670242
163200.0	3000.0	1058.2767357664848	0.0	0	252.66145779183717	1258.2767357664125	1	0	tensor(4, device='cuda:0')	1.471197748165817
164200.0	2000.0	1058.276735766446	0.0	0	678.3902783973026	1258.2767357663834	1	0	tensor(3, device='cuda:0')	1.2669527410348609
165200.0	2000.0	1058.2767357664484	0.0	0	566.5414975079766	1258.2767357663542	1	0	tensor(3, device='cuda:0')	1.8724178491430268
166200.0	2000.0	1058.2767357664661	0.0	0	391.55385994844255	1258.2767357663542	1	0	tensor(3, device='cuda:0')	1.8724178491430268
167200.0	2000.0	1058.2767357664593	0.0	0	386.8424482800183	1258.2767357663834	1	0	tensor(3, device='cuda:0')	1.8724178491430257
168200.0	2000.0	1058.2767357664347	0.0	0	436.24510383373126	1258.2767357663834	1	0	tensor(3, device='cuda:0')	1.8724178491430257
169200.0	2000.0	1058.2767357664432	0.0	0	294.044468010281	1258.2767357663834	1	0	tensor(3, device='cuda:0')	1.8724178491430257
170200.0	2000.0	1058.2767357664595	0.0	0	287.312350152235	1258.2767357663834	1	0	tensor(3, device='cuda:0')	1.8724178491430257
171200.0	2000.0	1058.276735766437	0.0	0	321.66420692406246	1258.2767357663542	1	0	tensor(3, device='cuda:0')	1.8724178491430268
172200.0	2000.0	1058.276735766416	0.0	0	342.89700585446553	1258.2767357663834	1	0	tensor(3, device='cuda:0')	1.8724178491430257
173200.0	2000.0	1058.2767357664106	0.0	0	189.87612063449342	1258.2767357663834	1	0	tensor(3, device='cuda:0')	1.8724178491430257
174200.0	2000.0	1058.2767357663902	0.0	0	22.005022588709835	1258.2767357663542	1	0	tensor(3, device='cuda:0')	1.8724178491430268
175200.0	2000.0	1058.27673576638	0.0	0	263.30413079916616	1258.2767357663542	1	0	tensor(3, device='cuda:0')	1.8724178491430268
176200.0	2000.0	1058.27673576637	0.0	0	455.28148384037195	1258.2767357663542	1	0	tensor(3, device='cuda:0')	1.8724178491430268
177200.0	2000.0	1058.276735766381	0.0	0	394.8026235977886	1258.2767357663542	1	0	tensor(3, device='cuda:0')	1.8724178491430268
178200.0	2000.0	1058.276735766378	0.0	0	371.15445912990253	1258.2767357663542	1	0	tensor(3, device='cuda:0')	1.8724178491430268
179200.0	2000.0	1058.2767357663686	0.0	0	467.0545569723181	1258.2767357663542	1	0	tensor(3, device='cuda:0')	1.8724178491430268
180200.0	2000.0	1058.276735766358	0.0	0	105.714331806259	1258.2767357663542	1	0	tensor(3, device='cuda:0')	1.8724178491430268
181200.0	2000.0	1058.2767357663797	0.0	0	246.11619682254968	1258.2767357663542	1	0	tensor(3, device='cuda:0')	1.8724178491430268
182200.0	2000.0	1058.2767357663731	0.0	0	391.52892401171266	1258.2767357663542	1	0	tensor(3, device='cuda:0')	1.8724178491430268
183200.0	2000.0	1058.2767357663843	0.0	0	495.15990802503075	1258.2767357663542	1	0	tensor(3, device='cuda:0')	1.8724178491430268
184200.0	2000.0	1058.2767357663652	0.0	0	315.8285636791843	1258.2767357663542	1	0	tensor(3, device='cuda:0')	1.8724178491430268
185200.0	2000.0	1058.2767357663674	0.0	0	416.72023209836334	1258.2767357663542	1	0	tensor(3, device='cuda:0')	1.8724178491430268
186200.0	2000.0	1058.2767357663815	0.0	0	96.49132957082475	1258.2767357663542	1	0	tensor(3, device='cuda:0')	1.8724178491430268
187200.0	2000.0	1058.2767357663804	0.0	0	429.84863874918665	1258.2767357663542	1	0	tensor(3, device='cuda:0')	1.8724178491430268
188200.0	2000.0	1058.276735766382	0.0	0	526.9770163477515	1258.2767357663542	1	0	tensor(3, device='cuda:0')	1.8724178491430268
189200.0	2000.0	1058.2767357663915	0.0	0	494.8490978848713	1258.2767357663542	1	0	tensor(3, device='cuda:0')	1.8724178491430268
190200.0	2000.0	1058.2767357664102	0.0	0	324.5046720256796	1258.2767357663542	1	0	tensor(3, device='cuda:0')	1.8724178491430268
191200.0	2000.0	1058.276735766383	0.0	0	381.69982508730027	1258.2767357663542	1	0	tensor(3, device='cuda:0')	1.8724178491430268
192200.0	2000.0	1058.2767357663627	0.0	0	408.5413695362804	1258.2767357663542	1	0	tensor(3, device='cuda:0')	1.8724178491430268
193200.0	2000.0	1058.2767357663604	0.0	0	518.549795830244	1258.2767357663542	1	0	tensor(3, device='cuda:0')	1.8724178491430268
194200.0	2000.0	1058.2767357663606	0.0	0	418.3290950036899	1258.2767357663542	1	0	tensor(3, device='cuda:0')	1.8724178491430268
195200.0	2000.0	1058.2767357663906	0.0	0	197.68681740458123	1258.2767357663542	1	0	tensor(3, device='cuda:0')	1.8724178491430268
196200.0	2000.0	1058.27673576638	0.0	0	281.0139068883145	1258.2767357663542	1	0	tensor(3, device='cuda:0')	1.8724178491430268
197354.60011583174	2000.0	903.6766199346595	0.0	0	0.0	1258.2767357663542	1	0	tensor(3, device='cuda:0')	1.8724178491430268
198200.0	2000.0	1058.2767357663743	0.0	0	181.2675740753475	1258.2767357663542	1	0	tensor(3, device='cuda:0')	1.8724178491430268
199200.0	2000.0	1058.276735766325	0.0	0	114.83321548844106	1258.2767357663251	1	0	tensor(3, device='cuda:0')	1.872417849143028
200200.0	2000.0	1058.2767357663295	0.0	0	50.31206428605947	1258.2767357663251	1	0	tensor(3, device='cuda:0')	1.872417849143028
201262.6886324115	2000.0	995.5881033548142	0.0	0	0.0	1258.2767357663251	1	0	tensor(3, device='cuda:0')	1.872417849143028
202200.0	2000.0	1058.2767357663456	0.0	0	175.5804384749208	1258.2767357663251	1	0	tensor(3, device='cuda:0')	1.872417849143028
203200.0	2000.0	1058.276735766372	0.0	0	230.402236762573	1258.2767357663251	1	0	tensor(3, device='cuda:0')	1.872417849143028
204200.0	2000.0	1058.276735766407	0.0	0	173.68313956088969	1258.2767357663251	1	0	tensor(3, device='cuda:0')	1.872417849143028
205200.0	2000.0	1058.2767357664063	0.0	0	463.57018775944016	1258.2767357663251	1	0	tensor(3, device='cuda:0')	1.872417849143028
206200.0	2000.0	1058.2767357663756	0.0	0	232.19989451344009	1258.2767357663251	1	0	tensor(3, device='cuda:0')	1.872417849143028
207239.2269455159	2000.0	1019.0497902504989	0.0	0	0.0	1258.2767357663542	1	0	tensor(3, device='cuda:0')	1.8724178491430268
208200.0	2000.0	1058.2767357663954	0.0	0	249.16579534995253	1258.2767357663542	1	0	tensor(3, device='cuda:0')	1.8724178491430268
209200.0	2000.0	1058.2767357663865	0.0	0	327.5118291587278	1258.2767357663542	1	0	tensor(3, device='cuda:0')	1.8724178491430268
210200.0	2000.0	1058.2767357663965	0.0	0	453.5668738982058	1258.2767357663542	1	0	tensor(3, device='cuda:0')	1.8724178491430268
211200.0	2000.0	1058.27673576638	0.0	0	257.61139170971	1258.2767357663542	1	0	tensor(3, device='cuda:0')	1.8724178491430268
212200.0	2000.0	1058.2767357663358	0.0	0	391.45998390042223	1258.2767357663542	1	0	tensor(3, device='cuda:0')	1.8724178491430268
213200.0	2000.0	1058.2767357663433	0.0	0	314.66239180008415	1258.2767357663542	1	0	tensor(3, device='cuda:0')	1.8724178491430268
214200.0	2000.0	1058.2767357663195	0.0	0	178.46112931967946	1258.2767357663251	1	0	tensor(3, device='cuda:0')	1.872417849143028
215363.2048776249	2000.0	895.0718581414426	0.0	0	0.0	1258.2767357663251	1	0	tensor(3, device='cuda:0')	1.872417849143028
216200.0	2000.0	1058.27673576635	0.0	0	222.26965998052037	1258.2767357663251	1	0	tensor(3, device='cuda:0')	1.872417849143028
217200.0	2000.0	1058.27673576637	0.0	0	386.7564633633592	1258.2767357663251	1	0	tensor(3, device='cuda:0')	1.872417849143028
218200.0	2000.0	1058.2767357663606	0.0	0	261.98828718427103	1258.2767357663251	1	0	tensor(3, device='cuda:0')	1.872417849143028
219200.0	2000.0	1058.2767357663533	0.0	0	58.23151082076947	1258.2767357663251	1	0	tensor(3, device='cuda:0')	1.872417849143028
220200.0	2000.0	1058.276735766341	0.0	0	322.24564979044953	1258.2767357663251	1	0	tensor(3, device='cuda:0')	1.872417849143028
221200.0	2000.0	1058.2767357663688	0.0	0	261.0840755207464	1258.2767357663251	1	0	tensor(3, device='cuda:0')	1.872417849143028
222200.0	2000.0	1058.2767357663888	0.0	0	435.8512306731136	1258.2767357663251	1	0	tensor(3, device='cuda:0')	1.872417849143028
223200.0	2000.0	1058.2767357663838	0.0	0	201.9187623085163	1258.2767357663251	1	0	tensor(3, device='cuda:0')	1.872417849143028
224342.79925055022	2000.0	915.4774852161703	0.0	0	0.0	1258.2767357663251	1	0	tensor(3, device='cuda:0')	1.872417849143028
225741.54640608485	2000.0	516.7303296815319	0.0	0	0.0	1258.2767357663542	1	0	tensor(3, device='cuda:0')	1.8724178491430268
226200.0	1000.0	1058.2767357663638	0.0	0	81.80595705827	1258.2767357663542	1	0	tensor(3, device='cuda:0')	0.48612348802313654
227200.0	2000.0	1058.2767357663474	0.0	0	340.04964006732916	1258.2767357663542	1	0	tensor(3, device='cuda:0')	1.1792706685830816
228200.0	2000.0	1058.2767357663192	0.0	0	359.20884993238724	1258.2767357663542	1	0	tensor(3, device='cuda:0')	1.8724178491430268
229200.0	2000.0	1058.2767357663063	0.0	0	456.5455858600908	1258.2767357663251	1	0	tensor(3, device='cuda:0')	1.872417849143028
230200.0	2000.0	1058.2767357662872	0.0	0	93.38390725426143	1258.2767357663251	1	0	tensor(3, device='cuda:0')	1.872417849143028
231200.0	2000.0	1058.2767357662603	0.0	0	201.09791132828104	1258.2767357663251	1	0	tensor(3, device='cuda:0')	1.872417849143028
232200.0	2000.0	1058.2767357662447	0.0	0	334.15414885091013	1258.2767357663251	1	0	tensor(3, device='cuda:0')	1.872417849143028
233200.0	2000.0	1058.2767357662633	0.0	0	252.9253826137865	1258.2767357663251	1	0	tensor(3, device='cuda:0')	1.872417849143028
234200.0	2000.0	1058.2767357662765	0.0	0	299.9205600779969	1258.276735766296	1	0	tensor(3, device='cuda:0')	1.8724178491430288
235345.89820464977	2000.0	912.3785311165574	0.0	0	0.0	1258.276735766296	1	0	tensor(3, device='cuda:0')	1.8724178491430288
236200.0	2000.0	1058.276735766352	0.0	0	121.21265776242944	1258.2767357663251	1	0	tensor(3, device='cuda:0')	1.872417849143028
237200.0	2000.0	1058.276735766326	0.0	0	432.6452564962965	1258.2767357663251	1	0	tensor(3, device='cuda:0')	1.872417849143028
238200.0	2000.0	1058.276735766304	0.0	0	199.97427220855025	1258.2767357663251	1	0	tensor(3, device='cuda:0')	1.872417849143028
239200.0	2000.0	1058.2767357662894	0.0	0	522.0676286857633	1258.2767357663251	1	0	tensor(3, device='cuda:0')	1.872417849143028
240200.0	2000.0	1058.2767357662874	0.0	0	372.14086314680753	1258.276735766296	1	0	tensor(3, device='cuda:0')	1.8724178491430288
241200.0	2000.0	1058.2767357663124	0.0	0	362.6972457244701	1258.276735766296	1	0	tensor(3, device='cuda:0')	1.8724178491430288
242200.0	2000.0	1058.2767357663092	0.0	0	170.00488319218857	1258.2767357663251	1	0	tensor(3, device='cuda:0')	1.872417849143028
243200.0	2000.0	1058.2767357662892	0.0	0	501.3013186150347	1258.2767357663251	1	0	tensor(3, device='cuda:0')	1.872417849143028
244200.0	2000.0	1058.2767357662797	0.0	0	208.7117031053058	1258.2767357663251	1	0	tensor(3, device='cuda:0')	1.872417849143028
245200.0	2000.0	1058.276735766314	0.0	0	314.94547762037837	1258.2767357663251	1	0	tensor(3, device='cuda:0')	1.872417849143028
246200.0	2000.0	1058.2767357663224	0.0	0	182.48875537447748	1258.276735766296	1	0	tensor(3, device='cuda:0')	1.8724178491430288
247200.0	2000.0	1058.276735766282	0.0	0	405.9631908283918	1258.276735766296	1	0	tensor(3, device='cuda:0')	1.8724178491430288
248200.0	2000.0	1058.276735766254	0.0	0	341.51820921865874	1258.276735766296	1	0	tensor(3, device='cuda:0')	1.8724178491430288
249200.0	2000.0	1058.2767357662678	0.0	0	464.32699609056	1258.276735766296	1	0	tensor(3, device='cuda:0')	1.8724178491430288
250200.0	2000.0	1058.2767357662424	0.0	0	557.5314759629546	1258.276735766296	1	0	tensor(3, device='cuda:0')	1.8724178491430288
251200.0	2000.0	1058.2767357662674	0.0	0	329.1246477611712	1258.276735766296	1	0	tensor(3, device='cuda:0')	1.8724178491430288
252200.0	2000.0	1058.2767357662785	0.0	0	28.45641474807053	1258.276735766267	1	0	tensor(3, device='cuda:0')	1.8724178491430299
253200.0	2000.0	1058.2767357662783	0.0	0	130.1867645784514	1258.276735766267	1	0	tensor(3, device='cuda:0')	1.8724178491430299
254200.0	2000.0	1058.2767357662988	0.0	0	159.8480335122731	1258.2767357662378	1	0	tensor(3, device='cuda:0')	1.8724178491430308
255200.0	2000.0	1058.2767357663124	0.0	0	415.0680232119921	1258.2767357662378	1	0	tensor(3, device='cuda:0')	1.8724178491430308
256200.0	2000.0	1058.2767357663067	0.0	0	225.04380349771236	1258.2767357662378	1	0	tensor(3, device='cuda:0')	1.8724178491430308
257200.0	2000.0	1058.276735766277	0.0	0	347.73832749170833	1258.2767357662378	1	0	tensor(3, device='cuda:0')	1.8724178491430308
258200.0	2000.0	1058.2767357662674	0.0	0	332.0420110444247	1258.2767357662378	1	0	tensor(3, device='cuda:0')	1.8724178491430308
259200.0	2000.0	1058.2767357662647	0.0	0	646.6981999814452	1258.2767357662087	1	0	tensor(3, device='cuda:0')	1.8724178491430319
260200.0	2000.0	1058.276735766259	0.0	0	619.3576518580085	1258.2767357662087	1	0	tensor(3, device='cuda:0')	1.8724178491430319
261200.0	2000.0	1058.2767357662647	0.0	0	566.1979821425048	1258.2767357662087	1	0	tensor(3, device='cuda:0')	1.8724178491430319
263029.59301926557	6000.0	228.68371650071282	0.0	0	0.0	1258.2767357662087	1	0	tensor(3, device='cuda:0')	1.8724178491430317
263946.10472169734	2000.0	529.418392908228	217.2463788392929	0	0.0	1475.5231146054575	1	0	tensor(3, device='cuda:0')	-0.5379766043192231
264816.25312969607	2000.0	659.2699849095304	0.0	0	0.0	1475.5231146054575	1	0	tensor(3, device='cuda:0')	1.8641139573846444
266021.20157828287	2000.0	454.3215363227102	0.0	0	0.0	1475.5231146054575	1	0	tensor(3, device='cuda:0')	1.8641139573846444
267114.5580085666	2000.0	404.8030327744069	43.83792673540444	0	0.0	1519.3610413408605	1	0	tensor(3, device='cuda:0')	1.5991856037199759
268441.78960924124	2000.0	258.7300047421978	181.1585726424521	0	0.0	1700.5196139832842	1	0	tensor(3, device='cuda:0')	0.766483911765144
269186.54819903866	1000.0	620.0999559027971	106.1285409580264	0	0.0	1806.6481549414457	1	0	tensor(3, device='cuda:0')	-0.17553958316870588
269777.71659756417	1000.0	1028.9315573773138	0.0	0	0.0	1806.6481549414457	1	0	tensor(3, device='cuda:0')	1.1543788431393975
270293.6736289301	1000.0	1512.9745260113687	0.0	0	0.0	1806.6481549414457	1	0	tensor(3, device='cuda:0')	1.1543788431393975
271532.791653697	2000.0	1273.8565012445238	0.0	0	0.0	1806.6481549414457	1	0	tensor(3, device='cuda:0')	1.1543788431393975
272200.0	1000.0	1606.6481549415007	0.0	0	129.46613950585015	1806.648154941504	1	0	tensor(3, device='cuda:0')	0.46123166257944903
273200.0	1000.0	1606.6481549414316	0.0	0	293.7744693874265	1806.648154941504	1	0	tensor(3, device='cuda:0')	1.1543788431393942
274277.4496224425	2000.0	1529.1985324989616	0.0	0	0.0	1806.648154941504	1	0	tensor(3, device='cuda:0')	1.1543788431393942
275200.0	2000.0	1606.6481549414311	0.0	0	265.7404854991473	1806.648154941504	1	0	tensor(3, device='cuda:0')	1.8475260236993394
276200.0	3000.0	1506.648154941439	0.0	0	227.7800278760842	1706.648154941504	1	0	tensor(4, device='cuda:0')	1.4513235251800527
277200.0	3000.0	1406.6481549413397	0.0	0	313.45138711686013	1606.6481549413875	1	0	tensor(4, device='cuda:0')	2.0617949850889437
278686.12360221124	6000.0	920.5245527300572	0.0	0	0.0	1606.6481549413875	1	0	tensor(3, device='cuda:0')	2.063642194977249
279703.00345377787	3000.0	801.9567160067951	0.0	0	0.0	1504.9601697847247	1	0	tensor(4, device='cuda:0')	1.170698907566189
280771.63213998196	3000.0	626.4651611823074	0.0	0	0.0	1398.097301164351	1	0	tensor(4, device='cuda:0')	2.0578303548654815
281870.233780564	2000.0	527.8635206002673	0.0	0	0.0	1398.0973011642927	1	0	tensor(3, device='cuda:0')	1.2618130794265194
282644.3516078962	2000.0	753.7456932680446	0.0	0	0.0	1398.0973011642927	1	0	tensor(3, device='cuda:0')	1.8672781875346842
283225.6728013727	2000.0	1172.4244997915534	0.0	0	0.0	1398.0973011642345	1	0	tensor(3, device='cuda:0')	1.8672781875346864
284200.0	2000.0	1198.0973011643518	0.0	0	132.1958455533022	1398.0973011642927	1	0	tensor(3, device='cuda:0')	1.8672781875346842
285200.0	2000.0	1198.0973011643498	0.0	0	51.711263791134115	1398.0973011642927	1	0	tensor(3, device='cuda:0')	1.8672781875346842
286200.0	2000.0	1198.0973011643503	0.0	0	91.32429384364514	1398.0973011642927	1	0	tensor(3, device='cuda:0')	1.8672781875346842
287200.0	2000.0	1198.0973011643935	0.0	0	330.30875037930673	1398.0973011642927	1	0	tensor(3, device='cuda:0')	1.8672781875346842
288200.0	2000.0	1198.0973011643941	0.0	0	176.2316889782087	1398.0973011642345	1	0	tensor(3, device='cuda:0')	1.8672781875346864
289249.87289135833	2000.0	1148.2244098060387	0.0	0	0.0	1398.0973011642345	1	0	tensor(3, device='cuda:0')	1.8672781875346864
290247.70998208714	2000.0	1150.3873190772474	0.0	0	0.0	1398.0973011642345	1	0	tensor(3, device='cuda:0')	1.8672781875346864
291200.0	2000.0	1198.0973011643837	0.0	0	21.978921399451792	1398.0973011641763	1	0	tensor(3, device='cuda:0')	1.8672781875346887
292200.0	2000.0	1198.097301164424	0.0	0	336.39363009721274	1398.0973011641763	1	0	tensor(3, device='cuda:0')	1.8672781875346887
293200.0	2000.0	1198.097301164445	0.0	0	410.06058760767337	1398.0973011641763	1	0	tensor(3, device='cuda:0')	1.8672781875346887
294200.0	2000.0	1198.0973011644521	0.0	0	400.24149298557313	1398.0973011641763	1	0	tensor(3, device='cuda:0')	1.8672781875346887
295200.0	2000.0	1198.0973011644862	0.0	0	321.3067483981722	1398.0973011641763	1	0	tensor(3, device='cuda:0')	1.8672781875346887
296200.0	2000.0	1198.0973011645256	0.0	0	301.3923800300108	1398.0973011641763	1	0	tensor(3, device='cuda:0')	1.8672781875346887
297200.0	2000.0	1198.0973011645513	0.0	0	258.4345302245347	1398.0973011641763	1	0	tensor(3, device='cuda:0')	1.8672781875346887
298200.0	2000.0	1198.097301164617	0.0	0	279.682277325599	1398.0973011641763	1	0	tensor(3, device='cuda:0')	1.8672781875346887
299200.0	2000.0	1198.097301164649	0.0	0	161.6168006794178	1398.0973011641763	1	0	tensor(3, device='cuda:0')	1.8672781875346887
300200.0	2000.0	1198.0973011646286	0.0	0	410.96696843224345	1398.0973011641763	1	0	tensor(3, device='cuda:0')	1.8672781875346887
1.62	1.31	1.31	1.93	3.08	3.28	3.97	3.89	3.72	3.08	3.24	3.58	3.56	3.13	3.76	4.12	4.58	3.74	3.59	3.26	2.54	3.1	3.49	1.16	1.39	1.85	2.58	3.74	5.1	5.56	3.72	2.83	1.9	2.34	2.21	2.09	2.27	2.37	2.5	2.63	2.09	2.93	2.64	2.04	1.76	1.65	2.09	2.21	2.43	2.54	1.67	1.89	2.11	2.58	2.41	3.3	4.51	3.0	3.08	2.88	3.14	3.65	3.81	2.81	2.26	2.15	3.01	3.19	2.99	3.96	3.96	2.63	1.82	1.76	2.37	2.64	2.03	1.96	1.7	1.95	1.87	2.11	3.01	3.06	1.93	1.87	2.25	2.34	3.37	2.9	2.17	2.32	2.71	3.45	3.48	3.7	3.85	4.69	3.58	2.2	1.62	2.75	2.83	2.72	2.11	2.24	2.78	2.69	1.83	2.81	3.05	2.26	2.46	3.67	4.32	3.19	2.46	1.92	1.74	2.14	1.87	1.67	2.25	2.61	2.39	2.54	3.24	3.32	3.22	3.83	4.84	5.09	3.82	4.84	4.32	5.55	5.94	4.12	4.05	4.65	3.83	2.97	3.51	3.6	2.29	2.53	3.05	2.21	1.56	2.15	2.57	2.92	2.41	2.73	2.28	1.87	1.41	2.44	3.6	4.85	4.91	5.44	4.51	3.17	2.61	3.83	3.76	3.51	3.03	1.91	2.17	3.3	4.54	3.49	3.88	2.99	2.64	2.42	2.65	3.35	4.26	3.2	3.1	2.61	3.43	3.59	3.61	2.87	3.36	3.67	2.99	2.56	2.63	1.98	2.46	2.8	1.52	2.03	2.53	2.8	2.66	2.9	3.51	1.9	3.08	3.08	2.77	3.28	3.81	3.19	2.8	1.78	2.29	3.32	2.69	2.78	2.79	2.37	3.08	2.99	1.82	2.04	1.78	2.35	3.5	3.72	2.78	2.58	3.0	3.9	3.07	2.36	2.5	2.68	3.48	3.34	4.59	4.01	3.42	3.31	3.56	3.02	2.5	2.7	3.79	3.08	3.45	4.58	2.92	1.82	2.85	2.58	2.83	3.58	3.79	4.99	5.35	4.44	4.49	3.2	2.81	2.57	2.09	2.1	2.11	1.84	1.75	2.1	1.67	1.61	2.33	2.7	3.31	4.39	4.83	3.63	3.56	2.72	2.18	2.81	2.86	3.08	2.59	2.71	2.5	1.56	1.75	2.28	2.84	3.19	2.5	2.69	3.26	3.64	3.04	2.54	3.85	3.02	1.6
1004.0	1005.0	1006.0	1007.0	1008.0	1009.0	1010.0	1011.0	1012.0	1013.0	1014.0	1015.0	1016.0	1017.0	1018.0	1019.0	1020.0	1021.0	1022.0	1023.0	1024.0	1025.0	1026.0	1027.0	1028.0	1029.0	1030.0	1031.0	1032.0	1033.0	1034.0	1035.0	1036.0	1037.0	1038.0	1039.0	1040.0	1041.0	1042.0	1043.0	1044.0	1045.0	1046.0	1047.0	1048.0	1049.0	1050.0	1051.0	1052.0	1053.0	1054.0	1055.0	1056.0	1057.0	1058.0	1059.0	1060.0	1061.0	1062.0	1063.0	1064.0	1065.0	1066.0	1067.0	1068.0	1069.0	1070.0	1071.0	1072.0	1073.0	1074.0	1075.0	1076.0	1077.0	1078.0	1079.0	1080.0	1081.0	1082.0	1083.0	1084.0	1085.0	1086.0	1087.0	1088.0	1089.0	1090.0	1091.0	1092.0	1093.0	1094.0	1095.0	1096.0	1097.0	1098.0	1099.0	1100.0	1101.0	1102.0	1103.0	1104.0	1105.0	1106.0	1107.0	1108.0	1109.0	1110.0	1111.0	1112.0	1113.0	1114.0	1115.0	1116.0	1117.0	1118.0	1119.0	1120.0	1121.0	1122.0	1123.0	1124.0	1125.0	1126.0	1127.0	1128.0	1129.0	1130.0	1131.0	1132.0	1133.0	1134.0	1135.0	1136.0	1137.0	1138.0	1139.0	1140.0	1141.0	1142.0	1143.0	1144.0	1145.0	1146.0	1147.0	1148.0	1149.0	1150.0	1151.0	1152.0	1153.0	1154.0	1155.0	1156.0	1157.0	1158.0	1159.0	1160.0	1161.0	1162.0	1163.0	1164.0	1165.0	1166.0	1167.0	1168.0	1169.0	1170.0	1171.0	1172.0	1173.0	1174.0	1175.0	1176.0	1177.0	1178.0	1179.0	1180.0	1181.0	1182.0	1183.0	1184.0	1185.0	1186.0	1187.0	1188.0	1189.0	1190.0	1191.0	1192.0	1193.0	1194.0	1195.0	1196.0	1197.0	1198.0	1199.0	1200.0	1201.0	1202.0	1203.0	1204.0	1205.0	1206.0	1207.0	1208.0	1209.0	1210.0	1211.0	1212.0	1213.0	1214.0	1215.0	1216.0	1217.0	1218.0	1219.0	1220.0	1221.0	1222.0	1223.0	1224.0	1225.0	1226.0	1227.0	1228.0	1229.0	1230.0	1231.0	1232.0	1233.0	1234.0	1235.0	1236.0	1237.0	1238.0	1239.0	1240.0	1241.0	1242.0	1243.0	1244.0	1245.0	1246.0	1247.0	1248.0	1249.0	1250.0	1251.0	1252.0	1253.0	1254.0	1255.0	1256.0	1257.0	1258.0	1259.0	1260.0	1261.0	1262.0	1263.0	1264.0	1265.0	1266.0	1267.0	1268.0	1269.0	1270.0	1271.0	1272.0	1273.0	1274.0	1275.0	1276.0	1277.0	1278.0	1279.0	1280.0	1281.0	1282.0	1283.0	1284.0	1285.0	1286.0	1287.0	1288.0	1289.0	1290.0	1291.0	1292.0	1293.0	1294.0	1295.0	1296.0	1297.0	1298.0	1299.0	1300.0	1301.0	1302.0
2725.0
