3644.7480144380393	300.0	2000.0	290.39022261037553	0	0.0	3644.7480144380393	1	0	tensor(4, device='cuda:0')	-2.2577140852179194
6200.0	1000.0	470.15989832205946	25.459898322058798	0	191.44441129370898	670.1598983220592	1	0	tensor(6, device='cuda:0')	-9.362154838448756
7200.0	1000.0	470.15989832205923	0.0	0	269.72954892414054	670.1598983220601	1	0	tensor(3, device='cuda:0')	1.1945773558095332
9025.896554896924	1000.0	208.34941589017703	564.0860724650429	0	0.0	1234.245970787103	1	0	tensor(3, device='cuda:0')	-2.201953768647485
10171.703379821327	1000.0	562.565542373098	500.0229514073247	0	0.0	1734.2689221944238	1	0	tensor(3, device='cuda:0')	-1.8416630579079336
10808.01754760764	1000.0	926.2513745867832	0.0	0	0.0	1734.2689221944238	1	0	tensor(3, device='cuda:0')	1.1584746505360148
11724.068488719513	1000.0	1010.2004334749104	0.0	0	0.0	1734.2689221944238	1	0	tensor(3, device='cuda:0')	1.1584746505360148
12493.180818959252	1000.0	1241.088103235172	0.0	0	0.0	1734.2689221944238	1	0	tensor(3, device='cuda:0')	1.1584746505360148
13200.0	1000.0	1534.268922194424	0.0	0	109.76890498407374	1734.2689221944238	1	0	tensor(3, device='cuda:0')	1.1584746505360148
14200.0	1000.0	1534.268922194426	0.0	0	637.1896780702627	1734.2689221944238	1	0	tensor(3, device='cuda:0')	1.1584746505360148
15314.240175271863	2000.0	1420.0287469225627	0.0	0	0.0	1734.2689221944238	1	0	tensor(3, device='cuda:0')	1.1584746505360148
16200.0	1000.0	1534.268922194426	0.0	0	118.05619878478865	1734.2689221944238	1	0	tensor(3, device='cuda:0')	0.4653274699760698
17614.643286038638	2000.0	1119.625636155794	0.0	0	0.0	1734.2689221944293	1	0	tensor(3, device='cuda:0')	1.1584746505360148
18200.0	1000.0	1534.2689221944306	0.0	0	137.61119072726797	1734.2689221944274	1	0	tensor(3, device='cuda:0')	0.46532746997606955
19200.0	1000.0	1534.2689221944327	0.0	0	446.8345597933039	1734.2689221944274	1	0	tensor(3, device='cuda:0')	1.1584746505360148
20200.0	1000.0	1534.2689221944324	0.0	0	8.809042392509582	1734.2689221944274	1	0	tensor(3, device='cuda:0')	1.1584746505360148
21771.715437586303	1000.0	962.5534846081305	0.0	0	0.0	1734.2689221944274	1	0	tensor(3, device='cuda:0')	1.1584746505360148
22549.064362090594	1000.0	1185.2045601038408	0.0	0	0.0	1734.2689221944274	1	0	tensor(3, device='cuda:0')	1.1584746505360148
23206.97768364886	1000.0	1527.291238545572	0.0	0	0.0	1734.2689221944274	1	0	tensor(3, device='cuda:0')	1.1584746505360148
24200.0	1000.0	1534.2689221944327	0.0	0	587.5580759258555	1734.2689221944274	1	0	tensor(3, device='cuda:0')	1.1584746505360148
26093.305543099166	2000.0	640.963379095271	0.0	0	0.0	1734.268922194431	1	0	tensor(3, device='cuda:0')	1.1584746505360146
27202.242224660287	1000.0	532.0266975341508	0.0	0	0.0	1734.268922194431	1	0	tensor(3, device='cuda:0')	0.4653274699760695
28146.293873604536	1000.0	587.9750485898988	0.0	0	0.0	1734.268922194431	1	0	tensor(3, device='cuda:0')	1.1584746505360146
29002.728291791514	1000.0	731.5406304029198	0.0	0	0.0	1734.2689221944274	1	0	tensor(3, device='cuda:0')	1.1584746505360148
30619.503891759563	1000.0	200.0	85.23496956512443	0	0.0	1819.5038917595557	1	0	tensor(3, device='cuda:0')	0.6438880422113458
31408.54255091422	1000.0	579.280418799533	168.31907795418755	0	0.0	1987.822969713743	1	0	tensor(3, device='cuda:0')	0.13285927594298935
32197.352971828157	1000.0	790.4699978855961	0.0	0	0.0	1987.822969713743	1	0	tensor(3, device='cuda:0')	1.1427737436681147
33071.067852753535	1000.0	916.7551169602168	0.0	0	0.0	1987.8229697137358	1	0	tensor(3, device='cuda:0')	1.1427737436681151
33850.464609400326	1000.0	1137.3583603134257	0.0	0	0.0	1987.8229697137394	1	0	tensor(3, device='cuda:0')	1.142773743668115
34429.60274550784	1000.0	1558.2202242059166	0.0	0	0.0	1987.8229697137467	1	0	tensor(3, device='cuda:0')	1.1427737436681147
35200.0	1000.0	1787.8229697137522	0.0	0	163.6206548267437	1987.8229697137504	1	0	tensor(3, device='cuda:0')	1.1427737436681142
36200.0	1000.0	1787.8229697137494	0.0	0	40.26877197032445	1987.8229697137504	1	0	tensor(3, device='cuda:0')	1.1427737436681142
37200.0	1000.0	1787.8229697137476	0.0	0	316.79689608591434	1987.8229697137504	1	0	tensor(3, device='cuda:0')	1.1427737436681142
38200.0	1000.0	1787.8229697137383	0.0	0	229.45093695318064	1987.8229697137504	1	0	tensor(3, device='cuda:0')	1.1427737436681142
39200.0	1000.0	1787.8229697137351	0.0	0	172.40603564476623	1987.822969713743	1	0	tensor(3, device='cuda:0')	1.1427737436681147
40200.0	1000.0	1787.8229697137335	0.0	0	485.84343899213127	1987.822969713743	1	0	tensor(3, device='cuda:0')	1.1427737436681147
41200.0	1000.0	1787.8229697137222	0.0	0	362.17849219063646	1987.822969713743	1	0	tensor(3, device='cuda:0')	1.1427737436681147
42200.0	1000.0	1787.8229697137272	0.0	0	312.06324590621807	1987.822969713743	1	0	tensor(3, device='cuda:0')	1.1427737436681147
43200.0	1000.0	1787.8229697137288	0.0	0	290.81407796562416	1987.822969713743	1	0	tensor(3, device='cuda:0')	1.1427737436681147
44200.0	1000.0	1787.8229697137315	0.0	0	311.5442383958216	1987.822969713743	1	0	tensor(3, device='cuda:0')	1.1427737436681147
45200.0	1000.0	1787.8229697137353	0.0	0	567.3997554588495	1987.8229697137504	1	0	tensor(3, device='cuda:0')	1.1427737436681142
46200.0	1000.0	1787.8229697137351	0.0	0	388.62655437101057	1987.8229697137504	1	0	tensor(3, device='cuda:0')	1.1427737436681142
47241.32173428236	1000.0	1746.5012354313715	0.0	0	0.0	1987.8229697137504	1	0	tensor(3, device='cuda:0')	1.1427737436681142
48612.85747814385	1000.0	1374.9654915698811	0.0	0	0.0	1987.8229697137576	1	0	tensor(3, device='cuda:0')	1.1427737436681138
50021.62063594723	1000.0	966.2023337665007	0.0	0	0.0	1987.822969713765	1	0	tensor(3, device='cuda:0')	1.1427737436681131
51383.1292238782	1000.0	604.6937458355288	0.0	0	0.0	1987.822969713765	1	0	tensor(3, device='cuda:0')	1.1427737436681131
52131.72422427755	1000.0	856.0987454361749	0.0	0	0.0	1987.822969713765	1	0	tensor(3, device='cuda:0')	1.1427737436681131
52867.25004495707	1000.0	1120.5729247566517	0.0	0	0.0	1987.822969713765	1	0	tensor(3, device='cuda:0')	1.1427737436681131
53586.94887458624	1000.0	1400.8740951274892	0.0	0	0.0	1987.8229697137722	1	0	tensor(3, device='cuda:0')	1.1427737436681127
55113.39172505051	1000.0	874.4312446632107	0.0	0	0.0	1987.822969713765	1	0	tensor(3, device='cuda:0')	1.1427737436681131
56017.95950710492	1000.0	969.8634626088044	0.0	0	0.0	1987.822969713765	1	0	tensor(3, device='cuda:0')	1.1427737436681131
56815.01585844186	1000.0	1172.80711127186	0.0	0	0.0	1987.822969713765	1	0	tensor(3, device='cuda:0')	1.1427737436681131
57480.82196058763	1000.0	1507.0010091260974	0.0	0	0.0	1987.822969713765	1	0	tensor(3, device='cuda:0')	1.1427737436681131
58200.0	1000.0	1787.8229697137199	0.0	0	21.24190040463145	1987.822969713765	1	0	tensor(3, device='cuda:0')	1.1427737436681131
59200.0	1000.0	1787.8229697137244	0.0	0	279.65594805801084	1987.822969713765	1	0	tensor(3, device='cuda:0')	1.1427737436681131
60230.097974084914	1000.0	1757.724995628808	0.0	0	0.0	1987.8229697137576	1	0	tensor(3, device='cuda:0')	1.1427737436681138
62008.64809543227	1000.0	979.1748742814519	0.0	0	0.0	1987.8229697137576	1	0	tensor(3, device='cuda:0')	1.1427737436681138
62844.71170481123	1000.0	1143.1112649025024	0.0	0	0.0	1987.8229697137576	1	0	tensor(3, device='cuda:0')	1.1427737436681138
63540.11956558592	1000.0	1447.703404127802	0.0	0	0.0	1987.8229697137504	1	0	tensor(3, device='cuda:0')	1.1427737436681142
64200.0	1000.0	1787.8229697137117	0.0	0	94.44328147856868	1987.8229697137504	1	0	tensor(3, device='cuda:0')	1.1427737436681142
65200.0	1000.0	1787.8229697137078	0.0	0	495.9522993537903	1987.8229697137504	1	0	tensor(3, device='cuda:0')	1.1427737436681142
66349.66975284372	2000.0	1638.1532168699898	0.0	0	0.0	1987.8229697137504	1	0	tensor(3, device='cuda:0')	1.1427737436681145
67252.45403979153	2000.0	1735.3689299221865	0.0	0	0.0	1987.8229697137576	1	0	tensor(3, device='cuda:0')	1.8359209242280587
68200.0	2000.0	1787.822969713721	0.0	0	229.60474315000465	1987.8229697137576	1	0	tensor(3, device='cuda:0')	1.8359209242280587
69200.0	3000.0	1687.8229697137272	0.0	0	93.56393147054769	1887.8229697137722	1	0	tensor(4, device='cuda:0')	1.4406895625583696
70591.2108417633	3000.0	1157.4910437741064	0.0	0	0.0	1748.7018855374627	1	0	tensor(4, device='cuda:0')	1.9756856724966114
71897.44158912635	2000.0	851.2602964110506	0.0	0	0.0	1748.7018855374627	1	0	tensor(3, device='cuda:0')	1.2453628136307437
72657.74483351222	1000.0	1090.957052025186	0.0	0	0.0	1748.7018855374627	1	0	tensor(3, device='cuda:0')	0.4645335606190181
73375.52024220504	1000.0	1373.181643332353	0.0	0	0.0	1748.701885537448	1	0	tensor(3, device='cuda:0')	1.157680741178964
74200.0	1000.0	1548.7018855373972	0.0	0	50.77731612928619	1748.701885537448	1	0	tensor(3, device='cuda:0')	1.157680741178964
75200.0	1000.0	1548.7018855373958	0.0	0	286.96043435613683	1748.701885537448	1	0	tensor(3, device='cuda:0')	1.157680741178964
76200.0	1000.0	1548.7018855374045	0.0	0	394.5289793359407	1748.701885537448	1	0	tensor(3, device='cuda:0')	1.157680741178964
77512.26564064338	1000.0	1236.4362448940299	0.0	0	0.0	1748.701885537448	1	0	tensor(3, device='cuda:0')	1.157680741178964
78928.29764566572	1000.0	820.4042398716956	0.0	0	0.0	1748.701885537448	1	0	tensor(3, device='cuda:0')	1.157680741178964
79624.5029047395	1000.0	1124.1989807979107	0.0	0	0.0	1748.701885537448	1	0	tensor(3, device='cuda:0')	1.157680741178964
80622.02813437545	1000.0	1126.6737511619585	0.0	0	0.0	1748.701885537448	1	0	tensor(3, device='cuda:0')	1.157680741178964
82007.89605625444	1000.0	740.8058292829553	0.0	0	0.0	1748.701885537448	1	0	tensor(3, device='cuda:0')	1.157680741178964
82998.14274412506	1000.0	750.5591414123314	0.0	0	0.0	1748.701885537448	1	0	tensor(3, device='cuda:0')	1.157680741178964
83969.60941668782	1000.0	779.0924688495625	0.0	0	0.0	1748.701885537448	1	0	tensor(3, device='cuda:0')	1.157680741178964
84860.93590141553	1000.0	887.7659841218273	0.0	0	0.0	1748.701885537448	1	0	tensor(3, device='cuda:0')	1.157680741178964
85285.37749679046	1000.0	1463.3243887469177	0.0	0	0.0	1748.7018855374627	1	0	tensor(3, device='cuda:0')	1.1576807411789634
86200.0	1000.0	1548.7018855373858	0.0	0	295.71634124513366	1748.7018855374627	1	0	tensor(3, device='cuda:0')	1.1576807411789634
87200.0	1000.0	1548.7018855373715	0.0	0	422.07215494592674	1748.7018855374627	1	0	tensor(3, device='cuda:0')	1.1576807411789634
88200.0	1000.0	1548.7018855373599	0.0	0	272.8662159390369	1748.7018855374627	1	0	tensor(3, device='cuda:0')	1.1576807411789634
89200.0	1000.0	1548.7018855373412	0.0	0	191.16579922313394	1748.7018855374627	1	0	tensor(3, device='cuda:0')	1.1576807411789634
90200.0	1000.0	1548.7018855373417	0.0	0	328.4325263732753	1748.7018855374627	1	0	tensor(3, device='cuda:0')	1.1576807411789634
91200.0	1000.0	1548.7018855373326	0.0	0	290.89303329635004	1748.7018855374627	1	0	tensor(3, device='cuda:0')	1.1576807411789634
92200.0	1000.0	1548.7018855373321	0.0	0	295.83589188870974	1748.7018855374627	1	0	tensor(3, device='cuda:0')	1.1576807411789634
93245.63290262924	2000.0	1503.0689829080877	0.0	0	0.0	1748.7018855374627	1	0	tensor(3, device='cuda:0')	1.1576807411789631
94200.0	1000.0	1548.7018855373285	0.0	0	394.3358854475955	1748.7018855374627	1	0	tensor(3, device='cuda:0')	0.4645335606190181
95200.0	1000.0	1548.701885537322	0.0	0	507.6632695306762	1748.7018855374627	1	0	tensor(3, device='cuda:0')	1.1576807411789634
96200.0	1000.0	1548.7018855373124	0.0	0	290.2305425698578	1748.7018855374627	1	0	tensor(3, device='cuda:0')	1.1576807411789634
97200.0	1000.0	1548.7018855373003	0.0	0	191.06875417361152	1748.7018855374627	1	0	tensor(3, device='cuda:0')	1.1576807411789634
98200.0	1000.0	1548.701885537296	0.0	0	379.7747842734243	1748.7018855374627	1	0	tensor(3, device='cuda:0')	1.1576807411789634
99200.0	1000.0	1548.7018855372953	0.0	0	205.99427812888462	1748.7018855374627	1	0	tensor(3, device='cuda:0')	1.1576807411789634
100200.0	1000.0	1548.701885537289	0.0	0	355.49693751825544	1748.701885537448	1	0	tensor(3, device='cuda:0')	1.157680741178964
101200.0	1000.0	1548.7018855373033	0.0	0	128.9320752294152	1748.701885537448	1	0	tensor(3, device='cuda:0')	1.157680741178964
102200.0	1000.0	1548.7018855373049	0.0	0	188.88275867489574	1748.7018855374336	1	0	tensor(3, device='cuda:0')	1.157680741178965
103630.77421810385	1000.0	1117.9276674334537	0.0	0	0.0	1748.7018855374336	1	0	tensor(3, device='cuda:0')	1.157680741178965
105324.87795976498	1000.0	423.82392577230644	0.0	0	0.0	1748.7018855374336	1	0	tensor(3, device='cuda:0')	1.157680741178965
106523.78204820423	1000.0	390.39184588795763	165.47200855490155	0	0.0	1914.1738940923387	1	0	tensor(3, device='cuda:0')	0.1549057755656928
107239.526630497	1000.0	674.647263595179	0.0	0	0.0	1914.1738940923387	1	0	tensor(3, device='cuda:0')	1.147737826895102
108013.63353780896	1000.0	900.5403562832385	0.0	0	0.0	1914.1738940923387	1	0	tensor(3, device='cuda:0')	1.147737826895102
108752.17470605575	1000.0	1161.999188036446	0.0	0	0.0	1914.1738940923387	1	0	tensor(3, device='cuda:0')	1.147737826895102
109255.33587595943	1000.0	1658.838018132764	0.0	0	0.0	1914.1738940923387	1	0	tensor(3, device='cuda:0')	1.147737826895102
110200.0	1000.0	1714.1738940921828	0.0	0	143.73763532548037	1914.1738940923387	1	0	tensor(3, device='cuda:0')	1.147737826895102
111200.0	1000.0	1714.173894092187	0.0	0	381.25412097176013	1914.1738940923533	1	0	tensor(3, device='cuda:0')	1.147737826895101
112200.0	1000.0	1714.1738940921834	0.0	0	448.73921723825333	1914.1738940923387	1	0	tensor(3, device='cuda:0')	1.147737826895102
113200.0	1000.0	1714.1738940921775	0.0	0	594.7965759242798	1914.1738940923387	1	0	tensor(3, device='cuda:0')	1.147737826895102
114402.99783383564	1000.0	1511.176060256527	0.0	0	0.0	1914.1738940923387	1	0	tensor(3, device='cuda:0')	1.147737826895102
115279.16261213046	1000.0	1635.011281961703	0.0	0	0.0	1914.1738940923242	1	0	tensor(3, device='cuda:0')	1.147737826895103
116200.0	1000.0	1714.1738940921737	0.0	0	27.120756732547306	1914.1738940923242	1	0	tensor(3, device='cuda:0')	1.147737826895103
117200.0	1000.0	1714.1738940921728	0.0	0	116.78141475413577	1914.1738940923096	1	0	tensor(3, device='cuda:0')	1.1477378268951037
118200.0	1000.0	1714.1738940921807	0.0	0	300.39258769857406	1914.1738940923096	1	0	tensor(3, device='cuda:0')	1.1477378268951037
119200.0	1000.0	1714.1738940921728	0.0	0	443.8782026990957	1914.1738940923242	1	0	tensor(3, device='cuda:0')	1.147737826895103
120200.0	1000.0	1714.1738940921725	0.0	0	388.4534371566697	1914.1738940923242	1	0	tensor(3, device='cuda:0')	1.147737826895103
121200.0	1000.0	1714.1738940921603	0.0	0	228.15177995641716	1914.1738940923387	1	0	tensor(3, device='cuda:0')	1.147737826895102
122200.0	1000.0	1714.1738940921643	0.0	0	354.1025354362646	1914.1738940923533	1	0	tensor(3, device='cuda:0')	1.147737826895101
123200.0	1000.0	1714.1738940921541	0.0	0	12.327264172388823	1914.1738940923533	1	0	tensor(3, device='cuda:0')	1.147737826895101
124562.08053154117	1000.0	1352.0933625509829	0.0	0	0.0	1914.1738940923533	1	0	tensor(3, device='cuda:0')	1.147737826895101
125315.58258822758	1000.0	1598.5913058645617	0.0	0	0.0	1914.1738940923533	1	0	tensor(3, device='cuda:0')	1.147737826895101
126200.0	1000.0	1714.173894092136	0.0	0	87.92401525189052	1914.1738940923533	1	0	tensor(3, device='cuda:0')	1.147737826895101
127200.0	1000.0	1714.1738940921268	0.0	0	375.9744581904379	1914.1738940923387	1	0	tensor(3, device='cuda:0')	1.147737826895102
128200.0	1000.0	1714.1738940921364	0.0	0	265.42535399860935	1914.1738940923533	1	0	tensor(3, device='cuda:0')	1.147737826895101
129200.0	1000.0	1714.1738940921434	0.0	0	426.336780598489	1914.1738940923533	1	0	tensor(3, device='cuda:0')	1.147737826895101
130200.0	2000.0	1714.1738940921423	0.0	0	92.41814045709907	1914.1738940923533	1	0	tensor(3, device='cuda:0')	1.147737826895101
131231.32946522173	2000.0	1682.8444288704277	0.0	0	0.0	1914.1738940923678	1	0	tensor(3, device='cuda:0')	1.840885007455046
132200.0	1000.0	1714.173894092166	0.0	0	315.0484700106899	1914.1738940923824	1	0	tensor(3, device='cuda:0')	0.45459064633515434
133200.0	1000.0	1714.1738940921582	0.0	0	55.10685705996002	1914.1738940923824	1	0	tensor(3, device='cuda:0')	1.1477378268950988
134200.0	1000.0	1714.1738940921741	0.0	0	213.38163944604457	1914.1738940924115	1	0	tensor(3, device='cuda:0')	1.147737826895097
135200.0	1000.0	1714.173894092167	0.0	0	177.11962406296516	1914.1738940924115	1	0	tensor(3, device='cuda:0')	1.147737826895097
136200.0	1000.0	1714.1738940921684	0.0	0	464.5745796125266	1914.1738940924115	1	0	tensor(3, device='cuda:0')	1.147737826895097
137200.0	1000.0	1714.1738940921528	0.0	0	263.8201617145678	1914.1738940924115	1	0	tensor(3, device='cuda:0')	1.147737826895097
138200.0	1000.0	1714.1738940921753	0.0	0	414.136467784876	1914.1738940924115	1	0	tensor(3, device='cuda:0')	1.147737826895097
139200.0	2000.0	1714.173894092192	0.0	0	352.1158145169611	1914.1738940924406	1	0	tensor(3, device='cuda:0')	1.1477378268950953
140200.0	3000.0	1614.1738940921991	0.0	0	205.61827600860852	1814.1738940924115	1	0	tensor(4, device='cuda:0')	1.4448391543023922
141200.0	2000.0	1614.1738940921648	0.0	0	30.558187262824504	1814.1738940924115	1	0	tensor(3, device='cuda:0')	1.2416182944775236
142200.0	3000.0	1514.173894092169	0.0	0	14.329418418637943	1714.1738940924115	1	0	tensor(4, device='cuda:0')	1.451137944648035
143200.0	2000.0	1514.1738940921812	0.0	0	117.83966713488917	1714.1738940924115	1	0	tensor(3, device='cuda:0')	1.2472436915489165
144681.2388796287	2000.0	1032.9350144634832	0.0	0	0.0	1714.1738940924115	1	0	tensor(3, device='cuda:0')	1.8527087996570812
145243.00852298673	1000.0	1471.1653711054744	0.0	0	0.0	1714.1738940924115	1	0	tensor(3, device='cuda:0')	0.46641443853719083
146200.0	1000.0	1514.173894092184	0.0	0	391.3176544166927	1714.1738940924115	1	0	tensor(3, device='cuda:0')	1.159561619097136
147200.0	1000.0	1514.1738940922044	0.0	0	427.9814328359498	1714.1738940924115	1	0	tensor(3, device='cuda:0')	1.159561619097136
148325.15419163613	1000.0	1389.0197024560446	0.0	0	0.0	1714.1738940924115	1	0	tensor(3, device='cuda:0')	1.159561619097136
149444.6718206587	1000.0	1269.5020734334712	0.0	0	0.0	1714.1738940924115	1	0	tensor(3, device='cuda:0')	1.159561619097136
150786.96819060572	1000.0	927.2057034864554	0.0	0	0.0	1714.1738940924115	1	0	tensor(3, device='cuda:0')	1.159561619097136
151641.05059705654	1000.0	1073.1232970356455	0.0	0	0.0	1714.1738940923824	1	0	tensor(3, device='cuda:0')	1.1595616190971376
152200.0	1000.0	1514.1738940922135	0.0	0	33.262404659588356	1714.1738940923824	1	0	tensor(3, device='cuda:0')	1.1595616190971376
153200.0	1000.0	1514.1738940922162	0.0	0	421.611474482168	1714.1738940923824	1	0	tensor(3, device='cuda:0')	1.1595616190971376
154200.0	1000.0	1514.173894092225	0.0	0	296.8469671778148	1714.1738940924115	1	0	tensor(3, device='cuda:0')	1.159561619097136
155200.0	1000.0	1514.1738940922426	0.0	0	352.7430985454994	1714.1738940924115	1	0	tensor(3, device='cuda:0')	1.159561619097136
156200.0	1000.0	1514.1738940922369	0.0	0	582.6456109914579	1714.1738940924115	1	0	tensor(3, device='cuda:0')	1.159561619097136
157200.0	2000.0	1514.1738940922332	0.0	0	18.913999079115456	1714.1738940924406	1	0	tensor(3, device='cuda:0')	1.1595616190971345
158618.09189460648	2000.0	1096.0819994857818	0.0	0	0.0	1714.1738940924406	1	0	tensor(3, device='cuda:0')	1.8527087996570795
159609.1502162013	1000.0	1105.023677890979	0.0	0	0.0	1714.1738940924406	1	0	tensor(3, device='cuda:0')	0.4664144385371893
160368.4470315504	1000.0	1345.7268625418687	0.0	0	0.0	1714.1738940924406	1	0	tensor(3, device='cuda:0')	1.1595616190971345
161200.0	1000.0	1514.1738940922692	0.0	0	245.4620452077652	1714.1738940924406	1	0	tensor(3, device='cuda:0')	1.1595616190971345
162200.0	1000.0	1514.1738940922762	0.0	0	403.7113872327318	1714.1738940924406	1	0	tensor(3, device='cuda:0')	1.1595616190971345
163200.0	1000.0	1514.173894092289	0.0	0	478.2397091627936	1714.1738940924406	1	0	tensor(3, device='cuda:0')	1.1595616190971345
164200.0	1000.0	1514.173894092274	0.0	0	479.8834147317684	1714.1738940924406	1	0	tensor(3, device='cuda:0')	1.1595616190971345
165200.0	1000.0	1514.1738940922442	0.0	0	228.0216485222045	1714.1738940924406	1	0	tensor(3, device='cuda:0')	1.1595616190971345
166200.0	1000.0	1514.1738940922614	0.0	0	276.0543477841129	1714.1738940924406	1	0	tensor(3, device='cuda:0')	1.1595616190971345
167200.0	1000.0	1514.1738940922398	0.0	0	240.55346281264792	1714.1738940924115	1	0	tensor(3, device='cuda:0')	1.159561619097136
168200.0	1000.0	1514.173894092244	0.0	0	314.27099958166946	1714.1738940924115	1	0	tensor(3, device='cuda:0')	1.159561619097136
169200.0	2000.0	1514.1738940922555	0.0	0	258.6315932441212	1714.1738940924115	1	0	tensor(3, device='cuda:0')	1.159561619097136
170200.0	2000.0	1514.1738940922448	0.0	0	71.15724557382055	1714.1738940923824	1	0	tensor(3, device='cuda:0')	1.8527087996570826
171725.59603317187	2000.0	988.577860920384	0.0	0	0.0	1714.1738940923824	1	0	tensor(3, device='cuda:0')	1.8527087996570826
172689.67945486258	1000.0	1024.4944392296786	0.0	0	0.0	1714.1738940924115	1	0	tensor(3, device='cuda:0')	0.46641443853719083
173200.0	1000.0	1514.1738940922694	0.0	0	84.6859402457485	1714.1738940924406	1	0	tensor(3, device='cuda:0')	1.1595616190971345
174200.0	1000.0	1514.1738940922442	0.0	0	435.93001280678436	1714.1738940924406	1	0	tensor(3, device='cuda:0')	1.1595616190971345
175200.0	1000.0	1514.1738940922505	0.0	0	432.4203157229058	1714.1738940924406	1	0	tensor(3, device='cuda:0')	1.1595616190971345
176200.0	1000.0	1514.173894092256	0.0	0	257.6658316786343	1714.1738940924406	1	0	tensor(3, device='cuda:0')	1.1595616190971345
177200.0	1000.0	1514.173894092258	0.0	0	210.02347934112186	1714.1738940924406	1	0	tensor(3, device='cuda:0')	1.1595616190971345
178200.0	1000.0	1514.173894092278	0.0	0	231.34418010272202	1714.1738940924406	1	0	tensor(3, device='cuda:0')	1.1595616190971345
179200.0	1000.0	1514.1738940922812	0.0	0	515.7810748960474	1714.1738940924406	1	0	tensor(3, device='cuda:0')	1.1595616190971345
180200.0	1000.0	1514.1738940923055	0.0	0	34.46241412786185	1714.1738940924406	1	0	tensor(3, device='cuda:0')	1.1595616190971345
181200.0	1000.0	1514.1738940923055	0.0	0	409.019994549104	1714.1738940924406	1	0	tensor(3, device='cuda:0')	1.1595616190971345
182200.0	1000.0	1514.17389409229	0.0	0	497.6834273531276	1714.1738940924406	1	0	tensor(3, device='cuda:0')	1.1595616190971345
183200.0	1000.0	1514.1738940923085	0.0	0	416.6441534446785	1714.1738940924406	1	0	tensor(3, device='cuda:0')	1.1595616190971345
184200.0	1000.0	1514.1738940923053	0.0	0	157.92690892785322	1714.1738940924406	1	0	tensor(3, device='cuda:0')	1.1595616190971345
185200.0	1000.0	1514.173894092302	0.0	0	343.60311008276767	1714.1738940924406	1	0	tensor(3, device='cuda:0')	1.1595616190971345
186511.56494917162	2000.0	1202.6089449207047	0.0	0	0.0	1714.1738940924697	1	0	tensor(3, device='cuda:0')	1.1595616190971327
188174.70404832734	2000.0	539.4698457650079	0.0	0	0.0	1714.1738940924697	1	0	tensor(3, device='cuda:0')	1.852708799657078
188903.47056969188	1000.0	810.703324400466	0.0	0	0.0	1714.1738940924406	1	0	tensor(3, device='cuda:0')	0.4664144385371893
190148.6646767199	2000.0	565.5092173724667	0.0	0	0.0	1714.1738940924115	1	0	tensor(3, device='cuda:0')	1.159561619097136
190637.1570095083	1000.0	1077.0168845840644	0.0	0	0.0	1714.1738940924115	1	0	tensor(3, device='cuda:0')	0.46641443853719083
191200.0	1000.0	1514.1738940923594	0.0	0	143.795016650256	1714.1738940924115	1	0	tensor(3, device='cuda:0')	1.159561619097136
192200.0	2000.0	1514.173894092328	0.0	0	106.87420102936449	1714.1738940924115	1	0	tensor(3, device='cuda:0')	1.159561619097136
193387.57257518457	2000.0	1326.6013189077607	0.0	0	0.0	1714.1738940924115	1	0	tensor(3, device='cuda:0')	1.8527087996570812
194200.0	1000.0	1514.1738940923635	0.0	0	187.4712869222567	1714.1738940924115	1	0	tensor(3, device='cuda:0')	0.46641443853719083
195492.48067064697	1000.0	1221.6932234453839	0.0	0	0.0	1714.1738940923824	1	0	tensor(3, device='cuda:0')	1.1595616190971367
196324.22898539825	1000.0	1389.9449086941163	0.0	0	0.0	1714.1738940924115	1	0	tensor(3, device='cuda:0')	1.159561619097136
197222.31311624093	1000.0	1491.8607778514142	0.0	0	0.0	1714.1738940923824	1	0	tensor(3, device='cuda:0')	1.1595616190971376
198200.0	1000.0	1514.1738940923356	0.0	0	140.93777081478038	1714.1738940923824	1	0	tensor(3, device='cuda:0')	1.1595616190971376
199572.14931474268	1000.0	1142.024579349655	0.0	0	0.0	1714.1738940923533	1	0	tensor(3, device='cuda:0')	1.1595616190971392
200200.0	1000.0	1514.1738940923492	0.0	0	156.55699691316113	1714.1738940923533	1	0	tensor(3, device='cuda:0')	1.1595616190971392
201200.0	1000.0	1514.1738940923033	0.0	0	317.91076304294984	1714.1738940923533	1	0	tensor(3, device='cuda:0')	1.1595616190971392
202200.0	2000.0	1514.173894092315	0.0	0	161.01830977827194	1714.1738940923242	1	0	tensor(3, device='cuda:0')	1.1595616190971405
203200.0	2000.0	1514.17389409232	0.0	0	187.4690546305792	1714.1738940923242	1	0	tensor(3, device='cuda:0')	1.8527087996570857
204381.72727257034	2000.0	1332.4466215219882	0.0	0	0.0	1714.1738940923242	1	0	tensor(3, device='cuda:0')	1.8527087996570857
205200.0	1000.0	1514.1738940922728	0.0	0	162.78537884438992	1714.173894092295	1	0	tensor(3, device='cuda:0')	0.46641443853719705
206200.0	1000.0	1514.173894092281	0.0	0	528.8793616140028	1714.173894092295	1	0	tensor(3, device='cuda:0')	1.1595616190971423
207200.0	1000.0	1514.1738940922926	0.0	0	365.4367439169728	1714.173894092295	1	0	tensor(3, device='cuda:0')	1.1595616190971423
208389.9971855835	2000.0	1324.176708508848	0.0	0	0.0	1714.1738940923242	1	0	tensor(3, device='cuda:0')	1.1595616190971405
209200.0	1000.0	1514.173894092326	0.0	0	311.71044823664124	1714.1738940923242	1	0	tensor(3, device='cuda:0')	0.4664144385371955
210200.0	2000.0	1514.1738940923133	0.0	0	146.83044833605527	1714.1738940923242	1	0	tensor(3, device='cuda:0')	1.1595616190971405
211200.0	2000.0	1514.173894092303	0.0	0	44.683529108035145	1714.1738940923242	1	0	tensor(3, device='cuda:0')	1.8527087996570857
212240.6672082603	2000.0	1473.5066858320288	0.0	0	0.0	1714.1738940923533	1	0	tensor(3, device='cuda:0')	1.8527087996570843
213200.0	1000.0	1514.1738940923267	0.0	0	241.34608380214195	1714.1738940923533	1	0	tensor(3, device='cuda:0')	0.466414438537194
214376.29871088007	1000.0	1337.8751832122541	0.0	0	0.0	1714.1738940923533	1	0	tensor(3, device='cuda:0')	1.1595616190971392
215200.0	1000.0	1514.1738940923092	0.0	0	69.67257065430749	1714.1738940923533	1	0	tensor(3, device='cuda:0')	1.1595616190971392
216200.0	1000.0	1514.1738940923292	0.0	0	93.62008793838322	1714.1738940923824	1	0	tensor(3, device='cuda:0')	1.1595616190971376
217200.0	1000.0	1514.1738940923108	0.0	0	328.2153640342003	1714.1738940923824	1	0	tensor(3, device='cuda:0')	1.1595616190971376
218200.0	1000.0	1514.1738940923126	0.0	0	278.473298466095	1714.1738940923824	1	0	tensor(3, device='cuda:0')	1.1595616190971376
219200.0	1000.0	1514.1738940923326	0.0	0	204.35234779471648	1714.1738940923824	1	0	tensor(3, device='cuda:0')	1.1595616190971376
220291.78493083196	1000.0	1422.3889632603878	0.0	0	0.0	1714.1738940923533	1	0	tensor(3, device='cuda:0')	1.1595616190971392
221298.16822928557	1000.0	1416.0056648067832	0.0	0	0.0	1714.1738940923533	1	0	tensor(3, device='cuda:0')	1.1595616190971392
222456.20688290472	1000.0	1257.9670111876226	0.0	0	0.0	1714.1738940923824	1	0	tensor(3, device='cuda:0')	1.1595616190971376
223480.5911750362	1000.0	1233.582719056117	0.0	0	0.0	1714.1738940923824	1	0	tensor(3, device='cuda:0')	1.1595616190971376
224560.6750297069	1000.0	1153.4988643854513	0.0	0	0.0	1714.1738940924115	1	0	tensor(3, device='cuda:0')	1.159561619097136
225301.55954420828	1000.0	1412.6143498840531	0.0	0	0.0	1714.1738940924115	1	0	tensor(3, device='cuda:0')	1.159561619097136
226200.0	1000.0	1514.1738940923458	0.0	0	405.2491445429041	1714.1738940924115	1	0	tensor(3, device='cuda:0')	1.159561619097136
227243.95130712254	2000.0	1470.2225869697772	0.0	0	0.0	1714.1738940924115	1	0	tensor(3, device='cuda:0')	1.159561619097136
228222.6642143093	2000.0	1491.5096797830206	0.0	0	0.0	1714.1738940924115	1	0	tensor(3, device='cuda:0')	1.8527087996570812
229200.0	2000.0	1514.173894092314	0.0	0	270.56402618446737	1714.1738940924406	1	0	tensor(3, device='cuda:0')	1.8527087996570795
230200.0	2000.0	1514.1738940923212	0.0	0	112.41573933133623	1714.1738940924406	1	0	tensor(3, device='cuda:0')	1.8527087996570795
231335.26567592542	1000.0	1378.9082181669073	0.0	0	0.0	1714.1738940924115	1	0	tensor(3, device='cuda:0')	0.46641443853719083
232200.0	1000.0	1514.1738940923178	0.0	0	131.47600272865384	1714.1738940924115	1	0	tensor(3, device='cuda:0')	1.159561619097136
233334.174204122	2000.0	1379.999689970304	0.0	0	0.0	1714.1738940924115	1	0	tensor(3, device='cuda:0')	1.159561619097136
234200.0	1000.0	1514.173894092288	0.0	0	334.32476965346723	1714.1738940924115	1	0	tensor(3, device='cuda:0')	0.46641443853719083
235200.0	1000.0	1514.1738940922567	0.0	0	333.01796235941583	1714.1738940924115	1	0	tensor(3, device='cuda:0')	1.159561619097136
236200.0	1000.0	1514.1738940922805	0.0	0	284.23268745993846	1714.1738940924115	1	0	tensor(3, device='cuda:0')	1.159561619097136
237200.0	1000.0	1514.1738940922828	0.0	0	292.5490184316004	1714.1738940924406	1	0	tensor(3, device='cuda:0')	1.1595616190971345
238448.2701374508	1000.0	1265.903756641473	0.0	0	0.0	1714.1738940924406	1	0	tensor(3, device='cuda:0')	1.1595616190971345
239200.0	1000.0	1514.1738940922824	0.0	0	203.6935892472975	1714.1738940924406	1	0	tensor(3, device='cuda:0')	1.1595616190971345
240200.0	1000.0	1514.1738940922585	0.0	0	372.49956770744757	1714.1738940924406	1	0	tensor(3, device='cuda:0')	1.1595616190971345
241200.0	1000.0	1514.1738940922844	0.0	0	293.01897538491176	1714.1738940924406	1	0	tensor(3, device='cuda:0')	1.1595616190971345
243161.56781309072	2000.0	552.6060810015745	0.0	0	0.0	1714.1738940924406	1	0	tensor(3, device='cuda:0')	1.1595616190971345
243929.2889249922	1000.0	784.8849691000919	0.0	0	0.0	1714.1738940924115	1	0	tensor(3, device='cuda:0')	0.46641443853719083
244537.7175487645	1000.0	1176.456345327781	0.0	0	0.0	1714.1738940924115	1	0	tensor(3, device='cuda:0')	1.159561619097136
245257.65498257783	1000.0	1456.518911514439	0.0	0	0.0	1714.1738940923824	1	0	tensor(3, device='cuda:0')	1.1595616190971376
246427.10253452967	1000.0	1287.0713595626119	0.0	0	0.0	1714.1738940923824	1	0	tensor(3, device='cuda:0')	1.1595616190971376
247200.0	1000.0	1514.1738940922592	0.0	0	34.96866898314329	1714.1738940923824	1	0	tensor(3, device='cuda:0')	1.1595616190971376
248200.0	1000.0	1514.173894092251	0.0	0	417.0805398939701	1714.1738940923533	1	0	tensor(3, device='cuda:0')	1.1595616190971392
249200.0	1000.0	1514.1738940922721	0.0	0	319.60467914835317	1714.1738940923533	1	0	tensor(3, device='cuda:0')	1.1595616190971392
250200.0	1000.0	1514.173894092263	0.0	0	360.73153880707105	1714.1738940923242	1	0	tensor(3, device='cuda:0')	1.1595616190971407
251200.0	2000.0	1514.1738940922712	0.0	0	25.60559326125076	1714.173894092295	1	0	tensor(3, device='cuda:0')	1.159561619097142
252200.0	2000.0	1514.1738940923037	0.0	0	178.66867559295497	1714.173894092295	1	0	tensor(3, device='cuda:0')	1.8527087996570875
253200.0	2000.0	1514.1738940923308	0.0	0	29.83565768841072	1714.1738940923242	1	0	tensor(3, device='cuda:0')	1.8527087996570857
254200.0	2000.0	1514.1738940923426	0.0	0	189.26875118204043	1714.1738940923242	1	0	tensor(3, device='cuda:0')	1.8527087996570857
255428.7586769943	2000.0	1285.415217098091	0.0	0	0.0	1714.1738940923533	1	0	tensor(3, device='cuda:0')	1.8527087996570843
256200.0	2000.0	1514.1738940924008	0.0	0	268.07903188990895	1714.1738940923533	1	0	tensor(3, device='cuda:0')	1.8527087996570843
257200.0	2000.0	1514.173894092397	0.0	0	290.3703523547156	1714.1738940923533	1	0	tensor(3, device='cuda:0')	1.8527087996570843
258308.1715454569	3000.0	1295.1851940897727	0.0	0	0.0	1603.356739546638	1	0	tensor(4, device='cuda:0')	1.4348759703994025
259788.50461252686	2000.0	814.8521270198098	0.0	0	0.0	1603.356739546638	1	0	tensor(3, device='cuda:0')	1.252870492833651
260670.7580174987	2000.0	932.5987220479694	0.0	0	0.0	1603.356739546667	1	0	tensor(3, device='cuda:0')	1.8583356009418142
261918.082274132	1000.0	685.2744654146942	0.0	0	0.0	1603.356739546667	1	0	tensor(3, device='cuda:0')	0.4720412398219238
262792.56487785565	1000.0	810.7918616910252	0.0	0	0.0	1603.356739546638	1	0	tensor(3, device='cuda:0')	1.1651884203818708
264191.9558770004	1000.0	411.40086254618893	0.0	0	0.0	1603.3567395465798	1	0	tensor(3, device='cuda:0')	1.1651884203818723
265254.8251110891	1000.0	520.3391929829193	171.80756452537673	0	0.0	1775.1643040719791	1	0	tensor(3, device='cuda:0')	0.125350501892727
266053.19390138064	1000.0	721.9704026914101	0.0	0	0.0	1775.1643040720373	1	0	tensor(3, device='cuda:0')	1.1561958890449844
266730.02401729155	1000.0	1045.140286780588	0.0	0	0.0	1775.1643040720955	1	0	tensor(3, device='cuda:0')	1.156195889044981
267200.0	1000.0	1575.1643040721085	0.0	0	12.736085017560981	1775.1643040720955	1	0	tensor(3, device='cuda:0')	1.156195889044981
268200.0	2000.0	1575.1643040721433	0.0	0	196.39719238411635	1775.1643040720955	1	0	tensor(3, device='cuda:0')	1.1561958890449808
269200.0	2000.0	1575.1643040721276	0.0	0	56.56638383708196	1775.1643040720955	1	0	tensor(3, device='cuda:0')	1.849343069604926
270200.0	1000.0	1575.1643040721576	0.0	0	189.34633710357593	1775.1643040720955	1	0	tensor(3, device='cuda:0')	0.46304870848503576
271200.0	1000.0	1575.1643040720894	0.0	0	284.70097426796565	1775.1643040720955	1	0	tensor(3, device='cuda:0')	1.156195889044981
272200.0	1000.0	1575.1643040721672	0.0	0	169.24783187336288	1775.1643040720955	1	0	tensor(3, device='cuda:0')	1.156195889044981
273200.0	1000.0	1575.1643040721956	0.0	0	70.11185199924512	1775.1643040720373	1	0	tensor(3, device='cuda:0')	1.1561958890449844
274633.6363383557	1000.0	1141.527965716496	0.0	0	0.0	1775.1643040719791	1	0	tensor(3, device='cuda:0')	1.1561958890449875
275524.7650053818	1000.0	1250.3992986904343	0.0	0	0.0	1775.1643040719791	1	0	tensor(3, device='cuda:0')	1.1561958890449875
277376.8681425327	1000.0	398.2961615395055	0.0	0	0.0	1775.1643040719791	1	0	tensor(3, device='cuda:0')	1.1561958890449875
278697.35703461966	1000.0	392.9295315493005	315.1222620967248	0	0.0	2090.28656616871	1	0	tensor(3, device='cuda:0')	-0.7554794364032704
279267.4540741561	1000.0	822.8324920128323	0.0	0	0.0	2090.28656616871	1	0	tensor(3, device='cuda:0')	1.1352541361770783
279758.5027053672	1000.0	1331.7838608017523	0.0	0	0.0	2090.28656616871	1	0	tensor(3, device='cuda:0')	1.1352541361770783
280722.058287467	2000.0	1368.2282787019815	0.0	0	0.0	2090.28656616871	1	0	tensor(3, device='cuda:0')	1.1352541361770783
281410.23446101864	1000.0	1680.0521051503808	0.0	0	0.0	2090.28656616871	1	0	tensor(3, device='cuda:0')	0.44210695561713304
282200.0	1000.0	1890.2865661690307	0.0	0	156.44681057834532	2090.28656616871	1	0	tensor(3, device='cuda:0')	1.1352541361770783
283200.0	1000.0	1890.2865661689916	0.0	0	381.58531940256944	2090.28656616871	1	0	tensor(3, device='cuda:0')	1.1352541361770783
284200.0	1000.0	1890.2865661689907	0.0	0	157.02189030696172	2090.286566168652	1	0	tensor(3, device='cuda:0')	1.1352541361770827
285364.4564725624	1000.0	1725.830093606606	0.0	0	0.0	2090.28656616871	1	0	tensor(3, device='cuda:0')	1.1352541361770783
286979.68635011115	1000.0	1110.6002160578814	0.0	0	0.0	2090.28656616871	1	0	tensor(3, device='cuda:0')	1.1352541361770783
288425.4966456086	1000.0	664.7899205603895	0.0	0	0.0	2090.28656616871	1	0	tensor(3, device='cuda:0')	1.1352541361770783
289325.7869161413	1000.0	764.4996500276915	0.0	0	0.0	2090.2865661687683	1	0	tensor(3, device='cuda:0')	1.1352541361770738
289825.9404130936	1000.0	1264.346153075349	0.0	0	0.0	2090.2865661687683	1	0	tensor(3, device='cuda:0')	1.1352541361770738
290672.36451236	1000.0	1417.9220538089626	0.0	0	0.0	2090.2865661687683	1	0	tensor(3, device='cuda:0')	1.1352541361770738
291346.67238628	1000.0	1743.6141798889703	0.0	0	0.0	2090.2865661687683	1	0	tensor(3, device='cuda:0')	1.1352541361770738
292200.0	1000.0	1890.2865661690184	0.0	0	455.58862086222507	2090.2865661687683	1	0	tensor(3, device='cuda:0')	1.1352541361770738
293200.0	2000.0	1890.2865661690703	0.0	0	281.57045663695317	2090.2865661688265	1	0	tensor(3, device='cuda:0')	1.1352541361770694
295194.31190792174	3000.0	696.5434674551694	0.0	0	0.0	1890.8553753765882	1	0	tensor(4, device='cuda:0')	1.237763653670744
295947.63979094266	1000.0	943.2155844342981	0.0	0	0.0	1890.8553753765882	1	0	tensor(3, device='cuda:0')	-0.14937497706558778
296633.5414943777	1000.0	1257.3138809992274	0.0	0	0.0	1890.8553753765882	1	0	tensor(3, device='cuda:0')	1.149237311602522
297547.79575299175	1000.0	1343.0596223852003	0.0	0	0.0	1890.8553753765882	1	0	tensor(3, device='cuda:0')	1.149237311602522
298246.1927901709	1000.0	1644.6625852061022	0.0	0	0.0	1890.8553753765882	1	0	tensor(3, device='cuda:0')	1.149237311602522
299200.0	1000.0	1690.8553753769647	0.0	0	303.67235611582873	1890.8553753765882	1	0	tensor(3, device='cuda:0')	1.149237311602522
300200.0	1000.0	1690.8553753770168	0.0	0	243.37239406228764	1890.8553753765882	1	0	tensor(3, device='cuda:0')	1.149237311602522
301200.0	1000.0	1690.8553753769875	0.0	0	590.0750592194963	1890.85537537653	1	0	tensor(3, device='cuda:0')	1.1492373116025258
302200.0	1000.0	1690.8553753770095	0.0	0	550.9073160068947	1890.8553753765882	1	0	tensor(3, device='cuda:0')	1.149237311602522
303200.0	2000.0	1690.8553753769968	0.0	0	36.894847155490424	1890.85537537653	1	0	tensor(3, device='cuda:0')	1.1492373116025258
1.18	1.59	1.09	0.417	0.707	1.22	1.25	1.6	2.12	2.86	1.52	1.87	1.67	1.74	1.34	0.741	0.788	1.4	1.99	2.09	1.41	0.857	1.24	1.05	0.846	0.765	1.08	0.973	1.46	1.66	1.55	1.12	1.37	1.44	1.3	2.25	1.95	1.73	1.67	2.11	1.97	1.62	0.985	0.95	0.788	0.695	1.05	1.76	1.54	0.811	1.02	1.03	1.84	1.55	1.01	0.765	0.66	0.776	1.46	2.22	2.12	2.31	2.49	2.7	2.88	2.26	1.8	1.64	1.73	1.37	1.78	1.14	0.869	0.765	1.51	1.07	0.602	1.09	1.02	0.927	2.04	1.71	1.69	1.12	1.51	1.96	1.42	1.9	1.66	1.53	2.04	1.32	1.85	1.29	1.25	1.03	1.69	0.568	0.51	0.672	0.938	0.869	1.15	1.69	1.58	1.1	2.0	2.14	1.9	0.73	0.938	1.48	1.18	1.34	1.42	1.33	1.26	1.16	0.996	0.857	1.42	1.58	1.51	1.78	2.83	2.25	1.27	1.39	1.02	1.41	1.47	1.89	1.61	2.35	3.52	2.4	2.9	2.61	1.68	1.63	1.56	1.69	1.39	0.95	0.973	0.533	1.01	1.56	1.66	1.56	1.64	2.58	2.15	1.66	1.32	1.42	1.92	1.95	1.45	1.73	1.6	1.9	1.61	1.99	2.65	2.18	1.52	1.36	1.87	1.62	1.03	1.23	1.11	1.73	1.45	1.41	1.75	1.46	1.33	1.74	2.09	2.17	1.33	1.76	2.13	1.98	2.35	2.26	1.45	1.17	0.753	1.19	1.67	1.29	0.857	1.83	2.22	2.62	1.89	1.48	1.61	2.02	1.97	1.76	2.5	3.12	2.11	1.2	0.95	0.892	1.22	1.32	1.04	1.53	1.11	1.17	0.996	1.08	0.765	0.822	1.78	2.37	1.95	2.07	2.51	1.18	1.02	1.98	1.97	1.02	1.67	2.07	1.03	0.846	1.69	1.38	2.13	1.2	1.02	1.71	1.31	1.1	1.6	2.14	1.89	2.33	3.19	3.06	2.12	1.87	2.41	3.63	3.17	1.97	1.39	1.98	1.09	0.904	0.695	1.11	1.37	1.48	2.44	2.43	1.4	1.52	0.95	1.05	0.95	0.788	1.45	0.521	0.301	1.09	2.07	2.42	1.87	1.47	1.49	0.95	0.973	0.498	0.475	0.73	1.67	1.36	1.71	3.06	3.03	1.04	0.602	1.46	1.47	1.77	1.62	1.98	1.97	2.0	1.66	1.49	2.14	1.36
566.0	567.0	568.0	569.0	570.0	571.0	572.0	573.0	574.0	575.0	576.0	577.0	578.0	579.0	580.0	581.0	582.0	583.0	584.0	585.0	586.0	587.0	588.0	589.0	590.0	591.0	592.0	593.0	594.0	595.0	596.0	597.0	598.0	599.0	600.0	601.0	602.0	603.0	604.0	605.0	606.0	607.0	608.0	609.0	610.0	611.0	612.0	613.0	614.0	615.0	616.0	617.0	618.0	619.0	620.0	621.0	622.0	623.0	624.0	625.0	626.0	627.0	628.0	629.0	630.0	631.0	632.0	633.0	634.0	635.0	636.0	637.0	638.0	639.0	640.0	641.0	642.0	643.0	644.0	645.0	646.0	647.0	648.0	649.0	650.0	651.0	652.0	653.0	654.0	655.0	656.0	657.0	658.0	659.0	660.0	661.0	662.0	663.0	664.0	665.0	666.0	667.0	668.0	669.0	670.0	671.0	672.0	673.0	674.0	675.0	676.0	677.0	678.0	679.0	680.0	681.0	682.0	683.0	684.0	685.0	686.0	687.0	688.0	689.0	690.0	691.0	692.0	693.0	694.0	695.0	696.0	697.0	698.0	699.0	700.0	701.0	702.0	703.0	704.0	705.0	706.0	707.0	708.0	709.0	710.0	711.0	712.0	713.0	714.0	715.0	716.0	717.0	718.0	719.0	720.0	721.0	722.0	723.0	724.0	725.0	726.0	727.0	728.0	729.0	730.0	731.0	732.0	733.0	734.0	735.0	736.0	737.0	738.0	739.0	740.0	741.0	742.0	743.0	744.0	745.0	746.0	747.0	748.0	749.0	750.0	751.0	752.0	753.0	754.0	755.0	756.0	757.0	758.0	759.0	760.0	761.0	762.0	763.0	764.0	765.0	766.0	767.0	768.0	769.0	770.0	771.0	772.0	773.0	774.0	775.0	776.0	777.0	778.0	779.0	780.0	781.0	782.0	783.0	784.0	785.0	786.0	787.0	788.0	789.0	790.0	791.0	792.0	793.0	794.0	795.0	796.0	797.0	798.0	799.0	800.0	801.0	802.0	803.0	804.0	805.0	806.0	807.0	808.0	809.0	810.0	811.0	812.0	813.0	814.0	815.0	816.0	817.0	818.0	819.0	820.0	821.0	822.0	823.0	824.0	825.0	826.0	827.0	828.0	829.0	830.0	831.0	832.0	833.0	834.0	835.0	836.0	837.0	838.0	839.0	840.0	841.0	842.0	843.0	844.0	845.0	846.0	847.0	848.0	849.0	850.0	851.0	852.0	853.0	854.0	855.0	856.0	857.0	858.0	859.0	860.0	861.0	862.0	863.0	864.0	865.0	866.0	867.0
3075.0
