3230.3664932918036	3000.0	2000.0	452.7287129968289	0	0.0	3230.3664932918036	1	0	tensor(4, device='cuda:0')	-3.1205766293571857
3634.1654766422394	3000.0	2555.8211183145204	0.0	0	0.0	3189.9865949567607	1	0	tensor(4, device='cuda:0')	2.0023681313559774
4386.3822817168275	6000.0	2803.6043132399327	0.0	0	0.0	3189.9865949567607	1	0	tensor(3, device='cuda:0')	1.8853337343458236
5200.0	6000.0	2989.9865949567607	0.0	0	167.21408353283095	3189.986594956761	1	0	tensor(3, device='cuda:0')	2.778480914905769
6200.0	6000.0	2989.9865949567625	0.0	0	229.5177543557911	3189.9865949567625	1	0	tensor(3, device='cuda:0')	2.778480914905768
7200.0	6000.0	2989.986594956762	0.0	0	45.161835401954704	3189.986594956762	1	0	tensor(3, device='cuda:0')	2.778480914905768
8200.0	6000.0	2989.9865949567616	0.0	0	313.20971765667764	3189.986594956762	1	0	tensor(3, device='cuda:0')	2.778480914905768
9200.0	6000.0	2989.9865949567634	0.0	0	296.64436168899374	3189.986594956764	1	0	tensor(3, device='cuda:0')	2.778480914905768
10200.0	6000.0	2989.9865949567647	0.0	0	373.348277303603	3189.9865949567666	1	0	tensor(3, device='cuda:0')	2.7784809149057677
11200.0	6000.0	2989.9865949567647	0.0	0	45.58667919830441	3189.9865949567675	1	0	tensor(3, device='cuda:0')	2.778480914905767
12200.0	6000.0	2989.9865949567647	0.0	0	163.17742371862914	3189.9865949567666	1	0	tensor(3, device='cuda:0')	2.778480914905767
13200.0	6000.0	2989.986594956765	0.0	0	435.95443499340035	3189.9865949567666	1	0	tensor(3, device='cuda:0')	2.778480914905767
14200.0	6000.0	2989.986594956764	0.0	0	439.91296085955037	3189.9865949567666	1	0	tensor(3, device='cuda:0')	2.778480914905767
15200.0	6000.0	2989.9865949567643	0.0	0	448.87617479354594	3189.9865949567666	1	0	tensor(3, device='cuda:0')	2.778480914905767
16200.0	6000.0	2989.9865949567657	0.0	0	471.5221546653738	3189.9865949567666	1	0	tensor(3, device='cuda:0')	2.778480914905767
17200.0	6000.0	2989.9865949567634	0.0	0	241.36892173346132	3189.9865949567647	1	0	tensor(3, device='cuda:0')	2.778480914905767
18200.0	6000.0	2989.9865949567657	0.0	0	49.14179101643094	3189.9865949567684	1	0	tensor(3, device='cuda:0')	2.778480914905767
19200.0	6000.0	2989.986594956763	0.0	0	257.13046109321294	3189.9865949567647	1	0	tensor(3, device='cuda:0')	2.778480914905767
20200.0	6000.0	2989.9865949567625	0.0	0	268.4135612664213	3189.9865949567647	1	0	tensor(3, device='cuda:0')	2.7784809149057677
21200.0	6000.0	2989.9865949567575	0.0	0	237.6104215516607	3189.9865949567647	1	0	tensor(3, device='cuda:0')	2.7784809149057677
22200.0	6000.0	2989.9865949567584	0.0	0	465.0544733506613	3189.9865949567647	1	0	tensor(3, device='cuda:0')	2.7784809149057677
23200.0	6000.0	2989.986594956761	0.0	0	112.21973932311084	3189.9865949567647	1	0	tensor(3, device='cuda:0')	2.7784809149057677
24200.0	6000.0	2989.9865949567593	0.0	0	189.05629629970645	3189.986594956761	1	0	tensor(3, device='cuda:0')	2.778480914905769
25200.0	6000.0	2989.9865949567584	0.0	0	416.34595215893205	3189.986594956761	1	0	tensor(3, device='cuda:0')	2.778480914905769
26200.0	6000.0	2989.9865949567584	0.0	0	545.9635161431252	3189.9865949567647	1	0	tensor(3, device='cuda:0')	2.7784809149057677
27200.0	6000.0	2989.9865949567575	0.0	0	275.01362333898214	3189.9865949567647	1	0	tensor(3, device='cuda:0')	2.7784809149057677
28200.0	6000.0	2989.986594956763	0.0	0	232.42044960403655	3189.9865949567647	1	0	tensor(3, device='cuda:0')	2.7784809149057677
29200.0	6000.0	2989.9865949567634	0.0	0	595.0844099752394	3189.9865949567647	1	0	tensor(3, device='cuda:0')	2.7784809149057677
30200.0	6000.0	2989.9865949567625	0.0	0	572.8600335381561	3189.9865949567647	1	0	tensor(3, device='cuda:0')	2.7784809149057677
31200.0	6000.0	2989.9865949567647	0.0	0	526.7888420211129	3189.9865949567647	1	0	tensor(3, device='cuda:0')	2.7784809149057677
32200.0	6000.0	2989.9865949567643	0.0	0	196.66053184076736	3189.9865949567647	1	0	tensor(3, device='cuda:0')	2.7784809149057677
33200.0	6000.0	2989.9865949567675	0.0	0	304.9862088015361	3189.9865949567684	1	0	tensor(3, device='cuda:0')	2.7784809149057677
34200.0	6000.0	2989.9865949567584	0.0	0	383.03215177122183	3189.9865949567575	1	0	tensor(3, device='cuda:0')	2.778480914905769
35200.0	6000.0	2989.9865949567593	0.0	0	422.0172994576351	3189.986594956761	1	0	tensor(3, device='cuda:0')	2.778480914905769
36200.0	6000.0	2989.9865949567616	0.0	0	266.95991119647806	3189.9865949567684	1	0	tensor(3, device='cuda:0')	2.7784809149057677
37200.0	6000.0	2989.986594956759	0.0	0	190.53405958395888	3189.9865949567684	1	0	tensor(3, device='cuda:0')	2.778480914905767
38200.0	6000.0	2989.9865949567684	0.0	0	401.0251141436311	3189.9865949567684	1	0	tensor(3, device='cuda:0')	2.778480914905767
39200.0	6000.0	2989.9865949567666	0.0	0	343.61762008963706	3189.9865949567684	1	0	tensor(3, device='cuda:0')	2.778480914905767
40200.0	6000.0	2989.986594956765	0.0	0	376.2512230700886	3189.9865949567684	1	0	tensor(3, device='cuda:0')	2.778480914905767
41200.0	6000.0	2989.986594956761	0.0	0	413.633096451078	3189.9865949567684	1	0	tensor(3, device='cuda:0')	2.778480914905767
42200.0	6000.0	2989.9865949567547	0.0	0	589.6368734328134	3189.9865949567684	1	0	tensor(3, device='cuda:0')	2.778480914905767
43200.0	6000.0	2989.986594956762	0.0	0	516.0121262580287	3189.9865949567684	1	0	tensor(3, device='cuda:0')	2.778480914905767
44200.0	6000.0	2989.986594956765	0.0	0	385.0894570300152	3189.9865949567684	1	0	tensor(3, device='cuda:0')	2.778480914905767
45200.0	6000.0	2989.9865949567625	0.0	0	434.4778633892056	3189.986594956761	1	0	tensor(3, device='cuda:0')	2.778480914905769
46200.0	6000.0	2989.986594956762	0.0	0	365.665698459954	3189.9865949567684	1	0	tensor(3, device='cuda:0')	2.778480914905767
47200.0	6000.0	2989.9865949567693	0.0	0	178.43630700001086	3189.9865949567684	1	0	tensor(3, device='cuda:0')	2.778480914905767
48268.45771087888	6000.0	2921.528884077894	0.0	0	0.0	3189.9865949567684	1	0	tensor(3, device='cuda:0')	2.778480914905767
49315.397324433136	6000.0	2874.5892705236383	0.0	0	0.0	3189.9865949567684	1	0	tensor(3, device='cuda:0')	2.778480914905767
50200.0	6000.0	2989.9865949567684	0.0	0	166.78518544521648	3189.986594956761	1	0	tensor(3, device='cuda:0')	2.778480914905769
51200.0	6000.0	2989.986594956767	0.0	0	191.24789430358942	3189.986594956754	1	0	tensor(3, device='cuda:0')	2.77848091490577
52250.454785658265	6000.0	2939.5318092985026	0.0	0	0.0	3189.986594956754	1	0	tensor(3, device='cuda:0')	2.77848091490577
53210.28582138609	6000.0	2979.70077357068	0.0	0	0.0	3189.986594956754	1	0	tensor(3, device='cuda:0')	2.77848091490577
54200.0	6000.0	2989.986594956772	0.0	0	38.39451793330227	3189.9865949567466	1	0	tensor(3, device='cuda:0')	2.7784809149057716
55200.0	6000.0	2989.9865949567666	0.0	0	420.2166663643293	3189.9865949567466	1	0	tensor(3, device='cuda:0')	2.7784809149057716
56200.0	6000.0	2989.9865949567593	0.0	0	594.65715734072	3189.9865949567466	1	0	tensor(3, device='cuda:0')	2.7784809149057716
57200.0	6000.0	2989.986594956764	0.0	0	432.73757210532494	3189.9865949567466	1	0	tensor(3, device='cuda:0')	2.7784809149057716
58200.0	6000.0	2989.986594956764	0.0	0	235.86894741917786	3189.9865949567466	1	0	tensor(3, device='cuda:0')	2.7784809149057716
59200.0	6000.0	2989.9865949567566	0.0	0	502.5418779416941	3189.9865949567466	1	0	tensor(3, device='cuda:0')	2.7784809149057716
60200.0	6000.0	2989.986594956762	0.0	0	463.59535002006305	3189.9865949567466	1	0	tensor(3, device='cuda:0')	2.7784809149057716
61200.0	6000.0	2989.9865949567657	0.0	0	316.49158839471784	3189.9865949567466	1	0	tensor(3, device='cuda:0')	2.7784809149057716
62200.0	6000.0	2989.986594956771	0.0	0	329.68846752572426	3189.9865949567466	1	0	tensor(3, device='cuda:0')	2.7784809149057716
63200.0	6000.0	2989.9865949567757	0.0	0	199.50720205454127	3189.9865949567466	1	0	tensor(3, device='cuda:0')	2.7784809149057716
64200.0	6000.0	2989.9865949567707	0.0	0	182.8003501601197	3189.9865949567466	1	0	tensor(3, device='cuda:0')	2.7784809149057716
65200.0	6000.0	2989.9865949567798	0.0	0	304.16762967794784	3189.9865949567466	1	0	tensor(3, device='cuda:0')	2.7784809149057716
66200.0	6000.0	2989.9865949567834	0.0	0	538.6243823893019	3189.9865949567466	1	0	tensor(3, device='cuda:0')	2.778480914905772
67200.0	6000.0	2989.986594956784	0.0	0	403.0966465454694	3189.9865949567466	1	0	tensor(3, device='cuda:0')	2.778480914905772
68200.0	6000.0	2989.9865949567834	0.0	0	221.74819684292015	3189.9865949567466	1	0	tensor(3, device='cuda:0')	2.7784809149057716
69200.0	6000.0	2989.9865949567857	0.0	0	308.09669400587154	3189.986594956761	1	0	tensor(3, device='cuda:0')	2.77848091490577
70200.0	6000.0	2989.9865949567775	0.0	0	200.52085509781318	3189.986594956761	1	0	tensor(3, device='cuda:0')	2.778480914905769
71200.0	6000.0	2989.986594956783	0.0	0	491.0875495962682	3189.986594956761	1	0	tensor(3, device='cuda:0')	2.778480914905769
72200.0	6000.0	2989.986594956784	0.0	0	422.55114298674744	3189.986594956761	1	0	tensor(3, device='cuda:0')	2.778480914905769
73200.0	6000.0	2989.986594956767	0.0	0	358.9265968896507	3189.986594956761	1	0	tensor(3, device='cuda:0')	2.778480914905769
74200.0	6000.0	2989.986594956764	0.0	0	363.238059908952	3189.986594956761	1	0	tensor(3, device='cuda:0')	2.778480914905769
75200.0	6000.0	2989.986594956772	0.0	0	317.9070694077236	3189.986594956761	1	0	tensor(3, device='cuda:0')	2.778480914905769
76200.0	6000.0	2989.9865949567748	0.0	0	216.4163335296471	3189.9865949567757	1	0	tensor(3, device='cuda:0')	2.7784809149057654
77200.0	6000.0	2989.986594956755	0.0	0	248.72838213379146	3189.9865949567757	1	0	tensor(3, device='cuda:0')	2.7784809149057654
78200.0	6000.0	2989.986594956763	0.0	0	376.35195778387424	3189.9865949567757	1	0	tensor(3, device='cuda:0')	2.7784809149057654
79200.0	6000.0	2989.986594956772	0.0	0	509.7201046847913	3189.9865949567757	1	0	tensor(3, device='cuda:0')	2.7784809149057654
80200.0	6000.0	2989.9865949567766	0.0	0	505.0362853348197	3189.9865949567757	1	0	tensor(3, device='cuda:0')	2.7784809149057654
81200.0	6000.0	2989.9865949567793	0.0	0	555.3241683408414	3189.9865949567757	1	0	tensor(3, device='cuda:0')	2.7784809149057654
82200.0	6000.0	2989.986594956788	0.0	0	362.18896729836706	3189.986594956761	1	0	tensor(3, device='cuda:0')	2.778480914905769
83200.0	6000.0	2989.986594956779	0.0	0	419.27481343659747	3189.986594956761	1	0	tensor(3, device='cuda:0')	2.778480914905769
84219.47422843515	6000.0	2970.5123665216383	0.0	0	0.0	3189.9865949567466	1	0	tensor(3, device='cuda:0')	2.7784809149057716
85237.86478193587	6000.0	2952.121813020922	0.0	0	0.0	3189.9865949567466	1	0	tensor(3, device='cuda:0')	2.7784809149057716
86200.0	6000.0	2989.9865949568025	0.0	0	69.00695588142844	3189.9865949567466	1	0	tensor(3, device='cuda:0')	2.7784809149057716
87200.0	6000.0	2989.9865949568252	0.0	0	280.39209419435065	3189.986594956761	1	0	tensor(3, device='cuda:0')	2.778480914905769
88200.0	6000.0	2989.9865949568166	0.0	0	77.42176218277018	3189.986594956761	1	0	tensor(3, device='cuda:0')	2.778480914905769
89200.0	6000.0	2989.986594956823	0.0	0	391.2840778425889	3189.986594956761	1	0	tensor(3, device='cuda:0')	2.778480914905769
90200.0	6000.0	2989.9865949568193	0.0	0	356.49999115563696	3189.9865949567466	1	0	tensor(3, device='cuda:0')	2.7784809149057716
91200.0	6000.0	2989.9865949568275	0.0	0	539.6416025968356	3189.9865949567466	1	0	tensor(3, device='cuda:0')	2.7784809149057716
92200.0	6000.0	2989.9865949568234	0.0	0	272.89528888287896	3189.9865949567466	1	0	tensor(3, device='cuda:0')	2.7784809149057716
93200.0	6000.0	2989.9865949568225	0.0	0	123.5802328534046	3189.986594956732	1	0	tensor(3, device='cuda:0')	2.7784809149057748
94200.0	6000.0	2989.9865949568198	0.0	0	449.02026442096394	3189.986594956732	1	0	tensor(3, device='cuda:0')	2.7784809149057748
95200.0	6000.0	2989.986594956817	0.0	0	181.95681913181033	3189.986594956732	1	0	tensor(3, device='cuda:0')	2.7784809149057748
96200.0	6000.0	2989.986594956811	0.0	0	140.89911452995148	3189.986594956732	1	0	tensor(3, device='cuda:0')	2.7784809149057748
97200.0	6000.0	2989.98659495681	0.0	0	494.55659395713883	3189.986594956732	1	0	tensor(3, device='cuda:0')	2.7784809149057748
98200.0	6000.0	2989.986594956809	0.0	0	321.264715544341	3189.986594956732	1	0	tensor(3, device='cuda:0')	2.7784809149057748
99200.0	6000.0	2989.9865949568157	0.0	0	413.2597589730867	3189.986594956732	1	0	tensor(3, device='cuda:0')	2.7784809149057748
100200.0	6000.0	2989.9865949568184	0.0	0	311.4005413905252	3189.986594956732	1	0	tensor(3, device='cuda:0')	2.7784809149057748
101200.0	6000.0	2989.986594956819	0.0	0	230.39361007859407	3189.9865949567466	1	0	tensor(3, device='cuda:0')	2.7784809149057716
102200.0	6000.0	2989.9865949568275	0.0	0	423.6981020457897	3189.9865949567466	1	0	tensor(3, device='cuda:0')	2.7784809149057716
103200.0	6000.0	2989.9865949568198	0.0	0	456.79165012760495	3189.9865949567466	1	0	tensor(3, device='cuda:0')	2.7784809149057716
104200.0	6000.0	2989.986594956823	0.0	0	519.857017061644	3189.9865949567466	1	0	tensor(3, device='cuda:0')	2.7784809149057716
105200.0	6000.0	2989.986594956836	0.0	0	496.6436323170201	3189.9865949567466	1	0	tensor(3, device='cuda:0')	2.7784809149057716
106200.0	6000.0	2989.9865949568343	0.0	0	375.0226497133117	3189.986594956732	1	0	tensor(3, device='cuda:0')	2.7784809149057748
107200.0	6000.0	2989.9865949568243	0.0	0	293.79952322898316	3189.986594956732	1	0	tensor(3, device='cuda:0')	2.7784809149057748
108200.0	6000.0	2989.9865949568275	0.0	0	173.7580459552555	3189.9865949567175	1	0	tensor(3, device='cuda:0')	2.778480914905778
109200.0	6000.0	2989.9865949568402	0.0	0	425.7306910040061	3189.9865949567175	1	0	tensor(3, device='cuda:0')	2.778480914905778
110473.16625458543	6000.0	2716.820340371405	0.0	0	0.0	3189.9865949567175	1	0	tensor(3, device='cuda:0')	2.778480914905778
111228.08155090518	6000.0	2961.9050440516694	0.0	0	0.0	3189.9865949567175	1	0	tensor(3, device='cuda:0')	2.778480914905778
112200.0	6000.0	2989.9865949568552	0.0	0	303.5987691825285	3189.986594956732	1	0	tensor(3, device='cuda:0')	2.7784809149057748
113200.0	6000.0	2989.9865949568552	0.0	0	548.8113225112465	3189.9865949567466	1	0	tensor(3, device='cuda:0')	2.7784809149057716
114200.0	6000.0	2989.9865949568475	0.0	0	466.53404969818075	3189.9865949567466	1	0	tensor(3, device='cuda:0')	2.7784809149057716
115200.0	6000.0	2989.9865949568475	0.0	0	221.21104710821237	3189.986594956761	1	0	tensor(3, device='cuda:0')	2.778480914905769
116369.22905165958	6000.0	2820.7575432972776	0.0	0	0.0	3189.986594956761	1	0	tensor(3, device='cuda:0')	2.778480914905769
117200.0	6000.0	2989.9865949568793	0.0	0	140.56874705090013	3189.986594956761	1	0	tensor(3, device='cuda:0')	2.778480914905769
118200.0	6000.0	2989.986594956879	0.0	0	394.8960074459319	3189.986594956761	1	0	tensor(3, device='cuda:0')	2.778480914905769
119200.0	6000.0	2989.9865949568675	0.0	0	319.7172795355291	3189.986594956761	1	0	tensor(3, device='cuda:0')	2.778480914905769
120200.0	6000.0	2989.986594956879	0.0	0	372.96019075642107	3189.986594956761	1	0	tensor(3, device='cuda:0')	2.778480914905769
121200.0	6000.0	2989.9865949568893	0.0	0	489.50936999155965	3189.9865949567466	1	0	tensor(3, device='cuda:0')	2.7784809149057716
122200.0	6000.0	2989.986594956898	0.0	0	385.5339108683693	3189.9865949567466	1	0	tensor(3, device='cuda:0')	2.7784809149057716
123200.0	6000.0	2989.9865949569157	0.0	0	370.2720259314374	3189.9865949567466	1	0	tensor(3, device='cuda:0')	2.7784809149057716
124200.0	6000.0	2989.9865949569144	0.0	0	448.70172717662354	3189.986594956761	1	0	tensor(3, device='cuda:0')	2.778480914905769
125200.0	6000.0	2989.9865949569144	0.0	0	111.53083327056083	3189.986594956761	1	0	tensor(3, device='cuda:0')	2.778480914905769
126200.0	6000.0	2989.986594956917	0.0	0	26.537527875974774	3189.9865949567757	1	0	tensor(3, device='cuda:0')	2.7784809149057654
127200.0	6000.0	2989.9865949569025	0.0	0	242.94077037117677	3189.986594956761	1	0	tensor(3, device='cuda:0')	2.778480914905769
128200.0	6000.0	2989.986594956909	0.0	0	633.4392345724482	3189.986594956761	1	0	tensor(3, device='cuda:0')	2.778480914905769
129200.0	6000.0	2989.986594956896	0.0	0	556.9965127930045	3189.986594956761	1	0	tensor(3, device='cuda:0')	2.778480914905769
130200.0	6000.0	2989.9865949569007	0.0	0	478.3571452377946	3189.9865949567757	1	0	tensor(3, device='cuda:0')	2.7784809149057654
131200.0	6000.0	2989.9865949569075	0.0	0	300.6123825601535	3189.986594956761	1	0	tensor(3, device='cuda:0')	2.778480914905769
132200.0	6000.0	2989.98659495687	0.0	0	572.8811750452733	3189.9865949567175	1	0	tensor(3, device='cuda:0')	2.7784809149057734
133200.0	6000.0	2989.986594956896	0.0	0	491.915145070001	3189.9865949567466	1	0	tensor(3, device='cuda:0')	2.778480914905773
134200.0	6000.0	2989.986594956896	0.0	0	451.2840480302111	3189.986594956761	1	0	tensor(3, device='cuda:0')	2.778480914905769
135200.0	6000.0	2989.986594956883	0.0	0	306.91334978849045	3189.9865949567466	1	0	tensor(3, device='cuda:0')	2.7784809149057716
136200.0	6000.0	2989.9865949568734	0.0	0	35.32756191928638	3189.9865949567466	1	0	tensor(3, device='cuda:0')	2.7784809149057716
137200.0	6000.0	2989.9865949568766	0.0	0	370.59906719761784	3189.9865949567466	1	0	tensor(3, device='cuda:0')	2.7784809149057716
138200.0	6000.0	2989.986594956889	0.0	0	529.3894453179964	3189.9865949567466	1	0	tensor(3, device='cuda:0')	2.7784809149057716
139200.0	6000.0	2989.986594956899	0.0	0	375.5082509461208	3189.9865949567466	1	0	tensor(3, device='cuda:0')	2.7784809149057716
140200.0	6000.0	2989.986594956914	0.0	0	313.8434670873103	3189.9865949567466	1	0	tensor(3, device='cuda:0')	2.7784809149057716
141200.0	6000.0	2989.9865949569107	0.0	0	337.9159693014226	3189.9865949567466	1	0	tensor(3, device='cuda:0')	2.7784809149057716
142200.0	6000.0	2989.986594956946	0.0	0	383.06518136899103	3189.9865949567757	1	0	tensor(3, device='cuda:0')	2.7784809149057654
143200.0	6000.0	2989.986594956932	0.0	0	475.6462285138841	3189.9865949567757	1	0	tensor(3, device='cuda:0')	2.7784809149057654
144200.0	6000.0	2989.9865949569294	0.0	0	672.9938518711715	3189.9865949567466	1	0	tensor(3, device='cuda:0')	2.7784809149057716
145200.0	6000.0	2989.9865949569294	0.0	0	196.25530801038258	3189.9865949567466	1	0	tensor(3, device='cuda:0')	2.7784809149057716
146200.0	6000.0	2989.986594956944	0.0	0	168.75658853136702	3189.9865949567466	1	0	tensor(3, device='cuda:0')	2.7784809149057716
147200.0	6000.0	2989.9865949569435	0.0	0	449.7896272756625	3189.9865949567466	1	0	tensor(3, device='cuda:0')	2.7784809149057716
148200.0	6000.0	2989.986594956969	0.0	0	517.4671468777524	3189.9865949567466	1	0	tensor(3, device='cuda:0')	2.7784809149057716
149200.0	6000.0	2989.9865949569603	0.0	0	54.92970863037044	3189.9865949567466	1	0	tensor(3, device='cuda:0')	2.7784809149057716
150200.0	6000.0	2989.9865949569485	0.0	0	156.79547390772495	3189.9865949567466	1	0	tensor(3, device='cuda:0')	2.7784809149057716
151200.0	6000.0	2989.9865949569526	0.0	0	373.05423417693237	3189.9865949567466	1	0	tensor(3, device='cuda:0')	2.7784809149057716
152200.0	6000.0	2989.9865949569485	0.0	0	339.39088216461823	3189.9865949567175	1	0	tensor(3, device='cuda:0')	2.778480914905778
153252.1221640764	6000.0	2937.864430880537	0.0	0	0.0	3189.9865949567175	1	0	tensor(3, device='cuda:0')	2.778480914905778
154200.0	6000.0	2989.9865949569476	0.0	0	238.7150796566275	3189.9865949567466	1	0	tensor(3, device='cuda:0')	2.7784809149057716
155200.0	6000.0	2989.9865949569175	0.0	0	405.86482405196875	3189.9865949567466	1	0	tensor(3, device='cuda:0')	2.7784809149057716
156200.0	6000.0	2989.9865949569466	0.0	0	293.28097411766066	3189.9865949567466	1	0	tensor(3, device='cuda:0')	2.7784809149057716
157200.0	6000.0	2989.98659495695	0.0	0	347.14557777010486	3189.9865949567466	1	0	tensor(3, device='cuda:0')	2.7784809149057716
158200.0	6000.0	2989.9865949569485	0.0	0	405.78685721367947	3189.9865949567466	1	0	tensor(3, device='cuda:0')	2.7784809149057716
159200.0	6000.0	2989.986594956943	0.0	0	469.80567811155925	3189.9865949567466	1	0	tensor(3, device='cuda:0')	2.7784809149057716
160200.0	6000.0	2989.9865949569544	0.0	0	428.2716260593734	3189.9865949567757	1	0	tensor(3, device='cuda:0')	2.7784809149057654
161200.0	6000.0	2989.9865949569635	0.0	0	537.5715063045791	3189.9865949567757	1	0	tensor(3, device='cuda:0')	2.7784809149057654
162200.0	6000.0	2989.9865949569635	0.0	0	373.6861737736617	3189.9865949567757	1	0	tensor(3, device='cuda:0')	2.7784809149057654
163200.0	6000.0	2989.986594956952	0.0	0	505.66299073336995	3189.9865949567757	1	0	tensor(3, device='cuda:0')	2.7784809149057654
164200.0	6000.0	2989.986594956968	0.0	0	342.3980650402664	3189.9865949567757	1	0	tensor(3, device='cuda:0')	2.7784809149057654
165200.0	6000.0	2989.9865949569394	0.0	0	173.6477181010123	3189.9865949567757	1	0	tensor(3, device='cuda:0')	2.7784809149057654
166200.0	6000.0	2989.9865949569316	0.0	0	507.99206559275626	3189.9865949567757	1	0	tensor(3, device='cuda:0')	2.7784809149057654
167200.0	6000.0	2989.9865949569603	0.0	0	499.74347909438075	3189.9865949567757	1	0	tensor(3, device='cuda:0')	2.7784809149057654
168200.0	6000.0	2989.9865949569357	0.0	0	544.9552844962454	3189.9865949567757	1	0	tensor(3, device='cuda:0')	2.7784809149057654
169200.0	6000.0	2989.9865949569376	0.0	0	580.1936021636357	3189.9865949568048	1	0	tensor(3, device='cuda:0')	2.778480914905759
170200.0	6000.0	2989.9865949569457	0.0	0	334.63136832855525	3189.9865949568048	1	0	tensor(3, device='cuda:0')	2.778480914905759
171200.0	6000.0	2989.986594956938	0.0	0	324.87411427812185	3189.9865949568048	1	0	tensor(3, device='cuda:0')	2.778480914905759
172345.87729684525	6000.0	2844.1092981116676	0.0	0	0.0	3189.9865949568048	1	0	tensor(3, device='cuda:0')	2.778480914905759
173399.67681171765	6000.0	2790.3097832392505	0.0	0	0.0	3189.9865949568048	1	0	tensor(3, device='cuda:0')	2.778480914905759
174618.4563878769	6000.0	2571.5302070799803	0.0	0	0.0	3189.986594956834	1	0	tensor(3, device='cuda:0')	2.7784809149057526
175301.0491449252	6000.0	2888.9374500316953	0.0	0	0.0	3189.986594956863	1	0	tensor(3, device='cuda:0')	2.778480914905747
176200.0	6000.0	2989.986594956914	0.0	0	251.66521245468175	3189.986594956863	1	0	tensor(3, device='cuda:0')	2.778480914905747
177200.0	6000.0	2989.9865949568966	0.0	0	370.50424438811024	3189.986594956863	1	0	tensor(3, device='cuda:0')	2.778480914905747
178200.0	6000.0	2989.986594956915	0.0	0	398.4781299723254	3189.986594956863	1	0	tensor(3, device='cuda:0')	2.778480914905747
179200.0	6000.0	2989.986594956922	0.0	0	357.9393977227737	3189.986594956863	1	0	tensor(3, device='cuda:0')	2.778480914905747
180200.0	6000.0	2989.986594956903	0.0	0	70.72554370120633	3189.986594956863	1	0	tensor(3, device='cuda:0')	2.778480914905747
181200.0	6000.0	2989.9865949569103	0.0	0	389.73879563398077	3189.986594956863	1	0	tensor(3, device='cuda:0')	2.778480914905747
182200.0	6000.0	2989.986594956911	0.0	0	521.7762208801578	3189.986594956863	1	0	tensor(3, device='cuda:0')	2.778480914905747
183200.0	6000.0	2989.986594956904	0.0	0	641.4170867846988	3189.986594956863	1	0	tensor(3, device='cuda:0')	2.778480914905747
184200.0	6000.0	2989.9865949569303	0.0	0	549.6666147899232	3189.986594956863	1	0	tensor(3, device='cuda:0')	2.778480914905747
185200.0	6000.0	2989.9865949569357	0.0	0	512.5213803295337	3189.986594956834	1	0	tensor(3, device='cuda:0')	2.7784809149057526
186200.0	6000.0	2989.986594956928	0.0	0	356.60487657316844	3189.986594956834	1	0	tensor(3, device='cuda:0')	2.7784809149057526
187200.0	6000.0	2989.986594956912	0.0	0	514.0090709405195	3189.9865949568048	1	0	tensor(3, device='cuda:0')	2.778480914905759
188200.0	6000.0	2989.9865949569385	0.0	0	592.4353773359617	3189.9865949568048	1	0	tensor(3, device='cuda:0')	2.778480914905759
189200.0	6000.0	2989.986594956906	0.0	0	194.6523696735385	3189.9865949568048	1	0	tensor(3, device='cuda:0')	2.778480914905759
190200.0	6000.0	2989.9865949569244	0.0	0	213.4507889978122	3189.9865949568048	1	0	tensor(3, device='cuda:0')	2.778480914905759
191200.0	6000.0	2989.986594956939	0.0	0	536.072357993573	3189.9865949568048	1	0	tensor(3, device='cuda:0')	2.778480914905759
192200.0	6000.0	2989.9865949569275	0.0	0	474.8416919655865	3189.9865949568048	1	0	tensor(3, device='cuda:0')	2.778480914905759
193200.0	6000.0	2989.986594956922	0.0	0	129.5695656236494	3189.9865949567757	1	0	tensor(3, device='cuda:0')	2.7784809149057654
194200.0	6000.0	2989.9865949569003	0.0	0	149.70142522553215	3189.9865949567757	1	0	tensor(3, device='cuda:0')	2.7784809149057654
195255.1065089288	6000.0	2934.880086028098	0.0	0	0.0	3189.9865949568048	1	0	tensor(3, device='cuda:0')	2.778480914905759
196754.49764034784	6000.0	2435.4889546090417	0.0	0	0.0	3189.9865949568048	1	0	tensor(3, device='cuda:0')	2.778480914905759
197891.4106968844	6000.0	2298.5758980724786	0.0	0	0.0	3189.9865949568048	1	0	tensor(3, device='cuda:0')	2.778480914905759
198247.63887592385	3000.0	2906.7249011291065	0.0	0	0.0	3154.363777052873	1	0	tensor(4, device='cuda:0')	1.1267614735640414
199200.0	6000.0	2954.363777052929	0.0	0	370.3195209883561	3154.363777052873	1	0	tensor(3, device='cuda:0')	1.8928462846869347
200200.0	6000.0	2954.363777052899	0.0	0	461.79130348860053	3154.363777052873	1	0	tensor(3, device='cuda:0')	2.7859934652468796
201200.0	6000.0	2954.3637770529044	0.0	0	200.3295974197099	3154.363777052902	1	0	tensor(3, device='cuda:0')	2.785993465246874
202200.0	6000.0	2954.3637770529044	0.0	0	283.5408384614566	3154.363777052902	1	0	tensor(3, device='cuda:0')	2.785993465246874
203200.0	6000.0	2954.363777052892	0.0	0	485.94913760977215	3154.363777052902	1	0	tensor(3, device='cuda:0')	2.785993465246874
204200.0	6000.0	2954.3637770529	0.0	0	403.5478734152857	3154.363777052902	1	0	tensor(3, device='cuda:0')	2.785993465246874
205200.0	6000.0	2954.363777052912	0.0	0	487.6993848074053	3154.363777052902	1	0	tensor(3, device='cuda:0')	2.785993465246874
206200.0	6000.0	2954.3637770529385	0.0	0	218.4315590907354	3154.3637770529313	1	0	tensor(3, device='cuda:0')	2.7859934652468676
207200.0	6000.0	2954.363777052921	0.0	0	438.3562607378699	3154.3637770529313	1	0	tensor(3, device='cuda:0')	2.7859934652468676
208200.0	6000.0	2954.363777052945	0.0	0	376.7333478271903	3154.3637770529313	1	0	tensor(3, device='cuda:0')	2.7859934652468676
209200.0	6000.0	2954.363777052924	0.0	0	260.72189456183696	3154.3637770529313	1	0	tensor(3, device='cuda:0')	2.7859934652468676
210200.0	6000.0	2954.363777052908	0.0	0	457.1990637271665	3154.3637770529313	1	0	tensor(3, device='cuda:0')	2.7859934652468676
211200.0	6000.0	2954.363777052915	0.0	0	409.7079578481498	3154.3637770529313	1	0	tensor(3, device='cuda:0')	2.7859934652468676
212200.0	6000.0	2954.36377705291	0.0	0	293.3546930087032	3154.3637770529313	1	0	tensor(3, device='cuda:0')	2.7859934652468676
213200.0	6000.0	2954.3637770529413	0.0	0	298.6727019556856	3154.3637770529313	1	0	tensor(3, device='cuda:0')	2.7859934652468676
214200.0	6000.0	2954.3637770529103	0.0	0	186.61006823330536	3154.3637770529313	1	0	tensor(3, device='cuda:0')	2.7859934652468676
215200.0	6000.0	2954.363777052897	0.0	0	425.578290875681	3154.363777052902	1	0	tensor(3, device='cuda:0')	2.785993465246874
216200.0	6000.0	2954.363777052887	0.0	0	445.1314066563791	3154.3637770529313	1	0	tensor(3, device='cuda:0')	2.7859934652468676
217200.0	6000.0	2954.363777052886	0.0	0	365.64097120441147	3154.3637770529313	1	0	tensor(3, device='cuda:0')	2.7859934652468676
218200.0	6000.0	2954.3637770528953	0.0	0	198.28044785541715	3154.3637770529313	1	0	tensor(3, device='cuda:0')	2.7859934652468676
219200.0	6000.0	2954.3637770529517	0.0	0	497.3332968589675	3154.3637770529313	1	0	tensor(3, device='cuda:0')	2.7859934652468676
220200.0	6000.0	2954.363777052911	0.0	0	395.791236807534	3154.3637770529313	1	0	tensor(3, device='cuda:0')	2.7859934652468676
221200.0	6000.0	2954.363777052918	0.0	0	304.0310241000552	3154.3637770529313	1	0	tensor(3, device='cuda:0')	2.7859934652468676
222200.0	6000.0	2954.363777052916	0.0	0	510.3104256571678	3154.3637770529313	1	0	tensor(3, device='cuda:0')	2.7859934652468676
223200.0	6000.0	2954.3637770529285	0.0	0	615.5600849497714	3154.3637770529313	1	0	tensor(3, device='cuda:0')	2.7859934652468676
224200.0	6000.0	2954.3637770529504	0.0	0	426.4685507865506	3154.3637770529604	1	0	tensor(3, device='cuda:0')	2.7859934652468614
225200.0	6000.0	2954.3637770529403	0.0	0	383.45137194544077	3154.3637770529604	1	0	tensor(3, device='cuda:0')	2.7859934652468614
226200.0	6000.0	2954.3637770529376	0.0	0	326.5868950514414	3154.3637770529604	1	0	tensor(3, device='cuda:0')	2.7859934652468614
227200.0	6000.0	2954.3637770529513	0.0	0	472.33206970841275	3154.3637770529604	1	0	tensor(3, device='cuda:0')	2.7859934652468614
228200.0	6000.0	2954.363777052917	0.0	0	387.9496702364995	3154.3637770529604	1	0	tensor(3, device='cuda:0')	2.7859934652468614
229200.0	6000.0	2954.363777052932	0.0	0	404.5680045761401	3154.3637770529604	1	0	tensor(3, device='cuda:0')	2.7859934652468614
230200.0	6000.0	2954.3637770529285	0.0	0	11.424202735623112	3154.3637770529313	1	0	tensor(3, device='cuda:0')	2.7859934652468676
231200.0	6000.0	2954.3637770529517	0.0	0	181.05564510956174	3154.3637770529604	1	0	tensor(3, device='cuda:0')	2.7859934652468614
232200.0	6000.0	2954.3637770529385	0.0	0	438.4381198664487	3154.3637770529604	1	0	tensor(3, device='cuda:0')	2.7859934652468614
233200.0	6000.0	2954.3637770529813	0.0	0	521.5039582485624	3154.3637770529604	1	0	tensor(3, device='cuda:0')	2.7859934652468614
234200.0	6000.0	2954.3637770529886	0.0	0	362.77814182129805	3154.3637770529604	1	0	tensor(3, device='cuda:0')	2.7859934652468614
235200.0	6000.0	2954.3637770529826	0.0	0	35.82330340164481	3154.3637770529313	1	0	tensor(3, device='cuda:0')	2.7859934652468676
236200.0	6000.0	2954.3637770529817	0.0	0	251.20694618846755	3154.3637770529604	1	0	tensor(3, device='cuda:0')	2.7859934652468614
237200.0	6000.0	2954.3637770530027	0.0	0	233.25786302241613	3154.3637770529313	1	0	tensor(3, device='cuda:0')	2.7859934652468676
238200.0	6000.0	2954.3637770529863	0.0	0	317.8969060621457	3154.3637770529313	1	0	tensor(3, device='cuda:0')	2.7859934652468676
239200.0	6000.0	2954.363777052978	0.0	0	377.37276523088804	3154.363777052902	1	0	tensor(3, device='cuda:0')	2.785993465246874
240200.0	6000.0	2954.3637770529654	0.0	0	490.5973894420313	3154.363777052902	1	0	tensor(3, device='cuda:0')	2.785993465246874
241200.0	6000.0	2954.3637770529945	0.0	0	181.8689102117205	3154.363777052902	1	0	tensor(3, device='cuda:0')	2.785993465246874
242200.0	6000.0	2954.3637770530063	0.0	0	26.335012177325552	3154.3637770529313	1	0	tensor(3, device='cuda:0')	2.7859934652468676
243200.0	6000.0	2954.3637770529904	0.0	0	60.18065649809432	3154.3637770529313	1	0	tensor(3, device='cuda:0')	2.7859934652468676
244430.12032569235	6000.0	2724.243451360649	0.0	0	0.0	3154.3637770529313	1	0	tensor(3, device='cuda:0')	2.7859934652468676
245563.57065978847	6000.0	2590.793117264548	0.0	0	0.0	3154.3637770529604	1	0	tensor(3, device='cuda:0')	2.7859934652468614
246200.0	6000.0	2954.363777053043	0.0	0	145.57499428509618	3154.3637770529604	1	0	tensor(3, device='cuda:0')	2.7859934652468614
247200.0	6000.0	2954.3637770530263	0.0	0	279.3586152357457	3154.3637770529313	1	0	tensor(3, device='cuda:0')	2.7859934652468676
248200.0	6000.0	2954.363777053022	0.0	0	260.37983507770696	3154.3637770529313	1	0	tensor(3, device='cuda:0')	2.7859934652468676
249200.0	6000.0	2954.363777053009	0.0	0	214.6910639962589	3154.3637770529313	1	0	tensor(3, device='cuda:0')	2.7859934652468676
250200.0	6000.0	2954.363777053018	0.0	0	149.34450428714626	3154.363777052902	1	0	tensor(3, device='cuda:0')	2.785993465246874
251200.0	6000.0	2954.363777053007	0.0	0	329.50104678279604	3154.363777052902	1	0	tensor(3, device='cuda:0')	2.785993465246874
252200.0	6000.0	2954.3637770529995	0.0	0	381.11576622203575	3154.363777052873	1	0	tensor(3, device='cuda:0')	2.7859934652468796
253200.0	6000.0	2954.3637770530086	0.0	0	257.858188188402	3154.363777052873	1	0	tensor(3, device='cuda:0')	2.7859934652468796
254200.0	6000.0	2954.363777052993	0.0	0	563.501345580793	3154.363777052873	1	0	tensor(3, device='cuda:0')	2.7859934652468796
255200.0	6000.0	2954.363777053019	0.0	0	303.2221863589948	3154.363777052873	1	0	tensor(3, device='cuda:0')	2.7859934652468796
256200.0	6000.0	2954.3637770530368	0.0	0	370.7345104100823	3154.363777052873	1	0	tensor(3, device='cuda:0')	2.7859934652468796
257200.0	6000.0	2954.3637770530427	0.0	0	389.4812149576028	3154.363777052844	1	0	tensor(3, device='cuda:0')	2.785993465246886
258200.0	6000.0	2954.3637770530513	0.0	0	513.7875931811868	3154.363777052873	1	0	tensor(3, device='cuda:0')	2.7859934652468796
259200.0	6000.0	2954.363777053032	0.0	0	432.88924920692807	3154.363777052844	1	0	tensor(3, device='cuda:0')	2.785993465246886
260200.0	6000.0	2954.363777053027	0.0	0	201.67947438036208	3154.363777052844	1	0	tensor(3, device='cuda:0')	2.785993465246886
261200.0	6000.0	2954.363777053035	0.0	0	452.0454785741167	3154.363777052844	1	0	tensor(3, device='cuda:0')	2.785993465246886
262200.0	6000.0	2954.3637770529936	0.0	0	621.1866039583401	3154.363777052844	1	0	tensor(3, device='cuda:0')	2.785993465246886
263200.0	6000.0	2954.36377705296	0.0	0	359.1953172465437	3154.363777052844	1	0	tensor(3, device='cuda:0')	2.785993465246887
264200.0	6000.0	2954.3637770529904	0.0	0	336.502923429769	3154.363777052844	1	0	tensor(3, device='cuda:0')	2.7859934652468907
265200.0	6000.0	2954.3637770529813	0.0	0	99.35101154743461	3154.363777052815	1	0	tensor(3, device='cuda:0')	2.7859934652468885
266200.0	6000.0	2954.3637770530263	0.0	0	155.14796680782456	3154.3637770527857	1	0	tensor(3, device='cuda:0')	2.7859934652468983
267200.0	6000.0	2954.3637770529654	0.0	0	478.2263116163085	3154.3637770527857	1	0	tensor(3, device='cuda:0')	2.7859934652468983
268200.0	6000.0	2954.363777052961	0.0	0	392.23320978105767	3154.363777052844	1	0	tensor(3, device='cuda:0')	2.785993465246886
269200.0	6000.0	2954.363777053004	0.0	0	252.83369946607854	3154.363777052844	1	0	tensor(3, device='cuda:0')	2.785993465246886
270200.0	6000.0	2954.363777052953	0.0	0	360.0035931848106	3154.363777052844	1	0	tensor(3, device='cuda:0')	2.785993465246886
271200.0	6000.0	2954.363777052949	0.0	0	322.306361051742	3154.363777052844	1	0	tensor(3, device='cuda:0')	2.785993465246886
272200.0	6000.0	2954.363777052932	0.0	0	405.8763028473477	3154.363777052844	1	0	tensor(3, device='cuda:0')	2.785993465246886
273200.0	6000.0	2954.363777052875	0.0	0	593.4730781125836	3154.363777052844	1	0	tensor(3, device='cuda:0')	2.785993465246886
274200.0	6000.0	2954.363777052864	0.0	0	514.5776249097544	3154.363777052844	1	0	tensor(3, device='cuda:0')	2.785993465246886
275200.0	6000.0	2954.363777052845	0.0	0	407.018380057998	3154.363777052844	1	0	tensor(3, device='cuda:0')	2.785993465246886
276200.0	6000.0	2954.3637770528244	0.0	0	429.94858050200855	3154.363777052844	1	0	tensor(3, device='cuda:0')	2.785993465246886
277200.0	6000.0	2954.3637770528394	0.0	0	350.937353828107	3154.363777052844	1	0	tensor(3, device='cuda:0')	2.785993465246886
278200.0	6000.0	2954.3637770528076	0.0	0	208.14225672377506	3154.363777052844	1	0	tensor(3, device='cuda:0')	2.785993465246886
279200.0	6000.0	2954.363777052787	0.0	0	227.1686082992237	3154.363777052844	1	0	tensor(3, device='cuda:0')	2.785993465246886
280200.0	6000.0	2954.363777052748	0.0	0	194.10453165508807	3154.363777052844	1	0	tensor(3, device='cuda:0')	2.785993465246886
281200.0	6000.0	2954.3637770527753	0.0	0	324.87611396965804	3154.363777052844	1	0	tensor(3, device='cuda:0')	2.785993465246886
282200.0	6000.0	2954.3637770528235	0.0	0	398.4181664089556	3154.363777052902	1	0	tensor(3, device='cuda:0')	2.785993465246874
283200.0	6000.0	2954.3637770528267	0.0	0	469.0781087888754	3154.363777052902	1	0	tensor(3, device='cuda:0')	2.785993465246874
284200.0	6000.0	2954.3637770528285	0.0	0	415.64656311733415	3154.363777052902	1	0	tensor(3, device='cuda:0')	2.785993465246874
285200.0	6000.0	2954.3637770528376	0.0	0	561.4372838888667	3154.363777052902	1	0	tensor(3, device='cuda:0')	2.785993465246874
286200.0	6000.0	2954.3637770528226	0.0	0	282.3088004128076	3154.3637770529604	1	0	tensor(3, device='cuda:0')	2.7859934652468614
287200.0	6000.0	2954.3637770528167	0.0	0	325.4383057302912	3154.3637770529604	1	0	tensor(3, device='cuda:0')	2.7859934652468614
288200.0	6000.0	2954.363777052773	0.0	0	148.5484364076401	3154.363777052902	1	0	tensor(3, device='cuda:0')	2.785993465246874
289200.0	6000.0	2954.36377705278	0.0	0	418.1288164067082	3154.363777052902	1	0	tensor(3, device='cuda:0')	2.785993465246874
290200.0	6000.0	2954.3637770528057	0.0	0	214.41133841563715	3154.363777052902	1	0	tensor(3, device='cuda:0')	2.785993465246874
291200.0	6000.0	2954.3637770528185	0.0	0	114.27110009203898	3154.363777052902	1	0	tensor(3, device='cuda:0')	2.785993465246874
292200.0	6000.0	2954.3637770528558	0.0	0	53.94952798058512	3154.363777052902	1	0	tensor(3, device='cuda:0')	2.785993465246874
293200.0	6000.0	2954.363777052907	0.0	0	96.69734127126867	3154.363777052902	1	0	tensor(3, device='cuda:0')	2.785993465246874
294200.0	6000.0	2954.3637770529904	0.0	0	131.5855399213615	3154.3637770529604	1	0	tensor(3, device='cuda:0')	2.7859934652468614
295200.0	6000.0	2954.3637770529112	0.0	0	230.3021141748759	3154.3637770529604	1	0	tensor(3, device='cuda:0')	2.7859934652468614
296200.0	6000.0	2954.3637770529144	0.0	0	329.6181418480119	3154.3637770529604	1	0	tensor(3, device='cuda:0')	2.7859934652468614
297200.0	6000.0	2954.3637770529112	0.0	0	482.7076699754107	3154.3637770529604	1	0	tensor(3, device='cuda:0')	2.7859934652468614
298200.0	6000.0	2954.3637770529467	0.0	0	482.598452631908	3154.3637770529604	1	0	tensor(3, device='cuda:0')	2.7859934652468614
299200.0	6000.0	2954.363777052912	0.0	0	403.94980027811835	3154.3637770529604	1	0	tensor(3, device='cuda:0')	2.7859934652468614
300200.0	6000.0	2954.363777052974	0.0	0	425.92689850524766	3154.3637770529604	1	0	tensor(3, device='cuda:0')	2.7859934652468614
8.12	8.22	7.32	6.78	9.36	12.9	8.32	7.18	9.17	9.96	12.8	16.8	12.9	12.6	8.5	8.41	8.25	9.31	9.34	8.7	7.85	10.9	11.3	9.6	9.08	12.2	11.4	12.7	8.05	8.22	8.34	8.09	7.78	8.91	10.8	13.7	11.0	12.4	13.3	17.9	11.4	15.2	12.1	8.69	5.39	5.97	6.23	6.82	6.68	7.97	8.72	8.86	14.8	15.6	10.2	10.7	8.92	9.73	13.6	7.11	9.31	9.97	13.8	10.2	11.2	7.27	7.98	13.2	8.33	7.41	9.68	10.1	10.0	9.09	14.3	12.4	11.4	11.9	12.2	10.4	7.31	7.82	8.36	10.2	7.38	7.61	12.2	13.0	9.14	8.69	9.41	9.53	9.58	10.7	11.9	10.9	11.2	10.0	12.3	13.6	10.5	14.7	15.0	10.1	10.4	10.3	5.26	6.26	8.21	11.8	11.5	12.8	6.92	6.81	10.1	11.8	13.5	12.6	11.2	11.2	13.1	7.55	7.55	9.49	12.6	17.9	11.6	8.95	12.9	10.9	9.64	12.0	8.27	8.2	12.6	10.8	7.82	8.21	7.07	12.5	15.8	12.2	7.07	7.97	11.1	9.22	7.95	10.5	7.14	6.8	7.23	11.1	8.78	8.88	13.1	8.9	13.6	13.3	11.4	13.4	13.7	7.88	9.44	10.1	13.5	20.5	13.6	8.82	5.56	8.19	7.47	6.3	9.71	11.5	15.6	7.55	7.41	9.49	15.2	19.9	13.1	13.2	10.9	13.3	12.8	12.0	6.49	9.96	11.6	9.16	8.24	6.71	7.53	4.32	5.06	11.0	13.4	8.16	5.49	10.2	8.25	11.1	11.0	9.39	8.55	7.56	11.6	7.32	9.99	6.15	9.29	8.75	11.5	8.27	10.2	10.9	11.4	12.3	10.5	13.6	9.85	11.1	12.2	12.3	11.9	9.37	7.63	6.26	10.7	13.7	15.1	8.73	8.47	9.19	11.6	7.44	11.7	9.75	9.41	7.1	5.37	6.23	5.75	11.6	10.8	9.89	7.66	9.71	8.18	11.2	11.8	9.09	11.1	10.1	11.7	9.29	8.83	12.0	12.6	13.0	8.53	8.25	6.36	11.8	11.0	9.77	8.02	9.3	11.7	14.8	15.2	10.9	11.2	13.1	11.1	10.4	8.83	10.4	13.1	11.2	9.93	13.3	9.99	7.02	9.02	8.78	8.71	9.26	7.9	8.39	7.7	10.0	9.0	10.7	9.23	12.0	14.7	10.6	7.62	6.17	6.04
781.0	782.0	783.0	784.0	785.0	786.0	787.0	788.0	789.0	790.0	791.0	792.0	793.0	794.0	795.0	796.0	797.0	798.0	799.0	800.0	801.0	802.0	803.0	804.0	805.0	806.0	807.0	808.0	809.0	810.0	811.0	812.0	813.0	814.0	815.0	816.0	817.0	818.0	819.0	820.0	821.0	822.0	823.0	824.0	825.0	826.0	827.0	828.0	829.0	830.0	831.0	832.0	833.0	834.0	835.0	836.0	837.0	838.0	839.0	840.0	841.0	842.0	843.0	844.0	845.0	846.0	847.0	848.0	849.0	850.0	851.0	852.0	853.0	854.0	855.0	856.0	857.0	858.0	859.0	860.0	861.0	862.0	863.0	864.0	865.0	866.0	867.0	868.0	869.0	870.0	871.0	872.0	873.0	874.0	875.0	876.0	877.0	878.0	879.0	880.0	881.0	882.0	883.0	884.0	885.0	886.0	887.0	888.0	889.0	890.0	891.0	892.0	893.0	894.0	895.0	896.0	897.0	898.0	899.0	900.0	901.0	902.0	903.0	904.0	905.0	906.0	907.0	908.0	909.0	910.0	911.0	912.0	913.0	914.0	915.0	916.0	917.0	918.0	919.0	920.0	921.0	922.0	923.0	924.0	925.0	926.0	927.0	928.0	929.0	930.0	931.0	932.0	933.0	934.0	935.0	936.0	937.0	938.0	939.0	940.0	941.0	942.0	943.0	944.0	945.0	946.0	947.0	948.0	949.0	950.0	951.0	952.0	953.0	954.0	955.0	956.0	957.0	958.0	959.0	960.0	961.0	962.0	963.0	964.0	965.0	966.0	967.0	968.0	969.0	970.0	971.0	972.0	973.0	974.0	975.0	976.0	977.0	978.0	979.0	980.0	981.0	982.0	983.0	984.0	985.0	986.0	987.0	988.0	989.0	990.0	991.0	992.0	993.0	994.0	995.0	996.0	997.0	998.0	999.0	1000.0	1001.0	1002.0	1003.0	1004.0	1005.0	1006.0	1007.0	1008.0	1009.0	1010.0	1011.0	1012.0	1013.0	1014.0	1015.0	1016.0	1017.0	1018.0	1019.0	1020.0	1021.0	1022.0	1023.0	1024.0	1025.0	1026.0	1027.0	1028.0	1029.0	1030.0	1031.0	1032.0	1033.0	1034.0	1035.0	1036.0	1037.0	1038.0	1039.0	1040.0	1041.0	1042.0	1043.0	1044.0	1045.0	1046.0	1047.0	1048.0	1049.0	1050.0	1051.0	1052.0	1053.0	1054.0	1055.0	1056.0	1057.0	1058.0	1059.0	1060.0	1061.0	1062.0	1063.0	1064.0	1065.0	1066.0	1067.0	1068.0	1069.0	1070.0	1071.0	1072.0	1073.0	1074.0	1075.0	1076.0	1077.0	1078.0	1079.0	1080.0	1081.0
2717.0
