8246.308708900053	1000.0	2000.0	121.78149008340988	0	0.0	5246.308708900053	1	0	tensor(6, device='cuda:0')	-10.981428404661923
8537.798920020918	3000.0	2679.360767767049	0.0	0	0.0	5217.159687787966	1	0	tensor(4, device='cuda:0')	-0.30524303369351763
9503.717448735977	6000.0	2713.4422390519894	0.0	0	0.0	5217.159687787966	1	0	tensor(3, device='cuda:0')	0.8576433582849214
10618.42651697091	6000.0	2598.7331708170564	0.0	0	0.0	5217.1596877879665	1	0	tensor(3, device='cuda:0')	1.7507905388448664
11385.511384560432	6000.0	2831.6483032275355	0.0	0	0.0	5217.159687787968	1	0	tensor(3, device='cuda:0')	1.7507905388448648
11968.209478236402	6000.0	3248.9502095515677	0.0	0	0.0	5217.15968778797	1	0	tensor(3, device='cuda:0')	1.7507905388448637
12464.554340956305	6000.0	3752.6053468316645	0.0	0	0.0	5217.159687787968	1	0	tensor(3, device='cuda:0')	1.7507905388448637
13070.265803960352	6000.0	4146.893883827619	0.0	0	0.0	5217.15968778797	1	0	tensor(3, device='cuda:0')	1.7507905388448632
13843.621539183789	6000.0	4373.538148604183	0.0	0	0.0	5217.159687787969	1	0	tensor(3, device='cuda:0')	1.7507905388448637
14532.972842648613	6000.0	4684.186845139358	0.0	0	0.0	5217.159687787971	1	0	tensor(3, device='cuda:0')	1.7507905388448621
15493.81588260159	6000.0	4723.343805186382	0.0	0	0.0	5217.159687787973	1	0	tensor(3, device='cuda:0')	1.7507905388448608
16475.327403930358	6000.0	4741.832283857615	0.0	0	0.0	5217.159687787973	1	0	tensor(3, device='cuda:0')	1.7507905388448608
17331.51005504537	6000.0	4885.6496327425975	0.0	0	0.0	5217.159687787967	1	0	tensor(3, device='cuda:0')	1.7507905388448635
18200.0	6000.0	5017.159687787972	0.0	0	344.2600234385827	5217.159687787969	1	0	tensor(3, device='cuda:0')	1.750790538844866
19200.0	6000.0	5017.159687787974	0.0	0	587.2685909105458	5217.159687787973	1	0	tensor(3, device='cuda:0')	1.7507905388448615
20200.0	6000.0	5017.1596877879765	0.0	0	524.4251243967374	5217.159687787978	1	0	tensor(3, device='cuda:0')	1.7507905388448575
21200.0	6000.0	5017.159687787971	0.0	0	584.0996705898033	5217.159687787975	1	0	tensor(3, device='cuda:0')	1.7507905388448592
22200.0	6000.0	5017.159687787974	0.0	0	478.99294351975186	5217.159687787975	1	0	tensor(3, device='cuda:0')	1.7507905388448592
23200.0	6000.0	5017.159687787974	0.0	0	297.9219907017723	5217.159687787975	1	0	tensor(3, device='cuda:0')	1.7507905388448592
24200.0	6000.0	5017.159687787977	0.0	0	322.4386492708254	5217.159687787975	1	0	tensor(3, device='cuda:0')	1.7507905388448592
25200.0	6000.0	5017.1596877879765	0.0	0	651.3358687977343	5217.159687787971	1	0	tensor(3, device='cuda:0')	1.7507905388448621
26200.0	6000.0	5017.159687787977	0.0	0	583.5078852918487	5217.159687787971	1	0	tensor(3, device='cuda:0')	1.7507905388448621
27200.0	6000.0	5017.159687787978	0.0	0	504.26352851694537	5217.159687787971	1	0	tensor(3, device='cuda:0')	1.7507905388448621
28200.0	6000.0	5017.159687787977	0.0	0	189.91848989804203	5217.159687787967	1	0	tensor(3, device='cuda:0')	1.7507905388448652
29200.0	6000.0	5017.15968778798	0.0	0	130.85236394058302	5217.159687787967	1	0	tensor(3, device='cuda:0')	1.7507905388448652
30200.0	6000.0	5017.159687787979	0.0	0	453.9422965143094	5217.159687787967	1	0	tensor(3, device='cuda:0')	1.7507905388448652
31200.0	6000.0	5017.159687787981	0.0	0	470.6598898690172	5217.159687787967	1	0	tensor(3, device='cuda:0')	1.7507905388448652
32200.0	6000.0	5017.159687787977	0.0	0	158.83321584351506	5217.159687787967	1	0	tensor(3, device='cuda:0')	1.7507905388448652
33200.0	6000.0	5017.159687787983	0.0	0	147.26383886147232	5217.159687787967	1	0	tensor(3, device='cuda:0')	1.7507905388448657
34200.0	6000.0	5017.159687787985	0.0	0	327.176678588934	5217.159687787971	1	0	tensor(3, device='cuda:0')	1.750790538844865
35200.0	6000.0	5017.159687787994	0.0	0	517.147569133238	5217.159687787978	1	0	tensor(3, device='cuda:0')	1.7507905388448597
36200.0	6000.0	5017.1596877879965	0.0	0	541.5803792840306	5217.159687787978	1	0	tensor(3, device='cuda:0')	1.7507905388448561
37200.0	6000.0	5017.159687787987	0.0	0	227.2524286528278	5217.159687787967	1	0	tensor(3, device='cuda:0')	1.7507905388448604
38227.288161699646	6000.0	4989.871526088341	0.0	0	0.0	5217.159687787971	1	0	tensor(3, device='cuda:0')	1.7507905388448632
39200.0	6000.0	5017.159687787978	0.0	0	343.71585485572723	5217.159687787971	1	0	tensor(3, device='cuda:0')	1.7507905388448621
40200.0	6000.0	5017.159687787985	0.0	0	367.67213809753594	5217.159687787971	1	0	tensor(3, device='cuda:0')	1.7507905388448621
41200.0	6000.0	5017.159687787982	0.0	0	415.669642593115	5217.159687787971	1	0	tensor(3, device='cuda:0')	1.7507905388448621
42200.0	6000.0	5017.1596877879865	0.0	0	359.1538467352075	5217.159687787971	1	0	tensor(3, device='cuda:0')	1.7507905388448621
43312.97079274749	6000.0	4904.188895040506	0.0	0	0.0	5217.159687787978	1	0	tensor(3, device='cuda:0')	1.7507905388448557
44417.21761310394	6000.0	4799.9420746840515	0.0	0	0.0	5217.159687787978	1	0	tensor(3, device='cuda:0')	1.7507905388448557
45200.0	6000.0	5017.159687787988	0.0	0	27.088201280363137	5217.159687787978	1	0	tensor(3, device='cuda:0')	1.7507905388448557
46200.0	6000.0	5017.159687787996	0.0	0	237.54029718175298	5217.159687787978	1	0	tensor(3, device='cuda:0')	1.7507905388448557
47200.0	6000.0	5017.159687788002	0.0	0	340.8651118175985	5217.159687787978	1	0	tensor(3, device='cuda:0')	1.7507905388448557
48200.0	6000.0	5017.159687788005	0.0	0	294.5053933889649	5217.159687787978	1	0	tensor(3, device='cuda:0')	1.7507905388448557
49201.67579926353	6000.0	5015.483888524483	0.0	0	0.0	5217.159687787978	1	0	tensor(3, device='cuda:0')	1.7507905388448557
50200.0	6000.0	5017.159687788012	0.0	0	474.7522574680261	5217.159687787978	1	0	tensor(3, device='cuda:0')	1.7507905388448557
51200.0	6000.0	5017.159687788005	0.0	0	97.23227897382458	5217.159687787971	1	0	tensor(3, device='cuda:0')	1.7507905388448621
52200.0	6000.0	5017.159687788001	0.0	0	367.8403092177541	5217.159687787971	1	0	tensor(3, device='cuda:0')	1.7507905388448621
53258.872263596924	6000.0	4958.287424191078	0.0	0	0.0	5217.159687787971	1	0	tensor(3, device='cuda:0')	1.7507905388448621
54200.0	6000.0	5017.159687787997	0.0	0	466.79052082329144	5217.159687787964	1	0	tensor(3, device='cuda:0')	1.7507905388448681
55200.0	6000.0	5017.159687788	0.0	0	392.5289424004586	5217.1596877879565	1	0	tensor(3, device='cuda:0')	1.7507905388448743
56200.0	6000.0	5017.159687788005	0.0	0	300.4273874000646	5217.159687787949	1	0	tensor(3, device='cuda:0')	1.7507905388448814
57200.0	6000.0	5017.159687788004	0.0	0	600.7475325827181	5217.159687787949	1	0	tensor(3, device='cuda:0')	1.7507905388448814
58200.0	6000.0	5017.159687788005	0.0	0	505.62655230937526	5217.159687787949	1	0	tensor(3, device='cuda:0')	1.7507905388448814
59200.0	6000.0	5017.159687788004	0.0	0	443.54458528656687	5217.1596877879565	1	0	tensor(3, device='cuda:0')	1.7507905388448743
60200.0	6000.0	5017.159687788	0.0	0	577.8873646185384	5217.1596877879565	1	0	tensor(3, device='cuda:0')	1.7507905388448743
61200.0	6000.0	5017.159687787998	0.0	0	553.8743853936539	5217.1596877879565	1	0	tensor(3, device='cuda:0')	1.7507905388448743
62216.486040107964	6000.0	5000.673647680038	0.0	0	0.0	5217.1596877879565	1	0	tensor(3, device='cuda:0')	1.7507905388448743
63200.0	6000.0	5017.159687788009	0.0	0	155.36216941446037	5217.159687787964	1	0	tensor(3, device='cuda:0')	1.7507905388448681
64200.0	6000.0	5017.159687788004	0.0	0	203.0578824320546	5217.159687787964	1	0	tensor(3, device='cuda:0')	1.7507905388448681
65200.0	6000.0	5017.159687788	0.0	0	40.2401140545262	5217.159687787964	1	0	tensor(3, device='cuda:0')	1.7507905388448681
66200.0	6000.0	5017.159687787992	0.0	0	153.64734740165295	5217.159687787949	1	0	tensor(3, device='cuda:0')	1.750790538844877
67314.01870291299	6000.0	4903.140984875009	0.0	0	0.0	5217.159687787949	1	0	tensor(3, device='cuda:0')	1.7507905388448801
68254.45164354212	6000.0	4962.708044245878	0.0	0	0.0	5217.1596877879565	1	0	tensor(3, device='cuda:0')	1.7507905388448743
69200.0	6000.0	5017.1596877880065	0.0	0	174.18067366340256	5217.1596877879565	1	0	tensor(3, device='cuda:0')	1.75079053884488
70200.0	6000.0	5017.159687788005	0.0	0	415.8520024606405	5217.1596877879565	1	0	tensor(3, device='cuda:0')	1.7507905388448746
71200.0	6000.0	5017.159687787997	0.0	0	262.69703081400075	5217.159687787949	1	0	tensor(3, device='cuda:0')	1.7507905388448801
72212.5880198361	6000.0	5004.571667951897	0.0	0	0.0	5217.159687787949	1	0	tensor(3, device='cuda:0')	1.7507905388448814
73200.0	6000.0	5017.159687787983	0.0	0	119.64310393274354	5217.159687787949	1	0	tensor(3, device='cuda:0')	1.7507905388448814
74200.0	6000.0	5017.1596877879965	0.0	0	203.7924810814293	5217.159687787949	1	0	tensor(3, device='cuda:0')	1.7507905388448814
75381.0341917442	6000.0	4836.125496043808	0.0	0	0.0	5217.159687787935	1	0	tensor(3, device='cuda:0')	1.7507905388448934
76299.81069515103	6000.0	4917.34899263698	0.0	0	0.0	5217.159687787935	1	0	tensor(3, device='cuda:0')	1.7507905388448934
77200.0	6000.0	5017.159687787999	0.0	0	53.389208675944246	5217.159687787935	1	0	tensor(3, device='cuda:0')	1.7507905388448934
78200.0	6000.0	5017.15968778799	0.0	0	365.0325270535832	5217.159687787935	1	0	tensor(3, device='cuda:0')	1.7507905388448934
79200.0	6000.0	5017.159687788	0.0	0	328.5714843127498	5217.159687787935	1	0	tensor(3, device='cuda:0')	1.7507905388448934
80200.0	6000.0	5017.159687788005	0.0	0	245.24752697708027	5217.159687787935	1	0	tensor(3, device='cuda:0')	1.7507905388448934
81200.0	6000.0	5017.159687788001	0.0	0	502.09132535882236	5217.159687787935	1	0	tensor(3, device='cuda:0')	1.7507905388448934
82200.0	6000.0	5017.159687787993	0.0	0	603.8403663430072	5217.159687787935	1	0	tensor(3, device='cuda:0')	1.7507905388448934
83200.0	6000.0	5017.159687787985	0.0	0	386.5001302932069	5217.159687787935	1	0	tensor(3, device='cuda:0')	1.7507905388448934
84200.0	6000.0	5017.159687787988	0.0	0	552.0636471798643	5217.159687787935	1	0	tensor(3, device='cuda:0')	1.7507905388448934
85200.0	6000.0	5017.1596877880065	0.0	0	593.980330114573	5217.159687787935	1	0	tensor(3, device='cuda:0')	1.7507905388448934
86200.0	6000.0	5017.159687788024	0.0	0	476.4953832600877	5217.159687787949	1	0	tensor(3, device='cuda:0')	1.7507905388448814
87200.0	6000.0	5017.159687788014	0.0	0	478.2234930522245	5217.159687787949	1	0	tensor(3, device='cuda:0')	1.7507905388448814
88329.27963535956	6000.0	4887.880052428459	0.0	0	0.0	5217.159687787949	1	0	tensor(3, device='cuda:0')	1.7507905388448814
89332.62452688684	6000.0	4884.535160901185	0.0	0	0.0	5217.159687787935	1	0	tensor(3, device='cuda:0')	1.7507905388448934
90200.0	6000.0	5017.159687788015	0.0	0	251.95449208708305	5217.159687787935	1	0	tensor(3, device='cuda:0')	1.7507905388448934
91200.0	6000.0	5017.159687788013	0.0	0	283.27190338331275	5217.159687787935	1	0	tensor(3, device='cuda:0')	1.7507905388448934
92200.0	6000.0	5017.159687788016	0.0	0	410.20775552467967	5217.15968778792	1	0	tensor(3, device='cuda:0')	1.7507905388449059
93200.0	6000.0	5017.159687788009	0.0	0	437.81381332116143	5217.15968778792	1	0	tensor(3, device='cuda:0')	1.7507905388449059
94200.0	6000.0	5017.159687788023	0.0	0	378.7283093271253	5217.15968778792	1	0	tensor(3, device='cuda:0')	1.7507905388449059
95200.0	6000.0	5017.159687788025	0.0	0	413.0568165730947	5217.159687787906	1	0	tensor(3, device='cuda:0')	1.7507905388449188
96200.0	6000.0	5017.159687788015	0.0	0	421.07482551428257	5217.159687787906	1	0	tensor(3, device='cuda:0')	1.7507905388449188
97200.0	6000.0	5017.1596877879965	0.0	0	515.560861333448	5217.159687787891	1	0	tensor(3, device='cuda:0')	1.750790538844931
98200.0	6000.0	5017.1596877879965	0.0	0	379.94874217502365	5217.159687787891	1	0	tensor(3, device='cuda:0')	1.750790538844931
99200.0	6000.0	5017.159687787997	0.0	0	523.5879515487031	5217.159687787891	1	0	tensor(3, device='cuda:0')	1.750790538844931
100291.18692520203	6000.0	4925.972762585967	0.0	0	0.0	5217.159687787891	1	0	tensor(3, device='cuda:0')	1.750790538844931
101200.0	6000.0	5017.159687787993	0.0	0	464.8094741774403	5217.159687787891	1	0	tensor(3, device='cuda:0')	1.750790538844931
102200.0	6000.0	5017.1596877880165	0.0	0	531.5609292225126	5217.159687787906	1	0	tensor(3, device='cuda:0')	1.7507905388449188
103200.0	6000.0	5017.159687788005	0.0	0	590.1793624021811	5217.159687787906	1	0	tensor(3, device='cuda:0')	1.7507905388449188
104200.0	6000.0	5017.159687787998	0.0	0	555.7861327323044	5217.159687787906	1	0	tensor(3, device='cuda:0')	1.7507905388449188
105200.0	6000.0	5017.159687787984	0.0	0	584.0510338844178	5217.159687787891	1	0	tensor(3, device='cuda:0')	1.750790538844931
106200.0	6000.0	5017.159687787984	0.0	0	444.83566321551916	5217.159687787891	1	0	tensor(3, device='cuda:0')	1.750790538844931
107200.0	6000.0	5017.159687787983	0.0	0	428.63074675349344	5217.1596877878765	1	0	tensor(3, device='cuda:0')	1.750790538844944
108200.0	6000.0	5017.159687787992	0.0	0	86.12418983326643	5217.1596877878765	1	0	tensor(3, device='cuda:0')	1.750790538844944
109200.0	6000.0	5017.15968778797	0.0	0	367.63929681181617	5217.1596877878765	1	0	tensor(3, device='cuda:0')	1.750790538844944
110200.0	6000.0	5017.159687787958	0.0	0	426.7036979818804	5217.1596877878765	1	0	tensor(3, device='cuda:0')	1.750790538844944
111200.0	6000.0	5017.159687787963	0.0	0	75.8807375342003	5217.159687787862	1	0	tensor(3, device='cuda:0')	1.7507905388449563
112200.0	6000.0	5017.159687787961	0.0	0	196.75912463120767	5217.159687787862	1	0	tensor(3, device='cuda:0')	1.7507905388449563
113200.0	6000.0	5017.159687787956	0.0	0	95.31928423314821	5217.159687787862	1	0	tensor(3, device='cuda:0')	1.7507905388449563
114200.0	6000.0	5017.15968778796	0.0	0	56.33693922001112	5217.159687787862	1	0	tensor(3, device='cuda:0')	1.7507905388449563
115200.0	6000.0	5017.159687787969	0.0	0	271.14239537094545	5217.159687787862	1	0	tensor(3, device='cuda:0')	1.7507905388449563
116200.0	6000.0	5017.159687787952	0.0	0	368.21396239435126	5217.159687787862	1	0	tensor(3, device='cuda:0')	1.7507905388449563
117200.0	6000.0	5017.159687787959	0.0	0	570.560201368673	5217.159687787862	1	0	tensor(3, device='cuda:0')	1.7507905388449563
118200.0	6000.0	5017.159687787972	0.0	0	649.2636483264214	5217.1596877878765	1	0	tensor(3, device='cuda:0')	1.750790538844944
119200.0	6000.0	5017.159687787966	0.0	0	346.481563276815	5217.1596877878765	1	0	tensor(3, device='cuda:0')	1.750790538844944
120200.0	6000.0	5017.15968778798	0.0	0	501.51294246352336	5217.1596877878765	1	0	tensor(3, device='cuda:0')	1.750790538844944
121200.0	6000.0	5017.15968778798	0.0	0	84.44350846159796	5217.1596877878765	1	0	tensor(3, device='cuda:0')	1.750790538844944
122200.0	6000.0	5017.159687787997	0.0	0	288.64003009432054	5217.1596877878765	1	0	tensor(3, device='cuda:0')	1.750790538844944
123200.0	6000.0	5017.1596877879965	0.0	0	398.6131039750908	5217.1596877878765	1	0	tensor(3, device='cuda:0')	1.750790538844944
124200.0	6000.0	5017.159687787997	0.0	0	337.00747654328006	5217.1596877878765	1	0	tensor(3, device='cuda:0')	1.750790538844944
125200.0	6000.0	5017.159687787995	0.0	0	589.1430986271444	5217.159687787891	1	0	tensor(3, device='cuda:0')	1.750790538844931
126200.0	6000.0	5017.159687787999	0.0	0	310.5663862616202	5217.1596877878765	1	0	tensor(3, device='cuda:0')	1.750790538844944
127200.0	6000.0	5017.159687787994	0.0	0	260.29122242667654	5217.1596877878765	1	0	tensor(3, device='cuda:0')	1.750790538844944
128200.0	6000.0	5017.159687787987	0.0	0	331.48812132953026	5217.1596877878765	1	0	tensor(3, device='cuda:0')	1.750790538844944
129200.0	6000.0	5017.159687787969	0.0	0	255.98681324468635	5217.159687787862	1	0	tensor(3, device='cuda:0')	1.7507905388449563
130200.0	6000.0	5017.15968778797	0.0	0	539.6167971414689	5217.159687787862	1	0	tensor(3, device='cuda:0')	1.7507905388449563
131200.0	6000.0	5017.159687787971	0.0	0	387.05953396896075	5217.159687787862	1	0	tensor(3, device='cuda:0')	1.7507905388449563
132200.0	6000.0	5017.15968778796	0.0	0	413.3900318991509	5217.159687787847	1	0	tensor(3, device='cuda:0')	1.7507905388449587
133200.0	6000.0	5017.159687787939	0.0	0	359.6236188840994	5217.159687787818	1	0	tensor(3, device='cuda:0')	1.750790538844979
134200.0	6000.0	5017.15968778794	0.0	0	92.95932939031627	5217.159687787818	1	0	tensor(3, device='cuda:0')	1.7507905388450014
135200.0	6000.0	5017.159687787953	0.0	0	386.93207243812503	5217.159687787847	1	0	tensor(3, device='cuda:0')	1.7507905388449763
136200.0	6000.0	5017.15968778797	0.0	0	585.7284333384596	5217.159687787862	1	0	tensor(3, device='cuda:0')	1.7507905388449687
137200.0	6000.0	5017.159687787985	0.0	0	304.5017836469924	5217.159687787847	1	0	tensor(3, device='cuda:0')	1.7507905388449685
138200.0	6000.0	5017.159687787976	0.0	0	516.2486184769077	5217.159687787847	1	0	tensor(3, device='cuda:0')	1.7507905388449685
139200.0	6000.0	5017.159687787966	0.0	0	9.438147858745651	5217.159687787847	1	0	tensor(3, device='cuda:0')	1.7507905388449685
140200.0	6000.0	5017.159687787976	0.0	0	390.9446506596578	5217.159687787847	1	0	tensor(3, device='cuda:0')	1.7507905388449685
141438.59869466344	6000.0	4778.560993124561	0.0	0	0.0	5217.159687787847	1	0	tensor(3, device='cuda:0')	1.7507905388449685
142528.66844435676	6000.0	4688.491243431245	0.0	0	0.0	5217.159687787818	1	0	tensor(3, device='cuda:0')	1.750790538844994
143448.38238262536	6000.0	4768.77730516266	0.0	0	0.0	5217.159687787847	1	0	tensor(3, device='cuda:0')	1.7507905388449685
144200.0	6000.0	5017.159687788049	0.0	0	67.87865392092499	5217.159687787847	1	0	tensor(3, device='cuda:0')	1.7507905388449685
145200.0	6000.0	5017.15968778805	0.0	0	386.9407043819083	5217.159687787818	1	0	tensor(3, device='cuda:0')	1.750790538844994
146200.0	6000.0	5017.15968778802	0.0	0	52.996391145396046	5217.159687787818	1	0	tensor(3, device='cuda:0')	1.750790538844994
147200.0	6000.0	5017.159687788028	0.0	0	218.7045247257338	5217.159687787818	1	0	tensor(3, device='cuda:0')	1.750790538844994
148261.784417093	6000.0	4955.375270695021	0.0	0	0.0	5217.159687787818	1	0	tensor(3, device='cuda:0')	1.750790538844994
149239.1781707094	6000.0	4977.981517078614	0.0	0	0.0	5217.159687787818	1	0	tensor(3, device='cuda:0')	1.750790538844994
150200.0	6000.0	5017.159687788009	0.0	0	458.049390929722	5217.159687787818	1	0	tensor(3, device='cuda:0')	1.750790538844994
151200.0	6000.0	5017.159687788018	0.0	0	380.08192138181766	5217.159687787818	1	0	tensor(3, device='cuda:0')	1.750790538844994
152200.0	6000.0	5017.159687788031	0.0	0	514.4501492804848	5217.159687787818	1	0	tensor(3, device='cuda:0')	1.750790538844994
153200.0	6000.0	5017.159687788051	0.0	0	475.55298693469376	5217.159687787818	1	0	tensor(3, device='cuda:0')	1.750790538844994
154200.0	6000.0	5017.15968778804	0.0	0	629.6713056604203	5217.159687787818	1	0	tensor(3, device='cuda:0')	1.750790538844994
155200.0	6000.0	5017.159687788062	0.0	0	271.6282072153117	5217.159687787818	1	0	tensor(3, device='cuda:0')	1.750790538844994
156200.0	6000.0	5017.159687788082	0.0	0	103.99373830517288	5217.159687787818	1	0	tensor(3, device='cuda:0')	1.750790538844994
157200.0	6000.0	5017.159687788098	0.0	0	456.90826238770387	5217.159687787818	1	0	tensor(3, device='cuda:0')	1.750790538844994
158200.0	6000.0	5017.1596877880675	0.0	0	599.2052889134502	5217.159687787818	1	0	tensor(3, device='cuda:0')	1.750790538844994
159200.0	6000.0	5017.1596877880875	0.0	0	498.86074374601594	5217.159687787818	1	0	tensor(3, device='cuda:0')	1.750790538844994
160200.0	6000.0	5017.159687788063	0.0	0	355.6135831968277	5217.159687787818	1	0	tensor(3, device='cuda:0')	1.750790538844994
161200.0	6000.0	5017.1596877880775	0.0	0	387.62105166874244	5217.159687787789	1	0	tensor(3, device='cuda:0')	1.7507905388450191
162200.0	6000.0	5017.159687788078	0.0	0	412.3257023957267	5217.15968778776	1	0	tensor(3, device='cuda:0')	1.7507905388450442
163200.0	6000.0	5017.159687788082	0.0	0	487.985748676816	5217.15968778776	1	0	tensor(3, device='cuda:0')	1.7507905388450442
164200.0	6000.0	5017.15968778804	0.0	0	603.5330967811751	5217.15968778776	1	0	tensor(3, device='cuda:0')	1.7507905388450442
165287.15935774066	6000.0	4930.000330047404	0.0	0	0.0	5217.15968778776	1	0	tensor(3, device='cuda:0')	1.7507905388450442
166386.36408921934	6000.0	4830.795598568752	0.0	0	0.0	5217.15968778776	1	0	tensor(3, device='cuda:0')	1.7507905388450442
167277.07383576734	6000.0	4940.085852020733	0.0	0	0.0	5217.159687787789	1	0	tensor(3, device='cuda:0')	1.7507905388450191
168200.0	6000.0	5017.159687788082	0.0	0	237.62918567404267	5217.159687787818	1	0	tensor(3, device='cuda:0')	1.750790538844994
169200.0	6000.0	5017.159687788106	0.0	0	571.3470683376654	5217.159687787847	1	0	tensor(3, device='cuda:0')	1.7507905388449685
170200.0	6000.0	5017.159687788094	0.0	0	357.078187843028	5217.159687787847	1	0	tensor(3, device='cuda:0')	1.7507905388449685
171200.0	6000.0	5017.1596877880875	0.0	0	346.7710273643024	5217.159687787847	1	0	tensor(3, device='cuda:0')	1.7507905388449685
172200.0	6000.0	5017.159687788093	0.0	0	237.68514239109936	5217.159687787847	1	0	tensor(3, device='cuda:0')	1.7507905388449685
173200.0	6000.0	5017.159687788104	0.0	0	509.02838493231684	5217.159687787818	1	0	tensor(3, device='cuda:0')	1.750790538844994
174200.0	6000.0	5017.1596877880775	0.0	0	638.1703902361332	5217.159687787818	1	0	tensor(3, device='cuda:0')	1.750790538844994
175229.38984031376	6000.0	4987.769847474308	0.0	0	0.0	5217.159687787847	1	0	tensor(3, device='cuda:0')	1.7507905388449685
176200.0	6000.0	5017.159687788059	0.0	0	54.74755515679135	5217.159687787847	1	0	tensor(3, device='cuda:0')	1.7507905388449685
177342.04159147653	6000.0	4875.118096311523	0.0	0	0.0	5217.159687787847	1	0	tensor(3, device='cuda:0')	1.7507905388449685
178281.6958221002	6000.0	4935.463865687854	0.0	0	0.0	5217.1596877878765	1	0	tensor(3, device='cuda:0')	1.750790538844944
179200.0	6000.0	5017.159687788057	0.0	0	167.1215043956763	5217.159687787847	1	0	tensor(3, device='cuda:0')	1.7507905388449685
180200.0	6000.0	5017.159687788047	0.0	0	338.85720365372254	5217.159687787847	1	0	tensor(3, device='cuda:0')	1.7507905388449685
181200.0	6000.0	5017.159687788024	0.0	0	94.1905913783703	5217.159687787847	1	0	tensor(3, device='cuda:0')	1.7507905388449685
182200.0	6000.0	5017.159687788031	0.0	0	48.749879230192164	5217.159687787847	1	0	tensor(3, device='cuda:0')	1.7507905388449685
183200.0	6000.0	5017.159687788021	0.0	0	30.337246506591327	5217.159687787847	1	0	tensor(3, device='cuda:0')	1.7507905388449685
184441.5861763744	6000.0	4775.573511413654	0.0	0	0.0	5217.1596877878765	1	0	tensor(3, device='cuda:0')	1.750790538844944
185291.81725820457	6000.0	4925.342429583501	0.0	0	0.0	5217.1596877878765	1	0	tensor(3, device='cuda:0')	1.750790538844944
186200.0	6000.0	5017.159687788076	0.0	0	15.483928754139924	5217.1596877878765	1	0	tensor(3, device='cuda:0')	1.750790538844944
187200.0	6000.0	5017.159687788069	0.0	0	361.51668784365756	5217.1596877878765	1	0	tensor(3, device='cuda:0')	1.750790538844944
188200.0	6000.0	5017.159687788091	0.0	0	274.70194676556275	5217.159687787847	1	0	tensor(3, device='cuda:0')	1.7507905388449685
189200.0	6000.0	5017.159687788086	0.0	0	240.0507797568862	5217.159687787847	1	0	tensor(3, device='cuda:0')	1.7507905388449685
190200.0	6000.0	5017.159687788117	0.0	0	508.86518554142094	5217.159687787847	1	0	tensor(3, device='cuda:0')	1.7507905388449685
191200.0	6000.0	5017.159687788141	0.0	0	114.08555634578806	5217.159687787847	1	0	tensor(3, device='cuda:0')	1.7507905388449685
192200.0	6000.0	5017.159687788134	0.0	0	381.27180474670604	5217.159687787847	1	0	tensor(3, device='cuda:0')	1.7507905388449685
193200.0	6000.0	5017.15968778813	0.0	0	461.10808471372	5217.159687787847	1	0	tensor(3, device='cuda:0')	1.7507905388449685
194200.0	6000.0	5017.159687788097	0.0	0	654.4269461614313	5217.159687787847	1	0	tensor(3, device='cuda:0')	1.7507905388449685
195200.0	6000.0	5017.15968778812	0.0	0	271.2214727420651	5217.1596877878765	1	0	tensor(3, device='cuda:0')	1.750790538844944
196200.0	6000.0	5017.159687788096	0.0	0	132.7776962443022	5217.1596877878765	1	0	tensor(3, device='cuda:0')	1.750790538844944
197200.0	6000.0	5017.159687788104	0.0	0	267.9143504433159	5217.159687787847	1	0	tensor(3, device='cuda:0')	1.7507905388449685
198200.0	6000.0	5017.159687788085	0.0	0	27.61226360517321	5217.159687787847	1	0	tensor(3, device='cuda:0')	1.7507905388449685
199200.0	6000.0	5017.159687788097	0.0	0	338.1573492612515	5217.159687787847	1	0	tensor(3, device='cuda:0')	1.7507905388449685
200200.0	6000.0	5017.159687788077	0.0	0	436.8136392972374	5217.159687787847	1	0	tensor(3, device='cuda:0')	1.7507905388449685
201200.0	6000.0	5017.1596877880775	0.0	0	591.4692001297371	5217.159687787847	1	0	tensor(3, device='cuda:0')	1.7507905388449685
202200.0	6000.0	5017.159687788067	0.0	0	606.5991975194192	5217.159687787847	1	0	tensor(3, device='cuda:0')	1.7507905388449685
203200.0	6000.0	5017.1596877880565	0.0	0	316.7164175421058	5217.159687787847	1	0	tensor(3, device='cuda:0')	1.7507905388449685
204200.0	6000.0	5017.159687788055	0.0	0	99.78065579853137	5217.159687787847	1	0	tensor(3, device='cuda:0')	1.7507905388449685
205200.0	6000.0	5017.159687788066	0.0	0	408.9054863549245	5217.159687787847	1	0	tensor(3, device='cuda:0')	1.7507905388449685
206200.0	6000.0	5017.159687788088	0.0	0	238.02482083367067	5217.159687787847	1	0	tensor(3, device='cuda:0')	1.7507905388449685
207200.0	6000.0	5017.159687788089	0.0	0	536.0984640199749	5217.159687787847	1	0	tensor(3, device='cuda:0')	1.7507905388449685
208200.0	6000.0	5017.159687788078	0.0	0	478.8060602652258	5217.159687787847	1	0	tensor(3, device='cuda:0')	1.7507905388449685
209200.0	6000.0	5017.159687788075	0.0	0	172.15935572129092	5217.159687787847	1	0	tensor(3, device='cuda:0')	1.7507905388449685
210200.0	6000.0	5017.159687788097	0.0	0	612.3352553455916	5217.159687787847	1	0	tensor(3, device='cuda:0')	1.7507905388449685
211200.0	6000.0	5017.159687788094	0.0	0	332.73156683470006	5217.1596877878765	1	0	tensor(3, device='cuda:0')	1.750790538844944
212200.0	6000.0	5017.1596877880875	0.0	0	89.84045950561995	5217.1596877878765	1	0	tensor(3, device='cuda:0')	1.750790538844944
213200.0	6000.0	5017.15968778808	0.0	0	20.12292344548041	5217.1596877878765	1	0	tensor(3, device='cuda:0')	1.750790538844944
214200.0	6000.0	5017.159687788068	0.0	0	148.06880045789876	5217.1596877878765	1	0	tensor(3, device='cuda:0')	1.750790538844944
215200.0	6000.0	5017.15968778804	0.0	0	179.7405740795657	5217.1596877878765	1	0	tensor(3, device='cuda:0')	1.750790538844944
216200.0	6000.0	5017.159687788052	0.0	0	39.83453396111145	5217.1596877878765	1	0	tensor(3, device='cuda:0')	1.750790538844944
217200.0	6000.0	5017.159687788036	0.0	0	234.1599927424104	5217.159687787847	1	0	tensor(3, device='cuda:0')	1.7507905388449685
218200.0	6000.0	5017.159687788027	0.0	0	490.03866929296055	5217.159687787847	1	0	tensor(3, device='cuda:0')	1.7507905388449685
219200.0	6000.0	5017.159687788021	0.0	0	515.7383628766693	5217.159687787847	1	0	tensor(3, device='cuda:0')	1.7507905388449685
220200.0	6000.0	5017.159687787984	0.0	0	520.9915880640037	5217.159687787847	1	0	tensor(3, device='cuda:0')	1.7507905388449685
221200.0	6000.0	5017.15968778794	0.0	0	519.9158185056294	5217.159687787847	1	0	tensor(3, device='cuda:0')	1.7507905388449685
222200.0	6000.0	5017.159687787954	0.0	0	546.4001255095063	5217.159687787847	1	0	tensor(3, device='cuda:0')	1.7507905388449685
223200.0	6000.0	5017.15968778793	0.0	0	62.81699553722865	5217.159687787847	1	0	tensor(3, device='cuda:0')	1.7507905388449685
224200.0	6000.0	5017.1596877879	0.0	0	349.09454455962987	5217.159687787818	1	0	tensor(3, device='cuda:0')	1.750790538844994
225200.0	6000.0	5017.159687787936	0.0	0	499.5143401886744	5217.159687787818	1	0	tensor(3, device='cuda:0')	1.750790538844994
226200.0	6000.0	5017.159687787929	0.0	0	164.27413352328585	5217.159687787818	1	0	tensor(3, device='cuda:0')	1.750790538844994
227200.0	6000.0	5017.159687787945	0.0	0	390.7207305023039	5217.159687787818	1	0	tensor(3, device='cuda:0')	1.750790538844994
228200.0	6000.0	5017.159687787929	0.0	0	167.36375603286433	5217.159687787818	1	0	tensor(3, device='cuda:0')	1.750790538844994
229325.61199967863	6000.0	4891.547688109317	0.0	0	0.0	5217.159687787818	1	0	tensor(3, device='cuda:0')	1.750790538844994
230200.0	6000.0	5017.159687787926	0.0	0	314.62181816995144	5217.159687787818	1	0	tensor(3, device='cuda:0')	1.750790538844994
231200.0	6000.0	5017.159687787929	0.0	0	183.99019848913304	5217.159687787818	1	0	tensor(3, device='cuda:0')	1.750790538844994
232200.0	6000.0	5017.159687787935	0.0	0	133.50613995688036	5217.159687787818	1	0	tensor(3, device='cuda:0')	1.750790538844994
233200.0	6000.0	5017.159687787962	0.0	0	366.33872361827525	5217.159687787847	1	0	tensor(3, device='cuda:0')	1.7507905388449685
234200.0	6000.0	5017.159687787951	0.0	0	442.78550874016946	5217.159687787847	1	0	tensor(3, device='cuda:0')	1.7507905388449685
235200.0	6000.0	5017.159687787931	0.0	0	321.1730710998527	5217.159687787847	1	0	tensor(3, device='cuda:0')	1.7507905388449685
236200.0	6000.0	5017.159687787902	0.0	0	514.8150609555014	5217.159687787847	1	0	tensor(3, device='cuda:0')	1.7507905388449685
237200.0	6000.0	5017.159687787913	0.0	0	575.3169711034861	5217.159687787847	1	0	tensor(3, device='cuda:0')	1.7507905388449685
238200.0	6000.0	5017.159687787881	0.0	0	280.01389947356074	5217.159687787847	1	0	tensor(3, device='cuda:0')	1.7507905388449685
239200.0	6000.0	5017.159687787904	0.0	0	497.14675074862316	5217.1596877878765	1	0	tensor(3, device='cuda:0')	1.750790538844944
240200.0	6000.0	5017.159687787887	0.0	0	537.8291841559694	5217.159687787906	1	0	tensor(3, device='cuda:0')	1.7507905388449188
241200.0	6000.0	5017.15968778787	0.0	0	722.7219332810491	5217.1596877878765	1	0	tensor(3, device='cuda:0')	1.750790538844944
242200.0	6000.0	5017.1596877878765	0.0	0	779.2653098822339	5217.1596877878765	1	0	tensor(3, device='cuda:0')	1.750790538844944
243200.0	6000.0	5017.159687787895	0.0	0	594.1822991812369	5217.1596877878765	1	0	tensor(3, device='cuda:0')	1.750790538844944
244200.0	6000.0	5017.159687787878	0.0	0	241.65720167948166	5217.1596877878765	1	0	tensor(3, device='cuda:0')	1.750790538844944
245200.0	6000.0	5017.159687787893	0.0	0	324.7528517085593	5217.1596877878765	1	0	tensor(3, device='cuda:0')	1.750790538844944
246200.0	6000.0	5017.159687787882	0.0	0	376.38568728941027	5217.1596877878765	1	0	tensor(3, device='cuda:0')	1.750790538844944
247200.0	6000.0	5017.159687787865	0.0	0	603.4282301659987	5217.1596877878765	1	0	tensor(3, device='cuda:0')	1.750790538844944
248200.0	6000.0	5017.159687787852	0.0	0	659.0331894265546	5217.159687787847	1	0	tensor(3, device='cuda:0')	1.7507905388449685
249200.0	6000.0	5017.159687787859	0.0	0	423.3730570730404	5217.159687787847	1	0	tensor(3, device='cuda:0')	1.7507905388449685
250200.0	6000.0	5017.159687787885	0.0	0	670.2908518508193	5217.1596877878765	1	0	tensor(3, device='cuda:0')	1.750790538844944
251200.0	6000.0	5017.159687787869	0.0	0	342.5510593810177	5217.159687787847	1	0	tensor(3, device='cuda:0')	1.7507905388449685
252589.47832674495	6000.0	4627.6813610429035	0.0	0	0.0	5217.159687787847	1	0	tensor(3, device='cuda:0')	1.7507905388449685
253685.8644473177	6000.0	4531.295240470142	0.0	0	0.0	5217.159687787847	1	0	tensor(3, device='cuda:0')	1.7507905388449685
254515.9999442558	6000.0	4701.159743532063	0.0	0	0.0	5217.159687787847	1	0	tensor(3, device='cuda:0')	1.7507905388449685
255273.5884473863	6000.0	4943.57124040154	0.0	0	0.0	5217.159687787847	1	0	tensor(3, device='cuda:0')	1.7507905388449685
256200.0	6000.0	5017.1596877878355	0.0	0	136.55409568868345	5217.159687787847	1	0	tensor(3, device='cuda:0')	1.7507905388449685
257200.0	6000.0	5017.159687787842	0.0	0	358.32878963279654	5217.159687787847	1	0	tensor(3, device='cuda:0')	1.7507905388449685
258200.0	6000.0	5017.159687787839	0.0	0	287.6835129073879	5217.159687787847	1	0	tensor(3, device='cuda:0')	1.7507905388449685
259200.0	6000.0	5017.159687787814	0.0	0	110.66944226645865	5217.159687787847	1	0	tensor(3, device='cuda:0')	1.7507905388449685
260200.0	6000.0	5017.159687787802	0.0	0	372.17316857507103	5217.159687787847	1	0	tensor(3, device='cuda:0')	1.7507905388449685
261200.0	6000.0	5017.159687787795	0.0	0	501.66000989062013	5217.159687787847	1	0	tensor(3, device='cuda:0')	1.7507905388449685
262200.0	6000.0	5017.159687787806	0.0	0	336.1140353709925	5217.159687787847	1	0	tensor(3, device='cuda:0')	1.7507905388449685
263200.0	6000.0	5017.159687787818	0.0	0	271.24033034744207	5217.159687787847	1	0	tensor(3, device='cuda:0')	1.750790538844949
264200.0	6000.0	5017.159687787775	0.0	0	532.8156270969776	5217.159687787789	1	0	tensor(3, device='cuda:0')	1.7507905388450142
265200.0	6000.0	5017.159687787791	0.0	0	460.5216378138866	5217.159687787847	1	0	tensor(3, device='cuda:0')	1.750790538844989
266200.0	6000.0	5017.159687787779	0.0	0	554.0514054179075	5217.159687787818	1	0	tensor(3, device='cuda:0')	1.7507905388449838
267200.0	6000.0	5017.159687787747	0.0	0	262.9933646598365	5217.159687787789	1	0	tensor(3, device='cuda:0')	1.7507905388450142
268200.0	6000.0	5017.159687787715	0.0	0	239.00992927810876	5217.159687787818	1	0	tensor(3, device='cuda:0')	1.750790538844994
269200.0	6000.0	5017.159687787734	0.0	0	258.1361545783584	5217.15968778776	1	0	tensor(3, device='cuda:0')	1.7507905388450442
270200.0	6000.0	5017.1596877877555	0.0	0	349.15129529021215	5217.15968778776	1	0	tensor(3, device='cuda:0')	1.7507905388450442
271200.0	6000.0	5017.159687787749	0.0	0	53.809902905719355	5217.15968778776	1	0	tensor(3, device='cuda:0')	1.7507905388450442
272200.0	6000.0	5017.159687787767	0.0	0	207.92784227145603	5217.159687787818	1	0	tensor(3, device='cuda:0')	1.750790538844994
273200.0	6000.0	5017.159687787793	0.0	0	304.71632319834316	5217.1596877878765	1	0	tensor(3, device='cuda:0')	1.750790538844944
274200.0	6000.0	5017.15968778773	0.0	0	526.7477901919046	5217.1596877878765	1	0	tensor(3, device='cuda:0')	1.750790538844944
275335.8726168314	6000.0	4881.287070956363	0.0	0	0.0	5217.1596877878765	1	0	tensor(3, device='cuda:0')	1.750790538844944
276200.0	6000.0	5017.159687787776	0.0	0	81.68228677404113	5217.159687787935	1	0	tensor(3, device='cuda:0')	1.7507905388448934
277200.0	6000.0	5017.159687787778	0.0	0	410.71026826649904	5217.159687787935	1	0	tensor(3, device='cuda:0')	1.7507905388448934
278200.0	6000.0	5017.159687787847	0.0	0	328.8996978958021	5217.159687787935	1	0	tensor(3, device='cuda:0')	1.7507905388448934
279200.0	6000.0	5017.159687787853	0.0	0	356.73627691320144	5217.159687787935	1	0	tensor(3, device='cuda:0')	1.7507905388448934
280200.0	6000.0	5017.15968778787	0.0	0	297.7042790292762	5217.159687787935	1	0	tensor(3, device='cuda:0')	1.7507905388448934
281200.0	6000.0	5017.159687787877	0.0	0	398.75900246563833	5217.1596877878765	1	0	tensor(3, device='cuda:0')	1.750790538844944
282200.0	6000.0	5017.159687787911	0.0	0	378.91443503892515	5217.1596877878765	1	0	tensor(3, device='cuda:0')	1.750790538844944
283200.0	6000.0	5017.159687787896	0.0	0	487.3315850542276	5217.1596877878765	1	0	tensor(3, device='cuda:0')	1.750790538844944
284200.0	6000.0	5017.159687787886	0.0	0	597.5781409787014	5217.1596877878765	1	0	tensor(3, device='cuda:0')	1.750790538844944
285200.0	6000.0	5017.159687787843	0.0	0	461.30321751115844	5217.1596877878765	1	0	tensor(3, device='cuda:0')	1.750790538844944
286200.0	6000.0	5017.159687787852	0.0	0	419.65545692062005	5217.1596877878765	1	0	tensor(3, device='cuda:0')	1.750790538844944
287200.0	6000.0	5017.159687787883	0.0	0	367.2298685895512	5217.1596877878765	1	0	tensor(3, device='cuda:0')	1.750790538844944
288200.0	6000.0	5017.159687787784	0.0	0	574.5137477769167	5217.159687787818	1	0	tensor(3, device='cuda:0')	1.750790538844994
289200.0	6000.0	5017.1596877877955	0.0	0	337.38971994741587	5217.159687787818	1	0	tensor(3, device='cuda:0')	1.750790538844994
290200.0	6000.0	5017.159687787821	0.0	0	517.9934675511322	5217.159687787818	1	0	tensor(3, device='cuda:0')	1.750790538844994
291200.0	6000.0	5017.159687787841	0.0	0	468.4198804507032	5217.159687787818	1	0	tensor(3, device='cuda:0')	1.750790538844994
292200.0	6000.0	5017.15968778782	0.0	0	247.1118959641317	5217.159687787818	1	0	tensor(3, device='cuda:0')	1.750790538844994
293200.0	6000.0	5017.1596877878355	0.0	0	365.699455930735	5217.159687787818	1	0	tensor(3, device='cuda:0')	1.750790538844994
294200.0	6000.0	5017.159687787871	0.0	0	688.8353163733264	5217.159687787818	1	0	tensor(3, device='cuda:0')	1.750790538844994
295200.0	6000.0	5017.1596877879365	0.0	0	599.5152141725994	5217.159687787818	1	0	tensor(3, device='cuda:0')	1.750790538844994
296200.0	6000.0	5017.159687787925	0.0	0	309.63488883996615	5217.159687787818	1	0	tensor(3, device='cuda:0')	1.750790538844994
297200.0	6000.0	5017.159687787854	0.0	0	350.1657010980416	5217.159687787818	1	0	tensor(3, device='cuda:0')	1.750790538844994
298200.0	6000.0	5017.159687787802	0.0	0	389.3468043866451	5217.159687787818	1	0	tensor(3, device='cuda:0')	1.750790538844994
299200.0	6000.0	5017.159687787797	0.0	0	476.83673918037675	5217.159687787818	1	0	tensor(3, device='cuda:0')	1.750790538844994
300200.0	6000.0	5017.159687787801	0.0	0	545.0078881214722	5217.159687787818	1	0	tensor(3, device='cuda:0')	1.750790538844994
301200.0	6000.0	5017.159687787838	0.0	0	486.5523991465452	5217.159687787818	1	0	tensor(3, device='cuda:0')	1.750790538844994
302200.0	6000.0	5017.15968778779	0.0	0	369.9791999749723	5217.159687787818	1	0	tensor(3, device='cuda:0')	1.750790538844994
303200.0	6000.0	5017.159687787746	0.0	0	492.5152785915998	5217.159687787818	1	0	tensor(3, device='cuda:0')	1.750790538844994
10.5	6.14	7.48	13.2	11.6	8.28	8.75	6.07	7.37	12.4	18.0	17.0	17.1	10.3	10.4	11.8	13.8	11.8	10.1	8.8	8.05	12.2	12.2	9.67	8.1	10.7	9.7	13.0	10.5	6.34	9.59	12.6	13.2	11.0	5.29	5.26	8.51	10.1	10.9	8.05	6.2	8.75	7.82	8.91	6.68	12.0	11.5	10.5	12.9	10.9	11.5	18.0	17.2	7.66	8.46	9.56	8.41	7.78	6.87	8.97	8.28	8.75	9.9	5.76	6.7	10.8	5.94	8.58	9.35	11.9	9.88	11.0	12.4	13.9	12.7	10.8	12.2	14.1	9.8	4.66	6.26	10.6	8.83	12.9	11.8	12.9	10.3	12.7	9.63	10.7	10.5	5.94	10.8	15.8	13.5	14.7	18.4	15.3	14.3	7.22	9.57	12.1	8.63	10.5	8.73	7.02	11.4	11.8	11.6	16.2	12.9	10.3	8.62	10.5	10.6	11.6	12.2	6.57	7.92	10.9	10.1	11.9	11.0	11.4	8.8	6.41	10.1	14.9	11.5	11.5	5.47	7.69	6.66	6.1	4.65	7.84	10.4	7.75	10.4	6.37	7.1	10.0	8.57	11.7	12.9	12.7	10.9	8.5	10.7	12.5	12.2	11.1	10.3	12.7	13.9	18.2	7.34	6.38	7.27	10.6	13.7	10.8	11.7	9.59	14.8	13.6	8.36	6.5	7.02	7.07	8.75	10.3	7.45	7.67	7.02	5.73	6.48	7.05	10.9	8.35	8.1	10.4	7.18	8.1	12.0	14.8	8.13	7.38	8.93	8.27	9.95	10.1	14.2	11.9	10.6	9.29	9.44	7.73	10.4	10.9	8.79	15.7	12.1	8.65	6.72	7.62	6.44	7.33	10.3	12.1	9.9	12.6	13.6	11.2	6.32	9.92	13.6	6.39	8.6	9.56	5.75	8.38	9.05	8.35	11.5	11.6	8.0	12.5	13.4	8.28	10.5	17.7	23.9	23.3	13.9	10.7	10.3	10.2	16.4	21.1	12.7	16.5	11.1	6.42	4.61	5.68	10.4	10.4	9.7	7.67	7.82	10.8	10.6	10.4	9.17	10.8	12.7	11.5	9.89	8.34	7.41	9.97	7.4	7.41	11.9	10.3	7.61	6.23	9.38	11.6	11.4	11.4	13.0	9.8	10.8	17.1	14.9	12.3	10.8	11.5	10.2	14.4	11.5	8.91	10.9	17.7	17.7	11.8	10.3	9.39	12.7	12.3	9.81	13.3	13.8	10.3	9.9	10.6	4.15	8.53	7.68
993.0	994.0	995.0	996.0	997.0	998.0	999.0	1000.0	1001.0	1002.0	1003.0	1004.0	1005.0	1006.0	1007.0	1008.0	1009.0	1010.0	1011.0	1012.0	1013.0	1014.0	1015.0	1016.0	1017.0	1018.0	1019.0	1020.0	1021.0	1022.0	1023.0	1024.0	1025.0	1026.0	1027.0	1028.0	1029.0	1030.0	1031.0	1032.0	1033.0	1034.0	1035.0	1036.0	1037.0	1038.0	1039.0	1040.0	1041.0	1042.0	1043.0	1044.0	1045.0	1046.0	1047.0	1048.0	1049.0	1050.0	1051.0	1052.0	1053.0	1054.0	1055.0	1056.0	1057.0	1058.0	1059.0	1060.0	1061.0	1062.0	1063.0	1064.0	1065.0	1066.0	1067.0	1068.0	1069.0	1070.0	1071.0	1072.0	1073.0	1074.0	1075.0	1076.0	1077.0	1078.0	1079.0	1080.0	1081.0	1082.0	1083.0	1084.0	1085.0	1086.0	1087.0	1088.0	1089.0	1090.0	1091.0	1092.0	1093.0	1094.0	1095.0	1096.0	1097.0	1098.0	1099.0	1100.0	1101.0	1102.0	1103.0	1104.0	1105.0	1106.0	1107.0	1108.0	1109.0	1110.0	1111.0	1112.0	1113.0	1114.0	1115.0	1116.0	1117.0	1118.0	1119.0	1120.0	1121.0	1122.0	1123.0	1124.0	1125.0	1126.0	1127.0	1128.0	1129.0	1130.0	1131.0	1132.0	1133.0	1134.0	1135.0	1136.0	1137.0	1138.0	1139.0	1140.0	1141.0	1142.0	1143.0	1144.0	1145.0	1146.0	1147.0	1148.0	1149.0	1150.0	1151.0	1152.0	1153.0	1154.0	1155.0	1156.0	1157.0	1158.0	1159.0	1160.0	1161.0	1162.0	1163.0	1164.0	1165.0	1166.0	1167.0	1168.0	1169.0	1170.0	1171.0	1172.0	1173.0	1174.0	1175.0	1176.0	1177.0	1178.0	1179.0	1180.0	1181.0	1182.0	1183.0	1184.0	1185.0	1186.0	1187.0	1188.0	1189.0	1190.0	1191.0	1192.0	1193.0	1194.0	1195.0	1196.0	1197.0	1198.0	1199.0	1200.0	1201.0	1202.0	1203.0	1204.0	1205.0	1206.0	1207.0	1208.0	1209.0	1210.0	1211.0	1212.0	1213.0	1214.0	1215.0	1216.0	1217.0	1218.0	1219.0	1220.0	1221.0	1222.0	1223.0	1224.0	1225.0	1226.0	1227.0	1228.0	1229.0	1230.0	1231.0	1232.0	1233.0	1234.0	1235.0	1236.0	1237.0	1238.0	1239.0	1240.0	1241.0	1242.0	1243.0	1244.0	1245.0	1246.0	1247.0	1248.0	1249.0	1250.0	1251.0	1252.0	1253.0	1254.0	1255.0	1256.0	1257.0	1258.0	1259.0	1260.0	1261.0	1262.0	1263.0	1264.0	1265.0	1266.0	1267.0	1268.0	1269.0	1270.0	1271.0	1272.0	1273.0	1274.0	1275.0	1276.0	1277.0	1278.0	1279.0	1280.0	1281.0	1282.0	1283.0	1284.0	1285.0	1286.0	1287.0	1288.0	1289.0	1290.0	1291.0	1292.0	1293.0
8066.0
