7207.560523527561	1000.0	2000.0	97.59023176545048	0	0.0	4207.560523527561	1	0	tensor(6, device='cuda:0')	-10.138784282012983
7466.88132266349	3000.0	2714.7471209504774	0.0	0	0.0	4181.628443613968	1	0	tensor(4, device='cuda:0')	0.4006727203152376
7944.994950252469	6000.0	3236.6334933614985	0.0	0	0.0	4181.628443613967	1	0	tensor(3, device='cuda:0')	1.5539580334833745
8454.70317121861	6000.0	3726.9252723953587	0.0	0	0.0	4181.62844361397	1	0	tensor(3, device='cuda:0')	2.4471052140433187
9200.0	6000.0	3981.6284436139695	0.0	0	160.49369020938684	4181.62844361397	1	0	tensor(3, device='cuda:0')	2.4471052140433183
10200.0	6000.0	3981.628443613969	0.0	0	215.48702117808716	4181.628443613969	1	0	tensor(3, device='cuda:0')	2.4471052140433183
11748.675912149109	6000.0	3432.95253146486	0.0	0	0.0	4181.628443613967	1	0	tensor(3, device='cuda:0')	2.447105214043319
13102.40242179566	6000.0	3079.22602181831	0.0	0	0.0	4181.628443613967	1	0	tensor(3, device='cuda:0')	2.4471052140433196
14893.255459994783	6000.0	2288.372983619188	0.0	0	0.0	4181.628443613967	1	0	tensor(3, device='cuda:0')	2.4471052140433196
15542.641809787398	3000.0	2574.047998847313	0.0	0	0.0	4116.689808634708	1	0	tensor(4, device='cuda:0')	0.7541504237144665
16071.068697361035	3000.0	2992.778422516312	0.0	0	0.0	4063.847119877344	1	0	tensor(4, device='cuda:0')	1.6976599680101205
16483.989953113753	3000.0	3538.565041188323	0.0	0	0.0	4022.5549943020724	1	0	tensor(4, device='cuda:0')	1.7394229388949505
17200.0	6000.0	3822.554994302075	0.0	0	94.98612951320683	4022.5549943020706	1	0	tensor(3, device='cuda:0')	1.6261097240756301
18200.0	6000.0	3822.5549943020733	0.0	0	366.780904598123	4022.554994302067	1	0	tensor(3, device='cuda:0')	2.5192569046355775
19200.0	6000.0	3822.554994302071	0.0	0	161.5033761228733	4022.554994302067	1	0	tensor(3, device='cuda:0')	2.5192569046355775
20200.0	6000.0	3822.5549943020737	0.0	0	125.06257215702863	4022.5549943020687	1	0	tensor(3, device='cuda:0')	2.519256904635577
21200.0	6000.0	3822.5549943020756	0.0	0	544.4285740660234	4022.554994302067	1	0	tensor(3, device='cuda:0')	2.5192569046355775
22200.0	6000.0	3822.554994302077	0.0	0	505.8578653462573	4022.554994302067	1	0	tensor(3, device='cuda:0')	2.5192569046355775
23200.0	6000.0	3822.554994302077	0.0	0	382.3002106575732	4022.554994302067	1	0	tensor(3, device='cuda:0')	2.5192569046355775
24200.0	6000.0	3822.5549943020806	0.0	0	117.57176328435162	4022.554994302067	1	0	tensor(3, device='cuda:0')	2.5192569046355775
25460.046696121983	6000.0	3562.5082981800974	0.0	0	0.0	4022.554994302067	1	0	tensor(3, device='cuda:0')	2.5192569046355775
26980.45149116474	6000.0	3042.1035031373394	0.0	0	0.0	4022.554994302067	1	0	tensor(3, device='cuda:0')	2.5192569046355775
28182.535142149944	6000.0	2840.0198521521343	0.0	0	0.0	4022.554994302067	1	0	tensor(3, device='cuda:0')	2.5192569046355775
30015.54406287867	6000.0	2007.0109314234066	0.0	0	0.0	4022.554994302067	1	0	tensor(3, device='cuda:0')	2.5192569046355775
30406.297062311987	3000.0	2577.182632046761	0.0	0	0.0	3983.479694358739	1	0	tensor(4, device='cuda:0')	0.8674496940874252
30684.296383303834	3000.0	3271.3833789557266	0.0	0	0.0	3955.6797622595514	1	0	tensor(4, device='cuda:0')	1.7957336357082752
31321.30638719673	6000.0	3634.373375062829	0.0	0	0.0	3955.6797622595477	1	0	tensor(3, device='cuda:0')	1.6539653899201725
32274.681671245395	6000.0	3680.998091014166	0.0	0	0.0	3955.6797622595514	1	0	tensor(3, device='cuda:0')	2.5471125704801167
34188.47464041851	6000.0	2767.205121841043	0.0	0	0.0	3955.679762259544	1	0	tensor(3, device='cuda:0')	2.5471125704801194
35247.20769158162	6000.0	2708.472070677936	0.0	0	0.0	3955.679762259544	1	0	tensor(3, device='cuda:0')	2.5471125704801194
36012.16721060517	3000.0	2867.0165997520317	0.0	0	0.0	3879.1838103571863	1	0	tensor(4, device='cuda:0')	0.830634320730582
36422.579154312	3000.0	3415.5634616745206	0.0	0	0.0	3838.1426159865077	1	0	tensor(4, device='cuda:0')	1.8135723993903257
37261.30378801718	6000.0	3576.8388279693418	0.0	0	0.0	3838.1426159865077	1	0	tensor(3, device='cuda:0')	1.6995620559375588
38441.630052328605	6000.0	3396.512563657914	0.0	0	0.0	3838.1426159865077	1	0	tensor(3, device='cuda:0')	2.592709236497504
39200.0	6000.0	3638.14261598652	0.0	0	36.723411323240725	3838.1426159865077	1	0	tensor(3, device='cuda:0')	2.592709236497504
40200.0	6000.0	3638.14261598652	0.0	0	396.76867535250494	3838.1426159865077	1	0	tensor(3, device='cuda:0')	2.592709236497504
41200.0	6000.0	3638.142615986518	0.0	0	209.74933288808825	3838.1426159865077	1	0	tensor(3, device='cuda:0')	2.592709236497504
42200.0	6000.0	3638.142615986518	0.0	0	77.82058242324274	3838.1426159865005	1	0	tensor(3, device='cuda:0')	2.592709236497507
43306.390200461705	6000.0	3531.752415524813	0.0	0	0.0	3838.1426159865005	1	0	tensor(3, device='cuda:0')	2.592709236497507
44226.11407822027	6000.0	3612.0285377662544	0.0	0	0.0	3838.142615986493	1	0	tensor(3, device='cuda:0')	2.592709236497509
45320.21812031337	6000.0	3517.9244956731504	0.0	0	0.0	3838.142615986493	1	0	tensor(3, device='cuda:0')	2.592709236497509
46200.0	6000.0	3638.1426159865273	0.0	0	291.42470544928074	3838.142615986486	1	0	tensor(3, device='cuda:0')	2.5927092364975124
47200.0	6000.0	3638.1426159865296	0.0	0	177.4731937133547	3838.142615986486	1	0	tensor(3, device='cuda:0')	2.5927092364975124
48200.0	6000.0	3638.1426159865255	0.0	0	244.12826252412196	3838.142615986493	1	0	tensor(3, device='cuda:0')	2.592709236497509
49200.0	6000.0	3638.1426159865246	0.0	0	316.7872589082981	3838.142615986486	1	0	tensor(3, device='cuda:0')	2.5927092364975124
50329.80517626293	6000.0	3508.337439723583	0.0	0	0.0	3838.1426159864786	1	0	tensor(3, device='cuda:0')	2.5927092364975146
51200.0	6000.0	3638.142615986519	0.0	0	4.854460429189203	3838.1426159864786	1	0	tensor(3, device='cuda:0')	2.5927092364975146
52200.0	6000.0	3638.142615986517	0.0	0	132.32116221803153	3838.1426159864714	1	0	tensor(3, device='cuda:0')	2.5927092364975173
53200.0	6000.0	3638.1426159865227	0.0	0	95.19704777483275	3838.1426159864786	1	0	tensor(3, device='cuda:0')	2.5927092364975146
54471.55796663935	6000.0	3366.5846493471704	0.0	0	0.0	3838.1426159864786	1	0	tensor(3, device='cuda:0')	2.5927092364975146
55200.0	6000.0	3638.1426159865264	0.0	0	171.7923570969724	3838.1426159864714	1	0	tensor(3, device='cuda:0')	2.5927092364975173
56200.0	6000.0	3638.1426159865314	0.0	0	487.1706116644491	3838.1426159864786	1	0	tensor(3, device='cuda:0')	2.5927092364975146
57200.0	6000.0	3638.1426159865396	0.0	0	99.5765625060667	3838.1426159864786	1	0	tensor(3, device='cuda:0')	2.5927092364975146
58274.03875712602	6000.0	3564.103858860522	0.0	0	0.0	3838.1426159864786	1	0	tensor(3, device='cuda:0')	2.5927092364975146
59259.96103000226	6000.0	3578.1815859842845	0.0	0	0.0	3838.1426159864786	1	0	tensor(3, device='cuda:0')	2.5927092364975146
60200.0	6000.0	3638.142615986547	0.0	0	273.57543644934776	3838.1426159864786	1	0	tensor(3, device='cuda:0')	2.5927092364975146
61332.326994840216	6000.0	3505.8156211463292	0.0	0	0.0	3838.1426159864786	1	0	tensor(3, device='cuda:0')	2.5927092364975146
62769.94005710259	6000.0	3068.2025588839497	0.0	0	0.0	3838.1426159864786	1	0	tensor(3, device='cuda:0')	2.5927092364975146
64038.57605019278	6000.0	2799.566565793761	0.0	0	0.0	3838.1426159864786	1	0	tensor(3, device='cuda:0')	2.5927092364975146
64840.71369576321	6000.0	2997.4289202233326	0.0	0	0.0	3838.142615986486	1	0	tensor(3, device='cuda:0')	2.5927092364975124
66238.22144696898	6000.0	2599.921169017563	0.0	0	0.0	3838.142615986486	1	0	tensor(3, device='cuda:0')	2.5927092364975115
67047.81843648184	6000.0	2790.324179504693	0.0	0	0.0	3838.1426159864786	1	0	tensor(3, device='cuda:0')	2.592709236497514
67954.95725379381	6000.0	2883.1853621927257	0.0	0	0.0	3838.1426159864714	1	0	tensor(3, device='cuda:0')	2.5927092364975146
69327.9492400552	6000.0	2510.193375931333	0.0	0	0.0	3838.142615986464	1	0	tensor(3, device='cuda:0')	2.5927092364975213
70697.32678873983	6000.0	2140.8158272467035	0.0	0	0.0	3838.142615986464	1	0	tensor(3, device='cuda:0')	2.5927092364975204
71265.32433158711	6000.0	2572.818284399426	0.0	0	0.0	3838.142615986464	1	0	tensor(3, device='cuda:0')	2.5927092364975204
72015.86954380712	6000.0	2822.273072179435	0.0	0	0.0	3838.142615986464	1	0	tensor(3, device='cuda:0')	2.5927092364975204
73030.23778970444	6000.0	2807.904826282124	0.0	0	0.0	3838.1426159864786	1	0	tensor(3, device='cuda:0')	2.5927092364975146
73724.25989529195	6000.0	3113.8827206946157	0.0	0	0.0	3838.1426159864786	1	0	tensor(3, device='cuda:0')	2.5927092364975146
75106.42991552502	6000.0	2731.712700461546	0.0	0	0.0	3838.142615986464	1	0	tensor(3, device='cuda:0')	2.5927092364975204
76168.29118437725	6000.0	2669.8514316093183	0.0	0	0.0	3838.1426159864495	1	0	tensor(3, device='cuda:0')	2.5927092364975257
76924.50045792815	6000.0	2913.642158058399	0.0	0	0.0	3838.1426159864495	1	0	tensor(3, device='cuda:0')	2.5927092364975257
77452.58810311394	6000.0	3385.554512872618	0.0	0	0.0	3838.142615986435	1	0	tensor(3, device='cuda:0')	2.5927092364975306
78200.0	6000.0	3638.14261598655	0.0	0	239.6620119608997	3838.142615986435	1	0	tensor(3, device='cuda:0')	2.5927092364975306
79200.0	6000.0	3638.142615986568	0.0	0	137.0497175319906	3838.142615986435	1	0	tensor(3, device='cuda:0')	2.5927092364975306
80357.88883712931	6000.0	3480.2537788572427	0.0	0	0.0	3838.1426159864204	1	0	tensor(3, device='cuda:0')	2.5927092364975364
82138.46331223048	6000.0	2699.679303756091	0.0	0	0.0	3838.1426159864204	1	0	tensor(3, device='cuda:0')	2.5927092364975364
83780.3079450703	6000.0	2057.83467091628	0.0	0	0.0	3838.1426159864204	1	0	tensor(3, device='cuda:0')	2.5927092364975364
84206.61400898552	3000.0	2588.8980006095603	0.0	0	0.0	3795.5120095949096	1	0	tensor(4, device='cuda:0')	0.9326825116602857
85411.98735119423	6000.0	2383.5246584008614	0.0	0	0.0	3795.512009594924	1	0	tensor(3, device='cuda:0')	1.7150828278718464
86564.39059784249	6000.0	2231.121411752605	0.0	0	0.0	3795.512009594924	1	0	tensor(3, device='cuda:0')	2.6082300084317915
87484.08470873424	6000.0	2311.4273008608434	0.0	0	0.0	3795.5120095949096	1	0	tensor(3, device='cuda:0')	2.6082300084317964
88405.14221591807	6000.0	2390.3697936770172	0.0	0	0.0	3795.5120095949096	1	0	tensor(3, device='cuda:0')	2.6082300084317964
88857.93952143505	3000.0	2892.2927576083407	0.0	0	0.0	3750.232279043208	1	0	tensor(4, device='cuda:0')	0.9431769271098074
89892.6841244222	6000.0	2857.5481546211827	0.0	0	0.0	3750.232279043208	1	0	tensor(3, device='cuda:0')	1.730997574839733
91636.911559946	6000.0	2113.3207190973762	0.0	0	0.0	3750.232279043208	1	0	tensor(3, device='cuda:0')	2.624144755399678
93077.92312432994	6000.0	1672.309154713447	0.0	0	0.0	3750.2322790431936	1	0	tensor(3, device='cuda:0')	2.6241447553996835
93524.52313773183	3000.0	2181.04913997138	0.0	0	0.0	3705.572277703017	1	0	tensor(4, device='cuda:0')	0.9600718578182054
94156.97502372226	3000.0	2485.3520653819082	0.0	0	0.0	3642.327089104001	1	0	tensor(4, device='cuda:0')	1.8346016984925888
95050.43022261748	3000.0	2502.551346597164	0.0	0	0.0	3552.9815692144766	1	0	tensor(4, device='cuda:0')	1.8088456920628646
95443.87541787956	3000.0	3069.7616318088467	0.0	0	0.0	3513.637049688259	1	0	tensor(4, device='cuda:0')	1.923836244928692
96200.0	3000.0	3238.024591476371	0.0	0	388.5524385547469	3438.0245914762345	1	0	tensor(4, device='cuda:0')	1.8655559801401194
97223.31857685634	6000.0	3214.7060146200342	0.0	0	0.0	3438.0245914762345	1	0	tensor(3, device='cuda:0')	1.8259712867165705
98201.42046717601	6000.0	3236.6041243003788	0.0	0	0.0	3438.0245914762345	1	0	tensor(3, device='cuda:0')	2.7191184672765156
99200.0	6000.0	3238.024591476383	0.0	0	105.54024537283112	3438.0245914762345	1	0	tensor(3, device='cuda:0')	2.7191184672765156
100511.63315207821	6000.0	2926.3914393981872	0.0	0	0.0	3438.0245914762345	1	0	tensor(3, device='cuda:0')	2.7191184672765156
101502.02320392692	6000.0	2936.001387549479	0.0	0	0.0	3438.0245914762345	1	0	tensor(3, device='cuda:0')	2.7191184672765156
102200.0	6000.0	3238.024591476411	0.0	0	133.37688959670777	3438.0245914762345	1	0	tensor(3, device='cuda:0')	2.7191184672765156
103721.80606880698	6000.0	2716.21852266943	0.0	0	0.0	3438.0245914762345	1	0	tensor(3, device='cuda:0')	2.7191184672765156
104552.15073793047	6000.0	2885.8738535459424	0.0	0	0.0	3438.0245914762345	1	0	tensor(3, device='cuda:0')	2.7191184672765156
105300.21546404096	6000.0	3137.8091274354447	0.0	0	0.0	3438.0245914762345	1	0	tensor(3, device='cuda:0')	2.7191184672765156
106200.0	6000.0	3238.024591476411	0.0	0	304.0098444465839	3438.0245914762345	1	0	tensor(3, device='cuda:0')	2.7191184672765156
107200.0	6000.0	3238.0245914764114	0.0	0	412.0490192027355	3438.0245914762345	1	0	tensor(3, device='cuda:0')	2.7191184672765156
108200.0	6000.0	3238.0245914764046	0.0	0	499.4987215078145	3438.0245914762345	1	0	tensor(3, device='cuda:0')	2.7191184672765156
109200.0	6000.0	3238.0245914763955	0.0	0	164.09559988354158	3438.02459147622	1	0	tensor(3, device='cuda:0')	2.7191184672765196
110200.0	6000.0	3238.0245914763805	0.0	0	89.05919819885457	3438.02459147622	1	0	tensor(3, device='cuda:0')	2.7191184672765196
111420.07232557527	6000.0	3017.95226590113	0.0	0	0.0	3438.02459147622	1	0	tensor(3, device='cuda:0')	2.7191184672765196
112748.12107489115	6000.0	2689.9035165852424	0.0	0	0.0	3438.02459147622	1	0	tensor(3, device='cuda:0')	2.7191184672765196
113697.80089580889	6000.0	2740.2236956675006	0.0	0	0.0	3438.0245914762054	1	0	tensor(3, device='cuda:0')	2.719118467276523
114539.98518913907	6000.0	2898.0394023373296	0.0	0	0.0	3438.0245914762054	1	0	tensor(3, device='cuda:0')	2.719118467276523
115659.34748960393	6000.0	2778.6771018724708	0.0	0	0.0	3438.024591476191	1	0	tensor(3, device='cuda:0')	2.719118467276527
116415.2823870211	6000.0	3022.74220445528	0.0	0	0.0	3438.024591476191	1	0	tensor(3, device='cuda:0')	2.719118467276527
117332.7576228977	6000.0	3105.2669685786773	0.0	0	0.0	3438.024591476191	1	0	tensor(3, device='cuda:0')	2.719118467276527
118206.59086397065	6000.0	3231.4337275057383	0.0	0	0.0	3438.024591476191	1	0	tensor(3, device='cuda:0')	2.719118467276527
119200.0	6000.0	3238.0245914763905	0.0	0	246.50921497994568	3438.024591476191	1	0	tensor(3, device='cuda:0')	2.719118467276527
120200.0	6000.0	3238.024591476391	0.0	0	175.90295553964097	3438.024591476191	1	0	tensor(3, device='cuda:0')	2.719118467276527
121200.0	6000.0	3238.0245914763627	0.0	0	48.164984614093555	3438.024591476191	1	0	tensor(3, device='cuda:0')	2.719118467276527
122200.0	6000.0	3238.0245914763755	0.0	0	315.82689416258654	3438.0245914762054	1	0	tensor(3, device='cuda:0')	2.719118467276523
123275.31445019183	6000.0	3162.7101412845395	0.0	0	0.0	3438.0245914762054	1	0	tensor(3, device='cuda:0')	2.719118467276523
124200.0	6000.0	3238.0245914763586	0.0	0	238.04697577403567	3438.02459147622	1	0	tensor(3, device='cuda:0')	2.7191184672765196
125200.0	6000.0	3238.0245914763645	0.0	0	350.85105185958673	3438.0245914762054	1	0	tensor(3, device='cuda:0')	2.719118467276523
126242.87572555225	6000.0	3195.14886592412	0.0	0	0.0	3438.0245914762054	1	0	tensor(3, device='cuda:0')	2.719118467276523
127200.0	6000.0	3238.0245914763814	0.0	0	13.70757745737501	3438.0245914762054	1	0	tensor(3, device='cuda:0')	2.719118467276523
128200.0	6000.0	3238.024591476388	0.0	0	70.71054600302887	3438.02459147622	1	0	tensor(3, device='cuda:0')	2.7191184672765196
129462.78162633527	6000.0	2975.242965141125	0.0	0	0.0	3438.02459147622	1	0	tensor(3, device='cuda:0')	2.7191184672765196
131370.29464125968	6000.0	2067.729950216713	0.0	0	0.0	3438.024591476191	1	0	tensor(3, device='cuda:0')	2.719118467276525
132277.6039404832	6000.0	2160.4206509931655	0.0	0	0.0	3438.0245914761763	1	0	tensor(3, device='cuda:0')	2.719118467276529
132652.70820560333	3000.0	2747.805959361056	0.0	0	0.0	3400.5141649641737	1	0	tensor(4, device='cuda:0')	1.0651458885357725
133391.97708979476	6000.0	3008.537075169612	0.0	0	0.0	3400.5141649641446	1	0	tensor(3, device='cuda:0')	1.8357895117903387
134200.0	6000.0	3200.5141649643783	0.0	0	72.97418951202417	3400.51416496413	1	0	tensor(3, device='cuda:0')	2.7289366923502896
135371.0320522846	6000.0	3029.48211267979	0.0	0	0.0	3400.5141649641155	1	0	tensor(3, device='cuda:0')	2.7289366923502936
136429.3398276321	6000.0	2971.174337332291	0.0	0	0.0	3400.5141649641446	1	0	tensor(3, device='cuda:0')	2.728936692350286
137627.7422849804	6000.0	2772.771879983956	0.0	0	0.0	3400.5141649641155	1	0	tensor(3, device='cuda:0')	2.7289366923502936
138589.30663391398	6000.0	2811.2075310503897	0.0	0	0.0	3400.5141649641155	1	0	tensor(3, device='cuda:0')	2.7289366923502936
139511.5231104353	6000.0	2888.9910545290973	0.0	0	0.0	3400.5141649641155	1	0	tensor(3, device='cuda:0')	2.7289366923502936
140208.7235935569	6000.0	3191.7905714074764	0.0	0	0.0	3400.5141649640864	1	0	tensor(3, device='cuda:0')	2.728936692350301
141327.5443128947	6000.0	3072.9698520696948	0.0	0	0.0	3400.5141649640864	1	0	tensor(3, device='cuda:0')	2.728936692350301
142220.90057653014	6000.0	3179.6135884342184	0.0	0	0.0	3400.5141649640573	1	0	tensor(3, device='cuda:0')	2.7289366923503082
143410.22719983885	6000.0	2990.2869651255382	0.0	0	0.0	3400.5141649640573	1	0	tensor(3, device='cuda:0')	2.7289366923503082
144422.22780705613	6000.0	2978.2863579082505	0.0	0	0.0	3400.5141649640573	1	0	tensor(3, device='cuda:0')	2.7289366923503082
145200.0	6000.0	3200.5141649644015	0.0	0	47.78853541906574	3400.5141649640864	1	0	tensor(3, device='cuda:0')	2.728936692350301
146200.0	6000.0	3200.5141649643942	0.0	0	163.15422003887943	3400.5141649640864	1	0	tensor(3, device='cuda:0')	2.728936692350301
147916.90894208895	6000.0	2483.605222875464	0.0	0	0.0	3400.5141649640864	1	0	tensor(3, device='cuda:0')	2.728936692350301
149203.43880662817	6000.0	2197.075358336227	0.0	0	0.0	3400.5141649640573	1	0	tensor(3, device='cuda:0')	2.7289366923503082
150376.26362191513	6000.0	2024.25054304925	0.0	0	0.0	3400.5141649640573	1	0	tensor(3, device='cuda:0')	2.7289366923503082
150978.54818329393	3000.0	2361.7375255325865	0.0	0	0.0	3340.285708826181	1	0	tensor(4, device='cuda:0')	1.0335798385128712
151530.31493633357	3000.0	2754.794097188963	0.0	0	0.0	3285.109033522196	1	0	tensor(4, device='cuda:0')	1.9503147014399511
152717.1198722861	6000.0	2567.9891612364395	0.0	0	0.0	3285.109033522196	1	0	tensor(3, device='cuda:0')	1.8640740996832155
153964.6803503347	6000.0	2320.4286831878176	0.0	0	0.0	3285.109033522196	1	0	tensor(3, device='cuda:0')	2.7572212802431606
154695.38722477097	6000.0	2589.7218087515716	0.0	0	0.0	3285.109033522196	1	0	tensor(3, device='cuda:0')	2.7572212802431606
155744.4784633793	6000.0	2540.6305701432525	0.0	0	0.0	3285.109033522196	1	0	tensor(3, device='cuda:0')	2.7572212802431606
156647.69482805306	6000.0	2637.4142054694767	0.0	0	0.0	3285.109033522196	1	0	tensor(3, device='cuda:0')	2.7572212802431606
157744.71608128387	6000.0	2540.3929522386366	0.0	0	0.0	3285.109033522196	1	0	tensor(3, device='cuda:0')	2.7572212802431606
158548.00098630672	6000.0	2737.1080472157687	0.0	0	0.0	3285.109033522167	1	0	tensor(3, device='cuda:0')	2.7572212802431673
159547.55673007283	6000.0	2737.552303449654	0.0	0	0.0	3285.109033522167	1	0	tensor(3, device='cuda:0')	2.7572212802431673
160445.55856673527	6000.0	2839.550466787193	0.0	0	0.0	3285.109033522138	1	0	tensor(3, device='cuda:0')	2.757221280243174
161888.43169446342	6000.0	2396.6773390590733	0.0	0	0.0	3285.109033522138	1	0	tensor(3, device='cuda:0')	2.757221280243174
163074.83474655033	6000.0	2210.274286972134	0.0	0	0.0	3285.109033522138	1	0	tensor(3, device='cuda:0')	2.757221280243174
164156.4064364454	6000.0	2128.7025970770583	0.0	0	0.0	3285.109033522138	1	0	tensor(3, device='cuda:0')	2.757221280243174
164880.80986622372	6000.0	2404.2991672987228	0.0	0	0.0	3285.109033522167	1	0	tensor(3, device='cuda:0')	2.7572212802431673
165713.20799301137	6000.0	2571.901040511097	0.0	0	0.0	3285.109033522196	1	0	tensor(3, device='cuda:0')	2.7572212802431606
166273.4345176101	6000.0	3011.6745159124002	0.0	0	0.0	3285.109033522196	1	0	tensor(3, device='cuda:0')	2.7572212802431606
167200.0	6000.0	3085.109033522506	0.0	0	430.2702152831189	3285.109033522196	1	0	tensor(3, device='cuda:0')	2.7572212802431606
168200.0	6000.0	3085.109033522503	0.0	0	259.4022326244449	3285.109033522167	1	0	tensor(3, device='cuda:0')	2.7572212802431673
169200.0	6000.0	3085.1090335224976	0.0	0	114.08520662772935	3285.109033522196	1	0	tensor(3, device='cuda:0')	2.7572212802431606
170485.4491472959	6000.0	2799.659886226569	0.0	0	0.0	3285.109033522167	1	0	tensor(3, device='cuda:0')	2.7572212802431673
171594.7368634125	6000.0	2690.3721701100085	0.0	0	0.0	3285.109033522167	1	0	tensor(3, device='cuda:0')	2.7572212802431673
172495.4530882104	6000.0	2789.655945312111	0.0	0	0.0	3285.109033522167	1	0	tensor(3, device='cuda:0')	2.7572212802431673
173636.88665590694	6000.0	2648.2223776155856	0.0	0	0.0	3285.109033522167	1	0	tensor(3, device='cuda:0')	2.7572212802431673
175127.69275945736	6000.0	2157.416274065213	0.0	0	0.0	3285.109033522167	1	0	tensor(3, device='cuda:0')	2.7572212802431673
175917.51584507746	6000.0	2367.5931884451275	0.0	0	0.0	3285.109033522138	1	0	tensor(3, device='cuda:0')	2.757221280243174
176670.94772361324	6000.0	2614.1613099093593	0.0	0	0.0	3285.109033522138	1	0	tensor(3, device='cuda:0')	2.757221280243174
177411.06235321215	6000.0	2874.0466803104214	0.0	0	0.0	3285.109033522138	1	0	tensor(3, device='cuda:0')	2.757221280243174
178244.2411892232	6000.0	3040.8678442993955	0.0	0	0.0	3285.109033522138	1	0	tensor(3, device='cuda:0')	2.757221280243174
179200.0	6000.0	3085.1090335225967	0.0	0	395.6424152481195	3285.109033522138	1	0	tensor(3, device='cuda:0')	2.757221280243174
180200.0	6000.0	3085.109033522611	0.0	0	422.1891934942978	3285.109033522167	1	0	tensor(3, device='cuda:0')	2.7572212802431673
181200.0	6000.0	3085.1090335226017	0.0	0	165.113704347983	3285.109033522167	1	0	tensor(3, device='cuda:0')	2.7572212802431673
182240.8295769383	6000.0	3044.2794565843246	0.0	0	0.0	3285.109033522167	1	0	tensor(3, device='cuda:0')	2.7572212802431673
183200.0	6000.0	3085.109033522642	0.0	0	15.119020565616665	3285.109033522138	1	0	tensor(3, device='cuda:0')	2.757221280243174
184299.56751976843	6000.0	2985.541513754208	0.0	0	0.0	3285.109033522109	1	0	tensor(3, device='cuda:0')	2.7572212802431806
185200.0	6000.0	3085.109033522632	0.0	0	30.542752729554195	3285.109033522138	1	0	tensor(3, device='cuda:0')	2.757221280243174
186200.0	6000.0	3085.109033522607	0.0	0	348.3346598458884	3285.109033522138	1	0	tensor(3, device='cuda:0')	2.757221280243174
187200.0	6000.0	3085.1090335226036	0.0	0	465.2942851241969	3285.109033522138	1	0	tensor(3, device='cuda:0')	2.757221280243174
188200.0	6000.0	3085.1090335226	0.0	0	528.6387686273374	3285.109033522138	1	0	tensor(3, device='cuda:0')	2.757221280243174
189543.51323584106	6000.0	2741.595797681541	0.0	0	0.0	3285.109033522138	1	0	tensor(3, device='cuda:0')	2.757221280243174
190384.54292890133	6000.0	2900.5661046212645	0.0	0	0.0	3285.109033522138	1	0	tensor(3, device='cuda:0')	2.757221280243174
191361.1624662528	6000.0	2923.9465672697706	0.0	0	0.0	3285.109033522109	1	0	tensor(3, device='cuda:0')	2.7572212802431806
192203.2587200996	6000.0	3081.8503134229304	0.0	0	0.0	3285.109033522109	1	0	tensor(3, device='cuda:0')	2.7572212802431806
193640.1720232719	6000.0	2644.937010250663	0.0	0	0.0	3285.109033522109	1	0	tensor(3, device='cuda:0')	2.7572212802431806
194361.70989187522	6000.0	2923.3991416473687	0.0	0	0.0	3285.109033522109	1	0	tensor(3, device='cuda:0')	2.7572212802431806
195342.16602117466	6000.0	2942.943012347922	0.0	0	0.0	3285.109033522109	1	0	tensor(3, device='cuda:0')	2.7572212802431806
196437.75761667945	6000.0	2847.3514168431434	0.0	0	0.0	3285.1090335220797	1	0	tensor(3, device='cuda:0')	2.7572212802431877
197582.9690419792	6000.0	2702.139991543413	0.0	0	0.0	3285.109033522109	1	0	tensor(3, device='cuda:0')	2.7572212802431806
198958.7682524552	6000.0	2326.340781067462	0.0	0	0.0	3285.109033522138	1	0	tensor(3, device='cuda:0')	2.757221280243174
199859.30903874058	6000.0	2425.799994782108	0.0	0	0.0	3285.109033522138	1	0	tensor(3, device='cuda:0')	2.757221280243174
200969.96635121998	6000.0	2315.142682302673	0.0	0	0.0	3285.109033522109	1	0	tensor(3, device='cuda:0')	2.7572212802431806
202858.55347894283	6000.0	1426.5555545798113	0.0	0	0.0	3285.109033522109	1	0	tensor(3, device='cuda:0')	2.7572212802431806
203824.13256485423	3000.0	1364.418560077307	0.0	0	0.0	3188.551124930993	1	0	tensor(4, device='cuda:0')	0.9936465543084503
204551.29588610216	3000.0	1564.5389067045846	0.0	0	0.0	3115.834792806214	1	0	tensor(4, device='cuda:0')	1.9514152044707265
205178.59510733682	3000.0	1874.509763346421	0.0	0	0.0	3053.104870682728	1	0	tensor(4, device='cuda:0')	1.9849989637855776
205648.0876598623	3000.0	2358.067955568402	0.0	0	0.0	3006.1556154301798	1	0	tensor(4, device='cuda:0')	2.0255341638089313
206200.0	3000.0	2750.9643814169117	0.0	0	50.46537195908604	2950.9643814164156	1	0	tensor(4, device='cuda:0')	2.0180911115926774
207494.8315891712	6000.0	2456.1327922457235	0.0	0	0.0	2950.9643814163865	1	0	tensor(3, device='cuda:0')	1.9314390782356639
208534.81123580833	6000.0	2416.1531456086027	0.0	0	0.0	2950.9643814163865	1	0	tensor(3, device='cuda:0')	2.824586258795609
209611.5781883064	6000.0	2339.386193110537	0.0	0	0.0	2950.9643814163865	1	0	tensor(3, device='cuda:0')	2.824586258795609
210668.93717654032	6000.0	2282.0272048766005	0.0	0	0.0	2950.9643814163865	1	0	tensor(3, device='cuda:0')	2.824586258795609
211413.69314889197	6000.0	2537.2712325249768	0.0	0	0.0	2950.9643814164156	1	0	tensor(3, device='cuda:0')	2.8245862587956037
212200.0	6000.0	2750.9643814169435	0.0	0	271.6277100649022	2950.9643814164156	1	0	tensor(3, device='cuda:0')	2.8245862587956037
213200.0	6000.0	2750.9643814169776	0.0	0	14.136520289088367	2950.9643814164447	1	0	tensor(3, device='cuda:0')	2.8245862587955988
214200.0	6000.0	2750.9643814169604	0.0	0	462.82895249084686	2950.9643814164447	1	0	tensor(3, device='cuda:0')	2.8245862587955988
215398.9381211573	6000.0	2552.026260259669	0.0	0	0.0	2950.9643814164447	1	0	tensor(3, device='cuda:0')	2.8245862587955988
216677.1009705727	6000.0	2273.8634108442757	0.0	0	0.0	2950.9643814164738	1	0	tensor(3, device='cuda:0')	2.824586258795594
218223.57176762464	6000.0	1727.392613792312	0.0	0	0.0	2950.9643814164738	1	0	tensor(3, device='cuda:0')	2.824586258795594
219249.83772122097	6000.0	1701.1266601959521	0.0	0	0.0	2950.9643814164447	1	0	tensor(3, device='cuda:0')	2.8245862587955988
219729.12444484083	3000.0	2173.911264214149	0.0	0	0.0	2903.0357090545294	1	0	tensor(4, device='cuda:0')	1.1485205175171693
220200.0	3000.0	2655.9481535390387	0.0	0	31.240839632140705	2855.948153538571	1	0	tensor(4, device='cuda:0')	2.0510676695010788
221200.0	6000.0	2655.94815353903	0.0	0	331.4653552552045	2855.948153538571	1	0	tensor(3, device='cuda:0')	1.9471704142891904
222200.0	6000.0	2655.9481535390455	0.0	0	416.22724330885103	2855.948153538571	1	0	tensor(3, device='cuda:0')	2.8403175948491355
223200.0	6000.0	2655.948153539053	0.0	0	190.6775607149757	2855.948153538571	1	0	tensor(3, device='cuda:0')	2.8403175948491355
224220.89448953915	6000.0	2635.0536639998923	0.0	0	0.0	2855.948153538542	1	0	tensor(3, device='cuda:0')	2.8403175948491404
225200.0	6000.0	2655.948153539016	0.0	0	191.3817835287773	2855.948153538542	1	0	tensor(3, device='cuda:0')	2.8403175948491404
226307.90061387807	6000.0	2548.0475396609395	0.0	0	0.0	2855.948153538571	1	0	tensor(3, device='cuda:0')	2.8403175948491355
228023.3432982508	6000.0	1832.604855288191	0.0	0	0.0	2855.948153538571	1	0	tensor(3, device='cuda:0')	2.8403175948491355
229135.44829100993	6000.0	1720.4998625290425	0.0	0	0.0	2855.948153538571	1	0	tensor(3, device='cuda:0')	2.8403175948491355
229511.60484179115	3000.0	2306.7276566696873	0.0	0	0.0	2818.332498460455	1	0	tensor(4, device='cuda:0')	1.1831783277767407
230200.0	6000.0	2618.3324984608043	0.0	0	24.42614024138311	2818.332498460455	1	0	tensor(3, device='cuda:0')	1.9530297237749727
231397.7565574093	6000.0	2420.5759410514997	0.0	0	0.0	2818.332498460455	1	0	tensor(3, device='cuda:0')	2.846176904334918
232200.0	6000.0	2618.332498460784	0.0	0	19.34327695306274	2818.332498460455	1	0	tensor(3, device='cuda:0')	2.846176904334918
233200.0	6000.0	2618.3324984607634	0.0	0	398.7124355172855	2818.332498460484	1	0	tensor(3, device='cuda:0')	2.8461769043349134
234200.0	6000.0	2618.3324984607657	0.0	0	294.7444614426058	2818.332498460484	1	0	tensor(3, device='cuda:0')	2.8461769043349134
235336.71080862914	6000.0	2481.621689831614	0.0	0	0.0	2818.332498460484	1	0	tensor(3, device='cuda:0')	2.8461769043349134
236370.59407345694	6000.0	2447.738425003808	0.0	0	0.0	2818.332498460484	1	0	tensor(3, device='cuda:0')	2.8461769043349134
237613.09856649084	6000.0	2205.233931969923	0.0	0	0.0	2818.332498460484	1	0	tensor(3, device='cuda:0')	2.8461769043349134
238589.98529291133	6000.0	2228.3472055494435	0.0	0	0.0	2818.3324984605133	1	0	tensor(3, device='cuda:0')	2.846176904334909
239200.0	6000.0	2618.332498460757	0.0	0	17.508394902775763	2818.3324984605133	1	0	tensor(3, device='cuda:0')	2.846176904334909
240200.0	6000.0	2618.3324984607684	0.0	0	212.77853033487918	2818.3324984605133	1	0	tensor(3, device='cuda:0')	2.846176904334909
241200.0	6000.0	2618.332498460748	0.0	0	569.9336271853826	2818.3324984605133	1	0	tensor(3, device='cuda:0')	2.846176904334909
242200.0	6000.0	2618.3324984607625	0.0	0	526.0701179127791	2818.3324984605424	1	0	tensor(3, device='cuda:0')	2.8461769043349046
243289.8956872505	6000.0	2528.436811210238	0.0	0	0.0	2818.3324984605424	1	0	tensor(3, device='cuda:0')	2.8461769043349046
244392.32332967623	6000.0	2426.0091687845284	0.0	0	0.0	2818.3324984605133	1	0	tensor(3, device='cuda:0')	2.846176904334909
245347.36205296707	6000.0	2470.9704454937128	0.0	0	0.0	2818.3324984605133	1	0	tensor(3, device='cuda:0')	2.846176904334909
246313.6989448455	6000.0	2504.6335536152897	0.0	0	0.0	2818.3324984605133	1	0	tensor(3, device='cuda:0')	2.846176904334909
247647.39629995308	6000.0	2170.9361985077107	0.0	0	0.0	2818.3324984605133	1	0	tensor(3, device='cuda:0')	2.846176904334909
248480.86702383496	6000.0	2337.465474625824	0.0	0	0.0	2818.3324984605133	1	0	tensor(3, device='cuda:0')	2.846176904334909
249356.83477311413	6000.0	2461.4977253466186	0.0	0	0.0	2818.3324984605133	1	0	tensor(3, device='cuda:0')	2.846176904334909
250551.2966247598	6000.0	2267.0358737009583	0.0	0	0.0	2818.3324984605424	1	0	tensor(3, device='cuda:0')	2.8461769043349046
251434.3462051776	6000.0	2383.9862932831425	0.0	0	0.0	2818.3324984605424	1	0	tensor(3, device='cuda:0')	2.8461769043349046
252200.0	6000.0	2618.3324984607366	0.0	0	145.99070005412796	2818.3324984605424	1	0	tensor(3, device='cuda:0')	2.8461769043349046
253560.74758338713	6000.0	2257.584915073631	0.0	0	0.0	2818.3324984605424	1	0	tensor(3, device='cuda:0')	2.8461769043349046
254370.3701029038	6000.0	2447.9623955569687	0.0	0	0.0	2818.3324984605715	1	0	tensor(3, device='cuda:0')	2.8461769043349
255200.0	6000.0	2618.33249846081	0.0	0	167.51880846286076	2818.3324984605715	1	0	tensor(3, device='cuda:0')	2.8461769043349
256200.0	6000.0	2618.3324984608303	0.0	0	471.1926330163842	2818.3324984605715	1	0	tensor(3, device='cuda:0')	2.8461769043349
257200.0	6000.0	2618.3324984608366	0.0	0	167.826812615589	2818.3324984605715	1	0	tensor(3, device='cuda:0')	2.8461769043349
258200.0	6000.0	2618.3324984608066	0.0	0	79.33825143967988	2818.3324984605715	1	0	tensor(3, device='cuda:0')	2.8461769043349
259200.0	6000.0	2618.332498460786	0.0	0	247.28422948901425	2818.3324984605715	1	0	tensor(3, device='cuda:0')	2.8461769043349
260200.0	6000.0	2618.332498460797	0.0	0	417.3624196120654	2818.3324984605715	1	0	tensor(3, device='cuda:0')	2.8461769043349
261200.0	6000.0	2618.3324984607752	0.0	0	140.50231664051535	2818.3324984605715	1	0	tensor(3, device='cuda:0')	2.8461769043349
262200.0	6000.0	2618.3324984607934	0.0	0	320.20633990323404	2818.3324984605424	1	0	tensor(3, device='cuda:0')	2.8461769043349046
263200.0	6000.0	2618.3324984608057	0.0	0	257.948582698009	2818.3324984605715	1	0	tensor(3, device='cuda:0')	2.846176904334907
264200.0	6000.0	2618.3324984608635	0.0	0	169.89928676310228	2818.3324984606297	1	0	tensor(3, device='cuda:0')	2.8461769043348957
265573.22110301786	6000.0	2245.111395442955	0.0	0	0.0	2818.3324984606006	1	0	tensor(3, device='cuda:0')	2.8461769043348957
267223.4430781059	6000.0	1594.8894203549132	0.0	0	0.0	2818.3324984606006	1	0	tensor(3, device='cuda:0')	2.8461769043348957
268842.12508075807	6000.0	976.2074177027303	0.0	0	0.0	2818.3324984605424	1	0	tensor(3, device='cuda:0')	2.8461769043349046
269737.2728119812	3000.0	991.5449133572752	0.0	0	0.0	2728.8177253382746	1	0	tensor(4, device='cuda:0')	1.0907686406912598
270395.3980870603	3000.0	1267.607110770269	0.0	0	0.0	2663.0051978303236	1	0	tensor(4, device='cuda:0')	2.0415293437247124
270916.82111524435	3000.0	1694.041779767856	0.0	0	0.0	2610.86289501196	1	0	tensor(4, device='cuda:0')	2.0759382423227812
271436.8451129193	3000.0	2122.0153823254227	0.0	0	0.0	2558.860495244444	1	0	tensor(4, device='cuda:0')	2.0827922010689184
272522.70463220647	6000.0	2036.1558630381992	0.0	0	0.0	2558.8604952443857	1	0	tensor(3, device='cuda:0')	1.9883387867982365
273579.47684536997	6000.0	1979.3836498746655	0.0	0	0.0	2558.8604952443857	1	0	tensor(3, device='cuda:0')	2.8814859673581816
274283.67129637965	6000.0	2275.1891988649327	0.0	0	0.0	2558.8604952443857	1	0	tensor(3, device='cuda:0')	2.8814859673581816
275200.0	6000.0	2358.860495244533	0.0	0	107.75265655416297	2558.8604952443857	1	0	tensor(3, device='cuda:0')	2.8814859673581816
276773.3819725396	6000.0	1785.4785227049333	0.0	0	0.0	2558.8604952443857	1	0	tensor(3, device='cuda:0')	2.8814859673581816
277788.9438345728	6000.0	1769.9166606716935	0.0	0	0.0	2558.8604952443857	1	0	tensor(3, device='cuda:0')	2.8814859673581816
279188.3921141956	6000.0	1370.4683810488696	0.0	0	0.0	2558.860495244444	1	0	tensor(3, device='cuda:0')	2.8814859673581745
279748.6287221	3000.0	1754.2081123541257	0.0	0	0.0	2502.8368344539776	1	0	tensor(4, device='cuda:0')	1.1881287920511012
280200.0	3000.0	2257.699706664127	0.0	0	48.73965748975752	2457.6997066639015	1	0	tensor(4, device='cuda:0')	2.1079923164786405
281411.634708835	6000.0	2046.0649978291374	0.0	0	0.0	2457.6997066639015	1	0	tensor(3, device='cuda:0')	1.9999462753440875
282516.3736686154	6000.0	1941.3260380486804	0.0	0	0.0	2457.6997066639015	1	0	tensor(3, device='cuda:0')	2.8930934559040327
283519.6792450675	6000.0	1938.0204615965401	0.0	0	0.0	2457.6997066639015	1	0	tensor(3, device='cuda:0')	2.8930934559040327
284946.9697541249	6000.0	1510.7299525391977	0.0	0	0.0	2457.6997066639015	1	0	tensor(3, device='cuda:0')	2.8930934559040327
285567.2604595575	3000.0	1828.4101765633134	0.0	0	0.0	2395.670636120776	1	0	tensor(4, device='cuda:0')	1.1878445135892788
286200.0	3000.0	2132.396682076551	0.0	0	198.2889960181201	2332.3966820765054	1	0	tensor(4, device='cuda:0')	2.0837923100809834
287200.0	6000.0	2132.3966820765186	0.0	0	6.501776220509782	2332.3966820765054	1	0	tensor(3, device='cuda:0')	2.0128688930158742
288268.3100406567	6000.0	2064.086641419818	0.0	0	0.0	2332.3966820765054	1	0	tensor(3, device='cuda:0')	2.9060160735758194
289461.48839934927	6000.0	1870.9082827273205	0.0	0	0.0	2332.3966820765054	1	0	tensor(3, device='cuda:0')	2.9060160735758194
290241.0480293036	6000.0	2091.348652773011	0.0	0	0.0	2332.3966820765054	1	0	tensor(3, device='cuda:0')	2.9060160735758194
291299.1202219977	6000.0	2033.2764600788385	0.0	0	0.0	2332.396682076447	1	0	tensor(3, device='cuda:0')	2.906016073575825
292200.0	6000.0	2132.3966820765495	0.0	0	243.23117868072586	2332.3966820765054	1	0	tensor(3, device='cuda:0')	2.9060160735758194
293200.0	6000.0	2132.39668207654	0.0	0	386.95000297762454	2332.3966820765054	1	0	tensor(3, device='cuda:0')	2.9060160735758194
294200.0	6000.0	2132.3966820765045	0.0	0	371.5746308209491	2332.3966820765636	1	0	tensor(3, device='cuda:0')	2.906016073575813
295200.0	6000.0	2132.3966820764467	0.0	0	84.26813334506005	2332.3966820765636	1	0	tensor(3, device='cuda:0')	2.906016073575813
296200.0	6000.0	2132.396682076489	0.0	0	17.237428871332668	2332.3966820765636	1	0	tensor(3, device='cuda:0')	2.906016073575813
297200.0	6000.0	2132.3966820764367	0.0	0	388.7153184216586	2332.3966820765636	1	0	tensor(3, device='cuda:0')	2.906016073575813
298200.0	6000.0	2132.3966820764203	0.0	0	214.55587554862723	2332.3966820765636	1	0	tensor(3, device='cuda:0')	2.906016073575813
299200.0	6000.0	2132.3966820764817	0.0	0	379.0131965475157	2332.396682076622	1	0	tensor(3, device='cuda:0')	2.906016073575808
300614.62085509516	6000.0	1717.775826981356	0.0	0	0.0	2332.396682076622	1	0	tensor(3, device='cuda:0')	2.906016073575808
301834.95657111896	6000.0	1497.4401109576022	0.0	0	0.0	2332.396682076622	1	0	tensor(3, device='cuda:0')	2.906016073575808
303272.62945719005	6000.0	1059.7672248864537	0.0	0	0.0	2332.3966820765636	1	0	tensor(3, device='cuda:0')	2.906016073575813
303800.17694922886	3000.0	1479.4649836437673	0.0	0	0.0	2279.641932872648	1	0	tensor(4, device='cuda:0')	1.2179286381702719
11.7	14.4	6.92	3.85	4.77	3.73	4.09	4.22	4.91	8.34	8.75	9.23	8.46	12.2	14.3	13.0	8.73	5.77	4.1	5.91	5.57	2.68	5.83	8.86	7.71	4.34	2.94	4.04	5.36	7.99	6.48	8.28	8.47	10.7	6.2	6.0	4.62	6.59	7.88	7.09	6.9	8.06	6.73	5.91	7.67	6.77	4.69	10.1	13.0	5.61	3.19	7.94	7.15	7.58	4.32	6.21	6.52	10.4	4.48	7.51	8.13	5.73	4.26	6.54	11.2	7.43	8.5	4.65	4.82	7.78	9.27	6.29	5.99	4.41	4.1	3.65	6.57	6.7	7.45	5.84	4.87	8.39	4.6	4.77	4.7	4.48	5.31	3.83	7.12	4.62	6.17	7.7	5.78	6.2	8.78	3.76	6.87	8.87	8.82	13.6	14.2	9.61	5.26	4.62	6.1	5.14	8.73	6.41	7.97	7.88	6.66	8.31	10.4	5.86	6.79	6.82	9.2	8.78	4.37	5.19	7.41	4.11	4.21	3.37	6.46	8.75	8.18	5.03	6.75	9.44	4.31	6.6	7.85	6.95	6.14	6.74	6.1	9.06	6.44	4.91	4.12	3.2	4.1	6.71	5.14	5.54	6.65	6.22	5.46	4.8	6.3	8.14	6.29	5.41	4.62	7.67	4.55	6.89	10.2	13.5	11.3	7.11	5.36	7.48	5.26	7.03	6.15	4.89	6.08	7.8	8.86	12.6	14.8	8.35	7.89	7.54	7.26	5.68	9.72	16.2	10.7	4.51	7.63	7.31	5.57	4.26	6.41	7.38	5.31	5.04	5.09	4.75	6.71	4.26	3.5	3.88	3.58	3.51	5.17	5.18	5.88	6.92	7.76	6.08	10.3	6.89	9.12	6.56	4.24	4.95	4.46	6.37	6.42	8.27	9.42	9.23	6.92	10.4	7.33	4.53	4.6	4.73	7.34	5.77	5.97	9.45	9.22	5.98	6.2	4.83	7.37	7.54	9.46	13.2	12.4	4.91	4.54	6.58	6.88	4.67	6.68	6.77	5.43	8.44	9.21	5.05	5.83	8.83	13.1	8.16	7.55	11.2	9.36	8.99	8.26	10.0	9.08	5.13	3.64	4.08	4.22	5.27	4.34	6.28	6.57	5.61	6.93	9.83	6.36	3.58	4.55	5.64	7.55	5.86	6.57	4.41	4.7	4.93	6.0	4.6	4.02	5.42	7.61	6.23	7.25	11.6	8.21	7.17	7.33	9.6	8.32	7.51	6.01	5.46	6.44	4.41	8.24	7.74	8.27
1414.0	1415.0	1416.0	1417.0	1418.0	1419.0	1420.0	1421.0	1422.0	1423.0	1424.0	1425.0	1426.0	1427.0	1428.0	1429.0	1430.0	1431.0	1432.0	1433.0	1434.0	1435.0	1436.0	1437.0	1438.0	1439.0	1440.0	1441.0	1442.0	1443.0	1444.0	1445.0	1446.0	1447.0	1448.0	1449.0	1450.0	1451.0	1452.0	1453.0	1454.0	1455.0	1456.0	1457.0	1458.0	1459.0	1460.0	1461.0	1462.0	1463.0	1464.0	1465.0	1466.0	1467.0	1468.0	1469.0	1470.0	1471.0	1472.0	1473.0	1474.0	1475.0	1476.0	1477.0	1478.0	1479.0	1480.0	1481.0	1482.0	1483.0	1484.0	1485.0	1486.0	1487.0	1488.0	1489.0	1490.0	1491.0	1492.0	1493.0	1494.0	1495.0	1496.0	1497.0	1498.0	1499.0	1500.0	1501.0	1502.0	1503.0	1504.0	1505.0	1506.0	1507.0	1508.0	1509.0	1510.0	1511.0	1512.0	1513.0	1514.0	1515.0	1516.0	1517.0	1518.0	1519.0	1520.0	1521.0	1522.0	1523.0	1524.0	1525.0	1526.0	1527.0	1528.0	1529.0	1530.0	1531.0	1532.0	1533.0	1534.0	1535.0	1536.0	1537.0	1538.0	1539.0	1540.0	1541.0	1542.0	1543.0	1544.0	1545.0	1546.0	1547.0	1548.0	1549.0	1550.0	1551.0	1552.0	1553.0	1554.0	1555.0	1556.0	1557.0	1558.0	1559.0	1560.0	1561.0	1562.0	1563.0	1564.0	1565.0	1566.0	1567.0	1568.0	1569.0	1570.0	1571.0	1572.0	1573.0	1574.0	1575.0	1576.0	1577.0	1578.0	1579.0	1580.0	1581.0	1582.0	1583.0	1584.0	1585.0	1586.0	1587.0	1588.0	1589.0	1590.0	1591.0	1592.0	1593.0	1594.0	1595.0	1596.0	1597.0	1598.0	1599.0	1600.0	1601.0	1602.0	1603.0	1604.0	1605.0	1606.0	1607.0	1608.0	1609.0	1610.0	1611.0	1612.0	1613.0	1614.0	1615.0	1616.0	1617.0	1618.0	1619.0	1620.0	1621.0	1622.0	1623.0	1624.0	1625.0	1626.0	1627.0	1628.0	1629.0	1630.0	1631.0	1632.0	1633.0	1634.0	1635.0	1636.0	1637.0	1638.0	1639.0	1640.0	1641.0	1642.0	1643.0	1644.0	1645.0	1646.0	1647.0	1648.0	1649.0	1650.0	1651.0	1652.0	1653.0	1654.0	1655.0	1656.0	1657.0	1658.0	1659.0	1660.0	1661.0	1662.0	1663.0	1664.0	1665.0	1666.0	1667.0	1668.0	1669.0	1670.0	1671.0	1672.0	1673.0	1674.0	1675.0	1676.0	1677.0	1678.0	1679.0	1680.0	1681.0	1682.0	1683.0	1684.0	1685.0	1686.0	1687.0	1688.0	1689.0	1690.0	1691.0	1692.0	1693.0	1694.0	1695.0	1696.0	1697.0	1698.0	1699.0	1700.0	1701.0	1702.0	1703.0	1704.0	1705.0	1706.0	1707.0	1708.0	1709.0	1710.0	1711.0	1712.0
7047.0
