8502.423154015474	1000.0	2000.0	192.3434625218363	0	0.0	5502.423154015474	1	0	tensor(6, device='cuda:0')	-11.617379896718482
8983.34147795901	3000.0	2470.98984366211	0.0	0	0.0	5454.331321621119	1	0	tensor(4, device='cuda:0')	-0.5601315170886282
9320.684120345231	3000.0	3099.9129370372643	0.0	0	0.0	5420.597057382495	1	0	tensor(4, device='cuda:0')	0.8021063097209562
9821.515880024059	3000.0	3548.9980013905542	0.0	0	0.0	5370.513881414611	1	0	tensor(4, device='cuda:0')	0.8107624459782222
10396.769429437963	6000.0	3973.7444519766495	0.0	0	0.0	5370.513881414611	1	0	tensor(3, device='cuda:0')	0.7219673136735894
11040.23781081739	6000.0	4330.276070597223	0.0	0	0.0	5370.513881414611	1	0	tensor(3, device='cuda:0')	1.6151144942335343
11677.39399769751	6000.0	4693.119883717101	0.0	0	0.0	5370.51388141461	1	0	tensor(3, device='cuda:0')	1.6151144942335345
12757.47833620385	6000.0	4613.03554521076	0.0	0	0.0	5370.5138814146085	1	0	tensor(3, device='cuda:0')	1.6151144942335358
13844.40928079426	6000.0	4526.104600620351	0.0	0	0.0	5370.5138814146085	1	0	tensor(3, device='cuda:0')	1.6151144942335358
14989.016419261123	6000.0	4381.4974621534875	0.0	0	0.0	5370.5138814146085	1	0	tensor(3, device='cuda:0')	1.6151144942335363
15671.423188992745	6000.0	4699.090692421865	0.0	0	0.0	5370.5138814146085	1	0	tensor(3, device='cuda:0')	1.6151144942335363
16461.914915257737	6000.0	4908.59896615687	0.0	0	0.0	5370.513881414607	1	0	tensor(3, device='cuda:0')	1.6151144942335367
17531.704991108945	6000.0	4838.808890305661	0.0	0	0.0	5370.513881414605	1	0	tensor(3, device='cuda:0')	1.615114494233538
18592.086861919255	6000.0	4778.427019495352	0.0	0	0.0	5370.513881414605	1	0	tensor(3, device='cuda:0')	1.6151144942335396
19907.857880654956	6000.0	4462.6560007596545	0.0	0	0.0	5370.513881414607	1	0	tensor(3, device='cuda:0')	1.615114494233538
21343.94397945697	6000.0	4026.5699019576405	0.0	0	0.0	5370.513881414607	1	0	tensor(3, device='cuda:0')	1.6151144942335376
22866.940411989006	6000.0	3503.573469425604	0.0	0	0.0	5370.513881414605	1	0	tensor(3, device='cuda:0')	1.6151144942335396
23605.187751001835	6000.0	3765.3261304127755	0.0	0	0.0	5370.5138814146085	1	0	tensor(3, device='cuda:0')	1.6151144942335363
24312.337205432843	6000.0	4058.176675981766	0.0	0	0.0	5370.5138814146085	1	0	tensor(3, device='cuda:0')	1.6151144942335363
25235.180460820233	6000.0	4135.3334205943775	0.0	0	0.0	5370.5138814146085	1	0	tensor(3, device='cuda:0')	1.6151144942335363
25696.16966388222	6000.0	4674.344217532386	0.0	0	0.0	5370.5138814146085	1	0	tensor(3, device='cuda:0')	1.6151144942335363
26200.0	6000.0	5170.513881414607	0.0	0	66.88487890769466	5370.5138814146085	1	0	tensor(3, device='cuda:0')	1.6151144942335363
27200.0	6000.0	5170.513881414609	0.0	0	74.85119996946014	5370.513881414605	1	0	tensor(3, device='cuda:0')	1.6151144942335396
28200.0	6000.0	5170.513881414611	0.0	0	337.46112191710563	5370.513881414605	1	0	tensor(3, device='cuda:0')	1.6151144942335396
29200.0	6000.0	5170.51388141461	0.0	0	150.39430062009706	5370.5138814146085	1	0	tensor(3, device='cuda:0')	1.6151144942335363
30200.0	6000.0	5170.513881414609	0.0	0	135.4096145312178	5370.5138814146085	1	0	tensor(3, device='cuda:0')	1.6151144942335363
31200.0	6000.0	5170.513881414612	0.0	0	255.24235867569587	5370.5138814146085	1	0	tensor(3, device='cuda:0')	1.6151144942335363
32356.449502924817	6000.0	5014.064378489789	0.0	0	0.0	5370.513881414612	1	0	tensor(3, device='cuda:0')	1.6151144942335334
33675.8424257934	6000.0	4694.671455621203	0.0	0	0.0	5370.513881414612	1	0	tensor(3, device='cuda:0')	1.6151144942335307
34626.52552084497	6000.0	4743.988360569636	0.0	0	0.0	5370.513881414605	1	0	tensor(3, device='cuda:0')	1.6151144942335356
35652.70562501531	6000.0	4717.808256399296	0.0	0	0.0	5370.513881414605	1	0	tensor(3, device='cuda:0')	1.6151144942335383
36961.71163339969	6000.0	4408.802248014915	0.0	0	0.0	5370.513881414605	1	0	tensor(3, device='cuda:0')	1.6151144942335383
37877.96369749651	6000.0	4492.5501839181	0.0	0	0.0	5370.513881414612	1	0	tensor(3, device='cuda:0')	1.6151144942335347
38946.53565055931	6000.0	4423.9782308552985	0.0	0	0.0	5370.513881414612	1	0	tensor(3, device='cuda:0')	1.6151144942335334
39750.08977166599	6000.0	4620.424109748624	0.0	0	0.0	5370.513881414612	1	0	tensor(3, device='cuda:0')	1.6151144942335334
40501.06351533793	6000.0	4869.450366076689	0.0	0	0.0	5370.513881414612	1	0	tensor(3, device='cuda:0')	1.6151144942335334
41200.0	6000.0	5170.513881414629	0.0	0	240.08755712673883	5370.513881414619	1	0	tensor(3, device='cuda:0')	1.615114494233527
42200.0	6000.0	5170.513881414632	0.0	0	485.9910421839086	5370.513881414619	1	0	tensor(3, device='cuda:0')	1.615114494233527
43200.0	6000.0	5170.51388141464	0.0	0	445.81188429325994	5370.513881414627	1	0	tensor(3, device='cuda:0')	1.6151144942335203
44200.0	6000.0	5170.513881414646	0.0	0	365.6681094608357	5370.513881414627	1	0	tensor(3, device='cuda:0')	1.6151144942335203
45200.0	6000.0	5170.513881414641	0.0	0	122.82776459987508	5370.513881414619	1	0	tensor(3, device='cuda:0')	1.615114494233527
46344.89360244911	6000.0	5025.6202789655335	0.0	0	0.0	5370.513881414619	1	0	tensor(3, device='cuda:0')	1.615114494233527
47200.0	6000.0	5170.513881414641	0.0	0	324.0112890164892	5370.513881414612	1	0	tensor(3, device='cuda:0')	1.6151144942335334
48200.0	6000.0	5170.513881414633	0.0	0	299.22741270626284	5370.513881414612	1	0	tensor(3, device='cuda:0')	1.6151144942335334
49200.0	6000.0	5170.513881414636	0.0	0	154.96349541909876	5370.513881414612	1	0	tensor(3, device='cuda:0')	1.6151144942335334
50200.0	6000.0	5170.513881414625	0.0	0	232.14244958742347	5370.513881414612	1	0	tensor(3, device='cuda:0')	1.6151144942335334
51297.41218986462	6000.0	5073.101691550005	0.0	0	0.0	5370.513881414612	1	0	tensor(3, device='cuda:0')	1.6151144942335334
52443.61799721012	6000.0	4926.895884204497	0.0	0	0.0	5370.513881414612	1	0	tensor(3, device='cuda:0')	1.6151144942335334
53478.59976010213	6000.0	4891.914121312491	0.0	0	0.0	5370.513881414612	1	0	tensor(3, device='cuda:0')	1.6151144942335334
54366.87366474127	6000.0	5003.640216673352	0.0	0	0.0	5370.513881414612	1	0	tensor(3, device='cuda:0')	1.6151144942335334
55200.0	6000.0	5170.513881414629	0.0	0	186.68099046550924	5370.513881414612	1	0	tensor(3, device='cuda:0')	1.6151144942335334
56200.0	6000.0	5170.513881414631	0.0	0	177.43669432042225	5370.513881414619	1	0	tensor(3, device='cuda:0')	1.615114494233527
57200.0	6000.0	5170.513881414634	0.0	0	452.49830654817924	5370.513881414619	1	0	tensor(3, device='cuda:0')	1.615114494233527
58200.0	6000.0	5170.513881414638	0.0	0	548.1825239790342	5370.513881414627	1	0	tensor(3, device='cuda:0')	1.6151144942335203
59200.0	6000.0	5170.513881414632	0.0	0	337.90576229742874	5370.513881414619	1	0	tensor(3, device='cuda:0')	1.615114494233527
60200.0	6000.0	5170.51388141463	0.0	0	392.2577087249083	5370.513881414619	1	0	tensor(3, device='cuda:0')	1.615114494233527
61386.15611421556	6000.0	4984.357767199075	0.0	0	0.0	5370.513881414619	1	0	tensor(3, device='cuda:0')	1.615114494233527
62211.23763378955	6000.0	5159.276247625088	0.0	0	0.0	5370.513881414619	1	0	tensor(3, device='cuda:0')	1.615114494233527
63200.0	6000.0	5170.513881414636	0.0	0	559.7617845198765	5370.513881414619	1	0	tensor(3, device='cuda:0')	1.615114494233527
64227.00360552508	6000.0	5143.510275889553	0.0	0	0.0	5370.513881414619	1	0	tensor(3, device='cuda:0')	1.615114494233527
65583.98985291805	6000.0	4786.524028496591	0.0	0	0.0	5370.513881414619	1	0	tensor(3, device='cuda:0')	1.615114494233527
66578.84788312644	6000.0	4791.665998288193	0.0	0	0.0	5370.513881414605	1	0	tensor(3, device='cuda:0')	1.6151144942335398
67575.06009894657	6000.0	4795.453782468053	0.0	0	0.0	5370.513881414598	1	0	tensor(3, device='cuda:0')	1.615114494233544
68759.54160111422	6000.0	4610.972280300406	0.0	0	0.0	5370.513881414598	1	0	tensor(3, device='cuda:0')	1.615114494233547
69402.86712121166	6000.0	4967.6467602029725	0.0	0	0.0	5370.513881414605	1	0	tensor(3, device='cuda:0')	1.6151144942335465
70200.0	6000.0	5170.513881414625	0.0	0	227.96976276597707	5370.513881414605	1	0	tensor(3, device='cuda:0')	1.6151144942335358
71282.44423105774	6000.0	5088.069650356888	0.0	0	0.0	5370.513881414619	1	0	tensor(3, device='cuda:0')	1.615114494233531
72452.2052489572	6000.0	4918.308632457439	0.0	0	0.0	5370.513881414619	1	0	tensor(3, device='cuda:0')	1.615114494233527
73218.86415773153	6000.0	5151.649723683098	0.0	0	0.0	5370.513881414619	1	0	tensor(3, device='cuda:0')	1.615114494233527
74200.0	6000.0	5170.513881414617	0.0	0	186.076012212754	5370.513881414619	1	0	tensor(3, device='cuda:0')	1.615114494233527
75200.0	6000.0	5170.513881414609	0.0	0	21.894837061176077	5370.513881414619	1	0	tensor(3, device='cuda:0')	1.615114494233527
76200.0	6000.0	5170.513881414619	0.0	0	470.2913154957787	5370.513881414619	1	0	tensor(3, device='cuda:0')	1.615114494233527
77200.0	6000.0	5170.513881414645	0.0	0	255.01853747780842	5370.513881414634	1	0	tensor(3, device='cuda:0')	1.6151144942335138
78621.89021076004	6000.0	4748.623670654603	0.0	0	0.0	5370.513881414634	1	0	tensor(3, device='cuda:0')	1.6151144942335138
79557.3577056528	6000.0	4813.156175761851	0.0	0	0.0	5370.513881414634	1	0	tensor(3, device='cuda:0')	1.6151144942335138
80333.29120390119	6000.0	5037.222677513462	0.0	0	0.0	5370.513881414634	1	0	tensor(3, device='cuda:0')	1.6151144942335138
81200.0	6000.0	5170.513881414642	0.0	0	269.2300072519429	5370.513881414634	1	0	tensor(3, device='cuda:0')	1.6151144942335138
82200.0	6000.0	5170.513881414638	0.0	0	522.4373408340616	5370.513881414634	1	0	tensor(3, device='cuda:0')	1.6151144942335138
83200.0	6000.0	5170.513881414631	0.0	0	193.03666998105473	5370.513881414619	1	0	tensor(3, device='cuda:0')	1.615114494233527
84200.0	6000.0	5170.513881414627	0.0	0	158.95689818893152	5370.513881414634	1	0	tensor(3, device='cuda:0')	1.6151144942335138
85200.0	6000.0	5170.513881414643	0.0	0	8.946399724678486	5370.513881414619	1	0	tensor(3, device='cuda:0')	1.615114494233527
86200.0	6000.0	5170.513881414648	0.0	0	374.6436523395387	5370.513881414619	1	0	tensor(3, device='cuda:0')	1.615114494233527
87200.0	6000.0	5170.513881414649	0.0	0	171.34599472765694	5370.513881414619	1	0	tensor(3, device='cuda:0')	1.615114494233527
88441.17599304143	6000.0	4929.337888373223	0.0	0	0.0	5370.513881414619	1	0	tensor(3, device='cuda:0')	1.615114494233527
89438.88472954968	6000.0	4931.629151864973	0.0	0	0.0	5370.513881414619	1	0	tensor(3, device='cuda:0')	1.615114494233527
90200.0	6000.0	5170.51388141467	0.0	0	198.57145559084893	5370.513881414619	1	0	tensor(3, device='cuda:0')	1.615114494233527
91200.0	6000.0	5170.513881414655	0.0	0	186.19685367390048	5370.513881414619	1	0	tensor(3, device='cuda:0')	1.615114494233527
92250.70293131027	6000.0	5119.810950104394	0.0	0	0.0	5370.513881414605	1	0	tensor(3, device='cuda:0')	1.6151144942335396
93430.79102432566	6000.0	4939.722857088998	0.0	0	0.0	5370.513881414605	1	0	tensor(3, device='cuda:0')	1.6151144942335396
94517.5126172373	6000.0	4853.001264177345	0.0	0	0.0	5370.513881414605	1	0	tensor(3, device='cuda:0')	1.6151144942335396
95226.98907592428	6000.0	5143.524805490364	0.0	0	0.0	5370.513881414605	1	0	tensor(3, device='cuda:0')	1.6151144942335396
96200.0	6000.0	5170.513881414654	0.0	0	61.07121781236492	5370.513881414619	1	0	tensor(3, device='cuda:0')	1.615114494233527
97200.0	6000.0	5170.513881414665	0.0	0	189.02494658790238	5370.513881414619	1	0	tensor(3, device='cuda:0')	1.615114494233527
98200.0	6000.0	5170.51388141467	0.0	0	341.66482202286716	5370.513881414619	1	0	tensor(3, device='cuda:0')	1.615114494233527
99200.0	6000.0	5170.5138814146685	0.0	0	424.5217465660389	5370.513881414634	1	0	tensor(3, device='cuda:0')	1.6151144942335138
100200.0	6000.0	5170.513881414676	0.0	0	93.26017276465427	5370.513881414634	1	0	tensor(3, device='cuda:0')	1.6151144942335138
101200.0	6000.0	5170.51388141467	0.0	0	302.61402295265	5370.513881414634	1	0	tensor(3, device='cuda:0')	1.6151144942335138
102336.5482407327	6000.0	5033.965640681967	0.0	0	0.0	5370.513881414634	1	0	tensor(3, device='cuda:0')	1.6151144942335138
103415.58559996568	6000.0	4954.9282814489925	0.0	0	0.0	5370.513881414619	1	0	tensor(3, device='cuda:0')	1.615114494233527
104940.84525696092	6000.0	4429.6686244537495	0.0	0	0.0	5370.513881414619	1	0	tensor(3, device='cuda:0')	1.615114494233527
105956.31449272831	6000.0	4414.199388686357	0.0	0	0.0	5370.513881414619	1	0	tensor(3, device='cuda:0')	1.615114494233527
106720.46715319376	6000.0	4650.046728220917	0.0	0	0.0	5370.513881414619	1	0	tensor(3, device='cuda:0')	1.615114494233527
107334.23364502452	6000.0	5036.280236390172	0.0	0	0.0	5370.513881414619	1	0	tensor(3, device='cuda:0')	1.615114494233527
108200.0	6000.0	5170.513881414682	0.0	0	324.736114499814	5370.513881414619	1	0	tensor(3, device='cuda:0')	1.615114494233527
109200.0	6000.0	5170.513881414688	0.0	0	321.0970998459816	5370.513881414619	1	0	tensor(3, device='cuda:0')	1.615114494233527
110200.0	6000.0	5170.513881414692	0.0	0	142.35720351326745	5370.513881414619	1	0	tensor(3, device='cuda:0')	1.615114494233527
111200.0	6000.0	5170.51388141469	0.0	0	411.58925665124843	5370.513881414605	1	0	tensor(3, device='cuda:0')	1.6151144942335396
112418.4778759348	6000.0	4952.036005479903	0.0	0	0.0	5370.513881414605	1	0	tensor(3, device='cuda:0')	1.6151144942335396
113405.68851920556	6000.0	4964.8253622091415	0.0	0	0.0	5370.513881414605	1	0	tensor(3, device='cuda:0')	1.6151144942335396
114209.6091651028	6000.0	5160.904716311908	0.0	0	0.0	5370.513881414619	1	0	tensor(3, device='cuda:0')	1.615114494233527
115269.78880976813	6000.0	5100.72507164659	0.0	0	0.0	5370.513881414619	1	0	tensor(3, device='cuda:0')	1.615114494233527
116565.27267028838	6000.0	4805.24121112635	0.0	0	0.0	5370.513881414619	1	0	tensor(3, device='cuda:0')	1.615114494233527
117574.24602612617	6000.0	4796.267855288554	0.0	0	0.0	5370.513881414634	1	0	tensor(3, device='cuda:0')	1.6151144942335138
118403.28248162587	6000.0	4967.231399788884	0.0	0	0.0	5370.513881414634	1	0	tensor(3, device='cuda:0')	1.6151144942335138
119241.32075455805	6000.0	5129.193126856687	0.0	0	0.0	5370.513881414634	1	0	tensor(3, device='cuda:0')	1.6151144942335138
120200.0	6000.0	5170.513881414745	0.0	0	243.13941832720593	5370.513881414634	1	0	tensor(3, device='cuda:0')	1.6151144942335138
121200.0	6000.0	5170.513881414734	0.0	0	224.99464181129588	5370.5138814146485	1	0	tensor(3, device='cuda:0')	1.6151144942335003
122200.0	6000.0	5170.513881414717	0.0	0	303.93201695037715	5370.513881414663	1	0	tensor(3, device='cuda:0')	1.6151144942334872
123200.0	6000.0	5170.5138814147085	0.0	0	59.71682621802029	5370.513881414663	1	0	tensor(3, device='cuda:0')	1.6151144942334872
124200.0	6000.0	5170.513881414718	0.0	0	293.0909363347455	5370.513881414678	1	0	tensor(3, device='cuda:0')	1.6151144942334736
125402.54633660696	6000.0	4967.967544807756	0.0	0	0.0	5370.513881414678	1	0	tensor(3, device='cuda:0')	1.6151144942334736
126360.1736505405	6000.0	5010.340230874209	0.0	0	0.0	5370.513881414663	1	0	tensor(3, device='cuda:0')	1.6151144942334872
127341.84754088767	6000.0	5028.66634052704	0.0	0	0.0	5370.513881414663	1	0	tensor(3, device='cuda:0')	1.6151144942334872
128229.49395098137	6000.0	5141.019930433332	0.0	0	0.0	5370.5138814146485	1	0	tensor(3, device='cuda:0')	1.6151144942335003
129200.0	6000.0	5170.513881414687	0.0	0	342.6169602693117	5370.513881414634	1	0	tensor(3, device='cuda:0')	1.6151144942335138
130372.51034860367	6000.0	4998.003532810994	0.0	0	0.0	5370.513881414634	1	0	tensor(3, device='cuda:0')	1.6151144942335138
132030.71318724446	6000.0	4339.800694170196	0.0	0	0.0	5370.513881414619	1	0	tensor(3, device='cuda:0')	1.6151144942335192
133118.92276364865	6000.0	4251.591117766017	0.0	0	0.0	5370.513881414634	1	0	tensor(3, device='cuda:0')	1.6151144942335138
133680.28464946823	6000.0	4690.229231946423	0.0	0	0.0	5370.513881414619	1	0	tensor(3, device='cuda:0')	1.6151144942335296
134200.0	6000.0	5170.513881414645	0.0	0	80.88180551046389	5370.513881414619	1	0	tensor(3, device='cuda:0')	1.615114494233532
135200.0	6000.0	5170.513881414636	0.0	0	503.1078313446196	5370.513881414619	1	0	tensor(3, device='cuda:0')	1.615114494233527
136780.98150037113	6000.0	4589.532381043474	0.0	0	0.0	5370.513881414605	1	0	tensor(3, device='cuda:0')	1.6151144942335318
138112.84930491375	6000.0	4257.6645765008925	0.0	0	0.0	5370.513881414605	1	0	tensor(3, device='cuda:0')	1.6151144942335396
138894.7378902625	6000.0	4475.775991152129	0.0	0	0.0	5370.513881414576	1	0	tensor(3, device='cuda:0')	1.6151144942335662
139676.06241750217	6000.0	4694.451463912486	0.0	0	0.0	5370.513881414605	1	0	tensor(3, device='cuda:0')	1.6151144942335396
140200.0	6000.0	5170.513881414663	0.0	0	38.05642798307235	5370.513881414605	1	0	tensor(3, device='cuda:0')	1.6151144942335396
141200.0	6000.0	5170.513881414678	0.0	0	155.80564603369567	5370.513881414605	1	0	tensor(3, device='cuda:0')	1.6151144942335396
142200.0	6000.0	5170.513881414689	0.0	0	231.35094509765622	5370.513881414605	1	0	tensor(3, device='cuda:0')	1.6151144942335396
143200.0	6000.0	5170.513881414674	0.0	0	218.0872503684077	5370.513881414634	1	0	tensor(3, device='cuda:0')	1.6151144942335138
144348.4778984299	6000.0	5022.035982984769	0.0	0	0.0	5370.513881414634	1	0	tensor(3, device='cuda:0')	1.6151144942335138
145544.96509520654	6000.0	4825.548786208163	0.0	0	0.0	5370.513881414634	1	0	tensor(3, device='cuda:0')	1.6151144942335138
146384.22215635554	6000.0	4986.291725059166	0.0	0	0.0	5370.513881414634	1	0	tensor(3, device='cuda:0')	1.6151144942335138
147200.0	6000.0	5170.513881414694	0.0	0	33.74665875846404	5370.513881414634	1	0	tensor(3, device='cuda:0')	1.6151144942335138
148200.0	6000.0	5170.513881414689	0.0	0	6.827196742262458	5370.513881414605	1	0	tensor(3, device='cuda:0')	1.6151144942335396
149279.69055424517	6000.0	5090.823327169536	0.0	0	0.0	5370.513881414605	1	0	tensor(3, device='cuda:0')	1.6151144942335396
150663.1384341422	6000.0	4707.375447272527	0.0	0	0.0	5370.513881414634	1	0	tensor(3, device='cuda:0')	1.6151144942335138
151671.83205095638	6000.0	4698.681830458356	0.0	0	0.0	5370.513881414634	1	0	tensor(3, device='cuda:0')	1.6151144942335138
152372.43573164722	6000.0	4998.078149767541	0.0	0	0.0	5370.513881414634	1	0	tensor(3, device='cuda:0')	1.6151144942335138
153200.0	6000.0	5170.513881414752	0.0	0	321.66253159716143	5370.513881414634	1	0	tensor(3, device='cuda:0')	1.6151144942335138
154200.0	6000.0	5170.513881414766	0.0	0	165.00962053603143	5370.513881414605	1	0	tensor(3, device='cuda:0')	1.6151144942335396
155493.48559494762	6000.0	4877.02828646717	0.0	0	0.0	5370.513881414605	1	0	tensor(3, device='cuda:0')	1.6151144942335396
156658.15739606554	6000.0	4712.356485349266	0.0	0	0.0	5370.513881414605	1	0	tensor(3, device='cuda:0')	1.6151144942335396
157631.4022194693	6000.0	4739.111661945465	0.0	0	0.0	5370.513881414576	1	0	tensor(3, device='cuda:0')	1.6151144942335662
158357.30220424483	6000.0	5013.211677169938	0.0	0	0.0	5370.513881414576	1	0	tensor(3, device='cuda:0')	1.6151144942335662
159304.71515374654	6000.0	5065.798727668206	0.0	0	0.0	5370.513881414547	1	0	tensor(3, device='cuda:0')	1.6151144942335927
160200.0	6000.0	5170.513881414729	0.0	0	264.3476296105364	5370.5138814145175	1	0	tensor(3, device='cuda:0')	1.6151144942336193
161200.0	6000.0	5170.513881414729	0.0	0	297.1057234253094	5370.5138814145175	1	0	tensor(3, device='cuda:0')	1.6151144942336193
162270.77331740182	6000.0	5099.740564012881	0.0	0	0.0	5370.5138814145175	1	0	tensor(3, device='cuda:0')	1.6151144942336193
163200.0	6000.0	5170.513881414702	0.0	0	23.31299921136815	5370.5138814145175	1	0	tensor(3, device='cuda:0')	1.6151144942336193
164631.7230618839	6000.0	4738.790819530764	0.0	0	0.0	5370.5138814145175	1	0	tensor(3, device='cuda:0')	1.6151144942336193
165449.4060240094	6000.0	4921.107857405274	0.0	0	0.0	5370.513881414547	1	0	tensor(3, device='cuda:0')	1.6151144942335927
166600.52400478043	6000.0	4769.989876634245	0.0	0	0.0	5370.513881414576	1	0	tensor(3, device='cuda:0')	1.6151144942335662
167692.74759280344	6000.0	4677.766288611244	0.0	0	0.0	5370.513881414576	1	0	tensor(3, device='cuda:0')	1.6151144942335662
168641.5096991964	6000.0	4729.004182218237	0.0	0	0.0	5370.513881414576	1	0	tensor(3, device='cuda:0')	1.6151144942335662
169673.67990596275	6000.0	4696.833975451921	0.0	0	0.0	5370.513881414576	1	0	tensor(3, device='cuda:0')	1.6151144942335662
170237.71117351757	6000.0	5132.802707897108	0.0	0	0.0	5370.513881414576	1	0	tensor(3, device='cuda:0')	1.6151144942335662
171200.0	6000.0	5170.5138814146785	0.0	0	321.32664952866617	5370.513881414605	1	0	tensor(3, device='cuda:0')	1.6151144942335396
172219.22838129054	6000.0	5151.285500124109	0.0	0	0.0	5370.513881414634	1	0	tensor(3, device='cuda:0')	1.6151144942335138
173465.4811436031	6000.0	4905.032737811559	0.0	0	0.0	5370.513881414634	1	0	tensor(3, device='cuda:0')	1.6151144942335138
174522.13893612477	6000.0	4848.374945289854	0.0	0	0.0	5370.513881414634	1	0	tensor(3, device='cuda:0')	1.6151144942335138
175739.24069425272	6000.0	4631.273187161929	0.0	0	0.0	5370.513881414605	1	0	tensor(3, device='cuda:0')	1.6151144942335396
176527.49958504655	6000.0	4843.014296368093	0.0	0	0.0	5370.513881414605	1	0	tensor(3, device='cuda:0')	1.6151144942335396
177339.38532204082	6000.0	5031.128559373828	0.0	0	0.0	5370.513881414634	1	0	tensor(3, device='cuda:0')	1.6151144942335138
178200.0	6000.0	5170.513881414661	0.0	0	58.11013640870806	5370.513881414663	1	0	tensor(3, device='cuda:0')	1.6151144942334872
179200.0	6000.0	5170.513881414651	0.0	0	167.02138089342043	5370.513881414663	1	0	tensor(3, device='cuda:0')	1.6151144942334872
180200.0	6000.0	5170.513881414657	0.0	0	310.1393606865604	5370.513881414663	1	0	tensor(3, device='cuda:0')	1.6151144942334872
181606.1563822471	6000.0	4764.357499167536	0.0	0	0.0	5370.513881414663	1	0	tensor(3, device='cuda:0')	1.6151144942334872
182599.07206158308	6000.0	4771.4418198315525	0.0	0	0.0	5370.513881414692	1	0	tensor(3, device='cuda:0')	1.6151144942334608
183419.33698649282	6000.0	4951.176894921786	0.0	0	0.0	5370.513881414692	1	0	tensor(3, device='cuda:0')	1.6151144942334608
184200.0	6000.0	5170.513881414563	0.0	0	274.9452576125914	5370.513881414692	1	0	tensor(3, device='cuda:0')	1.6151144942334608
185200.0	6000.0	5170.513881414565	0.0	0	414.4810648347193	5370.513881414721	1	0	tensor(3, device='cuda:0')	1.6151144942334341
186286.20436889885	6000.0	5084.309512515699	0.0	0	0.0	5370.513881414692	1	0	tensor(3, device='cuda:0')	1.6151144942334608
187200.0	6000.0	5170.513881414528	0.0	0	164.70396424698993	5370.513881414663	1	0	tensor(3, device='cuda:0')	1.6151144942334872
188200.0	6000.0	5170.513881414527	0.0	0	337.5601583106909	5370.513881414663	1	0	tensor(3, device='cuda:0')	1.6151144942334872
189200.0	6000.0	5170.5138814145375	0.0	0	7.564500024804147	5370.513881414692	1	0	tensor(3, device='cuda:0')	1.6151144942334608
190200.0	6000.0	5170.513881414523	0.0	0	276.51504804502474	5370.513881414692	1	0	tensor(3, device='cuda:0')	1.6151144942334608
191200.0	6000.0	5170.513881414517	0.0	0	346.70861081560724	5370.513881414692	1	0	tensor(3, device='cuda:0')	1.6151144942334608
192485.91333363185	6000.0	4884.600547782663	0.0	0	0.0	5370.513881414692	1	0	tensor(3, device='cuda:0')	1.6151144942334608
193589.72022870713	6000.0	4780.793652707404	0.0	0	0.0	5370.513881414692	1	0	tensor(3, device='cuda:0')	1.6151144942334608
194512.95751609997	6000.0	4857.556365314545	0.0	0	0.0	5370.513881414692	1	0	tensor(3, device='cuda:0')	1.6151144942334608
195381.03871755517	6000.0	4989.4751638593225	0.0	0	0.0	5370.513881414692	1	0	tensor(3, device='cuda:0')	1.6151144942334608
196363.50937685743	6000.0	5007.004504557066	0.0	0	0.0	5370.513881414692	1	0	tensor(3, device='cuda:0')	1.6151144942334608
197551.93842391678	6000.0	4818.575457497718	0.0	0	0.0	5370.513881414692	1	0	tensor(3, device='cuda:0')	1.6151144942334608
198488.00451715864	6000.0	4882.5093642559	0.0	0	0.0	5370.513881414721	1	0	tensor(3, device='cuda:0')	1.6151144942334341
199352.2456246348	6000.0	5018.268256779732	0.0	0	0.0	5370.513881414721	1	0	tensor(3, device='cuda:0')	1.6151144942334341
200200.0	6000.0	5170.513881414494	0.0	0	205.3217487144284	5370.513881414721	1	0	tensor(3, device='cuda:0')	1.6151144942334341
201200.0	6000.0	5170.5138814145275	0.0	0	123.03484163188841	5370.513881414721	1	0	tensor(3, device='cuda:0')	1.6151144942334341
202200.0	6000.0	5170.513881414516	0.0	0	421.04657610482536	5370.513881414721	1	0	tensor(3, device='cuda:0')	1.6151144942334341
203411.25990502536	6000.0	4959.253976389121	0.0	0	0.0	5370.513881414721	1	0	tensor(3, device='cuda:0')	1.6151144942334341
204200.0	6000.0	5170.513881414504	0.0	0	183.66972560776048	5370.513881414721	1	0	tensor(3, device='cuda:0')	1.6151144942334341
205445.94129508926	6000.0	4924.572586325234	0.0	0	0.0	5370.513881414721	1	0	tensor(3, device='cuda:0')	1.6151144942334341
206808.24463548866	6000.0	4562.269245925811	0.0	0	0.0	5370.513881414721	1	0	tensor(3, device='cuda:0')	1.6151144942334341
208261.71460916084	6000.0	4108.799272253649	0.0	0	0.0	5370.51388141475	1	0	tensor(3, device='cuda:0')	1.6151144942334084
208967.48647945843	6000.0	4403.027401956107	0.0	0	0.0	5370.51388141475	1	0	tensor(3, device='cuda:0')	1.6151144942334084
209853.71819160093	6000.0	4516.795689813585	0.0	0	0.0	5370.51388141475	1	0	tensor(3, device='cuda:0')	1.6151144942334084
210421.1786411457	6000.0	4949.335240268834	0.0	0	0.0	5370.51388141475	1	0	tensor(3, device='cuda:0')	1.6151144942334084
211200.0	6000.0	5170.513881414547	0.0	0	294.01734392964863	5370.51388141475	1	0	tensor(3, device='cuda:0')	1.6151144942334084
212200.0	6000.0	5170.513881414578	0.0	0	452.92229736197623	5370.51388141475	1	0	tensor(3, device='cuda:0')	1.6151144942334084
213225.54690970495	6000.0	5144.9669717096485	0.0	0	0.0	5370.51388141475	1	0	tensor(3, device='cuda:0')	1.6151144942334084
214427.38935218108	6000.0	4943.124529233541	0.0	0	0.0	5370.51388141475	1	0	tensor(3, device='cuda:0')	1.6151144942334084
215574.00540011775	6000.0	4796.508481296849	0.0	0	0.0	5370.5138814147795	1	0	tensor(3, device='cuda:0')	1.6151144942333817
216811.0288531229	6000.0	4559.4850282917	0.0	0	0.0	5370.5138814147795	1	0	tensor(3, device='cuda:0')	1.6151144942333817
217505.91564610307	6000.0	4864.598235311533	0.0	0	0.0	5370.5138814147795	1	0	tensor(3, device='cuda:0')	1.6151144942333817
218394.73399608766	6000.0	4975.779885326961	0.0	0	0.0	5370.5138814147795	1	0	tensor(3, device='cuda:0')	1.6151144942333817
219296.42897342215	6000.0	5074.0849079924965	0.0	0	0.0	5370.513881414809	1	0	tensor(3, device='cuda:0')	1.615114494233355
220200.0	6000.0	5170.513881414661	0.0	0	152.31698108481942	5370.513881414809	1	0	tensor(3, device='cuda:0')	1.615114494233355
221200.0	6000.0	5170.513881414667	0.0	0	260.7698069718317	5370.513881414809	1	0	tensor(3, device='cuda:0')	1.615114494233355
222200.0	6000.0	5170.513881414662	0.0	0	296.70468031265773	5370.513881414809	1	0	tensor(3, device='cuda:0')	1.615114494233355
223862.69060374956	6000.0	4507.82327766509	0.0	0	0.0	5370.513881414809	1	0	tensor(3, device='cuda:0')	1.615114494233355
224942.2030301552	6000.0	4428.310851259463	0.0	0	0.0	5370.513881414809	1	0	tensor(3, device='cuda:0')	1.615114494233355
226308.6667645276	6000.0	4061.8471168870656	0.0	0	0.0	5370.513881414809	1	0	tensor(3, device='cuda:0')	1.615114494233355
226847.71310936773	6000.0	4522.800772046903	0.0	0	0.0	5370.513881414809	1	0	tensor(3, device='cuda:0')	1.615114494233355
227766.35296089845	6000.0	4604.160920516184	0.0	0	0.0	5370.513881414809	1	0	tensor(3, device='cuda:0')	1.615114494233355
229083.91537723318	6000.0	4286.598504181446	0.0	0	0.0	5370.513881414838	1	0	tensor(3, device='cuda:0')	1.6151144942333284
230574.36356351568	6000.0	3796.150317898927	0.0	0	0.0	5370.513881414838	1	0	tensor(3, device='cuda:0')	1.6151144942333284
231362.1864502446	6000.0	4008.327431170002	0.0	0	0.0	5370.513881414809	1	0	tensor(3, device='cuda:0')	1.615114494233355
232316.36917546167	6000.0	4054.1447059529614	0.0	0	0.0	5370.513881414809	1	0	tensor(3, device='cuda:0')	1.615114494233355
234106.40733546388	6000.0	3264.1065459507613	0.0	0	0.0	5370.513881414809	1	0	tensor(3, device='cuda:0')	1.615114494233355
234929.72126457043	6000.0	3440.7926168442405	0.0	0	0.0	5370.513881414809	1	0	tensor(3, device='cuda:0')	1.615114494233355
235645.7241647136	6000.0	3724.7897167010447	0.0	0	0.0	5370.5138814147795	1	0	tensor(3, device='cuda:0')	1.6151144942333817
236587.38109550235	6000.0	3783.132785912306	0.0	0	0.0	5370.5138814147795	1	0	tensor(3, device='cuda:0')	1.6151144942333817
237349.22305831485	6000.0	4021.290823099826	0.0	0	0.0	5370.5138814147795	1	0	tensor(3, device='cuda:0')	1.6151144942333817
238230.38498152158	6000.0	4140.128899893107	0.0	0	0.0	5370.5138814147795	1	0	tensor(3, device='cuda:0')	1.6151144942333817
239208.52239726004	6000.0	4161.991484154611	0.0	0	0.0	5370.51388141475	1	0	tensor(3, device='cuda:0')	1.6151144942334084
240394.2340368382	6000.0	3976.2798445764683	0.0	0	0.0	5370.51388141475	1	0	tensor(3, device='cuda:0')	1.6151144942334084
241146.8553336798	6000.0	4223.6585477348835	0.0	0	0.0	5370.51388141475	1	0	tensor(3, device='cuda:0')	1.6151144942334084
241933.52573255627	6000.0	4436.988148858415	0.0	0	0.0	5370.51388141475	1	0	tensor(3, device='cuda:0')	1.6151144942334084
243240.03716112408	6000.0	4130.476720290615	0.0	0	0.0	5370.51388141475	1	0	tensor(3, device='cuda:0')	1.6151144942334084
244180.0962652706	6000.0	4190.417616144092	0.0	0	0.0	5370.51388141475	1	0	tensor(3, device='cuda:0')	1.6151144942334084
245126.61522446747	6000.0	4243.898656947223	0.0	0	0.0	5370.5138814147795	1	0	tensor(3, device='cuda:0')	1.6151144942333817
246319.20481484837	6000.0	4051.30906656629	0.0	0	0.0	5370.5138814147795	1	0	tensor(3, device='cuda:0')	1.6151144942333817
247423.6596729508	6000.0	3946.854208463845	0.0	0	0.0	5370.5138814147795	1	0	tensor(3, device='cuda:0')	1.6151144942333817
248185.75142062892	6000.0	4184.762460785738	0.0	0	0.0	5370.5138814147795	1	0	tensor(3, device='cuda:0')	1.6151144942333817
248659.3721492368	6000.0	4711.141732177857	0.0	0	0.0	5370.5138814147795	1	0	tensor(3, device='cuda:0')	1.6151144942333817
249399.66974552238	6000.0	4970.844135892227	0.0	0	0.0	5370.5138814147795	1	0	tensor(3, device='cuda:0')	1.6151144942333817
250405.23647531652	6000.0	4965.277406098108	0.0	0	0.0	5370.51388141475	1	0	tensor(3, device='cuda:0')	1.6151144942334084
251437.70887595817	6000.0	4932.805005456453	0.0	0	0.0	5370.51388141475	1	0	tensor(3, device='cuda:0')	1.6151144942334084
252390.45202355421	6000.0	4980.061857860414	0.0	0	0.0	5370.51388141475	1	0	tensor(3, device='cuda:0')	1.6151144942334084
253250.91236981394	6000.0	5119.601511600685	0.0	0	0.0	5370.513881414721	1	0	tensor(3, device='cuda:0')	1.6151144942334341
254200.0	6000.0	5170.513881414638	0.0	0	262.5294828969345	5370.513881414692	1	0	tensor(3, device='cuda:0')	1.6151144942334608
255342.7427042946	6000.0	5027.77117712007	0.0	0	0.0	5370.513881414692	1	0	tensor(3, device='cuda:0')	1.6151144942334608
256200.0	6000.0	5170.513881414668	0.0	0	5.4043403109535575	5370.513881414692	1	0	tensor(3, device='cuda:0')	1.6151144942334608
257386.45808727504	6000.0	4984.055794139606	0.0	0	0.0	5370.513881414663	1	0	tensor(3, device='cuda:0')	1.6151144942334872
258618.16696776226	6000.0	4752.346913652407	0.0	0	0.0	5370.513881414692	1	0	tensor(3, device='cuda:0')	1.6151144942334608
259812.80491060487	6000.0	4557.708970809803	0.0	0	0.0	5370.513881414692	1	0	tensor(3, device='cuda:0')	1.6151144942334608
260672.35604323717	6000.0	4698.157838177474	0.0	0	0.0	5370.513881414692	1	0	tensor(3, device='cuda:0')	1.6151144942334608
261297.96567372337	6000.0	5072.548207691291	0.0	0	0.0	5370.513881414692	1	0	tensor(3, device='cuda:0')	1.6151144942334608
262200.0	6000.0	5170.513881414657	0.0	0	223.78303375985706	5370.513881414663	1	0	tensor(3, device='cuda:0')	1.6151144942334872
263200.0	6000.0	5170.513881414616	0.0	0	358.9032617083285	5370.513881414634	1	0	tensor(3, device='cuda:0')	1.6151144942334978
264226.5506032097	6000.0	5143.963278204928	0.0	0	0.0	5370.513881414634	1	0	tensor(3, device='cuda:0')	1.615114494233524
265200.0	6000.0	5170.513881414642	0.0	0	171.3544895182713	5370.513881414663	1	0	tensor(3, device='cuda:0')	1.6151144942335136
266200.0	6000.0	5170.513881414615	0.0	0	393.3670869114576	5370.513881414663	1	0	tensor(3, device='cuda:0')	1.6151144942334978
267200.0	6000.0	5170.513881414569	0.0	0	459.61074559559347	5370.513881414634	1	0	tensor(3, device='cuda:0')	1.6151144942334925
268200.0	6000.0	5170.513881414569	0.0	0	380.94449283508584	5370.513881414663	1	0	tensor(3, device='cuda:0')	1.6151144942334872
269328.49849707517	6000.0	5042.01538433942	0.0	0	0.0	5370.513881414663	1	0	tensor(3, device='cuda:0')	1.6151144942334872
270200.0	6000.0	5170.513881414544	0.0	0	151.45543302688748	5370.513881414663	1	0	tensor(3, device='cuda:0')	1.6151144942334872
271556.3209064179	6000.0	4814.192974996594	0.0	0	0.0	5370.513881414663	1	0	tensor(3, device='cuda:0')	1.6151144942334872
272740.14064338425	6000.0	4630.373238030308	0.0	0	0.0	5370.513881414663	1	0	tensor(3, device='cuda:0')	1.6151144942334872
273566.2260586363	6000.0	4804.287822778235	0.0	0	0.0	5370.513881414663	1	0	tensor(3, device='cuda:0')	1.6151144942334872
274358.02710791695	6000.0	5012.486773497577	0.0	0	0.0	5370.513881414663	1	0	tensor(3, device='cuda:0')	1.6151144942334872
275336.6551054814	6000.0	5033.858775933126	0.0	0	0.0	5370.513881414721	1	0	tensor(3, device='cuda:0')	1.6151144942334341
276200.0	6000.0	5170.513881414505	0.0	0	357.7418118882342	5370.513881414721	1	0	tensor(3, device='cuda:0')	1.6151144942334341
277200.0	6000.0	5170.513881414502	0.0	0	552.3556432563346	5370.5138814147795	1	0	tensor(3, device='cuda:0')	1.6151144942333817
278200.0	6000.0	5170.513881414476	0.0	0	340.98456286190776	5370.513881414838	1	0	tensor(3, device='cuda:0')	1.6151144942333284
279200.0	6000.0	5170.513881414486	0.0	0	180.3210875604418	5370.513881414838	1	0	tensor(3, device='cuda:0')	1.6151144942333284
280472.9768762986	6000.0	4897.537005115881	0.0	0	0.0	5370.513881414838	1	0	tensor(3, device='cuda:0')	1.6151144942333284
281418.75662170403	6000.0	4951.757259710498	0.0	0	0.0	5370.513881414838	1	0	tensor(3, device='cuda:0')	1.6151144942333284
282697.8811072561	6000.0	4672.632774158402	0.0	0	0.0	5370.513881414838	1	0	tensor(3, device='cuda:0')	1.6151144942333284
283639.53202123527	6000.0	4730.9818601792895	0.0	0	0.0	5370.513881414838	1	0	tensor(3, device='cuda:0')	1.6151144942333284
284682.01388457784	6000.0	4688.499996836681	0.0	0	0.0	5370.513881414838	1	0	tensor(3, device='cuda:0')	1.6151144942333284
286619.45546618843	6000.0	3751.058415226098	0.0	0	0.0	5370.513881414838	1	0	tensor(3, device='cuda:0')	1.6151144942333284
287739.12301279267	6000.0	3631.390868621816	0.0	0	0.0	5370.513881414838	1	0	tensor(3, device='cuda:0')	1.6151144942333284
289029.301863815	6000.0	3341.2120175995005	0.0	0	0.0	5370.5138814147795	1	0	tensor(3, device='cuda:0')	1.6151144942333817
290479.76669514447	6000.0	2890.74718626999	0.0	0	0.0	5370.5138814147795	1	0	tensor(3, device='cuda:0')	1.6151144942333817
291536.99769687164	6000.0	2833.5161845428734	0.0	0	0.0	5370.513881414838	1	0	tensor(3, device='cuda:0')	1.6151144942333284
292409.254247337	6000.0	2961.2596340775117	0.0	0	0.0	5370.513881414838	1	0	tensor(3, device='cuda:0')	1.6151144942333284
293535.1088683857	6000.0	2835.4050130286773	0.0	0	0.0	5370.513881414838	1	0	tensor(3, device='cuda:0')	1.6151144942333284
294314.35818890214	6000.0	3056.155692512191	0.0	0	0.0	5370.513881414838	1	0	tensor(3, device='cuda:0')	1.6151144942333284
295346.72017758247	6000.0	3023.7937038318505	0.0	0	0.0	5370.513881414838	1	0	tensor(3, device='cuda:0')	1.6151144942333284
296190.0021191475	6000.0	3180.5117622667863	0.0	0	0.0	5370.5138814147795	1	0	tensor(3, device='cuda:0')	1.6151144942333817
296827.6981112659	6000.0	3542.815770148394	0.0	0	0.0	5370.513881414838	1	0	tensor(3, device='cuda:0')	1.6151144942333284
297651.27860699524	6000.0	3719.235274419017	0.0	0	0.0	5370.5138814147795	1	0	tensor(3, device='cuda:0')	1.6151144942333817
298675.89084196906	6000.0	3694.623039445177	0.0	0	0.0	5370.5138814147795	1	0	tensor(3, device='cuda:0')	1.6151144942333817
299414.6287628109	6000.0	3955.8851186034003	0.0	0	0.0	5370.5138814147795	1	0	tensor(3, device='cuda:0')	1.6151144942333817
300495.0681080475	6000.0	3875.445773366879	0.0	0	0.0	5370.5138814147795	1	0	tensor(3, device='cuda:0')	1.6151144942333817
301343.2150584466	6000.0	4027.2988229677208	0.0	0	0.0	5370.5138814147795	1	0	tensor(3, device='cuda:0')	1.6151144942333817
302079.09075851395	6000.0	4291.423122900391	0.0	0	0.0	5370.5138814147795	1	0	tensor(3, device='cuda:0')	1.6151144942333817
303183.8118350731	6000.0	4186.702046341327	0.0	0	0.0	5370.5138814147795	1	0	tensor(3, device='cuda:0')	1.6151144942333817
304062.439617811	6000.0	4308.074263603403	0.0	0	0.0	5370.5138814147795	1	0	tensor(3, device='cuda:0')	1.6151144942333817
7.09	7.89	9.5	7.66	6.96	4.87	6.36	7.68	7.47	7.41	4.6	5.33	4.9	3.73	6.97	7.09	7.89	11.8	8.76	7.61	6.51	6.93	6.93	6.08	5.6	4.98	4.92	5.35	4.54	6.41	6.82	9.67	12.8	13.4	9.2	8.41	7.8	5.84	10.7	9.15	8.5	9.17	5.27	6.0	6.06	7.61	6.95	7.53	8.54	10.6	8.78	9.41	4.69	5.9	11.6	8.18	5.04	6.02	6.17	6.37	7.14	10.3	7.25	5.9	7.71	9.23	6.89	10.1	6.21	5.46	6.51	6.75	8.36	11.3	7.52	6.54	7.24	8.29	6.95	5.54	8.0	8.88	9.51	4.47	5.29	6.2	8.36	8.79	9.02	7.44	8.85	8.05	6.79	7.22	5.27	6.19	3.72	5.64	8.68	8.66	8.2	6.54	8.13	5.32	4.52	5.82	6.37	4.26	5.22	6.3	7.67	6.81	6.37	7.01	7.02	7.82	5.69	5.6	8.51	8.46	8.49	7.02	4.71	5.28	7.88	14.4	11.2	3.86	4.19	4.69	7.1	10.5	6.17	6.93	8.42	4.67	5.54	8.86	7.37	5.73	6.75	5.11	5.62	7.41	10.5	7.89	4.49	3.5	5.68	6.64	7.31	11.4	9.04	4.15	4.97	4.17	6.65	4.74	7.15	7.4	7.56	8.24	7.9	7.67	4.68	6.86	7.0	6.19	6.83	6.65	7.88	8.82	5.49	5.4	5.73	9.71	13.9	7.31	7.67	7.22	8.16	11.7	8.61	5.57	5.19	9.48	8.76	7.17	6.75	6.43	8.72	8.84	8.27	9.09	5.11	9.73	5.62	5.14	6.45	4.58	6.71	9.83	10.1	9.37	6.2	5.6	4.46	4.34	7.77	9.39	8.13	8.48	9.23	9.22	4.85	3.51	5.03	5.82	9.63	6.41	5.94	5.19	5.78	7.68	4.75	3.95	7.94	7.49	5.77	7.7	6.48	6.42	6.73	6.42	5.57	5.29	7.14	5.2	6.83	10.5	10.8	6.56	6.87	6.05	6.57	7.82	6.21	6.23	4.78	6.9	4.6	7.41	9.75	11.1	7.47	5.2	6.77	8.38	10.3	8.88	5.98	7.21	5.88	5.76	4.27	8.43	6.26	10.3	10.6	10.0	5.82	6.28	6.32	4.7	6.36	6.67	4.33	3.73	4.75	8.5	4.74	4.46	5.44	5.94	5.56	6.46	6.13	8.62	8.83	6.81	9.92	4.62	5.07	8.03	6.39	8.62	8.03	9.02	6.41	6.87	7.7
194.0	195.0	196.0	197.0	198.0	199.0	200.0	201.0	202.0	203.0	204.0	205.0	206.0	207.0	208.0	209.0	210.0	211.0	212.0	213.0	214.0	215.0	216.0	217.0	218.0	219.0	220.0	221.0	222.0	223.0	224.0	225.0	226.0	227.0	228.0	229.0	230.0	231.0	232.0	233.0	234.0	235.0	236.0	237.0	238.0	239.0	240.0	241.0	242.0	243.0	244.0	245.0	246.0	247.0	248.0	249.0	250.0	251.0	252.0	253.0	254.0	255.0	256.0	257.0	258.0	259.0	260.0	261.0	262.0	263.0	264.0	265.0	266.0	267.0	268.0	269.0	270.0	271.0	272.0	273.0	274.0	275.0	276.0	277.0	278.0	279.0	280.0	281.0	282.0	283.0	284.0	285.0	286.0	287.0	288.0	289.0	290.0	291.0	292.0	293.0	294.0	295.0	296.0	297.0	298.0	299.0	300.0	301.0	302.0	303.0	304.0	305.0	306.0	307.0	308.0	309.0	310.0	311.0	312.0	313.0	314.0	315.0	316.0	317.0	318.0	319.0	320.0	321.0	322.0	323.0	324.0	325.0	326.0	327.0	328.0	329.0	330.0	331.0	332.0	333.0	334.0	335.0	336.0	337.0	338.0	339.0	340.0	341.0	342.0	343.0	344.0	345.0	346.0	347.0	348.0	349.0	350.0	351.0	352.0	353.0	354.0	355.0	356.0	357.0	358.0	359.0	360.0	361.0	362.0	363.0	364.0	365.0	366.0	367.0	368.0	369.0	370.0	371.0	372.0	373.0	374.0	375.0	376.0	377.0	378.0	379.0	380.0	381.0	382.0	383.0	384.0	385.0	386.0	387.0	388.0	389.0	390.0	391.0	392.0	393.0	394.0	395.0	396.0	397.0	398.0	399.0	400.0	401.0	402.0	403.0	404.0	405.0	406.0	407.0	408.0	409.0	410.0	411.0	412.0	413.0	414.0	415.0	416.0	417.0	418.0	419.0	420.0	421.0	422.0	423.0	424.0	425.0	426.0	427.0	428.0	429.0	430.0	431.0	432.0	433.0	434.0	435.0	436.0	437.0	438.0	439.0	440.0	441.0	442.0	443.0	444.0	445.0	446.0	447.0	448.0	449.0	450.0	451.0	452.0	453.0	454.0	455.0	456.0	457.0	458.0	459.0	460.0	461.0	462.0	463.0	464.0	465.0	466.0	467.0	468.0	469.0	470.0	471.0	472.0	473.0	474.0	475.0	476.0	477.0	478.0	479.0	480.0	481.0	482.0	483.0	484.0	485.0	486.0	487.0	488.0	489.0	490.0	491.0	492.0	493.0	494.0
8229.0
