4841.970654176958	3000.0	2000.0	1129.6280122445924	0	0.0	4841.970654176958	1	0	tensor(4, device='cuda:0')	-7.76225001210609
5419.414026741187	3000.0	2364.812290179349	0.0	0	0.0	4784.226316920535	1	0	tensor(4, device='cuda:0')	1.2718363936668178
5949.305071399724	3000.0	2781.9321410549587	0.0	0	0.0	4731.237212454682	1	0	tensor(4, device='cuda:0')	1.320288556849516
6493.276708596615	3000.0	3183.5633401383775	0.0	0	0.0	4676.840048734992	1	0	tensor(4, device='cuda:0')	1.3527055511024217
8219.050170055305	6000.0	2457.789878679687	0.0	0	0.0	4676.840048734992	1	0	tensor(3, device='cuda:0')	1.2713034242322925
9694.430581448223	6000.0	1982.4094672867702	0.0	0	0.0	4676.840048734994	1	0	tensor(3, device='cuda:0')	2.164450604792237
10250.785486888357	3000.0	2370.419071302625	0.0	0	0.0	4621.204558190982	1	0	tensor(4, device='cuda:0')	0.49374816628749396
10970.484124366983	3000.0	2578.7505700761353	0.0	0	0.0	4549.23469444312	1	0	tensor(4, device='cuda:0')	1.3963076989765033
11749.814363058476	3000.0	2721.487307515493	0.0	0	0.0	4471.301670573971	1	0	tensor(4, device='cuda:0')	1.4305411629666944
12955.924291125986	3000.0	2394.7663866412317	0.0	0	0.0	4350.690677767221	1	0	tensor(4, device='cuda:0')	1.4110103556102123
13726.637082504983	3000.0	2546.982316124334	0.0	0	0.0	4273.619398629322	1	0	tensor(4, device='cuda:0')	1.5458563160883125
14464.370832683035	3000.0	2735.4751909284796	0.0	0	0.0	4199.846023611519	1	0	tensor(4, device='cuda:0')	1.5877945237711781
15324.320925858854	3000.0	2789.5300884350772	0.0	0	0.0	4113.851014293938	1	0	tensor(4, device='cuda:0')	1.6037392275747755
16087.553364611462	3000.0	2949.9744058072074	0.0	0	0.0	4037.5277704186774	1	0	tensor(4, device='cuda:0')	1.6581546661744104
17003.326983667346	3000.0	2942.6234248457367	0.0	0	0.0	3945.95040851309	1	0	tensor(4, device='cuda:0')	1.6651836977309786
17693.0457834991	3000.0	3183.932745030807	0.0	0	0.0	3876.978528529913	1	0	tensor(4, device='cuda:0')	1.7415130053195105
18266.24628183018	3000.0	3553.412196866622	0.0	0	0.0	3819.658478696805	1	0	tensor(4, device='cuda:0')	1.7865900002308828
19200.0	3000.0	3526.2831068798214	0.0	0	366.7615172782025	3726.283106879826	1	0	tensor(4, device='cuda:0')	1.7396173358675395
20331.05290083771	6000.0	3395.2302060421175	0.0	0	0.0	3726.283106879833	1	0	tensor(3, device='cuda:0')	1.739182644575273
21416.044485919425	6000.0	3310.2386209603987	0.0	0	0.0	3726.283106879833	1	0	tensor(3, device='cuda:0')	2.6323298251352165
22268.775212931723	6000.0	3457.507893948101	0.0	0	0.0	3726.283106879833	1	0	tensor(3, device='cuda:0')	2.6323298251352165
23226.72399424435	6000.0	3499.559112635476	0.0	0	0.0	3726.283106879837	1	0	tensor(3, device='cuda:0')	2.6323298251352156
24680.027425622426	6000.0	3046.255681257396	0.0	0	0.0	3726.283106879837	1	0	tensor(3, device='cuda:0')	2.6323298251352156
26771.680506074208	6000.0	1954.6026008056137	0.0	0	0.0	3726.283106879837	1	0	tensor(3, device='cuda:0')	2.6323298251352156
28099.522565044143	6000.0	1626.7605418356802	0.0	0	0.0	3726.283106879837	1	0	tensor(3, device='cuda:0')	2.6323298251352156
29018.81375136971	3000.0	1615.5402368775542	0.0	0	0.0	3634.3539882472796	1	0	tensor(4, device='cuda:0')	0.8833522155968635
30020.622085325722	3000.0	1513.5510695259447	0.0	0	0.0	3534.1731548516836	1	0	tensor(4, device='cuda:0')	1.7921781800927814
30843.540530946237	3000.0	1608.3407793433823	0.0	0	0.0	3451.8813102896383	1	0	tensor(4, device='cuda:0')	1.8523209627705493
31516.203646062448	3000.0	1868.4113527155523	0.0	0	0.0	3384.6149987780154	1	0	tensor(4, device='cuda:0')	1.9009885137203346
32328.55009864995	3000.0	1974.8302548693011	0.0	0	0.0	3303.3803535192637	1	0	tensor(4, device='cuda:0')	1.892436204014555
32867.586067269716	3000.0	2381.890689387559	0.0	0	0.0	3249.476756657288	1	0	tensor(4, device='cuda:0')	1.9617651134825826
33363.40875542179	3000.0	2836.4857324202835	0.0	0	0.0	3199.8944878420843	1	0	tensor(4, device='cuda:0')	1.9811744085170542
34200.0	3000.0	2916.2353633842517	0.0	0	333.68345609895914	3116.2353633842613	1	0	tensor(4, device='cuda:0')	1.9263418130538406
35516.50497237003	6000.0	2599.7303910142246	0.0	0	0.0	3116.235363384265	1	0	tensor(3, device='cuda:0')	1.9006276042358468
37042.50010501219	6000.0	2073.735258372071	0.0	0	0.0	3116.235363384265	1	0	tensor(3, device='cuda:0')	2.793774784795792
37702.73422042803	3000.0	2347.4777314146386	0.0	0	0.0	3050.2119518426844	1	0	tensor(4, device='cuda:0')	1.0855591424569238
38474.75189790809	3000.0	2498.2582861865644	0.0	0	0.0	2973.0101840946736	1	0	tensor(4, device='cuda:0')	1.9696680395588335
39560.53275297079	6000.0	2412.477431123871	0.0	0	0.0	2973.0101840946736	1	0	tensor(3, device='cuda:0')	1.927590186853913
41160.787437312036	6000.0	1812.2227467826124	0.0	0	0.0	2973.0101840946663	1	0	tensor(3, device='cuda:0')	2.820737367413859
42532.99224071633	6000.0	1440.017943378319	0.0	0	0.0	2973.010184094659	1	0	tensor(3, device='cuda:0')	2.8207373674138605
43458.13451079219	3000.0	1422.3614462948747	0.0	0	0.0	2880.4959570870706	1	0	tensor(4, device='cuda:0')	1.0614013089528624
44242.15401796174	3000.0	1559.939988408369	0.0	0	0.0	2802.0940063701128	1	0	tensor(4, device='cuda:0')	1.9954544439982014
44991.33524745471	3000.0	1735.8406359661046	0.0	0	0.0	2727.175883420823	1	0	tensor(4, device='cuda:0')	2.013421415435335
46550.83605750832	3000.0	1020.3897449071399	0.0	0	0.0	2571.2258024154653	1	0	tensor(4, device='cuda:0')	1.8694184047584717
47238.64916708452	3000.0	1263.795324373314	0.0	0	0.0	2502.4444914578344	1	0	tensor(4, device='cuda:0')	2.055517382026488
48061.188634157494	3000.0	1359.0019105930446	0.0	0	0.0	2420.190544750527	1	0	tensor(4, device='cuda:0')	2.0376297332787203
48591.36705431291	3000.0	1775.8056484220879	0.0	0	0.0	2367.1727027349843	1	0	tensor(4, device='cuda:0')	2.1019355588028112
49200.0	3000.0	2106.309408166297	0.0	0	121.62492556694633	2306.3094081662857	1	0	tensor(4, device='cuda:0')	2.0915366423941757
50661.18250395953	6000.0	1645.1269042067768	0.0	0	0.0	2306.3094081662857	1	0	tensor(3, device='cuda:0')	2.0153714946894064
52226.978573066386	6000.0	1079.3308350999182	0.0	0	0.0	2306.3094081662857	1	0	tensor(3, device='cuda:0')	2.9085186752493515
52847.96192620593	3000.0	1396.2491466464276	0.0	0	0.0	2244.2110728523403	1	0	tensor(4, device='cuda:0')	1.2022365315546706
53501.059241063456	3000.0	1677.8421003031478	0.0	0	0.0	2178.901341366589	1	0	tensor(4, device='cuda:0')	2.0946882464337917
54314.906926318145	3000.0	1782.6096465229914	0.0	0	0.0	2097.5165728411303	1	0	tensor(4, device='cuda:0')	2.0687913188963005
55200.0	3000.0	1809.0072654729552	0.0	0	14.038116265655844	2009.007265472952	1	0	tensor(4, device='cuda:0')	2.0613202251672216
57275.451815012064	6000.0	733.5554504608903	0.0	0	0.0	2009.0072654729447	1	0	tensor(3, device='cuda:0')	2.03989160444534
58605.936307396165	3000.0	270.02250883837496	0.0	0	0.0	1875.9588162345244	1	0	tensor(4, device='cuda:0')	1.087303740785393
59363.640141228025	3000.0	573.0311462095183	124.07532235107206	0	0.0	1936.6712874375226	1	0	tensor(4, device='cuda:0')	1.3723939038264632
60180.16999777956	3000.0	674.8483040028292	0.0	0	0.0	1855.0183017823656	1	0	tensor(4, device='cuda:0')	2.085645336568542
60657.37476789796	3000.0	1149.9230568725798	0.0	0	0.0	1807.2978247705178	1	0	tensor(4, device='cuda:0')	2.1568649166889142
61200.0	3000.0	1553.0353015603407	0.0	0	67.33488278375444	1753.0353015603105	1	0	tensor(4, device='cuda:0')	2.1465464412393667
62668.108279897795	6000.0	1084.9270216625505	0.0	0	0.0	1753.0353015603177	1	0	tensor(3, device='cuda:0')	2.0560524808626433
63544.86786581673	3000.0	1120.4914771517383	0.0	0	0.0	1665.3593429684406	1	0	tensor(4, device='cuda:0')	1.191130335492343
64448.86159530023	3000.0	1126.098374719882	0.0	0	0.0	1574.9599700200924	1	0	tensor(4, device='cuda:0')	2.0831923091713103
65279.62412849716	3000.0	1212.259588203258	0.0	0	0.0	1491.8837167004021	1	0	tensor(4, device='cuda:0')	2.101780668327219
66219.59470509435	2000.0	1272.2890116060655	0.0	0	0.0	1491.8837167003949	1	0	tensor(3, device='cuda:0')	1.2579489759438016
67200.0	2000.0	1291.883716700419	0.0	0	382.96651540714083	1491.8837167003949	1	0	tensor(3, device='cuda:0')	1.8634140840519664
68200.0	2000.0	1291.883716700413	0.0	0	550.5424396772869	1491.8837167003803	1	0	tensor(3, device='cuda:0')	1.8634140840519668
69200.0	6000.0	1291.8837167004183	0.0	0	189.33810775825987	1491.8837167003949	1	0	tensor(3, device='cuda:0')	1.8634140840519662
70200.0	6000.0	1291.8837167004097	0.0	0	214.1951494205714	1491.8837167003949	1	0	tensor(3, device='cuda:0')	2.962026372720076
71200.0	3000.0	1191.8837167004135	0.0	0	474.8700373208849	1391.8837167003803	1	0	tensor(4, device='cuda:0')	1.1782881951531705
73140.81458947013	6000.0	251.06912723027028	0.0	0	0.0	1391.8837167003658	1	0	tensor(3, device='cuda:0')	2.0729869804842567
73786.73085980366	2000.0	696.5667536583387	91.41389676159713	0	0.0	1483.2976134619676	1	0	tensor(3, device='cuda:0')	0.216687107585105
74366.96582138463	2000.0	1116.3317920773718	0.0	0	0.0	1483.297613461982	1	0	tensor(3, device='cuda:0')	1.8637827768227968
75308.3988952333	3000.0	1080.7554108438421	0.0	0	0.0	1389.154306077151	1	0	tensor(4, device='cuda:0')	1.4782960025167617
76200.0	2000.0	1189.1543060771564	0.0	0	29.71042412496172	1389.154306077151	1	0	tensor(3, device='cuda:0')	1.2621633382231594
77200.0	2000.0	1189.1543060771598	0.0	0	163.2087101781508	1389.154306077151	1	0	tensor(3, device='cuda:0')	1.8676284463313242
78200.0	2000.0	1189.1543060771467	0.0	0	280.27699278689397	1389.154306077151	1	0	tensor(3, device='cuda:0')	1.8676284463313242
79200.0	2000.0	1189.1543060771592	0.0	0	248.58467640611343	1389.154306077151	1	0	tensor(3, device='cuda:0')	1.8676284463313242
80200.0	2000.0	1189.1543060771485	0.0	0	511.8646931051044	1389.154306077151	1	0	tensor(3, device='cuda:0')	1.8676284463313242
81200.0	2000.0	1189.154306077138	0.0	0	487.0641857411829	1389.154306077151	1	0	tensor(3, device='cuda:0')	1.8676284463313242
82200.0	2000.0	1189.1543060771326	0.0	0	436.932350131392	1389.154306077151	1	0	tensor(3, device='cuda:0')	1.8676284463313242
83200.0	2000.0	1189.154306077133	0.0	0	400.8831875376927	1389.154306077151	1	0	tensor(3, device='cuda:0')	1.8676284463313242
84482.2134036626	6000.0	906.940902414542	0.0	0	0.0	1389.1543060771364	1	0	tensor(3, device='cuda:0')	1.867628446331325
85450.91379612908	3000.0	841.370470701406	0.0	0	0.0	1292.2842668304802	1	0	tensor(4, device='cuda:0')	1.1889621217130126
86200.0	2000.0	1092.284266830494	0.0	0	277.7612991311762	1292.2842668304802	1	0	tensor(3, device='cuda:0')	1.265766802590481
87200.0	2000.0	1092.2842668305	0.0	0	534.4529926375399	1292.2842668304802	1	0	tensor(3, device='cuda:0')	1.8712319106986457
88200.0	2000.0	1092.284266830524	0.0	0	483.5579396726389	1292.2842668304802	1	0	tensor(3, device='cuda:0')	1.8712319106986457
89766.1421272887	6000.0	526.1421395418301	0.0	0	0.0	1292.2842668304802	1	0	tensor(3, device='cuda:0')	1.8712319106986461
90383.3285436484	2000.0	908.9557231821076	0.0	0	0.0	1292.2842668304802	1	0	tensor(3, device='cuda:0')	0.7726196220305362
91200.0	2000.0	1092.2842668305007	0.0	0	275.43814146882505	1292.2842668304802	1	0	tensor(3, device='cuda:0')	1.8712319106986457
92200.0	2000.0	1092.28426683048	0.0	0	269.0701124309271	1292.2842668304802	1	0	tensor(3, device='cuda:0')	1.8712319106986457
93200.0	2000.0	1092.2842668304825	0.0	0	373.9970431575348	1292.2842668304802	1	0	tensor(3, device='cuda:0')	1.8712319106986457
94200.0	2000.0	1092.2842668304688	0.0	0	159.12721218592196	1292.2842668304802	1	0	tensor(3, device='cuda:0')	1.8712319106986457
95200.0	2000.0	1092.2842668304643	0.0	0	321.64399723365204	1292.2842668304656	1	0	tensor(3, device='cuda:0')	1.8712319106986464
96200.0	2000.0	1092.2842668304543	0.0	0	504.48006891435944	1292.284266830451	1	0	tensor(3, device='cuda:0')	1.871231910698647
97200.0	2000.0	1092.2842668304452	0.0	0	612.7121431268024	1292.284266830451	1	0	tensor(3, device='cuda:0')	1.871231910698647
98200.0	2000.0	1092.2842668304606	0.0	0	558.1530214249069	1292.284266830451	1	0	tensor(3, device='cuda:0')	1.871231910698647
99766.11750261966	6000.0	526.1667642108007	0.0	0	0.0	1292.284266830451	1	0	tensor(3, device='cuda:0')	1.8712319106986472
100316.93008136704	3000.0	920.272927588678	0.0	0	0.0	1237.2030089556938	1	0	tensor(4, device='cuda:0')	1.274825019456223
101200.0	3000.0	948.8960170924283	0.0	0	240.9475379678188	1148.896017092411	1	0	tensor(4, device='cuda:0')	2.1037731139284794
102200.0	2000.0	948.8960170924138	0.0	0	561.742149538084	1148.896017092411	1	0	tensor(3, device='cuda:0')	1.2705091052263464
103200.0	2000.0	948.8960170924317	0.0	0	430.04590692992497	1148.8960170924256	1	0	tensor(3, device='cuda:0')	1.8759742133345108
104200.0	2000.0	948.8960170924324	0.0	0	487.8499380748108	1148.8960170924256	1	0	tensor(3, device='cuda:0')	1.8759742133345108
105200.0	2000.0	948.8960170924327	0.0	0	523.722658610408	1148.8960170924256	1	0	tensor(3, device='cuda:0')	1.8759742133345108
106200.0	2000.0	948.8960170924329	0.0	0	444.54126640447066	1148.8960170924256	1	0	tensor(3, device='cuda:0')	1.8759742133345108
107200.0	2000.0	948.8960170924433	0.0	0	529.4751646257791	1148.8960170924256	1	0	tensor(3, device='cuda:0')	1.8759742133345108
108200.0	2000.0	948.8960170924395	0.0	0	479.4759736945707	1148.8960170924402	1	0	tensor(3, device='cuda:0')	1.8759742133345103
109200.0	2000.0	948.8960170924279	0.0	0	241.7569725880603	1148.8960170924402	1	0	tensor(3, device='cuda:0')	1.8759742133345103
110200.0	2000.0	948.8960170924472	0.0	0	304.02137384445814	1148.8960170924547	1	0	tensor(3, device='cuda:0')	1.87597421333451
111200.0	2000.0	948.8960170924624	0.0	0	437.40550113671634	1148.8960170924693	1	0	tensor(3, device='cuda:0')	1.8759742133345094
112200.0	2000.0	948.8960170924665	0.0	0	498.34125509632577	1148.8960170924838	1	0	tensor(3, device='cuda:0')	1.875974213334509
113200.0	2000.0	948.8960170924697	0.0	0	413.13543662834854	1148.8960170924984	1	0	tensor(3, device='cuda:0')	1.8759742133345085
114200.0	2000.0	948.8960170924584	0.0	0	503.7756139490375	1148.896017092513	1	0	tensor(3, device='cuda:0')	1.875974213334508
115200.0	2000.0	948.8960170924743	0.0	0	397.1663963375322	1148.8960170925275	1	0	tensor(3, device='cuda:0')	1.8759742133345079
116200.0	2000.0	948.8960170924764	0.0	0	228.55560784919362	1148.896017092542	1	0	tensor(3, device='cuda:0')	1.8759742133345072
117224.13834892471	2000.0	924.7576681677799	0.0	0	0.0	1148.896017092542	1	0	tensor(3, device='cuda:0')	1.8759742133345072
118200.0	2000.0	948.896017092477	0.0	0	129.54036645202723	1148.896017092542	1	0	tensor(3, device='cuda:0')	1.8759742133345072
119200.0	2000.0	948.896017092482	0.0	0	152.13599638700543	1148.896017092542	1	0	tensor(3, device='cuda:0')	1.8759742133345072
120200.0	2000.0	948.8960170924765	0.0	0	328.6379251840117	1148.896017092542	1	0	tensor(3, device='cuda:0')	1.8759742133345072
121200.0	2000.0	948.8960170924684	0.0	0	539.6193299372098	1148.8960170925275	1	0	tensor(3, device='cuda:0')	1.8759742133345079
122200.0	2000.0	948.8960170924624	0.0	0	486.0267246390431	1148.8960170925275	1	0	tensor(3, device='cuda:0')	1.8759742133345079
123200.0	2000.0	948.8960170924515	0.0	0	307.5804703642789	1148.8960170925275	1	0	tensor(3, device='cuda:0')	1.8759742133345079
124200.0	2000.0	948.8960170924529	0.0	0	405.0673940435081	1148.8960170925275	1	0	tensor(3, device='cuda:0')	1.8759742133345079
125200.0	2000.0	948.8960170924665	0.0	0	377.3076937666483	1148.8960170925275	1	0	tensor(3, device='cuda:0')	1.8759742133345079
126200.0	2000.0	948.8960170924768	0.0	0	270.500289194606	1148.8960170925275	1	0	tensor(3, device='cuda:0')	1.8759742133345079
127200.0	2000.0	948.8960170924702	0.0	0	343.59392750341794	1148.8960170925275	1	0	tensor(3, device='cuda:0')	1.8759742133345079
128200.0	2000.0	948.8960170924834	0.0	0	388.9118670157477	1148.8960170925275	1	0	tensor(3, device='cuda:0')	1.8759742133345079
129200.0	2000.0	948.8960170924715	0.0	0	382.0454282714345	1148.8960170925275	1	0	tensor(3, device='cuda:0')	1.8759742133345079
130200.0	2000.0	948.896017092482	0.0	0	324.33554485830246	1148.8960170925275	1	0	tensor(3, device='cuda:0')	1.8759742133345079
131200.0	2000.0	948.8960170924806	0.0	0	435.81430793330946	1148.8960170925275	1	0	tensor(3, device='cuda:0')	1.8759742133345079
132200.0	2000.0	948.8960170924433	0.0	0	471.6057862237212	1148.8960170924838	1	0	tensor(3, device='cuda:0')	1.8759742133345083
133200.0	2000.0	948.8960170924086	0.0	0	501.02461500588106	1148.8960170924838	1	0	tensor(3, device='cuda:0')	1.875974213334509
134200.0	2000.0	948.8960170924147	0.0	0	536.1197693727154	1148.8960170924838	1	0	tensor(3, device='cuda:0')	1.875974213334509
135200.0	2000.0	948.8960170924015	0.0	0	514.5881847283163	1148.8960170924838	1	0	tensor(3, device='cuda:0')	1.875974213334509
136200.0	2000.0	948.8960170923713	0.0	0	519.7318462475087	1148.8960170924547	1	0	tensor(3, device='cuda:0')	1.87597421333451
137200.0	2000.0	948.8960170923879	0.0	0	130.33456474996638	1148.8960170924838	1	0	tensor(3, device='cuda:0')	1.875974213334509
138200.0	2000.0	948.8960170923556	0.0	0	282.3194027932186	1148.8960170924547	1	0	tensor(3, device='cuda:0')	1.87597421333451
139200.0	2000.0	948.8960170923299	0.0	0	307.99040212854743	1148.8960170924547	1	0	tensor(3, device='cuda:0')	1.87597421333451
140200.0	2000.0	948.8960170923001	0.0	0	193.73195323979598	1148.8960170924547	1	0	tensor(3, device='cuda:0')	1.87597421333451
141200.0	2000.0	948.8960170922926	0.0	0	380.61611969492515	1148.8960170924256	1	0	tensor(3, device='cuda:0')	1.8759742133345108
142200.0	2000.0	948.8960170923294	0.0	0	322.9875258022512	1148.8960170924547	1	0	tensor(3, device='cuda:0')	1.87597421333451
143200.0	2000.0	948.8960170923215	0.0	0	518.0803008666262	1148.8960170924256	1	0	tensor(3, device='cuda:0')	1.8759742133345108
144200.0	2000.0	948.8960170923087	0.0	0	248.40269730286673	1148.8960170924256	1	0	tensor(3, device='cuda:0')	1.8759742133345108
145228.84417724772	2000.0	920.0518398445838	0.0	0	0.0	1148.8960170924256	1	0	tensor(3, device='cuda:0')	1.8759742133345108
146200.0	2000.0	948.8960170923242	0.0	0	299.84892026148736	1148.8960170924256	1	0	tensor(3, device='cuda:0')	1.8759742133345108
147200.0	2000.0	948.8960170923174	0.0	0	350.96648677124176	1148.8960170924256	1	0	tensor(3, device='cuda:0')	1.8759742133345108
148200.0	2000.0	948.8960170923008	0.0	0	294.7202155191917	1148.8960170924256	1	0	tensor(3, device='cuda:0')	1.8759742133345108
149200.0	2000.0	948.8960170922851	0.0	0	465.21031202952145	1148.8960170923965	1	0	tensor(3, device='cuda:0')	1.8759742133345116
150200.0	2000.0	948.8960170922974	0.0	0	372.8721285992069	1148.8960170923965	1	0	tensor(3, device='cuda:0')	1.8759742133345116
151200.0	2000.0	948.8960170922783	0.0	0	460.7136419203889	1148.8960170923965	1	0	tensor(3, device='cuda:0')	1.8759742133345116
152200.0	2000.0	948.8960170922771	0.0	0	565.2098978980212	1148.8960170923674	1	0	tensor(3, device='cuda:0')	1.8759742133345125
153200.0	2000.0	948.8960170922744	0.0	0	645.4148560318572	1148.8960170923965	1	0	tensor(3, device='cuda:0')	1.8759742133345116
154200.0	2000.0	948.8960170922546	0.0	0	575.7852770885802	1148.8960170923965	1	0	tensor(3, device='cuda:0')	1.8759742133345116
155200.0	2000.0	948.8960170922296	0.0	0	524.9008000896138	1148.8960170923965	1	0	tensor(3, device='cuda:0')	1.8759742133345116
156200.0	2000.0	948.8960170922296	0.0	0	564.6806649448408	1148.8960170923965	1	0	tensor(3, device='cuda:0')	1.8759742133345116
157200.0	2000.0	948.8960170922327	0.0	0	235.0326491293672	1148.8960170923965	1	0	tensor(3, device='cuda:0')	1.8759742133345116
158200.0	2000.0	948.8960170922073	0.0	0	279.51549387309933	1148.8960170923965	1	0	tensor(3, device='cuda:0')	1.8759742133345116
159200.0	2000.0	948.8960170922237	0.0	0	469.8132094417815	1148.8960170923965	1	0	tensor(3, device='cuda:0')	1.8759742133345116
160200.0	2000.0	948.8960170922333	0.0	0	440.47310870868387	1148.8960170924256	1	0	tensor(3, device='cuda:0')	1.8759742133345108
161200.0	2000.0	948.8960170922282	0.0	0	323.6435367146041	1148.8960170924256	1	0	tensor(3, device='cuda:0')	1.8759742133345108
162200.0	2000.0	948.8960170921996	0.0	0	490.049549913354	1148.8960170923965	1	0	tensor(3, device='cuda:0')	1.8759742133345116
163200.0	2000.0	948.8960170921887	0.0	0	521.2411492973915	1148.8960170923965	1	0	tensor(3, device='cuda:0')	1.8759742133345116
164200.0	2000.0	948.8960170921932	0.0	0	343.0521921372856	1148.8960170923965	1	0	tensor(3, device='cuda:0')	1.8759742133345116
165200.0	2000.0	948.8960170921764	0.0	0	403.8555118239601	1148.8960170923965	1	0	tensor(3, device='cuda:0')	1.8759742133345116
166200.0	2000.0	948.8960170921985	0.0	0	371.4658966496063	1148.8960170923965	1	0	tensor(3, device='cuda:0')	1.8759742133345116
167200.0	2000.0	948.8960170921873	0.0	0	628.6715196493024	1148.8960170923965	1	0	tensor(3, device='cuda:0')	1.8759742133345116
168200.0	2000.0	948.8960170921903	0.0	0	677.078090392868	1148.8960170923674	1	0	tensor(3, device='cuda:0')	1.8759742133345125
169200.0	2000.0	948.8960170921841	0.0	0	425.8152683589724	1148.8960170923674	1	0	tensor(3, device='cuda:0')	1.8759742133345125
170200.0	2000.0	948.8960170922087	0.0	0	88.66916654692614	1148.8960170923965	1	0	tensor(3, device='cuda:0')	1.8759742133345116
171200.0	2000.0	948.8960170921908	0.0	0	61.191575298202224	1148.8960170923965	1	0	tensor(3, device='cuda:0')	1.8759742133345116
172200.0	2000.0	948.8960170921937	0.0	0	287.3516695907747	1148.8960170923674	1	0	tensor(3, device='cuda:0')	1.8759742133345125
173200.0	2000.0	948.8960170921771	0.0	0	328.5966659699043	1148.8960170923674	1	0	tensor(3, device='cuda:0')	1.8759742133345125
174200.0	2000.0	948.8960170921682	0.0	0	536.5019910777628	1148.8960170923674	1	0	tensor(3, device='cuda:0')	1.8759742133345125
175200.0	2000.0	948.8960170921548	0.0	0	551.0885016847169	1148.8960170923674	1	0	tensor(3, device='cuda:0')	1.8759742133345125
176200.0	2000.0	948.8960170921509	0.0	0	373.5153714532498	1148.8960170923383	1	0	tensor(3, device='cuda:0')	1.8759742133345134
177200.0	2000.0	948.8960170921473	0.0	0	719.3071620118571	1148.8960170923383	1	0	tensor(3, device='cuda:0')	1.8759742133345134
178200.0	6000.0	948.8960170921423	0.0	0	190.70317171691568	1148.8960170923092	1	0	tensor(3, device='cuda:0')	1.8759742133345145
179200.0	2000.0	948.8960170921398	0.0	0	695.467079065711	1148.8960170923092	1	0	tensor(3, device='cuda:0')	0.7773619246664049
180200.0	2000.0	948.8960170921341	0.0	0	560.2343346389243	1148.8960170923092	1	0	tensor(3, device='cuda:0')	1.8759742133345145
181200.0	2000.0	948.8960170921382	0.0	0	291.959482625447	1148.8960170923092	1	0	tensor(3, device='cuda:0')	1.8759742133345145
182200.0	2000.0	948.8960170921396	0.0	0	383.00243187107844	1148.89601709228	1	0	tensor(3, device='cuda:0')	1.8759742133345152
183200.0	2000.0	948.8960170921514	0.0	0	496.9805255144893	1148.8960170923092	1	0	tensor(3, device='cuda:0')	1.8759742133345145
184200.0	2000.0	948.8960170921546	0.0	0	603.5910409354547	1148.89601709228	1	0	tensor(3, device='cuda:0')	1.8759742133345152
185200.0	2000.0	948.8960170921546	0.0	0	526.7513771926751	1148.89601709228	1	0	tensor(3, device='cuda:0')	1.8759742133345152
186200.0	6000.0	948.8960170921368	0.0	0	102.44101334793959	1148.896017092251	1	0	tensor(3, device='cuda:0')	1.875974213334516
187200.0	3000.0	848.8960170921283	0.0	0	433.3685006631131	1048.896017092251	1	0	tensor(4, device='cuda:0')	1.1901024988492597
188200.0	2000.0	848.8960170921335	0.0	0	531.3974865995115	1048.896017092251	1	0	tensor(3, device='cuda:0')	1.2734418453834864
189200.0	2000.0	848.8960170921337	0.0	0	431.28698206323315	1048.896017092251	1	0	tensor(3, device='cuda:0')	1.8789069534916512
190200.0	2000.0	848.8960170921289	0.0	0	491.4324883513618	1048.89601709228	1	0	tensor(3, device='cuda:0')	1.8789069534916503
191200.0	2000.0	848.8960170921365	0.0	0	507.6429489845759	1048.89601709228	1	0	tensor(3, device='cuda:0')	1.8789069534916503
192200.0	2000.0	848.8960170920762	0.0	0	460.3616841843468	1048.89601709228	1	0	tensor(3, device='cuda:0')	1.8789069534916503
193200.0	2000.0	848.8960170920957	0.0	0	652.8956977867056	1048.89601709228	1	0	tensor(3, device='cuda:0')	1.8789069534916503
194200.0	2000.0	848.8960170921093	0.0	0	570.9250165248814	1048.89601709228	1	0	tensor(3, device='cuda:0')	1.8789069534916503
195200.0	2000.0	848.8960170921132	0.0	0	494.20542133026174	1048.89601709228	1	0	tensor(3, device='cuda:0')	1.8789069534916503
196200.0	2000.0	848.8960170921174	0.0	0	442.7224286525452	1048.89601709228	1	0	tensor(3, device='cuda:0')	1.8789069534916503
197200.0	2000.0	848.896017092105	0.0	0	389.15093626017915	1048.89601709228	1	0	tensor(3, device='cuda:0')	1.8789069534916503
198200.0	2000.0	848.8960170921056	0.0	0	350.2454820306739	1048.8960170923092	1	0	tensor(3, device='cuda:0')	1.8789069534916494
199200.0	2000.0	848.896017092106	0.0	0	605.9578675563971	1048.8960170923092	1	0	tensor(3, device='cuda:0')	1.8789069534916494
200200.0	2000.0	848.896017092127	0.0	0	308.3076245453267	1048.8960170923383	1	0	tensor(3, device='cuda:0')	1.8789069534916485
201200.0	2000.0	848.8960170920989	0.0	0	137.22996318238438	1048.8960170923383	1	0	tensor(3, device='cuda:0')	1.8789069534916485
202200.0	2000.0	848.8960170921328	0.0	0	444.2946894284105	1048.8960170923383	1	0	tensor(3, device='cuda:0')	1.8789069534916485
203200.0	2000.0	848.8960170921318	0.0	0	161.60248941389727	1048.8960170923383	1	0	tensor(3, device='cuda:0')	1.8789069534916485
204200.0	2000.0	848.8960170920933	0.0	0	451.872750103008	1048.8960170923383	1	0	tensor(3, device='cuda:0')	1.8789069534916485
205200.0	2000.0	848.8960170920967	0.0	0	255.60822691349313	1048.8960170923383	1	0	tensor(3, device='cuda:0')	1.8789069534916485
206200.0	2000.0	848.8960170920715	0.0	0	176.0431462182023	1048.8960170923383	1	0	tensor(3, device='cuda:0')	1.8789069534916485
207200.0	2000.0	848.8960170920462	0.0	0	376.6834353808372	1048.8960170923383	1	0	tensor(3, device='cuda:0')	1.8789069534916485
208200.0	2000.0	848.8960170920509	0.0	0	609.3319198920508	1048.8960170923674	1	0	tensor(3, device='cuda:0')	1.8789069534916478
209200.0	2000.0	848.8960170920493	0.0	0	624.1609709856275	1048.8960170923965	1	0	tensor(3, device='cuda:0')	1.878906953491647
210200.0	2000.0	848.8960170920494	0.0	0	271.6502081693616	1048.8960170923965	1	0	tensor(3, device='cuda:0')	1.878906953491647
211200.0	2000.0	848.8960170919979	0.0	0	475.1183509727125	1048.8960170923674	1	0	tensor(3, device='cuda:0')	1.8789069534916478
212200.0	2000.0	848.8960170919956	0.0	0	269.6446924044576	1048.8960170923674	1	0	tensor(3, device='cuda:0')	1.8789069534916478
213200.0	2000.0	848.8960170920333	0.0	0	476.382972221676	1048.8960170923674	1	0	tensor(3, device='cuda:0')	1.8789069534916478
214200.0	2000.0	848.8960170920616	0.0	0	669.4084678508516	1048.8960170923965	1	0	tensor(3, device='cuda:0')	1.878906953491647
215200.0	2000.0	848.8960170920932	0.0	0	589.107989651442	1048.8960170923965	1	0	tensor(3, device='cuda:0')	1.878906953491647
216200.0	2000.0	848.8960170921151	0.0	0	617.9064810604032	1048.8960170923965	1	0	tensor(3, device='cuda:0')	1.878906953491647
217200.0	2000.0	848.8960170921271	0.0	0	564.9827078416711	1048.8960170923965	1	0	tensor(3, device='cuda:0')	1.878906953491647
218200.0	2000.0	848.8960170921227	0.0	0	685.6145715534512	1048.8960170923965	1	0	tensor(3, device='cuda:0')	1.878906953491647
219200.0	2000.0	848.8960170921466	0.0	0	632.365443604649	1048.8960170923965	1	0	tensor(3, device='cuda:0')	1.878906953491647
220200.0	2000.0	848.8960170921576	0.0	0	306.4420748196717	1048.8960170923965	1	0	tensor(3, device='cuda:0')	1.878906953491647
221200.0	2000.0	848.8960170921591	0.0	0	163.228431310592	1048.8960170923965	1	0	tensor(3, device='cuda:0')	1.878906953491647
222300.99893518916	2000.0	747.8970819029824	0.0	0	0.0	1048.8960170923965	1	0	tensor(3, device='cuda:0')	1.878906953491647
223200.0	2000.0	848.8960170921426	0.0	0	118.43478528404376	1048.8960170924256	1	0	tensor(3, device='cuda:0')	1.878906953491646
224200.0	2000.0	848.8960170921264	0.0	0	410.78909561387263	1048.8960170924256	1	0	tensor(3, device='cuda:0')	1.878906953491646
225200.0	2000.0	848.8960170921495	0.0	0	473.8066824976995	1048.8960170924256	1	0	tensor(3, device='cuda:0')	1.878906953491646
226200.0	2000.0	848.8960170921534	0.0	0	661.6386975290079	1048.8960170923965	1	0	tensor(3, device='cuda:0')	1.878906953491647
227396.9142286687	6000.0	651.9817884234393	0.0	0	0.0	1048.8960170923674	1	0	tensor(3, device='cuda:0')	1.8789069534916478
228200.0	2000.0	848.8960170921046	0.0	0	166.26322104304563	1048.8960170923674	1	0	tensor(3, device='cuda:0')	0.7802946648235382
229200.0	2000.0	848.8960170920991	0.0	0	556.8759535085992	1048.8960170923674	1	0	tensor(3, device='cuda:0')	1.8789069534916478
230200.0	2000.0	848.8960170921195	0.0	0	550.0023596842657	1048.8960170923965	1	0	tensor(3, device='cuda:0')	1.878906953491647
231200.0	2000.0	848.8960170920841	0.0	0	505.9039889050764	1048.8960170923965	1	0	tensor(3, device='cuda:0')	1.878906953491647
232200.0	2000.0	848.8960170920907	0.0	0	676.1824437022733	1048.8960170924256	1	0	tensor(3, device='cuda:0')	1.878906953491646
233200.0	2000.0	848.8960170920976	0.0	0	709.1685071251704	1048.8960170924256	1	0	tensor(3, device='cuda:0')	1.878906953491646
234200.0	2000.0	848.8960170921114	0.0	0	434.63142150538624	1048.8960170924547	1	0	tensor(3, device='cuda:0')	1.8789069534916454
235200.0	2000.0	848.8960170921112	0.0	0	368.2899494015146	1048.8960170924547	1	0	tensor(3, device='cuda:0')	1.8789069534916454
236200.0	2000.0	848.8960170921237	0.0	0	277.85833584022475	1048.8960170924547	1	0	tensor(3, device='cuda:0')	1.8789069534916454
237200.0	2000.0	848.8960170921139	0.0	0	260.4071856131486	1048.8960170924547	1	0	tensor(3, device='cuda:0')	1.8789069534916454
238200.0	2000.0	848.8960170920944	0.0	0	223.74454449102632	1048.8960170924547	1	0	tensor(3, device='cuda:0')	1.8789069534916454
239200.0	2000.0	848.896017092094	0.0	0	165.3888372653746	1048.8960170924547	1	0	tensor(3, device='cuda:0')	1.8789069534916454
240200.0	2000.0	848.8960170920997	0.0	0	199.7632704495918	1048.8960170924547	1	0	tensor(3, device='cuda:0')	1.8789069534916454
241200.0	2000.0	848.8960170921061	0.0	0	117.07828071553377	1048.8960170924547	1	0	tensor(3, device='cuda:0')	1.8789069534916454
242200.0	2000.0	848.8960170921138	0.0	0	378.0167038553918	1048.8960170924547	1	0	tensor(3, device='cuda:0')	1.8789069534916454
243200.0	2000.0	848.8960170921105	0.0	0	523.9966303237306	1048.8960170924547	1	0	tensor(3, device='cuda:0')	1.8789069534916454
244200.0	2000.0	848.8960170921005	0.0	0	446.06077292806003	1048.8960170924547	1	0	tensor(3, device='cuda:0')	1.8789069534916454
245200.0	2000.0	848.8960170921324	0.0	0	264.67028697684873	1048.8960170924547	1	0	tensor(3, device='cuda:0')	1.8789069534916454
246408.54393048366	2000.0	640.3520866084878	0.0	0	0.0	1048.8960170924547	1	0	tensor(3, device='cuda:0')	1.8789069534916454
247440.09321617588	2000.0	608.8028009162698	0.0	0	0.0	1048.8960170924838	1	0	tensor(3, device='cuda:0')	1.8789069534916445
248200.0	2000.0	848.8960170921767	0.0	0	83.0757000054291	1048.8960170924838	1	0	tensor(3, device='cuda:0')	1.8789069534916445
249200.0	2000.0	848.8960170921937	0.0	0	445.9072649179143	1048.8960170924838	1	0	tensor(3, device='cuda:0')	1.8789069534916445
250200.0	2000.0	848.8960170921712	0.0	0	264.34745302738156	1048.8960170924838	1	0	tensor(3, device='cuda:0')	1.8789069534916445
251200.0	2000.0	848.8960170921483	0.0	0	555.2756553360668	1048.8960170924838	1	0	tensor(3, device='cuda:0')	1.8789069534916445
252200.0	2000.0	848.8960170921602	0.0	0	673.1207139093312	1048.8960170924838	1	0	tensor(3, device='cuda:0')	1.8789069534916445
253200.0	2000.0	848.896017092142	0.0	0	582.5779962187808	1048.8960170924838	1	0	tensor(3, device='cuda:0')	1.8789069534916445
254200.0	2000.0	848.8960170921665	0.0	0	479.38447117997566	1048.8960170924838	1	0	tensor(3, device='cuda:0')	1.8789069534916445
255200.0	2000.0	848.896017092174	0.0	0	530.91769848697	1048.896017092513	1	0	tensor(3, device='cuda:0')	1.8789069534916436
256200.0	2000.0	848.8960170921512	0.0	0	498.4946231736103	1048.896017092513	1	0	tensor(3, device='cuda:0')	1.8789069534916436
257200.0	2000.0	848.8960170921944	0.0	0	382.6512183835439	1048.896017092513	1	0	tensor(3, device='cuda:0')	1.8789069534916436
258200.0	2000.0	848.8960170922267	0.0	0	417.8211021371535	1048.896017092513	1	0	tensor(3, device='cuda:0')	1.8789069534916436
259200.0	2000.0	848.8960170922361	0.0	0	482.3510830773448	1048.896017092513	1	0	tensor(3, device='cuda:0')	1.8789069534916436
260200.0	2000.0	848.8960170922168	0.0	0	343.61133390586474	1048.896017092513	1	0	tensor(3, device='cuda:0')	1.8789069534916436
261200.0	2000.0	848.8960170922379	0.0	0	452.9605655373016	1048.896017092513	1	0	tensor(3, device='cuda:0')	1.8789069534916436
262200.0	2000.0	848.8960170922564	0.0	0	293.260883988929	1048.896017092513	1	0	tensor(3, device='cuda:0')	1.8789069534916436
263200.0	2000.0	848.8960170922551	0.0	0	540.9655876316829	1048.896017092513	1	0	tensor(3, device='cuda:0')	1.8789069534916445
264200.0	2000.0	848.8960170922983	0.0	0	227.13538555032574	1048.896017092513	1	0	tensor(3, device='cuda:0')	1.8789069534916436
265200.0	2000.0	848.8960170923187	0.0	0	375.926185697841	1048.8960170925711	1	0	tensor(3, device='cuda:0')	1.8789069534916423
266200.0	2000.0	848.8960170922966	0.0	0	643.0814887606539	1048.8960170926293	1	0	tensor(3, device='cuda:0')	1.8789069534916405
267200.0	2000.0	848.8960170923265	0.0	0	618.926768100413	1048.8960170926293	1	0	tensor(3, device='cuda:0')	1.8789069534916405
268200.0	2000.0	848.8960170923214	0.0	0	250.0154347057687	1048.8960170925711	1	0	tensor(3, device='cuda:0')	1.8789069534916423
269200.0	2000.0	848.8960170923302	0.0	0	262.6053014744539	1048.8960170925711	1	0	tensor(3, device='cuda:0')	1.8789069534916423
270200.0	2000.0	848.8960170923604	0.0	0	380.87599366664654	1048.8960170926293	1	0	tensor(3, device='cuda:0')	1.8789069534916405
271200.0	2000.0	848.8960170924219	0.0	0	344.3271431889734	1048.8960170926875	1	0	tensor(3, device='cuda:0')	1.878906953491639
272200.0	2000.0	848.896017092468	0.0	0	315.5787493484095	1048.8960170926875	1	0	tensor(3, device='cuda:0')	1.878906953491639
273200.0	2000.0	848.8960170924206	0.0	0	376.94958714104723	1048.8960170926875	1	0	tensor(3, device='cuda:0')	1.878906953491639
274200.0	2000.0	848.8960170924511	0.0	0	549.5745263538556	1048.8960170927458	1	0	tensor(3, device='cuda:0')	1.8789069534916372
275200.0	2000.0	848.8960170924543	0.0	0	622.6707610372105	1048.8960170927458	1	0	tensor(3, device='cuda:0')	1.8789069534916372
276200.0	2000.0	848.8960170924446	0.0	0	565.3563292915351	1048.8960170927458	1	0	tensor(3, device='cuda:0')	1.8789069534916372
277483.343413226	6000.0	565.5526038664314	0.0	0	0.0	1048.8960170927458	1	0	tensor(3, device='cuda:0')	1.8789069534916374
278200.0	2000.0	848.8960170924455	0.0	0	436.5265527838492	1048.8960170927458	1	0	tensor(3, device='cuda:0')	0.7802946648235276
279200.0	2000.0	848.8960170924277	0.0	0	669.6271815827349	1048.8960170926875	1	0	tensor(3, device='cuda:0')	1.878906953491639
280237.9135670571	6000.0	810.9824500353253	0.0	0	0.0	1048.8960170926875	1	0	tensor(3, device='cuda:0')	1.878906953491639
281200.0	2000.0	848.8960170924294	0.0	0	680.7992426599958	1048.8960170926875	1	0	tensor(3, device='cuda:0')	0.7802946648235293
282200.0	2000.0	848.8960170923792	0.0	0	603.8430955678923	1048.8960170926875	1	0	tensor(3, device='cuda:0')	1.878906953491639
283200.0	2000.0	848.8960170923588	0.0	0	431.44306559173856	1048.8960170926875	1	0	tensor(3, device='cuda:0')	1.878906953491639
284200.0	2000.0	848.8960170923635	0.0	0	370.33644915779587	1048.8960170926293	1	0	tensor(3, device='cuda:0')	1.8789069534916405
285200.0	2000.0	848.8960170923425	0.0	0	570.8524576185737	1048.8960170926293	1	0	tensor(3, device='cuda:0')	1.8789069534916405
286200.0	2000.0	848.8960170924055	0.0	0	293.3161860242253	1048.8960170926293	1	0	tensor(3, device='cuda:0')	1.8789069534916405
287200.0	2000.0	848.8960170924262	0.0	0	429.373389608867	1048.8960170926293	1	0	tensor(3, device='cuda:0')	1.8789069534916405
288200.0	2000.0	848.896017092401	0.0	0	461.2446265007602	1048.8960170926293	1	0	tensor(3, device='cuda:0')	1.8789069534916405
289200.0	2000.0	848.8960170924325	0.0	0	620.0632296652184	1048.8960170926293	1	0	tensor(3, device='cuda:0')	1.8789069534916405
290200.0	2000.0	848.8960170924402	0.0	0	495.95487642334774	1048.8960170926875	1	0	tensor(3, device='cuda:0')	1.878906953491639
291200.0	2000.0	848.8960170924885	0.0	0	598.2462949249311	1048.8960170926875	1	0	tensor(3, device='cuda:0')	1.878906953491639
292200.0	2000.0	848.896017092478	0.0	0	527.5981913490687	1048.8960170926875	1	0	tensor(3, device='cuda:0')	1.878906953491639
293200.0	2000.0	848.8960170925192	0.0	0	302.442491810245	1048.8960170926875	1	0	tensor(3, device='cuda:0')	1.878906953491639
294200.0	2000.0	848.8960170925454	0.0	0	288.48148634354584	1048.8960170926875	1	0	tensor(3, device='cuda:0')	1.878906953491639
295200.0	2000.0	848.8960170925335	0.0	0	321.5432197988266	1048.8960170926293	1	0	tensor(3, device='cuda:0')	1.8789069534916405
296200.0	2000.0	848.8960170925393	0.0	0	304.33074016927276	1048.8960170926293	1	0	tensor(3, device='cuda:0')	1.8789069534916405
297200.0	2000.0	848.8960170925956	0.0	0	327.1442158741411	1048.8960170926293	1	0	tensor(3, device='cuda:0')	1.8789069534916405
298200.0	2000.0	848.8960170925609	0.0	0	468.6477784490562	1048.8960170926293	1	0	tensor(3, device='cuda:0')	1.8789069534916405
299200.0	2000.0	848.8960170925733	0.0	0	681.4063528157421	1048.8960170926293	1	0	tensor(3, device='cuda:0')	1.8789069534916405
300200.0	2000.0	848.8960170926239	0.0	0	670.6060970373219	1048.8960170926293	1	0	tensor(3, device='cuda:0')	1.8789069534916405
3.27	4.81	6.24	4.95	2.58	4.12	4.71	3.58	2.77	3.75	5.2	4.26	3.19	3.63	5.15	4.39	5.83	4.81	6.78	8.18	4.62	2.9	3.7	5.66	5.0	3.42	3.92	3.89	3.37	4.89	5.84	3.06	3.14	4.62	5.62	5.1	4.61	2.98	3.36	4.29	4.17	2.95	2.31	3.32	5.72	5.25	2.98	4.12	4.87	4.27	4.34	4.58	4.29	2.57	2.14	3.17	5.5	6.53	5.34	3.29	3.76	2.85	2.19	3.95	6.28	7.95	4.93	5.1	3.5	3.28	3.58	2.59	2.25	2.84	3.13	3.34	4.05	3.93	3.46	5.25	5.06	4.21	4.02	4.44	6.52	4.22	3.85	2.58	2.61	2.86	3.02	3.83	4.14	4.3	5.47	4.29	5.11	4.39	3.78	4.45	4.93	5.05	4.68	5.04	3.97	3.49	3.53	4.41	5.24	3.29	3.46	4.27	2.43	2.48	2.92	2.35	3.44	4.99	4.01	3.59	3.14	2.68	3.21	4.38	2.81	2.97	3.81	3.31	3.82	5.4	4.39	4.08	2.65	3.08	4.14	2.9	3.16	3.02	3.8	2.81	1.55	3.13	5.17	3.06	3.01	4.95	3.97	5.25	5.14	5.76	4.67	4.51	4.56	2.98	4.09	4.47	3.5	4.01	3.21	4.19	3.02	3.22	3.95	5.76	4.59	2.7	2.55	2.37	2.84	4.26	5.14	3.31	5.42	7.84	6.05	5.47	4.19	3.39	4.31	4.81	4.75	5.51	5.41	3.7	3.94	4.0	4.1	4.47	5.14	4.26	4.44	3.71	3.74	3.71	5.31	3.56	2.26	2.42	3.41	2.94	3.08	2.07	3.12	4.91	5.77	3.96	2.99	3.29	4.0	5.98	4.76	6.04	6.01	5.7	6.97	3.82	2.59	1.98	2.42	4.11	3.78	5.77	8.06	4.88	3.37	4.29	4.68	5.85	5.47	5.49	3.04	2.8	3.39	3.58	2.98	2.7	2.98	2.84	4.08	3.43	3.74	2.95	2.0	2.73	3.12	3.71	3.34	5.55	6.73	5.44	4.33	3.79	3.67	3.27	4.31	3.26	2.43	3.63	3.93	3.29	3.41	5.35	6.57	4.08	2.7	2.32	2.86	3.51	3.96	4.32	4.46	4.97	6.04	6.3	6.93	7.95	6.16	6.39	3.98	2.95	4.44	3.17	4.43	4.98	4.93	5.19	5.33	3.95	2.8	4.14	3.59	4.26	2.4	4.18	6.61	6.24	5.02	5.5
1087.0	1088.0	1089.0	1090.0	1091.0	1092.0	1093.0	1094.0	1095.0	1096.0	1097.0	1098.0	1099.0	1100.0	1101.0	1102.0	1103.0	1104.0	1105.0	1106.0	1107.0	1108.0	1109.0	1110.0	1111.0	1112.0	1113.0	1114.0	1115.0	1116.0	1117.0	1118.0	1119.0	1120.0	1121.0	1122.0	1123.0	1124.0	1125.0	1126.0	1127.0	1128.0	1129.0	1130.0	1131.0	1132.0	1133.0	1134.0	1135.0	1136.0	1137.0	1138.0	1139.0	1140.0	1141.0	1142.0	1143.0	1144.0	1145.0	1146.0	1147.0	1148.0	1149.0	1150.0	1151.0	1152.0	1153.0	1154.0	1155.0	1156.0	1157.0	1158.0	1159.0	1160.0	1161.0	1162.0	1163.0	1164.0	1165.0	1166.0	1167.0	1168.0	1169.0	1170.0	1171.0	1172.0	1173.0	1174.0	1175.0	1176.0	1177.0	1178.0	1179.0	1180.0	1181.0	1182.0	1183.0	1184.0	1185.0	1186.0	1187.0	1188.0	1189.0	1190.0	1191.0	1192.0	1193.0	1194.0	1195.0	1196.0	1197.0	1198.0	1199.0	1200.0	1201.0	1202.0	1203.0	1204.0	1205.0	1206.0	1207.0	1208.0	1209.0	1210.0	1211.0	1212.0	1213.0	1214.0	1215.0	1216.0	1217.0	1218.0	1219.0	1220.0	1221.0	1222.0	1223.0	1224.0	1225.0	1226.0	1227.0	1228.0	1229.0	1230.0	1231.0	1232.0	1233.0	1234.0	1235.0	1236.0	1237.0	1238.0	1239.0	1240.0	1241.0	1242.0	1243.0	1244.0	1245.0	1246.0	1247.0	1248.0	1249.0	1250.0	1251.0	1252.0	1253.0	1254.0	1255.0	1256.0	1257.0	1258.0	1259.0	1260.0	1261.0	1262.0	1263.0	1264.0	1265.0	1266.0	1267.0	1268.0	1269.0	1270.0	1271.0	1272.0	1273.0	1274.0	1275.0	1276.0	1277.0	1278.0	1279.0	1280.0	1281.0	1282.0	1283.0	1284.0	1285.0	1286.0	1287.0	1288.0	1289.0	1290.0	1291.0	1292.0	1293.0	1294.0	1295.0	1296.0	1297.0	1298.0	1299.0	1300.0	1301.0	1302.0	1303.0	1304.0	1305.0	1306.0	1307.0	1308.0	1309.0	1310.0	1311.0	1312.0	1313.0	1314.0	1315.0	1316.0	1317.0	1318.0	1319.0	1320.0	1321.0	1322.0	1323.0	1324.0	1325.0	1326.0	1327.0	1328.0	1329.0	1330.0	1331.0	1332.0	1333.0	1334.0	1335.0	1336.0	1337.0	1338.0	1339.0	1340.0	1341.0	1342.0	1343.0	1344.0	1345.0	1346.0	1347.0	1348.0	1349.0	1350.0	1351.0	1352.0	1353.0	1354.0	1355.0	1356.0	1357.0	1358.0	1359.0	1360.0	1361.0	1362.0	1363.0	1364.0	1365.0	1366.0	1367.0	1368.0	1369.0	1370.0	1371.0	1372.0	1373.0	1374.0	1375.0	1376.0	1377.0	1378.0	1379.0	1380.0	1381.0	1382.0	1383.0	1384.0
3558.0
