2694.022793023325	3000.0	2000.0	742.1834550705287	0	0.0	2694.022793023325	1	0	tensor(4, device='cuda:0')	-4.7615268846499745
4102.357859473132	6000.0	1591.6649335501934	0.0	0	0.0	2694.022793023325	1	0	tensor(3, device='cuda:0')	1.971008768878472
4836.470736434344	3000.0	1784.1407688928596	0.0	0	0.0	2620.6115053272038	1	0	tensor(4, device='cuda:0')	1.1381732399098345
5597.94076462708	3000.0	1946.5237378808497	0.0	0	0.0	2544.4645025079303	1	0	tensor(4, device='cuda:0')	2.0353984871302817
6200.0	3000.0	2284.258578970637	0.0	0	93.17545395006073	2484.258578970637	1	0	tensor(4, device='cuda:0')	2.074207643567458
7327.992774150517	6000.0	2156.2658048201192	0.0	0	0.0	2484.2585789706372	1	0	tensor(3, device='cuda:0')	1.9970050136807942
8200.0	6000.0	2284.2585789706363	0.0	0	39.00435461381858	2484.2585789706372	1	0	tensor(3, device='cuda:0')	2.8901521942407395
9200.0	6000.0	2284.258578970638	0.0	0	274.52769708030974	2484.25857897064	1	0	tensor(3, device='cuda:0')	2.8901521942407387
10319.858222854094	6000.0	2164.4003561165446	0.0	0	0.0	2484.25857897064	1	0	tensor(3, device='cuda:0')	2.8901521942407387
11433.658185831366	6000.0	2050.6003931392734	0.0	0	0.0	2484.258578970641	1	0	tensor(3, device='cuda:0')	2.8901521942407387
12969.083284990962	6000.0	1515.1752939796775	0.0	0	0.0	2484.258578970641	1	0	tensor(3, device='cuda:0')	2.8901521942407387
14756.278941448372	6000.0	727.9796375222647	0.0	0	0.0	2484.258578970639	1	0	tensor(3, device='cuda:0')	2.8901521942407387
15375.831390696394	3000.0	1046.4719433494422	0.0	0	0.0	2422.3033340458405	1	0	tensor(4, device='cuda:0')	1.1852052733207092
16013.794209937043	3000.0	1344.7128421847276	0.0	0	0.0	2358.507052121773	1	0	tensor(4, device='cuda:0')	2.0812639782591367
16677.173753070107	3000.0	1614.9953447383587	0.0	0	0.0	2292.169097808468	1	0	tensor(4, device='cuda:0')	2.0823962804444607
17269.549396980623	3000.0	1963.3821364367875	0.0	0	0.0	2232.9315334174134	1	0	tensor(4, device='cuda:0')	2.1023205176042916
18510.07684207837	6000.0	1722.8546913390344	0.0	0	0.0	2232.93153341741	1	0	tensor(3, device='cuda:0')	2.022086398822587
19749.778021354803	6000.0	1483.1535120626029	0.0	0	0.0	2232.9315334174134	1	0	tensor(3, device='cuda:0')	2.915233579382532
21962.639628609933	6000.0	270.29190480747	0.0	0	0.0	2232.9315334174134	1	0	tensor(3, device='cuda:0')	2.915233579382532
23392.428148895735	3000.0	257.74127802800626	509.28795048629104	0	0.0	2650.1694269237523	1	0	tensor(4, device='cuda:0')	-1.9601425296241408
24411.35649124279	3000.0	380.4091445796079	221.35367557578542	0	0.0	2791.7656358223976	1	0	tensor(4, device='cuda:0')	0.6651323812464236
25478.758491425848	3000.0	466.47868327330593	236.5561262682339	0	0.0	2945.2371746991557	1	0	tensor(4, device='cuda:0')	0.5426647098944253
26468.188174821094	3000.0	468.10266009989766	81.81511687396585	0	0.0	2936.2908349209974	1	0	tensor(4, device='cuda:0')	1.457381319319151
27041.14286385658	3000.0	837.8525021608621	0.0	0	0.0	2878.9953660174506	1	0	tensor(4, device='cuda:0')	2.0265384515681433
27963.81362877102	3000.0	822.9146607549836	0.0	0	0.0	2786.728289526007	1	0	tensor(4, device='cuda:0')	1.9693061142686923
28633.051753908276	3000.0	1086.7527231040028	0.0	0	0.0	2719.8044770122797	1	0	tensor(4, device='cuda:0')	2.031330352365358
29400.794189139604	3000.0	1242.2360443495397	0.0	0	0.0	2643.0302334891458	1	0	tensor(4, device='cuda:0')	2.0218487847881845
30158.987525280063	3000.0	1408.2233745950355	0.0	0	0.0	2567.2108998751028	1	0	tensor(4, device='cuda:0')	2.033753915339817
30640.739245923392	3000.0	1878.296481887374	0.0	0	0.0	2519.0357278107695	1	0	tensor(4, device='cuda:0')	2.095246385855188
31273.70212288397	3000.0	2182.037317230743	0.0	0	0.0	2455.7394401147176	1	0	tensor(4, device='cuda:0')	2.071805746500393
32463.126907135877	6000.0	1992.6125329788338	0.0	0	0.0	2455.7394401147176	1	0	tensor(3, device='cuda:0')	2.0001604589631055
33910.638999715164	6000.0	1545.100440399545	0.0	0	0.0	2455.7394401147176	1	0	tensor(3, device='cuda:0')	2.8933076395230506
35868.114213808716	6000.0	587.6252263059827	0.0	0	0.0	2455.7394401147103	1	0	tensor(3, device='cuda:0')	2.8933076395230506
36386.32695727196	3000.0	1017.591208496415	0.0	0	0.0	2403.9181657683876	1	0	tensor(4, device='cuda:0')	1.207510244990512
36970.23931167656	3000.0	1375.2876186513467	0.0	0	0.0	2345.52693032792	1	0	tensor(4, device='cuda:0')	2.0934084761853096
37550.8295315042	3000.0	1736.6383768409328	0.0	0	0.0	2287.467908345141	1	0	tensor(4, device='cuda:0')	2.099613948964009
38219.34287381455	3000.0	2001.2737002995457	0.0	0	0.0	2220.616574114116	1	0	tensor(4, device='cuda:0')	2.0879301715018355
40509.936940074746	6000.0	710.6796340393557	0.0	0	0.0	2220.616574114116	1	0	tensor(3, device='cuda:0')	2.0231680113631896
41184.34764909108	3000.0	968.8278541213886	0.0	0	0.0	2153.1755032124784	1	0	tensor(4, device='cuda:0')	1.1996013191391306
41970.69281911828	3000.0	1103.8481670914625	0.0	0	0.0	2074.540986209744	1	0	tensor(4, device='cuda:0')	2.0763083825223747
42463.69561319916	3000.0	1561.5450936024993	0.0	0	0.0	2025.2407068016546	1	0	tensor(4, device='cuda:0')	2.1392237161822614
43200.0	3000.0	1751.6102681215702	0.0	0	175.78295728197554	1951.6102681215707	1	0	tensor(4, device='cuda:0')	2.0947697970406236
44200.0	6000.0	1751.6102681215696	0.0	0	186.8790056669677	1951.6102681215707	1	0	tensor(3, device='cuda:0')	2.0438709596135767
45579.813831349384	6000.0	1371.7964367721825	0.0	0	0.0	1951.6102681215707	1	0	tensor(3, device='cuda:0')	2.937018140173522
46710.09038886014	6000.0	1241.519879261432	0.0	0	0.0	1951.610268121578	1	0	tensor(3, device='cuda:0')	2.9370181401735214
47735.068135465706	3000.0	1114.0443579953076	0.0	0	0.0	1849.1124934610198	1	0	tensor(4, device='cuda:0')	1.1507232203697229
48307.185111565785	3000.0	1484.7156842852216	0.0	0	0.0	1791.900795851012	1	0	tensor(4, device='cuda:0')	2.138641218808008
49200.0	3000.0	1502.6193070075851	0.0	0	221.12540490631363	1702.6193070075897	1	0	tensor(4, device='cuda:0')	2.0785269576081546
50200.0	3000.0	1402.6193070075847	0.0	0	245.76767741645017	1602.6193070075897	1	0	tensor(4, device='cuda:0')	2.062043193225198
51797.83888022428	6000.0	804.7804267833076	0.0	0	0.0	1602.6193070075897	1	0	tensor(3, device='cuda:0')	2.063836153945817
52349.67783399217	3000.0	1197.7575776386211	0.0	0	0.0	1547.435411630795	1	0	tensor(4, device='cuda:0')	1.2622874162761764
53200.0	3000.0	1262.4031950300114	0.0	0	176.60043297985249	1462.4031950300123	1	0	tensor(4, device='cuda:0')	2.0987904033807485
54413.30857075749	6000.0	1049.0946242725267	0.0	0	0.0	1462.4031950300196	1	0	tensor(3, device='cuda:0')	2.070132269761025
55200.0	3000.0	1183.7340521057736	0.0	0	41.91083364456426	1383.7340521057704	1	0	tensor(4, device='cuda:0')	1.2218354349289402
56200.0	2000.0	1183.734052105779	0.0	0	590.5027662688008	1383.7340521057704	1	0	tensor(3, device='cuda:0')	1.26237413664866
57764.96085431528	6000.0	618.7731977904948	0.0	0	0.0	1383.7340521057704	1	0	tensor(3, device='cuda:0')	1.867839244756825
58350.09300006364	3000.0	975.1278374673034	0.0	0	0.0	1325.220837530942	1	0	tensor(4, device='cuda:0')	1.264807194064914
59305.638823488676	3000.0	924.027431699772	0.0	0	0.0	1229.6662551884365	1	0	tensor(4, device='cuda:0')	2.0869242788943474
60200.0	3000.0	940.2301375373141	0.0	0	224.09255050235515	1140.2301375372917	1	0	tensor(4, device='cuda:0')	2.1018176519861567
61200.0	6000.0	940.2301375373182	0.0	0	3.6859222221464734	1140.230137537299	1	0	tensor(3, device='cuda:0')	2.0817050559117316
62200.0	3000.0	840.2301375373228	0.0	0	265.77510864302167	1040.230137537299	1	0	tensor(4, device='cuda:0')	1.1903928294973505
63200.0	2000.0	840.2301375373202	0.0	0	494.35460219416564	1040.230137537299	1	0	tensor(3, device='cuda:0')	1.2736826458228163
64200.0	2000.0	840.2301375373277	0.0	0	463.12473438237794	1040.2301375373063	1	0	tensor(3, device='cuda:0')	1.879147753930981
65200.0	2000.0	840.2301375373303	0.0	0	526.3309664132394	1040.2301375373063	1	0	tensor(3, device='cuda:0')	1.879147753930981
66200.0	2000.0	840.2301375373269	0.0	0	285.0159781144612	1040.230137537299	1	0	tensor(3, device='cuda:0')	1.879147753930981
67200.0	2000.0	840.2301375373296	0.0	0	355.4722045902017	1040.2301375372917	1	0	tensor(3, device='cuda:0')	1.8791477539309813
68200.0	2000.0	840.2301375373187	0.0	0	513.6071669268858	1040.2301375372772	1	0	tensor(3, device='cuda:0')	1.879147753930982
69200.0	2000.0	840.2301375372987	0.0	0	381.19719739232096	1040.2301375372626	1	0	tensor(3, device='cuda:0')	1.8791477539309822
70200.0	2000.0	840.2301375372851	0.0	0	424.44181618072616	1040.2301375372626	1	0	tensor(3, device='cuda:0')	1.8791477539309822
71200.0	2000.0	840.230137537282	0.0	0	310.90003860781144	1040.230137537248	1	0	tensor(3, device='cuda:0')	1.8791477539309827
72200.0	2000.0	840.2301375372851	0.0	0	113.13991267292295	1040.230137537248	1	0	tensor(3, device='cuda:0')	1.8791477539309827
73200.0	2000.0	840.2301375372825	0.0	0	331.9949911865988	1040.230137537248	1	0	tensor(3, device='cuda:0')	1.8791477539309827
74200.0	2000.0	840.2301375372831	0.0	0	277.5463302351709	1040.230137537248	1	0	tensor(3, device='cuda:0')	1.8791477539309827
75200.0	2000.0	840.2301375372692	0.0	0	349.0319932083512	1040.230137537248	1	0	tensor(3, device='cuda:0')	1.8791477539309827
76200.0	2000.0	840.230137537261	0.0	0	504.8407236943167	1040.2301375372626	1	0	tensor(3, device='cuda:0')	1.8791477539309822
77268.13714105454	2000.0	772.0929964827097	0.0	0	0.0	1040.2301375372626	1	0	tensor(3, device='cuda:0')	1.8791477539309822
78327.99374295809	2000.0	712.2363945791649	0.0	0	0.0	1040.2301375372626	1	0	tensor(3, device='cuda:0')	1.8791477539309822
79292.23731582385	2000.0	747.9928217134016	0.0	0	0.0	1040.2301375372626	1	0	tensor(3, device='cuda:0')	1.8791477539309822
80200.0	2000.0	840.2301375372523	0.0	0	165.12370313031715	1040.2301375372626	1	0	tensor(3, device='cuda:0')	1.8791477539309822
81200.0	2000.0	840.2301375372414	0.0	0	408.30431066489837	1040.2301375372626	1	0	tensor(3, device='cuda:0')	1.8791477539309822
82200.0	2000.0	840.2301375372396	0.0	0	408.91805262984417	1040.2301375372626	1	0	tensor(3, device='cuda:0')	1.8791477539309822
83200.0	2000.0	840.2301375372358	0.0	0	546.7376187792834	1040.230137537248	1	0	tensor(3, device='cuda:0')	1.8791477539309827
84200.0	2000.0	840.2301375372404	0.0	0	396.34854485349206	1040.2301375372335	1	0	tensor(3, device='cuda:0')	1.879147753930983
85200.0	2000.0	840.230137537229	0.0	0	413.3925202181854	1040.230137537219	1	0	tensor(3, device='cuda:0')	1.8791477539309833
86200.0	2000.0	840.2301375372294	0.0	0	554.2997561883676	1040.230137537219	1	0	tensor(3, device='cuda:0')	1.8791477539309833
87200.0	2000.0	840.2301375372288	0.0	0	696.5921280727634	1040.230137537219	1	0	tensor(3, device='cuda:0')	1.8791477539309833
88200.0	2000.0	840.230137537218	0.0	0	755.4863963841344	1040.230137537219	1	0	tensor(3, device='cuda:0')	1.8791477539309833
89200.0	6000.0	840.2301375372053	0.0	0	8.920971605344675	1040.230137537219	1	0	tensor(3, device='cuda:0')	1.8791477539309835
90200.0	2000.0	840.2301375372149	0.0	0	506.7311731078371	1040.230137537219	1	0	tensor(3, device='cuda:0')	0.7805354652628738
91200.0	2000.0	840.2301375372003	0.0	0	514.6564463116956	1040.230137537219	1	0	tensor(3, device='cuda:0')	1.8791477539309833
92200.0	2000.0	840.2301375371973	0.0	0	261.25483600154985	1040.2301375372044	1	0	tensor(3, device='cuda:0')	1.879147753930984
93200.0	2000.0	840.2301375371926	0.0	0	377.860343735083	1040.2301375372044	1	0	tensor(3, device='cuda:0')	1.879147753930984
94200.0	2000.0	840.2301375371898	0.0	0	511.7444366119016	1040.2301375372044	1	0	tensor(3, device='cuda:0')	1.879147753930984
95200.0	2000.0	840.2301375371891	0.0	0	659.3820636094315	1040.2301375372044	1	0	tensor(3, device='cuda:0')	1.879147753930984
96200.0	2000.0	840.2301375371686	0.0	0	706.3262282361684	1040.2301375371899	1	0	tensor(3, device='cuda:0')	1.8791477539309842
97200.0	2000.0	840.2301375371613	0.0	0	483.31296618276974	1040.2301375371899	1	0	tensor(3, device='cuda:0')	1.8791477539309842
98200.0	2000.0	840.2301375371709	0.0	0	614.3233233575156	1040.2301375371899	1	0	tensor(3, device='cuda:0')	1.8791477539309842
99200.0	2000.0	840.2301375371793	0.0	0	557.7746936396579	1040.2301375371899	1	0	tensor(3, device='cuda:0')	1.8791477539309842
100200.0	2000.0	840.2301375371751	0.0	0	575.0238712065766	1040.2301375371899	1	0	tensor(3, device='cuda:0')	1.8791477539309842
101200.0	2000.0	840.2301375371726	0.0	0	362.61440464937186	1040.2301375371899	1	0	tensor(3, device='cuda:0')	1.8791477539309842
102200.0	2000.0	840.2301375371676	0.0	0	454.40629699168494	1040.2301375371899	1	0	tensor(3, device='cuda:0')	1.8791477539309842
103200.0	2000.0	840.2301375371817	0.0	0	335.813492257148	1040.2301375371899	1	0	tensor(3, device='cuda:0')	1.8791477539309842
104200.0	2000.0	840.2301375371637	0.0	0	345.1225441106217	1040.2301375371899	1	0	tensor(3, device='cuda:0')	1.8791477539309842
105200.0	2000.0	840.2301375371567	0.0	0	500.08458640066965	1040.2301375371753	1	0	tensor(3, device='cuda:0')	1.8791477539309849
106200.0	2000.0	840.2301375371634	0.0	0	179.71675127156777	1040.2301375371753	1	0	tensor(3, device='cuda:0')	1.8791477539309849
107259.21356062002	2000.0	781.0165769171491	0.0	0	0.0	1040.2301375371753	1	0	tensor(3, device='cuda:0')	1.8791477539309849
108274.09246443039	2000.0	766.1376731067967	0.0	0	0.0	1040.2301375371899	1	0	tensor(3, device='cuda:0')	1.8791477539309842
109200.0	2000.0	840.2301375371738	0.0	0	238.5948152920755	1040.2301375371899	1	0	tensor(3, device='cuda:0')	1.8791477539309842
110200.0	2000.0	840.2301375371843	0.0	0	378.7285090380756	1040.2301375371899	1	0	tensor(3, device='cuda:0')	1.8791477539309842
111200.0	2000.0	840.2301375371757	0.0	0	320.0651698494621	1040.2301375371753	1	0	tensor(3, device='cuda:0')	1.8791477539309849
112200.0	2000.0	840.2301375371696	0.0	0	168.39801846614864	1040.2301375371753	1	0	tensor(3, device='cuda:0')	1.8791477539309849
113200.0	2000.0	840.2301375371804	0.0	0	478.75419578804576	1040.2301375371753	1	0	tensor(3, device='cuda:0')	1.8791477539309849
114200.0	2000.0	840.2301375371866	0.0	0	501.04363785890746	1040.2301375371753	1	0	tensor(3, device='cuda:0')	1.8791477539309849
115200.0	2000.0	840.2301375371729	0.0	0	414.7429092806851	1040.2301375371608	1	0	tensor(3, device='cuda:0')	1.879147753930985
116200.0	2000.0	840.2301375371601	0.0	0	517.8956283755251	1040.2301375371608	1	0	tensor(3, device='cuda:0')	1.879147753930985
117200.0	2000.0	840.2301375371592	0.0	0	282.19837293202	1040.2301375371462	1	0	tensor(3, device='cuda:0')	1.8791477539309855
118200.0	2000.0	840.2301375371511	0.0	0	520.8318504616473	1040.2301375371462	1	0	tensor(3, device='cuda:0')	1.8791477539309855
119200.0	2000.0	840.2301375371409	0.0	0	449.52170402959746	1040.2301375371317	1	0	tensor(3, device='cuda:0')	1.8791477539309858
120200.0	2000.0	840.2301375371378	0.0	0	619.8177942843613	1040.2301375371171	1	0	tensor(3, device='cuda:0')	1.8791477539309864
121200.0	6000.0	840.2301375371303	0.0	0	140.72179657740344	1040.2301375371171	1	0	tensor(3, device='cuda:0')	1.8791477539309862
122200.0	2000.0	840.230137537119	0.0	0	604.9855967055482	1040.2301375371171	1	0	tensor(3, device='cuda:0')	0.7805354652628768
123200.0	2000.0	840.2301375371225	0.0	0	591.1359791068098	1040.2301375371317	1	0	tensor(3, device='cuda:0')	1.8791477539309858
124200.0	2000.0	840.230137537142	0.0	0	538.9677124882728	1040.2301375371317	1	0	tensor(3, device='cuda:0')	1.8791477539309858
125200.0	2000.0	840.2301375371314	0.0	0	356.27095159910095	1040.2301375371171	1	0	tensor(3, device='cuda:0')	1.8791477539309864
126200.0	2000.0	840.2301375371392	0.0	0	394.99300973128993	1040.2301375371171	1	0	tensor(3, device='cuda:0')	1.8791477539309864
127200.0	2000.0	840.2301375371416	0.0	0	301.6430060846469	1040.2301375371171	1	0	tensor(3, device='cuda:0')	1.8791477539309864
128200.0	2000.0	840.2301375371296	0.0	0	450.0984149209253	1040.2301375371171	1	0	tensor(3, device='cuda:0')	1.8791477539309864
129200.0	2000.0	840.2301375371251	0.0	0	627.7284997188399	1040.2301375371171	1	0	tensor(3, device='cuda:0')	1.8791477539309864
130200.0	2000.0	840.2301375371314	0.0	0	378.79155901350896	1040.2301375371171	1	0	tensor(3, device='cuda:0')	1.8791477539309864
131200.0	2000.0	840.2301375371311	0.0	0	462.8664920429146	1040.2301375371171	1	0	tensor(3, device='cuda:0')	1.8791477539309864
132200.0	2000.0	840.2301375371007	0.0	0	518.6461366574804	1040.230137537088	1	0	tensor(3, device='cuda:0')	1.8791477539309873
133200.0	2000.0	840.2301375371298	0.0	0	641.3756912596	1040.230137537088	1	0	tensor(3, device='cuda:0')	1.8791477539309873
134200.0	2000.0	840.2301375371103	0.0	0	649.0165145402716	1040.230137537088	1	0	tensor(3, device='cuda:0')	1.8791477539309873
135200.0	2000.0	840.2301375371203	0.0	0	599.987593252532	1040.230137537059	1	0	tensor(3, device='cuda:0')	1.8791477539309878
136200.0	2000.0	840.2301375371376	0.0	0	371.13233561464585	1040.230137537088	1	0	tensor(3, device='cuda:0')	1.8791477539309873
137200.0	2000.0	840.2301375371184	0.0	0	458.1253021635639	1040.230137537088	1	0	tensor(3, device='cuda:0')	1.8791477539309873
138200.0	2000.0	840.2301375371079	0.0	0	414.04176867948263	1040.230137537088	1	0	tensor(3, device='cuda:0')	1.8791477539309873
139200.0	2000.0	840.2301375370967	0.0	0	305.37738999558496	1040.230137537088	1	0	tensor(3, device='cuda:0')	1.8791477539309873
140200.0	2000.0	840.2301375371227	0.0	0	557.7838814857823	1040.230137537059	1	0	tensor(3, device='cuda:0')	1.8791477539309878
141200.0	2000.0	840.2301375371349	0.0	0	567.5489342095971	1040.230137537059	1	0	tensor(3, device='cuda:0')	1.8791477539309878
142200.0	2000.0	840.2301375371264	0.0	0	540.907233461854	1040.230137537059	1	0	tensor(3, device='cuda:0')	1.8791477539309878
143200.0	2000.0	840.2301375371364	0.0	0	562.8781044865609	1040.230137537088	1	0	tensor(3, device='cuda:0')	1.8791477539309873
144200.0	2000.0	840.2301375371096	0.0	0	652.9460583266336	1040.230137537088	1	0	tensor(3, device='cuda:0')	1.8791477539309873
145200.0	2000.0	840.2301375370696	0.0	0	588.4132754711318	1040.230137537059	1	0	tensor(3, device='cuda:0')	1.8791477539309878
146200.0	2000.0	840.2301375370811	0.0	0	465.64129211878753	1040.2301375370298	1	0	tensor(3, device='cuda:0')	1.8791477539309887
147200.0	2000.0	840.2301375370705	0.0	0	494.219574803079	1040.2301375370298	1	0	tensor(3, device='cuda:0')	1.8791477539309887
148200.0	2000.0	840.230137537051	0.0	0	593.541118113877	1040.2301375370298	1	0	tensor(3, device='cuda:0')	1.8791477539309887
149200.0	6000.0	840.2301375370306	0.0	0	217.03206478670472	1040.2301375370298	1	0	tensor(3, device='cuda:0')	1.8791477539309889
150200.0	2000.0	840.2301375369918	0.0	0	602.0187708754092	1040.2301375370298	1	0	tensor(3, device='cuda:0')	0.7805354652628791
151200.0	2000.0	840.2301375370055	0.0	0	548.9879106697626	1040.2301375370298	1	0	tensor(3, device='cuda:0')	1.8791477539309887
152200.0	2000.0	840.230137536986	0.0	0	302.7053123532387	1040.2301375370007	1	0	tensor(3, device='cuda:0')	1.8791477539309895
153200.0	2000.0	840.230137536965	0.0	0	624.5072883677785	1040.2301375370007	1	0	tensor(3, device='cuda:0')	1.8791477539309895
154200.0	2000.0	840.2301375369761	0.0	0	423.17439888833906	1040.2301375370007	1	0	tensor(3, device='cuda:0')	1.8791477539309895
155200.0	2000.0	840.2301375369559	0.0	0	202.5388046904991	1040.2301375370007	1	0	tensor(3, device='cuda:0')	1.8791477539309895
156200.0	2000.0	840.2301375369573	0.0	0	599.3356103786791	1040.2301375370007	1	0	tensor(3, device='cuda:0')	1.8791477539309895
157200.0	2000.0	840.2301375369411	0.0	0	664.2506301180401	1040.2301375370007	1	0	tensor(3, device='cuda:0')	1.8791477539309895
158200.0	2000.0	840.2301375369162	0.0	0	528.2543732580962	1040.2301375370007	1	0	tensor(3, device='cuda:0')	1.8791477539309895
159200.0	2000.0	840.2301375369068	0.0	0	660.8231017319195	1040.2301375370007	1	0	tensor(3, device='cuda:0')	1.8791477539309895
160254.98459083913	6000.0	785.24554669777	0.0	0	0.0	1040.2301375370007	1	0	tensor(3, device='cuda:0')	1.8791477539309895
161200.0	2000.0	840.2301375368933	0.0	0	652.6361766450864	1040.2301375370298	1	0	tensor(3, device='cuda:0')	0.7805354652628791
162200.0	2000.0	840.2301375368793	0.0	0	629.9651092983258	1040.2301375370298	1	0	tensor(3, device='cuda:0')	1.8791477539309887
163200.0	2000.0	840.2301375369038	0.0	0	556.2322475455003	1040.230137537059	1	0	tensor(3, device='cuda:0')	1.8791477539309878
164200.0	2000.0	840.2301375368997	0.0	0	365.5056583129335	1040.230137537088	1	0	tensor(3, device='cuda:0')	1.8791477539309873
165200.0	2000.0	840.2301375368713	0.0	0	547.4328974517994	1040.230137537088	1	0	tensor(3, device='cuda:0')	1.8791477539309873
166200.0	2000.0	840.2301375368977	0.0	0	593.4993044982257	1040.230137537088	1	0	tensor(3, device='cuda:0')	1.8791477539309873
167200.0	2000.0	840.2301375369282	0.0	0	559.3409296693571	1040.230137537088	1	0	tensor(3, device='cuda:0')	1.8791477539309873
168200.0	2000.0	840.2301375369441	0.0	0	467.5657410599524	1040.230137537088	1	0	tensor(3, device='cuda:0')	1.8791477539309873
169200.0	2000.0	840.2301375369583	0.0	0	429.8189472906233	1040.2301375371171	1	0	tensor(3, device='cuda:0')	1.8791477539309864
170200.0	2000.0	840.2301375369681	0.0	0	488.8382309291046	1040.2301375371462	1	0	tensor(3, device='cuda:0')	1.8791477539309855
171200.0	2000.0	840.2301375369593	0.0	0	423.1945781324466	1040.2301375371462	1	0	tensor(3, device='cuda:0')	1.8791477539309855
172200.0	2000.0	840.2301375369304	0.0	0	494.1432749531523	1040.2301375371171	1	0	tensor(3, device='cuda:0')	1.8791477539309864
173200.0	6000.0	840.2301375369502	0.0	0	218.69626684099785	1040.2301375371171	1	0	tensor(3, device='cuda:0')	1.8791477539309862
174200.0	2000.0	840.2301375369437	0.0	0	586.3795510200143	1040.2301375371462	1	0	tensor(3, device='cuda:0')	0.780535465262876
175200.0	2000.0	840.2301375369335	0.0	0	611.7604416530521	1040.2301375371171	1	0	tensor(3, device='cuda:0')	1.8791477539309864
176200.0	2000.0	840.2301375369299	0.0	0	652.9965641405142	1040.2301375371171	1	0	tensor(3, device='cuda:0')	1.8791477539309864
177200.0	2000.0	840.230137536921	0.0	0	682.8170091655047	1040.2301375371462	1	0	tensor(3, device='cuda:0')	1.8791477539309855
178200.0	2000.0	840.2301375369269	0.0	0	368.9732855122711	1040.2301375371462	1	0	tensor(3, device='cuda:0')	1.8791477539309855
179200.0	2000.0	840.230137536953	0.0	0	534.9102816012164	1040.2301375371462	1	0	tensor(3, device='cuda:0')	1.8791477539309855
180200.0	2000.0	840.2301375369502	0.0	0	718.9308956055902	1040.2301375371462	1	0	tensor(3, device='cuda:0')	1.8791477539309855
181200.0	2000.0	840.2301375369509	0.0	0	717.570353498304	1040.2301375371462	1	0	tensor(3, device='cuda:0')	1.8791477539309855
182200.0	2000.0	840.2301375369291	0.0	0	482.1837890052702	1040.2301375371462	1	0	tensor(3, device='cuda:0')	1.8791477539309855
183200.0	2000.0	840.2301375369223	0.0	0	223.8843211942003	1040.2301375371462	1	0	tensor(3, device='cuda:0')	1.8791477539309855
184200.0	2000.0	840.2301375369533	0.0	0	170.03577941647382	1040.2301375371462	1	0	tensor(3, device='cuda:0')	1.8791477539309855
185200.0	2000.0	840.2301375369279	0.0	0	254.53206290249364	1040.2301375371753	1	0	tensor(3, device='cuda:0')	1.8791477539309849
186200.0	2000.0	840.2301375369184	0.0	0	502.61970999086043	1040.2301375371753	1	0	tensor(3, device='cuda:0')	1.8791477539309849
187200.0	2000.0	840.2301375369341	0.0	0	421.2826968234149	1040.2301375372044	1	0	tensor(3, device='cuda:0')	1.879147753930984
188200.0	2000.0	840.2301375369588	0.0	0	487.8778943704092	1040.2301375372044	1	0	tensor(3, device='cuda:0')	1.879147753930984
189200.0	2000.0	840.2301375369584	0.0	0	569.4860272165388	1040.2301375372335	1	0	tensor(3, device='cuda:0')	1.879147753930983
190200.0	2000.0	840.2301375369296	0.0	0	655.8667829259648	1040.2301375372335	1	0	tensor(3, device='cuda:0')	1.879147753930983
191200.0	2000.0	840.2301375369243	0.0	0	544.8664877064293	1040.2301375372335	1	0	tensor(3, device='cuda:0')	1.879147753930983
192200.0	2000.0	840.2301375369391	0.0	0	684.4993005996803	1040.2301375372626	1	0	tensor(3, device='cuda:0')	1.8791477539309822
193200.0	2000.0	840.2301375369449	0.0	0	501.380793992721	1040.2301375372626	1	0	tensor(3, device='cuda:0')	1.8791477539309822
194200.0	2000.0	840.2301375369431	0.0	0	511.42667264066404	1040.2301375372626	1	0	tensor(3, device='cuda:0')	1.8791477539309822
195200.0	6000.0	840.2301375369108	0.0	0	299.1503882468969	1040.2301375372626	1	0	tensor(3, device='cuda:0')	1.8791477539309822
196200.0	2000.0	840.23013753689	0.0	0	556.3877813145518	1040.2301375372626	1	0	tensor(3, device='cuda:0')	0.7805354652628727
197200.0	2000.0	840.2301375368709	0.0	0	352.47312242057524	1040.2301375372626	1	0	tensor(3, device='cuda:0')	1.8791477539309822
198200.0	2000.0	840.2301375368685	0.0	0	161.82092683404335	1040.2301375372335	1	0	tensor(3, device='cuda:0')	1.879147753930983
199200.0	2000.0	840.2301375368527	0.0	0	446.6689280831197	1040.2301375372335	1	0	tensor(3, device='cuda:0')	1.879147753930983
200200.0	2000.0	840.2301375368738	0.0	0	200.4054357756686	1040.2301375372335	1	0	tensor(3, device='cuda:0')	1.879147753930983
201200.0	2000.0	840.2301375368687	0.0	0	410.1998525043309	1040.2301375372335	1	0	tensor(3, device='cuda:0')	1.879147753930983
202200.0	2000.0	840.2301375368804	0.0	0	562.1061819186143	1040.2301375372335	1	0	tensor(3, device='cuda:0')	1.879147753930983
203200.0	2000.0	840.2301375368853	0.0	0	328.54325627864455	1040.2301375372044	1	0	tensor(3, device='cuda:0')	1.879147753930984
204200.0	2000.0	840.230137536879	0.0	0	46.80125148926163	1040.2301375372044	1	0	tensor(3, device='cuda:0')	1.879147753930984
205200.0	2000.0	840.2301375369042	0.0	0	131.78910325025208	1040.2301375372044	1	0	tensor(3, device='cuda:0')	1.879147753930984
206200.0	2000.0	840.2301375368993	0.0	0	441.04473749548197	1040.2301375372044	1	0	tensor(3, device='cuda:0')	1.879147753930984
207200.0	2000.0	840.2301375369211	0.0	0	552.6680395492585	1040.2301375372044	1	0	tensor(3, device='cuda:0')	1.879147753930984
208200.0	2000.0	840.2301375369364	0.0	0	524.0301462314965	1040.2301375372044	1	0	tensor(3, device='cuda:0')	1.879147753930984
209200.0	2000.0	840.230137536947	0.0	0	460.05807181826094	1040.2301375372044	1	0	tensor(3, device='cuda:0')	1.879147753930984
210200.0	2000.0	840.2301375369401	0.0	0	349.39341227471596	1040.2301375372044	1	0	tensor(3, device='cuda:0')	1.879147753930984
211200.0	2000.0	840.2301375368942	0.0	0	529.7930075103068	1040.2301375372044	1	0	tensor(3, device='cuda:0')	1.879147753930984
212200.0	2000.0	840.2301375369466	0.0	0	575.402971790143	1040.2301375372044	1	0	tensor(3, device='cuda:0')	1.879147753930984
213200.0	2000.0	840.230137536967	0.0	0	336.97253854270093	1040.2301375372044	1	0	tensor(3, device='cuda:0')	1.879147753930984
214200.0	2000.0	840.2301375369625	0.0	0	369.02020504299435	1040.2301375371753	1	0	tensor(3, device='cuda:0')	1.8791477539309849
215200.0	2000.0	840.2301375369544	0.0	0	397.05117364862235	1040.2301375371753	1	0	tensor(3, device='cuda:0')	1.8791477539309849
216200.0	2000.0	840.2301375369668	0.0	0	511.06516434135847	1040.2301375371753	1	0	tensor(3, device='cuda:0')	1.8791477539309849
217200.0	2000.0	840.2301375369722	0.0	0	707.3023261976195	1040.2301375371753	1	0	tensor(3, device='cuda:0')	1.8791477539309849
218200.0	2000.0	840.2301375369722	0.0	0	618.1566538938205	1040.2301375371462	1	0	tensor(3, device='cuda:0')	1.8791477539309855
219200.0	2000.0	840.2301375369485	0.0	0	139.35645195632242	1040.2301375371462	1	0	tensor(3, device='cuda:0')	1.8791477539309855
220200.0	2000.0	840.230137536944	0.0	0	31.560182277142303	1040.2301375371171	1	0	tensor(3, device='cuda:0')	1.8791477539309864
221200.0	2000.0	840.2301375369683	0.0	0	33.53842305307626	1040.2301375371171	1	0	tensor(3, device='cuda:0')	1.8791477539309864
222288.11429202702	2000.0	752.1158455099585	0.0	0	0.0	1040.2301375371171	1	0	tensor(3, device='cuda:0')	1.8791477539309864
223304.58368451623	2000.0	735.6464530207315	0.0	0	0.0	1040.2301375371171	1	0	tensor(3, device='cuda:0')	1.8791477539309864
224200.0	2000.0	840.2301375369938	0.0	0	133.68811654340243	1040.2301375371171	1	0	tensor(3, device='cuda:0')	1.8791477539309864
225200.0	2000.0	840.2301375369614	0.0	0	362.81706249393756	1040.2301375371462	1	0	tensor(3, device='cuda:0')	1.8791477539309855
226200.0	2000.0	840.230137536963	0.0	0	418.6306517171324	1040.2301375371462	1	0	tensor(3, device='cuda:0')	1.8791477539309855
227200.0	2000.0	840.2301375370066	0.0	0	353.42623848392395	1040.2301375371462	1	0	tensor(3, device='cuda:0')	1.8791477539309855
228200.0	2000.0	840.2301375370121	0.0	0	419.63026296775206	1040.2301375371462	1	0	tensor(3, device='cuda:0')	1.8791477539309855
229200.0	2000.0	840.23013753701	0.0	0	549.7417984030908	1040.2301375371462	1	0	tensor(3, device='cuda:0')	1.8791477539309855
230200.0	2000.0	840.2301375370054	0.0	0	565.5355447241745	1040.2301375371462	1	0	tensor(3, device='cuda:0')	1.8791477539309855
231200.0	2000.0	840.2301375370101	0.0	0	507.137904104311	1040.2301375371462	1	0	tensor(3, device='cuda:0')	1.8791477539309855
232200.0	2000.0	840.2301375370275	0.0	0	468.24560421393835	1040.2301375371462	1	0	tensor(3, device='cuda:0')	1.8791477539309855
233386.58673301636	6000.0	653.643404520646	0.0	0	0.0	1040.2301375371462	1	0	tensor(3, device='cuda:0')	1.8791477539309858
234200.0	2000.0	840.2301375370084	0.0	0	412.7286199857481	1040.2301375371753	1	0	tensor(3, device='cuda:0')	0.7805354652628751
235200.0	2000.0	840.2301375370253	0.0	0	658.534145034122	1040.2301375371753	1	0	tensor(3, device='cuda:0')	1.8791477539309849
236200.0	2000.0	840.2301375370286	0.0	0	646.1583661082259	1040.2301375371753	1	0	tensor(3, device='cuda:0')	1.8791477539309849
237200.0	2000.0	840.2301375370113	0.0	0	523.4078474559938	1040.2301375371753	1	0	tensor(3, device='cuda:0')	1.8791477539309849
238200.0	2000.0	840.2301375369988	0.0	0	582.4850376221584	1040.2301375372044	1	0	tensor(3, device='cuda:0')	1.879147753930984
239200.0	2000.0	840.2301375370164	0.0	0	502.21913406293606	1040.2301375372044	1	0	tensor(3, device='cuda:0')	1.879147753930984
240200.0	2000.0	840.230137537001	0.0	0	646.6672688359104	1040.2301375372044	1	0	tensor(3, device='cuda:0')	1.879147753930984
241200.0	2000.0	840.2301375370034	0.0	0	692.1374780615151	1040.2301375371753	1	0	tensor(3, device='cuda:0')	1.8791477539309849
242200.0	6000.0	840.2301375370156	0.0	0	289.38744876752025	1040.2301375371753	1	0	tensor(3, device='cuda:0')	1.8791477539309844
243200.0	6000.0	840.2301375370192	0.0	0	274.44627942799707	1040.2301375371753	1	0	tensor(3, device='cuda:0')	2.977760042599094
244200.0	2000.0	840.2301375370183	0.0	0	669.202012261143	1040.2301375371462	1	0	tensor(3, device='cuda:0')	0.780535465262876
245200.0	2000.0	840.2301375370436	0.0	0	361.3641312147083	1040.2301375371753	1	0	tensor(3, device='cuda:0')	1.8791477539309849
246200.0	2000.0	840.2301375370372	0.0	0	650.2557423612161	1040.2301375371753	1	0	tensor(3, device='cuda:0')	1.8791477539309849
247200.0	2000.0	840.2301375370567	0.0	0	618.4097880233894	1040.2301375371753	1	0	tensor(3, device='cuda:0')	1.8791477539309849
248200.0	2000.0	840.2301375370563	0.0	0	642.7045608042681	1040.2301375371753	1	0	tensor(3, device='cuda:0')	1.8791477539309849
249200.0	2000.0	840.2301375370348	0.0	0	175.44675486010965	1040.2301375371753	1	0	tensor(3, device='cuda:0')	1.8791477539309849
250200.0	2000.0	840.2301375370353	0.0	0	559.171841161151	1040.2301375371462	1	0	tensor(3, device='cuda:0')	1.8791477539309855
251200.0	2000.0	840.2301375370562	0.0	0	512.5461138334649	1040.2301375371462	1	0	tensor(3, device='cuda:0')	1.8791477539309855
252438.97138951626	6000.0	601.2587480207762	0.0	0	0.0	1040.2301375371171	1	0	tensor(3, device='cuda:0')	1.8791477539309862
253200.0	2000.0	840.2301375370262	0.0	0	397.26841156941373	1040.2301375371462	1	0	tensor(3, device='cuda:0')	0.780535465262876
254200.0	2000.0	840.2301375370188	0.0	0	677.665379960119	1040.2301375371462	1	0	tensor(3, device='cuda:0')	1.8791477539309855
255200.0	2000.0	840.2301375370024	0.0	0	706.7672269596369	1040.2301375371171	1	0	tensor(3, device='cuda:0')	1.8791477539309864
256200.0	2000.0	840.2301375369713	0.0	0	418.56116331604426	1040.2301375371171	1	0	tensor(3, device='cuda:0')	1.8791477539309864
257200.0	2000.0	840.2301375369733	0.0	0	478.7303303994122	1040.2301375371171	1	0	tensor(3, device='cuda:0')	1.8791477539309864
258200.0	2000.0	840.2301375369419	0.0	0	439.0344568664732	1040.2301375371171	1	0	tensor(3, device='cuda:0')	1.8791477539309864
259200.0	2000.0	840.2301375369238	0.0	0	640.5607306467427	1040.230137537088	1	0	tensor(3, device='cuda:0')	1.8791477539309873
260200.0	2000.0	840.2301375369362	0.0	0	624.4997130004922	1040.230137537088	1	0	tensor(3, device='cuda:0')	1.8791477539309873
261200.0	2000.0	840.2301375369581	0.0	0	474.38766242409474	1040.230137537088	1	0	tensor(3, device='cuda:0')	1.8791477539309873
262200.0	2000.0	840.2301375369636	0.0	0	498.6490087911661	1040.2301375371171	1	0	tensor(3, device='cuda:0')	1.8791477539309864
263200.0	2000.0	840.2301375369982	0.0	0	421.3571675129933	1040.2301375371171	1	0	tensor(3, device='cuda:0')	1.8791477539309858
264200.0	2000.0	840.230137536973	0.0	0	517.9134440728812	1040.2301375371753	1	0	tensor(3, device='cuda:0')	1.8791477539309849
265200.0	2000.0	840.2301375369165	0.0	0	542.3243507802254	1040.2301375371753	1	0	tensor(3, device='cuda:0')	1.8791477539309849
266200.0	2000.0	840.2301375368535	0.0	0	433.72234605945414	1040.2301375371753	1	0	tensor(3, device='cuda:0')	1.8791477539309849
267200.0	2000.0	840.2301375368177	0.0	0	411.87038358696736	1040.2301375371753	1	0	tensor(3, device='cuda:0')	1.8791477539309849
268200.0	2000.0	840.2301375367952	0.0	0	346.5815813425579	1040.2301375371753	1	0	tensor(3, device='cuda:0')	1.8791477539309849
269200.0	2000.0	840.2301375367815	0.0	0	617.6092173277284	1040.2301375372335	1	0	tensor(3, device='cuda:0')	1.879147753930983
270200.0	2000.0	840.2301375367598	0.0	0	465.8585233434569	1040.2301375372335	1	0	tensor(3, device='cuda:0')	1.879147753930983
271200.0	2000.0	840.2301375367925	0.0	0	586.6743205046514	1040.2301375372335	1	0	tensor(3, device='cuda:0')	1.879147753930983
272200.0	2000.0	840.2301375367804	0.0	0	523.4777488320251	1040.2301375372335	1	0	tensor(3, device='cuda:0')	1.879147753930983
273200.0	2000.0	840.2301375367866	0.0	0	581.5492876548669	1040.2301375372335	1	0	tensor(3, device='cuda:0')	1.879147753930983
274200.0	2000.0	840.2301375367521	0.0	0	514.2509628724656	1040.2301375372335	1	0	tensor(3, device='cuda:0')	1.879147753930983
275200.0	2000.0	840.2301375367539	0.0	0	548.4695686358027	1040.2301375372335	1	0	tensor(3, device='cuda:0')	1.879147753930983
276200.0	2000.0	840.230137536772	0.0	0	633.9822526946082	1040.2301375372335	1	0	tensor(3, device='cuda:0')	1.879147753930983
277200.0	2000.0	840.2301375367763	0.0	0	492.5038657739642	1040.2301375372335	1	0	tensor(3, device='cuda:0')	1.879147753930983
278200.0	2000.0	840.2301375367739	0.0	0	469.57051753182895	1040.2301375372335	1	0	tensor(3, device='cuda:0')	1.879147753930983
279200.0	2000.0	840.230137536779	0.0	0	666.896717075957	1040.2301375371753	1	0	tensor(3, device='cuda:0')	1.8791477539309849
280200.0	2000.0	840.2301375368015	0.0	0	703.2660643567797	1040.2301375371753	1	0	tensor(3, device='cuda:0')	1.8791477539309849
281200.0	2000.0	840.2301375367605	0.0	0	494.1301753235748	1040.2301375371753	1	0	tensor(3, device='cuda:0')	1.8791477539309849
282200.0	2000.0	840.2301375367899	0.0	0	503.99528423906304	1040.2301375372335	1	0	tensor(3, device='cuda:0')	1.879147753930983
283200.0	2000.0	840.2301375368024	0.0	0	514.1234861992416	1040.2301375372917	1	0	tensor(3, device='cuda:0')	1.8791477539309813
284200.0	2000.0	840.2301375367357	0.0	0	488.6000248960918	1040.2301375372335	1	0	tensor(3, device='cuda:0')	1.879147753930983
285200.0	2000.0	840.2301375366928	0.0	0	539.2600481833797	1040.2301375371753	1	0	tensor(3, device='cuda:0')	1.8791477539309849
286200.0	2000.0	840.2301375366685	0.0	0	685.3932712242822	1040.2301375371753	1	0	tensor(3, device='cuda:0')	1.8791477539309849
287200.0	2000.0	840.2301375366854	0.0	0	574.7307833871455	1040.2301375371753	1	0	tensor(3, device='cuda:0')	1.8791477539309849
288200.0	6000.0	840.2301375366651	0.0	0	145.01019214605913	1040.2301375371753	1	0	tensor(3, device='cuda:0')	1.8791477539309844
289200.0	2000.0	840.2301375367051	0.0	0	675.6393655893044	1040.2301375372335	1	0	tensor(3, device='cuda:0')	0.7805354652628735
290200.0	2000.0	840.2301375367098	0.0	0	747.8025618566899	1040.2301375372335	1	0	tensor(3, device='cuda:0')	1.879147753930983
291200.0	6000.0	840.2301375367331	0.0	0	356.6729277111008	1040.2301375371753	1	0	tensor(3, device='cuda:0')	1.8791477539309844
292200.0	6000.0	840.2301375366757	0.0	0	529.4743397462298	1040.2301375372335	1	0	tensor(3, device='cuda:0')	2.977760042599092
293200.0	2000.0	840.2301375366183	0.0	0	662.475694195542	1040.2301375372335	1	0	tensor(3, device='cuda:0')	0.7805354652628735
294200.0	2000.0	840.2301375366402	0.0	0	690.1012881547213	1040.2301375372335	1	0	tensor(3, device='cuda:0')	1.879147753930983
295200.0	2000.0	840.2301375365877	0.0	0	723.3543181876303	1040.2301375371753	1	0	tensor(3, device='cuda:0')	1.8791477539309849
296200.0	6000.0	840.2301375366654	0.0	0	116.44909028866095	1040.2301375371753	1	0	tensor(3, device='cuda:0')	1.8791477539309844
297262.3040844698	6000.0	777.9260530668791	0.0	0	0.0	1040.2301375371753	1	0	tensor(3, device='cuda:0')	2.977760042599094
298200.0	2000.0	840.2301375367252	0.0	0	501.0896916348138	1040.2301375371753	1	0	tensor(3, device='cuda:0')	0.7805354652628751
299200.0	2000.0	840.2301375367119	0.0	0	606.9287553010508	1040.2301375371753	1	0	tensor(3, device='cuda:0')	1.8791477539309849
300200.0	6000.0	840.2301375367177	0.0	0	414.3119947735104	1040.2301375371753	1	0	tensor(3, device='cuda:0')	1.8791477539309844
5.02	4.71	4.6	5.21	5.14	6.19	7.32	7.03	5.34	6.42	3.28	2.35	3.78	4.74	5.95	5.65	4.78	4.32	3.19	1.83	2.44	3.13	2.73	3.27	4.71	4.6	3.82	4.9	6.04	5.47	3.45	2.9	4.03	4.1	4.76	5.92	5.03	2.37	3.12	4.34	5.46	6.28	5.97	4.9	4.05	3.39	3.97	5.0	3.56	4.04	5.36	5.12	5.28	3.72	4.53	5.04	4.41	4.49	5.69	4.74	3.01	3.65	3.67	3.35	4.33	5.02	3.3	3.53	3.51	2.87	2.5	2.55	3.44	3.67	2.4	2.0	1.67	2.73	3.96	3.73	4.71	4.67	3.79	4.76	6.02	7.15	7.43	4.88	5.5	3.39	3.54	4.48	5.83	6.79	5.53	5.6	5.07	5.33	4.22	2.8	3.87	3.85	3.26	4.17	1.82	1.82	2.19	2.78	3.04	2.32	2.95	3.38	4.34	4.6	3.87	3.13	4.25	5.31	6.61	7.31	7.02	5.42	3.35	3.28	4.15	4.0	4.69	4.15	3.98	5.21	6.51	6.86	5.54	4.36	4.25	3.66	3.82	4.51	4.76	5.54	5.91	6.32	6.92	4.65	5.35	6.48	7.94	6.02	4.51	3.19	4.51	5.42	3.35	4.47	5.51	4.89	6.02	7.25	6.53	4.6	4.11	4.0	3.48	4.67	4.89	4.15	3.83	3.53	3.95	5.07	6.42	5.76	6.71	7.52	5.41	3.86	5.02	6.05	5.97	5.6	3.37	2.84	3.27	4.34	4.69	4.92	6.0	6.1	5.48	5.26	4.99	5.78	6.88	5.6	4.65	3.01	3.07	3.39	2.88	3.72	3.44	2.85	2.62	3.06	3.73	3.9	4.88	3.13	4.15	4.15	3.06	3.27	4.31	5.48	6.87	6.45	3.45	2.64	2.28	2.17	2.2	2.47	3.48	4.27	4.38	3.43	3.35	4.32	4.21	5.03	6.31	7.36	7.84	7.55	4.78	4.07	3.39	4.56	5.64	7.14	8.03	7.23	4.03	4.73	5.84	5.48	3.15	4.12	5.24	6.85	6.15	6.96	6.0	4.8	3.97	4.9	6.32	5.77	4.29	5.47	4.21	3.43	3.83	4.91	4.54	4.1	4.39	4.88	4.31	3.24	4.48	4.71	5.05	6.04	5.41	4.31	5.54	6.75	5.57	4.91	5.56	5.31	6.32	5.95	6.37	7.37	8.46	9.79	11.0	11.8	7.92	6.09	6.68	7.12	6.97	5.92	6.75	7.84	7.85	4.11
400.0	401.0	402.0	403.0	404.0	405.0	406.0	407.0	408.0	409.0	410.0	411.0	412.0	413.0	414.0	415.0	416.0	417.0	418.0	419.0	420.0	421.0	422.0	423.0	424.0	425.0	426.0	427.0	428.0	429.0	430.0	431.0	432.0	433.0	434.0	435.0	436.0	437.0	438.0	439.0	440.0	441.0	442.0	443.0	444.0	445.0	446.0	447.0	448.0	449.0	450.0	451.0	452.0	453.0	454.0	455.0	456.0	457.0	458.0	459.0	460.0	461.0	462.0	463.0	464.0	465.0	466.0	467.0	468.0	469.0	470.0	471.0	472.0	473.0	474.0	475.0	476.0	477.0	478.0	479.0	480.0	481.0	482.0	483.0	484.0	485.0	486.0	487.0	488.0	489.0	490.0	491.0	492.0	493.0	494.0	495.0	496.0	497.0	498.0	499.0	500.0	501.0	502.0	503.0	504.0	505.0	506.0	507.0	508.0	509.0	510.0	511.0	512.0	513.0	514.0	515.0	516.0	517.0	518.0	519.0	520.0	521.0	522.0	523.0	524.0	525.0	526.0	527.0	528.0	529.0	530.0	531.0	532.0	533.0	534.0	535.0	536.0	537.0	538.0	539.0	540.0	541.0	542.0	543.0	544.0	545.0	546.0	547.0	548.0	549.0	550.0	551.0	552.0	553.0	554.0	555.0	556.0	557.0	558.0	559.0	560.0	561.0	562.0	563.0	564.0	565.0	566.0	567.0	568.0	569.0	570.0	571.0	572.0	573.0	574.0	575.0	576.0	577.0	578.0	579.0	580.0	581.0	582.0	583.0	584.0	585.0	586.0	587.0	588.0	589.0	590.0	591.0	592.0	593.0	594.0	595.0	596.0	597.0	598.0	599.0	600.0	601.0	602.0	603.0	604.0	605.0	606.0	607.0	608.0	609.0	610.0	611.0	612.0	613.0	614.0	615.0	616.0	617.0	618.0	619.0	620.0	621.0	622.0	623.0	624.0	625.0	626.0	627.0	628.0	629.0	630.0	631.0	632.0	633.0	634.0	635.0	636.0	637.0	638.0	639.0	640.0	641.0	642.0	643.0	644.0	645.0	646.0	647.0	648.0	649.0	650.0	651.0	652.0	653.0	654.0	655.0	656.0	657.0	658.0	659.0	660.0	661.0	662.0	663.0	664.0	665.0	666.0	667.0	668.0	669.0	670.0	671.0	672.0	673.0	674.0	675.0	676.0	677.0	678.0	679.0	680.0	681.0	682.0	683.0	684.0	685.0	686.0	687.0	688.0	689.0	690.0	691.0	692.0	693.0	694.0	695.0	696.0	697.0	698.0	699.0
1841.0
