2200.0	1000.0	1733.776104171516	545.9429304466488	0	266.22389582848405	1933.776104171516	0	0	tensor(3, device='cuda:0')	-3.325266106599511
3200.0	1000.0	2015.7621890389446	281.9860848674279	0	563.962913120236	2215.762189038944	1	0	tensor(3, device='cuda:0')	-0.5660520133682456
4200.0	1000.0	2015.7621890389446	0.0	0	514.4464085242339	2215.7621890389446	1	0	tensor(3, device='cuda:0')	1.1249785952064812
5560.928940679976	3000.0	1518.7403542909694	0.0	0	0.0	2079.669294970946	1	0	tensor(4, device='cuda:0')	0.660966123526428
6200.0	1000.0	1879.6692949709457	0.0	0	148.87731366001026	2079.669294970946	1	0	tensor(3, device='cuda:0')	-0.162544099108895
7200.0	1000.0	1879.6692949709463	0.0	0	678.7039236264618	2079.669294970946	1	0	tensor(3, device='cuda:0')	1.1360681895592148
8200.0	2000.0	1879.6692949709452	0.0	0	475.5549097410376	2079.669294970945	1	0	tensor(3, device='cuda:0')	1.1360681895592148
9309.90573409799	3000.0	1658.772987463157	0.0	0	0.0	1968.6787215611475	1	0	tensor(4, device='cuda:0')	1.413285010008655
10598.412293073747	3000.0	1241.4157725898276	0.0	0	0.0	1839.8280656635725	1	0	tensor(4, device='cuda:0')	1.9915221866808586
11708.280703141183	3000.0	1020.5605215156495	0.0	0	0.0	1728.8412246568278	1	0	tensor(4, device='cuda:0')	2.0336864397672083
12729.502910033836	2000.0	999.3383146229987	0.0	0	0.0	1728.8412246568296	1	0	tensor(3, device='cuda:0')	1.2464524119387637
13698.141653465078	2000.0	1030.6995711917575	0.0	0	0.0	1728.8412246568296	1	0	tensor(3, device='cuda:0')	1.8519175200469284
14790.635037655644	2000.0	938.2061870011905	0.0	0	0.0	1728.8412246568296	1	0	tensor(3, device='cuda:0')	1.8519175200469284
15612.629400841695	2000.0	1116.2118238151384	0.0	0	0.0	1728.8412246568296	1	0	tensor(3, device='cuda:0')	1.8519175200469284
16200.0	2000.0	1528.8412246568357	0.0	0	49.32101191865331	1728.8412246568296	1	0	tensor(3, device='cuda:0')	1.8519175200469284
17200.0	2000.0	1528.8412246568373	0.0	0	292.00172607461354	1728.8412246568314	1	0	tensor(3, device='cuda:0')	1.8519175200469284
18266.110467455754	2000.0	1462.7307572010789	0.0	0	0.0	1728.841224656826	1	0	tensor(3, device='cuda:0')	1.8519175200469284
19200.0	2000.0	1528.8412246568364	0.0	0	194.06011969938118	1728.841224656826	1	0	tensor(3, device='cuda:0')	1.8519175200469284
20200.0	2000.0	1528.841224656836	0.0	0	299.492630872046	1728.841224656826	1	0	tensor(3, device='cuda:0')	1.8519175200469284
21200.0	2000.0	1528.841224656839	0.0	0	304.0384415684639	1728.8412246568296	1	0	tensor(3, device='cuda:0')	1.8519175200469284
22200.0	3000.0	1428.8412246568384	0.0	0	416.7104900182494	1628.8412246568296	1	0	tensor(4, device='cuda:0')	1.455139764628916
23327.080187451593	6000.0	1301.761037205245	0.0	0	0.0	1628.8412246568296	1	0	tensor(3, device='cuda:0')	2.062559992015749
24448.476687915718	3000.0	1068.2248866947032	0.0	0	0.0	1516.7015746104153	1	0	tensor(4, device='cuda:0')	1.1486621294629493
25783.95924216311	2000.0	732.7423324473125	0.0	0	0.0	1516.701574610419	1	0	tensor(3, device='cuda:0')	1.2568657057268309
26507.73133672083	2000.0	1008.9702378895939	0.0	0	0.0	1516.701574610419	1	0	tensor(3, device='cuda:0')	1.8623308138349957
27524.609747805334	2000.0	992.0918268050902	0.0	0	0.0	1516.701574610419	1	0	tensor(3, device='cuda:0')	1.8623308138349957
28458.97975106493	2000.0	1057.721823545492	0.0	0	0.0	1516.701574610419	1	0	tensor(3, device='cuda:0')	1.8623308138349957
29200.0	1000.0	1316.701574610423	0.0	0	35.82771631604555	1516.701574610419	1	0	tensor(3, device='cuda:0')	0.4760364527151054
30200.0	1000.0	1316.7015746104232	0.0	0	195.14337061614788	1516.701574610419	1	0	tensor(3, device='cuda:0')	1.1691836332750507
31200.0	1000.0	1316.7015746104257	0.0	0	286.4810217575541	1516.701574610419	1	0	tensor(3, device='cuda:0')	1.1691836332750507
32200.0	1000.0	1316.7015746104257	0.0	0	383.137472830982	1516.701574610419	1	0	tensor(3, device='cuda:0')	1.1691836332750507
33200.0	2000.0	1316.7015746104312	0.0	0	242.29678592640266	1516.7015746104225	1	0	tensor(3, device='cuda:0')	1.1691836332750505
34200.0	2000.0	1316.7015746104328	0.0	0	527.3444186334818	1516.7015746104225	1	0	tensor(3, device='cuda:0')	1.8623308138349957
35200.0	2000.0	1316.701574610436	0.0	0	522.8792944970264	1516.7015746104225	1	0	tensor(3, device='cuda:0')	1.8623308138349957
37754.68969341783	6000.0	200.0	437.9881188073965	0	0.0	1954.6896934178294	1	0	tensor(3, device='cuda:0')	-0.7803679271714625
38472.019481392876	3000.0	579.9106765953179	153.6122212435197	0	0.0	2051.930157988194	1	0	tensor(4, device='cuda:0')	0.30775169421597354
39703.72708961992	3000.0	233.01236205305338	7.2545950068123375	0	0.0	1936.7394516729764	1	0	tensor(4, device='cuda:0')	1.9539908899408962
40602.91814428833	2000.0	578.8089903997729	244.9876830151273	0	0.0	2181.7271346881025	1	0	tensor(3, device='cuda:0')	-0.25435506523201956
41840.11064796594	3000.0	364.9614085011128	133.69470195155918	0	0.0	2205.0720564670555	1	0	tensor(4, device='cuda:0')	0.5936481362162799
42739.62555131182	3000.0	503.17718177382926	116.07469723017084	0	0.0	2242.802733085664	1	0	tensor(4, device='cuda:0')	1.366012620288847
43932.616882068214	3000.0	316.18031094229946	113.9032663640876	0	0.0	2248.7971930105195	1	0	tensor(4, device='cuda:0')	1.3185956489465105
44639.74491164767	3000.0	615.3106582486887	69.97379985798538	0	0.0	2255.0555698963726	1	0	tensor(4, device='cuda:0')	1.6712510777529404
45741.13125657296	3000.0	403.78567883086856	0.0	0	0.0	2144.916935403846	1	0	tensor(4, device='cuda:0')	2.0068885989150775
46480.64576203756	3000.0	613.6770267776724	21.233912688973476	0	0.0	2094.322788815254	1	0	tensor(4, device='cuda:0')	1.9611190322784147
46988.904299533846	3000.0	1054.5926355317547	0.0	0	0.0	2043.4969350656174	1	0	tensor(4, device='cuda:0')	2.134843861490875
47907.007345672304	3000.0	1044.6792847794568	0.0	0	0.0	1951.6866304517898	1	0	tensor(4, device='cuda:0')	2.0587055609729377
49137.94406643015	3000.0	690.6488919458286	0.0	0	0.0	1828.5929583760008	1	0	tensor(4, device='cuda:0')	2.003447350059508
50860.21207660638	3000.0	200.0	367.13265386183963	0	0.0	2060.2120766064036	1	0	tensor(4, device='cuda:0')	-0.23570216407097877
51270.32521722484	1000.0	794.0787551137944	4.191895732248838	0	0.0	2064.4039723386522	1	0	tensor(3, device='cuda:0')	-0.18653950518736162
51998.71652679843	1000.0	1065.6874455402062	0.0	0	0.0	2064.4039723386522	1	0	tensor(3, device='cuda:0')	1.1372241578742412
52705.87994521488	1000.0	1358.5240271237521	0.0	0	0.0	2064.4039723386595	1	0	tensor(3, device='cuda:0')	1.1372241578742406
53476.56156594604	1000.0	1587.8424063925975	0.0	0	0.0	2064.403972338667	1	0	tensor(3, device='cuda:0')	1.1372241578742401
54227.63691330413	1000.0	1836.7670590345142	0.0	0	0.0	2064.403972338667	1	0	tensor(3, device='cuda:0')	1.1372241578742401
55200.0	1000.0	1864.4039723386395	0.0	0	384.3343525587188	2064.403972338674	1	0	tensor(3, device='cuda:0')	1.1372241578742395
56200.0	1000.0	1864.4039723386463	0.0	0	586.8675734607896	2064.403972338674	1	0	tensor(3, device='cuda:0')	1.1372241578742395
57200.0	3000.0	1764.4039723386377	0.0	0	27.837396888826333	1964.4039723386522	1	0	tensor(4, device='cuda:0')	0.7424669591380546
59260.91600738257	3000.0	497.39636421781256	0.0	0	0.0	1758.3123716003975	1	0	tensor(4, device='cuda:0')	1.8398657911092453
59964.874692453246	1000.0	793.437679147132	0.0	0	0.0	1758.3123716004047	1	0	tensor(3, device='cuda:0')	-0.1414663991108782
60784.4572046	2000.0	973.8551670003787	0.0	0	0.0	1758.3123716004047	1	0	tensor(3, device='cuda:0')	1.157145889557232
61820.09071190703	2000.0	938.2216596933579	0.0	0	0.0	1758.312371600412	1	0	tensor(3, device='cuda:0')	1.8502930701171767
62262.18081822038	1000.0	1496.1315533800123	0.0	0	0.0	1758.312371600412	1	0	tensor(3, device='cuda:0')	0.4639987089972864
63200.0	1000.0	1558.3123716003963	0.0	0	120.77119354686147	1758.312371600412	1	0	tensor(3, device='cuda:0')	1.1571458895572315
64200.0	1000.0	1558.3123716004002	0.0	0	265.6940109904317	1758.312371600412	1	0	tensor(3, device='cuda:0')	1.1571458895572315
65200.0	1000.0	1558.3123716004009	0.0	0	241.11795668428385	1758.3123716004193	1	0	tensor(3, device='cuda:0')	1.1571458895572313
66200.0	1000.0	1558.312371600398	0.0	0	642.8089204714124	1758.312371600412	1	0	tensor(3, device='cuda:0')	1.1571458895572313
67200.0	2000.0	1558.3123716004063	0.0	0	212.32206358533585	1758.3123716004193	1	0	tensor(3, device='cuda:0')	1.1571458895572313
68200.0	2000.0	1558.3123716004004	0.0	0	198.81626496635727	1758.3123716004338	1	0	tensor(3, device='cuda:0')	1.8502930701171754
69200.0	2000.0	1558.3123716004022	0.0	0	309.8809495313617	1758.3123716004338	1	0	tensor(3, device='cuda:0')	1.8502930701171754
70235.94353929158	3000.0	1418.7744783796718	0.0	0	0.0	1654.718017671301	1	0	tensor(4, device='cuda:0')	1.447329423780121
71200.0	3000.0	1358.3123716003993	0.0	0	325.16156316848355	1558.312371600463	1	0	tensor(4, device='cuda:0')	2.071385549453531
73874.30229115619	6000.0	200.0	515.9899195557928	0	0.0	2074.302291156244	1	0	tensor(3, device='cuda:0')	-1.0417929378606652
75657.52525560236	3000.0	200.0	874.1320553552677	0	0.0	2857.5252556023624	1	0	tensor(4, device='cuda:0')	-4.154249595815307
76420.26632569608	1000.0	587.0911490013995	149.8322190951198	0	0.0	3007.3574746974773	1	0	tensor(3, device='cuda:0')	-1.1747797793940504
77262.1433880604	1000.0	745.2140866370729	0.0	0	0.0	3007.357474697492	1	0	tensor(3, device='cuda:0')	1.0228258238447754
77934.91792485054	1000.0	1072.4395498469162	0.0	0	0.0	3007.357474697492	1	0	tensor(3, device='cuda:0')	1.0228258238447754
78626.36615080657	1000.0	1380.9913238908923	0.0	0	0.0	3007.357474697492	1	0	tensor(3, device='cuda:0')	1.0228258238447754
79202.48633184147	1000.0	1804.8711428560046	0.0	0	0.0	3007.3574746975064	1	0	tensor(3, device='cuda:0')	1.0228258238447727
79827.71692344644	1000.0	2179.6405512510246	0.0	0	0.0	3007.3574746975064	1	0	tensor(3, device='cuda:0')	1.0228258238447727
80287.42909906634	1000.0	2719.9283756311306	0.0	0	0.0	3007.3574746975064	1	0	tensor(3, device='cuda:0')	1.0228258238447727
82170.75149207971	3000.0	1648.2737433164314	0.0	0	0.0	2819.0252353961696	1	0	tensor(4, device='cuda:0')	0.4696212400514014
82964.9772666834	1000.0	1854.0479687127333	0.0	0	0.0	2819.0252353961696	1	0	tensor(3, device='cuda:0')	-0.2443009385500576
83475.2007644242	1000.0	2343.824470971957	0.0	0	0.0	2819.025235396184	1	0	tensor(3, device='cuda:0')	1.0543113501180503
84276.45720396808	1000.0	2542.568031428078	0.0	0	0.0	2819.025235396184	1	0	tensor(3, device='cuda:0')	1.0543113501180503
85200.0	1000.0	2619.025235396163	0.0	0	365.6581621121877	2819.0252353961987	1	0	tensor(3, device='cuda:0')	1.054311350118048
86200.0	1000.0	2619.025235396168	0.0	0	115.90599917167856	2819.0252353961987	1	0	tensor(3, device='cuda:0')	1.054311350118048
87200.0	1000.0	2619.025235396155	0.0	0	330.6257429536199	2819.0252353961987	1	0	tensor(3, device='cuda:0')	1.054311350118048
88200.0	1000.0	2619.025235396148	0.0	0	564.3177165252127	2819.0252353961987	1	0	tensor(3, device='cuda:0')	1.054311350118048
89596.9836335746	3000.0	2082.3432384640973	0.0	0	0.0	2679.326872038713	1	0	tensor(4, device='cuda:0')	0.5900031717950642
90220.50882974673	1000.0	2458.8180422919604	0.0	0	0.0	2679.326872038713	1	0	tensor(3, device='cuda:0')	-0.22422398658425371
91200.0	1000.0	2479.326872038698	0.0	0	150.22577039292082	2679.326872038713	1	0	tensor(3, device='cuda:0')	1.074388302083856
92200.0	1000.0	2479.326872038696	0.0	0	614.8513488778408	2679.326872038713	1	0	tensor(3, device='cuda:0')	1.074388302083856
93200.0	3000.0	2379.326872038716	0.0	0	234.09052580216667	2579.3268720387423	1	0	tensor(4, device='cuda:0')	0.682784250050892
94238.92541614265	3000.0	2236.508914281797	0.0	0	0.0	2475.4343304244685	1	0	tensor(4, device='cuda:0')	1.9871511223961251
95403.21618613203	3000.0	1955.78906729347	0.0	0	0.0	2359.005253425523	1	0	tensor(4, device='cuda:0')	1.9741384255947687
96591.52069553731	3000.0	1648.6541069476564	0.0	0	0.0	2240.1748024849658	1	0	tensor(4, device='cuda:0')	1.9806663111212828
97410.34809078927	3000.0	1747.943972170519	0.0	0	0.0	2158.2920629597647	1	0	tensor(4, device='cuda:0')	2.063061799137407
98628.7988747378	3000.0	1407.6481098271368	0.0	0	0.0	2036.4469845649	1	0	tensor(4, device='cuda:0')	1.9917908021991304
99885.91780215014	3000.0	1024.8172896735628	0.0	0	0.0	1910.735091823677	1	0	tensor(4, device='cuda:0')	1.9927397416803192
101170.84126662234	2000.0	739.8938252013652	0.0	0	0.0	1910.735091823677	1	0	tensor(3, device='cuda:0')	1.235643161250958
101797.27154213886	2000.0	1113.463549684851	0.0	0	0.0	1910.735091823677	1	0	tensor(3, device='cuda:0')	1.8411082693591228
102596.51601713945	2000.0	1314.2190746842487	0.0	0	0.0	1910.735091823677	1	0	tensor(3, device='cuda:0')	1.8411082693591228
103409.5414242084	2000.0	1501.1936676153052	0.0	0	0.0	1910.735091823677	1	0	tensor(3, device='cuda:0')	1.8411082693591228
104370.6388729709	2000.0	1540.0962188528042	0.0	0	0.0	1910.735091823677	1	0	tensor(3, device='cuda:0')	1.8411082693591228
105287.77672427733	2000.0	1622.9583675463875	0.0	0	0.0	1910.735091823677	1	0	tensor(3, device='cuda:0')	1.8411082693591228
106641.0083646644	3000.0	1134.4035631206089	0.0	0	0.0	1775.4119277849823	1	0	tensor(4, device='cuda:0')	1.3766897375233051
107574.80539053696	2000.0	1200.6065372480587	0.0	0	0.0	1775.4119277849823	1	0	tensor(3, device='cuda:0')	1.2438638858567104
108200.0	2000.0	1575.41192778501	0.0	0	58.16634127314319	1775.4119277849823	1	0	tensor(3, device='cuda:0')	1.8493289939648752
109233.17342273801	2000.0	1542.238505046994	0.0	0	0.0	1775.4119277849823	1	0	tensor(3, device='cuda:0')	1.8493289939648752
110200.0	2000.0	1575.4119277849961	0.0	0	275.33787442051107	1775.4119277849677	1	0	tensor(3, device='cuda:0')	1.849328993964876
111200.0	2000.0	1575.4119277849952	0.0	0	150.8393335286528	1775.4119277849823	1	0	tensor(3, device='cuda:0')	1.8493289939648752
112200.0	2000.0	1575.4119277850043	0.0	0	538.1427058534027	1775.4119277849968	1	0	tensor(3, device='cuda:0')	1.8493289939648743
113200.0	3000.0	1475.4119277850186	0.0	0	124.9748825723218	1675.4119277849968	1	0	tensor(4, device='cuda:0')	1.4530413751131974
114200.0	3000.0	1375.4119277850218	0.0	0	77.11405439772352	1575.4119277850114	1	0	tensor(4, device='cuda:0')	2.063659921048922
115664.22698852948	3000.0	764.7622404026056	0.0	0	0.0	1428.9892289320705	1	0	tensor(4, device='cuda:0')	1.9771083061318546
116876.44360351248	2000.0	552.5456254196113	0.0	0	0.0	1428.9892289320705	1	0	tensor(3, device='cuda:0')	1.2605792838653502
118268.44085285017	2000.0	209.04365120528502	48.49527512334461	0	0.0	1477.4845040554355	1	0	tensor(3, device='cuda:0')	1.5730940576269519
119031.3273806109	1000.0	614.8982662568257	168.74114281228748	0	0.0	1646.2256468677224	1	0	tensor(3, device='cuda:0')	-0.5425105620313755
119614.13530469159	1000.0	1032.0903421761338	0.0	0	0.0	1646.2256468677224	1	0	tensor(3, device='cuda:0')	1.1630834754022945
120646.02845829516	2000.0	1000.1971885725676	0.0	0	0.0	1646.2256468677078	1	0	tensor(3, device='cuda:0')	1.1630834754022952
121200.0	2000.0	1446.2256468677379	0.0	0	49.02568457101006	1646.2256468677224	1	0	tensor(3, device='cuda:0')	1.8562306559622397
122200.0	2000.0	1446.2256468677274	0.0	0	298.86734695766063	1646.2256468677224	1	0	tensor(3, device='cuda:0')	1.8562306559622397
123200.0	3000.0	1346.2256468677135	0.0	0	71.13617384264944	1546.2256468677078	1	0	tensor(4, device='cuda:0')	1.4596509313239237
124200.0	3000.0	1246.225646867709	0.0	0	45.18406118369603	1446.2256468677078	1	0	tensor(4, device='cuda:0')	2.0696944942497453
125200.0	3000.0	1146.225646867709	0.0	0	179.75392118220043	1346.2256468676787	1	0	tensor(4, device='cuda:0')	2.0734612979996907
126435.92116759018	2000.0	910.3044792775366	0.0	0	0.0	1346.2256468676787	1	0	tensor(3, device='cuda:0')	1.2638025671722457
127200.0	2000.0	1146.2256468677144	0.0	0	153.99045590448077	1346.2256468676787	1	0	tensor(3, device='cuda:0')	1.8692676752804105
128200.0	2000.0	1146.2256468677124	0.0	0	254.7321919783717	1346.2256468676642	1	0	tensor(3, device='cuda:0')	1.869267675280411
129200.0	2000.0	1146.2256468677328	0.0	0	182.37628846257576	1346.2256468676642	1	0	tensor(3, device='cuda:0')	1.869267675280411
130200.0	2000.0	1146.225646867725	0.0	0	444.0566899355181	1346.2256468676787	1	0	tensor(3, device='cuda:0')	1.8692676752804105
131200.0	2000.0	1146.225646867714	0.0	0	81.42016513209091	1346.2256468676642	1	0	tensor(3, device='cuda:0')	1.8692676752804105
132200.0	2000.0	1146.2256468677092	0.0	0	399.2594380475639	1346.2256468676642	1	0	tensor(3, device='cuda:0')	1.869267675280411
133200.0	2000.0	1146.225646867679	0.0	0	463.75535560923163	1346.2256468676496	1	0	tensor(3, device='cuda:0')	1.8692676752804116
134200.0	2000.0	1146.2256468676803	0.0	0	314.29822269140277	1346.2256468676496	1	0	tensor(3, device='cuda:0')	1.8692676752804116
135200.0	2000.0	1146.2256468676771	0.0	0	133.19617619775818	1346.2256468676205	1	0	tensor(3, device='cuda:0')	1.8692676752804127
136200.0	2000.0	1146.225646867675	0.0	0	243.6718876255618	1346.2256468676205	1	0	tensor(3, device='cuda:0')	1.8692676752804127
137200.0	2000.0	1146.2256468676585	0.0	0	455.7455364454072	1346.2256468676205	1	0	tensor(3, device='cuda:0')	1.8692676752804127
138200.0	2000.0	1146.2256468676806	0.0	0	171.42963852063986	1346.2256468676205	1	0	tensor(3, device='cuda:0')	1.8692676752804127
139200.0	2000.0	1146.225646867702	0.0	0	462.63918526735506	1346.2256468676205	1	0	tensor(3, device='cuda:0')	1.8692676752804127
140200.0	2000.0	1146.225646867702	0.0	0	251.04273266519886	1346.2256468676205	1	0	tensor(3, device='cuda:0')	1.8692676752804127
141200.0	2000.0	1146.225646867656	0.0	0	88.61794692109106	1346.2256468676205	1	0	tensor(3, device='cuda:0')	1.8692676752804127
142772.66932439324	2000.0	573.5563224744366	0.0	0	0.0	1346.2256468676205	1	0	tensor(3, device='cuda:0')	1.8692676752804127
143272.49757621376	1000.0	1073.7280706539314	0.0	0	0.0	1346.2256468676205	1	0	tensor(3, device='cuda:0')	0.4829733141605224
144200.0	1000.0	1146.2256468676912	0.0	0	267.00416219056933	1346.2256468675914	1	0	tensor(3, device='cuda:0')	1.1761204947204686
145200.0	1000.0	1146.2256468677097	0.0	0	426.49031953394297	1346.2256468676205	1	0	tensor(3, device='cuda:0')	1.1761204947204675
146200.0	1000.0	1146.2256468676824	0.0	0	552.8741735259537	1346.2256468676205	1	0	tensor(3, device='cuda:0')	1.1761204947204675
147200.0	2000.0	1146.2256468676896	0.0	0	363.5539353225322	1346.2256468676205	1	0	tensor(3, device='cuda:0')	1.1761204947204675
148200.0	2000.0	1146.2256468677126	0.0	0	480.9848593797651	1346.2256468676205	1	0	tensor(3, device='cuda:0')	1.8692676752804127
149200.0	2000.0	1146.2256468677142	0.0	0	428.9669047734642	1346.2256468676205	1	0	tensor(3, device='cuda:0')	1.8692676752804127
150200.0	2000.0	1146.225646867731	0.0	0	139.55988185861497	1346.2256468676205	1	0	tensor(3, device='cuda:0')	1.8692676752804127
151226.62594275482	2000.0	1119.5997041129247	0.0	0	0.0	1346.2256468676205	1	0	tensor(3, device='cuda:0')	1.8692676752804127
152345.09068021883	2000.0	1001.1349666489346	0.0	0	0.0	1346.2256468676205	1	0	tensor(3, device='cuda:0')	1.8692676752804127
153200.0	1000.0	1146.2256468677472	0.0	0	206.3787999052438	1346.2256468676205	1	0	tensor(3, device='cuda:0')	0.4829733141605224
154200.0	1000.0	1146.2256468677385	0.0	0	512.0664042369463	1346.2256468676205	1	0	tensor(3, device='cuda:0')	1.1761204947204675
155200.0	2000.0	1146.2256468677383	0.0	0	39.259032367612235	1346.2256468676496	1	0	tensor(3, device='cuda:0')	1.1761204947204664
156381.3351333666	2000.0	964.890513501123	0.0	0	0.0	1346.2256468676496	1	0	tensor(3, device='cuda:0')	1.8692676752804116
157200.0	2000.0	1146.2256468677288	0.0	0	17.81023168723914	1346.2256468676496	1	0	tensor(3, device='cuda:0')	1.8692676752804116
158253.00314427202	2000.0	1093.2225025956873	0.0	0	0.0	1346.2256468676496	1	0	tensor(3, device='cuda:0')	1.8692676752804116
159238.1390937324	2000.0	1108.0865531352915	0.0	0	0.0	1346.2256468676496	1	0	tensor(3, device='cuda:0')	1.8692676752804116
160200.0	2000.0	1146.2256468677224	0.0	0	51.3728168271482	1346.2256468676496	1	0	tensor(3, device='cuda:0')	1.8692676752804116
161200.0	2000.0	1146.2256468677192	0.0	0	189.73446928302292	1346.2256468676496	1	0	tensor(3, device='cuda:0')	1.8692676752804116
162200.0	2000.0	1146.2256468677106	0.0	0	406.3220435062831	1346.2256468676205	1	0	tensor(3, device='cuda:0')	1.8692676752804127
163200.0	2000.0	1146.2256468677456	0.0	0	138.22757138172165	1346.2256468676496	1	0	tensor(3, device='cuda:0')	1.8692676752804116
164200.0	2000.0	1146.2256468677467	0.0	0	332.42773119185586	1346.2256468676496	1	0	tensor(3, device='cuda:0')	1.8692676752804116
165200.0	2000.0	1146.2256468677579	0.0	0	342.57783280461445	1346.2256468676496	1	0	tensor(3, device='cuda:0')	1.8692676752804116
166200.0	2000.0	1146.2256468677406	0.0	0	77.03001454490004	1346.2256468676496	1	0	tensor(3, device='cuda:0')	1.8692676752804116
167200.0	2000.0	1146.2256468677479	0.0	0	359.8856221693859	1346.2256468676496	1	0	tensor(3, device='cuda:0')	1.8692676752804116
168200.0	2000.0	1146.2256468677292	0.0	0	148.51987174004898	1346.2256468676496	1	0	tensor(3, device='cuda:0')	1.8692676752804116
169200.0	2000.0	1146.2256468677544	0.0	0	172.5153608744149	1346.2256468676496	1	0	tensor(3, device='cuda:0')	1.8692676752804116
170201.37013480312	2000.0	1144.855512064646	0.0	0	0.0	1346.2256468676496	1	0	tensor(3, device='cuda:0')	1.8692676752804116
171255.73895218983	2000.0	1090.4866946779123	0.0	0	0.0	1346.2256468676205	1	0	tensor(3, device='cuda:0')	1.8692676752804127
172200.0	2000.0	1146.2256468677447	0.0	0	15.824840941815637	1346.2256468676205	1	0	tensor(3, device='cuda:0')	1.8692676752804127
173200.0	2000.0	1146.2256468677515	0.0	0	532.5411517135799	1346.2256468676205	1	0	tensor(3, device='cuda:0')	1.8692676752804127
174200.0	2000.0	1146.2256468677672	0.0	0	560.8099221615121	1346.2256468676205	1	0	tensor(3, device='cuda:0')	1.8692676752804127
175200.0	2000.0	1146.225646867809	0.0	0	211.08455914849765	1346.2256468676205	1	0	tensor(3, device='cuda:0')	1.8692676752804127
176200.0	2000.0	1146.2256468677947	0.0	0	346.22112701972947	1346.2256468676205	1	0	tensor(3, device='cuda:0')	1.8692676752804127
177200.0	2000.0	1146.225646867807	0.0	0	510.82799773619627	1346.2256468675914	1	0	tensor(3, device='cuda:0')	1.8692676752804138
178200.0	2000.0	1146.2256468677942	0.0	0	583.9693061249855	1346.2256468675623	1	0	tensor(3, device='cuda:0')	1.869267675280415
179740.26425398316	6000.0	605.9613928846302	0.0	0	0.0	1346.2256468675623	1	0	tensor(3, device='cuda:0')	1.8692676752804147
180547.51953518565	2000.0	798.7061116821199	0.0	0	0.0	1346.2256468675914	1	0	tensor(3, device='cuda:0')	0.7706553866123041
181425.98858176125	2000.0	920.2370651065011	0.0	0	0.0	1346.2256468675623	1	0	tensor(3, device='cuda:0')	1.869267675280415
182200.0	2000.0	1146.225646867771	0.0	0	288.5761229234922	1346.2256468675914	1	0	tensor(3, device='cuda:0')	1.8692676752804138
183297.06745884373	2000.0	1049.1581880240478	0.0	0	0.0	1346.2256468675914	1	0	tensor(3, device='cuda:0')	1.8692676752804138
184780.9629923504	2000.0	565.2626545173491	0.0	0	0.0	1346.2256468675914	1	0	tensor(3, device='cuda:0')	1.8692676752804138
185326.76620989785	1000.0	1019.4594369698983	0.0	0	0.0	1346.2256468675914	1	0	tensor(3, device='cuda:0')	0.4829733141605235
186200.0	2000.0	1146.2256468677563	0.0	0	209.15690441214247	1346.2256468675623	1	0	tensor(3, device='cuda:0')	1.1761204947204698
187200.0	2000.0	1146.2256468677642	0.0	0	93.30641792411916	1346.2256468675914	1	0	tensor(3, device='cuda:0')	1.8692676752804138
188200.0	2000.0	1146.2256468677506	0.0	0	257.78293892054353	1346.2256468675914	1	0	tensor(3, device='cuda:0')	1.8692676752804138
189233.4259837885	2000.0	1112.7996630792718	0.0	0	0.0	1346.2256468676205	1	0	tensor(3, device='cuda:0')	1.8692676752804127
190200.0	2000.0	1146.2256468677517	0.0	0	101.61392003291985	1346.2256468676205	1	0	tensor(3, device='cuda:0')	1.8692676752804127
191401.43708965427	2000.0	944.7885572134913	0.0	0	0.0	1346.2256468676205	1	0	tensor(3, device='cuda:0')	1.8692676752804127
192200.0	1000.0	1146.2256468677779	0.0	0	74.20497500518104	1346.2256468676496	1	0	tensor(3, device='cuda:0')	0.4829733141605213
193200.0	1000.0	1146.2256468677756	0.0	0	396.1775614528451	1346.2256468676496	1	0	tensor(3, device='cuda:0')	1.1761204947204664
194200.0	1000.0	1146.2256468677788	0.0	0	608.6014774349169	1346.2256468676496	1	0	tensor(3, device='cuda:0')	1.1761204947204664
196181.0233705522	2000.0	200.0	34.7977236844246	0	0.0	1381.0233705520805	1	0	tensor(3, device='cuda:0')	0.9669023327892039
196742.26532318463	1000.0	721.807347493723	83.04930012613556	0	0.0	1464.0726706782298	1	0	tensor(3, device='cuda:0')	-0.01999300021255873
197466.27528463726	2000.0	997.7973860410916	0.0	0	0.0	1464.0726706782298	1	0	tensor(3, device='cuda:0')	1.1714499811041996
198200.0	2000.0	1264.0726706783596	0.0	0	28.14144396953634	1464.0726706782298	1	0	tensor(3, device='cuda:0')	1.864597161664145
199200.0	2000.0	1264.072670678349	0.0	0	259.0237890595745	1464.0726706782298	1	0	tensor(3, device='cuda:0')	1.864597161664145
200200.0	2000.0	1264.072670678372	0.0	0	378.4247433974815	1464.0726706782298	1	0	tensor(3, device='cuda:0')	1.864597161664145
201365.57401864408	3000.0	981.941250169886	0.0	0	0.0	1347.5152688138187	1	0	tensor(4, device='cuda:0')	1.4350160798836162
202200.0	2000.0	1147.5152688139651	0.0	0	283.4969179542386	1347.5152688138187	1	0	tensor(3, device='cuda:0')	1.263754321983689
203200.0	2000.0	1147.5152688139713	0.0	0	534.9208864772227	1347.5152688137896	1	0	tensor(3, device='cuda:0')	1.869219430091855
204200.0	2000.0	1147.515268813985	0.0	0	462.4284380002937	1347.5152688138187	1	0	tensor(3, device='cuda:0')	1.8692194300918539
205200.0	2000.0	1147.5152688139394	0.0	0	480.2538014757447	1347.5152688138187	1	0	tensor(3, device='cuda:0')	1.8692194300918539
206200.0	2000.0	1147.5152688139551	0.0	0	403.6490958802169	1347.5152688138478	1	0	tensor(3, device='cuda:0')	1.8692194300918528
207200.0	2000.0	1147.5152688139383	0.0	0	235.80466912747943	1347.5152688138187	1	0	tensor(3, device='cuda:0')	1.8692194300918539
208200.0	2000.0	1147.5152688139472	0.0	0	163.01015662393183	1347.5152688138187	1	0	tensor(3, device='cuda:0')	1.8692194300918539
209200.0	2000.0	1147.515268813944	0.0	0	121.97564902473823	1347.5152688138187	1	0	tensor(3, device='cuda:0')	1.8692194300918539
210474.28786489792	2000.0	873.2274039160202	0.0	0	0.0	1347.5152688138187	1	0	tensor(3, device='cuda:0')	1.8692194300918539
211588.50289721164	2000.0	759.0123716022783	0.0	0	0.0	1347.5152688138187	1	0	tensor(3, device='cuda:0')	1.8692194300918539
212510.2702281647	2000.0	837.245040649196	0.0	0	0.0	1347.5152688138478	1	0	tensor(3, device='cuda:0')	1.8692194300918528
213521.77534367415	2000.0	825.7399251397885	0.0	0	0.0	1347.5152688138478	1	0	tensor(3, device='cuda:0')	1.8692194300918528
214907.7238531427	2000.0	439.7914156711937	0.0	0	0.0	1347.5152688138478	1	0	tensor(3, device='cuda:0')	1.8692194300918528
215941.8744623023	2000.0	443.1181862590812	37.477379747491085	0	0.0	1384.9926485613396	1	0	tensor(3, device='cuda:0')	1.6429261181586818
216551.2177483124	1000.0	833.7749002489837	0.0	0	0.0	1384.9926485613396	1	0	tensor(3, device='cuda:0')	0.4814960355237381
217690.73694022736	2000.0	694.2557083340118	0.0	0	0.0	1384.9926485613396	1	0	tensor(3, device='cuda:0')	1.174643216083683
218704.54012245813	2000.0	680.4525261032225	0.0	0	0.0	1384.9926485613396	1	0	tensor(3, device='cuda:0')	1.8677903966436282
219323.99877294304	2000.0	1060.9938756183183	0.0	0	0.0	1384.9926485613396	1	0	tensor(3, device='cuda:0')	1.8677903966436282
220200.0	2000.0	1184.9926485613464	0.0	0	136.72606287462986	1384.9926485613687	1	0	tensor(3, device='cuda:0')	1.8677903966436271
221430.87344858443	2000.0	954.1191999769194	0.0	0	0.0	1384.9926485613687	1	0	tensor(3, device='cuda:0')	1.8677903966436271
222200.0	2000.0	1184.992648561372	0.0	0	24.302181031758664	1384.9926485613978	1	0	tensor(3, device='cuda:0')	1.867790396643626
223200.0	2000.0	1184.9926485613648	0.0	0	95.07283925567754	1384.9926485613687	1	0	tensor(3, device='cuda:0')	1.8677903966436271
224200.0	2000.0	1184.9926485613332	0.0	0	475.7492250217474	1384.9926485613687	1	0	tensor(3, device='cuda:0')	1.8677903966436271
225225.85076275718	2000.0	1159.1418858041488	0.0	0	0.0	1384.9926485613687	1	0	tensor(3, device='cuda:0')	1.8677903966436271
226200.0	2000.0	1184.9926485613153	0.0	0	145.07480034750188	1384.9926485613687	1	0	tensor(3, device='cuda:0')	1.8677903966436271
227200.0	2000.0	1184.9926485613112	0.0	0	65.9125059270591	1384.9926485613687	1	0	tensor(3, device='cuda:0')	1.8677903966436271
228200.0	2000.0	1184.99264856131	0.0	0	289.5717506170622	1384.9926485613687	1	0	tensor(3, device='cuda:0')	1.8677903966436271
229200.0	2000.0	1184.992648561282	0.0	0	286.06097652297467	1384.9926485613687	1	0	tensor(3, device='cuda:0')	1.8677903966436271
230200.0	2000.0	1184.9926485612743	0.0	0	149.7748093919945	1384.9926485613687	1	0	tensor(3, device='cuda:0')	1.8677903966436271
231489.99073565504	2000.0	895.0019129062254	0.0	0	0.0	1384.9926485613687	1	0	tensor(3, device='cuda:0')	1.8677903966436271
232658.02434170304	2000.0	726.9683068582193	0.0	0	0.0	1384.9926485613687	1	0	tensor(3, device='cuda:0')	1.8677903966436271
233836.72849248705	2000.0	548.2641560742182	0.0	0	0.0	1384.9926485613978	1	0	tensor(3, device='cuda:0')	1.867790396643626
234824.08796638536	2000.0	560.904682175904	0.0	0	0.0	1384.9926485613978	1	0	tensor(3, device='cuda:0')	1.867790396643626
235480.43067835557	2000.0	904.5619702057369	0.0	0	0.0	1384.9926485613978	1	0	tensor(3, device='cuda:0')	1.867790396643626
236365.7956871659	2000.0	1019.1969613953895	0.0	0	0.0	1384.9926485613978	1	0	tensor(3, device='cuda:0')	1.867790396643626
237200.0	2000.0	1184.992648561291	0.0	0	73.58897469940712	1384.9926485613978	1	0	tensor(3, device='cuda:0')	1.867790396643626
238200.0	2000.0	1184.9926485612948	0.0	0	506.6750504306401	1384.992648561427	1	0	tensor(3, device='cuda:0')	1.867790396643625
239515.11053432318	2000.0	869.8821142381241	0.0	0	0.0	1384.992648561427	1	0	tensor(3, device='cuda:0')	1.867790396643625
240612.41861204838	2000.0	772.5740365129268	0.0	0	0.0	1384.992648561456	1	0	tensor(3, device='cuda:0')	1.8677903966436238
242270.66988264097	2000.0	200.0	85.67723407966405	0	0.0	1470.6698826411157	1	0	tensor(3, device='cuda:0')	1.3518333913189593
242843.1377040345	1000.0	724.1003416929416	96.5681630864959	0	0.0	1567.2380457276013	1	0	tensor(3, device='cuda:0')	-0.10566131168850948
243451.66300757485	1000.0	1115.5750381526204	0.0	0	0.0	1567.2380457276013	1	0	tensor(3, device='cuda:0')	1.166894847390411
244205.18156727203	1000.0	1362.056478455456	0.0	0	0.0	1567.2380457276013	1	0	tensor(3, device='cuda:0')	1.166894847390411
245200.0	1000.0	1367.2380457274837	0.0	0	409.7890140210511	1567.2380457276013	1	0	tensor(3, device='cuda:0')	1.166894847390411
246200.0	1000.0	1367.2380457274767	0.0	0	412.3606159595365	1567.2380457276013	1	0	tensor(3, device='cuda:0')	1.166894847390411
247200.0	2000.0	1367.2380457274953	0.0	0	190.46784333325922	1567.2380457275722	1	0	tensor(3, device='cuda:0')	1.1668948473904122
248200.0	2000.0	1367.2380457274876	0.0	0	342.37771516898647	1567.2380457275722	1	0	tensor(3, device='cuda:0')	1.8600420279503573
249200.0	3000.0	1267.2380457274446	0.0	0	270.22531023185	1467.238045727514	1	0	tensor(4, device='cuda:0')	1.4629486867272936
251787.6755755413	6000.0	200.0	520.437529813857	0	0.0	1987.6755755413615	1	0	tensor(3, device='cuda:0')	-1.0624071893440508
252739.03374172552	2000.0	516.8716169666073	268.22978315083833	0	0.0	2255.9053586921364	1	0	tensor(3, device='cuda:0')	-0.8934217734677472
253922.1660773987	3000.0	353.90693937339586	125.89171967936205	0	0.0	2276.073016772105	1	0	tensor(4, device='cuda:0')	0.6431570692941321
255185.41959371135	3000.0	308.1193987361789	312.53757027883717	0	0.0	2493.538992447575	1	0	tensor(4, device='cuda:0')	0.12688880106764483
256342.41628474713	3000.0	308.82605055232284	248.54819268681382	0	0.0	2651.2423352994665	1	0	tensor(4, device='cuda:0')	0.4994518324588117
257588.36841619984	3000.0	307.25350617265406	335.4316365621289	0	0.0	2895.621922372491	1	0	tensor(4, device='cuda:0')	-0.059220017719500584
259006.38577805398	3000.0	200.0	411.4232653335491	0	0.0	3206.385778053984	1	0	tensor(4, device='cuda:0')	-0.5936567743732624
260200.0	1000.0	179.78752542196952	173.38752542198725	0	659.1173328683944	379.787525421998	1	0	tensor(6, device='cuda:0')	-10.1395172883426
261707.86586378101	2000.0	202.70882194803002	530.7871603070873	0	0.0	910.5746857290796	1	0	tensor(3, device='cuda:0')	-1.995336068245406
262727.3525514645	2000.0	505.8002230431972	322.5780887786839	0	0.0	1233.1527745077328	1	0	tensor(3, device='cuda:0')	-0.062199646387959384
263819.79438606475	2000.0	450.5852108183294	37.22682237534565	0	0.0	1270.3795968830818	1	0	tensor(3, device='cuda:0')	1.648639387999189
264412.31373566744	2000.0	858.0658612155947	0.0	0	0.0	1270.3795968830236	1	0	tensor(3, device='cuda:0')	1.8720003222512651
265200.0	2000.0	1070.3795968830318	0.0	0	25.296121643448714	1270.3795968830818	1	0	tensor(3, device='cuda:0')	1.872000322251263
266200.0	2000.0	1070.3795968830284	0.0	0	215.68902228202205	1270.3795968830818	1	0	tensor(3, device='cuda:0')	1.872000322251263
267200.0	2000.0	1070.379596883017	0.0	0	466.34723200451117	1270.37959688314	1	0	tensor(3, device='cuda:0')	1.8720003222512611
268200.0	2000.0	1070.3795968830168	0.0	0	375.3255079911323	1270.37959688314	1	0	tensor(3, device='cuda:0')	1.8720003222512611
269200.0	2000.0	1070.3795968830846	0.0	0	393.3317344734096	1270.37959688314	1	0	tensor(3, device='cuda:0')	1.8720003222512611
270200.0	2000.0	1070.3795968830946	0.0	0	502.61810316320043	1270.37959688314	1	0	tensor(3, device='cuda:0')	1.8720003222512611
271200.0	2000.0	1070.3795968831023	0.0	0	226.00144060055027	1270.37959688314	1	0	tensor(3, device='cuda:0')	1.8720003222512611
272200.0	2000.0	1070.3795968830952	0.0	0	248.83579113165615	1270.37959688314	1	0	tensor(3, device='cuda:0')	1.8720003222512611
273200.0	2000.0	1070.379596883104	0.0	0	349.45750975009287	1270.37959688314	1	0	tensor(3, device='cuda:0')	1.8720003222512611
274806.54711699864	2000.0	463.83247988444236	0.0	0	0.0	1270.3795968831982	1	0	tensor(3, device='cuda:0')	1.8720003222512591
276370.80379669456	2000.0	224.90387423626154	325.3280740477111	0	0.0	1595.707670930773	1	0	tensor(3, device='cuda:0')	-0.0932664255584218
276957.7813522657	1000.0	689.9648143056029	52.038495640430625	0	0.0	1647.746166571218	1	0	tensor(3, device='cuda:0')	0.15762903296844233
277642.3451115534	1000.0	1005.4010550178824	0.0	0	0.0	1647.746166571218	1	0	tensor(3, device='cuda:0')	1.1630071873709713
278200.0	1000.0	1447.7461665712783	0.0	0	75.51636259519728	1647.746166571218	1	0	tensor(3, device='cuda:0')	1.1630071873709713
279442.9134898778	2000.0	1204.8326766934103	0.0	0	0.0	1647.746166571218	1	0	tensor(3, device='cuda:0')	1.1630071873709713
280588.6001233392	2000.0	1059.1460432320494	0.0	0	0.0	1647.746166571218	1	0	tensor(3, device='cuda:0')	1.8561543679309165
281369.74179781904	2000.0	1278.0043687522111	0.0	0	0.0	1647.746166571218	1	0	tensor(3, device='cuda:0')	1.8561543679309165
282200.0	2000.0	1447.7461665712824	0.0	0	178.82603871944593	1647.746166571218	1	0	tensor(3, device='cuda:0')	1.8561543679309165
283200.0	2000.0	1447.7461665713274	0.0	0	482.3902349101263	1647.7461665712763	1	0	tensor(3, device='cuda:0')	1.8561543679309136
284200.0	2000.0	1447.7461665713124	0.0	0	298.01460578804836	1647.7461665712763	1	0	tensor(3, device='cuda:0')	1.8561543679309136
285200.0	3000.0	1347.7461665713192	0.0	0	290.43354571884265	1547.746166571218	1	0	tensor(4, device='cuda:0')	1.459256294433592
287425.31781747285	6000.0	200.0	77.57165090154972	0	0.0	1625.3178174727946	1	0	tensor(3, device='cuda:0')	1.5998592341684135
287999.00390896876	2000.0	714.5624789260851	88.24857042202743	0	0.0	1713.5663878947962	1	0	tensor(3, device='cuda:0')	0.22463761961433204
288700.33744045073	2000.0	1013.2289474441309	0.0	0	0.0	1713.5663878947962	1	0	tensor(3, device='cuda:0')	1.8527413308146063
289327.8444478229	3000.0	1322.9712393347177	0.0	0	0.0	1650.815687157563	1	0	tensor(4, device='cuda:0')	1.5296589995083323
290200.0	3000.0	1363.6001319399818	0.0	0	251.76409125200007	1563.6001319399802	1	0	tensor(4, device='cuda:0')	2.0896745808375967
292399.590880861	6000.0	200.0	35.99074892090068	0	0.0	1599.5908808609238	1	0	tensor(3, device='cuda:0')	1.849392354100692
292926.7984060376	2000.0	736.3878573618377	63.59538253850636	0	0.0	1663.1862633994315	1	0	tensor(3, device='cuda:0')	0.3751886828387883
293403.54859039164	2000.0	1259.6376730077993	0.0	0	0.0	1663.1862633994315	1	0	tensor(3, device='cuda:0')	1.8553732667379361
294200.0	3000.0	1383.5411224386412	0.0	0	10.379484165692702	1583.5411224387353	1	0	tensor(4, device='cuda:0')	1.4989306176481951
295200.0	3000.0	1283.5411224386562	0.0	0	214.88464294717414	1483.5411224386771	1	0	tensor(4, device='cuda:0')	2.0677283756534734
297361.32486936374	3000.0	200.0	267.196576237718	0	0.0	1561.3248693637433	1	0	tensor(4, device='cuda:0')	0.28972792460984775
298023.51754234644	1000.0	656.4244507745871	118.61712375726239	0	0.0	1679.9419931209995	1	0	tensor(3, device='cuda:0')	-0.848950002229793
299124.49348648044	1000.0	555.4485066405842	0.0	0	0.0	1679.9419931209995	1	0	tensor(3, device='cuda:0')	1.1613650289818915
299819.0299175201	1000.0	860.9120756008751	0.0	0	0.0	1679.9419931209995	1	0	tensor(3, device='cuda:0')	1.1613650289818915
300463.96456533996	1000.0	1215.9774277810618	0.0	0	0.0	1679.9419931209995	1	0	tensor(3, device='cuda:0')	1.1613650289818915
301200.0	1000.0	1479.9419931210007	0.0	0	27.118318158609327	1679.9419931209995	1	0	tensor(3, device='cuda:0')	1.1613650289818915
302200.0	1000.0	1479.9419931210393	0.0	0	552.2764536309987	1679.9419931209995	1	0	tensor(3, device='cuda:0')	1.1613650289818915
303200.0	1000.0	1479.9419931209936	0.0	0	480.94879117119126	1679.9419931209413	1	0	tensor(3, device='cuda:0')	1.1613650289818946
1.73	2.28	2.15	2.18	1.75	2.71	3.36	2.94	2.63	3.08	2.22	2.18	1.88	2.5	3.16	2.61	2.57	2.66	3.13	3.67	4.54	5.29	3.82	1.71	2.06	2.32	1.99	1.48	1.67	1.85	2.1	2.9	3.65	4.31	2.59	3.34	3.79	3.42	2.7	3.13	3.44	3.27	3.46	3.67	3.9	4.65	4.36	3.05	2.12	2.13	1.91	1.08	1.27	2.05	2.97	3.02	2.31	1.41	1.93	2.12	2.04	1.67	1.61	1.77	2.55	2.51	2.99	3.88	3.49	3.95	2.73	2.4	2.58	2.5	1.71	1.34	1.76	2.05	1.9	1.88	1.56	1.48	1.74	1.77	1.38	1.55	1.96	1.59	1.53	1.46	2.25	3.08	3.48	3.53	3.31	3.08	3.08	2.9	2.09	1.71	2.41	2.81	2.39	2.69	2.81	2.88	2.83	2.04	2.37	3.17	3.5	3.54	3.34	2.39	2.34	1.98	1.66	1.68	2.11	2.97	3.65	3.81	4.15	3.34	1.92	2.77	2.85	3.24	3.98	2.7	2.86	3.72	3.7	2.78	3.51	3.5	3.01	3.39	2.48	2.14	1.67	1.59	1.38	1.38	2.06	2.72	3.76	3.01	2.21	2.17	1.47	1.62	2.58	2.42	1.91	1.88	1.89	2.56	3.04	2.94	2.57	2.42	2.64	2.46	2.54	2.61	3.02	2.8	2.43	2.47	2.94	3.63	3.79	2.9	3.63	4.31	5.26	4.17	3.42	3.13	3.15	2.13	1.83	1.84	2.34	2.47	2.54	2.58	2.39	1.83	1.46	1.82	2.5	0.961	1.19	2.02	2.79	3.56	4.53	3.32	3.19	3.5	3.52	3.58	3.15	3.05	3.26	3.04	2.02	1.92	2.66	2.35	1.87	2.0	2.05	2.35	2.0	2.47	3.02	1.91	2.21	2.57	3.38	2.48	1.89	2.77	2.9	3.27	2.39	2.26	1.75	1.9	2.2	2.72	2.75	3.3	3.41	1.73	1.51	1.8	1.51	1.44	1.61	1.85	2.21	2.87	3.81	4.07	3.14	3.15	2.47	2.68	3.19	3.14	2.72	2.37	2.4	2.29	2.54	1.75	1.73	2.24	2.66	3.14	3.32	3.02	3.83	4.41	4.01	3.24	3.44	2.55	1.69	1.51	1.7	1.67	2.11	1.78	2.18	2.18	2.65	3.27	4.26	3.73	2.02	2.62	3.58	4.24	4.82	4.09	2.73	3.41	4.19	3.57	1.74	1.67	1.59	1.09	1.27	1.66	1.93	2.17	2.61	2.7
850.0	851.0	852.0	853.0	854.0	855.0	856.0	857.0	858.0	859.0	860.0	861.0	862.0	863.0	864.0	865.0	866.0	867.0	868.0	869.0	870.0	871.0	872.0	873.0	874.0	875.0	876.0	877.0	878.0	879.0	880.0	881.0	882.0	883.0	884.0	885.0	886.0	887.0	888.0	889.0	890.0	891.0	892.0	893.0	894.0	895.0	896.0	897.0	898.0	899.0	900.0	901.0	902.0	903.0	904.0	905.0	906.0	907.0	908.0	909.0	910.0	911.0	912.0	913.0	914.0	915.0	916.0	917.0	918.0	919.0	920.0	921.0	922.0	923.0	924.0	925.0	926.0	927.0	928.0	929.0	930.0	931.0	932.0	933.0	934.0	935.0	936.0	937.0	938.0	939.0	940.0	941.0	942.0	943.0	944.0	945.0	946.0	947.0	948.0	949.0	950.0	951.0	952.0	953.0	954.0	955.0	956.0	957.0	958.0	959.0	960.0	961.0	962.0	963.0	964.0	965.0	966.0	967.0	968.0	969.0	970.0	971.0	972.0	973.0	974.0	975.0	976.0	977.0	978.0	979.0	980.0	981.0	982.0	983.0	984.0	985.0	986.0	987.0	988.0	989.0	990.0	991.0	992.0	993.0	994.0	995.0	996.0	997.0	998.0	999.0	1000.0	1001.0	1002.0	1003.0	1004.0	1005.0	1006.0	1007.0	1008.0	1009.0	1010.0	1011.0	1012.0	1013.0	1014.0	1015.0	1016.0	1017.0	1018.0	1019.0	1020.0	1021.0	1022.0	1023.0	1024.0	1025.0	1026.0	1027.0	1028.0	1029.0	1030.0	1031.0	1032.0	1033.0	1034.0	1035.0	1036.0	1037.0	1038.0	1039.0	1040.0	1041.0	1042.0	1043.0	1044.0	1045.0	1046.0	1047.0	1048.0	1049.0	1050.0	1051.0	1052.0	1053.0	1054.0	1055.0	1056.0	1057.0	1058.0	1059.0	1060.0	1061.0	1062.0	1063.0	1064.0	1065.0	1066.0	1067.0	1068.0	1069.0	1070.0	1071.0	1072.0	1073.0	1074.0	1075.0	1076.0	1077.0	1078.0	1079.0	1080.0	1081.0	1082.0	1083.0	1084.0	1085.0	1086.0	1087.0	1088.0	1089.0	1090.0	1091.0	1092.0	1093.0	1094.0	1095.0	1096.0	1097.0	1098.0	1099.0	1100.0	1101.0	1102.0	1103.0	1104.0	1105.0	1106.0	1107.0	1108.0	1109.0	1110.0	1111.0	1112.0	1113.0	1114.0	1115.0	1116.0	1117.0	1118.0	1119.0	1120.0	1121.0	1122.0	1123.0	1124.0	1125.0	1126.0	1127.0	1128.0	1129.0	1130.0	1131.0	1132.0	1133.0	1134.0	1135.0	1136.0	1137.0	1138.0	1139.0	1140.0	1141.0	1142.0	1143.0	1144.0	1145.0	1146.0	1147.0	1148.0	1149.0	1150.0	1151.0	1152.0	1153.0
1153.0
