5433.771446282749	300.0	2000.0	446.1427788507567	0	0.0	5433.771446282749	1	0	tensor(4, device='cuda:0')	-4.215573493897471
6237.66892674262	1000.0	2196.1025195401276	0.0	0	0.0	2433.771446282748	1	0	tensor(6, device='cuda:0')	-9.300051276297975
7200.0	1000.0	2233.771446282748	0.0	0	256.0468986026626	2433.771446282748	1	0	tensor(3, device='cuda:0')	1.10392152802796
8200.0	1000.0	2233.771446282748	0.0	0	16.578903908743087	2433.771446282747	1	0	tensor(3, device='cuda:0')	1.1039215280279602
9200.0	1000.0	2233.771446282748	0.0	0	232.91792527641883	2433.771446282747	1	0	tensor(3, device='cuda:0')	1.1039215280279602
10388.019608538616	1000.0	2045.7518377441334	0.0	0	0.0	2433.771446282749	1	0	tensor(3, device='cuda:0')	1.1039215280279602
11318.098984691358	1000.0	2115.6724615913904	0.0	0	0.0	2433.7714462827516	1	0	tensor(3, device='cuda:0')	1.1039215280279597
12200.0	1000.0	2233.7714462827494	0.0	0	143.69302785595755	2433.7714462827516	1	0	tensor(3, device='cuda:0')	1.1039215280279597
13200.0	1000.0	2233.7714462827507	0.0	0	177.05389275607922	2433.7714462827516	1	0	tensor(3, device='cuda:0')	1.1039215280279597
14200.0	1000.0	2233.771446282752	0.0	0	97.715418006037	2433.7714462827535	1	0	tensor(3, device='cuda:0')	1.1039215280279593
15780.833149164828	1000.0	1652.9382971179257	0.0	0	0.0	2433.7714462827535	1	0	tensor(3, device='cuda:0')	1.1039215280279593
16484.672931409445	1000.0	1949.0985148733087	0.0	0	0.0	2433.7714462827535	1	0	tensor(3, device='cuda:0')	1.1039215280279593
17385.10474773977	1000.0	2048.666698542984	0.0	0	0.0	2433.7714462827553	1	0	tensor(3, device='cuda:0')	1.1039215280279595
18410.85658872369	1000.0	2022.914857559065	0.0	0	0.0	2433.771446282759	1	0	tensor(3, device='cuda:0')	1.103921528027959
19740.58199283708	1000.0	1693.1894534456728	0.0	0	0.0	2433.771446282757	1	0	tensor(3, device='cuda:0')	1.103921528027959
21088.46536157581	1000.0	1345.3060847069435	0.0	0	0.0	2433.771446282757	1	0	tensor(3, device='cuda:0')	1.103921528027959
21998.220314205773	1000.0	1435.551132076979	0.0	0	0.0	2433.771446282757	1	0	tensor(3, device='cuda:0')	1.103921528027959
22737.88622342277	1000.0	1695.8852228599787	0.0	0	0.0	2433.7714462827607	1	0	tensor(3, device='cuda:0')	1.1039215280279586
23444.838741006264	1000.0	1988.9327052764816	0.0	0	0.0	2433.7714462827607	1	0	tensor(3, device='cuda:0')	1.1039215280279586
24214.715170301963	1000.0	2219.056275980786	0.0	0	0.0	2433.771446282757	1	0	tensor(3, device='cuda:0')	1.103921528027959
25200.0	1000.0	2233.7714462827503	0.0	0	110.95422142706593	2433.771446282757	1	0	tensor(3, device='cuda:0')	1.103921528027959
26200.0	1000.0	2233.771446282748	0.0	0	223.18877700260418	2433.771446282757	1	0	tensor(3, device='cuda:0')	1.103921528027959
27200.0	1000.0	2233.771446282748	0.0	0	310.82889595222514	2433.771446282757	1	0	tensor(3, device='cuda:0')	1.103921528027959
28200.0	1000.0	2233.7714462827494	0.0	0	44.53746851058531	2433.771446282757	1	0	tensor(3, device='cuda:0')	1.103921528027959
29200.0	1000.0	2233.771446282752	0.0	0	289.59552675395025	2433.771446282757	1	0	tensor(3, device='cuda:0')	1.103921528027959
30200.0	1000.0	2233.771446282751	0.0	0	376.57125351873765	2433.771446282757	1	0	tensor(3, device='cuda:0')	1.103921528027959
31200.0	1000.0	2233.7714462827525	0.0	0	468.9844191697339	2433.7714462827607	1	0	tensor(3, device='cuda:0')	1.1039215280279586
32200.0	1000.0	2233.7714462827535	0.0	0	253.04134063278252	2433.7714462827607	1	0	tensor(3, device='cuda:0')	1.1039215280279586
33200.0	1000.0	2233.771446282756	0.0	0	379.4260156255368	2433.7714462827644	1	0	tensor(3, device='cuda:0')	1.1039215280279582
34200.0	1000.0	2233.7714462827475	0.0	0	158.5573225671833	2433.7714462827535	1	0	tensor(3, device='cuda:0')	1.1039215280279588
35200.0	1000.0	2233.771446282746	0.0	0	375.42927206136665	2433.77144628275	1	0	tensor(3, device='cuda:0')	1.1039215280279597
36200.0	1000.0	2233.7714462827444	0.0	0	425.09123794018524	2433.77144628275	1	0	tensor(3, device='cuda:0')	1.1039215280279597
37200.0	1000.0	2233.771446282747	0.0	0	348.6732283801175	2433.771446282757	1	0	tensor(3, device='cuda:0')	1.103921528027959
38200.0	1000.0	2233.771446282743	0.0	0	139.67546737858356	2433.7714462827644	1	0	tensor(3, device='cuda:0')	1.1039215280279582
39287.44352859445	1000.0	2146.3279176882943	0.0	0	0.0	2433.7714462827644	1	0	tensor(3, device='cuda:0')	1.1039215280279582
40219.96848364813	1000.0	2213.8029626346115	0.0	0	0.0	2433.7714462827644	1	0	tensor(3, device='cuda:0')	1.1039215280279582
41200.0	1000.0	2233.7714462827516	0.0	0	232.05011223497422	2433.7714462827716	1	0	tensor(3, device='cuda:0')	1.1039215280279575
42200.0	1000.0	2233.7714462827516	0.0	0	382.13702206602466	2433.7714462827716	1	0	tensor(3, device='cuda:0')	1.1039215280279575
43200.0	1000.0	2233.771446282753	0.0	0	320.02852824617	2433.7714462827644	1	0	tensor(3, device='cuda:0')	1.1039215280279582
44200.0	1000.0	2233.771446282749	0.0	0	207.1313096121885	2433.771446282757	1	0	tensor(3, device='cuda:0')	1.103921528027959
45200.0	1000.0	2233.771446282754	0.0	0	245.5993491491099	2433.771446282757	1	0	tensor(3, device='cuda:0')	1.103921528027959
46200.0	1000.0	2233.7714462827553	0.0	0	132.12183113783976	2433.771446282757	1	0	tensor(3, device='cuda:0')	1.103921528027959
47200.0	1000.0	2233.7714462827616	0.0	0	179.8299474618252	2433.7714462827644	1	0	tensor(3, device='cuda:0')	1.1039215280279582
48274.11286312482	1000.0	2159.658583157948	0.0	0	0.0	2433.7714462827644	1	0	tensor(3, device='cuda:0')	1.1039215280279582
49200.0	1000.0	2233.7714462827616	0.0	0	23.00302169745555	2433.7714462827644	1	0	tensor(3, device='cuda:0')	1.1039215280279582
50200.0	1000.0	2233.771446282757	0.0	0	77.13936971391377	2433.7714462827644	1	0	tensor(3, device='cuda:0')	1.1039215280279582
51200.0	1000.0	2233.7714462827607	0.0	0	183.1838157212551	2433.7714462827644	1	0	tensor(3, device='cuda:0')	1.1039215280279582
52503.75339926334	1000.0	1930.0180470194182	0.0	0	0.0	2433.7714462827644	1	0	tensor(3, device='cuda:0')	1.1039215280279582
53273.69618706603	1000.0	2160.0752592167355	0.0	0	0.0	2433.7714462827644	1	0	tensor(3, device='cuda:0')	1.1039215280279582
54200.0	1000.0	2233.7714462827707	0.0	0	358.73910095616156	2433.7714462827644	1	0	tensor(3, device='cuda:0')	1.1039215280279582
55292.852174143656	1000.0	2140.919272139123	0.0	0	0.0	2433.7714462827644	1	0	tensor(3, device='cuda:0')	1.1039215280279582
56200.0	1000.0	2233.771446282777	0.0	0	239.99312751057732	2433.7714462827644	1	0	tensor(3, device='cuda:0')	1.1039215280279582
57200.0	1000.0	2233.7714462827735	0.0	0	417.7174984424637	2433.7714462827644	1	0	tensor(3, device='cuda:0')	1.1039215280279582
58200.0	1000.0	2233.771446282776	0.0	0	49.3261773535487	2433.7714462827644	1	0	tensor(3, device='cuda:0')	1.1039215280279582
59200.0	1000.0	2233.7714462827767	0.0	0	122.75591445864848	2433.7714462827644	1	0	tensor(3, device='cuda:0')	1.1039215280279582
60200.0	1000.0	2233.7714462827794	0.0	0	38.25111998788634	2433.7714462827644	1	0	tensor(3, device='cuda:0')	1.1039215280279582
61200.0	1000.0	2233.771446282775	0.0	0	226.86816910227208	2433.771446282757	1	0	tensor(3, device='cuda:0')	1.103921528027959
62200.0	1000.0	2233.771446282774	0.0	0	86.13135017012974	2433.771446282757	1	0	tensor(3, device='cuda:0')	1.103921528027959
63217.29124152571	1000.0	2216.480204757063	0.0	0	0.0	2433.77144628275	1	0	tensor(3, device='cuda:0')	1.1039215280279597
64200.0	1000.0	2233.771446282779	0.0	0	198.76213806270243	2433.77144628275	1	0	tensor(3, device='cuda:0')	1.1039215280279597
65200.0	1000.0	2233.7714462827835	0.0	0	297.0966377634468	2433.77144628275	1	0	tensor(3, device='cuda:0')	1.1039215280279597
66200.0	1000.0	2233.771446282772	0.0	0	220.21609214627824	2433.7714462827353	1	0	tensor(3, device='cuda:0')	1.103921528027961
67300.22710058256	1000.0	2133.544345700214	0.0	0	0.0	2433.7714462827353	1	0	tensor(3, device='cuda:0')	1.1039215280279613
68200.0	1000.0	2233.7714462827803	0.0	0	12.963354538849671	2433.7714462827425	1	0	tensor(3, device='cuda:0')	1.103921528027961
69466.04350826162	1000.0	1967.7279380211507	0.0	0	0.0	2433.7714462827425	1	0	tensor(3, device='cuda:0')	1.1039215280279606
70217.55278148496	1000.0	2216.218664797805	0.0	0	0.0	2433.7714462827425	1	0	tensor(3, device='cuda:0')	1.1039215280279606
71271.66059871881	1000.0	2162.110847563952	0.0	0	0.0	2433.771446282757	1	0	tensor(3, device='cuda:0')	1.103921528027959
72200.0	1000.0	2233.7714462827616	0.0	0	27.01443086565996	2433.771446282757	1	0	tensor(3, device='cuda:0')	1.103921528027959
73268.35083451815	1000.0	2165.4206117646236	0.0	0	0.0	2433.7714462827716	1	0	tensor(3, device='cuda:0')	1.1039215280279575
74251.92810358344	1000.0	2181.8433426993415	0.0	0	0.0	2433.7714462827716	1	0	tensor(3, device='cuda:0')	1.1039215280279575
75200.0	1000.0	2233.7714462827907	0.0	0	280.81588603740965	2433.771446282757	1	0	tensor(3, device='cuda:0')	1.103921528027959
76408.74967783988	1000.0	2025.0217684429172	0.0	0	0.0	2433.7714462827716	1	0	tensor(3, device='cuda:0')	1.1039215280279575
77854.3643625083	1000.0	1579.4070837744912	0.0	0	0.0	2433.771446282786	1	0	tensor(3, device='cuda:0')	1.103921528027956
79133.63324035465	1000.0	1300.1382059281405	0.0	0	0.0	2433.771446282786	1	0	tensor(3, device='cuda:0')	1.103921528027956
80039.0475628653	1000.0	1394.7238834175112	0.0	0	0.0	2433.7714462827716	1	0	tensor(3, device='cuda:0')	1.1039215280279575
81248.51809928703	1000.0	1185.2533469957696	0.0	0	0.0	2433.771446282757	1	0	tensor(3, device='cuda:0')	1.103921528027959
82875.0591828265	1000.0	558.7122634563092	0.0	0	0.0	2433.771446282757	1	0	tensor(3, device='cuda:0')	1.103921528027959
84462.6977145624	1000.0	251.25402629378578	280.18029457337	0	0.0	2713.9517408561805	1	0	tensor(3, device='cuda:0')	-0.6114301892208556
85800.07965376735	1000.0	307.6698783509289	393.797791262099	0	0.0	3107.7495321182796	1	0	tensor(3, device='cuda:0')	-1.3590753800217503
86610.6493630284	1000.0	586.5880695996213	89.4879005097593	0	0.0	3197.2374326280406	1	0	tensor(3, device='cuda:0')	0.44823559629193016
87442.66959450734	1000.0	754.567838120669	0.0	0	0.0	3197.237432628055	1	0	tensor(3, device='cuda:0')	0.9851629993504829
88780.83846438155	1000.0	416.39896824647235	0.0	0	0.0	3197.237432628055	1	0	tensor(3, device='cuda:0')	0.9851629993504829
89981.41627102738	1000.0	449.8146578665374	233.99349626590595	0	0.0	3431.2309288939578	1	0	tensor(3, device='cuda:0')	-0.4748002304036024
91200.0	1000.0	348.30932330434865	117.09466543782563	0	265.8906325100106	548.3093233044056	1	0	tensor(6, device='cuda:0')	-8.505787614889552
92200.0	1000.0	434.6132261986056	86.30390289425696	0	50.36185815343924	634.613226198664	1	0	tensor(3, device='cuda:0')	0.6774243136002464
93200.0	1000.0	434.61322619859095	0.0	0	330.47006030974444	634.613226198664	1	0	tensor(3, device='cuda:0')	1.195247730965788
94200.0	1000.0	434.61322619860016	0.0	0	237.974788202715	634.6132261986786	1	0	tensor(3, device='cuda:0')	1.1952477309657878
95200.0	2000.0	434.61322619860766	0.0	0	240.25374967296375	634.6132261986932	1	0	tensor(3, device='cuda:0')	1.1952477309657876
96309.92977605644	2000.0	374.3387768736434	49.65532673147203	0	0.0	684.2685529301671	1	0	tensor(3, device='cuda:0')	1.5895198886652313
97444.27543898225	2000.0	347.8991173272072	107.90600337937065	0	0.0	792.1745563095319	1	0	tensor(3, device='cuda:0')	1.2377993911303662
98210.98562855073	1000.0	621.0336073248899	39.84467956614873	0	0.0	832.0192358756758	1	0	tensor(3, device='cuda:0')	0.25899284868921746
99200.0	1000.0	632.019235875624	0.0	0	280.59628164711467	832.0192358756613	1	0	tensor(3, device='cuda:0')	1.1912081066460554
100200.0	1000.0	632.0192358756351	0.0	0	233.742152655861	832.0192358756613	1	0	tensor(3, device='cuda:0')	1.1912081066460554
101200.0	1000.0	632.0192358756431	0.0	0	255.4572692229558	832.0192358756613	1	0	tensor(3, device='cuda:0')	1.1912081066460554
102804.48306281712	1000.0	202.89310195951865	175.35692890098946	0	0.0	1007.3761647766369	1	0	tensor(3, device='cuda:0')	0.13498848684348652
104429.03069443772	1000.0	200.0	621.654529661086	0	0.0	1629.0306944377226	1	0	tensor(3, device='cuda:0')	-2.564575920026267
106614.69639827934	1000.0	200.0	1185.6657038416179	0	0.0	2814.6963982793386	1	0	tensor(3, device='cuda:0')	-6.036060668814335
108155.20439029695	1000.0	283.2065534780952	623.7145454956822	0	0.0	3438.4109437750303	1	0	tensor(3, device='cuda:0')	-2.8118891821309537
109353.87597129412	1000.0	497.4664657148675	412.9358835308939	0	0.0	851.3424370089779	1	0	tensor(6, device='cuda:0')	-10.286846670159196
110224.00449739318	1000.0	629.1586386832945	1.8206990674768235	0	0.0	853.1631360764586	1	0	tensor(3, device='cuda:0')	1.179802593317625
111200.0	1000.0	653.1631360764735	0.0	0	391.53764701508044	853.1631360764586	1	0	tensor(3, device='cuda:0')	1.190726787722486
112200.0	2000.0	653.1631360764741	0.0	0	239.213119750857	853.1631360764586	1	0	tensor(3, device='cuda:0')	1.1907267877224859
113773.03418750242	2000.0	200.0	119.87105142593433	0	0.0	973.0341875024023	1	0	tensor(3, device='cuda:0')	1.1630390158768216
114608.50730574924	1000.0	585.5823100810828	221.05542832790883	0	0.0	1194.0896158303076	1	0	tensor(3, device='cuda:0')	-0.8380758929730451
115430.4664126852	1000.0	763.623203145119	0.0	0	0.0	1194.0896158303076	1	0	tensor(3, device='cuda:0')	1.1814038575543533
116213.09486380933	1000.0	980.9947520209821	0.0	0	0.0	1194.0896158303076	1	0	tensor(3, device='cuda:0')	1.1814038575543533
117200.0	1000.0	994.0896158302901	0.0	0	343.39103512102156	1194.089615830293	1	0	tensor(3, device='cuda:0')	1.1814038575543537
118200.0	1000.0	994.0896158303042	0.0	0	296.79199400988	1194.089615830293	1	0	tensor(3, device='cuda:0')	1.1814038575543537
119200.0	1000.0	994.0896158302965	0.0	0	425.01554413068516	1194.089615830293	1	0	tensor(3, device='cuda:0')	1.1814038575543537
120200.0	1000.0	994.0896158302921	0.0	0	420.609923589087	1194.089615830293	1	0	tensor(3, device='cuda:0')	1.1814038575543537
121200.0	1000.0	994.0896158302926	0.0	0	176.23369769673445	1194.089615830293	1	0	tensor(3, device='cuda:0')	1.1814038575543537
122200.0	1000.0	994.089615830283	0.0	0	129.29542234307155	1194.089615830293	1	0	tensor(3, device='cuda:0')	1.1814038575543537
123518.763294107	1000.0	675.3263217232625	0.0	0	0.0	1194.089615830293	1	0	tensor(3, device='cuda:0')	1.1814038575543537
124520.15261441626	1000.0	673.9370014139913	0.0	0	0.0	1194.089615830293	1	0	tensor(3, device='cuda:0')	1.1814038575543537
125439.5998867622	1000.0	754.4897290680443	0.0	0	0.0	1194.089615830293	1	0	tensor(3, device='cuda:0')	1.1814038575543537
126677.0899175639	1000.0	516.999698266331	0.0	0	0.0	1194.0896158303076	1	0	tensor(3, device='cuda:0')	1.1814038575543533
127794.68604223042	1000.0	418.6125112597086	19.208937659885237	0	0.0	1213.2985534901964	1	0	tensor(3, device='cuda:0')	1.0655259000986232
128580.25451899164	1000.0	633.0440344984798	0.0	0	0.0	1213.298553490211	1	0	tensor(3, device='cuda:0')	1.1807795260579341
129200.0	1000.0	1013.29855349012	0.0	0	103.23380150360754	1213.298553490211	1	0	tensor(3, device='cuda:0')	1.1807795260579341
130200.0	1000.0	1013.2985534901247	0.0	0	361.00850236369297	1213.2985534902255	1	0	tensor(3, device='cuda:0')	1.1807795260579337
131200.0	1000.0	1013.2985534901168	0.0	0	506.3006179281656	1213.298553490211	1	0	tensor(3, device='cuda:0')	1.180779526057934
132200.0	1000.0	1013.2985534901319	0.0	0	155.02654354064725	1213.298553490211	1	0	tensor(3, device='cuda:0')	1.1807795260579341
133879.5836151608	1000.0	333.7149383293064	0.0	0	0.0	1213.2985534901964	1	0	tensor(3, device='cuda:0')	1.1807795260579346
135461.94875985707	1000.0	200.0	448.6502063669526	0	0.0	1661.9487598571577	1	0	tensor(3, device='cuda:0')	-1.5278258825107507
137733.20638621674	1000.0	200.0	1271.2576263596586	0	0.0	2933.2063862167415	1	0	tensor(3, device='cuda:0')	-6.556092148550207
139351.96012434183	1000.0	382.45014857143417	801.2038866965155	0	0.0	3734.4102729132574	1	0	tensor(3, device='cuda:0')	-3.966702464761806
140715.41137163003	1000.0	335.89198856144776	316.89308727821356	0	0.0	1051.303360191465	1	0	tensor(6, device='cuda:0')	-9.715666010015436
141961.88791111961	1000.0	368.4878530041526	279.07240393229137	0	0.0	1330.3757641237462	1	0	tensor(3, device='cuda:0')	-0.4977259386594418
142815.57962144664	1000.0	565.971884801053	51.17574212394538	0	0.0	1381.5515062476916	1	0	tensor(3, device='cuda:0')	0.8677221767384077
143861.3689718579	1000.0	520.1825343897793	0.0	0	0.0	1381.5515062476916	1	0	tensor(3, device='cuda:0')	1.17477662948208
145048.02674888814	1000.0	440.1044925255869	106.5797351660081	0	0.0	1488.1312414137064	1	0	tensor(3, device='cuda:0')	0.5309500072298609
146227.64572437073	1000.0	407.00128998885555	146.51577294588498	0	0.0	1634.6470143595943	1	0	tensor(3, device='cuda:0')	0.2845660710945144
147019.43024208175	1000.0	638.6129919431398	23.396219665317233	0	0.0	1658.0432340248954	1	0	tensor(3, device='cuda:0')	1.0221102558976272
147777.37305921948	1000.0	880.6701748054448	0.0	0	0.0	1658.0432340248954	1	0	tensor(3, device='cuda:0')	1.1624875738895306
148402.95928792536	1000.0	1255.0839460995376	0.0	0	0.0	1658.0432340248954	1	0	tensor(3, device='cuda:0')	1.1624875738895306
149423.03216346123	1000.0	1235.0110705636528	0.0	0	0.0	1658.0432340248954	1	0	tensor(3, device='cuda:0')	1.1624875738895306
150200.0	1000.0	1458.0432340248763	0.0	0	6.113598173978971	1658.0432340248954	1	0	tensor(3, device='cuda:0')	1.1624875738895306
151459.90921557735	1000.0	1198.134018447534	0.0	0	0.0	1658.0432340249245	1	0	tensor(3, device='cuda:0')	1.162487573889529
152539.4175726402	1000.0	1118.6256613847133	0.0	0	0.0	1658.0432340248954	1	0	tensor(3, device='cuda:0')	1.1624875738895306
153688.65631457744	1000.0	969.3869194474622	0.0	0	0.0	1658.0432340248663	1	0	tensor(3, device='cuda:0')	1.1624875738895322
154321.08677511587	1000.0	1336.9564589090403	0.0	0	0.0	1658.0432340248663	1	0	tensor(3, device='cuda:0')	1.1624875738895322
155200.0	1000.0	1458.0432340248906	0.0	0	403.8816501951951	1658.0432340248371	1	0	tensor(3, device='cuda:0')	1.1624875738895335
156200.0	1000.0	1458.04323402491	0.0	0	227.51740119440365	1658.043234024808	1	0	tensor(3, device='cuda:0')	1.162487573889535
157417.7251689166	1000.0	1240.31806510829	0.0	0	0.0	1658.043234024808	1	0	tensor(3, device='cuda:0')	1.162487573889535
158200.0	1000.0	1458.043234024905	0.0	0	49.31577220337931	1658.043234024808	1	0	tensor(3, device='cuda:0')	1.162487573889535
159200.0	1000.0	1458.0432340249088	0.0	0	475.759652867011	1658.043234024808	1	0	tensor(3, device='cuda:0')	1.162487573889535
160200.0	1000.0	1458.0432340249483	0.0	0	329.8671171986789	1658.043234024808	1	0	tensor(3, device='cuda:0')	1.162487573889535
161615.5617857239	1000.0	1042.481448301077	0.0	0	0.0	1658.043234024808	1	0	tensor(3, device='cuda:0')	1.162487573889535
164509.8655026986	1000.0	200.0	1051.8222686736544	0	0.0	2709.865502698609	1	0	tensor(3, device='cuda:0')	-5.211815932548702
165466.39174522043	1000.0	595.0207206125554	351.54696313437705	0	0.0	3061.412465832982	1	0	tensor(3, device='cuda:0')	-1.0965331884129592
167212.71136536397	1000.0	200.0	351.29889953099683	0	0.0	3412.711365363968	1	0	tensor(3, device='cuda:0')	-1.1462357129601473
168627.91066204917	1000.0	344.3184506665062	559.517747351706	0	0.0	972.2291127156641	1	0	tensor(6, device='cuda:0')	-11.169286127580582
169672.6078686169	1000.0	479.6314157688049	180.01017167005898	0	0.0	1152.2392843857233	1	0	tensor(3, device='cuda:0')	0.10266287570817767
171699.7982253911	1000.0	200.0	747.5589410053874	0	0.0	1899.7982253911032	1	0	tensor(3, device='cuda:0')	-3.3346362871864934
172829.65853915396	1000.0	429.5657435052876	359.4260572681334	0	0.0	2259.224282659241	1	0	tensor(3, device='cuda:0')	-1.0354345000688019
173648.14495596927	1000.0	611.079326690008	0.0	0	0.0	2259.224282659241	1	0	tensor(3, device='cuda:0')	1.121121843539998
174430.33412939272	1000.0	828.8901532665342	0.0	0	0.0	2259.224282659212	1	0	tensor(3, device='cuda:0')	1.1211218435400008
175027.3993176959	1000.0	1231.8249649633835	0.0	0	0.0	2259.224282659212	1	0	tensor(3, device='cuda:0')	1.1211218435400008
175674.731756167	1000.0	1584.492526492269	0.0	0	0.0	2259.224282659212	1	0	tensor(3, device='cuda:0')	1.1211218435400008
176818.14660599883	1000.0	1441.0776766604554	0.0	0	0.0	2259.224282659212	1	0	tensor(3, device='cuda:0')	1.1211218435400008
177982.18010727578	1000.0	1277.0441753835084	0.0	0	0.0	2259.224282659212	1	0	tensor(3, device='cuda:0')	1.1211218435400008
178499.8084092236	1000.0	1759.4158734356977	0.0	0	0.0	2259.224282659241	1	0	tensor(3, device='cuda:0')	1.121121843539998
179339.02661389599	1000.0	1920.1976687633037	0.0	0	0.0	2259.224282659212	1	0	tensor(3, device='cuda:0')	1.1211218435400008
180341.46542304035	1000.0	1917.7588596189337	0.0	0	0.0	2259.224282659241	1	0	tensor(3, device='cuda:0')	1.121121843539998
181200.0	1000.0	2059.2242826592865	0.0	0	17.564427177858306	2259.224282659241	1	0	tensor(3, device='cuda:0')	1.121121843539998
182200.0	1000.0	2059.22428265928	0.0	0	174.2604509841476	2259.224282659241	1	0	tensor(3, device='cuda:0')	1.121121843539998
183200.0	1000.0	2059.2242826593083	0.0	0	92.67981218968634	2259.224282659241	1	0	tensor(3, device='cuda:0')	1.121121843539998
184830.95546096237	1000.0	1428.268821696923	0.0	0	0.0	2259.224282659241	1	0	tensor(3, device='cuda:0')	1.121121843539998
186054.7712374958	1000.0	1204.4530451635212	0.0	0	0.0	2259.22428265927	1	0	tensor(3, device='cuda:0')	1.1211218435399957
186843.28616264468	1000.0	1415.9381200146108	0.0	0	0.0	2259.22428265927	1	0	tensor(3, device='cuda:0')	1.1211218435399957
187548.43596303373	1000.0	1710.7883196255395	0.0	0	0.0	2259.22428265927	1	0	tensor(3, device='cuda:0')	1.1211218435399957
188326.10961607212	1000.0	1933.1146665871306	0.0	0	0.0	2259.22428265927	1	0	tensor(3, device='cuda:0')	1.1211218435399957
189550.30519602506	1000.0	1708.9190866341914	0.0	0	0.0	2259.22428265927	1	0	tensor(3, device='cuda:0')	1.1211218435399957
190661.26081938014	1000.0	1597.963463279113	0.0	0	0.0	2259.224282659241	1	0	tensor(3, device='cuda:0')	1.121121843539998
193045.8783051451	1000.0	240.640568379518	27.294590865362636	0	0.0	2286.5188735246193	1	0	tensor(3, device='cuda:0')	0.9563522595669132
194160.56406984554	1000.0	422.9244173463726	296.96961366726555	0	0.0	2583.4884871918766	1	0	tensor(3, device='cuda:0')	-0.6950880058361997
195015.4131150528	1000.0	568.0753721391202	0.0	0	0.0	2583.4884871918766	1	0	tensor(3, device='cuda:0')	1.0867296761673935
195864.48847743747	1000.0	719.000009754443	0.0	0	0.0	2583.4884871918766	1	0	tensor(3, device='cuda:0')	1.0867296761673935
196492.36210391478	1000.0	1091.1263832771187	0.0	0	0.0	2583.4884871918766	1	0	tensor(3, device='cuda:0')	1.0867296761673935
197301.29696374337	1000.0	1282.1915234485245	0.0	0	0.0	2583.4884871918475	1	0	tensor(3, device='cuda:0')	1.086729676167397
198324.4212316004	1000.0	1259.0672555914805	0.0	0	0.0	2583.4884871918184	1	0	tensor(3, device='cuda:0')	1.0867296761674008
199558.60512099077	1000.0	1024.8833662010848	0.0	0	0.0	2583.4884871918184	1	0	tensor(3, device='cuda:0')	1.0867296761674008
200514.94920567042	1000.0	1068.5392815214316	0.0	0	0.0	2583.4884871918184	1	0	tensor(3, device='cuda:0')	1.0867296761674008
201565.7066366573	1000.0	1017.7818505345294	0.0	0	0.0	2583.4884871918184	1	0	tensor(3, device='cuda:0')	1.0867296761674008
202531.14380949124	1000.0	1052.3446777006207	0.0	0	0.0	2583.4884871918475	1	0	tensor(3, device='cuda:0')	1.086729676167397
203463.42744888342	1000.0	1120.0610383084502	0.0	0	0.0	2583.4884871918475	1	0	tensor(3, device='cuda:0')	1.086729676167397
204110.50567140066	1000.0	1472.982815791176	0.0	0	0.0	2583.4884871918475	1	0	tensor(3, device='cuda:0')	1.086729676167397
204871.65089834228	1000.0	1711.8375888495523	0.0	0	0.0	2583.4884871918184	1	0	tensor(3, device='cuda:0')	1.0867296761674008
205362.58721565286	1000.0	2220.9012715389945	0.0	0	0.0	2583.4884871918184	1	0	tensor(3, device='cuda:0')	1.0867296761674008
206200.0	1000.0	2383.488487191898	0.0	0	188.41371568790055	2583.4884871918184	1	0	tensor(3, device='cuda:0')	1.0867296761674008
207200.0	1000.0	2383.488487191892	0.0	0	475.5890267918294	2583.4884871917893	1	0	tensor(3, device='cuda:0')	1.0867296761674043
208200.0	1000.0	2383.4884871919003	0.0	0	360.6910590206098	2583.4884871917893	1	0	tensor(3, device='cuda:0')	1.0867296761674043
209200.0	1000.0	2383.4884871919467	0.0	0	174.9158446828078	2583.4884871917893	1	0	tensor(3, device='cuda:0')	1.0867296761674043
210476.98756060842	1000.0	2106.500926583537	0.0	0	0.0	2583.4884871918184	1	0	tensor(3, device='cuda:0')	1.0867296761674008
211990.16232681012	1000.0	1593.3261603818662	0.0	0	0.0	2583.4884871918475	1	0	tensor(3, device='cuda:0')	1.086729676167397
213611.84068078973	1000.0	971.6478064022222	0.0	0	0.0	2583.4884871918475	1	0	tensor(3, device='cuda:0')	1.086729676167397
214367.692474075	1000.0	1215.7960131169261	0.0	0	0.0	2583.4884871918475	1	0	tensor(3, device='cuda:0')	1.086729676167397
215086.06908323863	1000.0	1497.4194039532947	0.0	0	0.0	2583.4884871918475	1	0	tensor(3, device='cuda:0')	1.086729676167397
216419.45326977942	1000.0	1164.0352174124832	0.0	0	0.0	2583.4884871918184	1	0	tensor(3, device='cuda:0')	1.0867296761674008
217184.3075256313	1000.0	1399.1809615605982	0.0	0	0.0	2583.4884871918475	1	0	tensor(3, device='cuda:0')	1.086729676167397
218136.33711383608	1000.0	1447.1513733558338	0.0	0	0.0	2583.4884871918766	1	0	tensor(3, device='cuda:0')	1.0867296761673935
219517.6951781989	1000.0	1065.7933089930148	0.0	0	0.0	2583.4884871918766	1	0	tensor(3, device='cuda:0')	1.0867296761673935
220880.82581326136	1000.0	702.662673930571	0.0	0	0.0	2583.4884871919057	1	0	tensor(3, device='cuda:0')	1.08672967616739
221763.34352407948	1000.0	820.1449631124508	0.0	0	0.0	2583.4884871918766	1	0	tensor(3, device='cuda:0')	1.0867296761673935
222711.09844448377	1000.0	872.3900427081678	0.0	0	0.0	2583.4884871918766	1	0	tensor(3, device='cuda:0')	1.0867296761673935
223730.76164754896	1000.0	852.7268396429802	0.0	0	0.0	2583.4884871919057	1	0	tensor(3, device='cuda:0')	1.08672967616739
224452.5963407352	1000.0	1130.8921464567293	0.0	0	0.0	2583.4884871919057	1	0	tensor(3, device='cuda:0')	1.08672967616739
225485.19593347123	1000.0	1098.2925537207275	0.0	0	0.0	2583.4884871919057	1	0	tensor(3, device='cuda:0')	1.08672967616739
226448.16601605163	1000.0	1135.3224711403184	0.0	0	0.0	2583.4884871919057	1	0	tensor(3, device='cuda:0')	1.08672967616739
227904.26031589243	1000.0	679.2281712995245	0.0	0	0.0	2583.4884871918766	1	0	tensor(3, device='cuda:0')	1.0867296761673935
228754.76547843227	1000.0	828.7230087596937	0.0	0	0.0	2583.4884871918766	1	0	tensor(3, device='cuda:0')	1.0867296761673935
229464.4616426219	1000.0	1119.0268445700324	0.0	0	0.0	2583.4884871918766	1	0	tensor(3, device='cuda:0')	1.0867296761673935
230090.87661480467	1000.0	1492.6118723872892	0.0	0	0.0	2583.4884871918766	1	0	tensor(3, device='cuda:0')	1.0867296761673935
230990.05917468763	1000.0	1593.429312504349	0.0	0	0.0	2583.4884871918766	1	0	tensor(3, device='cuda:0')	1.0867296761673935
231689.91170225467	1000.0	1893.5767849372887	0.0	0	0.0	2583.4884871918766	1	0	tensor(3, device='cuda:0')	1.0867296761673935
232469.9428398768	1000.0	2113.545647315154	0.0	0	0.0	2583.4884871918766	1	0	tensor(3, device='cuda:0')	1.0867296761673935
233200.0	1000.0	2383.4884871919567	0.0	0	50.77744826913113	2583.4884871918475	1	0	tensor(3, device='cuda:0')	1.086729676167397
234286.99189691717	1000.0	2296.4965902747754	0.0	0	0.0	2583.4884871918475	1	0	tensor(3, device='cuda:0')	1.086729676167397
235289.59546542386	1000.0	2293.893021768125	0.0	0	0.0	2583.4884871918475	1	0	tensor(3, device='cuda:0')	1.086729676167397
236526.14982623543	1000.0	2057.3386609565705	0.0	0	0.0	2583.4884871918475	1	0	tensor(3, device='cuda:0')	1.086729676167397
237447.49098660753	1000.0	2135.9975005844944	0.0	0	0.0	2583.4884871918766	1	0	tensor(3, device='cuda:0')	1.0867296761673935
239300.39952236068	1000.0	1283.0889648313641	0.0	0	0.0	2583.4884871918475	1	0	tensor(3, device='cuda:0')	1.086729676167397
241136.1512379366	1000.0	447.33724925546153	0.0	0	0.0	2583.4884871918475	1	0	tensor(3, device='cuda:0')	1.086729676167397
243186.85406804635	1000.0	200.0	803.3655808542488	0	0.0	3386.8540680463484	1	0	tensor(3, device='cuda:0')	-3.818466214820982
245622.59016433102	1000.0	200.0	1435.690164331033	0	0.0	1822.5901643310208	1	0	tensor(6, device='cuda:0')	-16.455826316136683
246752.39896272632	1000.0	443.66374138349386	373.4725397788121	0	0.0	2196.0627041098196	1	0	tensor(3, device='cuda:0')	-1.114160587641401
248583.9050166876	1000.0	200.0	587.8423125778119	0	0.0	2783.9050166876114	1	0	tensor(3, device='cuda:0')	-2.4613854308034835
249633.69087845628	1000.0	505.4713297187122	355.257191487373	0	0.0	3139.1622081749956	1	0	tensor(3, device='cuda:0')	-1.1341750287662105
251193.6139284263	1000.0	243.21292329826943	297.6646435495753	0	0.0	3436.8268517245597	1	0	tensor(3, device='cuda:0')	-0.8583104481028576
252620.75950456035	1000.0	268.1817051698332	452.1282864318928	0	0.0	888.9412097301683	1	0	tensor(6, device='cuda:0')	-10.522880645810138
254153.5613424813	1000.0	310.20817983891465	574.8283125900308	0	0.0	1463.7695223202172	1	0	tensor(3, device='cuda:0')	-2.276688185101986
255315.88102515778	1000.0	385.34136018455587	237.45286302211395	0	0.0	1701.2223853423202	1	0	tensor(3, device='cuda:0')	-0.26446617055542476
256252.30040370033	1000.0	598.0275018855128	149.1055202435382	0	0.0	1850.3279055858438	1	0	tensor(3, device='cuda:0')	0.2571311058552286
257127.74098325914	1000.0	722.5869223267124	0.0	0	0.0	1850.327905585873	1	0	tensor(3, device='cuda:0')	1.151764227316456
257761.30934294916	1000.0	1089.0185626367042	0.0	0	0.0	1850.327905585873	1	0	tensor(3, device='cuda:0')	1.151764227316456
258877.60466943588	1000.0	972.7232361499543	0.0	0	0.0	1850.327905585873	1	0	tensor(3, device='cuda:0')	1.151764227316456
259863.83730258144	1000.0	986.490603004411	0.0	0	0.0	1850.3279055858438	1	0	tensor(3, device='cuda:0')	1.1517642273164577
260596.57085303313	1000.0	1253.7570525526974	0.0	0	0.0	1850.3279055858438	1	0	tensor(3, device='cuda:0')	1.1517642273164577
261456.20094582625	1000.0	1394.1269597595979	0.0	0	0.0	1850.3279055858438	1	0	tensor(3, device='cuda:0')	1.1517642273164577
262200.0	1000.0	1650.3279055858488	0.0	0	65.1304209564405	1850.3279055858438	1	0	tensor(3, device='cuda:0')	1.1517642273164577
263200.0	1000.0	1650.3279055858734	0.0	0	177.8690657110419	1850.327905585873	1	0	tensor(3, device='cuda:0')	1.1517642273164563
264623.1898318722	1000.0	1227.1380737137024	0.0	0	0.0	1850.327905585873	1	0	tensor(3, device='cuda:0')	1.151764227316456
265468.41616860084	1000.0	1381.9117369849876	0.0	0	0.0	1850.327905585873	1	0	tensor(3, device='cuda:0')	1.151764227316456
266200.0	1000.0	1650.3279055857995	0.0	0	25.11087386345025	1850.3279055858147	1	0	tensor(3, device='cuda:0')	1.1517642273164594
267267.3503383808	1000.0	1582.977567205025	0.0	0	0.0	1850.3279055858147	1	0	tensor(3, device='cuda:0')	1.1517642273164594
268474.9369013192	1000.0	1375.3910042666294	0.0	0	0.0	1850.327905585873	1	0	tensor(3, device='cuda:0')	1.151764227316456
269638.7914711803	1000.0	1211.536434405532	0.0	0	0.0	1850.327905585873	1	0	tensor(3, device='cuda:0')	1.151764227316456
270548.25682996033	1000.0	1302.0710756254418	0.0	0	0.0	1850.3279055858147	1	0	tensor(3, device='cuda:0')	1.1517642273164594
271599.8651007032	1000.0	1250.4628048824918	0.0	0	0.0	1850.3279055858147	1	0	tensor(3, device='cuda:0')	1.1517642273164594
272349.1464864402	1000.0	1501.1814191454905	0.0	0	0.0	1850.3279055858147	1	0	tensor(3, device='cuda:0')	1.1517642273164594
273290.6475197466	1000.0	1559.6803858391017	0.0	0	0.0	1850.3279055858147	1	0	tensor(3, device='cuda:0')	1.1517642273164594
274200.0	1000.0	1650.3279055856922	0.0	0	44.822188368067145	1850.3279055858147	1	0	tensor(3, device='cuda:0')	1.1517642273164594
275200.0	1000.0	1650.3279055856485	0.0	0	249.50202038767748	1850.3279055858147	1	0	tensor(3, device='cuda:0')	1.1517642273164594
276200.0	1000.0	1650.3279055856483	0.0	0	226.9192869810504	1850.327905585873	1	0	tensor(3, device='cuda:0')	1.151764227316456
277200.0	1000.0	1650.32790558567	0.0	0	166.2090527128894	1850.3279055859311	1	0	tensor(3, device='cuda:0')	1.1517642273164523
278271.3445401466	1000.0	1578.9833654389847	0.0	0	0.0	1850.3279055859311	1	0	tensor(3, device='cuda:0')	1.1517642273164523
279796.3719661276	1000.0	1053.9559394579746	0.0	0	0.0	1850.3279055859311	1	0	tensor(3, device='cuda:0')	1.1517642273164523
281314.9011445936	1000.0	535.4267609919357	0.0	0	0.0	1850.3279055859311	1	0	tensor(3, device='cuda:0')	1.1517642273164523
282807.95557892235	1000.0	246.57203010284002	204.19970343970613	0	0.0	2054.5276090252446	1	0	tensor(3, device='cuda:0')	-0.08723516413052124
283778.80117438623	1000.0	523.4233815812754	247.6969469422797	0	0.0	2302.2245559675503	1	0	tensor(3, device='cuda:0')	-0.3690362001712871
284700.3454788662	1000.0	601.879077101284	0.0	0	0.0	2302.2245559675503	1	0	tensor(3, device='cuda:0')	1.117145481482391
285511.9052637078	1000.0	790.3192922596982	0.0	0	0.0	2302.2245559675503	1	0	tensor(3, device='cuda:0')	1.117145481482391
286541.15749223746	1000.0	761.0670637300766	0.0	0	0.0	2302.2245559676085	1	0	tensor(3, device='cuda:0')	1.1171454814823853
287519.6387504765	1000.0	782.5858054910536	0.0	0	0.0	2302.2245559676085	1	0	tensor(3, device='cuda:0')	1.1171454814823853
288206.67086084746	1000.0	1095.5536951201088	0.0	0	0.0	2302.2245559676085	1	0	tensor(3, device='cuda:0')	1.1171454814823853
289195.0482528378	1000.0	1107.1763031297617	0.0	0	0.0	2302.2245559676085	1	0	tensor(3, device='cuda:0')	1.1171454814823853
289922.39473496354	1000.0	1379.8298210039966	0.0	0	0.0	2302.2245559676667	1	0	tensor(3, device='cuda:0')	1.1171454814823798
290471.6498215229	1000.0	1830.5747344446718	0.0	0	0.0	2302.2245559676667	1	0	tensor(3, device='cuda:0')	1.1171454814823798
291238.9293209632	1000.0	2063.295235004315	0.0	0	0.0	2302.2245559676667	1	0	tensor(3, device='cuda:0')	1.1171454814823798
292200.0	1000.0	2102.2245559674475	0.0	0	257.74801254231716	2302.2245559676085	1	0	tensor(3, device='cuda:0')	1.1171454814823853
293200.0	1000.0	2102.2245559673734	0.0	0	279.9906764237676	2302.2245559676085	1	0	tensor(3, device='cuda:0')	1.1171454814823853
294200.0	1000.0	2102.224555967412	0.0	0	377.75503954594024	2302.2245559676667	1	0	tensor(3, device='cuda:0')	1.1171454814823798
295200.0	1000.0	2102.224555967397	0.0	0	289.65660953486804	2302.224555967725	1	0	tensor(3, device='cuda:0')	1.1171454814823745
296200.0	1000.0	2102.2245559674284	0.0	0	458.5357821141952	2302.224555967725	1	0	tensor(3, device='cuda:0')	1.1171454814823745
297209.4252720204	1000.0	2092.7992839470226	0.0	0	219.8582162677776	2302.224555967783	1	0	tensor(3, device='cuda:0')	1.117145481482369
299267.3488800215	1000.0	1034.8756759458763	0.0	0	0.0	2302.224555967783	1	0	tensor(3, device='cuda:0')	1.117145481482369
300687.8412371052	1000.0	614.3833188620906	0.0	0	0.0	2302.224555967725	1	0	tensor(3, device='cuda:0')	1.1171454814823745
301578.60532153316	1000.0	723.6192344341187	0.0	0	0.0	2302.224555967725	1	0	tensor(3, device='cuda:0')	1.1171454814823745
302343.0251045293	1000.0	959.1994514380432	0.0	0	0.0	2302.224555967725	1	0	tensor(3, device='cuda:0')	1.1171454814823745
303456.9040175295	1000.0	845.320538437863	0.0	0	0.0	2302.224555967725	1	0	tensor(3, device='cuda:0')	1.1171454814823745
304331.8143855528	1000.0	970.4101704145912	0.0	0	0.0	2302.224555967725	1	0	tensor(3, device='cuda:0')	1.1171454814823745
305424.36633214646	1000.0	877.8582238209575	0.0	0	0.0	2302.224555967725	1	0	tensor(3, device='cuda:0')	1.1171454814823745
306016.2194480738	1000.0	1286.0051078936176	0.0	0	0.0	2302.224555967783	1	0	tensor(3, device='cuda:0')	1.117145481482369
306646.48205047555	1000.0	1655.7425054918315	0.0	0	0.0	2302.2245559678413	1	0	tensor(3, device='cuda:0')	1.1171454814823634
307200.0	1000.0	2102.2245559673966	0.0	0	30.497806731786113	2302.2245559678413	1	0	tensor(3, device='cuda:0')	1.1171454814823634
308319.1747289331	1000.0	1983.0498270342905	0.0	0	0.0	2302.2245559678413	1	0	tensor(3, device='cuda:0')	1.1171454814823634
309589.2301402914	1000.0	1712.9944156760107	0.0	0	0.0	2302.2245559678413	1	0	tensor(3, device='cuda:0')	1.1171454814823634
310946.2451212989	1000.0	1355.9794346685226	0.0	0	0.0	2302.2245559678413	1	0	tensor(3, device='cuda:0')	1.1171454814823634
311914.6570390404	1000.0	1387.5675169269953	0.0	0	0.0	2302.2245559678413	1	0	tensor(3, device='cuda:0')	1.1171454814823634
313003.88884914806	1000.0	1298.3357068193231	0.0	0	0.0	2302.2245559678413	1	0	tensor(3, device='cuda:0')	1.1171454814823634
313976.38989443553	1000.0	1325.834661531806	0.0	0	0.0	2302.224555967783	1	0	tensor(3, device='cuda:0')	1.117145481482369
314597.2931535253	1000.0	1704.9314024420441	0.0	0	0.0	2302.224555967783	1	0	tensor(3, device='cuda:0')	1.117145481482369
315200.0	1000.0	2102.2245559673447	0.0	0	0.9757231004186906	2302.224555967783	1	0	tensor(3, device='cuda:0')	1.117145481482369
316200.0	1000.0	2102.2245559673943	0.0	0	281.73439725796925	2302.224555967783	1	0	tensor(3, device='cuda:0')	1.117145481482369
317200.0	1000.0	2102.224555967482	0.0	0	131.23664676072076	2302.224555967783	1	0	tensor(3, device='cuda:0')	1.117145481482369
318200.0	1000.0	2102.2245559674443	0.0	0	257.40113507397473	2302.224555967783	1	0	tensor(3, device='cuda:0')	1.117145481482369
319206.137461101	1000.0	2096.0870948664074	0.0	0	32.66675894398941	2302.224555967783	1	0	tensor(3, device='cuda:0')	1.117145481482369
321212.3624540369	1000.0	1089.862101930557	0.0	0	0.0	2302.224555967783	1	0	tensor(3, device='cuda:0')	1.117145481482369
322286.658141158	1000.0	1015.5664148094502	0.0	0	0.0	2302.224555967783	1	0	tensor(3, device='cuda:0')	1.117145481482369
0.95	1.12	1.24	1.15	1.24	1.03	1.14	1.73	1.34	0.614	0.765	1.11	0.799	1.11	0.753	0.521	0.938	1.49	1.85	1.32	1.24	1.49	1.36	1.02	1.22	1.41	1.89	1.22	1.39	1.49	1.44	1.2	1.29	1.15	1.09	0.973	1.39	1.47	1.59	1.16	1.75	1.24	1.16	1.23	1.15	1.17	1.01	0.973	1.42	1.29	1.24	1.29	1.53	1.38	0.614	1.03	1.25	1.27	1.11	1.18	1.08	1.2	1.23	1.47	0.927	1.18	1.07	0.765	1.09	1.42	1.16	0.915	0.927	0.996	0.961	0.869	0.799	0.683	0.776	0.892	0.996	0.996	0.973	0.88	0.799	1.34	1.49	1.48	1.6	2.09	2.26	1.91	1.52	1.52	1.44	1.63	0.776	0.822	0.66	0.637	0.591	0.591	0.66	0.927	1.38	1.9	2.25	1.83	1.33	0.915	1.32	1.85	1.81	1.56	1.37	1.01	1.01	0.985	1.1	0.95	0.904	0.753	0.927	1.49	1.87	1.64	1.27	0.672	0.487	0.869	0.695	0.394	0.487	0.405	0.753	0.857	0.799	1.01	0.73	0.741	1.07	1.23	1.68	1.24	1.48	1.04	1.1	1.04	1.15	1.63	1.74	0.904	1.16	1.64	1.45	0.996	0.788	0.336	0.301	0.568	1.02	0.602	0.776	0.95	1.05	0.452	0.741	0.927	1.45	1.89	1.37	0.718	0.985	1.53	1.54	0.985	0.961	0.88	0.985	0.73	1.09	1.12	1.25	1.02	0.973	0.765	0.452	0.498	1.04	1.12	1.51	1.24	0.73	0.892	1.16	1.45	0.834	1.05	1.67	1.47	1.59	1.61	1.37	1.4	1.03	1.03	0.765	0.811	0.73	1.23	0.904	1.18	1.08	1.1	0.811	0.869	1.19	1.29	1.09	1.07	1.25	0.649	0.834	1.02	1.4	1.3	1.19	1.39	1.25	1.26	0.591	1.15	0.822	0.521	0.649	0.591	0.683	0.475	0.232	0.521	0.649	0.904	0.521	0.684	0.938	0.822	0.927	0.834	0.637	1.15	1.14	1.56	1.62	0.788	0.799	1.41	1.54	1.59	0.718	1.07	1.3	1.08	0.776	1.05	1.17	1.05	1.34	1.32	1.4	1.96	1.48	1.22	1.2	0.869	0.846	0.961	0.73	0.961	1.27	1.1	1.05	1.25	1.12	1.47	1.24	1.67	1.46	1.39	1.59	1.77	2.02	1.59	0.683	0.521	0.602	1.04	1.47	1.23	1.27	0.938	1.36	1.93	1.19	1.03	0.927	0.973	1.03	0.869	1.4	1.68	1.69	1.48	1.2	1.07	0.579	0.394	0.811	1.27	0.973
367.0	368.0	369.0	370.0	371.0	372.0	373.0	374.0	375.0	376.0	377.0	378.0	379.0	380.0	381.0	382.0	383.0	384.0	385.0	386.0	387.0	388.0	389.0	390.0	391.0	392.0	393.0	394.0	395.0	396.0	397.0	398.0	399.0	400.0	401.0	402.0	403.0	404.0	405.0	406.0	407.0	408.0	409.0	410.0	411.0	412.0	413.0	414.0	415.0	416.0	417.0	418.0	419.0	420.0	421.0	422.0	423.0	424.0	425.0	426.0	427.0	428.0	429.0	430.0	431.0	432.0	433.0	434.0	435.0	436.0	437.0	438.0	439.0	440.0	441.0	442.0	443.0	444.0	445.0	446.0	447.0	448.0	449.0	450.0	451.0	452.0	453.0	454.0	455.0	456.0	457.0	458.0	459.0	460.0	461.0	462.0	463.0	464.0	465.0	466.0	467.0	468.0	469.0	470.0	471.0	472.0	473.0	474.0	475.0	476.0	477.0	478.0	479.0	480.0	481.0	482.0	483.0	484.0	485.0	486.0	487.0	488.0	489.0	490.0	491.0	492.0	493.0	494.0	495.0	496.0	497.0	498.0	499.0	500.0	501.0	502.0	503.0	504.0	505.0	506.0	507.0	508.0	509.0	510.0	511.0	512.0	513.0	514.0	515.0	516.0	517.0	518.0	519.0	520.0	521.0	522.0	523.0	524.0	525.0	526.0	527.0	528.0	529.0	530.0	531.0	532.0	533.0	534.0	535.0	536.0	537.0	538.0	539.0	540.0	541.0	542.0	543.0	544.0	545.0	546.0	547.0	548.0	549.0	550.0	551.0	552.0	553.0	554.0	555.0	556.0	557.0	558.0	559.0	560.0	561.0	562.0	563.0	564.0	565.0	566.0	567.0	568.0	569.0	570.0	571.0	572.0	573.0	574.0	575.0	576.0	577.0	578.0	579.0	580.0	581.0	582.0	583.0	584.0	585.0	586.0	587.0	588.0	589.0	590.0	591.0	592.0	593.0	594.0	595.0	596.0	597.0	598.0	599.0	600.0	601.0	602.0	603.0	604.0	605.0	606.0	607.0	608.0	609.0	610.0	611.0	612.0	613.0	614.0	615.0	616.0	617.0	618.0	619.0	620.0	621.0	622.0	623.0	624.0	625.0	626.0	627.0	628.0	629.0	630.0	631.0	632.0	633.0	634.0	635.0	636.0	637.0	638.0	639.0	640.0	641.0	642.0	643.0	644.0	645.0	646.0	647.0	648.0	649.0	650.0	651.0	652.0	653.0	654.0	655.0	656.0	657.0	658.0	659.0	660.0	661.0	662.0	663.0	664.0	665.0	666.0	667.0	668.0	669.0	670.0	671.0	672.0	673.0	674.0	675.0	676.0	677.0	678.0	679.0	680.0	681.0	682.0	683.0	684.0	685.0
4644.0
