8209.36473508911	1000.0	2000.0	239.84114212758175	0	0.0	5209.36473508911	1	0	tensor(6, device='cuda:0')	-11.633239510301756
8654.272103289637	3000.0	2510.601894979417	0.0	0	0.0	5164.873998269054	1	0	tensor(4, device='cuda:0')	-0.2947769176036688
9079.563964765939	3000.0	3042.7808473554837	0.0	0	0.0	5122.344812121422	1	0	tensor(4, device='cuda:0')	1.0427346438083278
10385.208186400685	6000.0	2737.136625720738	0.0	0	0.0	5122.344812121424	1	0	tensor(3, device='cuda:0')	0.9378199171332116
10961.078994360314	6000.0	3161.2658177611092	0.0	0	0.0	5122.344812121425	1	0	tensor(3, device='cuda:0')	1.8309670976931556
11765.765511305284	6000.0	3356.579300816138	0.0	0	0.0	5122.344812121425	1	0	tensor(3, device='cuda:0')	1.8309670976931551
12557.017985984026	6000.0	3565.3268261373955	0.0	0	0.0	5122.344812121425	1	0	tensor(3, device='cuda:0')	1.830967097693156
13267.89050083095	6000.0	3854.4543112904726	0.0	0	0.0	5122.344812121426	1	0	tensor(3, device='cuda:0')	1.8309670976931551
14187.674664874523	6000.0	3934.6701472469	0.0	0	0.0	5122.344812121426	1	0	tensor(3, device='cuda:0')	1.8309670976931547
15343.662883726669	6000.0	3778.681928394755	0.0	0	0.0	5122.344812121428	1	0	tensor(3, device='cuda:0')	1.830967097693153
16574.995123466273	6000.0	3547.349688655152	0.0	0	0.0	5122.344812121428	1	0	tensor(3, device='cuda:0')	1.830967097693153
17711.642833375805	6000.0	3410.7019787456165	0.0	0	0.0	5122.344812121424	1	0	tensor(3, device='cuda:0')	1.8309670976931542
18471.129697869575	6000.0	3651.2151142518474	0.0	0	0.0	5122.344812121426	1	0	tensor(3, device='cuda:0')	1.830967097693156
19372.717804658798	6000.0	3749.627007462624	0.0	0	0.0	5122.344812121426	1	0	tensor(3, device='cuda:0')	1.8309670976931547
19931.501893941175	6000.0	4190.842918180248	0.0	0	0.0	5122.344812121426	1	0	tensor(3, device='cuda:0')	1.8309670976931554
20733.689084991023	6000.0	4388.655727130402	0.0	0	0.0	5122.344812121426	1	0	tensor(3, device='cuda:0')	1.8309670976931551
22478.252156279104	6000.0	3644.09265584232	0.0	0	0.0	5122.344812121428	1	0	tensor(3, device='cuda:0')	1.830967097693153
23419.259618839194	6000.0	3703.0851932822256	0.0	0	0.0	5122.344812121428	1	0	tensor(3, device='cuda:0')	1.830967097693153
24490.383577037803	6000.0	3631.9612350836155	0.0	0	0.0	5122.344812121428	1	0	tensor(3, device='cuda:0')	1.830967097693153
25577.72772044669	6000.0	3544.6170916747265	0.0	0	0.0	5122.344812121424	1	0	tensor(3, device='cuda:0')	1.830967097693156
27043.143433238274	6000.0	3079.201378883139	0.0	0	0.0	5122.344812121424	1	0	tensor(3, device='cuda:0')	1.830967097693156
27849.191599188212	6000.0	3273.1532129332013	0.0	0	0.0	5122.344812121424	1	0	tensor(3, device='cuda:0')	1.830967097693156
28656.724095757534	6000.0	3465.6207163638755	0.0	0	0.0	5122.344812121421	1	0	tensor(3, device='cuda:0')	1.8309670976931591
29468.736383812677	6000.0	3653.608428308732	0.0	0	0.0	5122.344812121421	1	0	tensor(3, device='cuda:0')	1.8309670976931591
30620.997546844406	6000.0	3501.347265276999	0.0	0	0.0	5122.344812121421	1	0	tensor(3, device='cuda:0')	1.8309670976931591
31337.079477877935	6000.0	3785.265334243471	0.0	0	0.0	5122.344812121421	1	0	tensor(3, device='cuda:0')	1.8309670976931591
32502.23119528457	6000.0	3620.1136168368325	0.0	0	0.0	5122.344812121417	1	0	tensor(3, device='cuda:0')	1.8309670976931618
33585.79998373317	6000.0	3536.5448283882342	0.0	0	0.0	5122.344812121424	1	0	tensor(3, device='cuda:0')	1.8309670976931578
34533.331920616656	6000.0	3589.0128915047585	0.0	0	0.0	5122.344812121435	1	0	tensor(3, device='cuda:0')	1.8309670976931507
35269.176934188945	6000.0	3853.167877932468	0.0	0	0.0	5122.3448121214315	1	0	tensor(3, device='cuda:0')	1.8309670976931471
35901.86500126812	6000.0	4220.479810853296	0.0	0	0.0	5122.3448121214315	1	0	tensor(3, device='cuda:0')	1.8309670976931525
36481.259671014785	6000.0	4641.085141106628	0.0	0	0.0	5122.344812121428	1	0	tensor(3, device='cuda:0')	1.8309670976931502
37464.19004436759	6000.0	4658.154767753818	0.0	0	0.0	5122.344812121424	1	0	tensor(3, device='cuda:0')	1.8309670976931547
38538.235426983956	6000.0	4584.109385137454	0.0	0	0.0	5122.344812121424	1	0	tensor(3, device='cuda:0')	1.830967097693156
39725.64804944626	6000.0	4396.696762675155	0.0	0	0.0	5122.344812121424	1	0	tensor(3, device='cuda:0')	1.830967097693156
40754.180134094226	6000.0	4368.164678027184	0.0	0	0.0	5122.344812121417	1	0	tensor(3, device='cuda:0')	1.8309670976931618
41768.33672170548	6000.0	4354.00809041593	0.0	0	0.0	5122.344812121417	1	0	tensor(3, device='cuda:0')	1.8309670976931618
43001.35740118588	6000.0	4120.987410935531	0.0	0	0.0	5122.344812121417	1	0	tensor(3, device='cuda:0')	1.8309670976931618
43561.58102321413	6000.0	4560.763788907279	0.0	0	0.0	5122.34481212141	1	0	tensor(3, device='cuda:0')	1.8309670976931685
44537.31458363327	6000.0	4585.03022848814	0.0	0	0.0	5122.34481212141	1	0	tensor(3, device='cuda:0')	1.8309670976931685
45429.350127553065	6000.0	4692.994684568344	0.0	0	0.0	5122.34481212141	1	0	tensor(3, device='cuda:0')	1.8309670976931685
46944.39936080843	6000.0	4177.94545131298	0.0	0	0.0	5122.34481212141	1	0	tensor(3, device='cuda:0')	1.8309670976931685
47605.6714483907	6000.0	4516.673363730712	0.0	0	0.0	5122.344812121417	1	0	tensor(3, device='cuda:0')	1.8309670976931618
48304.60408229977	6000.0	4817.740729821638	0.0	0	0.0	5122.344812121417	1	0	tensor(3, device='cuda:0')	1.8309670976931618
49200.0	6000.0	4922.3448121214005	0.0	0	192.39681673989253	5122.344812121417	1	0	tensor(3, device='cuda:0')	1.8309670976931618
50372.098671469306	6000.0	4750.246140652088	0.0	0	0.0	5122.344812121417	1	0	tensor(3, device='cuda:0')	1.8309670976931618
51471.693301141495	6000.0	4650.651510979906	0.0	0	0.0	5122.344812121417	1	0	tensor(3, device='cuda:0')	1.8309670976931618
52220.564978984	6000.0	4901.779833137398	0.0	0	0.0	5122.34481212141	1	0	tensor(3, device='cuda:0')	1.8309670976931685
53328.75000858789	6000.0	4793.594803533505	0.0	0	0.0	5122.34481212141	1	0	tensor(3, device='cuda:0')	1.8309670976931685
54571.506531989544	6000.0	4550.838280131858	0.0	0	0.0	5122.34481212141	1	0	tensor(3, device='cuda:0')	1.8309670976931685
55632.01821507905	6000.0	4490.32659704235	0.0	0	0.0	5122.34481212141	1	0	tensor(3, device='cuda:0')	1.8309670976931685
56404.63767100904	6000.0	4717.707141112358	0.0	0	0.0	5122.34481212141	1	0	tensor(3, device='cuda:0')	1.8309670976931685
57528.56475024955	6000.0	4593.780061871857	0.0	0	0.0	5122.34481212141	1	0	tensor(3, device='cuda:0')	1.8309670976931685
58590.51304866157	6000.0	4531.83176345985	0.0	0	0.0	5122.34481212141	1	0	tensor(3, device='cuda:0')	1.8309670976931685
59568.81952114029	6000.0	4553.525290981121	0.0	0	0.0	5122.34481212141	1	0	tensor(3, device='cuda:0')	1.8309670976931685
60406.83638429433	6000.0	4715.50842782708	0.0	0	0.0	5122.34481212141	1	0	tensor(3, device='cuda:0')	1.8309670976931685
61200.0	6000.0	4922.344812121416	0.0	0	185.71177209473535	5122.34481212141	1	0	tensor(3, device='cuda:0')	1.8309670976931685
62525.90865291854	6000.0	4596.436159202875	0.0	0	0.0	5122.34481212141	1	0	tensor(3, device='cuda:0')	1.8309670976931685
63951.96034706134	6000.0	4170.384465060073	0.0	0	0.0	5122.344812121402	1	0	tensor(3, device='cuda:0')	1.8309670976931747
65138.00198549131	6000.0	3984.342826630099	0.0	0	0.0	5122.344812121402	1	0	tensor(3, device='cuda:0')	1.8309670976931747
66226.13337323832	6000.0	3896.211438883091	0.0	0	0.0	5122.344812121402	1	0	tensor(3, device='cuda:0')	1.8309670976931745
67322.54661236121	6000.0	3799.79819976021	0.0	0	0.0	5122.34481212141	1	0	tensor(3, device='cuda:0')	1.830967097693172
68323.58394043734	6000.0	3798.760871684084	0.0	0	0.0	5122.34481212141	1	0	tensor(3, device='cuda:0')	1.8309670976931685
69442.72694182297	6000.0	3679.6178702984653	0.0	0	0.0	5122.344812121424	1	0	tensor(3, device='cuda:0')	1.830967097693156
70674.57448642605	6000.0	3447.770325695386	0.0	0	0.0	5122.344812121417	1	0	tensor(3, device='cuda:0')	1.8309670976931582
71298.13577122854	6000.0	3824.2090408928825	0.0	0	0.0	5122.344812121417	1	0	tensor(3, device='cuda:0')	1.8309670976931618
71916.08657786695	6000.0	4206.258234254486	0.0	0	0.0	5122.344812121417	1	0	tensor(3, device='cuda:0')	1.8309670976931618
72688.41587670255	6000.0	4433.928935418898	0.0	0	0.0	5122.344812121417	1	0	tensor(3, device='cuda:0')	1.8309670976931618
74059.12286394736	6000.0	4063.221948174082	0.0	0	0.0	5122.344812121417	1	0	tensor(3, device='cuda:0')	1.8309670976931618
75895.58889257984	6000.0	3226.755919541615	0.0	0	0.0	5122.344812121417	1	0	tensor(3, device='cuda:0')	1.8309670976931618
76700.9795771944	6000.0	3421.3652349270396	0.0	0	0.0	5122.344812121417	1	0	tensor(3, device='cuda:0')	1.8309670976931618
77439.29942122099	6000.0	3683.0453909004495	0.0	0	0.0	5122.344812121417	1	0	tensor(3, device='cuda:0')	1.8309670976931618
78110.44673062651	6000.0	4011.8980814949277	0.0	0	0.0	5122.3448121214315	1	0	tensor(3, device='cuda:0')	1.8309670976931502
78784.34978982489	6000.0	4337.995022296566	0.0	0	0.0	5122.344812121446	1	0	tensor(3, device='cuda:0')	1.8309670976931383
79576.46273359309	6000.0	4545.882078528379	0.0	0	0.0	5122.344812121446	1	0	tensor(3, device='cuda:0')	1.8309670976931383
81004.76637876182	6000.0	4117.578433359635	0.0	0	0.0	5122.344812121446	1	0	tensor(3, device='cuda:0')	1.8309670976931383
82273.0183329601	6000.0	3849.326479161353	0.0	0	0.0	5122.344812121446	1	0	tensor(3, device='cuda:0')	1.8309670976931383
83323.36347289111	6000.0	3798.9813392303345	0.0	0	0.0	5122.344812121446	1	0	tensor(3, device='cuda:0')	1.8309670976931383
84514.3111095385	6000.0	3608.033702582948	0.0	0	0.0	5122.344812121446	1	0	tensor(3, device='cuda:0')	1.8309670976931383
85383.70498054338	6000.0	3738.639831578063	0.0	0	0.0	5122.344812121446	1	0	tensor(3, device='cuda:0')	1.8309670976931383
85996.82769883508	6000.0	4125.51711328636	0.0	0	0.0	5122.344812121446	1	0	tensor(3, device='cuda:0')	1.8309670976931383
86715.3211293234	6000.0	4407.023682798053	0.0	0	0.0	5122.344812121446	1	0	tensor(3, device='cuda:0')	1.8309670976931383
87641.33237081172	6000.0	4481.012441309744	0.0	0	0.0	5122.344812121446	1	0	tensor(3, device='cuda:0')	1.8309670976931383
88524.05015509042	6000.0	4598.294657031048	0.0	0	0.0	5122.344812121446	1	0	tensor(3, device='cuda:0')	1.8309670976931383
89339.98888729539	6000.0	4782.3559248260635	0.0	0	0.0	5122.344812121446	1	0	tensor(3, device='cuda:0')	1.8309670976931383
90205.70307462229	6000.0	4916.641737499168	0.0	0	0.0	5122.344812121446	1	0	tensor(3, device='cuda:0')	1.8309670976931383
91378.36443619839	6000.0	4743.980375923071	0.0	0	0.0	5122.344812121461	1	0	tensor(3, device='cuda:0')	1.8309670976931258
92448.41304584182	6000.0	4673.931766279662	0.0	0	0.0	5122.344812121461	1	0	tensor(3, device='cuda:0')	1.8309670976931258
93204.36005225168	6000.0	4917.98475986982	0.0	0	0.0	5122.344812121475	1	0	tensor(3, device='cuda:0')	1.8309670976931143
94200.0	6000.0	4922.344812121509	0.0	0	20.254611900396412	5122.34481212149	1	0	tensor(3, device='cuda:0')	1.8309670976931014
95383.99960882482	6000.0	4738.345203296689	0.0	0	0.0	5122.34481212149	1	0	tensor(3, device='cuda:0')	1.8309670976931014
96200.0	6000.0	4922.344812121514	0.0	0	26.733070455069537	5122.344812121475	1	0	tensor(3, device='cuda:0')	1.8309670976931143
97350.55955235814	6000.0	4771.785259763378	0.0	0	0.0	5122.344812121475	1	0	tensor(3, device='cuda:0')	1.8309670976931143
98203.8510354718	6000.0	4918.493776649729	0.0	0	0.0	5122.344812121475	1	0	tensor(3, device='cuda:0')	1.8309670976931143
99264.62731965753	6000.0	4857.717492464014	0.0	0	0.0	5122.344812121475	1	0	tensor(3, device='cuda:0')	1.8309670976931143
100200.0	6000.0	4922.344812121557	0.0	0	188.77434447125415	5122.344812121461	1	0	tensor(3, device='cuda:0')	1.8309670976931258
101200.0	6000.0	4922.344812121573	0.0	0	327.0816392709239	5122.344812121475	1	0	tensor(3, device='cuda:0')	1.8309670976931143
102200.0	6000.0	4922.3448121215915	0.0	0	275.10162920082803	5122.344812121475	1	0	tensor(3, device='cuda:0')	1.8309670976931143
103200.0	6000.0	4922.34481212158	0.0	0	255.20006234299217	5122.344812121475	1	0	tensor(3, device='cuda:0')	1.8309670976931143
104200.0	6000.0	4922.344812121567	0.0	0	245.54304399674584	5122.344812121475	1	0	tensor(3, device='cuda:0')	1.8309670976931143
105200.0	6000.0	4922.344812121566	0.0	0	103.54831012846262	5122.34481212149	1	0	tensor(3, device='cuda:0')	1.8309670976931014
106200.0	6000.0	4922.344812121571	0.0	0	64.69961897138273	5122.344812121504	1	0	tensor(3, device='cuda:0')	1.8309670976930899
107413.71603521473	6000.0	4708.628776906848	0.0	0	0.0	5122.344812121504	1	0	tensor(3, device='cuda:0')	1.8309670976930899
108411.9245845604	6000.0	4710.420227561179	0.0	0	0.0	5122.344812121504	1	0	tensor(3, device='cuda:0')	1.8309670976930899
109200.0	6000.0	4922.344812121571	0.0	0	188.36389677991974	5122.34481212149	1	0	tensor(3, device='cuda:0')	1.8309670976931014
110486.70512224275	6000.0	4635.639689878812	0.0	0	0.0	5122.34481212149	1	0	tensor(3, device='cuda:0')	1.8309670976931014
111200.0	6000.0	4922.34481212156	0.0	0	7.94723276446166	5122.344812121475	1	0	tensor(3, device='cuda:0')	1.8309670976931143
112200.0	6000.0	4922.344812121567	0.0	0	62.584302276256494	5122.344812121475	1	0	tensor(3, device='cuda:0')	1.8309670976931143
113200.0	6000.0	4922.344812121573	0.0	0	240.89503562553728	5122.344812121475	1	0	tensor(3, device='cuda:0')	1.8309670976931143
114200.0	6000.0	4922.344812121587	0.0	0	208.99732528503228	5122.344812121461	1	0	tensor(3, device='cuda:0')	1.8309670976931258
115200.0	6000.0	4922.344812121588	0.0	0	15.187035629132879	5122.344812121461	1	0	tensor(3, device='cuda:0')	1.8309670976931258
116200.0	6000.0	4922.344812121571	0.0	0	94.74820245390583	5122.344812121461	1	0	tensor(3, device='cuda:0')	1.8309670976931258
117200.0	6000.0	4922.344812121552	0.0	0	124.36852904727857	5122.344812121446	1	0	tensor(3, device='cuda:0')	1.8309670976931383
118200.0	6000.0	4922.344812121558	0.0	0	259.59046464331914	5122.344812121446	1	0	tensor(3, device='cuda:0')	1.8309670976931383
119200.0	6000.0	4922.344812121561	0.0	0	40.01859461089771	5122.344812121461	1	0	tensor(3, device='cuda:0')	1.8309670976931258
120200.0	6000.0	4922.344812121576	0.0	0	315.09649964900746	5122.344812121461	1	0	tensor(3, device='cuda:0')	1.8309670976931258
121200.0	6000.0	4922.344812121561	0.0	0	185.13903250503063	5122.344812121461	1	0	tensor(3, device='cuda:0')	1.8309670976931258
122200.0	6000.0	4922.344812121574	0.0	0	406.52445036337303	5122.344812121461	1	0	tensor(3, device='cuda:0')	1.8309670976931258
123200.0	6000.0	4922.344812121581	0.0	0	118.66724445630098	5122.344812121461	1	0	tensor(3, device='cuda:0')	1.8309670976931258
124200.0	6000.0	4922.344812121587	0.0	0	401.6755266677501	5122.344812121475	1	0	tensor(3, device='cuda:0')	1.8309670976931143
125467.07110182599	6000.0	4655.273710295588	0.0	0	0.0	5122.344812121475	1	0	tensor(3, device='cuda:0')	1.8309670976931143
126334.36408513927	6000.0	4787.980726982296	0.0	0	0.0	5122.344812121475	1	0	tensor(3, device='cuda:0')	1.8309670976931143
127200.0	6000.0	4922.344812121584	0.0	0	173.89389221505553	5122.344812121475	1	0	tensor(3, device='cuda:0')	1.8309670976931143
128200.0	6000.0	4922.3448121215815	0.0	0	11.724988683738047	5122.344812121475	1	0	tensor(3, device='cuda:0')	1.8309670976931143
129251.50803908108	6000.0	4870.836773040505	0.0	0	0.0	5122.344812121475	1	0	tensor(3, device='cuda:0')	1.8309670976931143
130200.0	6000.0	4922.34481212159	0.0	0	323.73933819118247	5122.344812121475	1	0	tensor(3, device='cuda:0')	1.8309670976931143
131200.0	6000.0	4922.344812121602	0.0	0	96.37332283565775	5122.344812121475	1	0	tensor(3, device='cuda:0')	1.8309670976931143
132223.56306293939	6000.0	4898.781749182243	0.0	0	0.0	5122.34481212149	1	0	tensor(3, device='cuda:0')	1.8309670976931065
133257.42189443146	6000.0	4864.922917690158	0.0	0	0.0	5122.344812121475	1	0	tensor(3, device='cuda:0')	1.8309670976931143
134569.2145211938	6000.0	4553.130290927812	0.0	0	0.0	5122.344812121461	1	0	tensor(3, device='cuda:0')	1.8309670976931138
135594.11139492306	6000.0	4528.233417198549	0.0	0	0.0	5122.344812121461	1	0	tensor(3, device='cuda:0')	1.8309670976931212
136544.99227577145	6000.0	4577.352536350168	0.0	0	0.0	5122.344812121475	1	0	tensor(3, device='cuda:0')	1.8309670976931143
137227.11200780858	6000.0	4895.232804312986	0.0	0	0.0	5122.344812121475	1	0	tensor(3, device='cuda:0')	1.8309670976931143
138203.244652172	6000.0	4919.100159949572	0.0	0	0.0	5122.344812121475	1	0	tensor(3, device='cuda:0')	1.8309670976931143
139200.0	6000.0	4922.344812121559	0.0	0	396.2437730394886	5122.344812121475	1	0	tensor(3, device='cuda:0')	1.8309670976931143
140200.0	6000.0	4922.344812121555	0.0	0	281.2203599506174	5122.344812121475	1	0	tensor(3, device='cuda:0')	1.8309670976931143
141200.0	6000.0	4922.3448121215615	0.0	0	305.81957212631823	5122.344812121504	1	0	tensor(3, device='cuda:0')	1.8309670976930899
142426.10483729353	6000.0	4696.239974828045	0.0	0	0.0	5122.344812121504	1	0	tensor(3, device='cuda:0')	1.8309670976930899
143865.64129361443	6000.0	4256.703518507147	0.0	0	0.0	5122.344812121504	1	0	tensor(3, device='cuda:0')	1.8309670976930899
145161.6994137622	6000.0	3960.645398359434	0.0	0	0.0	5122.344812121504	1	0	tensor(3, device='cuda:0')	1.8309670976930899
145975.28300390416	6000.0	4147.061808217442	0.0	0	0.0	5122.344812121504	1	0	tensor(3, device='cuda:0')	1.8309670976930899
147250.8252825882	6000.0	3871.5195295334133	0.0	0	0.0	5122.344812121504	1	0	tensor(3, device='cuda:0')	1.8309670976930899
148736.1612385283	6000.0	3386.1835735933146	0.0	0	0.0	5122.344812121504	1	0	tensor(3, device='cuda:0')	1.8309670976930899
150015.55850353293	6000.0	3106.786308588691	0.0	0	0.0	5122.344812121504	1	0	tensor(3, device='cuda:0')	1.8309670976930899
151547.10339551963	6000.0	2575.241416602007	0.0	0	0.0	5122.344812121504	1	0	tensor(3, device='cuda:0')	1.8309670976930899
152523.31615976823	6000.0	2599.0286523534096	0.0	0	0.0	5122.344812121504	1	0	tensor(3, device='cuda:0')	1.8309670976930899
153325.42381388057	6000.0	2796.9209982410794	0.0	0	0.0	5122.344812121504	1	0	tensor(3, device='cuda:0')	1.8309670976930899
154377.78155170823	6000.0	2744.563260413384	0.0	0	0.0	5122.344812121475	1	0	tensor(3, device='cuda:0')	1.8309670976930947
155809.9080415872	6000.0	2312.4367705344407	0.0	0	0.0	5122.344812121475	1	0	tensor(3, device='cuda:0')	1.8309670976931143
156288.85844659604	3000.0	2785.591325024704	0.0	0	0.0	5074.449771620595	1	0	tensor(4, device='cuda:0')	0.17870670262716334
157026.61392038836	6000.0	3047.835851232386	0.0	0	0.0	5074.449771620624	1	0	tensor(3, device='cuda:0')	0.9771621933791579
157544.07093704893	6000.0	3530.3788345718413	0.0	0	0.0	5074.449771620624	1	0	tensor(3, device='cuda:0')	1.870309373939103
157918.51471944086	6000.0	4155.935052179904	0.0	0	0.0	5074.449771620624	1	0	tensor(3, device='cuda:0')	1.870309373939103
158557.75937631613	6000.0	4516.690395304611	0.0	0	0.0	5074.449771620624	1	0	tensor(3, device='cuda:0')	1.870309373939103
159399.44052699202	6000.0	4675.009244628731	0.0	0	0.0	5074.449771620595	1	0	tensor(3, device='cuda:0')	1.8703093739391263
160205.39883513222	6000.0	4869.050936488561	0.0	0	0.0	5074.449771620595	1	0	tensor(3, device='cuda:0')	1.8703093739391263
161200.0	6000.0	4874.44977162079	0.0	0	60.70563242727076	5074.449771620566	1	0	tensor(3, device='cuda:0')	1.8703093739391499
162200.0	6000.0	4874.449771620786	0.0	0	257.7467775976402	5074.449771620595	1	0	tensor(3, device='cuda:0')	1.8703093739391263
163200.0	6000.0	4874.449771620762	0.0	0	415.5591647705296	5074.449771620595	1	0	tensor(3, device='cuda:0')	1.8703093739391263
164200.0	6000.0	4874.449771620759	0.0	0	63.98021836357657	5074.449771620595	1	0	tensor(3, device='cuda:0')	1.8703093739391263
165409.58509106323	6000.0	4664.864680557524	0.0	0	0.0	5074.449771620595	1	0	tensor(3, device='cuda:0')	1.8703093739391263
166354.40293408558	6000.0	4720.046837535184	0.0	0	0.0	5074.449771620595	1	0	tensor(3, device='cuda:0')	1.8703093739391263
167395.84766985683	6000.0	4678.602101763943	0.0	0	0.0	5074.449771620595	1	0	tensor(3, device='cuda:0')	1.8703093739391263
168351.88552740283	6000.0	4722.564244217941	0.0	0	0.0	5074.449771620595	1	0	tensor(3, device='cuda:0')	1.8703093739391263
169200.0	6000.0	4874.449771620733	0.0	0	100.18237405855325	5074.449771620595	1	0	tensor(3, device='cuda:0')	1.8703093739391263
170200.0	6000.0	4874.449771620753	0.0	0	183.64296095640748	5074.449771620595	1	0	tensor(3, device='cuda:0')	1.8703093739391263
171200.0	6000.0	4874.449771620733	0.0	0	343.4064623277518	5074.449771620595	1	0	tensor(3, device='cuda:0')	1.8703093739391263
172200.0	6000.0	4874.449771620734	0.0	0	199.980347387871	5074.449771620595	1	0	tensor(3, device='cuda:0')	1.8703093739391263
173200.0	6000.0	4874.449771620772	0.0	0	234.4561242844211	5074.449771620595	1	0	tensor(3, device='cuda:0')	1.8703093739391263
174200.0	6000.0	4874.449771620768	0.0	0	343.21723065918195	5074.449771620595	1	0	tensor(3, device='cuda:0')	1.8703093739391263
175200.0	6000.0	4874.449771620772	0.0	0	218.9480350690137	5074.449771620595	1	0	tensor(3, device='cuda:0')	1.8703093739391263
176200.0	6000.0	4874.449771620744	0.0	0	333.77140679527656	5074.449771620566	1	0	tensor(3, device='cuda:0')	1.8703093739391499
177200.0	6000.0	4874.449771620756	0.0	0	603.944360954396	5074.449771620566	1	0	tensor(3, device='cuda:0')	1.8703093739391499
178230.96421840918	6000.0	4843.485553211588	0.0	0	0.0	5074.449771620566	1	0	tensor(3, device='cuda:0')	1.8703093739391499
179200.0	6000.0	4874.4497716207425	0.0	0	118.15879522645264	5074.449771620566	1	0	tensor(3, device='cuda:0')	1.8703093739391499
180200.0	6000.0	4874.449771620734	0.0	0	419.82188846950885	5074.449771620566	1	0	tensor(3, device='cuda:0')	1.8703093739391499
181200.0	6000.0	4874.449771620749	0.0	0	312.90908898279304	5074.449771620595	1	0	tensor(3, device='cuda:0')	1.8703093739391263
182287.14704647328	6000.0	4787.3027251474605	0.0	0	0.0	5074.449771620595	1	0	tensor(3, device='cuda:0')	1.8703093739391263
183313.1453082965	6000.0	4761.3044633242325	0.0	0	0.0	5074.449771620566	1	0	tensor(3, device='cuda:0')	1.8703093739391499
184200.0	6000.0	4874.449771620709	0.0	0	53.99874827617896	5074.449771620566	1	0	tensor(3, device='cuda:0')	1.8703093739391499
185200.0	6000.0	4874.4497716207	0.0	0	471.0130417110049	5074.449771620566	1	0	tensor(3, device='cuda:0')	1.8703093739391499
186200.0	6000.0	4874.449771620713	0.0	0	589.827625749429	5074.449771620566	1	0	tensor(3, device='cuda:0')	1.8703093739391499
187200.0	6000.0	4874.449771620734	0.0	0	299.89919774755253	5074.449771620566	1	0	tensor(3, device='cuda:0')	1.8703093739391499
188200.0	6000.0	4874.44977162071	0.0	0	275.9070638147532	5074.449771620595	1	0	tensor(3, device='cuda:0')	1.8703093739391263
189200.0	6000.0	4874.4497716207115	0.0	0	52.02464989278815	5074.449771620595	1	0	tensor(3, device='cuda:0')	1.8703093739391263
190200.0	6000.0	4874.4497716207015	0.0	0	66.56361264715088	5074.449771620595	1	0	tensor(3, device='cuda:0')	1.8703093739391263
191200.0	6000.0	4874.449771620718	0.0	0	106.8202683540294	5074.449771620595	1	0	tensor(3, device='cuda:0')	1.8703093739391263
192200.0	6000.0	4874.449771620716	0.0	0	231.63508638486383	5074.449771620595	1	0	tensor(3, device='cuda:0')	1.8703093739391263
193200.0	6000.0	4874.449771620696	0.0	0	400.9042250344646	5074.449771620566	1	0	tensor(3, device='cuda:0')	1.8703093739391499
194200.0	6000.0	4874.44977162068	0.0	0	267.34752649453003	5074.449771620566	1	0	tensor(3, device='cuda:0')	1.8703093739391499
195200.0	6000.0	4874.449771620683	0.0	0	116.90730793355033	5074.449771620566	1	0	tensor(3, device='cuda:0')	1.8703093739391499
196200.0	6000.0	4874.449771620671	0.0	0	336.479168631864	5074.449771620566	1	0	tensor(3, device='cuda:0')	1.8703093739391499
197200.0	6000.0	4874.449771620663	0.0	0	451.04449712787755	5074.449771620566	1	0	tensor(3, device='cuda:0')	1.8703093739391499
198301.70659304346	6000.0	4772.743178577186	0.0	0	0.0	5074.449771620566	1	0	tensor(3, device='cuda:0')	1.8703093739391499
199588.48991898776	6000.0	4485.9598526328955	0.0	0	0.0	5074.449771620566	1	0	tensor(3, device='cuda:0')	1.8703093739391499
200382.16763640058	6000.0	4692.282135220055	0.0	0	0.0	5074.449771620566	1	0	tensor(3, device='cuda:0')	1.8703093739391499
201227.3383138177	6000.0	4847.111457802947	0.0	0	0.0	5074.449771620566	1	0	tensor(3, device='cuda:0')	1.8703093739391499
202200.0	6000.0	4874.449771620626	0.0	0	18.956479040178237	5074.449771620537	1	0	tensor(3, device='cuda:0')	1.8703093739391736
203200.0	6000.0	4874.449771620593	0.0	0	78.45205682137748	5074.449771620508	1	0	tensor(3, device='cuda:0')	1.8703093739391974
204200.0	6000.0	4874.44977162058	0.0	0	196.06948927001213	5074.449771620508	1	0	tensor(3, device='cuda:0')	1.8703093739391974
205501.38027780823	6000.0	4573.069493812333	0.0	0	0.0	5074.449771620508	1	0	tensor(3, device='cuda:0')	1.8703093739391974
206446.53598569924	6000.0	4627.913785921334	0.0	0	0.0	5074.449771620508	1	0	tensor(3, device='cuda:0')	1.8703093739391974
207200.0	6000.0	4874.449771620555	0.0	0	86.24336735965335	5074.449771620508	1	0	tensor(3, device='cuda:0')	1.8703093739391974
208397.53097350214	6000.0	4676.91879811837	0.0	0	0.0	5074.449771620479	1	0	tensor(3, device='cuda:0')	1.8703093739392207
209928.3051399773	6000.0	4146.1446316431775	0.0	0	0.0	5074.44977162045	1	0	tensor(3, device='cuda:0')	1.8703093739392447
210981.05996811434	6000.0	4093.3898035061475	0.0	0	0.0	5074.4497716204205	1	0	tensor(3, device='cuda:0')	1.8703093739392684
212200.12295544936	6000.0	3874.3268161710903	0.0	0	0.0	5074.4497716204205	1	0	tensor(3, device='cuda:0')	1.8703093739392684
213228.85408252417	6000.0	3845.595689096278	0.0	0	0.0	5074.4497716204205	1	0	tensor(3, device='cuda:0')	1.8703093739392684
213750.41636504812	6000.0	4324.03340657233	0.0	0	0.0	5074.4497716204205	1	0	tensor(3, device='cuda:0')	1.8703093739392684
214836.4839489717	6000.0	4237.96582264877	0.0	0	0.0	5074.44977162045	1	0	tensor(3, device='cuda:0')	1.8703093739392447
215482.6444127965	6000.0	4591.805358823961	0.0	0	0.0	5074.44977162045	1	0	tensor(3, device='cuda:0')	1.8703093739392447
216200.0	6000.0	4874.449771620482	0.0	0	12.360572962614242	5074.44977162045	1	0	tensor(3, device='cuda:0')	1.8703093739392447
217200.0	6000.0	4874.449771620481	0.0	0	292.9431889484986	5074.4497716204205	1	0	tensor(3, device='cuda:0')	1.8703093739392684
218200.0	6000.0	4874.4497716204705	0.0	0	25.401685700955568	5074.449771620391	1	0	tensor(3, device='cuda:0')	1.870309373939292
219200.0	6000.0	4874.449771620464	0.0	0	327.79899632561137	5074.449771620391	1	0	tensor(3, device='cuda:0')	1.870309373939292
220200.0	6000.0	4874.449771620436	0.0	0	175.6888815058337	5074.449771620391	1	0	tensor(3, device='cuda:0')	1.870309373939292
221292.87860899413	6000.0	4781.571162626306	0.0	0	0.0	5074.449771620391	1	0	tensor(3, device='cuda:0')	1.870309373939292
222200.0	6000.0	4874.449771620447	0.0	0	127.2216545456613	5074.449771620391	1	0	tensor(3, device='cuda:0')	1.870309373939292
223238.72362093983	6000.0	4835.726150680593	0.0	0	0.0	5074.449771620391	1	0	tensor(3, device='cuda:0')	1.870309373939292
224772.64162659546	6000.0	4301.80814502497	0.0	0	0.0	5074.449771620391	1	0	tensor(3, device='cuda:0')	1.870309373939292
225338.07644698376	6000.0	4736.37332463666	0.0	0	0.0	5074.449771620391	1	0	tensor(3, device='cuda:0')	1.870309373939292
226251.73358558002	6000.0	4822.7161860404	0.0	0	0.0	5074.4497716204205	1	0	tensor(3, device='cuda:0')	1.8703093739392684
227471.75403299037	6000.0	4602.6957386300655	0.0	0	0.0	5074.4497716204205	1	0	tensor(3, device='cuda:0')	1.8703093739392684
228823.59406603136	6000.0	4250.855705589032	0.0	0	0.0	5074.4497716204205	1	0	tensor(3, device='cuda:0')	1.8703093739392684
229650.37861096935	6000.0	4424.071160651059	0.0	0	0.0	5074.4497716204205	1	0	tensor(3, device='cuda:0')	1.8703093739392684
230319.76568442068	6000.0	4754.684087199726	0.0	0	0.0	5074.4497716204205	1	0	tensor(3, device='cuda:0')	1.8703093739392684
231200.0	6000.0	4874.449771620382	0.0	0	340.14166668150574	5074.4497716204205	1	0	tensor(3, device='cuda:0')	1.8703093739392684
232200.0	6000.0	4874.449771620399	0.0	0	245.4975827281014	5074.449771620391	1	0	tensor(3, device='cuda:0')	1.870309373939292
233366.76956779868	6000.0	4707.680203821723	0.0	0	0.0	5074.449771620391	1	0	tensor(3, device='cuda:0')	1.870309373939292
234395.32471547497	6000.0	4679.125056145443	0.0	0	0.0	5074.4497716204205	1	0	tensor(3, device='cuda:0')	1.8703093739392684
235263.06268592094	6000.0	4811.387085699507	0.0	0	0.0	5074.4497716204205	1	0	tensor(3, device='cuda:0')	1.8703093739392684
236200.0	6000.0	4874.449771620463	0.0	0	338.0242119607865	5074.449771620391	1	0	tensor(3, device='cuda:0')	1.870309373939292
237200.0	6000.0	4874.449771620456	0.0	0	273.6564150021586	5074.449771620391	1	0	tensor(3, device='cuda:0')	1.870309373939292
238200.0	6000.0	4874.449771620417	0.0	0	153.87798269922496	5074.449771620391	1	0	tensor(3, device='cuda:0')	1.870309373939292
239200.0	6000.0	4874.449771620454	0.0	0	497.4062122446776	5074.449771620391	1	0	tensor(3, device='cuda:0')	1.870309373939292
240200.0	6000.0	4874.449771620462	0.0	0	338.07220930221956	5074.449771620391	1	0	tensor(3, device='cuda:0')	1.870309373939292
241200.0	6000.0	4874.449771620444	0.0	0	266.7480659902503	5074.449771620362	1	0	tensor(3, device='cuda:0')	1.8703093739393153
242516.62446657254	6000.0	4557.825305047929	0.0	0	0.0	5074.449771620362	1	0	tensor(3, device='cuda:0')	1.8703093739393153
243428.6406297503	6000.0	4645.809141870199	0.0	0	0.0	5074.449771620362	1	0	tensor(3, device='cuda:0')	1.8703093739393153
244321.4558972861	6000.0	4752.993874334387	0.0	0	0.0	5074.449771620362	1	0	tensor(3, device='cuda:0')	1.8703093739393153
245259.00644307278	6000.0	4815.44332854769	0.0	0	0.0	5074.449771620362	1	0	tensor(3, device='cuda:0')	1.8703093739393153
246200.0	6000.0	4874.449771620482	0.0	0	265.60348603886086	5074.449771620391	1	0	tensor(3, device='cuda:0')	1.870309373939292
247264.1546791523	6000.0	4810.2950924681645	0.0	0	0.0	5074.449771620391	1	0	tensor(3, device='cuda:0')	1.870309373939292
248200.0	6000.0	4874.449771620468	0.0	0	59.57003237734898	5074.449771620391	1	0	tensor(3, device='cuda:0')	1.870309373939292
249200.0	6000.0	4874.449771620465	0.0	0	16.972713153867517	5074.449771620391	1	0	tensor(3, device='cuda:0')	1.870309373939292
250409.78548818064	6000.0	4664.664283439806	0.0	0	0.0	5074.449771620362	1	0	tensor(3, device='cuda:0')	1.8703093739393153
251798.7745510947	6000.0	4275.675220525698	0.0	0	0.0	5074.449771620362	1	0	tensor(3, device='cuda:0')	1.8703093739393153
253001.78621899057	6000.0	4072.6635526298537	0.0	0	0.0	5074.449771620391	1	0	tensor(3, device='cuda:0')	1.870309373939292
253626.2218617157	6000.0	4448.227909904742	0.0	0	0.0	5074.449771620391	1	0	tensor(3, device='cuda:0')	1.870309373939292
254413.04464757277	6000.0	4661.405124047662	0.0	0	0.0	5074.449771620391	1	0	tensor(3, device='cuda:0')	1.870309373939292
255346.46010113254	6000.0	4727.9896704878975	0.0	0	0.0	5074.449771620391	1	0	tensor(3, device='cuda:0')	1.870309373939292
256200.0	6000.0	4874.449771620427	0.0	0	213.04024866473628	5074.449771620362	1	0	tensor(3, device='cuda:0')	1.8703093739393153
257371.99764323968	6000.0	4702.4521283807635	0.0	0	0.0	5074.449771620362	1	0	tensor(3, device='cuda:0')	1.8703093739393153
258223.70343680662	6000.0	4850.746334813828	0.0	0	0.0	5074.449771620391	1	0	tensor(3, device='cuda:0')	1.870309373939292
259200.0	6000.0	4874.449771620428	0.0	0	85.45253475938807	5074.449771620391	1	0	tensor(3, device='cuda:0')	1.870309373939292
261028.45720288824	6000.0	4045.9925687321615	0.0	0	0.0	5074.449771620391	1	0	tensor(3, device='cuda:0')	1.870309373939292
262286.10686083976	6000.0	3788.3429107806646	0.0	0	0.0	5074.449771620391	1	0	tensor(3, device='cuda:0')	1.870309373939292
263446.72289224854	6000.0	3627.7268793718135	0.0	0	0.0	5074.449771620304	1	0	tensor(3, device='cuda:0')	1.870309373939339
264867.52460824425	6000.0	3206.925163376158	0.0	0	0.0	5074.449771620391	1	0	tensor(3, device='cuda:0')	1.8703093739393153
266080.7497049456	6000.0	2993.700066674764	0.0	0	0.0	5074.449771620333	1	0	tensor(3, device='cuda:0')	1.8703093739393202
267650.37692161126	6000.0	2424.072850009103	0.0	0	0.0	5074.449771620333	1	0	tensor(3, device='cuda:0')	1.8703093739393388
268604.9901599524	6000.0	2469.4596116679827	0.0	0	0.0	5074.449771620391	1	0	tensor(3, device='cuda:0')	1.870309373939292
269139.20865684736	3000.0	2881.819265083525	0.0	0	0.0	5021.027921930887	1	0	tensor(4, device='cuda:0')	0.21006537566961253
269735.1205952808	6000.0	3285.907326650056	0.0	0	0.0	5021.027921930945	1	0	tensor(3, device='cuda:0')	1.0200924118350545
270685.9860011937	6000.0	3335.041920737129	0.0	0	0.0	5021.027921930887	1	0	tensor(3, device='cuda:0')	1.9132395923950463
271890.89655239286	6000.0	3130.1313695379713	0.0	0	0.0	5021.027921930887	1	0	tensor(3, device='cuda:0')	1.9132395923950463
272942.8412859969	6000.0	3078.1866359339037	0.0	0	0.0	5021.027921930887	1	0	tensor(3, device='cuda:0')	1.9132395923950463
273673.04242266866	6000.0	3347.985499262104	0.0	0	0.0	5021.027921930887	1	0	tensor(3, device='cuda:0')	1.9132395923950463
274547.1413460209	6000.0	3473.886575909873	0.0	0	0.0	5021.027921930945	1	0	tensor(3, device='cuda:0')	1.9132395923949996
275468.1400917219	6000.0	3552.8878302089015	0.0	0	0.0	5021.027921930945	1	0	tensor(3, device='cuda:0')	1.9132395923949996
276164.2218760987	6000.0	3856.8060458320597	0.0	0	0.0	5021.027921930887	1	0	tensor(3, device='cuda:0')	1.9132395923950463
276960.2957931547	6000.0	4060.7321287760656	0.0	0	0.0	5021.027921930887	1	0	tensor(3, device='cuda:0')	1.9132395923950463
278259.12648954644	6000.0	3761.901432384254	0.0	0	0.0	5021.027921930887	1	0	tensor(3, device='cuda:0')	1.9132395923950463
279306.72557594784	6000.0	3714.302345982835	0.0	0	0.0	5021.027921930887	1	0	tensor(3, device='cuda:0')	1.9132395923950463
280292.9175930887	6000.0	3728.1103288419376	0.0	0	0.0	5021.027921930887	1	0	tensor(3, device='cuda:0')	1.9132395923950463
281059.6430969369	6000.0	3961.384824993693	0.0	0	0.0	5021.027921930887	1	0	tensor(3, device='cuda:0')	1.9132395923950463
282033.27681404946	6000.0	3987.7511078811212	0.0	0	0.0	5021.027921930887	1	0	tensor(3, device='cuda:0')	1.9132395923950463
282793.2874827653	6000.0	4227.740439165279	0.0	0	0.0	5021.027921930945	1	0	tensor(3, device='cuda:0')	1.9132395923949996
283825.05346710957	6000.0	4195.974454821085	0.0	0	0.0	5021.027921930945	1	0	tensor(3, device='cuda:0')	1.9132395923949996
284813.4633721544	6000.0	4207.564549776224	0.0	0	0.0	5021.027921930887	1	0	tensor(3, device='cuda:0')	1.9132395923950463
285801.10381010995	6000.0	4219.924111820663	0.0	0	0.0	5021.027921930887	1	0	tensor(3, device='cuda:0')	1.9132395923950463
287094.9477215669	6000.0	3926.0802003637223	0.0	0	0.0	5021.027921930887	1	0	tensor(3, device='cuda:0')	1.9132395923950463
287881.43960558856	6000.0	4139.588316342077	0.0	0	0.0	5021.027921930945	1	0	tensor(3, device='cuda:0')	1.9132395923949996
288487.0582482532	6000.0	4533.969673677377	0.0	0	0.0	5021.027921930945	1	0	tensor(3, device='cuda:0')	1.9132395923949996
289203.3001812025	6000.0	4817.727740728109	0.0	0	0.0	5021.027921930945	1	0	tensor(3, device='cuda:0')	1.9132395923949996
290200.0	6000.0	4821.02792193064	0.0	0	267.8184919349733	5021.027921930945	1	0	tensor(3, device='cuda:0')	1.9132395923949996
291200.0	6000.0	4821.027921930631	0.0	0	10.380622147989925	5021.027921930945	1	0	tensor(3, device='cuda:0')	1.9132395923949996
292200.0	6000.0	4821.027921930564	0.0	0	88.11822727503022	5021.027921930945	1	0	tensor(3, device='cuda:0')	1.9132395923949996
293312.3980630686	6000.0	4708.6298588618565	0.0	0	0.0	5021.027921930945	1	0	tensor(3, device='cuda:0')	1.9132395923949996
294363.1059656894	6000.0	4657.92195624108	0.0	0	0.0	5021.027921930945	1	0	tensor(3, device='cuda:0')	1.9132395923949996
295306.667695079	6000.0	4714.360226851464	0.0	0	0.0	5021.027921930945	1	0	tensor(3, device='cuda:0')	1.9132395923949996
296200.0	6000.0	4821.027921930447	0.0	0	131.9422257502447	5021.027921930945	1	0	tensor(3, device='cuda:0')	1.9132395923949996
297200.0	6000.0	4821.027921930435	0.0	0	157.4051512873848	5021.027921930887	1	0	tensor(3, device='cuda:0')	1.9132395923950463
298200.0	6000.0	4821.027921930487	0.0	0	142.1147745475755	5021.027921930945	1	0	tensor(3, device='cuda:0')	1.9132395923949996
299200.0	6000.0	4821.027921930496	0.0	0	407.3574380156351	5021.027921930945	1	0	tensor(3, device='cuda:0')	1.9132395923949996
300200.0	6000.0	4821.027921930448	0.0	0	284.78459270024905	5021.027921930945	1	0	tensor(3, device='cuda:0')	1.9132395923949996
301200.0	6000.0	4821.02792193046	0.0	0	244.42749480780913	5021.027921930945	1	0	tensor(3, device='cuda:0')	1.9132395923949996
302200.0	6000.0	4821.027921930493	0.0	0	77.94944025028963	5021.027921930945	1	0	tensor(3, device='cuda:0')	1.9132395923949996
303200.0	6000.0	4821.027921930555	0.0	0	351.7868437760044	5021.027921930945	1	0	tensor(3, device='cuda:0')	1.9132395923949996
6.54	5.26	8.04	9.49	9.42	5.8	6.24	4.24	6.61	5.69	6.65	8.38	8.87	3.97	3.87	6.65	5.61	5.43	5.26	7.67	10.5	9.39	5.51	7.61	5.54	7.82	5.85	7.65	8.07	5.36	5.36	5.78	5.56	5.14	5.66	9.83	8.02	7.48	2.88	7.92	8.09	6.31	8.14	5.91	8.57	4.8	3.85	7.1	7.84	6.02	7.01	8.27	9.41	6.13	4.26	5.15	5.02	7.85	5.04	7.66	8.24	5.99	5.42	8.16	7.16	6.19	4.21	4.37	7.51	9.37	8.87	6.86	3.75	5.47	7.63	5.99	6.45	8.32	9.05	8.64	8.49	6.22	6.96	6.16	8.91	6.87	6.52	6.31	6.12	6.73	4.08	9.45	8.44	7.02	10.4	5.92	8.65	7.62	6.36	5.61	8.2	5.56	6.52	7.54	7.25	8.2	7.37	7.32	9.67	5.99	7.91	10.1	9.66	8.27	9.19	8.06	7.78	4.63	7.44	6.87	7.3	8.03	6.29	6.58	6.27	5.95	4.81	5.98	6.43	8.82	8.31	10.6	7.88	6.21	5.47	4.66	4.09	5.61	4.96	7.0	4.3	5.09	5.21	5.17	8.88	8.12	4.31	6.23	9.05	14.8	12.6	6.79	5.05	7.22	9.86	7.04	5.56	7.31	6.2	6.15	7.48	9.67	8.48	10.6	6.35	8.97	7.8	11.0	15.2	7.38	6.5	9.11	7.84	6.5	9.56	6.22	9.75	12.8	7.55	6.71	4.97	5.62	7.38	8.27	8.19	7.95	6.99	8.66	10.3	7.04	4.92	6.66	6.78	6.65	8.1	7.25	5.0	5.62	6.24	8.16	4.29	3.78	6.92	5.64	6.88	9.06	7.26	9.43	6.3	8.53	7.85	7.02	7.31	7.07	6.56	3.2	5.44	9.65	6.92	3.26	5.13	9.89	8.84	7.58	5.75	6.16	8.02	10.7	7.44	7.58	10.8	13.2	9.86	4.71	5.33	7.03	7.83	9.75	5.12	5.94	8.6	5.12	5.78	5.7	4.45	7.78	6.35	7.73	7.29	6.0	5.18	5.43	3.31	6.06	6.93	6.87	4.23	6.05	5.1	4.67	8.22	7.68	4.83	4.93	7.26	6.13	7.32	6.66	9.28	6.35	5.98	6.63	8.93	6.44	7.73	6.29	5.68	5.4	5.18	7.84	7.66	7.32	6.16	8.26	5.72	7.99	5.77	7.41	8.97	8.7	11.1	6.63	8.76	8.2	7.41	9.75	8.0	7.88	5.79	5.72	5.75
729.0	730.0	731.0	732.0	733.0	734.0	735.0	736.0	737.0	738.0	739.0	740.0	741.0	742.0	743.0	744.0	745.0	746.0	747.0	748.0	749.0	750.0	751.0	752.0	753.0	754.0	755.0	756.0	757.0	758.0	759.0	760.0	761.0	762.0	763.0	764.0	765.0	766.0	767.0	768.0	769.0	770.0	771.0	772.0	773.0	774.0	775.0	776.0	777.0	778.0	779.0	780.0	781.0	782.0	783.0	784.0	785.0	786.0	787.0	788.0	789.0	790.0	791.0	792.0	793.0	794.0	795.0	796.0	797.0	798.0	799.0	800.0	801.0	802.0	803.0	804.0	805.0	806.0	807.0	808.0	809.0	810.0	811.0	812.0	813.0	814.0	815.0	816.0	817.0	818.0	819.0	820.0	821.0	822.0	823.0	824.0	825.0	826.0	827.0	828.0	829.0	830.0	831.0	832.0	833.0	834.0	835.0	836.0	837.0	838.0	839.0	840.0	841.0	842.0	843.0	844.0	845.0	846.0	847.0	848.0	849.0	850.0	851.0	852.0	853.0	854.0	855.0	856.0	857.0	858.0	859.0	860.0	861.0	862.0	863.0	864.0	865.0	866.0	867.0	868.0	869.0	870.0	871.0	872.0	873.0	874.0	875.0	876.0	877.0	878.0	879.0	880.0	881.0	882.0	883.0	884.0	885.0	886.0	887.0	888.0	889.0	890.0	891.0	892.0	893.0	894.0	895.0	896.0	897.0	898.0	899.0	900.0	901.0	902.0	903.0	904.0	905.0	906.0	907.0	908.0	909.0	910.0	911.0	912.0	913.0	914.0	915.0	916.0	917.0	918.0	919.0	920.0	921.0	922.0	923.0	924.0	925.0	926.0	927.0	928.0	929.0	930.0	931.0	932.0	933.0	934.0	935.0	936.0	937.0	938.0	939.0	940.0	941.0	942.0	943.0	944.0	945.0	946.0	947.0	948.0	949.0	950.0	951.0	952.0	953.0	954.0	955.0	956.0	957.0	958.0	959.0	960.0	961.0	962.0	963.0	964.0	965.0	966.0	967.0	968.0	969.0	970.0	971.0	972.0	973.0	974.0	975.0	976.0	977.0	978.0	979.0	980.0	981.0	982.0	983.0	984.0	985.0	986.0	987.0	988.0	989.0	990.0	991.0	992.0	993.0	994.0	995.0	996.0	997.0	998.0	999.0	1000.0	1001.0	1002.0	1003.0	1004.0	1005.0	1006.0	1007.0	1008.0	1009.0	1010.0	1011.0	1012.0	1013.0	1014.0	1015.0	1016.0	1017.0	1018.0	1019.0	1020.0	1021.0	1022.0	1023.0	1024.0	1025.0	1026.0	1027.0	1028.0	1029.0
7881.0
