10189.576033298437	1000.0	2000.0	265.3298979413877	0	0.0	7189.576033298437	1	0	tensor(6, device='cuda:0')	-13.601953072778562
10562.398373831336	1000.0	2627.1776594671014	0.0	0	0.0	4189.576033298438	1	0	tensor(6, device='cuda:0')	-8.348484276369877
11406.176149742225	3000.0	2699.022105965124	0.0	0	0.0	4105.19825570735	1	0	tensor(4, device='cuda:0')	0.312146245599454
12407.645540531457	3000.0	2597.405776096966	0.0	0	0.0	4005.0513166284254	1	0	tensor(4, device='cuda:0')	1.620936921200996
13833.914727257808	3000.0	2028.5096706979784	0.0	0	0.0	3862.4243979557905	1	0	tensor(4, device='cuda:0')	1.5918728515635647
14626.43399585671	3000.0	2156.738475239186	0.0	0	0.0	3783.1724710959006	1	0	tensor(4, device='cuda:0')	1.75389571635688
15721.22685854202	3000.0	1952.4663262853435	0.0	0	0.0	3673.693184827369	1	0	tensor(4, device='cuda:0')	1.7282527060476707
16747.16715807355	3000.0	1823.9319968006607	0.0	0	0.0	3571.0991548742168	1	0	tensor(4, device='cuda:0')	1.7749422644295132
17824.60463326774	3000.0	1638.750774087051	0.0	0	0.0	3463.3554073547984	1	0	tensor(4, device='cuda:0')	1.7960980344763646
18857.33367990821	3000.0	1502.748822782534	0.0	0	0.0	3360.0825026907514	1	0	tensor(4, device='cuda:0')	1.8329400289453388
19534.633222284065	3000.0	1757.7193261690936	0.0	0	0.0	3292.3525484531656	1	0	tensor(4, device='cuda:0')	1.9226786475709705
20543.545635425966	3000.0	1647.9156717130038	0.0	0	0.0	3191.4613071389795	1	0	tensor(4, device='cuda:0')	1.8774360440876965
21138.53687273043	3000.0	1993.4253106780939	0.0	0	0.0	3131.96218340853	1	0	tensor(4, device='cuda:0')	1.9757090168981577
21595.34326696081	3000.0	2490.9382770246734	0.0	0	0.0	3086.281543985482	1	0	tensor(4, device='cuda:0')	2.012846420717893
22234.122399307555	3000.0	2788.2812314432513	0.0	0	0.0	3022.403630750803	1	0	tensor(4, device='cuda:0')	1.987366338646094
23590.777552257434	6000.0	2431.6260784933716	0.0	0	0.0	3022.403630750803	1	0	tensor(3, device='cuda:0')	1.9186823116248397
24755.70185937501	6000.0	2266.701771375794	0.0	0	0.0	3022.4036307508068	1	0	tensor(3, device='cuda:0')	2.811829492184784
26551.419779401407	6000.0	1470.9838513493971	0.0	0	0.0	3022.4036307508068	1	0	tensor(3, device='cuda:0')	2.811829492184784
27956.232589950916	3000.0	925.6897597449333	0.0	0	0.0	2881.9223496958475	1	0	tensor(4, device='cuda:0')	0.9645740004246393
28568.65883622309	3000.0	1252.0208888455413	0.0	0	0.0	2820.6797250686286	1	0	tensor(4, device='cuda:0')	2.027838639624211
29312.39306194605	3000.0	1433.9132405502878	0.0	0	0.0	2746.3063024963376	1	0	tensor(4, device='cuda:0')	2.0122384194783023
29807.159490725888	3000.0	1889.6701688924675	0.0	0	0.0	2696.8296596183536	1	0	tensor(4, device='cuda:0')	2.0698680678488
30811.339667494998	3000.0	1785.071974446448	0.0	0	0.0	2596.411641941442	1	0	tensor(4, device='cuda:0')	1.9797664741814187
31903.247936438616	3000.0	1583.9728786084713	0.0	0	0.0	2487.220815047087	1	0	tensor(4, device='cuda:0')	1.9753842948437574
32699.6879462892	3000.0	1707.8888677728316	0.0	0	0.0	2407.576814062035	1	0	tensor(4, device='cuda:0')	2.0437175566638133
33332.569698615545	3000.0	2011.7189402138501	0.0	0	0.0	2344.2886388293955	1	0	tensor(4, device='cuda:0')	2.0835501802192518
34200.0	3000.0	2057.5456086909503	0.0	0	3.024231752991909	2257.545608690947	1	0	tensor(4, device='cuda:0')	2.0442505714488464
36076.55897094844	6000.0	1180.986637742506	0.0	0	0.0	2257.545608690947	1	0	tensor(3, device='cuda:0')	2.019886083652511
36930.437993848216	3000.0	1241.719712552751	0.0	0	0.0	2172.1577064009616	1	0	tensor(4, device='cuda:0')	1.1613388587785116
38154.369131597494	3000.0	895.395461028545	0.0	0	0.0	2049.76459262603	1	0	tensor(4, device='cuda:0')	1.989667180929689
39046.4602962539	3000.0	914.0951799064935	0.0	0	0.0	1960.555476160378	1	0	tensor(4, device='cuda:0')	2.063707225670906
39634.001755045276	3000.0	1267.7995752359805	0.0	0	0.0	1901.8013302812396	1	0	tensor(4, device='cuda:0')	2.1286865022654897
40695.92652882278	3000.0	1099.6823240807166	0.0	0	0.0	1795.6088529034823	1	0	tensor(4, device='cuda:0')	2.039589590848541
41477.88390887376	3000.0	1239.5292060246456	0.0	0	0.0	1717.4131148983943	1	0	tensor(4, device='cuda:0')	2.1005692857883935
42204.99047584831	3000.0	1439.7119823526407	0.0	0	0.0	1644.7024582009399	1	0	tensor(4, device='cuda:0')	2.1156182449871284
43200.0	3000.0	1345.2015057857823	0.0	0	105.84319877340022	1545.2015057857643	1	0	tensor(4, device='cuda:0')	2.0659265624442122
44333.474510452594	3000.0	1098.3795442879314	0.0	0	0.0	1431.8540547405064	1	0	tensor(4, device='cuda:0')	2.043484636015706
45200.0	2000.0	1231.85405474053	0.0	0	279.5783619695576	1431.8540547405137	1	0	tensor(3, device='cuda:0')	1.2604629619898426
46200.0	6000.0	1231.854054740522	0.0	0	137.36235748293984	1431.8540547405064	1	0	tensor(3, device='cuda:0')	1.8659280700980077
47200.0	3000.0	1131.8540547405285	0.0	0	417.4700377076297	1331.8540547405137	1	0	tensor(4, device='cuda:0')	1.1806948343084724
48689.739320366694	6000.0	642.1147343738455	0.0	0	0.0	1331.854054740521	1	0	tensor(3, device='cuda:0')	2.0752663186876843
49788.10067762592	3000.0	433.9172413886975	0.0	0	0.0	1222.0179190145936	1	0	tensor(4, device='cuda:0')	1.1652696504347662
50514.828917033046	2000.0	707.1890019815727	0.0	0	0.0	1222.0179190145936	1	0	tensor(3, device='cuda:0')	1.2681742848773196
51200.0	2000.0	1022.0179190146152	0.0	0	89.05246239402186	1222.0179190145936	1	0	tensor(3, device='cuda:0')	1.8736393929854844
52200.0	3000.0	922.017919014616	0.0	0	19.794471997847722	1122.017919014601	1	0	tensor(4, device='cuda:0')	1.4758455545775293
53200.0	2000.0	922.0179190146168	0.0	0	389.5693584055698	1122.017919014601	1	0	tensor(3, device='cuda:0')	1.2713259716704237
54200.0	2000.0	922.0179190146205	0.0	0	408.64327223267173	1122.0179190145936	1	0	tensor(3, device='cuda:0')	1.8767910797785885
55200.0	2000.0	922.017919014615	0.0	0	463.29687357696093	1122.0179190145864	1	0	tensor(3, device='cuda:0')	1.876791079778589
56200.0	2000.0	922.017919014608	0.0	0	403.29153710018727	1122.0179190145864	1	0	tensor(3, device='cuda:0')	1.876791079778589
57200.0	2000.0	922.0179190146146	0.0	0	240.66874822277896	1122.0179190145936	1	0	tensor(3, device='cuda:0')	1.8767910797785885
58200.0	2000.0	922.0179190146082	0.0	0	549.7672772868245	1122.0179190145936	1	0	tensor(3, device='cuda:0')	1.8767910797785885
59200.0	2000.0	922.0179190146092	0.0	0	298.31302892250824	1122.0179190145936	1	0	tensor(3, device='cuda:0')	1.8767910797785885
60200.0	2000.0	922.0179190146059	0.0	0	456.703188956395	1122.017919014601	1	0	tensor(3, device='cuda:0')	1.8767910797785885
61200.0	2000.0	922.0179190146021	0.0	0	93.53124541362195	1122.017919014601	1	0	tensor(3, device='cuda:0')	1.8767910797785885
62443.51770046778	2000.0	678.5002185468242	0.0	0	0.0	1122.017919014601	1	0	tensor(3, device='cuda:0')	1.8767910797785885
63200.0	2000.0	922.0179190146025	0.0	0	210.79648361471482	1122.017919014601	1	0	tensor(3, device='cuda:0')	1.8767910797785885
64200.0	2000.0	922.0179190146098	0.0	0	477.9600592002389	1122.017919014601	1	0	tensor(3, device='cuda:0')	1.8767910797785885
65200.0	2000.0	922.0179190146073	0.0	0	384.4500279146232	1122.017919014601	1	0	tensor(3, device='cuda:0')	1.8767910797785885
66200.0	2000.0	922.0179190146242	0.0	0	50.866049164294964	1122.0179190146227	1	0	tensor(3, device='cuda:0')	1.876791079778588
67200.0	2000.0	922.01791901464	0.0	0	266.4532405749196	1122.01791901463	1	0	tensor(3, device='cuda:0')	1.8767910797785876
68200.0	2000.0	922.0179190146382	0.0	0	541.3285341377486	1122.0179190146155	1	0	tensor(3, device='cuda:0')	1.876791079778588
69200.0	2000.0	922.0179190146348	0.0	0	270.76302023210155	1122.0179190146155	1	0	tensor(3, device='cuda:0')	1.876791079778588
70275.29569965827	2000.0	846.7222193563597	0.0	0	66.69581714131346	1122.0179190146155	1	0	tensor(3, device='cuda:0')	1.876791079778588
71570.17386049435	2000.0	551.8440585202611	0.0	0	0.0	1122.0179190146155	1	0	tensor(3, device='cuda:0')	1.876791079778588
72200.0	2000.0	922.0179190146185	0.0	0	41.56219583803613	1122.01791901463	1	0	tensor(3, device='cuda:0')	1.8767910797785876
73200.0	2000.0	922.0179190146084	0.0	0	428.30321488952904	1122.0179190146155	1	0	tensor(3, device='cuda:0')	1.876791079778588
74200.0	2000.0	922.0179190146205	0.0	0	608.2078672327916	1122.017919014601	1	0	tensor(3, device='cuda:0')	1.8767910797785885
75200.0	2000.0	922.0179190146089	0.0	0	671.2538331957185	1122.017919014601	1	0	tensor(3, device='cuda:0')	1.8767910797785885
76200.0	2000.0	922.0179190146091	0.0	0	650.9145558223245	1122.017919014601	1	0	tensor(3, device='cuda:0')	1.8767910797785885
77200.0	2000.0	922.0179190146232	0.0	0	560.718765537822	1122.017919014601	1	0	tensor(3, device='cuda:0')	1.8767910797785885
78200.0	2000.0	922.0179190146154	0.0	0	305.4757938096882	1122.017919014601	1	0	tensor(3, device='cuda:0')	1.8767910797785885
79281.62090883599	2000.0	840.3970101786228	0.0	0	0.0	1122.017919014601	1	0	tensor(3, device='cuda:0')	1.8767910797785885
80200.0	2000.0	922.0179190146127	0.0	0	261.51144569794997	1122.017919014601	1	0	tensor(3, device='cuda:0')	1.8767910797785885
81200.0	2000.0	922.0179190146075	0.0	0	202.12773176448536	1122.017919014601	1	0	tensor(3, device='cuda:0')	1.8767910797785885
82200.0	2000.0	922.0179190146059	0.0	0	435.0381614753278	1122.017919014601	1	0	tensor(3, device='cuda:0')	1.8767910797785885
83861.07906635856	6000.0	260.9388526560474	0.0	0	0.0	1122.0179190146155	1	0	tensor(3, device='cuda:0')	1.8767910797785878
84357.08965990871	2000.0	769.4687232386491	4.5404641327623665	0	0.0	1126.5583831473778	1	0	tensor(3, device='cuda:0')	0.7507995279023175
85237.86200777839	2000.0	888.6963753689656	0.0	0	0.0	1126.5583831473778	1	0	tensor(3, device='cuda:0')	1.8766546013670014
86200.0	2000.0	926.5583831473459	0.0	0	165.47211893294298	1126.5583831473778	1	0	tensor(3, device='cuda:0')	1.8766546013670014
87200.0	2000.0	926.5583831473468	0.0	0	557.2215154891164	1126.5583831473778	1	0	tensor(3, device='cuda:0')	1.8766546013670014
88200.0	2000.0	926.5583831473491	0.0	0	503.62343529457576	1126.5583831473778	1	0	tensor(3, device='cuda:0')	1.8766546013670014
89200.0	2000.0	926.5583831473427	0.0	0	487.75303794135107	1126.5583831473778	1	0	tensor(3, device='cuda:0')	1.8766546013670014
90200.0	2000.0	926.5583831473509	0.0	0	192.0694601944706	1126.5583831473632	1	0	tensor(3, device='cuda:0')	1.8766546013670018
91200.0	2000.0	926.5583831473393	0.0	0	439.2436163323291	1126.5583831473486	1	0	tensor(3, device='cuda:0')	1.8766546013670022
92200.0	2000.0	926.5583831473368	0.0	0	417.5926264963782	1126.5583831473632	1	0	tensor(3, device='cuda:0')	1.8766546013670018
93200.0	2000.0	926.5583831473436	0.0	0	286.76497622545867	1126.5583831473632	1	0	tensor(3, device='cuda:0')	1.8766546013670018
94200.0	2000.0	926.5583831473496	0.0	0	449.3442921173555	1126.5583831473632	1	0	tensor(3, device='cuda:0')	1.8766546013670018
95200.0	2000.0	926.55838314735	0.0	0	446.3883756755531	1126.5583831473632	1	0	tensor(3, device='cuda:0')	1.8766546013670018
96200.0	2000.0	926.5583831473538	0.0	0	139.92339561047265	1126.5583831473632	1	0	tensor(3, device='cuda:0')	1.8766546013670018
97200.0	2000.0	926.5583831473643	0.0	0	356.03868843981763	1126.5583831473632	1	0	tensor(3, device='cuda:0')	1.8766546013670018
98200.0	2000.0	926.5583831473738	0.0	0	278.95649747006246	1126.5583831473778	1	0	tensor(3, device='cuda:0')	1.8766546013670014
99483.48598909935	2000.0	643.0723940480318	0.0	0	0.0	1126.5583831473778	1	0	tensor(3, device='cuda:0')	1.8766546013670014
100321.56773042782	2000.0	804.9906527195465	0.0	0	0.0	1126.5583831473778	1	0	tensor(3, device='cuda:0')	1.8766546013670014
101371.27108957159	2000.0	755.2872935757773	0.0	0	0.0	1126.5583831473778	1	0	tensor(3, device='cuda:0')	1.8766546013670014
102200.0	2000.0	926.5583831473659	0.0	0	145.2359502731124	1126.5583831473778	1	0	tensor(3, device='cuda:0')	1.8766546013670014
103200.0	2000.0	926.5583831473673	0.0	0	473.46030836424325	1126.5583831473778	1	0	tensor(3, device='cuda:0')	1.8766546013670014
104200.0	2000.0	926.5583831473768	0.0	0	348.78354718833	1126.5583831473778	1	0	tensor(3, device='cuda:0')	1.8766546013670014
105200.0	2000.0	926.5583831473757	0.0	0	111.76536254622624	1126.5583831473778	1	0	tensor(3, device='cuda:0')	1.8766546013670014
106200.0	2000.0	926.5583831473791	0.0	0	478.70698921468284	1126.5583831473923	1	0	tensor(3, device='cuda:0')	1.876654601367001
107200.0	2000.0	926.5583831473728	0.0	0	492.08559874704224	1126.5583831473923	1	0	tensor(3, device='cuda:0')	1.876654601367001
108200.0	2000.0	926.5583831473803	0.0	0	511.2386030398775	1126.5583831474069	1	0	tensor(3, device='cuda:0')	1.8766546013670005
109200.0	2000.0	926.558383147375	0.0	0	99.83508278224326	1126.5583831474069	1	0	tensor(3, device='cuda:0')	1.8766546013670005
110200.0	2000.0	926.55838314737	0.0	0	461.6562448225013	1126.5583831474069	1	0	tensor(3, device='cuda:0')	1.8766546013670005
111200.0	2000.0	926.5583831473825	0.0	0	6.944001927826321	1126.5583831474069	1	0	tensor(3, device='cuda:0')	1.8766546013670005
112200.0	2000.0	926.5583831473887	0.0	0	213.31505818814912	1126.5583831473923	1	0	tensor(3, device='cuda:0')	1.876654601367001
113200.0	2000.0	926.5583831473853	0.0	0	333.3638292608375	1126.5583831473923	1	0	tensor(3, device='cuda:0')	1.876654601367001
114200.0	2000.0	926.5583831473937	0.0	0	591.9486298093398	1126.5583831473923	1	0	tensor(3, device='cuda:0')	1.876654601367001
115200.0	2000.0	926.5583831473873	0.0	0	300.05383826978505	1126.5583831473923	1	0	tensor(3, device='cuda:0')	1.876654601367001
116200.0	2000.0	926.5583831473923	0.0	0	375.42630263310275	1126.5583831473923	1	0	tensor(3, device='cuda:0')	1.876654601367001
117200.0	2000.0	926.5583831473919	0.0	0	414.95179378942703	1126.5583831474069	1	0	tensor(3, device='cuda:0')	1.8766546013670005
118200.0	2000.0	926.5583831474105	0.0	0	494.01149521180196	1126.5583831474069	1	0	tensor(3, device='cuda:0')	1.8766546013670005
119200.0	2000.0	926.5583831474255	0.0	0	310.72368877702684	1126.5583831474069	1	0	tensor(3, device='cuda:0')	1.8766546013670005
120200.0	2000.0	926.5583831474264	0.0	0	379.8823205314111	1126.5583831474069	1	0	tensor(3, device='cuda:0')	1.8766546013670005
121200.0	2000.0	926.5583831474212	0.0	0	538.1172582670551	1126.5583831474069	1	0	tensor(3, device='cuda:0')	1.8766546013670005
122200.0	2000.0	926.5583831474291	0.0	0	140.5156468948844	1126.5583831474214	1	0	tensor(3, device='cuda:0')	1.876654601367
123200.0	2000.0	926.558383147426	0.0	0	548.7647470700613	1126.5583831474214	1	0	tensor(3, device='cuda:0')	1.876654601367
124200.0	2000.0	926.5583831474296	0.0	0	466.49201189175074	1126.5583831474214	1	0	tensor(3, device='cuda:0')	1.876654601367
125200.0	2000.0	926.558383147426	0.0	0	583.8020885539881	1126.5583831474069	1	0	tensor(3, device='cuda:0')	1.8766546013670005
126200.0	2000.0	926.5583831474225	0.0	0	30.965842985693598	1126.5583831474069	1	0	tensor(3, device='cuda:0')	1.8766546013670005
127200.0	2000.0	926.5583831474203	0.0	0	101.98704322551202	1126.5583831474069	1	0	tensor(3, device='cuda:0')	1.8766546013670005
128200.0	2000.0	926.558383147401	0.0	0	470.77274710466736	1126.5583831474069	1	0	tensor(3, device='cuda:0')	1.8766546013670005
129200.0	2000.0	926.5583831474075	0.0	0	332.4762465867243	1126.5583831474214	1	0	tensor(3, device='cuda:0')	1.876654601367
130200.0	2000.0	926.5583831474014	0.0	0	227.02949330412957	1126.5583831474214	1	0	tensor(3, device='cuda:0')	1.876654601367
131200.0	2000.0	926.5583831474062	0.0	0	409.0335300656152	1126.558383147436	1	0	tensor(3, device='cuda:0')	1.8766546013669996
132200.0	2000.0	926.5583831473687	0.0	0	316.17148475098656	1126.5583831474069	1	0	tensor(3, device='cuda:0')	1.876654601367
133200.0	2000.0	926.5583831473577	0.0	0	172.04026358792908	1126.5583831474069	1	0	tensor(3, device='cuda:0')	1.8766546013670005
134200.0	2000.0	926.558383147358	0.0	0	95.31531800763332	1126.5583831474069	1	0	tensor(3, device='cuda:0')	1.8766546013670005
135200.0	2000.0	926.5583831473671	0.0	0	63.84299036063021	1126.5583831474069	1	0	tensor(3, device='cuda:0')	1.8766546013670005
136237.8897126462	2000.0	888.6686705011922	0.0	0	0.0	1126.5583831474069	1	0	tensor(3, device='cuda:0')	1.8766546013670005
137200.0	2000.0	926.5583831473591	0.0	0	183.12141542872996	1126.5583831474069	1	0	tensor(3, device='cuda:0')	1.8766546013670005
138200.0	2000.0	926.55838314734	0.0	0	205.84881449321983	1126.5583831474069	1	0	tensor(3, device='cuda:0')	1.8766546013670005
139200.0	2000.0	926.5583831473382	0.0	0	356.0857930982893	1126.5583831474069	1	0	tensor(3, device='cuda:0')	1.8766546013670005
140200.0	2000.0	926.5583831473473	0.0	0	540.4855193078984	1126.5583831474069	1	0	tensor(3, device='cuda:0')	1.8766546013670005
141200.0	2000.0	926.5583831473466	0.0	0	664.3965537279437	1126.5583831474069	1	0	tensor(3, device='cuda:0')	1.8766546013670005
142200.0	2000.0	926.5583831473496	0.0	0	610.2961859925999	1126.5583831474069	1	0	tensor(3, device='cuda:0')	1.8766546013670005
143200.0	2000.0	926.5583831473423	0.0	0	141.9380057438102	1126.5583831474069	1	0	tensor(3, device='cuda:0')	1.8766546013670005
144200.0	2000.0	926.5583831473441	0.0	0	407.01751352171414	1126.5583831474069	1	0	tensor(3, device='cuda:0')	1.8766546013670005
145200.0	2000.0	926.5583831473512	0.0	0	362.72210114251357	1126.5583831474069	1	0	tensor(3, device='cuda:0')	1.8766546013670005
146200.0	2000.0	926.5583831473182	0.0	0	511.66981144974125	1126.5583831474069	1	0	tensor(3, device='cuda:0')	1.8766546013670005
147200.0	2000.0	926.5583831472968	0.0	0	428.48432500479976	1126.5583831474069	1	0	tensor(3, device='cuda:0')	1.8766546013670005
148200.0	2000.0	926.5583831473277	0.0	0	372.7903544867004	1126.5583831474069	1	0	tensor(3, device='cuda:0')	1.8766546013670005
149200.0	2000.0	926.5583831473157	0.0	0	471.1107134336198	1126.5583831474069	1	0	tensor(3, device='cuda:0')	1.8766546013670005
150200.0	2000.0	926.5583831473277	0.0	0	427.42882878909586	1126.5583831474069	1	0	tensor(3, device='cuda:0')	1.8766546013670005
151200.0	2000.0	926.5583831473305	0.0	0	260.1299058960867	1126.5583831474069	1	0	tensor(3, device='cuda:0')	1.8766546013670005
152717.7738545302	2000.0	408.78452861715004	0.0	0	0.0	1126.5583831474069	1	0	tensor(3, device='cuda:0')	1.8766546013670005
153747.12661488738	2000.0	479.8993366112793	100.46756835129361	0	0.0	1227.0259514986828	1	0	tensor(3, device='cuda:0')	1.2706678449518438
154251.42182471827	2000.0	975.6041267803738	0.0	0	0.0	1227.0259514986828	1	0	tensor(3, device='cuda:0')	1.8734732550596054
155200.0	2000.0	1027.0259514986496	0.0	0	368.01803814584855	1227.0259514986828	1	0	tensor(3, device='cuda:0')	1.8734732550596054
156200.0	2000.0	1027.0259514986556	0.0	0	414.499997443374	1227.0259514986828	1	0	tensor(3, device='cuda:0')	1.8734732550596054
157200.0	2000.0	1027.0259514986471	0.0	0	58.37935094736167	1227.0259514986828	1	0	tensor(3, device='cuda:0')	1.8734732550596054
158236.03216373824	2000.0	990.9937877604058	0.0	0	0.0	1227.0259514986828	1	0	tensor(3, device='cuda:0')	1.8734732550596054
159429.1723762845	2000.0	797.8535752141662	0.0	0	0.0	1227.0259514986828	1	0	tensor(3, device='cuda:0')	1.8734732550596054
160751.40670335782	2000.0	475.6192481408208	0.0	0	0.0	1227.0259514986828	1	0	tensor(3, device='cuda:0')	1.8734732550596054
161676.52551195965	2000.0	550.5004395389888	0.0	0	0.0	1227.0259514986828	1	0	tensor(3, device='cuda:0')	1.8734732550596054
162677.78935768758	2000.0	549.2365938110443	0.0	0	0.0	1227.0259514986828	1	0	tensor(3, device='cuda:0')	1.8734732550596054
163200.0	1000.0	1027.025951498615	0.0	0	103.49593768955674	1227.0259514986828	1	0	tensor(3, device='cuda:0')	0.48717889393971503
164200.0	2000.0	1027.0259514985778	0.0	0	449.63049536422477	1227.0259514986537	1	0	tensor(3, device='cuda:0')	1.180326074499661
165200.0	2000.0	1027.025951498571	0.0	0	387.74318946088897	1227.0259514986537	1	0	tensor(3, device='cuda:0')	1.873473255059606
166200.0	2000.0	1027.0259514985771	0.0	0	370.1360899502761	1227.0259514986537	1	0	tensor(3, device='cuda:0')	1.873473255059606
167200.0	2000.0	1027.0259514985914	0.0	0	311.9179167393013	1227.0259514986828	1	0	tensor(3, device='cuda:0')	1.8734732550596054
168200.0	2000.0	1027.0259514985808	0.0	0	81.97182322831941	1227.0259514986828	1	0	tensor(3, device='cuda:0')	1.8734732550596054
169200.0	2000.0	1027.0259514985762	0.0	0	136.39467700739624	1227.0259514986828	1	0	tensor(3, device='cuda:0')	1.8734732550596054
170200.0	2000.0	1027.0259514985871	0.0	0	276.4119771705591	1227.0259514986828	1	0	tensor(3, device='cuda:0')	1.8734732550596054
171200.0	2000.0	1027.0259514985764	0.0	0	216.72132718280773	1227.0259514986828	1	0	tensor(3, device='cuda:0')	1.8734732550596054
172372.24614887318	2000.0	854.7798026253795	0.0	0	0.0	1227.0259514986828	1	0	tensor(3, device='cuda:0')	1.8734732550596054
173216.53324171362	2000.0	1010.4927097849261	0.0	0	0.0	1227.0259514986828	1	0	tensor(3, device='cuda:0')	1.8734732550596054
174680.28193167728	2000.0	546.7440198212867	0.0	0	0.0	1227.025951498712	1	0	tensor(3, device='cuda:0')	1.8734732550596043
175208.57500804964	1000.0	1018.4509434489119	0.0	0	0.0	1227.025951498712	1	0	tensor(3, device='cuda:0')	0.48717889393971403
176200.0	2000.0	1027.0259514985237	0.0	0	363.57918730407255	1227.025951498712	1	0	tensor(3, device='cuda:0')	1.180326074499659
177200.0	2000.0	1027.0259514985023	0.0	0	634.2295704046264	1227.025951498712	1	0	tensor(3, device='cuda:0')	1.8734732550596043
178200.0	2000.0	1027.02595149848	0.0	0	426.99312252906384	1227.025951498712	1	0	tensor(3, device='cuda:0')	1.8734732550596043
179200.0	2000.0	1027.0259514984677	0.0	0	393.07406889399863	1227.025951498712	1	0	tensor(3, device='cuda:0')	1.8734732550596043
180346.7513886829	2000.0	880.2745628155378	0.0	0	0.0	1227.025951498712	1	0	tensor(3, device='cuda:0')	1.8734732550596043
181817.24775972212	2000.0	409.7781917762948	0.0	0	0.0	1227.025951498712	1	0	tensor(3, device='cuda:0')	1.8734732550596043
182719.82667675367	2000.0	524.7591586689896	17.55988392423251	0	0.0	1244.5858354229713	1	0	tensor(3, device='cuda:0')	1.7675249094841126
183309.37218989388	1000.0	935.2136455287472	0.0	0	0.0	1244.5858354229713	1	0	tensor(3, device='cuda:0')	0.48658985190961745
184200.0	2000.0	1044.58583542261	0.0	0	99.19804364308948	1244.5858354229713	1	0	tensor(3, device='cuda:0')	1.1797370324695624
185200.0	2000.0	1044.5858354226061	0.0	0	325.29553430504166	1244.5858354229713	1	0	tensor(3, device='cuda:0')	1.8728842130295076
186200.0	2000.0	1044.585835422568	0.0	0	163.16326107867644	1244.5858354229713	1	0	tensor(3, device='cuda:0')	1.8728842130295076
187200.0	2000.0	1044.5858354225659	0.0	0	254.86429933374166	1244.5858354229713	1	0	tensor(3, device='cuda:0')	1.8728842130295076
188200.0	2000.0	1044.5858354225707	0.0	0	310.1136257002072	1244.5858354229713	1	0	tensor(3, device='cuda:0')	1.8728842130295076
189200.0	2000.0	1044.5858354225275	0.0	0	426.96470737620257	1244.5858354229713	1	0	tensor(3, device='cuda:0')	1.8728842130295076
190200.0	2000.0	1044.5858354225588	0.0	0	383.83728871808853	1244.5858354229713	1	0	tensor(3, device='cuda:0')	1.8728842130295076
191200.0	2000.0	1044.5858354225606	0.0	0	557.880752513418	1244.5858354229422	1	0	tensor(3, device='cuda:0')	1.8728842130295087
192855.26173974952	6000.0	389.32409567305376	0.0	0	0.0	1244.5858354229713	1	0	tensor(3, device='cuda:0')	1.8728842130295078
193710.0786904008	2000.0	564.4048676472275	29.897722625448353	0	0.0	1274.483558048436	1	0	tensor(3, device='cuda:0')	0.5938589875682119
194200.0	2000.0	1074.4835580480315	0.0	0	59.98516982185538	1274.4835580484068	1	0	tensor(3, device='cuda:0')	1.8718576119890122
195200.0	3000.0	974.4835580480291	0.0	0	438.0044537013455	1174.4835580484068	1	0	tensor(4, device='cuda:0')	1.4739121886559443
196200.0	2000.0	974.4835580480335	0.0	0	189.14830096813967	1174.4835580484068	1	0	tensor(3, device='cuda:0')	1.2697111180450567
197200.0	2000.0	974.4835580480549	0.0	0	361.61498039372964	1174.4835580484068	1	0	tensor(3, device='cuda:0')	1.8751762261532214
198200.0	2000.0	974.4835580480569	0.0	0	166.36426459118957	1174.4835580483777	1	0	tensor(3, device='cuda:0')	1.8751762261532223
199200.0	2000.0	974.4835580480685	0.0	0	390.8066230319091	1174.4835580483777	1	0	tensor(3, device='cuda:0')	1.8751762261532223
200200.0	2000.0	974.4835580481013	0.0	0	526.1076459233882	1174.4835580483777	1	0	tensor(3, device='cuda:0')	1.8751762261532223
201200.0	2000.0	974.4835580480885	0.0	0	492.20977579560713	1174.4835580483486	1	0	tensor(3, device='cuda:0')	1.8751762261532234
202200.0	2000.0	974.4835580480503	0.0	0	170.98123509297147	1174.4835580483486	1	0	tensor(3, device='cuda:0')	1.8751762261532234
204032.0605833479	6000.0	200.0	57.57702529984502	0	0.0	1232.0605833481823	1	0	tensor(3, device='cuda:0')	1.529339910738852
204740.84177321615	2000.0	632.3298083640557	141.11099823230757	0	0.0	1373.1715815804782	1	0	tensor(3, device='cuda:0')	-0.07703145419110136
205338.77265902804	2000.0	1034.398922552194	0.0	0	0.0	1373.1715815804782	1	0	tensor(3, device='cuda:0')	1.8682468238708536
206200.0	2000.0	1173.1715815802086	0.0	0	174.4117016599048	1373.1715815804782	1	0	tensor(3, device='cuda:0')	1.8682468238708536
207200.0	2000.0	1173.1715815801963	0.0	0	612.1771773404325	1373.1715815804782	1	0	tensor(3, device='cuda:0')	1.8682468238708536
208200.0	6000.0	1173.1715815802058	0.0	0	46.300830980966566	1373.1715815804782	1	0	tensor(3, device='cuda:0')	1.8682468238708536
209200.0	3000.0	1073.171581580221	0.0	0	221.52489562387927	1273.1715815805364	1	0	tensor(4, device='cuda:0')	1.1829463246445056
210222.5431582594	2000.0	1050.6284233208005	0.0	0	52.612525292119244	1273.1715815805364	1	0	tensor(3, device='cuda:0')	1.2664381888543916
211238.91717166992	2000.0	1034.2544099102647	0.0	0	0.0	1273.1715815805364	1	0	tensor(3, device='cuda:0')	1.8719032969625564
212200.0	2000.0	1073.1715815801913	0.0	0	474.58555256418185	1273.1715815805364	1	0	tensor(3, device='cuda:0')	1.8719032969625564
213200.0	2000.0	1073.1715815802	0.0	0	196.15143207155052	1273.1715815805364	1	0	tensor(3, device='cuda:0')	1.8719032969625564
214200.0	2000.0	1073.1715815802177	0.0	0	475.07932260696543	1273.1715815805364	1	0	tensor(3, device='cuda:0')	1.8719032969625564
215200.0	2000.0	1073.1715815802092	0.0	0	264.54967373536783	1273.1715815805364	1	0	tensor(3, device='cuda:0')	1.8719032969625564
216200.0	2000.0	1073.1715815801936	0.0	0	82.436997803743	1273.1715815805364	1	0	tensor(3, device='cuda:0')	1.8719032969625564
217200.0	2000.0	1073.1715815801836	0.0	0	193.06173019655398	1273.1715815805073	1	0	tensor(3, device='cuda:0')	1.8719032969625578
218200.0	2000.0	1073.171581580185	0.0	0	558.8928733263747	1273.1715815804782	1	0	tensor(3, device='cuda:0')	1.8719032969625586
219200.0	2000.0	1073.1715815802056	0.0	0	289.78407276797225	1273.1715815804782	1	0	tensor(3, device='cuda:0')	1.8719032969625586
220200.0	2000.0	1073.171581580205	0.0	0	36.922205621376634	1273.1715815804782	1	0	tensor(3, device='cuda:0')	1.8719032969625586
221200.0	2000.0	1073.1715815802083	0.0	0	335.6300703319721	1273.1715815804782	1	0	tensor(3, device='cuda:0')	1.8719032969625586
222200.0	2000.0	1073.1715815802113	0.0	0	299.1005286180589	1273.1715815805073	1	0	tensor(3, device='cuda:0')	1.8719032969625578
223200.0	2000.0	1073.171581580212	0.0	0	214.18005643086508	1273.1715815805073	1	0	tensor(3, device='cuda:0')	1.8719032969625578
224200.0	2000.0	1073.1715815802013	0.0	0	510.41021726708277	1273.1715815805073	1	0	tensor(3, device='cuda:0')	1.8719032969625578
225200.0	2000.0	1073.1715815802181	0.0	0	331.5509620481753	1273.1715815805073	1	0	tensor(3, device='cuda:0')	1.8719032969625578
226200.0	2000.0	1073.1715815802313	0.0	0	154.7484537968121	1273.1715815805073	1	0	tensor(3, device='cuda:0')	1.8719032969625578
227200.0	2000.0	1073.1715815802113	0.0	0	376.78817946257186	1273.1715815805073	1	0	tensor(3, device='cuda:0')	1.8719032969625578
228200.0	2000.0	1073.1715815802004	0.0	0	148.13552767646615	1273.1715815805073	1	0	tensor(3, device='cuda:0')	1.8719032969625578
229200.0	2000.0	1073.1715815801813	0.0	0	575.647092731786	1273.1715815804782	1	0	tensor(3, device='cuda:0')	1.8719032969625586
230200.0	2000.0	1073.1715815801745	0.0	0	544.708871833398	1273.1715815804782	1	0	tensor(3, device='cuda:0')	1.8719032969625586
231200.0	2000.0	1073.1715815801704	0.0	0	420.0848033184011	1273.1715815804782	1	0	tensor(3, device='cuda:0')	1.8719032969625586
232200.0	2000.0	1073.1715815801679	0.0	0	146.9344989444944	1273.1715815804782	1	0	tensor(3, device='cuda:0')	1.8719032969625586
233264.49768558613	2000.0	1008.6738959940327	0.0	0	0.0	1273.1715815804491	1	0	tensor(3, device='cuda:0')	1.8719032969625595
234200.0	2000.0	1073.17158158018	0.0	0	158.21337745140772	1273.1715815804491	1	0	tensor(3, device='cuda:0')	1.8719032969625595
235200.0	2000.0	1073.1715815801933	0.0	0	470.7819303047145	1273.1715815804491	1	0	tensor(3, device='cuda:0')	1.8719032969625595
236200.0	2000.0	1073.1715815801974	0.0	0	526.7176088603446	1273.1715815804491	1	0	tensor(3, device='cuda:0')	1.8719032969625595
237624.84284758035	6000.0	648.3287339998507	0.0	0	0.0	1273.1715815804491	1	0	tensor(3, device='cuda:0')	1.8719032969625595
238200.0	2000.0	1073.171581580211	0.0	0	126.06304007541621	1273.17158158042	1	0	tensor(3, device='cuda:0')	0.7732910082944511
239200.0	2000.0	1073.171581580239	0.0	0	570.9082706262998	1273.17158158042	1	0	tensor(3, device='cuda:0')	1.8719032969625606
240200.0	2000.0	1073.1715815802722	0.0	0	195.04377358328202	1273.17158158042	1	0	tensor(3, device='cuda:0')	1.8719032969625606
241200.0	2000.0	1073.1715815802604	0.0	0	317.044669479772	1273.17158158042	1	0	tensor(3, device='cuda:0')	1.8719032969625606
242200.0	2000.0	1073.171581580274	0.0	0	133.24393694358878	1273.171581580391	1	0	tensor(3, device='cuda:0')	1.8719032969625617
243200.0	2000.0	1073.1715815802409	0.0	0	342.7934698192403	1273.171581580391	1	0	tensor(3, device='cuda:0')	1.8719032969625617
244200.0	2000.0	1073.1715815802618	0.0	0	442.3075652976695	1273.171581580391	1	0	tensor(3, device='cuda:0')	1.8719032969625617
245200.0	2000.0	1073.1715815802404	0.0	0	416.5870876351837	1273.171581580391	1	0	tensor(3, device='cuda:0')	1.8719032969625617
246200.0	2000.0	1073.1715815802534	0.0	0	224.74344017280964	1273.17158158042	1	0	tensor(3, device='cuda:0')	1.8719032969625606
247200.0	2000.0	1073.1715815802909	0.0	0	181.17497664751136	1273.1715815804491	1	0	tensor(3, device='cuda:0')	1.8719032969625595
248200.0	2000.0	1073.1715815802766	0.0	0	343.0033002573764	1273.1715815804491	1	0	tensor(3, device='cuda:0')	1.8719032969625595
249200.0	2000.0	1073.1715815802932	0.0	0	479.986446229188	1273.1715815804491	1	0	tensor(3, device='cuda:0')	1.8719032969625595
250200.0	2000.0	1073.1715815803004	0.0	0	421.97692092275247	1273.1715815804782	1	0	tensor(3, device='cuda:0')	1.8719032969625586
251200.0	2000.0	1073.1715815803072	0.0	0	321.06103066381183	1273.1715815804491	1	0	tensor(3, device='cuda:0')	1.8719032969625595
252200.0	2000.0	1073.1715815803097	0.0	0	189.2755696180975	1273.1715815804491	1	0	tensor(3, device='cuda:0')	1.8719032969625595
253200.0	2000.0	1073.1715815803086	0.0	0	417.4768443875946	1273.1715815804491	1	0	tensor(3, device='cuda:0')	1.8719032969625595
254200.0	2000.0	1073.1715815803268	0.0	0	271.79822480585426	1273.1715815804782	1	0	tensor(3, device='cuda:0')	1.8719032969625586
255200.0	2000.0	1073.1715815803423	0.0	0	478.84665537491674	1273.1715815804782	1	0	tensor(3, device='cuda:0')	1.8719032969625586
256200.0	2000.0	1073.1715815803132	0.0	0	356.8329704698117	1273.1715815804782	1	0	tensor(3, device='cuda:0')	1.8719032969625586
257200.0	2000.0	1073.1715815802952	0.0	0	452.42172420801944	1273.1715815804491	1	0	tensor(3, device='cuda:0')	1.8719032969625595
258200.0	2000.0	1073.1715815802972	0.0	0	383.8193035488948	1273.17158158042	1	0	tensor(3, device='cuda:0')	1.8719032969625606
259200.0	2000.0	1073.17158158028	0.0	0	368.73190040900954	1273.17158158042	1	0	tensor(3, device='cuda:0')	1.8719032969625606
260200.0	2000.0	1073.1715815802681	0.0	0	556.3423141988169	1273.17158158042	1	0	tensor(3, device='cuda:0')	1.8719032969625606
261200.0	2000.0	1073.1715815803002	0.0	0	458.05970531876665	1273.1715815804491	1	0	tensor(3, device='cuda:0')	1.8719032969625595
262200.0	2000.0	1073.1715815802588	0.0	0	500.2680954551324	1273.1715815804491	1	0	tensor(3, device='cuda:0')	1.8719032969625595
263200.0	2000.0	1073.1715815802577	0.0	0	310.7228430668474	1273.1715815804491	1	0	tensor(3, device='cuda:0')	1.87190329696256
264200.0	2000.0	1073.1715815802377	0.0	0	565.2777353086276	1273.17158158042	1	0	tensor(3, device='cuda:0')	1.8719032969625606
265200.0	2000.0	1073.1715815801747	0.0	0	589.191138047725	1273.1715815803618	1	0	tensor(3, device='cuda:0')	1.8719032969625626
266200.0	2000.0	1073.1715815802131	0.0	0	424.81829965813085	1273.1715815803036	1	0	tensor(3, device='cuda:0')	1.8719032969625649
267200.0	2000.0	1073.1715815802531	0.0	0	506.63620107097086	1273.1715815803036	1	0	tensor(3, device='cuda:0')	1.8719032969625649
269200.7607901181	6000.0	200.0	127.58920853780035	0	0.0	1400.760790118191	1	0	tensor(3, device='cuda:0')	1.1054220414078588
270727.339373258	2000.0	200.0	526.5785831399248	0	0.0	1927.3393732580007	1	0	tensor(3, device='cuda:0')	-2.4150364360121332
271212.35042215855	1000.0	765.5117135592318	50.52276245976486	0	0.0	1977.8621357177617	1	0	tensor(3, device='cuda:0')	0.147182184151753
271857.5821292422	2000.0	1120.2800064756086	0.0	0	0.0	1977.86213571782	1	0	tensor(3, device='cuda:0')	1.143465939470283
272692.86572248535	3000.0	1201.4680539081241	0.0	0	0.0	1894.3337763934978	1	0	tensor(4, device='cuda:0')	1.4736778673826765
273596.0057291136	3000.0	1208.0140466170549	0.0	0	0.0	1804.0197757307324	1	0	tensor(4, device='cuda:0')	2.0711759130800043
274200.0	3000.0	1543.6203486419909	0.0	0	7.190323078481015	1743.6203486420563	1	0	tensor(4, device='cuda:0')	2.1348821206502286
275200.0	3000.0	1443.620348642074	0.0	0	143.22745339083485	1643.6203486421145	1	0	tensor(4, device='cuda:0')	2.060083219103613
276350.2113748867	3000.0	1178.387836266773	0.0	0	0.0	1528.5992111534579	1	0	tensor(4, device='cuda:0')	2.035721132904398
277245.55712149857	2000.0	1283.0420896549022	0.0	0	0.0	1528.5992111534579	1	0	tensor(3, device='cuda:0')	1.2563369923388217
278200.0	2000.0	1328.5992111534522	0.0	0	302.3043445260264	1528.5992111534579	1	0	tensor(3, device='cuda:0')	1.8618021004469865
279200.0	3000.0	1228.5992111534026	0.0	0	374.77787703904323	1428.5992111533997	1	0	tensor(4, device='cuda:0')	1.4644933287507076
280708.113413514	6000.0	720.4857976393753	0.0	0	0.0	1428.5992111533415	1	0	tensor(3, device='cuda:0')	2.0715253109291374
281831.3709848207	2000.0	597.2282263325831	0.0	0	0.0	1428.5992111533415	1	0	tensor(3, device='cuda:0')	0.7674479141528636
282281.4452633539	2000.0	1147.1539477994588	0.0	0	0.0	1428.5992111533415	1	0	tensor(3, device='cuda:0')	1.8660602028209734
283200.0	3000.0	1136.7437374886795	0.0	0	235.5122242156649	1336.743737488694	1	0	tensor(4, device='cuda:0')	1.4847381627461753
284200.0	3000.0	1036.7437374887218	0.0	0	375.8129803345655	1236.7437374887522	1	0	tensor(4, device='cuda:0')	2.077299248570576
286574.61023373477	6000.0	200.0	537.866496246057	0	0.0	1774.6102337348275	1	0	tensor(3, device='cuda:0')	-1.1546094489136973
287215.2049155134	2000.0	688.9942616071176	129.58894338574208	0	0.0	1904.1991771205212	1	0	tensor(3, device='cuda:0')	-0.03461538102950168
288016.10709837405	2000.0	888.0920787464536	0.0	0	0.0	1904.1991771205212	1	0	tensor(3, device='cuda:0')	1.8415305679530605
288881.05793749867	3000.0	936.6461557093605	0.0	0	0.0	1817.7040932080708	1	0	tensor(4, device='cuda:0')	1.472501972720206
290015.6914797943	3000.0	688.5492591842265	0.0	0	0.0	1704.2407389786094	1	0	tensor(4, device='cuda:0')	2.0303513043589776
290730.1183631555	3000.0	902.6796874869129	0.0	0	0.0	1632.7980506425374	1	0	tensor(4, device='cuda:0')	2.118606422151534
291759.4707006403	3000.0	770.3921162536085	0.0	0	0.0	1529.8628168940195	1	0	tensor(4, device='cuda:0')	2.060077627531347
292841.9158118378	3000.0	579.7024939363721	0.0	0	0.0	1421.6183057744056	1	0	tensor(4, device='cuda:0')	2.0542067229983343
293294.9846612382	2000.0	1126.633644536016	0.0	0	0.0	1421.6183057744638	1	0	tensor(3, device='cuda:0')	1.2608770728677126
294200.0	3000.0	1131.1167718980544	0.0	0	43.63719479757128	1331.1167718983488	1	0	tensor(4, device='cuda:0')	1.487719615604126
295200.0	2000.0	1131.1167718980455	0.0	0	461.38214164361125	1331.1167718983488	1	0	tensor(3, device='cuda:0')	1.2643632711975512
296200.0	2000.0	1131.1167718980369	0.0	0	152.13254517543828	1331.1167718983488	1	0	tensor(3, device='cuda:0')	1.869828379305716
297200.0	2000.0	1131.1167718980817	0.0	0	352.40638124983525	1331.1167718983488	1	0	tensor(3, device='cuda:0')	1.869828379305716
298200.0	2000.0	1131.1167718980475	0.0	0	424.5726200317149	1331.1167718982906	1	0	tensor(3, device='cuda:0')	1.8698283793057182
299329.2102596908	6000.0	1001.9065122072544	0.0	0	0.0	1331.1167718982906	1	0	tensor(3, device='cuda:0')	1.8698283793057184
300200.0	3000.0	1044.0377978671902	0.0	0	85.16082187666325	1244.037797867437	1	0	tensor(4, device='cuda:0')	1.2101959935201505
301200.0	3000.0	944.0377978671024	0.0	0	240.94586646481184	1144.0377978673787	1	0	tensor(4, device='cuda:0')	2.080494246254675
302200.0	2000.0	944.0377978670899	0.0	0	380.7007670344319	1144.0377978673205	1	0	tensor(3, device='cuda:0')	1.2706583590607796
303200.0	2000.0	944.0377978670144	0.0	0	190.5158729548566	1144.0377978673205	1	0	tensor(3, device='cuda:0')	1.8761234671689444
304238.94659155724	2000.0	905.0912063097419	0.0	0	0.0	1144.0377978673205	1	0	tensor(3, device='cuda:0')	1.8761234671689444
305327.27351263777	2000.0	816.7642852292006	0.0	0	0.0	1144.0377978673205	1	0	tensor(3, device='cuda:0')	1.8761234671689444
306200.0	2000.0	944.0377978669244	0.0	0	86.4225313263014	1144.0377978673205	1	0	tensor(3, device='cuda:0')	1.8761234671689444
3.64	3.73	2.54	2.99	3.46	3.6	3.65	3.58	2.92	3.76	4.01	5.8	3.71	5.4	3.57	3.46	2.36	1.93	4.84	4.85	3.63	2.92	4.91	4.71	4.25	4.15	4.49	2.79	2.86	4.9	3.31	3.07	5.39	3.29	3.16	5.86	4.55	5.61	5.48	2.43	3.32	4.92	3.38	3.9	2.8	3.95	2.2	4.1	4.18	3.36	2.29	1.46	2.22	3.79	5.25	2.42	3.3	5.41	3.02	3.52	1.45	2.26	3.14	3.93	5.06	5.18	4.39	3.79	2.75	2.2	2.72	4.41	7.16	3.98	3.42	2.46	5.33	5.42	3.21	2.84	3.57	3.09	2.88	4.54	3.3	3.3	2.53	3.13	1.55	1.68	2.04	2.19	5.11	5.57	2.59	3.19	4.39	4.98	2.68	2.81	3.2	2.09	3.26	3.9	4.11	3.66	3.13	3.9	3.71	3.12	3.64	2.94	3.42	3.86	4.82	3.2	2.03	3.04	3.07	3.49	3.29	2.25	2.29	2.95	1.89	1.75	3.06	3.3	3.36	6.16	4.93	5.36	2.47	3.61	3.56	3.72	3.87	4.19	4.16	3.48	4.9	2.29	1.38	2.4	3.31	3.72	2.37	2.79	1.93	1.83	2.07	2.21	1.85	3.76	4.6	3.37	2.87	2.12	2.76	1.82	3.85	1.95	2.51	3.02	1.16	2.63	6.17	4.98	4.05	2.53	1.47	1.64	1.74	2.06	2.84	2.63	2.94	2.85	5.18	3.74	4.45	4.98	2.24	2.75	4.87	3.12	3.24	4.05	2.26	4.24	3.86	2.49	5.15	3.41	3.14	3.37	3.73	6.63	4.51	3.59	1.7	3.51	3.22	3.76	3.2	3.05	2.44	4.23	2.61	2.0	3.08	3.05	2.63	3.86	4.18	3.22	2.51	2.42	4.39	4.93	3.14	2.28	2.03	2.73	3.44	3.63	6.71	3.79	4.26	3.75	2.4	2.36	4.26	4.0	2.69	3.02	2.76	3.7	5.27	5.39	2.22	3.57	2.94	3.82	3.05	3.43	4.37	4.66	3.02	3.96	3.53	3.32	2.65	5.56	4.55	4.55	4.29	5.61	3.44	1.81	1.19	2.48	3.7	4.48	3.98	2.9	2.56	3.3	5.32	5.32	3.52	2.21	3.74	5.12	4.77	3.94	1.76	2.75	4.51	3.14	4.47	3.57	2.73	4.09	3.0	2.79	3.92	4.33	6.31	4.34	5.43	4.52	2.73	2.76	1.84	2.06	2.84	2.88
382.0	383.0	384.0	385.0	386.0	387.0	388.0	389.0	390.0	391.0	392.0	393.0	394.0	395.0	396.0	397.0	398.0	399.0	400.0	401.0	402.0	403.0	404.0	405.0	406.0	407.0	408.0	409.0	410.0	411.0	412.0	413.0	414.0	415.0	416.0	417.0	418.0	419.0	420.0	421.0	422.0	423.0	424.0	425.0	426.0	427.0	428.0	429.0	430.0	431.0	432.0	433.0	434.0	435.0	436.0	437.0	438.0	439.0	440.0	441.0	442.0	443.0	444.0	445.0	446.0	447.0	448.0	449.0	450.0	451.0	452.0	453.0	454.0	455.0	456.0	457.0	458.0	459.0	460.0	461.0	462.0	463.0	464.0	465.0	466.0	467.0	468.0	469.0	470.0	471.0	472.0	473.0	474.0	475.0	476.0	477.0	478.0	479.0	480.0	481.0	482.0	483.0	484.0	485.0	486.0	487.0	488.0	489.0	490.0	491.0	492.0	493.0	494.0	495.0	496.0	497.0	498.0	499.0	500.0	501.0	502.0	503.0	504.0	505.0	506.0	507.0	508.0	509.0	510.0	511.0	512.0	513.0	514.0	515.0	516.0	517.0	518.0	519.0	520.0	521.0	522.0	523.0	524.0	525.0	526.0	527.0	528.0	529.0	530.0	531.0	532.0	533.0	534.0	535.0	536.0	537.0	538.0	539.0	540.0	541.0	542.0	543.0	544.0	545.0	546.0	547.0	548.0	549.0	550.0	551.0	552.0	553.0	554.0	555.0	556.0	557.0	558.0	559.0	560.0	561.0	562.0	563.0	564.0	565.0	566.0	567.0	568.0	569.0	570.0	571.0	572.0	573.0	574.0	575.0	576.0	577.0	578.0	579.0	580.0	581.0	582.0	583.0	584.0	585.0	586.0	587.0	588.0	589.0	590.0	591.0	592.0	593.0	594.0	595.0	596.0	597.0	598.0	599.0	600.0	601.0	602.0	603.0	604.0	605.0	606.0	607.0	608.0	609.0	610.0	611.0	612.0	613.0	614.0	615.0	616.0	617.0	618.0	619.0	620.0	621.0	622.0	623.0	624.0	625.0	626.0	627.0	628.0	629.0	630.0	631.0	632.0	633.0	634.0	635.0	636.0	637.0	638.0	639.0	640.0	641.0	642.0	643.0	644.0	645.0	646.0	647.0	648.0	649.0	650.0	651.0	652.0	653.0	654.0	655.0	656.0	657.0	658.0	659.0	660.0	661.0	662.0	663.0	664.0	665.0	666.0	667.0	668.0	669.0	670.0	671.0	672.0	673.0	674.0	675.0	676.0	677.0	678.0	679.0
9786.0
