2200.0	1000.0	1640.7788928259538	421.4572871290952	0	359.2211071740462	1840.7788928259538	0	0	tensor(3, device='cuda:0')	-2.574700564198266
3200.0	1000.0	1891.826025883338	251.04713305738392	0	596.6838695315951	2091.826025883338	1	0	tensor(3, device='cuda:0')	-0.370330520283363
4200.0	2000.0	1891.8260258833373	0.0	0	82.75144537700271	2091.826025883337	1	0	tensor(3, device='cuda:0')	1.1351354110043026
5578.460806852069	2000.0	1513.3652190312682	0.0	0	0.0	2091.826025883338	1	0	tensor(3, device='cuda:0')	1.8282825915642478
6501.425099315184	1000.0	1590.4009265681534	0.0	0	0.0	2091.826025883337	1	0	tensor(3, device='cuda:0')	0.44198823044435753
7312.330124959511	1000.0	1779.4959009238266	0.0	0	0.0	2091.826025883337	1	0	tensor(3, device='cuda:0')	1.1351354110043026
8200.0	1000.0	1891.8260258833377	0.0	0	218.29334082473997	2091.826025883336	1	0	tensor(3, device='cuda:0')	1.1351354110043026
9226.605098192898	1000.0	1865.2209276904382	0.0	0	0.0	2091.826025883336	1	0	tensor(3, device='cuda:0')	1.1351354110043026
10200.0	1000.0	1891.8260258833363	0.0	0	202.27466582625857	2091.826025883336	1	0	tensor(3, device='cuda:0')	1.1351354110043026
11200.0	1000.0	1891.8260258833338	0.0	0	611.5195995291706	2091.826025883336	1	0	tensor(3, device='cuda:0')	1.1351354110043026
12200.0	2000.0	1891.8260258833313	0.0	0	387.0359082068444	2091.8260258833343	1	0	tensor(3, device='cuda:0')	1.135135411004303
13200.0	3000.0	1791.8260258833295	0.0	0	20.54468592320154	1991.8260258833325	1	0	tensor(4, device='cuda:0')	1.4336697717725924
14851.47447897644	3000.0	975.2040990092462	0.0	0	0.0	1826.678577985691	1	0	tensor(4, device='cuda:0')	1.9186327082834527
15320.904513833453	1000.0	1505.7740641522348	0.0	0	0.0	1826.6785779856891	1	0	tensor(3, device='cuda:0')	-0.14541870331016502
16200.0	1000.0	1626.6785779856862	0.0	0	322.32580980539933	1826.6785779856891	1	0	tensor(3, device='cuda:0')	1.1531935853579451
17200.0	1000.0	1626.6785779856862	0.0	0	242.00705192011446	1826.6785779856891	1	0	tensor(3, device='cuda:0')	1.1531935853579454
18200.0	1000.0	1626.6785779856868	0.0	0	398.4227890100119	1826.678577985691	1	0	tensor(3, device='cuda:0')	1.1531935853579451
19200.0	1000.0	1626.6785779856893	0.0	0	432.1000917504316	1826.678577985691	1	0	tensor(3, device='cuda:0')	1.1531935853579451
20404.899954444114	2000.0	1421.7786235415729	0.0	0	0.0	1826.678577985691	1	0	tensor(3, device='cuda:0')	1.153193585357945
21200.0	1000.0	1626.678577985687	0.0	0	178.03692494310235	1826.6785779856873	1	0	tensor(3, device='cuda:0')	0.46004640479800013
22200.0	2000.0	1626.6785779856896	0.0	0	157.024599373206	1826.6785779856873	1	0	tensor(3, device='cuda:0')	1.1531935853579451
23221.139032953564	2000.0	1605.539545032123	0.0	0	0.0	1826.6785779856873	1	0	tensor(3, device='cuda:0')	1.8463407659178905
24200.0	2000.0	1626.6785779856896	0.0	0	380.97266857352224	1826.6785779856873	1	0	tensor(3, device='cuda:0')	1.8463407659178905
26020.923184987267	2000.0	805.7553929984249	0.0	0	0.0	1826.6785779856873	1	0	tensor(3, device='cuda:0')	1.8463407659178905
26485.129288884167	1000.0	1341.5492891015278	0.0	0	0.0	1826.678577985691	1	0	tensor(3, device='cuda:0')	0.46004640479799985
27687.226220356588	2000.0	1139.4523576291062	0.0	0	0.0	1826.678577985691	1	0	tensor(3, device='cuda:0')	1.153193585357945
28200.0	1000.0	1626.6785779856955	0.0	0	11.118694457956735	1826.678577985691	1	0	tensor(3, device='cuda:0')	0.46004640479799985
29419.432276797474	2000.0	1407.2463011882244	0.0	0	0.0	1826.678577985691	1	0	tensor(3, device='cuda:0')	1.153193585357945
30417.19278574963	2000.0	1409.4857922360682	0.0	0	0.0	1826.678577985691	1	0	tensor(3, device='cuda:0')	1.84634076591789
31262.499191809868	1000.0	1564.179386175832	0.0	0	0.0	1826.678577985691	1	0	tensor(3, device='cuda:0')	0.46004640479799985
32200.0	1000.0	1626.678577985699	0.0	0	211.13517843667796	1826.678577985691	1	0	tensor(3, device='cuda:0')	1.1531935853579451
33200.0	1000.0	1626.678577985697	0.0	0	480.58947856742816	1826.678577985691	1	0	tensor(3, device='cuda:0')	1.1531935853579451
34200.0	2000.0	1626.678577985694	0.0	0	326.92513287375914	1826.6785779856873	1	0	tensor(3, device='cuda:0')	1.1531935853579451
35200.0	3000.0	1526.6785779856937	0.0	0	517.6640731674124	1726.6785779856946	1	0	tensor(4, device='cuda:0')	1.4498467162899944
38504.039375164255	6000.0	200.0	977.3607971785689	0	0.0	2704.039375164255	1	0	tensor(3, device='cuda:0')	-3.85200943258148
40274.38320605183	3000.0	200.0	861.2529217966729	0	0.0	3474.3832060518325	1	0	tensor(4, device='cuda:0')	-4.184541566969189
41200.0	1000.0	460.514469891614	186.13126383978323	0	191.56016132293735	660.5144698916192	1	0	tensor(6, device='cuda:0')	-10.220638273041356
42200.0	1000.0	460.5144698916156	0.0	0	573.3607343607509	660.5144698916192	1	0	tensor(3, device='cuda:0')	1.194761598665452
43200.0	2000.0	470.3223382441205	9.80786835250666	0	18.1355200123362	670.322338244121	1	0	tensor(3, device='cuda:0')	1.1357270277417075
44347.28531866899	2000.0	437.91076378980927	114.87374421467956	0	0.0	785.1960824588023	1	0	tensor(3, device='cuda:0')	1.1961435552304054
45336.121697029404	2000.0	526.9274899854734	77.85310455607356	0	0.0	863.0491870148835	1	0	tensor(3, device='cuda:0')	1.4165268205796575
46200.0	2000.0	663.0491870148788	0.0	0	145.1099238968891	863.0491870148835	1	0	tensor(3, device='cuda:0')	1.883645447916099
47200.0	2000.0	663.0491870148824	0.0	0	557.5360905428242	863.0491870148835	1	0	tensor(3, device='cuda:0')	1.883645447916099
48200.0	2000.0	663.0491870148741	0.0	0	311.0580527931161	863.0491870148835	1	0	tensor(3, device='cuda:0')	1.883645447916099
49200.0	2000.0	663.0491870148776	0.0	0	95.60253912668122	863.0491870148908	1	0	tensor(3, device='cuda:0')	1.8836454479160984
50200.0	2000.0	663.049187014873	0.0	0	269.83130675768916	863.0491870148908	1	0	tensor(3, device='cuda:0')	1.8836454479160984
51323.1435448058	2000.0	539.9056422090773	0.0	0	0.0	863.0491870148835	1	0	tensor(3, device='cuda:0')	1.883645447916099
52519.92617464441	2000.0	362.9670678881211	19.84405551765883	0	0.0	882.8932425325402	1	0	tensor(3, device='cuda:0')	1.7641156167539105
53652.947482926815	2000.0	424.2151596628132	194.26940005709264	0	0.0	1077.162642589632	1	0	tensor(3, device='cuda:0')	0.7124906494929888
54497.40984746956	2000.0	579.7527951200675	0.0	0	0.0	1077.162642589632	1	0	tensor(3, device='cuda:0')	1.8781070498355448
55415.382396801884	2000.0	661.7802457877394	0.0	0	0.0	1077.1626425896247	1	0	tensor(3, device='cuda:0')	1.878107049835545
56707.88013093132	2000.0	369.2825116583077	0.0	0	0.0	1077.1626425896247	1	0	tensor(3, device='cuda:0')	1.878107049835545
57200.0	1000.0	877.1626425896185	0.0	0	45.983722627810494	1077.1626425896247	1	0	tensor(3, device='cuda:0')	0.4918126887156548
58544.36619881862	2000.0	532.7964437710012	0.0	0	0.0	1077.1626425896247	1	0	tensor(3, device='cuda:0')	1.1849598692756
59285.6256225963	2000.0	791.5370199933146	0.0	0	0.0	1077.1626425896247	1	0	tensor(3, device='cuda:0')	1.878107049835545
60200.0	2000.0	877.1626425896045	0.0	0	232.1883414515396	1077.1626425896175	1	0	tensor(3, device='cuda:0')	1.8781070498355454
61200.0	2000.0	877.1626425896087	0.0	0	340.8114512836619	1077.1626425896175	1	0	tensor(3, device='cuda:0')	1.8781070498355454
62325.7210505654	2000.0	751.4415920242081	0.0	0	0.0	1077.1626425896175	1	0	tensor(3, device='cuda:0')	1.8781070498355454
63200.0	2000.0	877.1626425896073	0.0	0	291.5365493157078	1077.1626425896175	1	0	tensor(3, device='cuda:0')	1.8781070498355454
64200.0	2000.0	877.1626425896075	0.0	0	292.27539186498325	1077.1626425896175	1	0	tensor(3, device='cuda:0')	1.8781070498355454
65279.47775530815	2000.0	797.684887281461	0.0	0	0.0	1077.1626425896102	1	0	tensor(3, device='cuda:0')	1.8781070498355457
66200.0	2000.0	877.1626425896127	0.0	0	331.34814183380513	1077.1626425896175	1	0	tensor(3, device='cuda:0')	1.8781070498355457
67200.0	2000.0	877.1626425896078	0.0	0	174.5472051032557	1077.1626425896102	1	0	tensor(3, device='cuda:0')	1.8781070498355457
68200.0	2000.0	877.1626425896056	0.0	0	255.3062515627389	1077.1626425896102	1	0	tensor(3, device='cuda:0')	1.8781070498355457
69200.0	2000.0	877.1626425896106	0.0	0	220.90569982469606	1077.1626425896102	1	0	tensor(3, device='cuda:0')	1.8781070498355457
70275.1618129009	2000.0	802.0008296887037	0.0	0	0.0	1077.1626425896102	1	0	tensor(3, device='cuda:0')	1.8781070498355457
71238.1209326192	2000.0	839.0417099704001	0.0	0	0.0	1077.1626425896247	1	0	tensor(3, device='cuda:0')	1.878107049835545
72531.35812055077	2000.0	545.8045220388364	0.0	0	0.0	1077.1626425896247	1	0	tensor(3, device='cuda:0')	1.878107049835545
73528.17070399087	2000.0	548.9919385987403	0.0	0	0.0	1077.1626425896247	1	0	tensor(3, device='cuda:0')	1.878107049835545
74460.6291244093	1000.0	616.5335181803125	0.0	0	0.0	1077.1626425896247	1	0	tensor(3, device='cuda:0')	0.4918126887156548
75492.40047596917	1000.0	584.7621666204443	0.0	0	0.0	1077.1626425896247	1	0	tensor(3, device='cuda:0')	1.1849598692756
76200.0	1000.0	877.1626425896318	0.0	0	14.851172885959386	1077.1626425896247	1	0	tensor(3, device='cuda:0')	1.1849598692756
77200.0	1000.0	877.1626425896426	0.0	0	449.2114888932265	1077.1626425896102	1	0	tensor(3, device='cuda:0')	1.1849598692756005
78200.0	2000.0	877.1626425896327	0.0	0	166.42117766084266	1077.1626425895956	1	0	tensor(3, device='cuda:0')	1.1849598692756007
79268.85752550971	2000.0	808.3051170799221	0.0	0	0.0	1077.1626425895956	1	0	tensor(3, device='cuda:0')	1.8781070498355459
80200.0	2000.0	877.1626425896374	0.0	0	64.28019836489693	1077.1626425895956	1	0	tensor(3, device='cuda:0')	1.8781070498355459
82262.9481624217	2000.0	200.0	385.7855198320568	0	0.0	1462.9481624217005	1	0	tensor(3, device='cuda:0')	-0.4471107668091616
82794.78845292487	1000.0	728.3323320769327	60.172622580104075	0	0.0	1523.1207850018109	1	0	tensor(3, device='cuda:0')	0.11471622095130002
83549.60134558714	2000.0	973.5194394146625	0.0	0	0.0	1523.1207850018254	1	0	tensor(3, device='cuda:0')	1.168899136991869
84200.0	2000.0	1323.1207850018025	0.0	0	161.85352612708812	1523.1207850018254	1	0	tensor(3, device='cuda:0')	1.8620463175518143
85200.0	2000.0	1323.1207850018077	0.0	0	279.91629466519225	1523.1207850018254	1	0	tensor(3, device='cuda:0')	1.8620463175518143
86200.0	2000.0	1323.120785001813	0.0	0	260.5753290420107	1523.1207850018254	1	0	tensor(3, device='cuda:0')	1.8620463175518143
87200.0	2000.0	1323.1207850018138	0.0	0	93.18375910038594	1523.1207850018254	1	0	tensor(3, device='cuda:0')	1.8620463175518143
89321.56495868467	2000.0	201.55582631714833	0.0	0	0.0	1523.1207850018254	1	0	tensor(3, device='cuda:0')	1.8620463175518143
90073.51790693229	1000.0	596.3180663829686	146.71518831344184	0	0.0	1669.835973315261	1	0	tensor(3, device='cuda:0')	-0.41155226417623225
90367.40751132547	1000.0	1302.4284619898108	0.0	0	0.0	1669.835973315261	1	0	tensor(3, device='cuda:0')	1.1618860462643639
91200.0	2000.0	1469.8359733152674	0.0	0	126.56944141548593	1669.8359733152465	1	0	tensor(3, device='cuda:0')	1.1618860462643645
92231.76742418046	2000.0	1438.06854913479	0.0	0	0.0	1669.835973315232	1	0	tensor(3, device='cuda:0')	1.8550332268243106
93200.0	2000.0	1469.8359733152631	0.0	0	203.15454172757745	1669.835973315232	1	0	tensor(3, device='cuda:0')	1.8550332268243106
94200.0	2000.0	1469.835973315282	0.0	0	133.5597560051974	1669.835973315232	1	0	tensor(3, device='cuda:0')	1.8550332268243106
95200.0	2000.0	1469.8359733152736	0.0	0	467.8875165792997	1669.835973315232	1	0	tensor(3, device='cuda:0')	1.8550332268243106
96200.0	2000.0	1469.8359733152856	0.0	0	292.72147495242825	1669.8359733152465	1	0	tensor(3, device='cuda:0')	1.8550332268243097
98690.28996865073	3000.0	200.0	426.8027201822802	0	0.0	1890.2899686507008	1	0	tensor(4, device='cuda:0')	-1.321463143900968
99521.81144722132	1000.0	614.1401026991232	245.66158126971015	0	0.0	2135.9515499204135	1	0	tensor(3, device='cuda:0')	-1.640925065262698
100355.1528633635	1000.0	780.7986865569296	0.0	0	0.0	2135.951549920399	1	0	tensor(3, device='cuda:0')	1.131656711023674
101148.82692206195	1000.0	987.1246278584795	0.0	0	0.0	2135.9515499204135	1	0	tensor(3, device='cuda:0')	1.1316567110236726
101658.62547288001	1000.0	1477.3260770404227	0.0	0	0.0	2135.9515499204135	1	0	tensor(3, device='cuda:0')	1.1316567110236726
102520.28579060132	1000.0	1615.6657593191114	0.0	0	0.0	2135.951549920399	1	0	tensor(3, device='cuda:0')	1.131656711023674
103270.45468903075	1000.0	1865.4968608896747	0.0	0	0.0	2135.951549920399	1	0	tensor(3, device='cuda:0')	1.131656711023674
104200.0	2000.0	1935.9515499204203	0.0	0	363.42165931475756	2135.951549920399	1	0	tensor(3, device='cuda:0')	1.1316567110236737
106454.26774031251	3000.0	456.2570355766557	0.0	0	0.0	1910.5247758891492	1	0	tensor(4, device='cuda:0')	1.186695387159555
107328.48978186646	1000.0	582.9841742744193	0.9491802517171095	0	0.0	1911.4739561408642	1	0	tensor(3, device='cuda:0')	-0.1563941890419298
107882.07854480876	1000.0	1029.395411332127	0.0	0	0.0	1911.4739561408642	1	0	tensor(3, device='cuda:0')	1.1479131811364829
108537.06505235951	1000.0	1374.408903781379	0.0	0	0.0	1911.4739561408642	1	0	tensor(3, device='cuda:0')	1.1479131811364829
109288.04493204717	1000.0	1623.4290240937084	0.0	0	0.0	1911.4739561408642	1	0	tensor(3, device='cuda:0')	1.1479131811364829
110253.94512030664	1000.0	1657.5288358342402	0.0	0	0.0	1911.4739561408787	1	0	tensor(3, device='cuda:0')	1.147913181136482
111353.1167716491	1000.0	1558.3571844917922	0.0	0	0.0	1911.4739561408787	1	0	tensor(3, device='cuda:0')	1.147913181136482
112503.76385829196	1000.0	1407.7100978489248	0.0	0	0.0	1911.4739561408787	1	0	tensor(3, device='cuda:0')	1.147913181136482
113200.0	1000.0	1711.4739561408787	0.0	0	89.29742926530889	1911.4739561408933	1	0	tensor(3, device='cuda:0')	1.1479131811364809
114200.0	1000.0	1711.4739561408803	0.0	0	702.8493533216388	1911.4739561408933	1	0	tensor(3, device='cuda:0')	1.1479131811364809
115520.99793601832	2000.0	1390.4760201225508	0.0	0	0.0	1911.4739561408787	1	0	tensor(3, device='cuda:0')	1.147913181136482
116200.0	1000.0	1711.473956140878	0.0	0	19.734085969175794	1911.4739561408787	1	0	tensor(3, device='cuda:0')	0.4547660005765367
117200.0	2000.0	1711.4739561408849	0.0	0	124.0870840956195	1911.4739561408787	1	0	tensor(3, device='cuda:0')	1.147913181136482
118200.0	2000.0	1711.4739561408762	0.0	0	330.49063260137336	1911.4739561408787	1	0	tensor(3, device='cuda:0')	1.8410603616964272
119279.24287497796	2000.0	1632.2310811629181	0.0	0	0.0	1911.4739561408787	1	0	tensor(3, device='cuda:0')	1.8410603616964272
120723.94587407583	2000.0	1187.5280820650582	0.0	0	0.0	1911.4739561408787	1	0	tensor(3, device='cuda:0')	1.8410603616964272
121371.79212105928	1000.0	1539.6818350816077	0.0	0	0.0	1911.4739561408787	1	0	tensor(3, device='cuda:0')	0.4547660005765367
122428.5206704334	2000.0	1482.9532857074773	0.0	0	0.0	1911.4739561408787	1	0	tensor(3, device='cuda:0')	1.147913181136482
123200.0	1000.0	1711.47395614088	0.0	0	356.12269450642634	1911.4739561408787	1	0	tensor(3, device='cuda:0')	0.4547660005765367
124200.0	1000.0	1711.4739561408994	0.0	0	523.1555500716058	1911.4739561408787	1	0	tensor(3, device='cuda:0')	1.147913181136482
125597.91397444182	2000.0	1313.5599816990868	0.0	0	0.0	1911.4739561408787	1	0	tensor(3, device='cuda:0')	1.147913181136482
126200.0	1000.0	1711.4739561409099	0.0	0	72.73000748430786	1911.4739561408787	1	0	tensor(3, device='cuda:0')	0.4547660005765367
127200.0	1000.0	1711.4739561409062	0.0	0	559.7795398737217	1911.4739561408787	1	0	tensor(3, device='cuda:0')	1.147913181136482
128200.0	2000.0	1711.4739561409056	0.0	0	469.74386683889315	1911.4739561408787	1	0	tensor(3, device='cuda:0')	1.147913181136482
129924.11333332586	3000.0	814.9492894824743	0.0	0	0.0	1739.0626228083274	1	0	tensor(4, device='cuda:0')	1.3038254297346246
131383.77940632083	2000.0	355.283216487505	0.0	0	0.0	1739.0626228083274	1	0	tensor(3, device='cuda:0')	1.245894271918509
132047.1100945619	1000.0	691.9525282464019	0.0	0	0.0	1739.0626228083129	1	0	tensor(3, device='cuda:0')	0.46506501890678387
132530.16888435575	1000.0	1208.8937384525575	0.0	0	0.0	1739.0626228083129	1	0	tensor(3, device='cuda:0')	1.1582121994667296
133200.0	2000.0	1539.0626228083154	0.0	0	40.80782502036891	1739.0626228083274	1	0	tensor(3, device='cuda:0')	1.1582121994667285
134200.0	2000.0	1539.0626228082835	0.0	0	105.79522737266961	1739.0626228083274	1	0	tensor(3, device='cuda:0')	1.8513593800266737
135202.7027344081	2000.0	1536.3598884001615	0.0	0	0.0	1739.0626228083274	1	0	tensor(3, device='cuda:0')	1.8513593800266737
136200.0	2000.0	1539.0626228082665	0.0	0	419.4013017421821	1739.0626228083565	1	0	tensor(3, device='cuda:0')	1.8513593800266719
137200.0	2000.0	1539.0626228082974	0.0	0	129.21298285856028	1739.0626228083565	1	0	tensor(3, device='cuda:0')	1.8513593800266719
138200.0	2000.0	1539.0626228083026	0.0	0	72.0307274167426	1739.0626228083565	1	0	tensor(3, device='cuda:0')	1.8513593800266719
139200.0	2000.0	1539.0626228082526	0.0	0	492.914276146621	1739.0626228083565	1	0	tensor(3, device='cuda:0')	1.8513593800266719
140200.0	2000.0	1539.0626228082556	0.0	0	0.04712583959917538	1739.0626228083565	1	0	tensor(3, device='cuda:0')	1.8513593800266719
141200.0	2000.0	1539.062622808276	0.0	0	225.32262034495943	1739.0626228083565	1	0	tensor(3, device='cuda:0')	1.8513593800266719
142200.0	2000.0	1539.062622808292	0.0	0	19.41849717326113	1739.0626228083856	1	0	tensor(3, device='cuda:0')	1.8513593800266706
143200.0	2000.0	1539.0626228082913	0.0	0	340.07687880523736	1739.0626228083856	1	0	tensor(3, device='cuda:0')	1.8513593800266706
144200.0	2000.0	1539.062622808316	0.0	0	96.25100827464485	1739.0626228083856	1	0	tensor(3, device='cuda:0')	1.8513593800266706
145522.99881481187	2000.0	1216.0638079964551	0.0	0	0.0	1739.0626228083856	1	0	tensor(3, device='cuda:0')	1.8513593800266706
146600.91469536466	2000.0	1138.1479274437065	0.0	0	0.0	1739.0626228083856	1	0	tensor(3, device='cuda:0')	1.8513593800266706
147620.86546159524	2000.0	1118.1971612131597	0.0	0	0.0	1739.0626228083856	1	0	tensor(3, device='cuda:0')	1.8513593800266706
148273.09597127975	1000.0	1465.9666515286228	0.0	0	0.0	1739.0626228083856	1	0	tensor(3, device='cuda:0')	0.4650650189067802
149200.0	1000.0	1539.0626228083663	0.0	0	195.76222947076894	1739.0626228083565	1	0	tensor(3, device='cuda:0')	1.158212199466727
150200.0	1000.0	1539.0626228083343	0.0	0	521.3242161892704	1739.0626228083274	1	0	tensor(3, device='cuda:0')	1.1582121994667285
151200.0	2000.0	1539.0626228083447	0.0	0	510.90000524543575	1739.0626228083274	1	0	tensor(3, device='cuda:0')	1.1582121994667285
152200.0	2000.0	1539.062622808352	0.0	0	340.8940262250253	1739.0626228083274	1	0	tensor(3, device='cuda:0')	1.8513593800266737
155060.80813917294	6000.0	200.0	521.7455163645741	0	0.0	2260.8081391729356	1	0	tensor(3, device='cuda:0')	-1.2911855453944272
155450.0519261035	1000.0	815.4518048189115	4.695591749480556	0	0.0	2265.5037309224135	1	0	tensor(3, device='cuda:0')	-0.6993817454810938
156235.8317489008	2000.0	1029.6719820216267	0.0	0	0.0	2265.5037309224135	1	0	tensor(3, device='cuda:0')	1.1205512742438444
157203.24703170848	2000.0	1062.2566992139168	0.0	0	0.0	2265.5037309224426	1	0	tensor(3, device='cuda:0')	1.8136984548037869
158054.6785857613	2000.0	1210.8251451610527	0.0	0	0.0	2265.5037309224426	1	0	tensor(3, device='cuda:0')	1.8136984548037869
158537.27974734435	1000.0	1728.2239835780003	0.0	0	0.0	2265.5037309224426	1	0	tensor(3, device='cuda:0')	0.42740409368389665
159611.0338663204	2000.0	1654.469864601948	0.0	0	0.0	2265.5037309224426	1	0	tensor(3, device='cuda:0')	1.1205512742438417
160419.0438590797	2000.0	1846.4598718426348	0.0	0	0.0	2265.5037309224426	1	0	tensor(3, device='cuda:0')	1.8136984548037869
161200.0	1000.0	2065.5037309223535	0.0	0	308.137898613757	2265.5037309224426	1	0	tensor(3, device='cuda:0')	0.42740409368389665
162200.0	1000.0	2065.5037309223535	0.0	0	444.78089131767047	2265.5037309224426	1	0	tensor(3, device='cuda:0')	1.120551274243842
163200.0	1000.0	2065.503730922326	0.0	0	450.37454515413265	2265.5037309224426	1	0	tensor(3, device='cuda:0')	1.120551274243842
164200.0	1000.0	2065.503730922309	0.0	0	486.20341829789686	2265.5037309224135	1	0	tensor(3, device='cuda:0')	1.1205512742438444
165212.53436627236	3000.0	1951.7159280227525	0.0	0	0.0	2164.250294295227	1	0	tensor(4, device='cuda:0')	0.7245194227525384
166200.0	3000.0	1865.5037309223364	0.0	0	39.74843111014343	2065.5037309224717	1	0	tensor(4, device='cuda:0')	2.03612661133686
167844.60131502655	3000.0	1056.442284393123	0.0	0	0.0	1901.0435994198197	1	0	tensor(4, device='cuda:0')	1.9153477035713198
168355.5561246415	1000.0	1545.487474778139	0.0	0	0.0	1901.0435994198197	1	0	tensor(3, device='cuda:0')	-0.15002596668431337
169200.0	2000.0	1701.0435994196264	0.0	0	134.79269933511387	1901.0435994198197	1	0	tensor(3, device='cuda:0')	1.1485863219837966
170200.0	2000.0	1701.043599419636	0.0	0	122.44207584607648	1901.0435994198197	1	0	tensor(3, device='cuda:0')	1.8417335025437418
171200.0	2000.0	1701.0435994196334	0.0	0	88.7243388335919	1901.0435994198197	1	0	tensor(3, device='cuda:0')	1.8417335025437418
172200.0	2000.0	1701.0435994196234	0.0	0	209.80424581863917	1901.0435994198197	1	0	tensor(3, device='cuda:0')	1.8417335025437418
173775.3525214758	2000.0	1125.6910779438035	0.0	0	0.0	1901.0435994198197	1	0	tensor(3, device='cuda:0')	1.8417335025437418
174620.752468791	1000.0	1280.2911306285932	0.0	0	0.0	1901.0435994198197	1	0	tensor(3, device='cuda:0')	0.45543914142385133
175288.64121354907	1000.0	1612.402385870543	0.0	0	0.0	1901.0435994198197	1	0	tensor(3, device='cuda:0')	1.1485863219837964
176200.0	1000.0	1701.0435994195818	0.0	0	370.929520175996	1901.0435994198197	1	0	tensor(3, device='cuda:0')	1.1485863219837964
177559.2407872418	1000.0	1341.8028121777606	0.0	0	0.0	1901.0435994198197	1	0	tensor(3, device='cuda:0')	1.1485863219837964
178380.28174876518	1000.0	1520.7618506544072	0.0	0	0.0	1901.0435994198197	1	0	tensor(3, device='cuda:0')	1.1485863219837964
179200.0	1000.0	1701.0435994195734	0.0	0	89.61246415175265	1901.0435994198197	1	0	tensor(3, device='cuda:0')	1.1485863219837964
180200.0	1000.0	1701.0435994195877	0.0	0	418.8960732604028	1901.0435994198197	1	0	tensor(3, device='cuda:0')	1.1485863219837964
181847.8060733039	2000.0	1053.237526115704	0.0	0	0.0	1901.0435994198197	1	0	tensor(3, device='cuda:0')	1.1485863219837966
182505.21670676046	1000.0	1395.8268926591397	0.0	0	0.0	1901.0435994198197	1	0	tensor(3, device='cuda:0')	0.45543914142385133
183441.4799065762	2000.0	1459.5636928434014	0.0	0	0.0	1901.0435994198197	1	0	tensor(3, device='cuda:0')	1.1485863219837966
184278.38610654097	2000.0	1622.6574928786229	0.0	0	0.0	1901.0435994198197	1	0	tensor(3, device='cuda:0')	1.8417335025437418
185521.8257813253	2000.0	1379.2178180943113	0.0	0	0.0	1901.0435994198488	1	0	tensor(3, device='cuda:0')	1.8417335025437398
186418.5792897362	1000.0	1482.4643096834081	0.0	0	0.0	1901.0435994198779	1	0	tensor(3, device='cuda:0')	0.45543914142384756
187200.0	1000.0	1701.0435994195807	0.0	0	171.96270194856334	1901.0435994198488	1	0	tensor(3, device='cuda:0')	1.1485863219837946
188200.0	1000.0	1701.043599419605	0.0	0	383.5889981695509	1901.0435994198488	1	0	tensor(3, device='cuda:0')	1.1485863219837946
189200.0	1000.0	1701.043599419619	0.0	0	152.38263433997054	1901.0435994198488	1	0	tensor(3, device='cuda:0')	1.1485863219837946
190200.0	1000.0	1701.0435994196096	0.0	0	347.74031012528576	1901.0435994198488	1	0	tensor(3, device='cuda:0')	1.1485863219837946
191200.0	1000.0	1701.043599419624	0.0	0	664.187218839943	1901.0435994198488	1	0	tensor(3, device='cuda:0')	1.1485863219837946
192585.29988638463	2000.0	1315.743713035001	0.0	0	0.0	1901.0435994198197	1	0	tensor(3, device='cuda:0')	1.1485863219837966
193331.65624651097	1000.0	1569.3873529086643	0.0	0	0.0	1901.0435994197906	1	0	tensor(3, device='cuda:0')	0.4554391414238532
194511.29691208704	1000.0	1389.7466873325711	0.0	0	0.0	1901.0435994197906	1	0	tensor(3, device='cuda:0')	1.1485863219837984
195614.644080023	1000.0	1286.3995193966232	0.0	0	0.0	1901.0435994198197	1	0	tensor(3, device='cuda:0')	1.1485863219837964
196454.31082331671	1000.0	1446.7327761028996	0.0	0	0.0	1901.0435994198197	1	0	tensor(3, device='cuda:0')	1.1485863219837964
197288.3116366541	1000.0	1612.7319627654888	0.0	0	0.0	1901.0435994198197	1	0	tensor(3, device='cuda:0')	1.1485863219837964
198200.0	1000.0	1701.0435994195905	0.0	0	207.39637821435463	1901.0435994198197	1	0	tensor(3, device='cuda:0')	1.1485863219837964
199200.0	1000.0	1701.0435994195939	0.0	0	533.535492797062	1901.0435994198197	1	0	tensor(3, device='cuda:0')	1.1485863219837964
200200.0	1000.0	1701.0435994195927	0.0	0	613.5814492932986	1901.0435994198197	1	0	tensor(3, device='cuda:0')	1.1485863219837964
201758.47919198123	2000.0	1142.564407438357	0.0	0	0.0	1901.0435994198197	1	0	tensor(3, device='cuda:0')	1.1485863219837966
202278.32879679312	1000.0	1622.7148026264615	0.0	0	0.0	1901.0435994198197	1	0	tensor(3, device='cuda:0')	0.45543914142385133
203679.74540102325	2000.0	1221.298198396337	0.0	0	0.0	1901.0435994197906	1	0	tensor(3, device='cuda:0')	1.1485863219837982
204238.42291332627	1000.0	1662.620686093311	0.0	0	0.0	1901.0435994197906	1	0	tensor(3, device='cuda:0')	0.4554391414238532
205200.0	1000.0	1701.0435994195584	0.0	0	342.5522795395809	1901.0435994197906	1	0	tensor(3, device='cuda:0')	1.1485863219837984
206200.0	1000.0	1701.043599419556	0.0	0	629.6100392670778	1901.0435994197906	1	0	tensor(3, device='cuda:0')	1.1485863219837984
207200.0	2000.0	1701.043599419569	0.0	0	33.855345968244364	1901.0435994197906	1	0	tensor(3, device='cuda:0')	1.1485863219837982
208200.0	2000.0	1701.0435994196155	0.0	0	124.81557848543162	1901.0435994198197	1	0	tensor(3, device='cuda:0')	1.8417335025437418
209200.0	1000.0	1701.0435994196353	0.0	0	537.4184018977976	1901.0435994198197	1	0	tensor(3, device='cuda:0')	0.45543914142385133
210200.0	1000.0	1701.0435994196482	0.0	0	105.17203313185018	1901.0435994198197	1	0	tensor(3, device='cuda:0')	1.1485863219837964
211200.0	1000.0	1701.0435994196644	0.0	0	532.4771474378649	1901.0435994198197	1	0	tensor(3, device='cuda:0')	1.1485863219837964
212200.0	1000.0	1701.0435994196407	0.0	0	643.000194283668	1901.0435994198197	1	0	tensor(3, device='cuda:0')	1.1485863219837964
213576.76101546656	2000.0	1324.2825839530822	0.0	0	0.0	1901.0435994198197	1	0	tensor(3, device='cuda:0')	1.1485863219837966
214500.52120356174	2000.0	1400.5223958578981	0.0	0	0.0	1901.0435994198197	1	0	tensor(3, device='cuda:0')	1.8417335025437418
215460.7044815576	2000.0	1440.3391178620595	0.0	0	0.0	1901.0435994198197	1	0	tensor(3, device='cuda:0')	1.8417335025437418
216746.95632849188	2000.0	1154.0872709277792	0.0	0	0.0	1901.0435994198197	1	0	tensor(3, device='cuda:0')	1.8417335025437418
217358.5627161702	1000.0	1542.4808832494416	0.0	0	0.0	1901.0435994198197	1	0	tensor(3, device='cuda:0')	0.45543914142385133
218281.35854030462	2000.0	1619.6850591150676	0.0	0	0.0	1901.0435994198197	1	0	tensor(3, device='cuda:0')	1.1485863219837966
219425.88586781966	3000.0	1360.7049988485023	0.0	0	0.0	1786.5908666682953	1	0	tensor(4, device='cuda:0')	1.417771732223692
220446.46014670655	2000.0	1340.1307199616124	0.0	0	0.0	1786.5908666682953	1	0	tensor(3, device='cuda:0')	1.2432249046842045
221395.0176158232	2000.0	1391.5732508449635	0.0	0	0.0	1786.5908666682953	1	0	tensor(3, device='cuda:0')	1.8486900127923693
222671.73715004488	3000.0	987.181763201097	0.0	0	0.0	1658.9189132461615	1	0	tensor(4, device='cuda:0')	1.3983932641588117
223370.69396940534	2000.0	1288.2249438406377	0.0	0	0.0	1658.9189132461615	1	0	tensor(3, device='cuda:0')	1.2501252165687273
224654.63562195498	3000.0	875.8891260360399	0.0	0	0.0	1530.5247479911777	1	0	tensor(4, device='cuda:0')	1.40310879769008
226322.73340070734	2000.0	207.791347283643	0.0	0	0.0	1530.5247479911777	1	0	tensor(3, device='cuda:0')	1.2562508447564245
227292.89427912576	1000.0	541.8695976628275	304.239128797611	0	0.0	1834.7638767887838	1	0	tensor(3, device='cuda:0')	-1.3658733591452725
227950.5521141258	2000.0	884.2117626627992	0.0	0	0.0	1834.7638767887838	1	0	tensor(3, device='cuda:0')	1.1527085942003388
228691.65681000537	2000.0	1143.107066783241	0.0	0	0.0	1834.7638767887838	1	0	tensor(3, device='cuda:0')	1.8458557747602837
229465.3406290773	3000.0	1292.0548658041287	0.0	0	0.0	1757.395494881639	1	0	tensor(4, device='cuda:0')	1.4942453549186412
230396.36013322682	2000.0	1361.035361654639	0.0	0	0.0	1757.395494881639	1	0	tensor(3, device='cuda:0')	1.2448792046833994
231344.51877985967	2000.0	1412.8767150217834	0.0	0	0.0	1757.3954948816681	1	0	tensor(3, device='cuda:0')	1.8503443127915626
232200.0	2000.0	1557.3954948814228	0.0	0	180.42306792587624	1757.3954948816681	1	0	tensor(3, device='cuda:0')	1.8503443127915626
233200.0	2000.0	1557.3954948813882	0.0	0	352.5476865154051	1757.3954948816681	1	0	tensor(3, device='cuda:0')	1.8503443127915626
234200.0	2000.0	1557.3954948813696	0.0	0	177.21574394026538	1757.395494881639	1	0	tensor(3, device='cuda:0')	1.8503443127915642
235302.93495075777	2000.0	1454.4605441236029	0.0	0	0.0	1757.395494881639	1	0	tensor(3, device='cuda:0')	1.8503443127915642
236277.33431804946	3000.0	1382.6212401027494	0.0	0	0.0	1659.955558152462	1	0	tensor(4, device='cuda:0')	1.4592546223788925
237706.40698931928	3000.0	810.6413017059258	0.0	0	0.0	1517.0482910254213	1	0	tensor(4, device='cuda:0')	1.9798681704231345
239002.98690118777	2000.0	514.0613898374195	0.0	0	0.0	1517.0482910254505	1	0	tensor(3, device='cuda:0')	1.2568503849926262
240114.87093792038	2000.0	448.87240812615084	46.695055021330575	0	0.0	1563.7433460467728	1	0	tensor(3, device='cuda:0')	1.5800336346104622
240503.93565348783	1000.0	1059.807692558701	0.0	0	0.0	1563.7433460467728	1	0	tensor(3, device='cuda:0')	0.4739096036185551
241986.12995728847	2000.0	577.6133887580493	0.0	0	0.0	1563.7433460467728	1	0	tensor(3, device='cuda:0')	1.1670567841785005
242665.29507835503	1000.0	898.4482676914859	0.0	0	0.0	1563.7433460467728	1	0	tensor(3, device='cuda:0')	0.4739096036185551
243571.96687800123	2000.0	991.7764680453085	0.0	0	0.0	1563.743346046802	1	0	tensor(3, device='cuda:0')	1.167056784178499
244200.0	2000.0	1363.7433460465352	0.0	0	60.872482344741	1563.7433460467728	1	0	tensor(3, device='cuda:0')	1.8602039647384454
245472.22812875762	2000.0	1091.5152172889323	0.0	0	0.0	1563.7433460467728	1	0	tensor(3, device='cuda:0')	1.8602039647384454
246629.5044958573	2000.0	934.2388501892372	0.0	0	0.0	1563.7433460467437	1	0	tensor(3, device='cuda:0')	1.8602039647384467
247328.55953542347	2000.0	1235.1838106230891	0.0	0	0.0	1563.7433460467437	1	0	tensor(3, device='cuda:0')	1.8602039647384467
248200.0	2000.0	1363.743346046557	0.0	0	207.67475007474422	1563.7433460467437	1	0	tensor(3, device='cuda:0')	1.8602039647384467
249200.0	2000.0	1363.7433460465527	0.0	0	378.3019448869745	1563.7433460467728	1	0	tensor(3, device='cuda:0')	1.8602039647384454
250200.0	2000.0	1363.7433460465268	0.0	0	177.8442659152206	1563.7433460467728	1	0	tensor(3, device='cuda:0')	1.8602039647384454
251200.0	2000.0	1363.7433460465245	0.0	0	6.486879801232135	1563.7433460467728	1	0	tensor(3, device='cuda:0')	1.8602039647384454
252343.86949452828	2000.0	1219.8738515182695	0.0	0	0.0	1563.7433460467728	1	0	tensor(3, device='cuda:0')	1.8602039647384454
253621.93288667148	2000.0	941.8104593750868	0.0	0	0.0	1563.7433460467728	1	0	tensor(3, device='cuda:0')	1.8602039647384454
254314.38733579466	1000.0	1249.3560102519268	0.0	0	0.0	1563.743346046802	1	0	tensor(3, device='cuda:0')	0.4739096036185537
255459.6057788508	2000.0	1104.137567195799	0.0	0	0.0	1563.743346046802	1	0	tensor(3, device='cuda:0')	1.167056784178499
256688.61688406303	2000.0	875.1264619835525	0.0	0	0.0	1563.743346046802	1	0	tensor(3, device='cuda:0')	1.860203964738444
257264.66381158537	1000.0	1299.0795344612523	0.0	0	0.0	1563.743346046802	1	0	tensor(3, device='cuda:0')	0.4739096036185537
258200.0	1000.0	1363.7433460465836	0.0	0	391.7172479907749	1563.743346046802	1	0	tensor(3, device='cuda:0')	1.167056784178499
259200.0	1000.0	1363.743346046579	0.0	0	299.7128633420798	1563.743346046831	1	0	tensor(3, device='cuda:0')	1.1670567841784976
260200.0	1000.0	1363.743346046596	0.0	0	367.783753524418	1563.743346046831	1	0	tensor(3, device='cuda:0')	1.1670567841784976
261200.0	2000.0	1363.7433460466004	0.0	0	180.75150183786172	1563.743346046831	1	0	tensor(3, device='cuda:0')	1.1670567841784976
262200.0	2000.0	1363.7433460465988	0.0	0	123.2592708504817	1563.74334604686	1	0	tensor(3, device='cuda:0')	1.8602039647384414
263200.0	2000.0	1363.7433460466182	0.0	0	231.28411310206866	1563.74334604686	1	0	tensor(3, device='cuda:0')	1.8602039647384414
264389.626458518	2000.0	1174.1168875286726	0.0	0	0.0	1563.743346046831	1	0	tensor(3, device='cuda:0')	1.8602039647384427
265616.0848191496	2000.0	947.6585268971185	0.0	0	0.0	1563.743346046831	1	0	tensor(3, device='cuda:0')	1.8602039647384427
266357.2892634886	1000.0	1206.454082558117	0.0	0	0.0	1563.743346046831	1	0	tensor(3, device='cuda:0')	0.47390960361855244
267298.919563295	2000.0	1264.823782751691	0.0	0	0.0	1563.743346046831	1	0	tensor(3, device='cuda:0')	1.1670567841784976
268200.0	2000.0	1363.7433460467767	0.0	0	18.317551643704064	1563.743346046831	1	0	tensor(3, device='cuda:0')	1.8602039647384427
269200.0	2000.0	1363.7433460467398	0.0	0	468.3597768274485	1563.743346046831	1	0	tensor(3, device='cuda:0')	1.8602039647384427
270200.0	2000.0	1363.7433460467485	0.0	0	454.73275565577205	1563.743346046831	1	0	tensor(3, device='cuda:0')	1.8602039647384427
273035.19385260396	6000.0	200.0	671.4505065572439	0	0.0	2235.1938526039594	1	0	tensor(3, device='cuda:0')	-2.1886952887470565
273851.48783133505	3000.0	545.6770531109023	221.4549361046233	0	0.0	2397.164884445956	1	0	tensor(4, device='cuda:0')	-0.13663285101189399
275621.0417480682	3000.0	200.0	546.2111411777739	0	0.0	2821.041748068179	1	0	tensor(4, device='cuda:0')	-1.3435812892764736
276369.33090250415	1000.0	641.7519584161432	190.0411128521191	0	0.0	3011.082860920287	1	0	tensor(3, device='cuda:0')	-1.4167119834267858
276975.5231091401	1000.0	1035.5597517801712	0.0	0	0.0	3011.082860920287	1	0	tensor(3, device='cuda:0')	1.022146982354039
277560.8498768605	1000.0	1450.2329840597822	0.0	0	0.0	3011.082860920287	1	0	tensor(3, device='cuda:0')	1.022146982354039
278264.93974071124	1000.0	1746.1431202090648	0.0	0	0.0	3011.082860920287	1	0	tensor(3, device='cuda:0')	1.022146982354039
279333.618265924	3000.0	1570.59674247501	0.0	0	0.0	2904.2150083989254	1	0	tensor(4, device='cuda:0')	0.6227729367107847
281104.7751309436	3000.0	622.3241909533606	0.0	0	0.0	2727.0993218968506	1	0	tensor(4, device='cuda:0')	1.8039726097686275
281602.2394765204	1000.0	1124.8598453765876	0.0	0	0.0	2727.0993218968506	1	0	tensor(3, device='cuda:0')	-0.23079957828567796
283612.1138003531	3000.0	200.0	260.0017371266456	0	0.0	2812.113800352963	1	0	tensor(4, device='cuda:0')	-1.0335067892367595
284666.95094024023	1000.0	622.4759752974285	477.31311518458824	0	0.0	3289.4269155376824	1	0	tensor(3, device='cuda:0')	-3.1980370342840247
286200.0	1000.0	285.84950434586494	196.3735290484326	0	437.5031497181626	485.84950434585335	1	0	tensor(6, device='cuda:0')	-8.980430590693524
287200.0	1000.0	285.849504345858	0.0	0	550.5137794705806	485.84950434585335	1	0	tensor(3, device='cuda:0')	1.197810583597074
288200.0	1000.0	302.6962785567178	16.84677421082864	0	405.87451674073236	502.6962785567157	1	0	tensor(3, device='cuda:0')	1.096458324079952
289200.0	2000.0	304.4787612323102	1.7824826756204288	0	414.73504235380096	504.47876123234164	1	0	tensor(3, device='cuda:0')	1.1868150685791565
290200.0	2000.0	365.9813656397264	61.502604407377646	0	223.34261158073787	565.9813656397746	1	0	tensor(3, device='cuda:0')	1.520608682332299
291200.0	2000.0	377.3643285096633	11.382962869906805	0	243.9047919299337	577.3643285097205	1	0	tensor(3, device='cuda:0')	1.8211283697610745
292200.0	2000.0	377.36432850965684	0.0	0	455.51492192043224	577.3643285097787	1	0	tensor(3, device='cuda:0')	1.8894261469805147
293201.8977784674	2000.0	375.4665500422873	0.0	0	168.80468467564788	577.3643285097787	1	0	tensor(3, device='cuda:0')	1.8894261469805147
294377.18900258606	2000.0	503.70626866439727	303.5309427407599	0	0.0	880.8952712504542	1	0	tensor(3, device='cuda:0')	0.06204157577887026
295414.75412632036	2000.0	476.46300416605914	10.321859235992918	0	0.0	891.217130486446	1	0	tensor(3, device='cuda:0')	1.8210508004955814
296563.4238728236	2000.0	411.87698284674354	84.08372518394404	0	0.0	975.3008556703571	1	0	tensor(3, device='cuda:0')	1.3763855890116208
297259.92484736204	2000.0	715.376008308282	0.0	0	0.0	975.3008556702989	1	0	tensor(3, device='cuda:0')	1.8808879401152867
298200.0	2000.0	775.3008556703533	0.0	0	236.1988223855151	975.3008556702989	1	0	tensor(3, device='cuda:0')	1.8808879401152867
299200.0	2000.0	775.3008556703909	0.0	0	262.8071449684794	975.3008556703571	1	0	tensor(3, device='cuda:0')	1.8808879401152852
300550.81008162565	2000.0	424.4907740447168	0.0	0	0.0	975.3008556703571	1	0	tensor(3, device='cuda:0')	1.8808879401152852
301679.89912345883	2000.0	387.80837866020056	92.40664644862898	0	0.0	1067.7075021190103	1	0	tensor(3, device='cuda:0')	1.3239372221405927
303003.4083291163	2000.0	318.86197280567933	254.5627998029497	0	0.0	1322.2703019219334	1	0	tensor(3, device='cuda:0')	0.3427760426167262
303570.0479747483	1000.0	752.2223271737332	0.0	0	0.0	1322.2703019219334	1	0	tensor(3, device='cuda:0')	0.48385848031453416
304579.50960248196	1000.0	742.760699440044	0.0	0	0.0	1322.2703019219334	1	0	tensor(3, device='cuda:0')	1.1770056608744792
305439.02382214705	1000.0	883.2464797749667	0.0	0	0.0	1322.2703019218752	1	0	tensor(3, device='cuda:0')	1.1770056608744814
306244.8052473472	1000.0	1077.4650545748368	0.0	0	0.0	1322.2703019218752	1	0	tensor(3, device='cuda:0')	1.1770056608744814
2.05	2.58	2.06	1.96	1.14	0.834	1.56	1.2	1.23	2.68	2.65	2.53	2.09	1.85	1.7	1.78	1.29	2.43	1.85	1.92	2.92	1.77	2.8	1.14	1.54	2.34	1.95	1.92	2.57	1.47	1.83	2.61	3.75	4.97	1.53	2.03	2.15	1.87	1.11	1.37	1.89	2.55	1.27	2.69	3.37	3.89	2.84	1.81	2.8	2.44	2.04	2.26	2.14	2.02	1.9	1.93	1.77	2.59	3.21	2.32	1.95	3.26	2.28	1.45	3.22	3.37	2.54	2.56	1.98	2.55	2.03	2.2	1.68	1.14	1.8	2.22	2.72	2.31	2.63	0.996	1.17	2.12	3.82	3.38	2.57	2.37	1.42	0.904	1.81	3.45	2.14	1.93	2.35	3.19	3.82	0.904	1.88	1.37	1.63	1.71	1.51	1.76	3.12	1.1	1.12	1.37	2.13	1.76	1.24	1.34	0.73	1.32	2.86	1.83	1.98	2.87	2.5	2.1	1.62	1.39	2.21	1.96	2.92	1.56	1.51	3.2	3.93	2.26	1.8	1.66	1.6	3.38	2.54	1.55	2.97	2.8	2.37	3.12	2.13	2.21	2.81	2.58	2.8	1.76	1.85	2.35	1.89	1.8	2.44	3.52	3.88	2.64	2.78	2.21	2.34	2.77	2.07	2.43	2.37	2.12	2.02	1.85	2.26	2.92	3.37	2.1	1.85	2.57	2.04	2.09	2.61	1.18	0.88	1.54	1.46	0.973	0.753	1.89	2.1	1.76	1.38	2.15	2.2	2.31	1.41	1.83	1.34	1.55	1.64	2.7	1.84	1.27	1.12	1.18	1.34	1.55	1.82	1.78	3.41	1.49	1.53	1.88	1.77	1.91	2.69	2.21	1.97	1.82	1.48	1.76	2.87	1.7	2.14	2.9	1.99	1.51	2.94	3.63	2.2	2.11	3.28	2.55	3.7	2.59	0.915	1.1	3.0	3.64	2.62	1.93	2.42	2.84	2.73	2.06	3.64	3.16	1.96	1.66	1.81	2.19	1.51	2.15	3.66	2.32	1.53	2.24	2.47	2.85	3.13	2.51	1.9	2.36	1.67	1.88	2.33	1.95	1.68	1.76	1.74	2.13	2.59	2.97	1.84	1.66	1.36	2.59	3.08	3.41	4.66	2.95	2.34	2.51	3.82	1.77	1.34	1.84	1.67	2.54	2.64	1.84	2.86	1.48	0.788	1.61	1.71	1.81	2.65	2.78	2.75	3.19	3.34	1.18	2.02	1.99	2.42	3.96	3.73	1.39	2.05	2.11	1.78	1.39	1.36	1.59	1.38	2.26	2.15
853.0	854.0	855.0	856.0	857.0	858.0	859.0	860.0	861.0	862.0	863.0	864.0	865.0	866.0	867.0	868.0	869.0	870.0	871.0	872.0	873.0	874.0	875.0	876.0	877.0	878.0	879.0	880.0	881.0	882.0	883.0	884.0	885.0	886.0	887.0	888.0	889.0	890.0	891.0	892.0	893.0	894.0	895.0	896.0	897.0	898.0	899.0	900.0	901.0	902.0	903.0	904.0	905.0	906.0	907.0	908.0	909.0	910.0	911.0	912.0	913.0	914.0	915.0	916.0	917.0	918.0	919.0	920.0	921.0	922.0	923.0	924.0	925.0	926.0	927.0	928.0	929.0	930.0	931.0	932.0	933.0	934.0	935.0	936.0	937.0	938.0	939.0	940.0	941.0	942.0	943.0	944.0	945.0	946.0	947.0	948.0	949.0	950.0	951.0	952.0	953.0	954.0	955.0	956.0	957.0	958.0	959.0	960.0	961.0	962.0	963.0	964.0	965.0	966.0	967.0	968.0	969.0	970.0	971.0	972.0	973.0	974.0	975.0	976.0	977.0	978.0	979.0	980.0	981.0	982.0	983.0	984.0	985.0	986.0	987.0	988.0	989.0	990.0	991.0	992.0	993.0	994.0	995.0	996.0	997.0	998.0	999.0	1000.0	1001.0	1002.0	1003.0	1004.0	1005.0	1006.0	1007.0	1008.0	1009.0	1010.0	1011.0	1012.0	1013.0	1014.0	1015.0	1016.0	1017.0	1018.0	1019.0	1020.0	1021.0	1022.0	1023.0	1024.0	1025.0	1026.0	1027.0	1028.0	1029.0	1030.0	1031.0	1032.0	1033.0	1034.0	1035.0	1036.0	1037.0	1038.0	1039.0	1040.0	1041.0	1042.0	1043.0	1044.0	1045.0	1046.0	1047.0	1048.0	1049.0	1050.0	1051.0	1052.0	1053.0	1054.0	1055.0	1056.0	1057.0	1058.0	1059.0	1060.0	1061.0	1062.0	1063.0	1064.0	1065.0	1066.0	1067.0	1068.0	1069.0	1070.0	1071.0	1072.0	1073.0	1074.0	1075.0	1076.0	1077.0	1078.0	1079.0	1080.0	1081.0	1082.0	1083.0	1084.0	1085.0	1086.0	1087.0	1088.0	1089.0	1090.0	1091.0	1092.0	1093.0	1094.0	1095.0	1096.0	1097.0	1098.0	1099.0	1100.0	1101.0	1102.0	1103.0	1104.0	1105.0	1106.0	1107.0	1108.0	1109.0	1110.0	1111.0	1112.0	1113.0	1114.0	1115.0	1116.0	1117.0	1118.0	1119.0	1120.0	1121.0	1122.0	1123.0	1124.0	1125.0	1126.0	1127.0	1128.0	1129.0	1130.0	1131.0	1132.0	1133.0	1134.0	1135.0	1136.0	1137.0	1138.0	1139.0	1140.0	1141.0	1142.0	1143.0	1144.0	1145.0	1146.0	1147.0	1148.0	1149.0	1150.0	1151.0	1152.0	1153.0	1154.0	1155.0	1156.0	1157.0	1158.0	1159.0
1215.0
