5718.642016516555	1000.0	2000.0	167.12091465356494	0	0.0	2718.6420165165546	1	0	tensor(6, device='cuda:0')	-10.132724994218622
6330.04516512053	3000.0	2327.456536535627	0.0	0	0.0	2657.501701656157	1	0	tensor(4, device='cuda:0')	0.7529925162678668
7200.0	6000.0	2457.501701656158	0.0	0	131.08142298329494	2657.501701656158	1	0	tensor(3, device='cuda:0')	1.9759088744382423
8200.0	6000.0	2457.5017016561574	0.0	0	251.41683211321106	2657.501701656158	1	0	tensor(3, device='cuda:0')	2.8690560549981874
9200.0	6000.0	2457.5017016561574	0.0	0	106.30219671357554	2657.501701656158	1	0	tensor(3, device='cuda:0')	2.8690560549981874
10200.0	6000.0	2457.501701656158	0.0	0	202.2999358462239	2657.5017016561587	1	0	tensor(3, device='cuda:0')	2.8690560549981874
11200.0	6000.0	2457.5017016561587	0.0	0	207.97294636027436	2657.5017016561596	1	0	tensor(3, device='cuda:0')	2.8690560549981874
12200.0	6000.0	2457.5017016561596	0.0	0	55.91441248809133	2657.5017016561615	1	0	tensor(3, device='cuda:0')	2.869056054998187
13745.921796239893	6000.0	1911.5799054162696	0.0	0	0.0	2657.5017016561615	1	0	tensor(3, device='cuda:0')	2.869056054998187
14602.208326164418	6000.0	2055.2933754917435	0.0	0	0.0	2657.5017016561615	1	0	tensor(3, device='cuda:0')	2.869056054998187
16701.274701215898	6000.0	956.2270004402652	0.0	0	0.0	2657.5017016561615	1	0	tensor(3, device='cuda:0')	2.8690560549981874
17418.08987255456	3000.0	1167.7303119677317	0.0	0	0.0	2585.8201845222884	1	0	tensor(4, device='cuda:0')	1.1461504588573947
18084.855745560042	3000.0	1434.2878516617059	0.0	0	0.0	2519.143597221746	1	0	tensor(4, device='cuda:0')	2.0578295903142663
18560.16363216161	3000.0	1911.4491763999777	0.0	0	0.0	2471.6128085615874	1	0	tensor(4, device='cuda:0')	2.1020568990507726
19200.0	3000.0	2207.6291717777494	0.0	0	96.76260405956418	2407.6291717777494	1	0	tensor(4, device='cuda:0')	2.075151991125233
20200.0	6000.0	2207.6291717777476	0.0	0	7.3028517980455945	2407.6291717777494	1	0	tensor(3, device='cuda:0')	2.0052946867504016
21840.146017654217	6000.0	1567.4831541235335	0.0	0	0.0	2407.6291717777494	1	0	tensor(3, device='cuda:0')	2.8984418673103467
23422.657127412625	6000.0	984.9720443651275	0.0	0	0.0	2407.629171777753	1	0	tensor(3, device='cuda:0')	2.8984418673103467
24994.804249516677	3000.0	295.08301290900226	35.884366234848144	0	0.0	2289.88726242568	1	0	tensor(4, device='cuda:0')	0.7986902939077645
26579.347551171148	3000.0	200.0	589.0132899190146	0	0.0	2779.3475511711476	1	0	tensor(4, device='cuda:0')	-1.570820117803206
28479.461084615305	3000.0	200.0	991.0226243532467	0	0.0	3679.4610846153046	1	0	tensor(4, device='cuda:0')	-4.131046821207281
29200.0	1000.0	493.9907843584698	14.529699743164798	0	302.134965347097	693.9907843584697	1	0	tensor(6, device='cuda:0')	-9.19167595610354
30200.0	2000.0	493.9907843584706	0.0	0	356.05912775631805	693.9907843584697	1	0	tensor(3, device='cuda:0')	1.1941145310235568
31200.0	2000.0	493.9907843584706	0.0	0	573.4961042959112	693.9907843584697	1	0	tensor(3, device='cuda:0')	1.887261711583502
32200.0	2000.0	493.99078435846945	0.0	0	523.073786055902	693.9907843584697	1	0	tensor(3, device='cuda:0')	1.887261711583502
33200.0	2000.0	493.9907843584738	0.0	0	632.4418151593454	693.990784358477	1	0	tensor(3, device='cuda:0')	1.8872617115835015
34200.0	2000.0	493.99078435847764	0.0	0	516.1699219649163	693.9907843584733	1	0	tensor(3, device='cuda:0')	1.8872617115835015
35200.0	2000.0	493.99078435847537	0.0	0	526.5700003912498	693.990784358466	1	0	tensor(3, device='cuda:0')	1.887261711583502
36200.0	2000.0	493.9907843584683	0.0	0	568.2145289206164	693.990784358466	1	0	tensor(3, device='cuda:0')	1.887261711583502
37200.0	2000.0	493.99078435847116	0.0	0	651.0259062025871	693.990784358466	1	0	tensor(3, device='cuda:0')	1.887261711583502
38200.0	2000.0	493.99078435846616	0.0	0	638.6587815596577	693.990784358466	1	0	tensor(3, device='cuda:0')	1.887261711583502
39200.0	2000.0	493.99078435846127	0.0	0	626.9312314367999	693.9907843584588	1	0	tensor(3, device='cuda:0')	1.887261711583502
40200.0	2000.0	493.99078435846377	0.0	0	585.3884117526977	693.990784358466	1	0	tensor(3, device='cuda:0')	1.887261711583502
41200.0	2000.0	493.9907843584617	0.0	0	590.1048791774156	693.990784358466	1	0	tensor(3, device='cuda:0')	1.887261711583502
42200.0	2000.0	493.9907843584598	0.0	0	612.650487972227	693.990784358466	1	0	tensor(3, device='cuda:0')	1.887261711583502
43200.0	2000.0	493.9907843584617	0.0	0	691.4180208694015	693.990784358466	1	0	tensor(3, device='cuda:0')	1.887261711583502
44200.0	2000.0	493.9907843584624	0.0	0	644.387690267904	693.9907843584733	1	0	tensor(3, device='cuda:0')	1.8872617115835015
45200.0	2000.0	493.9907843584605	0.0	0	710.4326731373221	693.9907843584733	1	0	tensor(3, device='cuda:0')	1.8872617115835015
46200.0	2000.0	493.9907843584606	0.0	0	648.6554243023202	693.9907843584733	1	0	tensor(3, device='cuda:0')	1.8872617115835015
47200.0	2000.0	493.99078435846536	0.0	0	671.1024261551211	693.9907843584733	1	0	tensor(3, device='cuda:0')	1.8872617115835015
48200.0	2000.0	493.9907843584691	0.0	0	643.3746778710702	693.9907843584733	1	0	tensor(3, device='cuda:0')	1.8872617115835015
49200.0	2000.0	493.99078435846627	0.0	0	518.2819990824137	693.9907843584733	1	0	tensor(3, device='cuda:0')	1.8872617115835015
50200.0	2000.0	493.99078435846945	0.0	0	565.1330980336788	693.9907843584733	1	0	tensor(3, device='cuda:0')	1.8872617115835015
51200.0	2000.0	493.9907843584741	0.0	0	606.3449485145829	693.9907843584806	1	0	tensor(3, device='cuda:0')	1.8872617115835015
52200.0	2000.0	493.9907843584656	0.0	0	705.5635162585968	693.9907843584806	1	0	tensor(3, device='cuda:0')	1.8872617115835015
53200.0	2000.0	493.99078435846536	0.0	0	671.2927175335135	693.9907843584806	1	0	tensor(3, device='cuda:0')	1.8872617115835015
54200.0	2000.0	493.99078435846604	0.0	0	745.9105716703561	693.9907843584806	1	0	tensor(3, device='cuda:0')	1.8872617115835015
55200.0	2000.0	493.99078435846036	0.0	0	601.1614846831872	693.9907843584806	1	0	tensor(3, device='cuda:0')	1.8872617115835015
56200.0	2000.0	493.9907843584558	0.0	0	705.9054062991709	693.9907843584733	1	0	tensor(3, device='cuda:0')	1.8872617115835015
57200.0	2000.0	493.99078435845956	0.0	0	625.4124010308078	693.9907843584733	1	0	tensor(3, device='cuda:0')	1.8872617115835015
58200.0	2000.0	493.99078435846195	0.0	0	661.1571536680203	693.990784358466	1	0	tensor(3, device='cuda:0')	1.887261711583502
59200.0	2000.0	493.99078435845956	0.0	0	633.568678811549	693.990784358466	1	0	tensor(3, device='cuda:0')	1.887261711583502
60200.0	2000.0	493.99078435846184	0.0	0	613.1200180883752	693.990784358466	1	0	tensor(3, device='cuda:0')	1.887261711583502
61200.0	2000.0	493.9907843584557	0.0	0	555.4475808108837	693.990784358466	1	0	tensor(3, device='cuda:0')	1.887261711583502
62200.0	2000.0	493.9907843584492	0.0	0	465.0657274560217	693.990784358466	1	0	tensor(3, device='cuda:0')	1.887261711583502
63200.0	2000.0	493.9907843584451	0.0	0	448.7649112858271	693.990784358466	1	0	tensor(3, device='cuda:0')	1.887261711583502
64200.0	2000.0	493.9907843584441	0.0	0	597.4664329241423	693.990784358466	1	0	tensor(3, device='cuda:0')	1.887261711583502
65200.0	2000.0	493.9907843584434	0.0	0	675.0155675137285	693.990784358466	1	0	tensor(3, device='cuda:0')	1.887261711583502
66200.0	2000.0	493.99078435843944	0.0	0	635.4346427316705	693.9907843584588	1	0	tensor(3, device='cuda:0')	1.887261711583502
67200.0	2000.0	493.9907843584267	0.0	0	577.5207731663977	693.9907843584515	1	0	tensor(3, device='cuda:0')	1.8872617115835022
68200.0	2000.0	493.99078435841443	0.0	0	655.5271499700466	693.9907843584515	1	0	tensor(3, device='cuda:0')	1.8872617115835022
69200.0	2000.0	493.99078435841557	0.0	0	697.1435844676453	693.9907843584515	1	0	tensor(3, device='cuda:0')	1.8872617115835022
70200.0	2000.0	493.99078435841693	0.0	0	639.2769106090709	693.9907843584515	1	0	tensor(3, device='cuda:0')	1.8872617115835022
71200.0	2000.0	493.9907843584317	0.0	0	697.0683397600806	693.9907843584515	1	0	tensor(3, device='cuda:0')	1.8872617115835022
72200.0	2000.0	493.9907843584275	0.0	0	412.83498683616926	693.9907843584369	1	0	tensor(3, device='cuda:0')	1.8872617115835024
73200.0	2000.0	493.99078435843455	0.0	0	69.39618876311579	693.9907843584515	1	0	tensor(3, device='cuda:0')	1.8872617115835022
74200.0	2000.0	493.9907843584415	0.0	0	266.11612358487037	693.990784358466	1	0	tensor(3, device='cuda:0')	1.887261711583502
75200.0	2000.0	493.9907843584376	0.0	0	303.80232763825916	693.990784358466	1	0	tensor(3, device='cuda:0')	1.887261711583502
76200.0	2000.0	493.99078435844945	0.0	0	410.50911667085893	693.990784358466	1	0	tensor(3, device='cuda:0')	1.887261711583502
77200.0	2000.0	493.9907843584483	0.0	0	477.7299085587292	693.990784358466	1	0	tensor(3, device='cuda:0')	1.887261711583502
78200.0	2000.0	493.9907843584465	0.0	0	617.0099081680382	693.990784358466	1	0	tensor(3, device='cuda:0')	1.887261711583502
79200.0	2000.0	493.9907843584399	0.0	0	260.58380734169623	693.9907843584515	1	0	tensor(3, device='cuda:0')	1.8872617115835022
80200.0	2000.0	493.99078435843285	0.0	0	287.5958028041932	693.9907843584369	1	0	tensor(3, device='cuda:0')	1.8872617115835024
81200.0	2000.0	493.99078435843387	0.0	0	419.05478287804	693.9907843584369	1	0	tensor(3, device='cuda:0')	1.8872617115835024
82200.0	2000.0	493.9907843584317	0.0	0	599.0655025253072	693.9907843584369	1	0	tensor(3, device='cuda:0')	1.8872617115835024
83200.0	2000.0	493.99078435842466	0.0	0	543.5214576892031	693.9907843584369	1	0	tensor(3, device='cuda:0')	1.8872617115835024
84200.0	2000.0	493.9907843584224	0.0	0	513.5589951349539	693.9907843584369	1	0	tensor(3, device='cuda:0')	1.8872617115835024
85200.0	2000.0	493.99078435841363	0.0	0	241.296386506001	693.9907843584369	1	0	tensor(3, device='cuda:0')	1.8872617115835024
86200.0	2000.0	493.9907843584084	0.0	0	409.51879410831316	693.9907843584224	1	0	tensor(3, device='cuda:0')	1.8872617115835029
87200.0	2000.0	493.99078435841557	0.0	0	487.4960803613503	693.9907843584224	1	0	tensor(3, device='cuda:0')	1.8872617115835029
88200.0	2000.0	493.99078435840886	0.0	0	403.9294790463755	693.9907843584224	1	0	tensor(3, device='cuda:0')	1.8872617115835029
89200.0	2000.0	493.99078435839874	0.0	0	524.6323823864659	693.9907843584224	1	0	tensor(3, device='cuda:0')	1.8872617115835029
90200.0	2000.0	493.99078435839965	0.0	0	653.0491699815466	693.9907843584078	1	0	tensor(3, device='cuda:0')	1.887261711583503
91200.0	2000.0	493.99078435839806	0.0	0	474.30496627581306	693.9907843584078	1	0	tensor(3, device='cuda:0')	1.887261711583503
92200.0	2000.0	493.99078435840295	0.0	0	540.2542815982451	693.9907843583933	1	0	tensor(3, device='cuda:0')	1.8872617115835033
93200.0	2000.0	493.99078435841363	0.0	0	529.1194952848309	693.9907843583933	1	0	tensor(3, device='cuda:0')	1.8872617115835033
94200.0	2000.0	493.9907843584318	0.0	0	697.9296396132559	693.9907843583933	1	0	tensor(3, device='cuda:0')	1.8872617115835033
95200.0	2000.0	493.99078435845195	0.0	0	599.5499742388347	693.9907843583933	1	0	tensor(3, device='cuda:0')	1.8872617115835033
96200.0	2000.0	493.990784358458	0.0	0	636.2680927669426	693.9907843583933	1	0	tensor(3, device='cuda:0')	1.8872617115835033
97200.0	2000.0	493.9907843584724	0.0	0	604.1903492394922	693.9907843583933	1	0	tensor(3, device='cuda:0')	1.8872617115835033
98200.0	2000.0	493.99078435846695	0.0	0	448.9004064006149	693.9907843583933	1	0	tensor(3, device='cuda:0')	1.8872617115835033
99200.0	2000.0	493.9907843584492	0.0	0	307.62805871829914	693.9907843583933	1	0	tensor(3, device='cuda:0')	1.8872617115835033
100200.0	2000.0	493.9907843584415	0.0	0	563.9767965542705	693.9907843583933	1	0	tensor(3, device='cuda:0')	1.8872617115835033
101200.0	2000.0	493.99078435844274	0.0	0	517.1109146313393	693.9907843583933	1	0	tensor(3, device='cuda:0')	1.8872617115835033
102200.0	2000.0	493.99078435842966	0.0	0	540.098816657046	693.9907843583933	1	0	tensor(3, device='cuda:0')	1.8872617115835033
103200.0	2000.0	493.99078435841545	0.0	0	562.010657574152	693.9907843583933	1	0	tensor(3, device='cuda:0')	1.8872617115835033
104200.0	2000.0	493.99078435841034	0.0	0	468.46192932994745	693.9907843583933	1	0	tensor(3, device='cuda:0')	1.8872617115835033
105200.0	2000.0	493.99078435840727	0.0	0	586.7381497136521	693.9907843583933	1	0	tensor(3, device='cuda:0')	1.8872617115835033
106200.0	2000.0	493.9907843584185	0.0	0	561.2554733697762	693.9907843583787	1	0	tensor(3, device='cuda:0')	1.8872617115835035
107200.0	2000.0	493.99078435842887	0.0	0	559.0052049318183	693.9907843583787	1	0	tensor(3, device='cuda:0')	1.8872617115835035
108200.0	2000.0	493.9907843584415	0.0	0	666.4200240755017	693.9907843583787	1	0	tensor(3, device='cuda:0')	1.8872617115835035
109200.0	2000.0	493.9907843584416	0.0	0	595.3533733164222	693.9907843583787	1	0	tensor(3, device='cuda:0')	1.8872617115835035
110200.0	2000.0	493.9907843584572	0.0	0	734.1607188057678	693.9907843583787	1	0	tensor(3, device='cuda:0')	1.8872617115835035
111200.0	2000.0	493.9907843584822	0.0	0	687.1418611910485	693.9907843583787	1	0	tensor(3, device='cuda:0')	1.8872617115835035
112200.0	2000.0	493.99078435849924	0.0	0	620.9248086831358	693.9907843583787	1	0	tensor(3, device='cuda:0')	1.8872617115835035
113200.0	2000.0	493.9907843585037	0.0	0	379.01938220839656	693.9907843583787	1	0	tensor(3, device='cuda:0')	1.8872617115835035
114200.0	2000.0	493.9907843585106	0.0	0	263.0984578396892	693.9907843583787	1	0	tensor(3, device='cuda:0')	1.8872617115835035
115200.0	2000.0	493.99078435852334	0.0	0	177.25452283999766	693.9907843583787	1	0	tensor(3, device='cuda:0')	1.8872617115835035
116200.0	2000.0	493.9907843585438	0.0	0	273.57469235661847	693.9907843583933	1	0	tensor(3, device='cuda:0')	1.8872617115835033
117200.0	2000.0	493.9907843585361	0.0	0	371.5814073525544	693.9907843583933	1	0	tensor(3, device='cuda:0')	1.8872617115835033
118200.0	2000.0	493.9907843585406	0.0	0	401.84469066040765	693.9907843583933	1	0	tensor(3, device='cuda:0')	1.8872617115835033
119200.0	2000.0	493.99078435854994	0.0	0	390.4203220088966	693.9907843584078	1	0	tensor(3, device='cuda:0')	1.887261711583503
120200.0	2000.0	493.9907843585528	0.0	0	501.3013713529217	693.9907843584224	1	0	tensor(3, device='cuda:0')	1.8872617115835029
121200.0	2000.0	493.99078435854653	0.0	0	555.425526050225	693.9907843584224	1	0	tensor(3, device='cuda:0')	1.8872617115835029
122200.0	2000.0	493.99078435854244	0.0	0	663.3927175555	693.9907843584224	1	0	tensor(3, device='cuda:0')	1.8872617115835029
123200.0	2000.0	493.99078435852357	0.0	0	442.7008121738618	693.9907843584224	1	0	tensor(3, device='cuda:0')	1.8872617115835029
124200.0	2000.0	493.99078435852175	0.0	0	331.9610561965819	693.9907843584224	1	0	tensor(3, device='cuda:0')	1.8872617115835029
125200.0	2000.0	493.990784358519	0.0	0	274.76696662548056	693.9907843584078	1	0	tensor(3, device='cuda:0')	1.887261711583503
126200.0	2000.0	493.99078435853266	0.0	0	331.8965824271436	693.9907843584078	1	0	tensor(3, device='cuda:0')	1.887261711583503
127200.0	2000.0	493.99078435851743	0.0	0	181.29071693110745	693.9907843584078	1	0	tensor(3, device='cuda:0')	1.887261711583503
128200.0	2000.0	493.9907843585015	0.0	0	477.20182178352843	693.9907843583933	1	0	tensor(3, device='cuda:0')	1.8872617115835033
129200.0	2000.0	493.99078435851334	0.0	0	478.73925239579694	693.9907843583933	1	0	tensor(3, device='cuda:0')	1.8872617115835033
130200.0	2000.0	493.99078435849924	0.0	0	496.3177891804662	693.9907843583933	1	0	tensor(3, device='cuda:0')	1.8872617115835033
131200.0	2000.0	493.99078435849844	0.0	0	666.8842589030683	693.9907843583933	1	0	tensor(3, device='cuda:0')	1.8872617115835033
132200.0	2000.0	493.9907843584666	0.0	0	575.9332065302879	693.9907843583496	1	0	tensor(3, device='cuda:0')	1.887261711583504
133200.0	2000.0	493.99078435847423	0.0	0	274.7056580350909	693.9907843583496	1	0	tensor(3, device='cuda:0')	1.8872617115835042
134200.0	2000.0	493.9907843585081	0.0	0	355.79878630439634	693.9907843583205	1	0	tensor(3, device='cuda:0')	1.8872617115835046
135200.0	2000.0	493.99078435851175	0.0	0	540.5627527959587	693.9907843583205	1	0	tensor(3, device='cuda:0')	1.8872617115835046
136200.0	2000.0	493.99078435847673	0.0	0	608.3377229625767	693.9907843583205	1	0	tensor(3, device='cuda:0')	1.8872617115835046
137200.0	2000.0	493.9907843584606	0.0	0	578.5524785703165	693.9907843583205	1	0	tensor(3, device='cuda:0')	1.8872617115835046
138200.0	2000.0	493.9907843584409	0.0	0	632.3826868465694	693.9907843583205	1	0	tensor(3, device='cuda:0')	1.8872617115835046
139200.0	2000.0	493.99078435841784	0.0	0	627.2798351980164	693.9907843583205	1	0	tensor(3, device='cuda:0')	1.8872617115835046
140200.0	2000.0	493.9907843584423	0.0	0	676.1908432984201	693.9907843583496	1	0	tensor(3, device='cuda:0')	1.8872617115835042
141200.0	2000.0	493.99078435844876	0.0	0	586.5910766660527	693.9907843583496	1	0	tensor(3, device='cuda:0')	1.8872617115835042
142200.0	2000.0	493.990784358421	0.0	0	369.565044475632	693.9907843583787	1	0	tensor(3, device='cuda:0')	1.8872617115835035
143200.0	2000.0	493.9907843584218	0.0	0	344.2020777419093	693.9907843583787	1	0	tensor(3, device='cuda:0')	1.8872617115835035
144200.0	2000.0	493.99078435840875	0.0	0	253.95439085378894	693.9907843583787	1	0	tensor(3, device='cuda:0')	1.8872617115835035
145200.0	2000.0	493.99078435837725	0.0	0	324.95194381446345	693.9907843583787	1	0	tensor(3, device='cuda:0')	1.8872617115835035
146200.0	2000.0	493.9907843583918	0.0	0	546.1454680144961	693.9907843583787	1	0	tensor(3, device='cuda:0')	1.8872617115835035
147200.0	2000.0	493.990784358406	0.0	0	638.6165428888635	693.9907843583787	1	0	tensor(3, device='cuda:0')	1.8872617115835035
148200.0	2000.0	493.9907843583869	0.0	0	528.5308514263597	693.9907843583787	1	0	tensor(3, device='cuda:0')	1.8872617115835035
149200.0	2000.0	493.99078435838874	0.0	0	660.7344506634399	693.9907843583787	1	0	tensor(3, device='cuda:0')	1.8872617115835035
150200.0	2000.0	493.9907843583933	0.0	0	555.761072389636	693.9907843584078	1	0	tensor(3, device='cuda:0')	1.887261711583503
151200.0	2000.0	493.99078435838874	0.0	0	452.0185932512104	693.9907843584078	1	0	tensor(3, device='cuda:0')	1.887261711583503
152200.0	2000.0	493.9907843583876	0.0	0	499.9566060350917	693.9907843583787	1	0	tensor(3, device='cuda:0')	1.8872617115835035
153200.0	2000.0	493.99078435837555	0.0	0	439.9742253332515	693.9907843583787	1	0	tensor(3, device='cuda:0')	1.8872617115835035
154200.0	2000.0	493.99078435838317	0.0	0	340.83946420878056	693.9907843583787	1	0	tensor(3, device='cuda:0')	1.8872617115835035
155200.0	2000.0	493.99078435836725	0.0	0	564.0433778128645	693.9907843583787	1	0	tensor(3, device='cuda:0')	1.8872617115835035
156200.0	2000.0	493.9907843583467	0.0	0	472.9602049225359	693.9907843584078	1	0	tensor(3, device='cuda:0')	1.887261711583503
157200.0	2000.0	493.9907843583285	0.0	0	381.91647893795744	693.9907843584078	1	0	tensor(3, device='cuda:0')	1.887261711583503
158200.0	2000.0	493.9907843583021	0.0	0	648.5498296804144	693.9907843584078	1	0	tensor(3, device='cuda:0')	1.887261711583503
159200.0	2000.0	493.99078435831757	0.0	0	625.5613563689985	693.9907843584078	1	0	tensor(3, device='cuda:0')	1.887261711583503
160200.0	2000.0	493.99078435835213	0.0	0	334.78735900626634	693.9907843584078	1	0	tensor(3, device='cuda:0')	1.887261711583503
161200.0	2000.0	493.9907843583276	0.0	0	195.76161741541	693.9907843584078	1	0	tensor(3, device='cuda:0')	1.887261711583503
162200.0	2000.0	493.99078435831973	0.0	0	309.7954340641154	693.9907843584078	1	0	tensor(3, device='cuda:0')	1.887261711583503
163200.0	2000.0	493.9907843583244	0.0	0	582.2385142850981	693.9907843584078	1	0	tensor(3, device='cuda:0')	1.887261711583503
164200.0	2000.0	493.99078435832394	0.0	0	603.0740888694127	693.9907843584078	1	0	tensor(3, device='cuda:0')	1.887261711583503
165200.0	2000.0	493.99078435832917	0.0	0	668.2272913847992	693.9907843584078	1	0	tensor(3, device='cuda:0')	1.887261711583503
166200.0	2000.0	493.99078435833894	0.0	0	510.28089372703107	693.9907843584078	1	0	tensor(3, device='cuda:0')	1.887261711583503
167200.0	2000.0	493.9907843583517	0.0	0	649.6494574117824	693.9907843584078	1	0	tensor(3, device='cuda:0')	1.887261711583503
168200.0	2000.0	493.99078435834633	0.0	0	619.1009871532442	693.9907843584369	1	0	tensor(3, device='cuda:0')	1.8872617115835024
169200.0	2000.0	493.99078435834053	0.0	0	408.6241321480775	693.9907843584369	1	0	tensor(3, device='cuda:0')	1.8872617115835024
170200.0	2000.0	493.9907843583443	0.0	0	478.82726285836543	693.9907843584369	1	0	tensor(3, device='cuda:0')	1.8872617115835024
171200.0	2000.0	493.99078435835804	0.0	0	617.0129540213675	693.9907843584078	1	0	tensor(3, device='cuda:0')	1.887261711583503
172200.0	2000.0	493.99078435839465	0.0	0	485.37090118956985	693.9907843584078	1	0	tensor(3, device='cuda:0')	1.887261711583503
173200.0	2000.0	493.9907843583645	0.0	0	576.1862727210391	693.9907843583787	1	0	tensor(3, device='cuda:0')	1.8872617115835035
174200.0	2000.0	493.9907843583276	0.0	0	181.46984975447413	693.9907843583787	1	0	tensor(3, device='cuda:0')	1.8872617115835035
175200.0	2000.0	493.99078435830825	0.0	0	252.11681788568967	693.9907843583787	1	0	tensor(3, device='cuda:0')	1.8872617115835035
176200.0	2000.0	493.9907843582894	0.0	0	569.8122142081847	693.9907843583787	1	0	tensor(3, device='cuda:0')	1.8872617115835035
177200.0	2000.0	493.99078435829676	0.0	0	530.1642621168576	693.9907843583787	1	0	tensor(3, device='cuda:0')	1.8872617115835035
178200.0	2000.0	493.99078435828983	0.0	0	595.9624507623375	693.9907843583787	1	0	tensor(3, device='cuda:0')	1.8872617115835035
179200.0	2000.0	493.99078435829585	0.0	0	657.919550554012	693.9907843583787	1	0	tensor(3, device='cuda:0')	1.8872617115835035
180200.0	2000.0	493.99078435827437	0.0	0	476.24301082568127	693.9907843583787	1	0	tensor(3, device='cuda:0')	1.8872617115835035
181200.0	2000.0	493.99078435828187	0.0	0	547.0600341914687	693.9907843583787	1	0	tensor(3, device='cuda:0')	1.8872617115835035
182200.0	2000.0	493.9907843583021	0.0	0	526.3345499492716	693.9907843583787	1	0	tensor(3, device='cuda:0')	1.8872617115835035
183200.0	2000.0	493.9907843583129	0.0	0	207.64639127493137	693.9907843583787	1	0	tensor(3, device='cuda:0')	1.8872617115835035
184200.0	2000.0	493.99078435828267	0.0	0	164.81808271896443	693.9907843583496	1	0	tensor(3, device='cuda:0')	1.8872617115835042
185200.0	2000.0	493.9907843582614	0.0	0	105.45274951175088	693.9907843583496	1	0	tensor(3, device='cuda:0')	1.8872617115835042
186200.0	2000.0	493.9907843582919	0.0	0	118.13649713486666	693.9907843583496	1	0	tensor(3, device='cuda:0')	1.8872617115835042
187200.0	2000.0	493.9907843582855	0.0	0	231.5027836569643	693.9907843583496	1	0	tensor(3, device='cuda:0')	1.8872617115835042
188200.0	2000.0	493.9907843582944	0.0	0	346.2137456283381	693.9907843583496	1	0	tensor(3, device='cuda:0')	1.8872617115835042
189200.0	2000.0	493.99078435830245	0.0	0	237.9021755697322	693.9907843583496	1	0	tensor(3, device='cuda:0')	1.8872617115835042
190200.0	2000.0	493.9907843583143	0.0	0	333.13530080489	693.9907843583496	1	0	tensor(3, device='cuda:0')	1.8872617115835042
191200.0	2000.0	493.9907843583169	0.0	0	483.5042102318839	693.9907843583496	1	0	tensor(3, device='cuda:0')	1.8872617115835042
192200.0	2000.0	493.99078435831257	0.0	0	550.841132723639	693.9907843583496	1	0	tensor(3, device='cuda:0')	1.8872617115835042
193200.0	2000.0	493.99078435832155	0.0	0	716.6732864819642	693.9907843583496	1	0	tensor(3, device='cuda:0')	1.8872617115835042
194200.0	2000.0	493.9907843583228	0.0	0	749.3882821136212	693.9907843583496	1	0	tensor(3, device='cuda:0')	1.8872617115835042
195200.0	2000.0	493.990784358306	0.0	0	660.2815849483886	693.9907843583205	1	0	tensor(3, device='cuda:0')	1.8872617115835046
196200.0	2000.0	493.9907843583143	0.0	0	752.969543983636	693.9907843582914	1	0	tensor(3, device='cuda:0')	1.8872617115835053
197200.0	2000.0	493.9907843583337	0.0	0	645.2704482429253	693.9907843582914	1	0	tensor(3, device='cuda:0')	1.8872617115835053
198200.0	2000.0	493.9907843583313	0.0	0	610.2166204435052	693.9907843582914	1	0	tensor(3, device='cuda:0')	1.8872617115835053
199200.0	2000.0	493.99078435830097	0.0	0	602.2501632228959	693.9907843582914	1	0	tensor(3, device='cuda:0')	1.8872617115835053
200200.0	2000.0	493.99078435829574	0.0	0	339.0848318444332	693.9907843582914	1	0	tensor(3, device='cuda:0')	1.8872617115835053
201200.0	2000.0	493.99078435830165	0.0	0	574.0180114185787	693.9907843582914	1	0	tensor(3, device='cuda:0')	1.8872617115835053
202200.0	2000.0	493.99078435827073	0.0	0	427.86138556560036	693.9907843582914	1	0	tensor(3, device='cuda:0')	1.8872617115835053
203200.0	2000.0	493.9907843582773	0.0	0	416.2914516356832	693.9907843582914	1	0	tensor(3, device='cuda:0')	1.8872617115835053
204200.0	2000.0	493.9907843582773	0.0	0	571.9454145052587	693.9907843583205	1	0	tensor(3, device='cuda:0')	1.8872617115835046
205200.0	2000.0	493.9907843583054	0.0	0	559.5638083276572	693.9907843583205	1	0	tensor(3, device='cuda:0')	1.8872617115835046
206200.0	2000.0	493.99078435831586	0.0	0	575.0617833040596	693.9907843582914	1	0	tensor(3, device='cuda:0')	1.8872617115835053
207200.0	2000.0	493.99078435831746	0.0	0	333.95031000630115	693.9907843582914	1	0	tensor(3, device='cuda:0')	1.8872617115835053
208200.0	2000.0	493.9907843583028	0.0	0	236.85756850935286	693.9907843582914	1	0	tensor(3, device='cuda:0')	1.8872617115835053
209200.0	2000.0	493.99078435830575	0.0	0	227.23345448664622	693.9907843582914	1	0	tensor(3, device='cuda:0')	1.8872617115835053
210200.0	2000.0	493.9907843583072	0.0	0	379.20431506595924	693.9907843582914	1	0	tensor(3, device='cuda:0')	1.8872617115835053
211200.0	2000.0	493.9907843583213	0.0	0	317.0023371388961	693.9907843583205	1	0	tensor(3, device='cuda:0')	1.8872617115835046
212200.0	2000.0	493.9907843583171	0.0	0	462.4905926748761	693.9907843583205	1	0	tensor(3, device='cuda:0')	1.8872617115835046
213200.0	2000.0	493.990784358336	0.0	0	444.1673144395754	693.9907843583205	1	0	tensor(3, device='cuda:0')	1.8872617115835046
214200.0	2000.0	493.9907843583262	0.0	0	457.234858243668	693.9907843583205	1	0	tensor(3, device='cuda:0')	1.8872617115835046
215200.0	2000.0	493.9907843583185	0.0	0	620.3510731814022	693.9907843583205	1	0	tensor(3, device='cuda:0')	1.8872617115835046
216200.0	2000.0	493.9907843583459	0.0	0	583.6024758712738	693.9907843583205	1	0	tensor(3, device='cuda:0')	1.8872617115835046
217200.0	2000.0	493.9907843583255	0.0	0	286.3945449622115	693.9907843583205	1	0	tensor(3, device='cuda:0')	1.8872617115835046
218200.0	2000.0	493.9907843583196	0.0	0	341.6025268153753	693.9907843583205	1	0	tensor(3, device='cuda:0')	1.8872617115835046
219200.0	2000.0	493.9907843582765	0.0	0	449.14716012746794	693.9907843583205	1	0	tensor(3, device='cuda:0')	1.8872617115835046
220200.0	2000.0	493.99078435829847	0.0	0	441.2045607610198	693.9907843583205	1	0	tensor(3, device='cuda:0')	1.8872617115835046
221200.0	2000.0	493.99078435830165	0.0	0	517.5496136596776	693.9907843583205	1	0	tensor(3, device='cuda:0')	1.8872617115835046
222200.0	2000.0	493.99078435831166	0.0	0	361.71975877764635	693.9907843583205	1	0	tensor(3, device='cuda:0')	1.8872617115835046
223200.0	2000.0	493.9907843583019	0.0	0	419.8125474000408	693.9907843583205	1	0	tensor(3, device='cuda:0')	1.8872617115835046
224200.0	2000.0	493.99078435831484	0.0	0	388.798867091944	693.9907843583205	1	0	tensor(3, device='cuda:0')	1.8872617115835046
225200.0	2000.0	493.9907843583368	0.0	0	389.94262448494555	693.9907843583205	1	0	tensor(3, device='cuda:0')	1.8872617115835046
226200.0	2000.0	493.990784358326	0.0	0	408.019137636933	693.9907843583205	1	0	tensor(3, device='cuda:0')	1.8872617115835046
227200.0	2000.0	493.9907843583501	0.0	0	600.1002045374189	693.9907843583205	1	0	tensor(3, device='cuda:0')	1.8872617115835046
228200.0	2000.0	493.99078435837373	0.0	0	495.13204302822123	693.9907843583205	1	0	tensor(3, device='cuda:0')	1.8872617115835046
229200.0	2000.0	493.9907843583578	0.0	0	690.6593244748365	693.9907843583205	1	0	tensor(3, device='cuda:0')	1.8872617115835046
230200.0	2000.0	493.99078435833803	0.0	0	661.8660705458606	693.9907843583205	1	0	tensor(3, device='cuda:0')	1.8872617115835046
231200.0	2000.0	493.99078435830484	0.0	0	615.8867209835444	693.9907843582914	1	0	tensor(3, device='cuda:0')	1.8872617115835053
232200.0	2000.0	493.9907843583046	0.0	0	498.53980429653893	693.9907843582914	1	0	tensor(3, device='cuda:0')	1.8872617115835053
233200.0	2000.0	493.9907843583238	0.0	0	514.2224281972449	693.9907843582623	1	0	tensor(3, device='cuda:0')	1.8872617115835058
234200.0	2000.0	493.9907843583077	0.0	0	579.5382505177986	693.9907843582332	1	0	tensor(3, device='cuda:0')	1.8872617115835064
235200.0	2000.0	493.9907843583035	0.0	0	632.6370932119316	693.9907843582332	1	0	tensor(3, device='cuda:0')	1.8872617115835064
236200.0	2000.0	493.990784358303	0.0	0	691.6983138446521	693.9907843582332	1	0	tensor(3, device='cuda:0')	1.8872617115835064
237200.0	2000.0	493.99078435832234	0.0	0	531.1724233171553	693.9907843582332	1	0	tensor(3, device='cuda:0')	1.8872617115835064
238200.0	2000.0	493.99078435830756	0.0	0	458.12575325835496	693.9907843582332	1	0	tensor(3, device='cuda:0')	1.8872617115835064
239200.0	2000.0	493.990784358326	0.0	0	650.08332075004	693.9907843582041	1	0	tensor(3, device='cuda:0')	1.8872617115835069
240200.0	2000.0	493.9907843583359	0.0	0	635.5510920008237	693.9907843582041	1	0	tensor(3, device='cuda:0')	1.8872617115835069
241200.0	2000.0	493.99078435834303	0.0	0	560.0475547609967	693.9907843582041	1	0	tensor(3, device='cuda:0')	1.8872617115835069
242200.0	2000.0	493.99078435837873	0.0	0	611.390903768217	693.9907843582332	1	0	tensor(3, device='cuda:0')	1.8872617115835064
243200.0	2000.0	493.99078435840295	0.0	0	527.5926268413023	693.9907843582623	1	0	tensor(3, device='cuda:0')	1.8872617115835058
244200.0	2000.0	493.99078435842375	0.0	0	684.2511172549857	693.9907843582623	1	0	tensor(3, device='cuda:0')	1.8872617115835058
245200.0	2000.0	493.9907843584691	0.0	0	555.2171508123865	693.9907843582914	1	0	tensor(3, device='cuda:0')	1.8872617115835053
246200.0	2000.0	493.99078435849765	0.0	0	473.0558032305853	693.9907843582914	1	0	tensor(3, device='cuda:0')	1.8872617115835053
247200.0	2000.0	493.9907843585106	0.0	0	741.0719714362931	693.9907843582914	1	0	tensor(3, device='cuda:0')	1.8872617115835053
248200.0	2000.0	493.9907843585205	0.0	0	676.5426983347279	693.9907843583205	1	0	tensor(3, device='cuda:0')	1.8872617115835046
249200.0	2000.0	493.99078435850083	0.0	0	464.0341116634081	693.9907843583205	1	0	tensor(3, device='cuda:0')	1.8872617115835046
250200.0	2000.0	493.99078435847275	0.0	0	257.2049591226678	693.9907843583205	1	0	tensor(3, device='cuda:0')	1.8872617115835046
251200.0	2000.0	493.9907843584906	0.0	0	320.1124845162849	693.9907843583205	1	0	tensor(3, device='cuda:0')	1.8872617115835046
252200.0	2000.0	493.9907843585396	0.0	0	502.8666088572936	693.9907843583205	1	0	tensor(3, device='cuda:0')	1.8872617115835046
253200.0	2000.0	493.9907843585321	0.0	0	510.87772846917505	693.9907843582914	1	0	tensor(3, device='cuda:0')	1.8872617115835053
254200.0	2000.0	493.9907843585295	0.0	0	588.475201975496	693.9907843582914	1	0	tensor(3, device='cuda:0')	1.8872617115835053
255200.0	2000.0	493.99078435853585	0.0	0	538.7134864289255	693.9907843582914	1	0	tensor(3, device='cuda:0')	1.8872617115835053
256200.0	2000.0	493.99078435855154	0.0	0	462.1400967439695	693.9907843582914	1	0	tensor(3, device='cuda:0')	1.8872617115835053
257200.0	2000.0	493.99078435852493	0.0	0	521.0162220150523	693.9907843582914	1	0	tensor(3, device='cuda:0')	1.8872617115835053
258200.0	2000.0	493.99078435849924	0.0	0	711.3918796665384	693.9907843582914	1	0	tensor(3, device='cuda:0')	1.8872617115835053
259200.0	2000.0	493.99078435850606	0.0	0	643.8877000150969	693.9907843582914	1	0	tensor(3, device='cuda:0')	1.8872617115835053
260200.0	2000.0	493.99078435851527	0.0	0	566.2310154750012	693.9907843582914	1	0	tensor(3, device='cuda:0')	1.8872617115835053
261200.0	2000.0	493.9907843585215	0.0	0	597.4012930420868	693.9907843582914	1	0	tensor(3, device='cuda:0')	1.8872617115835053
262200.0	2000.0	493.99078435851834	0.0	0	636.3731406631414	693.9907843582914	1	0	tensor(3, device='cuda:0')	1.8872617115835053
263200.0	2000.0	493.9907843584997	0.0	0	581.206437383662	693.9907843582332	1	0	tensor(3, device='cuda:0')	1.887261711583506
264200.0	2000.0	493.9907843585131	0.0	0	664.2956376067596	693.9907843582332	1	0	tensor(3, device='cuda:0')	1.8872617115835064
265200.0	2000.0	493.990784358474	0.0	0	745.9083285748493	693.9907843582332	1	0	tensor(3, device='cuda:0')	1.8872617115835064
266200.0	2000.0	493.9907843585106	0.0	0	571.1986237053643	693.9907843582332	1	0	tensor(3, device='cuda:0')	1.8872617115835064
267200.0	2000.0	493.990784358512	0.0	0	499.00492432672763	693.9907843582332	1	0	tensor(3, device='cuda:0')	1.8872617115835064
268200.0	2000.0	493.9907843585347	0.0	0	487.66377047792776	693.9907843582332	1	0	tensor(3, device='cuda:0')	1.8872617115835064
269200.0	2000.0	493.9907843585479	0.0	0	654.7408332290943	693.9907843582332	1	0	tensor(3, device='cuda:0')	1.8872617115835064
270200.0	2000.0	493.990784358517	0.0	0	643.460304829583	693.9907843582332	1	0	tensor(3, device='cuda:0')	1.8872617115835064
271200.0	2000.0	493.9907843585345	0.0	0	569.0475335529773	693.9907843582332	1	0	tensor(3, device='cuda:0')	1.8872617115835064
272200.0	2000.0	493.99078435851254	0.0	0	584.1590587286046	693.9907843582332	1	0	tensor(3, device='cuda:0')	1.8872617115835064
273200.0	2000.0	493.9907843585079	0.0	0	731.7656416509999	693.9907843582914	1	0	tensor(3, device='cuda:0')	1.8872617115835053
274200.0	2000.0	493.99078435846604	0.0	0	650.605757151614	693.9907843582914	1	0	tensor(3, device='cuda:0')	1.8872617115835053
275200.0	2000.0	493.99078435852243	0.0	0	317.35491805302445	693.9907843582914	1	0	tensor(3, device='cuda:0')	1.8872617115835053
276200.0	2000.0	493.9907843585204	0.0	0	515.2671940657892	693.9907843582914	1	0	tensor(3, device='cuda:0')	1.8872617115835053
277200.0	2000.0	493.99078435854415	0.0	0	407.6750239559915	693.9907843582332	1	0	tensor(3, device='cuda:0')	1.8872617115835064
278200.0	2000.0	493.99078435857734	0.0	0	206.8774724417599	693.9907843582332	1	0	tensor(3, device='cuda:0')	1.8872617115835064
279200.0	2000.0	493.99078435854994	0.0	0	498.12466440477874	693.9907843582332	1	0	tensor(3, device='cuda:0')	1.8872617115835064
280200.0	2000.0	493.9907843585818	0.0	0	188.8831778409658	693.9907843582332	1	0	tensor(3, device='cuda:0')	1.8872617115835064
281200.0	2000.0	493.9907843585669	0.0	0	47.129344143206254	693.9907843582332	1	0	tensor(3, device='cuda:0')	1.8872617115835064
282200.0	2000.0	493.99078435853426	0.0	0	165.95184461999452	693.9907843582332	1	0	tensor(3, device='cuda:0')	1.8872617115835064
283429.7750566669	2000.0	324.9818238175612	60.76609612594507	0	0.0	754.7568804841721	1	0	tensor(3, device='cuda:0')	1.5214343575050924
284200.0	2000.0	593.9127407731239	39.15586028861054	0	59.5145817247103	793.9127407728229	1	0	tensor(3, device='cuda:0')	1.650262574257466
285200.0	2000.0	593.9127407731149	0.0	0	444.4008380746236	793.9127407728229	1	0	tensor(3, device='cuda:0')	1.8851977359891292
286200.0	2000.0	593.9127407731817	0.0	0	518.3742288131616	793.9127407728229	1	0	tensor(3, device='cuda:0')	1.8851977359891292
287200.0	2000.0	593.9127407732041	0.0	0	614.7697984693805	793.9127407728229	1	0	tensor(3, device='cuda:0')	1.8851977359891292
288200.0	2000.0	593.9127407731944	0.0	0	433.08844745496754	793.9127407728229	1	0	tensor(3, device='cuda:0')	1.8851977359891292
289200.0	2000.0	593.9127407731022	0.0	0	503.20465253823204	793.9127407728229	1	0	tensor(3, device='cuda:0')	1.8851977359891292
290200.0	2000.0	593.9127407730936	0.0	0	581.039568011649	793.9127407728229	1	0	tensor(3, device='cuda:0')	1.8851977359891292
291200.0	2000.0	593.9127407731368	0.0	0	604.7201359299361	793.9127407728811	1	0	tensor(3, device='cuda:0')	1.885197735989128
292200.0	2000.0	593.9127407731686	0.0	0	599.8969096575165	793.9127407729393	1	0	tensor(3, device='cuda:0')	1.8851977359891268
293200.0	2000.0	593.912740773106	0.0	0	572.718893621699	793.9127407729393	1	0	tensor(3, device='cuda:0')	1.8851977359891268
294200.0	2000.0	593.9127407731	0.0	0	468.71214513015	793.9127407729393	1	0	tensor(3, device='cuda:0')	1.8851977359891268
295200.0	2000.0	593.9127407731032	0.0	0	615.0896188496845	793.9127407729393	1	0	tensor(3, device='cuda:0')	1.8851977359891268
296200.0	2000.0	593.9127407731568	0.0	0	593.182997264259	793.9127407729975	1	0	tensor(3, device='cuda:0')	1.8851977359891254
297200.0	2000.0	593.912740773159	0.0	0	505.2750927846646	793.9127407730557	1	0	tensor(3, device='cuda:0')	1.885197735989124
298200.0	2000.0	593.9127407731908	0.0	0	592.9756130255992	793.9127407730557	1	0	tensor(3, device='cuda:0')	1.885197735989124
299200.0	2000.0	593.9127407732383	0.0	0	534.6420562879066	793.9127407730557	1	0	tensor(3, device='cuda:0')	1.885197735989124
300200.0	2000.0	593.9127407732461	0.0	0	492.6275789500214	793.9127407730557	1	0	tensor(3, device='cuda:0')	1.885197735989124
301200.0	2000.0	593.9127407732473	0.0	0	499.81684351875447	793.9127407729975	1	0	tensor(3, device='cuda:0')	1.8851977359891254
302200.0	2000.0	593.9127407732043	0.0	0	473.7411181748612	793.9127407729975	1	0	tensor(3, device='cuda:0')	1.8851977359891254
303200.0	2000.0	593.9127407732229	0.0	0	574.415959191625	793.9127407729393	1	0	tensor(3, device='cuda:0')	1.8851977359891268
304200.0	2000.0	593.9127407732191	0.0	0	421.403296236007	793.9127407729393	1	0	tensor(3, device='cuda:0')	1.8851977359891268
305200.0	2000.0	593.912740773194	0.0	0	583.8018654398038	793.9127407728811	1	0	tensor(3, device='cuda:0')	1.885197735989128
306200.0	2000.0	593.912740773165	0.0	0	567.8564727206249	793.9127407728811	1	0	tensor(3, device='cuda:0')	1.885197735989128
6.87	8.0	7.73	8.09	9.21	9.88	7.3	4.27	5.63	4.84	3.17	3.74	4.97	4.53	4.59	4.49	4.36	2.7	1.8	2.83	2.14	2.41	1.96	3.13	4.23	5.51	5.71	5.8	4.89	6.19	7.62	6.93	7.54	6.72	6.59	6.14	7.23	7.62	6.19	5.51	6.92	7.99	5.43	5.4	6.79	7.83	7.95	8.02	6.8	5.46	6.48	6.05	5.98	5.03	5.19	3.38	3.78	5.07	6.13	5.69	5.54	5.41	5.97	5.8	6.32	4.58	2.44	2.63	2.49	3.76	4.88	5.65	3.28	3.0	3.26	4.39	4.15	5.0	4.0	2.88	4.09	4.29	4.83	5.62	3.72	3.17	4.44	5.47	6.96	7.04	6.37	5.76	4.44	3.45	4.24	4.91	3.65	4.38	5.48	4.47	4.05	5.43	6.49	7.89	6.36	5.37	4.83	3.67	3.86	3.1	3.26	3.7	4.49	4.32	5.13	5.48	5.55	4.09	3.37	2.2	2.8	3.41	2.71	3.83	4.93	6.06	5.14	2.81	3.22	4.44	5.61	7.0	7.27	7.65	5.95	4.74	3.06	3.58	2.88	3.8	4.99	5.37	5.66	5.04	4.07	4.49	3.28	2.88	3.79	3.41	3.37	4.46	4.92	5.07	2.79	2.62	3.88	4.96	6.09	4.36	4.81	5.02	4.61	4.68	5.95	5.4	4.53	3.74	2.59	3.66	4.69	6.14	6.04	6.02	3.65	3.5	3.19	2.58	2.69	2.77	2.7	3.81	3.58	3.09	4.34	5.47	6.82	7.84	9.36	7.82	7.56	4.68	4.93	3.67	3.6	4.37	3.01	4.01	5.31	5.49	4.26	3.28	2.63	3.75	3.37	4.38	5.48	4.83	4.26	4.73	3.64	3.53	3.7	3.7	3.85	4.23	4.18	3.74	4.67	4.33	4.09	4.71	5.8	5.87	6.29	5.75	5.18	5.36	6.16	6.72	4.94	4.38	4.6	5.73	6.82	6.54	5.58	5.82	4.56	4.69	6.05	7.11	5.94	3.44	3.45	3.49	4.3	5.28	5.62	5.76	5.15	5.73	7.02	6.02	5.29	5.6	5.66	6.87	7.75	6.19	4.22	4.81	5.8	6.0	6.21	5.24	6.09	7.69	4.48	3.46	3.48	4.07	3.0	3.79	2.59	1.8	2.03	1.88	2.42	3.52	4.84	4.26	4.07	4.77	6.1	5.41	6.58	6.15	4.49	5.04	5.05	4.83	3.56	3.87	4.49	4.01	3.7	4.92	4.41	3.88	5.05	5.8
858.0	859.0	860.0	861.0	862.0	863.0	864.0	865.0	866.0	867.0	868.0	869.0	870.0	871.0	872.0	873.0	874.0	875.0	876.0	877.0	878.0	879.0	880.0	881.0	882.0	883.0	884.0	885.0	886.0	887.0	888.0	889.0	890.0	891.0	892.0	893.0	894.0	895.0	896.0	897.0	898.0	899.0	900.0	901.0	902.0	903.0	904.0	905.0	906.0	907.0	908.0	909.0	910.0	911.0	912.0	913.0	914.0	915.0	916.0	917.0	918.0	919.0	920.0	921.0	922.0	923.0	924.0	925.0	926.0	927.0	928.0	929.0	930.0	931.0	932.0	933.0	934.0	935.0	936.0	937.0	938.0	939.0	940.0	941.0	942.0	943.0	944.0	945.0	946.0	947.0	948.0	949.0	950.0	951.0	952.0	953.0	954.0	955.0	956.0	957.0	958.0	959.0	960.0	961.0	962.0	963.0	964.0	965.0	966.0	967.0	968.0	969.0	970.0	971.0	972.0	973.0	974.0	975.0	976.0	977.0	978.0	979.0	980.0	981.0	982.0	983.0	984.0	985.0	986.0	987.0	988.0	989.0	990.0	991.0	992.0	993.0	994.0	995.0	996.0	997.0	998.0	999.0	1000.0	1001.0	1002.0	1003.0	1004.0	1005.0	1006.0	1007.0	1008.0	1009.0	1010.0	1011.0	1012.0	1013.0	1014.0	1015.0	1016.0	1017.0	1018.0	1019.0	1020.0	1021.0	1022.0	1023.0	1024.0	1025.0	1026.0	1027.0	1028.0	1029.0	1030.0	1031.0	1032.0	1033.0	1034.0	1035.0	1036.0	1037.0	1038.0	1039.0	1040.0	1041.0	1042.0	1043.0	1044.0	1045.0	1046.0	1047.0	1048.0	1049.0	1050.0	1051.0	1052.0	1053.0	1054.0	1055.0	1056.0	1057.0	1058.0	1059.0	1060.0	1061.0	1062.0	1063.0	1064.0	1065.0	1066.0	1067.0	1068.0	1069.0	1070.0	1071.0	1072.0	1073.0	1074.0	1075.0	1076.0	1077.0	1078.0	1079.0	1080.0	1081.0	1082.0	1083.0	1084.0	1085.0	1086.0	1087.0	1088.0	1089.0	1090.0	1091.0	1092.0	1093.0	1094.0	1095.0	1096.0	1097.0	1098.0	1099.0	1100.0	1101.0	1102.0	1103.0	1104.0	1105.0	1106.0	1107.0	1108.0	1109.0	1110.0	1111.0	1112.0	1113.0	1114.0	1115.0	1116.0	1117.0	1118.0	1119.0	1120.0	1121.0	1122.0	1123.0	1124.0	1125.0	1126.0	1127.0	1128.0	1129.0	1130.0	1131.0	1132.0	1133.0	1134.0	1135.0	1136.0	1137.0	1138.0	1139.0	1140.0	1141.0	1142.0	1143.0	1144.0	1145.0	1146.0	1147.0	1148.0	1149.0	1150.0	1151.0	1152.0	1153.0	1154.0	1155.0	1156.0	1157.0	1158.0	1159.0
5478.0
