5561.606052957966	300.0	2000.0	329.4750859007468	0	0.0	5561.606052957966	1	0	tensor(4, device='cuda:0')	-3.656817235972087
6200.0	1000.0	2361.6060529579677	0.0	0	16.945963689433484	2561.6060529579677	1	0	tensor(6, device='cuda:0')	-9.31457697927604
7200.0	1000.0	2361.606052957968	0.0	0	383.3360832059998	2561.606052957968	1	0	tensor(3, device='cuda:0')	1.0893958250498978
8200.0	1000.0	2361.6060529579686	0.0	0	390.6479344929203	2561.606052957967	1	0	tensor(3, device='cuda:0')	1.0893958250498978
9349.353752982044	1000.0	2212.2522999759253	0.0	0	0.0	2561.606052957968	1	0	tensor(3, device='cuda:0')	1.0893958250498978
10200.0	1000.0	2361.606052957971	0.0	0	102.26678731340508	2561.6060529579718	1	0	tensor(3, device='cuda:0')	1.0893958250498974
11200.0	1000.0	2361.60605295797	0.0	0	103.91652170013185	2561.6060529579718	1	0	tensor(3, device='cuda:0')	1.0893958250498974
12200.0	1000.0	2361.6060529579704	0.0	0	266.58512114069345	2561.6060529579736	1	0	tensor(3, device='cuda:0')	1.0893958250498974
13200.0	1000.0	2361.6060529579695	0.0	0	272.7530439470029	2561.6060529579736	1	0	tensor(3, device='cuda:0')	1.0893958250498972
14200.0	1000.0	2361.6060529579704	0.0	0	432.23756345062793	2561.6060529579754	1	0	tensor(3, device='cuda:0')	1.089395825049897
15354.403912251295	1000.0	2207.202140706673	0.0	0	0.0	2561.6060529579736	1	0	tensor(3, device='cuda:0')	1.0893958250498972
16257.848422562927	1000.0	2303.7576303950395	0.0	0	0.0	2561.6060529579718	1	0	tensor(3, device='cuda:0')	1.0893958250498974
17458.61288532577	1000.0	2102.993167632199	0.0	0	0.0	2561.6060529579736	1	0	tensor(3, device='cuda:0')	1.0893958250498974
18331.24408165303	1000.0	2230.3619713049384	0.0	0	0.0	2561.6060529579736	1	0	tensor(3, device='cuda:0')	1.0893958250498974
19255.867409193703	1000.0	2305.7386437642626	0.0	0	0.0	2561.60605295797	1	0	tensor(3, device='cuda:0')	1.0893958250498976
20200.0	1000.0	2361.6060529579668	0.0	0	249.41671340129324	2561.6060529579736	1	0	tensor(3, device='cuda:0')	1.0893958250498972
21377.91098797065	1000.0	2183.695064987315	0.0	0	0.0	2561.60605295797	1	0	tensor(3, device='cuda:0')	1.0893958250498976
22362.781055619682	1000.0	2198.8249973382785	0.0	0	0.0	2561.6060529579663	1	0	tensor(3, device='cuda:0')	1.089395825049898
23200.0	1000.0	2361.606052957959	0.0	0	155.19324304955444	2561.6060529579663	1	0	tensor(3, device='cuda:0')	1.089395825049898
24436.533200720758	1000.0	2125.072852237197	0.0	0	0.0	2561.6060529579663	1	0	tensor(3, device='cuda:0')	1.089395825049898
25551.770472471562	1000.0	2009.835580486392	0.0	0	0.0	2561.6060529579663	1	0	tensor(3, device='cuda:0')	1.089395825049898
26558.51665000874	1000.0	2003.0894029492115	0.0	0	0.0	2561.6060529579663	1	0	tensor(3, device='cuda:0')	1.089395825049898
27282.757750157754	1000.0	2278.8483028001956	0.0	0	0.0	2561.60605295797	1	0	tensor(3, device='cuda:0')	1.0893958250498976
28200.0	1000.0	2361.6060529579527	0.0	0	219.30311056009305	2561.60605295797	1	0	tensor(3, device='cuda:0')	1.0893958250498976
29200.0	1000.0	2361.6060529579504	0.0	0	65.08149400468028	2561.60605295797	1	0	tensor(3, device='cuda:0')	1.0893958250498976
30200.0	1000.0	2361.6060529579495	0.0	0	58.96518030028892	2561.60605295797	1	0	tensor(3, device='cuda:0')	1.0893958250498976
31200.0	1000.0	2361.6060529579504	0.0	0	344.9927618366455	2561.60605295797	1	0	tensor(3, device='cuda:0')	1.0893958250498976
32200.0	1000.0	2361.6060529579486	0.0	0	633.6854354098432	2561.60605295797	1	0	tensor(3, device='cuda:0')	1.0893958250498976
33420.74592695807	3000.0	2018.7855333040675	0.0	0	0.0	2439.5314602621584	1	0	tensor(4, device='cuda:0')	0.6545925906845678
34214.27665467292	1000.0	2225.2548055892157	0.0	0	0.0	2439.531460262151	1	0	tensor(3, device='cuda:0')	-0.19530830021073065
35200.0	1000.0	2239.5314602621306	0.0	0	227.89037530325731	2439.531460262144	1	0	tensor(3, device='cuda:0')	1.10330398845738
36200.0	1000.0	2239.531460262131	0.0	0	157.9396659353515	2439.531460262144	1	0	tensor(3, device='cuda:0')	1.1033039884573803
37200.0	1000.0	2239.5314602621283	0.0	0	346.51784347718785	2439.5314602621365	1	0	tensor(3, device='cuda:0')	1.103303988457381
38200.0	1000.0	2239.531460262129	0.0	0	342.7394608769464	2439.5314602621365	1	0	tensor(3, device='cuda:0')	1.103303988457381
39200.0	1000.0	2239.531460262134	0.0	0	539.6398810300816	2439.531460262144	1	0	tensor(3, device='cuda:0')	1.1033039884573803
40200.0	1000.0	2239.531460262135	0.0	0	581.6647016116331	2439.531460262144	1	0	tensor(3, device='cuda:0')	1.1033039884573803
42067.690774108145	3000.0	1185.071608743176	0.0	0	0.0	2252.762382851324	1	0	tensor(4, device='cuda:0')	0.5432569199837809
42779.52727662405	1000.0	1473.2351062272717	0.0	0	0.0	2252.762382851324	1	0	tensor(3, device='cuda:0')	-0.1769068539613499
43336.511685652884	1000.0	1916.2506971984428	0.0	0	0.0	2252.762382851324	1	0	tensor(3, device='cuda:0')	1.1217054347067599
44200.0	1000.0	2052.762382851332	0.0	0	313.9185519308812	2252.7623828513315	1	0	tensor(3, device='cuda:0')	1.1217054347067592
45200.0	1000.0	2052.7623828513283	0.0	0	335.71077516950027	2252.7623828513315	1	0	tensor(3, device='cuda:0')	1.1217054347067592
46200.0	1000.0	2052.762382851329	0.0	0	366.0750102676757	2252.7623828513315	1	0	tensor(3, device='cuda:0')	1.1217054347067592
47200.0	1000.0	2052.762382851321	0.0	0	147.60861238162033	2252.7623828513315	1	0	tensor(3, device='cuda:0')	1.1217054347067592
48200.0	1000.0	2052.7623828513256	0.0	0	168.16802460137842	2252.7623828513315	1	0	tensor(3, device='cuda:0')	1.1217054347067592
49200.0	1000.0	2052.7623828513315	0.0	0	58.14657029356022	2252.7623828513388	1	0	tensor(3, device='cuda:0')	1.1217054347067588
50238.89765157758	1000.0	2013.8647312737446	0.0	0	0.0	2252.7623828513388	1	0	tensor(3, device='cuda:0')	1.1217054347067588
51200.0	1000.0	2052.7623828513306	0.0	0	97.94908743507403	2252.7623828513388	1	0	tensor(3, device='cuda:0')	1.1217054347067588
52214.764554007925	1000.0	2037.997828843406	0.0	0	0.0	2252.7623828513388	1	0	tensor(3, device='cuda:0')	1.1217054347067588
53200.0	1000.0	2052.762382851328	0.0	0	319.1507816072117	2252.7623828513388	1	0	tensor(3, device='cuda:0')	1.1217054347067588
54200.0	1000.0	2052.7623828513238	0.0	0	447.5508002733259	2252.7623828513315	1	0	tensor(3, device='cuda:0')	1.1217054347067592
55200.0	1000.0	2052.7623828513188	0.0	0	249.2331484968381	2252.7623828513315	1	0	tensor(3, device='cuda:0')	1.1217054347067592
56200.0	1000.0	2052.762382851315	0.0	0	344.49380520072737	2252.7623828513315	1	0	tensor(3, device='cuda:0')	1.1217054347067592
57200.0	1000.0	2052.7623828513174	0.0	0	379.70229416935763	2252.7623828513315	1	0	tensor(3, device='cuda:0')	1.1217054347067592
58200.0	1000.0	2052.7623828513124	0.0	0	160.6901510532989	2252.7623828513315	1	0	tensor(3, device='cuda:0')	1.1217054347067592
59200.0	1000.0	2052.7623828513256	0.0	0	369.3262913211147	2252.7623828513315	1	0	tensor(3, device='cuda:0')	1.1217054347067592
60200.0	1000.0	2052.7623828513138	0.0	0	244.67483434260794	2252.7623828513315	1	0	tensor(3, device='cuda:0')	1.1217054347067592
61200.0	1000.0	2052.762382851315	0.0	0	59.629652010960854	2252.7623828513388	1	0	tensor(3, device='cuda:0')	1.1217054347067588
62200.0	1000.0	2052.7623828513188	0.0	0	401.2784592446551	2252.7623828513388	1	0	tensor(3, device='cuda:0')	1.1217054347067588
63200.0	1000.0	2052.7623828513183	0.0	0	187.2896266852622	2252.7623828513388	1	0	tensor(3, device='cuda:0')	1.1217054347067588
64200.0	1000.0	2052.762382851315	0.0	0	453.7511422450043	2252.7623828513388	1	0	tensor(3, device='cuda:0')	1.1217054347067588
65200.0	3000.0	1952.7623828513088	0.0	0	53.59381070169911	2152.762382851324	1	0	tensor(4, device='cuda:0')	0.7277591639878601
66532.05240429382	3000.0	1487.5047381281122	0.0	0	0.0	2019.5571424219452	1	0	tensor(4, device='cuda:0')	1.9699230995082953
67689.62451041692	3000.0	1214.175421392718	0.0	0	0.0	1903.7999318096554	1	0	tensor(4, device='cuda:0')	2.013365926423928
68780.16927738026	2000.0	1123.6306544293595	0.0	0	0.0	1903.7999318096554	1	0	tensor(3, device='cuda:0')	1.2360911694743053
69720.80742871489	1000.0	1182.9925030947088	0.0	0	0.0	1903.7999318096554	1	0	tensor(3, device='cuda:0')	0.4552619164625798
70481.20089052005	1000.0	1422.5990412895615	0.0	0	0.0	1903.7999318096554	1	0	tensor(3, device='cuda:0')	1.148409097022525
71200.0	1000.0	1703.7999318096201	0.0	0	147.82254993752576	1903.7999318096554	1	0	tensor(3, device='cuda:0')	1.148409097022525
72200.0	1000.0	1703.7999318096258	0.0	0	226.91496649720648	1903.7999318096554	1	0	tensor(3, device='cuda:0')	1.148409097022525
73200.0	1000.0	1703.7999318096315	0.0	0	408.4309284248593	1903.7999318096554	1	0	tensor(3, device='cuda:0')	1.148409097022525
74200.0	1000.0	1703.7999318096106	0.0	0	335.29399250367715	1903.7999318096554	1	0	tensor(3, device='cuda:0')	1.148409097022525
75200.0	1000.0	1703.7999318096117	0.0	0	283.04464185936376	1903.7999318096408	1	0	tensor(3, device='cuda:0')	1.1484090970225258
76200.0	1000.0	1703.7999318096054	0.0	0	264.03102606466564	1903.7999318096408	1	0	tensor(3, device='cuda:0')	1.1484090970225258
77200.0	1000.0	1703.799931809609	0.0	0	107.7120773140341	1903.7999318096408	1	0	tensor(3, device='cuda:0')	1.1484090970225258
78200.0	1000.0	1703.7999318096083	0.0	0	219.22214374579198	1903.7999318096408	1	0	tensor(3, device='cuda:0')	1.1484090970225258
79516.01783804936	2000.0	1387.7820937602369	0.0	0	0.0	1903.7999318096408	1	0	tensor(3, device='cuda:0')	1.1484090970225258
80243.53144483735	1000.0	1660.2684869722275	0.0	0	0.0	1903.7999318096263	1	0	tensor(3, device='cuda:0')	0.45526191646258163
81200.0	1000.0	1703.7999318095708	0.0	0	219.1469536605	1903.7999318096117	1	0	tensor(3, device='cuda:0')	1.1484090970225278
82200.0	1000.0	1703.799931809576	0.0	0	324.58189916702395	1903.7999318096117	1	0	tensor(3, device='cuda:0')	1.1484090970225278
83202.65691227689	1000.0	1701.143019532677	0.0	0	0.0	1903.7999318096117	1	0	tensor(3, device='cuda:0')	1.1484090970225278
84200.0	1000.0	1703.7999318095667	0.0	0	381.7708740413218	1903.7999318096117	1	0	tensor(3, device='cuda:0')	1.1484090970225278
85200.0	1000.0	1703.7999318095515	0.0	0	355.77394930119044	1903.7999318095972	1	0	tensor(3, device='cuda:0')	1.1484090970225287
86200.0	1000.0	1703.799931809532	0.0	0	186.96820295162615	1903.7999318095972	1	0	tensor(3, device='cuda:0')	1.1484090970225287
87200.0	1000.0	1703.7999318095374	0.0	0	477.38485320798645	1903.7999318095972	1	0	tensor(3, device='cuda:0')	1.1484090970225287
88200.0	1000.0	1703.799931809551	0.0	0	415.49267310435243	1903.7999318095972	1	0	tensor(3, device='cuda:0')	1.1484090970225287
89200.0	1000.0	1703.7999318095433	0.0	0	432.5428424303391	1903.7999318095972	1	0	tensor(3, device='cuda:0')	1.1484090970225287
90200.0	1000.0	1703.7999318095385	0.0	0	532.5261278446706	1903.7999318095972	1	0	tensor(3, device='cuda:0')	1.1484090970225287
91200.0	1000.0	1703.7999318095399	0.0	0	502.2850449812395	1903.7999318095972	1	0	tensor(3, device='cuda:0')	1.1484090970225287
92200.0	1000.0	1703.799931809538	0.0	0	370.4647264848609	1903.7999318095972	1	0	tensor(3, device='cuda:0')	1.1484090970225287
93200.0	1000.0	1703.7999318095485	0.0	0	134.49695457078633	1903.7999318095972	1	0	tensor(3, device='cuda:0')	1.1484090970225287
94200.0	1000.0	1703.7999318095585	0.0	0	3.9312278945726575	1903.7999318095972	1	0	tensor(3, device='cuda:0')	1.1484090970225287
95200.0	1000.0	1703.7999318095547	0.0	0	236.211646961121	1903.7999318095972	1	0	tensor(3, device='cuda:0')	1.1484090970225287
96200.0	1000.0	1703.7999318095688	0.0	0	175.9667566263961	1903.7999318095972	1	0	tensor(3, device='cuda:0')	1.1484090970225287
97200.0	1000.0	1703.799931809578	0.0	0	293.79562001893646	1903.7999318096117	1	0	tensor(3, device='cuda:0')	1.1484090970225278
98200.0	1000.0	1703.7999318095779	0.0	0	427.40115598094417	1903.7999318096117	1	0	tensor(3, device='cuda:0')	1.1484090970225278
99200.0	1000.0	1703.799931809589	0.0	0	346.74244826046925	1903.7999318096117	1	0	tensor(3, device='cuda:0')	1.1484090970225278
100200.0	1000.0	1703.7999318095726	0.0	0	167.32779793042573	1903.7999318096117	1	0	tensor(3, device='cuda:0')	1.1484090970225278
101415.97689801536	1000.0	1487.8230337942182	0.0	0	0.0	1903.7999318096117	1	0	tensor(3, device='cuda:0')	1.1484090970225278
102810.43800689743	1000.0	1093.3619249121443	0.0	0	0.0	1903.7999318096117	1	0	tensor(3, device='cuda:0')	1.1484090970225278
103583.37127315835	1000.0	1320.4286586512162	0.0	0	0.0	1903.7999318096263	1	0	tensor(3, device='cuda:0')	1.1484090970225267
104226.44320569542	1000.0	1677.3567261141338	0.0	0	0.0	1903.7999318096263	1	0	tensor(3, device='cuda:0')	1.1484090970225267
105200.0	1000.0	1703.799931809549	0.0	0	207.98888096866722	1903.7999318096408	1	0	tensor(3, device='cuda:0')	1.1484090970225258
106335.02888612839	1000.0	1568.7710456811658	0.0	0	0.0	1903.7999318096554	1	0	tensor(3, device='cuda:0')	1.148409097022525
107200.0	1000.0	1703.7999318095572	0.0	0	340.4675015616085	1903.79993180967	1	0	tensor(3, device='cuda:0')	1.148409097022524
108200.0	1000.0	1703.7999318095578	0.0	0	285.5058142603666	1903.79993180967	1	0	tensor(3, device='cuda:0')	1.148409097022524
109244.61772395796	1000.0	1659.1822078516054	0.0	0	0.0	1903.79993180967	1	0	tensor(3, device='cuda:0')	1.148409097022524
110200.0	1000.0	1703.799931809555	0.0	0	251.63062052951136	1903.79993180967	1	0	tensor(3, device='cuda:0')	1.148409097022524
111200.0	1000.0	1703.7999318095533	0.0	0	406.69628488781746	1903.79993180967	1	0	tensor(3, device='cuda:0')	1.148409097022524
112233.58290054704	1000.0	1670.2170312625142	0.0	0	0.0	1903.79993180967	1	0	tensor(3, device='cuda:0')	1.148409097022524
113200.0	1000.0	1703.799931809563	0.0	0	195.95047984007397	1903.79993180967	1	0	tensor(3, device='cuda:0')	1.148409097022524
114200.0	1000.0	1703.7999318095738	0.0	0	672.3228096616222	1903.79993180967	1	0	tensor(3, device='cuda:0')	1.148409097022524
115258.8074496053	2000.0	1644.9924822042817	0.0	0	0.0	1903.79993180967	1	0	tensor(3, device='cuda:0')	1.1484090970225238
116200.0	1000.0	1703.799931809589	0.0	0	502.8460247400217	1903.79993180967	1	0	tensor(3, device='cuda:0')	0.4552619164625788
117200.0	2000.0	1703.7999318096065	0.0	0	462.68453030603996	1903.79993180967	1	0	tensor(3, device='cuda:0')	1.1484090970225238
118244.79140837063	2000.0	1659.0085234389815	0.0	0	0.0	1903.7999318096554	1	0	tensor(3, device='cuda:0')	1.84155627758247
119364.11023698775	2000.0	1539.689694821857	0.0	0	0.0	1903.7999318096554	1	0	tensor(3, device='cuda:0')	1.84155627758247
120826.47310865518	3000.0	931.0905359877017	0.0	0	0.0	1757.563644642927	1	0	tensor(4, device='cuda:0')	1.3554858381978216
122135.24722574503	2000.0	622.3164188978633	0.0	0	0.0	1757.5636446429417	1	0	tensor(3, device='cuda:0')	1.244869810498413
122985.89697561439	2000.0	771.6666690284894	0.0	0	0.0	1757.563644642927	1	0	tensor(3, device='cuda:0')	1.8503349186065787
123758.8221365182	2000.0	998.7415081246718	0.0	0	0.0	1757.5636446429125	1	0	tensor(3, device='cuda:0')	1.8503349186065796
124915.8504687398	2000.0	841.7131759030651	0.0	0	0.0	1757.563644642898	1	0	tensor(3, device='cuda:0')	1.8503349186065803
126833.46424099825	2000.0	200.0	275.9005963553918	0	0.0	2033.464240998248	1	0	tensor(3, device='cuda:0')	0.18639914701340698
127634.10242358416	1000.0	609.5470590884424	210.18524167434666	0	0.0	2243.6494826725975	1	0	tensor(3, device='cuda:0')	-0.8317362760188609
128204.1252914542	1000.0	1039.5241912184033	0.0	0	0.0	2243.6494826725975	1	0	tensor(3, device='cuda:0')	1.122522354587164
128831.61427884373	1000.0	1412.0352038288663	0.0	0	0.0	2243.649482672583	1	0	tensor(3, device='cuda:0')	1.1225223545871652
129366.00058518474	1000.0	1877.6488974878641	0.0	0	0.0	2243.649482672583	1	0	tensor(3, device='cuda:0')	1.1225223545871652
130200.0	1000.0	2043.6494826726039	0.0	0	23.55619664437836	2243.649482672583	1	0	tensor(3, device='cuda:0')	1.1225223545871652
131396.31504053902	1000.0	1847.334442133586	0.0	0	0.0	2243.6494826725684	1	0	tensor(3, device='cuda:0')	1.1225223545871665
132673.17794105806	1000.0	1570.4715416145118	0.0	0	0.0	2243.6494826725248	1	0	tensor(3, device='cuda:0')	1.1225223545871694
133396.91906366163	1000.0	1846.7304190109428	0.0	0	0.0	2243.64948267251	1	0	tensor(3, device='cuda:0')	1.122522354587171
134256.6446712485	1000.0	1987.0048114240326	0.0	0	0.0	2243.64948267251	1	0	tensor(3, device='cuda:0')	1.1225223545871719
135200.0	1000.0	2043.649482672552	0.0	0	42.05156795136281	2243.64948267251	1	0	tensor(3, device='cuda:0')	1.1225223545871719
136200.0	1000.0	2043.6494826725789	0.0	0	55.03057181782788	2243.6494826725393	1	0	tensor(3, device='cuda:0')	1.1225223545871692
137200.0	1000.0	2043.6494826725807	0.0	0	533.9850582845102	2243.6494826725684	1	0	tensor(3, device='cuda:0')	1.1225223545871665
138200.0	1000.0	2043.6494826725848	0.0	0	412.3485738368472	2243.6494826725684	1	0	tensor(3, device='cuda:0')	1.1225223545871665
139200.0	1000.0	2043.6494826725757	0.0	0	407.10460020191385	2243.6494826725393	1	0	tensor(3, device='cuda:0')	1.1225223545871692
140200.0	1000.0	2043.6494826726007	0.0	0	335.8678139097465	2243.6494826725393	1	0	tensor(3, device='cuda:0')	1.1225223545871692
141200.0	1000.0	2043.6494826726184	0.0	0	355.5721530263545	2243.64948267251	1	0	tensor(3, device='cuda:0')	1.1225223545871719
142200.0	1000.0	2043.6494826725793	0.0	0	364.5583350074303	2243.649482672481	1	0	tensor(3, device='cuda:0')	1.1225223545871743
143200.0	1000.0	2043.6494826725939	0.0	0	341.7083137104055	2243.649482672481	1	0	tensor(3, device='cuda:0')	1.1225223545871743
144200.0	1000.0	2043.6494826725839	0.0	0	586.1311806359736	2243.649482672481	1	0	tensor(3, device='cuda:0')	1.1225223545871743
146562.83584371133	3000.0	444.5300545901551	0.0	0	0.0	2007.3658983013884	1	0	tensor(4, device='cuda:0')	0.4634049985319985
147286.5541389407	1000.0	720.8117593608154	0.0	0	0.0	2007.3658983014175	1	0	tensor(3, device='cuda:0')	-0.15721609025442707
147839.36972318753	1000.0	1167.9961751139988	0.0	0	0.0	2007.3658983014175	1	0	tensor(3, device='cuda:0')	1.1413961984136827
148281.53845898967	1000.0	1725.8274393118716	0.0	0	0.0	2007.3658983014175	1	0	tensor(3, device='cuda:0')	1.1413961984136827
149200.0	1000.0	1807.3658983015548	0.0	0	289.89050668568234	2007.3658983014175	1	0	tensor(3, device='cuda:0')	1.1413961984136827
150200.0	1000.0	1807.3658983015393	0.0	0	392.35559744382044	2007.3658983014175	1	0	tensor(3, device='cuda:0')	1.1413961984136827
151200.0	1000.0	1807.3658983015605	0.0	0	105.68633791117463	2007.3658983014175	1	0	tensor(3, device='cuda:0')	1.1413961984136827
152542.77483181536	1000.0	1464.591066486214	0.0	0	0.0	2007.3658983014175	1	0	tensor(3, device='cuda:0')	1.1413961984136827
153427.44801413894	1000.0	1579.9178841626658	0.0	0	0.0	2007.3658983014466	1	0	tensor(3, device='cuda:0')	1.1413961984136807
154200.0	1000.0	1807.365898301637	0.0	0	128.06986692777718	2007.3658983014757	1	0	tensor(3, device='cuda:0')	1.1413961984136787
155200.0	1000.0	1807.3658983016578	0.0	0	447.3372814129398	2007.3658983014757	1	0	tensor(3, device='cuda:0')	1.1413961984136787
156200.0	1000.0	1807.3658983016674	0.0	0	553.344980054826	2007.3658983014757	1	0	tensor(3, device='cuda:0')	1.1413961984136787
157200.0	2000.0	1807.3658983016776	0.0	0	309.44198539780336	2007.3658983014757	1	0	tensor(3, device='cuda:0')	1.1413961984136787
158200.0	2000.0	1807.3658983016817	0.0	0	44.910606895107776	2007.3658983014757	1	0	tensor(3, device='cuda:0')	1.8345433789736236
160043.7572372412	3000.0	779.2329373363973	0.0	0	0.0	1822.9901745773677	1	0	tensor(4, device='cuda:0')	1.2731644834558624
160875.92683084446	1000.0	947.0633437331107	0.0	0	0.0	1822.9901745773386	1	0	tensor(3, device='cuda:0')	-0.1451987166630775
161518.95903085082	1000.0	1304.0311437267173	0.0	0	0.0	1822.9901745773386	1	0	tensor(3, device='cuda:0')	1.1534135720050327
162232.93528188774	2000.0	1590.0548926897745	0.0	0	0.0	1822.9901745773386	1	0	tensor(3, device='cuda:0')	1.1534135720050325
163256.63573794256	2000.0	1566.3544366349563	0.0	0	0.0	1822.9901745773386	1	0	tensor(3, device='cuda:0')	1.8465607525649776
164200.0	1000.0	1622.9901745774962	0.0	0	196.53840726986527	1822.9901745773095	1	0	tensor(3, device='cuda:0')	0.4602663914450891
165200.0	1000.0	1622.990174577474	0.0	0	414.77848389046267	1822.9901745772804	1	0	tensor(3, device='cuda:0')	1.153413572005036
166200.0	1000.0	1622.9901745774878	0.0	0	254.74060995303444	1822.9901745772804	1	0	tensor(3, device='cuda:0')	1.153413572005036
167200.0	1000.0	1622.9901745774991	0.0	0	255.81696714824648	1822.9901745772804	1	0	tensor(3, device='cuda:0')	1.153413572005036
168200.0	1000.0	1622.9901745774796	0.0	0	357.4105246569088	1822.9901745772804	1	0	tensor(3, device='cuda:0')	1.153413572005036
169200.0	1000.0	1622.9901745774982	0.0	0	306.7367556093377	1822.9901745772804	1	0	tensor(3, device='cuda:0')	1.153413572005036
170200.0	1000.0	1622.9901745774816	0.0	0	307.950920881005	1822.9901745772804	1	0	tensor(3, device='cuda:0')	1.153413572005036
171200.0	1000.0	1622.9901745774964	0.0	0	276.458447138255	1822.9901745772804	1	0	tensor(3, device='cuda:0')	1.153413572005036
172249.4388340639	1000.0	1573.5513405135714	0.0	0	0.0	1822.9901745772804	1	0	tensor(3, device='cuda:0')	1.153413572005036
173200.0	1000.0	1622.9901745774882	0.0	0	428.47493667990784	1822.9901745772804	1	0	tensor(3, device='cuda:0')	1.153413572005036
174200.0	1000.0	1622.9901745774926	0.0	0	559.1487112405885	1822.9901745772513	1	0	tensor(3, device='cuda:0')	1.1534135720050378
175200.0	1000.0	1622.9901745774873	0.0	0	383.8589422655932	1822.9901745772513	1	0	tensor(3, device='cuda:0')	1.1534135720050378
176815.65275814378	2000.0	1007.337416433687	0.0	0	0.0	1822.9901745772513	1	0	tensor(3, device='cuda:0')	1.1534135720050378
177749.7655450457	1000.0	1073.224629531764	0.0	0	0.0	1822.9901745772513	1	0	tensor(3, device='cuda:0')	0.46026639144509257
178485.31671637893	1000.0	1337.6734581985233	0.0	0	0.0	1822.9901745772513	1	0	tensor(3, device='cuda:0')	1.1534135720050378
179200.0	1000.0	1622.9901745774262	0.0	0	6.746886159584392	1822.9901745772513	1	0	tensor(3, device='cuda:0')	1.1534135720050378
180200.0	1000.0	1622.990174577441	0.0	0	387.3320737640315	1822.9901745772513	1	0	tensor(3, device='cuda:0')	1.1534135720050378
181200.0	1000.0	1622.9901745774525	0.0	0	319.4512133418466	1822.9901745772513	1	0	tensor(3, device='cuda:0')	1.1534135720050378
182284.67732379027	1000.0	1538.3128507871866	0.0	0	0.0	1822.9901745772513	1	0	tensor(3, device='cuda:0')	1.1534135720050378
183219.2770527727	1000.0	1603.713121804748	0.0	0	0.0	1822.9901745772222	1	0	tensor(3, device='cuda:0')	1.1534135720050396
184200.0	1000.0	1622.9901745774353	0.0	0	341.9988648830331	1822.9901745772222	1	0	tensor(3, device='cuda:0')	1.1534135720050396
185200.0	2000.0	1622.9901745774416	0.0	0	337.65337529059616	1822.9901745772513	1	0	tensor(3, device='cuda:0')	1.1534135720050378
186200.0	2000.0	1622.9901745774202	0.0	0	113.5725007049914	1822.9901745772513	1	0	tensor(3, device='cuda:0')	1.846560752564983
187220.89773961814	2000.0	1602.0924349592772	0.0	0	0.0	1822.9901745772513	1	0	tensor(3, device='cuda:0')	1.846560752564983
188200.0	1000.0	1622.9901745774455	0.0	0	122.86241739647812	1822.9901745772804	1	0	tensor(3, device='cuda:0')	0.46026639144509085
189200.0	1000.0	1622.9901745774248	0.0	0	201.83615710251615	1822.9901745772804	1	0	tensor(3, device='cuda:0')	1.153413572005036
190203.2422284672	2000.0	1619.7479461102362	0.0	0	0.0	1822.9901745773095	1	0	tensor(3, device='cuda:0')	1.1534135720050342
191200.0	1000.0	1622.990174577429	0.0	0	147.78401011854294	1822.9901745773095	1	0	tensor(3, device='cuda:0')	0.4602663914450891
192200.0	1000.0	1622.9901745774143	0.0	0	283.63567565893754	1822.9901745773095	1	0	tensor(3, device='cuda:0')	1.1534135720050342
193200.0	1000.0	1622.9901745774039	0.0	0	485.6832043660106	1822.9901745773095	1	0	tensor(3, device='cuda:0')	1.1534135720050342
194200.0	1000.0	1622.990174577413	0.0	0	313.0076661426574	1822.9901745773095	1	0	tensor(3, device='cuda:0')	1.1534135720050342
195200.0	1000.0	1622.990174577411	0.0	0	258.14515456720255	1822.9901745772804	1	0	tensor(3, device='cuda:0')	1.153413572005036
196200.0	1000.0	1622.9901745774177	0.0	0	382.71323953947285	1822.9901745772804	1	0	tensor(3, device='cuda:0')	1.153413572005036
197200.0	1000.0	1622.990174577399	0.0	0	491.82578245186596	1822.9901745772513	1	0	tensor(3, device='cuda:0')	1.1534135720050378
198200.0	1000.0	1622.9901745773757	0.0	0	417.16034548095195	1822.9901745772222	1	0	tensor(3, device='cuda:0')	1.1534135720050396
199458.18461912803	1000.0	1364.8055554493715	0.0	0	0.0	1822.9901745772513	1	0	tensor(3, device='cuda:0')	1.1534135720050378
200921.79665254446	1000.0	901.1935220329357	0.0	0	0.0	1822.9901745772513	1	0	tensor(3, device='cuda:0')	1.1534135720050378
202172.20119682243	1000.0	650.7889777549929	0.0	0	0.0	1822.9901745772513	1	0	tensor(3, device='cuda:0')	1.1534135720050378
203086.15113632445	1000.0	736.8390382529581	0.0	0	0.0	1822.9901745772513	1	0	tensor(3, device='cuda:0')	1.1534135720050378
203564.11491032547	1000.0	1258.8752642519325	0.0	0	0.0	1822.9901745772513	1	0	tensor(3, device='cuda:0')	1.1534135720050378
204200.0	1000.0	1622.9901745774036	0.0	0	135.12763484491734	1822.9901745772222	1	0	tensor(3, device='cuda:0')	1.1534135720050396
205200.0	1000.0	1622.9901745773664	0.0	0	431.8421166394255	1822.990174577193	1	0	tensor(3, device='cuda:0')	1.1534135720050411
206200.0	1000.0	1622.9901745773839	0.0	0	326.9216024570633	1822.9901745772222	1	0	tensor(3, device='cuda:0')	1.1534135720050396
207200.0	1000.0	1622.9901745773707	0.0	0	38.01077071562759	1822.9901745772222	1	0	tensor(3, device='cuda:0')	1.1534135720050396
208200.0	1000.0	1622.990174577383	0.0	0	145.65572802812676	1822.9901745772222	1	0	tensor(3, device='cuda:0')	1.1534135720050396
209658.2074166497	1000.0	1164.7827579276873	0.0	0	0.0	1822.9901745772222	1	0	tensor(3, device='cuda:0')	1.1534135720050396
210868.9989897474	1000.0	953.9911848300072	0.0	0	0.0	1822.9901745772513	1	0	tensor(3, device='cuda:0')	1.1534135720050378
211953.88506744796	1000.0	869.1051071294287	0.0	0	0.0	1822.9901745772513	1	0	tensor(3, device='cuda:0')	1.1534135720050378
212411.36465739488	1000.0	1411.6255171825107	0.0	0	0.0	1822.9901745772513	1	0	tensor(3, device='cuda:0')	1.1534135720050378
213200.0	1000.0	1622.990174577353	0.0	0	140.33280033466872	1822.9901745772513	1	0	tensor(3, device='cuda:0')	1.1534135720050378
214200.0	1000.0	1622.990174577357	0.0	0	437.81932492775377	1822.9901745772513	1	0	tensor(3, device='cuda:0')	1.1534135720050378
215200.0	1000.0	1622.9901745773484	0.0	0	95.07628961320734	1822.9901745772513	1	0	tensor(3, device='cuda:0')	1.1534135720050378
216200.0	1000.0	1622.9901745772875	0.0	0	463.7724875790882	1822.9901745772513	1	0	tensor(3, device='cuda:0')	1.1534135720050378
217200.0	1000.0	1622.990174577294	0.0	0	238.44979775993852	1822.9901745772513	1	0	tensor(3, device='cuda:0')	1.1534135720050378
218200.0	1000.0	1622.990174577319	0.0	0	313.2559155377385	1822.9901745772804	1	0	tensor(3, device='cuda:0')	1.153413572005036
219200.0	1000.0	1622.990174577324	0.0	0	122.66045775439125	1822.9901745772804	1	0	tensor(3, device='cuda:0')	1.153413572005036
220748.74860101694	1000.0	1074.2415735603809	0.0	0	0.0	1822.9901745772804	1	0	tensor(3, device='cuda:0')	1.153413572005036
221739.8448812792	1000.0	1083.145293298136	0.0	0	0.0	1822.9901745772513	1	0	tensor(3, device='cuda:0')	1.1534135720050378
222314.16072115715	1000.0	1508.8294534201918	0.0	0	0.0	1822.9901745772513	1	0	tensor(3, device='cuda:0')	1.1534135720050378
223291.15488518393	1000.0	1531.8352893934127	0.0	0	0.0	1822.9901745772513	1	0	tensor(3, device='cuda:0')	1.1534135720050378
224200.0	1000.0	1622.9901745773261	0.0	0	369.0349118387967	1822.9901745772513	1	0	tensor(3, device='cuda:0')	1.1534135720050378
225200.0	1000.0	1622.9901745773607	0.0	0	568.5580633622012	1822.9901745772804	1	0	tensor(3, device='cuda:0')	1.153413572005036
226200.0	1000.0	1622.9901745773736	0.0	0	346.0810605666775	1822.9901745772804	1	0	tensor(3, device='cuda:0')	1.153413572005036
227200.0	1000.0	1622.9901745773684	0.0	0	256.02442350480123	1822.9901745772804	1	0	tensor(3, device='cuda:0')	1.153413572005036
228200.0	1000.0	1622.990174577375	0.0	0	333.7271484512021	1822.9901745772804	1	0	tensor(3, device='cuda:0')	1.153413572005036
229200.0	1000.0	1622.9901745773886	0.0	0	439.03165889857337	1822.9901745772804	1	0	tensor(3, device='cuda:0')	1.153413572005036
230200.0	1000.0	1622.990174577358	0.0	0	375.86053558954154	1822.9901745772804	1	0	tensor(3, device='cuda:0')	1.153413572005036
231200.0	2000.0	1622.9901745773755	0.0	0	16.736169645708287	1822.9901745772804	1	0	tensor(3, device='cuda:0')	1.1534135720050358
232200.0	2000.0	1622.9901745773964	0.0	0	420.49192814249545	1822.9901745772804	1	0	tensor(3, device='cuda:0')	1.846560752564981
233294.94729845508	2000.0	1528.0428761223204	0.0	0	0.0	1822.9901745772804	1	0	tensor(3, device='cuda:0')	1.846560752564981
234262.0512284165	1000.0	1560.9389461609092	0.0	0	0.0	1822.9901745772804	1	0	tensor(3, device='cuda:0')	0.46026639144509085
235200.0	1000.0	1622.9901745774212	0.0	0	89.06590403598966	1822.9901745772804	1	0	tensor(3, device='cuda:0')	1.153413572005036
236200.0	1000.0	1622.9901745774275	0.0	0	508.42912186984904	1822.9901745772804	1	0	tensor(3, device='cuda:0')	1.153413572005036
237200.0	1000.0	1622.9901745774512	0.0	0	84.36361236916855	1822.9901745772804	1	0	tensor(3, device='cuda:0')	1.153413572005036
238253.5196132881	1000.0	1569.4705612893515	0.0	0	0.0	1822.9901745772804	1	0	tensor(3, device='cuda:0')	1.153413572005036
239200.0	1000.0	1622.990174577464	0.0	0	263.80310701034614	1822.9901745772804	1	0	tensor(3, device='cuda:0')	1.153413572005036
240237.37228809006	1000.0	1585.6178864874203	0.0	0	0.0	1822.9901745773095	1	0	tensor(3, device='cuda:0')	1.1534135720050342
241397.346431819	1000.0	1425.6437427584867	0.0	0	0.0	1822.9901745773095	1	0	tensor(3, device='cuda:0')	1.1534135720050342
242348.06307657604	1000.0	1474.927098001464	0.0	0	0.0	1822.9901745773386	1	0	tensor(3, device='cuda:0')	1.1534135720050327
243200.0	1000.0	1622.9901745775187	0.0	0	210.7416999230045	1822.9901745773386	1	0	tensor(3, device='cuda:0')	1.1534135720050327
244200.0	1000.0	1622.9901745774987	0.0	0	227.68292087325244	1822.9901745773386	1	0	tensor(3, device='cuda:0')	1.1534135720050327
245200.0	1000.0	1622.9901745775069	0.0	0	533.6356618598511	1822.9901745773386	1	0	tensor(3, device='cuda:0')	1.1534135720050327
246262.5545405468	2000.0	1560.435634030709	0.0	0	0.0	1822.9901745773095	1	0	tensor(3, device='cuda:0')	1.1534135720050342
247437.53407494377	2000.0	1385.456099633724	0.0	0	0.0	1822.9901745773095	1	0	tensor(3, device='cuda:0')	1.8465607525649794
248460.95680784516	1000.0	1362.0333667323255	0.0	0	0.0	1822.9901745773095	1	0	tensor(3, device='cuda:0')	0.4602663914450891
249447.40465696575	1000.0	1375.5855176117075	0.0	0	0.0	1822.9901745773095	1	0	tensor(3, device='cuda:0')	1.1534135720050342
250200.0	1000.0	1622.99017457745	0.0	0	194.45290437017684	1822.9901745773386	1	0	tensor(3, device='cuda:0')	1.1534135720050327
251436.2358243482	1000.0	1386.754350229273	0.0	0	0.0	1822.9901745773386	1	0	tensor(3, device='cuda:0')	1.1534135720050327
252688.47067878136	1000.0	1134.519495796128	0.0	0	0.0	1822.9901745773095	1	0	tensor(3, device='cuda:0')	1.1534135720050342
253328.23019316274	1000.0	1494.759981414738	0.0	0	0.0	1822.9901745772804	1	0	tensor(3, device='cuda:0')	1.153413572005036
254200.0	1000.0	1622.990174577506	0.0	0	199.6199061520456	1822.9901745772804	1	0	tensor(3, device='cuda:0')	1.153413572005036
255216.893238652	1000.0	1606.096935925518	0.0	0	63.97878667822806	1822.9901745773095	1	0	tensor(3, device='cuda:0')	1.1534135720050342
256329.73858690367	1000.0	1493.2515876738094	0.0	0	0.0	1822.9901745772804	1	0	tensor(3, device='cuda:0')	1.153413572005036
257536.03232002398	1000.0	1286.9578545534944	0.0	0	0.0	1822.9901745772804	1	0	tensor(3, device='cuda:0')	1.153413572005036
258341.42370392644	1000.0	1481.566470651018	0.0	0	0.0	1822.9901745772804	1	0	tensor(3, device='cuda:0')	1.153413572005036
259200.0	1000.0	1622.9901745774334	0.0	0	267.0405492463324	1822.9901745772513	1	0	tensor(3, device='cuda:0')	1.1534135720050378
260200.0	1000.0	1622.9901745774662	0.0	0	531.624852665409	1822.9901745772804	1	0	tensor(3, device='cuda:0')	1.153413572005036
261200.0	1000.0	1622.9901745774484	0.0	0	459.2305654824595	1822.9901745772804	1	0	tensor(3, device='cuda:0')	1.153413572005036
262316.6489996668	2000.0	1506.341174910698	0.0	0	0.0	1822.9901745773386	1	0	tensor(3, device='cuda:0')	1.153413572005035
263200.0	1000.0	1622.9901745775494	0.0	0	246.7784193919506	1822.9901745773968	1	0	tensor(3, device='cuda:0')	0.4602663914450857
264200.0	1000.0	1622.9901745775499	0.0	0	281.02374846156454	1822.990174577455	1	0	tensor(3, device='cuda:0')	1.153413572005027
265200.0	1000.0	1622.9901745775262	0.0	0	370.1942317301291	1822.990174577455	1	0	tensor(3, device='cuda:0')	1.1534135720050256
266200.0	1000.0	1622.9901745775494	0.0	0	241.7417950212257	1822.9901745775132	1	0	tensor(3, device='cuda:0')	1.1534135720050223
267211.1902785015	1000.0	1611.799896076094	0.0	0	0.0	1822.9901745775715	1	0	tensor(3, device='cuda:0')	1.1534135720050187
268200.0	1000.0	1622.9901745776606	0.0	0	54.20680954307318	1822.9901745775715	1	0	tensor(3, device='cuda:0')	1.1534135720050187
269200.0	1000.0	1622.9901745776187	0.0	0	326.1400314377388	1822.9901745775715	1	0	tensor(3, device='cuda:0')	1.1534135720050187
270200.0	1000.0	1622.9901745775915	0.0	0	181.38879392680246	1822.9901745775715	1	0	tensor(3, device='cuda:0')	1.1534135720050187
271592.1132458255	1000.0	1230.876928752102	0.0	0	0.0	1822.9901745775715	1	0	tensor(3, device='cuda:0')	1.1534135720050187
272458.7714969039	1000.0	1364.2186776737283	0.0	0	0.0	1822.9901745776297	1	0	tensor(3, device='cuda:0')	1.1534135720050152
273983.05656708445	1000.0	839.9336074932137	0.0	0	0.0	1822.9901745776297	1	0	tensor(3, device='cuda:0')	1.1534135720050152
275126.9941638538	1000.0	695.9960107239409	0.0	0	0.0	1822.9901745776297	1	0	tensor(3, device='cuda:0')	1.1534135720050152
275938.4635155546	1000.0	884.5266590231768	0.0	0	0.0	1822.9901745776879	1	0	tensor(3, device='cuda:0')	1.1534135720050118
276830.0983194112	1000.0	992.8918551665516	0.0	0	0.0	1822.9901745776879	1	0	tensor(3, device='cuda:0')	1.1534135720050118
277428.4668743041	1000.0	1394.5233002736986	0.0	0	0.0	1822.9901745776879	1	0	tensor(3, device='cuda:0')	1.1534135720050118
278200.0	1000.0	1622.9901745777722	0.0	0	81.37535894173197	1822.9901745776879	1	0	tensor(3, device='cuda:0')	1.1534135720050118
279200.0	2000.0	1622.9901745778193	0.0	0	176.51086793566355	1822.9901745776879	1	0	tensor(3, device='cuda:0')	1.1534135720050118
280200.0	2000.0	1622.9901745777909	0.0	0	64.94806155416882	1822.9901745776879	1	0	tensor(3, device='cuda:0')	1.8465607525649568
281200.0	2000.0	1622.990174577769	0.0	0	127.09148301754612	1822.9901745776297	1	0	tensor(3, device='cuda:0')	1.8465607525649606
282200.0	2000.0	1622.990174577778	0.0	0	244.25689937971765	1822.9901745776297	1	0	tensor(3, device='cuda:0')	1.8465607525649606
283200.0	2000.0	1622.9901745777672	0.0	0	119.66504891781369	1822.9901745776297	1	0	tensor(3, device='cuda:0')	1.8465607525649606
284200.0	2000.0	1622.9901745777945	0.0	0	14.15057996835094	1822.9901745776297	1	0	tensor(3, device='cuda:0')	1.8465607525649606
285200.0	2000.0	1622.9901745778564	0.0	0	185.9814530449803	1822.9901745776297	1	0	tensor(3, device='cuda:0')	1.8465607525649606
286213.3310282191	2000.0	1609.6591463587458	0.0	0	0.0	1822.9901745776297	1	0	tensor(3, device='cuda:0')	1.8465607525649606
287746.44987003074	2000.0	1076.5403045470316	0.0	0	0.0	1822.9901745775715	1	0	tensor(3, device='cuda:0')	1.8465607525649639
288762.87939775153	1000.0	1060.1107768261963	0.0	0	0.0	1822.9901745775715	1	0	tensor(3, device='cuda:0')	0.46026639144507353
289343.8079757013	1000.0	1479.1821988764361	0.0	0	0.0	1822.9901745775715	1	0	tensor(3, device='cuda:0')	1.1534135720050187
290200.0	1000.0	1622.990174577712	0.0	0	301.25821127486415	1822.9901745776297	1	0	tensor(3, device='cuda:0')	1.1534135720050152
291200.0	2000.0	1622.990174577771	0.0	0	183.98308977863053	1822.9901745776297	1	0	tensor(3, device='cuda:0')	1.1534135720050154
292466.4867511239	2000.0	1356.503423453803	0.0	0	0.0	1822.9901745776297	1	0	tensor(3, device='cuda:0')	1.8465607525649606
293686.90921663353	2000.0	1136.0809579442066	0.0	0	0.0	1822.9901745776297	1	0	tensor(3, device='cuda:0')	1.8465607525649606
294910.7252327579	1000.0	912.2649418198055	0.0	0	0.0	1822.9901745776297	1	0	tensor(3, device='cuda:0')	0.4602663914450701
295504.0271218014	1000.0	1318.9630527763888	0.0	0	0.0	1822.9901745776297	1	0	tensor(3, device='cuda:0')	1.1534135720050152
296200.0	1000.0	1622.9901745777918	0.0	0	108.00944562460063	1822.9901745776297	1	0	tensor(3, device='cuda:0')	1.1534135720050152
297200.0	1000.0	1622.9901745778475	0.0	0	239.48321811569622	1822.9901745776297	1	0	tensor(3, device='cuda:0')	1.1534135720050152
298200.0	1000.0	1622.9901745777984	0.0	0	161.86332687811228	1822.9901745776297	1	0	tensor(3, device='cuda:0')	1.1534135720050152
299200.0	1000.0	1622.9901745778704	0.0	0	305.5651506363647	1822.9901745776879	1	0	tensor(3, device='cuda:0')	1.1534135720050118
300200.0	1000.0	1622.9901745778109	0.0	0	238.26470500713913	1822.9901745776879	1	0	tensor(3, device='cuda:0')	1.1534135720050118
301200.0	1000.0	1622.9901745777859	0.0	0	402.2612952076597	1822.9901745776879	1	0	tensor(3, device='cuda:0')	1.1534135720050118
302200.0	1000.0	1622.99017457776	0.0	0	353.6991991735413	1822.9901745776297	1	0	tensor(3, device='cuda:0')	1.1534135720050152
303311.061048163	1000.0	1511.9291264147298	0.0	0	0.0	1822.9901745776297	1	0	tensor(3, device='cuda:0')	1.1534135720050152
1.25	1.91	1.46	1.1	1.27	1.37	1.03	1.6	1.82	1.17	0.996	0.869	1.09	1.18	1.38	1.05	1.03	1.47	1.19	0.927	1.08	1.48	1.46	0.95	1.2	1.55	2.68	2.32	1.36	1.59	1.39	1.17	1.8	1.99	2.58	2.06	1.93	1.91	1.64	1.61	1.24	1.46	1.56	1.02	0.985	1.51	0.915	1.09	1.73	1.34	1.41	1.42	1.39	2.25	1.9	1.49	1.27	1.3	2.11	2.95	2.47	2.33	1.93	1.4	1.44	1.62	0.973	1.93	1.83	1.78	1.4	1.02	1.64	2.34	1.75	1.62	1.83	1.33	1.38	1.3	1.27	1.63	1.75	1.45	2.18	1.71	1.89	1.41	0.915	1.25	1.24	1.42	2.22	1.47	1.16	1.14	0.846	0.973	1.32	1.68	0.788	1.52	1.88	1.2	1.42	1.49	1.17	1.36	2.51	2.48	1.82	2.91	2.56	2.27	2.78	2.27	1.82	2.43	1.98	2.13	1.3	1.26	1.66	1.9	1.33	0.915	0.649	1.04	1.25	0.799	1.22	1.71	1.62	1.78	2.06	1.53	1.26	1.6	2.88	2.34	1.05	1.68	1.97	2.0	1.99	1.15	0.776	0.846	1.27	1.76	2.18	2.79	2.79	2.55	0.857	1.38	2.14	2.33	1.87	1.34	1.83	1.68	1.48	1.47	1.82	1.48	0.915	1.58	2.02	2.15	2.18	1.2	1.15	1.11	1.23	1.99	1.16	1.27	1.85	2.4	2.39	2.35	1.51	1.59	2.24	1.48	1.58	1.67	1.34	1.33	1.53	1.9	1.81	1.04	0.938	0.776	0.498	1.09	1.74	1.66	1.33	0.799	1.14	0.637	1.2	1.07	1.05	2.02	1.85	1.36	1.73	1.49	1.24	0.996	0.741	0.788	1.58	1.33	1.66	2.19	1.8	1.75	1.69	1.64	2.09	2.59	3.1	2.19	1.22	1.09	1.92	1.37	1.09	1.29	0.765	1.14	1.2	1.64	1.62	2.2	2.55	2.46	1.23	0.996	1.67	1.31	0.463	1.51	1.51	1.37	0.73	0.591	1.36	2.19	1.9	1.82	1.97	1.68	1.84	1.88	1.7	1.34	1.18	1.47	1.1	0.568	0.985	0.846	0.649	0.626	1.02	1.34	1.6	2.61	2.0	1.77	2.03	2.61	1.81	2.37	2.29	2.0	1.09	1.34	1.85	2.58	2.06	2.1	1.62	0.857	1.7	2.05	1.14	1.58	1.01	1.95	1.6	1.22	0.602	0.741
762.0	763.0	764.0	765.0	766.0	767.0	768.0	769.0	770.0	771.0	772.0	773.0	774.0	775.0	776.0	777.0	778.0	779.0	780.0	781.0	782.0	783.0	784.0	785.0	786.0	787.0	788.0	789.0	790.0	791.0	792.0	793.0	794.0	795.0	796.0	797.0	798.0	799.0	800.0	801.0	802.0	803.0	804.0	805.0	806.0	807.0	808.0	809.0	810.0	811.0	812.0	813.0	814.0	815.0	816.0	817.0	818.0	819.0	820.0	821.0	822.0	823.0	824.0	825.0	826.0	827.0	828.0	829.0	830.0	831.0	832.0	833.0	834.0	835.0	836.0	837.0	838.0	839.0	840.0	841.0	842.0	843.0	844.0	845.0	846.0	847.0	848.0	849.0	850.0	851.0	852.0	853.0	854.0	855.0	856.0	857.0	858.0	859.0	860.0	861.0	862.0	863.0	864.0	865.0	866.0	867.0	868.0	869.0	870.0	871.0	872.0	873.0	874.0	875.0	876.0	877.0	878.0	879.0	880.0	881.0	882.0	883.0	884.0	885.0	886.0	887.0	888.0	889.0	890.0	891.0	892.0	893.0	894.0	895.0	896.0	897.0	898.0	899.0	900.0	901.0	902.0	903.0	904.0	905.0	906.0	907.0	908.0	909.0	910.0	911.0	912.0	913.0	914.0	915.0	916.0	917.0	918.0	919.0	920.0	921.0	922.0	923.0	924.0	925.0	926.0	927.0	928.0	929.0	930.0	931.0	932.0	933.0	934.0	935.0	936.0	937.0	938.0	939.0	940.0	941.0	942.0	943.0	944.0	945.0	946.0	947.0	948.0	949.0	950.0	951.0	952.0	953.0	954.0	955.0	956.0	957.0	958.0	959.0	960.0	961.0	962.0	963.0	964.0	965.0	966.0	967.0	968.0	969.0	970.0	971.0	972.0	973.0	974.0	975.0	976.0	977.0	978.0	979.0	980.0	981.0	982.0	983.0	984.0	985.0	986.0	987.0	988.0	989.0	990.0	991.0	992.0	993.0	994.0	995.0	996.0	997.0	998.0	999.0	1000.0	1001.0	1002.0	1003.0	1004.0	1005.0	1006.0	1007.0	1008.0	1009.0	1010.0	1011.0	1012.0	1013.0	1014.0	1015.0	1016.0	1017.0	1018.0	1019.0	1020.0	1021.0	1022.0	1023.0	1024.0	1025.0	1026.0	1027.0	1028.0	1029.0	1030.0	1031.0	1032.0	1033.0	1034.0	1035.0	1036.0	1037.0	1038.0	1039.0	1040.0	1041.0	1042.0	1043.0	1044.0	1045.0	1046.0	1047.0	1048.0	1049.0	1050.0	1051.0	1052.0	1053.0	1054.0	1055.0	1056.0	1057.0	1058.0	1059.0	1060.0	1061.0
4994.0
