5362.999380487519	1000.0	2000.0	252.7521252010591	0	0.0	2362.9993804875194	1	0	tensor(6, device='cuda:0')	-10.603339284043832
6464.362619178099	3000.0	1788.5004374403625	0.0	0	0.0	2252.863056618461	1	0	tensor(4, device='cuda:0')	0.6985885136032974
7974.5343920758905	6000.0	1278.3286645425708	0.0	0	0.0	2252.863056618461	1	0	tensor(3, device='cuda:0')	2.020308658817835
8886.74078770966	3000.0	1274.9016293454238	0.0	0	0.0	2161.6424170550827	1	0	tensor(4, device='cuda:0')	1.150687005005493
10148.729316657756	3000.0	886.714247502518	0.0	0	0.0	2035.4435641602731	1	0	tensor(4, device='cuda:0')	1.9830763632186725
10741.094438328248	1000.0	1294.349125832026	0.0	0	0.0	2035.4435641602722	1	0	tensor(3, device='cuda:0')	-0.15924120194205796
11221.617907423808	1000.0	1813.8256567364654	0.0	0	0.0	2035.4435641602722	1	0	tensor(3, device='cuda:0')	1.1393710867260518
12200.0	2000.0	1835.443564160273	0.0	0	344.8093398714045	2035.4435641602722	1	0	tensor(3, device='cuda:0')	1.139371086726052
13200.0	3000.0	1735.4435641602709	0.0	0	465.3110430364195	1935.4435641602686	1	0	tensor(4, device='cuda:0')	1.4368890851892502
14450.720275056841	6000.0	1484.7232891034287	0.0	0	0.0	1935.4435641602668	1	0	tensor(3, device='cuda:0')	2.044952580987136
15457.036313444509	6000.0	1478.4072507157616	0.0	0	0.0	1935.4435641602668	1	0	tensor(3, device='cuda:0')	2.938099761547081
16488.591636405385	6000.0	1446.851927754886	0.0	0	0.0	1935.4435641602668	1	0	tensor(3, device='cuda:0')	2.938099761547081
18849.694531176323	6000.0	200.0	114.25096701604929	0	0.0	2049.6945311763193	1	0	tensor(3, device='cuda:0')	2.250990319432458
19539.598765000534	3000.0	614.2617491792485	157.41491489625582	0	0.0	2153.8605141797816	1	0	tensor(4, device='cuda:0')	0.28322851856096565
20499.420587114775	3000.0	558.4577448535825	0.0	0	0.0	2057.87833196835	1	0	tensor(4, device='cuda:0')	2.0426653541377897
22032.02855863166	3000.0	200.0	297.6463852863567	0	0.0	2232.0285586316604	1	0	tensor(4, device='cuda:0')	0.1993135286651515
23364.07474997914	3000.0	379.1256744773726	585.7968045087297	0	0.0	2743.2004244565105	1	0	tensor(4, device='cuda:0')	-1.503607068256739
24382.153202166948	3000.0	423.52298566725074	149.34873508770124	0	0.0	2805.6761878341968	1	0	tensor(4, device='cuda:0')	1.0809744562011219
26057.049619560476	3000.0	200.0	562.6027940596595	0	0.0	3257.0496195604755	1	0	tensor(4, device='cuda:0')	-1.4950858029182938
27200.0	1000.0	309.2123457851718	252.212345785171	0	398.0384120530762	509.2123457851703	1	0	tensor(6, device='cuda:0')	-10.614453673403448
28289.099853415173	2000.0	463.6476257659407	243.5351333959391	0	0.0	752.747479181111	1	0	tensor(3, device='cuda:0')	-0.26828515312141943
29226.83950170406	2000.0	547.0898981207048	21.181920643647857	0	0.0	773.9293998247595	1	0	tensor(3, device='cuda:0')	1.7585354700701035
30200.0	1000.0	573.929399824768	0.0	0	359.25493451326474	773.9293998247595	1	0	tensor(3, device='cuda:0')	0.49933263281210055
31200.0	1000.0	573.9293998247672	0.0	0	382.2621016903395	773.9293998247631	1	0	tensor(3, device='cuda:0')	1.1924798133720458
32200.0	2000.0	573.9293998247713	0.0	0	498.1838213504234	773.9293998247631	1	0	tensor(3, device='cuda:0')	1.1924798133720458
33200.0	2000.0	573.9293998247638	0.0	0	233.79282610984956	773.9293998247522	1	0	tensor(3, device='cuda:0')	1.885626993931991
34200.0	2000.0	573.9293998247579	0.0	0	23.65820400728262	773.9293998247522	1	0	tensor(3, device='cuda:0')	1.8856269939319912
35200.0	2000.0	573.9293998247647	0.0	0	396.9632778984087	773.9293998247449	1	0	tensor(3, device='cuda:0')	1.8856269939319912
36200.0	2000.0	573.9293998247682	0.0	0	284.3305028335162	773.9293998247522	1	0	tensor(3, device='cuda:0')	1.8856269939319912
37200.0	2000.0	573.9293998247707	0.0	0	618.0708444850461	773.9293998247595	1	0	tensor(3, device='cuda:0')	1.8856269939319907
38200.0	2000.0	573.929399824774	0.0	0	309.7506332655612	773.9293998247595	1	0	tensor(3, device='cuda:0')	1.8856269939319907
39200.0	2000.0	573.9293998247781	0.0	0	142.22548391982855	773.9293998247595	1	0	tensor(3, device='cuda:0')	1.8856269939319907
40200.0	2000.0	573.9293998247815	0.0	0	448.06187593175855	773.9293998247595	1	0	tensor(3, device='cuda:0')	1.8856269939319907
41200.0	2000.0	573.9293998247774	0.0	0	341.1237391849281	773.9293998247595	1	0	tensor(3, device='cuda:0')	1.8856269939319907
42200.0	2000.0	573.9293998247756	0.0	0	251.85524356922542	773.9293998247595	1	0	tensor(3, device='cuda:0')	1.8856269939319907
43200.0	2000.0	573.9293998247746	0.0	0	176.05085427613812	773.9293998247595	1	0	tensor(3, device='cuda:0')	1.8856269939319907
44628.25224487922	2000.0	277.5241318644038	131.84697691884588	0	0.0	905.7763767436118	1	0	tensor(3, device='cuda:0')	1.091592044455929
45200.0	1000.0	705.7763767436227	0.0	0	84.76069557574374	905.7763767436045	1	0	tensor(3, device='cuda:0')	0.4963373462881773
46200.0	1000.0	705.7763767436245	0.0	0	588.2745505214843	905.7763767436045	1	0	tensor(3, device='cuda:0')	1.1894845268481224
47200.0	2000.0	705.7763767436268	0.0	0	483.5152844541517	905.7763767436045	1	0	tensor(3, device='cuda:0')	1.1894845268481224
48200.0	2000.0	705.7763767436206	0.0	0	416.0978979013162	905.7763767436045	1	0	tensor(3, device='cuda:0')	1.8826317074080676
49252.63529551306	2000.0	653.141081230566	0.0	0	0.0	905.7763767436045	1	0	tensor(3, device='cuda:0')	1.8826317074080676
50392.3837673011	2000.0	513.3926094425201	0.0	0	0.0	905.7763767436045	1	0	tensor(3, device='cuda:0')	1.8826317074080676
51490.89476835765	2000.0	494.9874749360505	80.10586655007933	0	0.0	985.8822432936868	1	0	tensor(3, device='cuda:0')	1.399976694445642
52309.343937026846	2000.0	676.5383062668502	0.0	0	0.0	985.8822432936868	1	0	tensor(3, device='cuda:0')	1.880611893746118
53200.0	2000.0	785.882243293694	0.0	0	240.05630014293274	985.8822432936868	1	0	tensor(3, device='cuda:0')	1.880611893746118
54200.0	2000.0	785.8822432936995	0.0	0	353.2464039911865	985.8822432936868	1	0	tensor(3, device='cuda:0')	1.880611893746118
55200.0	2000.0	785.882243293698	0.0	0	484.6867926138657	985.8822432936868	1	0	tensor(3, device='cuda:0')	1.880611893746118
56200.0	2000.0	785.8822432937031	0.0	0	330.4044453288807	985.8822432936868	1	0	tensor(3, device='cuda:0')	1.880611893746118
57200.0	2000.0	785.8822432937113	0.0	0	200.57462950727495	985.882243293694	1	0	tensor(3, device='cuda:0')	1.8806118937461178
58200.0	2000.0	785.882243293716	0.0	0	232.68706171550002	985.882243293694	1	0	tensor(3, device='cuda:0')	1.8806118937461178
59200.0	2000.0	785.8822432937137	0.0	0	267.28347087048314	985.882243293694	1	0	tensor(3, device='cuda:0')	1.8806118937461178
60200.0	2000.0	785.8822432937164	0.0	0	531.8996209097822	985.882243293694	1	0	tensor(3, device='cuda:0')	1.8806118937461178
61200.0	2000.0	785.8822432937134	0.0	0	488.74351281383133	985.882243293694	1	0	tensor(3, device='cuda:0')	1.8806118937461178
62200.0	2000.0	785.88224329372	0.0	0	136.6225272520387	985.882243293694	1	0	tensor(3, device='cuda:0')	1.8806118937461178
63200.0	2000.0	785.8822432937282	0.0	0	178.0355046017503	985.882243293694	1	0	tensor(3, device='cuda:0')	1.8806118937461178
64200.0	2000.0	785.8822432937222	0.0	0	513.5487976831646	985.882243293694	1	0	tensor(3, device='cuda:0')	1.8806118937461178
65200.0	2000.0	785.8822432937143	0.0	0	541.5806221215607	985.8822432936868	1	0	tensor(3, device='cuda:0')	1.880611893746118
66200.0	2000.0	785.8822432937228	0.0	0	344.05799336658674	985.882243293694	1	0	tensor(3, device='cuda:0')	1.880611893746118
67200.0	2000.0	785.8822432937266	0.0	0	247.66244460361486	985.8822432937013	1	0	tensor(3, device='cuda:0')	1.8806118937461176
68200.0	2000.0	785.8822432937246	0.0	0	138.2789404519135	985.8822432936868	1	0	tensor(3, device='cuda:0')	1.880611893746118
69200.0	2000.0	785.8822432937159	0.0	0	297.67876215169963	985.8822432936868	1	0	tensor(3, device='cuda:0')	1.880611893746118
70200.0	2000.0	785.8822432937012	0.0	0	438.85523303861555	985.8822432936868	1	0	tensor(3, device='cuda:0')	1.880611893746118
71200.0	2000.0	785.8822432937081	0.0	0	385.7785048473015	985.8822432936868	1	0	tensor(3, device='cuda:0')	1.880611893746118
72200.0	2000.0	785.8822432936986	0.0	0	314.4771139023069	985.8822432936868	1	0	tensor(3, device='cuda:0')	1.880611893746118
73200.0	2000.0	785.8822432937003	0.0	0	138.65963332705724	985.8822432936722	1	0	tensor(3, device='cuda:0')	1.8806118937461183
74200.0	2000.0	785.8822432937034	0.0	0	158.48426581939566	985.8822432936722	1	0	tensor(3, device='cuda:0')	1.8806118937461183
75200.0	2000.0	785.8822432937192	0.0	0	314.2260119666025	985.8822432936722	1	0	tensor(3, device='cuda:0')	1.8806118937461183
76200.0	2000.0	785.8822432937152	0.0	0	171.85985434071335	985.8822432936722	1	0	tensor(3, device='cuda:0')	1.8806118937461183
77438.62106626938	2000.0	547.2611770243461	0.0	0	0.0	985.8822432936722	1	0	tensor(3, device='cuda:0')	1.8806118937461183
78545.12067897407	2000.0	473.36687694132996	32.605312621680014	0	0.0	1018.4875559153443	1	0	tensor(3, device='cuda:0')	1.6841110621573374
79339.5221110216	2000.0	678.9654448937931	0.0	0	0.0	1018.4875559153443	1	0	tensor(3, device='cuda:0')	1.8797429378874173
80224.76785685171	2000.0	793.7196990636578	0.0	0	0.0	1018.4875559153297	1	0	tensor(3, device='cuda:0')	1.8797429378874175
81200.0	2000.0	818.4875559153575	0.0	0	244.8106868511386	1018.4875559153297	1	0	tensor(3, device='cuda:0')	1.8797429378874175
82346.9682831479	2000.0	671.5192727674678	0.0	0	0.0	1018.4875559153297	1	0	tensor(3, device='cuda:0')	1.8797429378874175
83200.0	2000.0	818.4875559153697	0.0	0	186.62919948759372	1018.4875559153297	1	0	tensor(3, device='cuda:0')	1.8797429378874175
84200.0	2000.0	818.4875559153605	0.0	0	291.94459516780626	1018.4875559153297	1	0	tensor(3, device='cuda:0')	1.8797429378874175
85200.0	2000.0	818.4875559153553	0.0	0	348.7631010419864	1018.4875559153297	1	0	tensor(3, device='cuda:0')	1.8797429378874175
86200.0	2000.0	818.4875559153469	0.0	0	550.0696051286213	1018.4875559153297	1	0	tensor(3, device='cuda:0')	1.8797429378874175
87200.0	2000.0	818.4875559153381	0.0	0	491.4983017457853	1018.4875559153443	1	0	tensor(3, device='cuda:0')	1.8797429378874173
88200.0	2000.0	818.4875559153427	0.0	0	46.40636093764624	1018.4875559153443	1	0	tensor(3, device='cuda:0')	1.8797429378874173
89354.70221763302	2000.0	663.7853382823197	0.0	0	0.0	1018.4875559153443	1	0	tensor(3, device='cuda:0')	1.8797429378874173
90200.0	2000.0	818.4875559153438	0.0	0	249.41074333629513	1018.4875559153443	1	0	tensor(3, device='cuda:0')	1.8797429378874173
91200.0	2000.0	818.4875559153488	0.0	0	326.2851871453604	1018.4875559153443	1	0	tensor(3, device='cuda:0')	1.8797429378874173
92200.0	2000.0	818.4875559153393	0.0	0	421.6516617170564	1018.4875559153297	1	0	tensor(3, device='cuda:0')	1.8797429378874175
93200.0	2000.0	818.4875559153313	0.0	0	312.68506131235335	1018.4875559153297	1	0	tensor(3, device='cuda:0')	1.8797429378874175
94200.0	2000.0	818.4875559153286	0.0	0	391.2747868025035	1018.4875559153297	1	0	tensor(3, device='cuda:0')	1.8797429378874175
95287.28115683979	2000.0	731.2063990755303	0.0	0	0.0	1018.4875559153297	1	0	tensor(3, device='cuda:0')	1.8797429378874175
96208.17339218671	2000.0	810.3141637285945	0.0	0	0.0	1018.4875559153297	1	0	tensor(3, device='cuda:0')	1.8797429378874175
97200.0	2000.0	818.4875559153048	0.0	0	422.09335040255974	1018.4875559153297	1	0	tensor(3, device='cuda:0')	1.8797429378874175
98200.0	2000.0	818.4875559152872	0.0	0	516.7874129298289	1018.4875559153297	1	0	tensor(3, device='cuda:0')	1.8797429378874175
99200.0	2000.0	818.4875559152867	0.0	0	589.9860059685161	1018.4875559153297	1	0	tensor(3, device='cuda:0')	1.8797429378874175
100200.0	2000.0	818.4875559152806	0.0	0	368.8998956774303	1018.4875559153297	1	0	tensor(3, device='cuda:0')	1.8797429378874175
101200.0	2000.0	818.487555915271	0.0	0	437.0301259254484	1018.4875559153297	1	0	tensor(3, device='cuda:0')	1.8797429378874175
102200.0	2000.0	818.4875559152727	0.0	0	208.17937320383498	1018.4875559153297	1	0	tensor(3, device='cuda:0')	1.8797429378874175
103200.0	2000.0	818.4875559152582	0.0	0	426.51210532698315	1018.4875559153297	1	0	tensor(3, device='cuda:0')	1.8797429378874175
104200.0	2000.0	818.4875559152443	0.0	0	61.590581960612326	1018.4875559153297	1	0	tensor(3, device='cuda:0')	1.8797429378874175
105457.84441544172	2000.0	560.6431404735379	0.0	0	0.0	1018.4875559153297	1	0	tensor(3, device='cuda:0')	1.8797429378874175
106578.20951923562	2000.0	440.27803667964565	0.0	0	0.0	1018.4875559153297	1	0	tensor(3, device='cuda:0')	1.8797429378874175
107288.74293692167	1000.0	729.7446189935919	0.0	0	0.0	1018.4875559153297	1	0	tensor(3, device='cuda:0')	0.49344857676752724
108200.0	2000.0	818.4875559152779	0.0	0	188.56947591574863	1018.4875559153297	1	0	tensor(3, device='cuda:0')	1.1865957573274724
109200.0	2000.0	818.487555915277	0.0	0	366.2682840583002	1018.4875559153152	1	0	tensor(3, device='cuda:0')	1.8797429378874182
110365.50608900138	2000.0	652.9814669138855	0.0	0	0.0	1018.4875559153006	1	0	tensor(3, device='cuda:0')	1.8797429378874184
111691.2215479932	2000.0	362.45983673304613	35.193828810985906	0	0.0	1053.681384726282	1	0	tensor(3, device='cuda:0')	1.6676101242919654
112708.35123862025	2000.0	519.4527088035661	174.12256269757205	0	0.0	1227.8039474238176	1	0	tensor(3, device='cuda:0')	0.8287119959152979
113301.02116856191	2000.0	926.7827788618903	0.0	0	0.0	1227.8039474238176	1	0	tensor(3, device='cuda:0')	1.8734473721007303
114200.0	2000.0	1027.8039474238167	0.0	0	329.1620716703328	1227.8039474238321	1	0	tensor(3, device='cuda:0')	1.8734473721007299
115200.0	2000.0	1027.803947423808	0.0	0	376.8362255816173	1227.8039474238321	1	0	tensor(3, device='cuda:0')	1.8734473721007299
116200.0	2000.0	1027.803947423812	0.0	0	447.21484191900527	1227.8039474238467	1	0	tensor(3, device='cuda:0')	1.8734473721007294
117200.0	2000.0	1027.803947423807	0.0	0	54.25922268188151	1227.8039474238467	1	0	tensor(3, device='cuda:0')	1.8734473721007294
118438.45682847218	2000.0	789.3471189516299	0.0	0	0.0	1227.8039474238467	1	0	tensor(3, device='cuda:0')	1.8734473721007294
119539.78064905584	2000.0	688.0232983679666	0.0	0	0.0	1227.8039474238467	1	0	tensor(3, device='cuda:0')	1.8734473721007294
120562.05623513364	2000.0	665.747712290155	0.0	0	0.0	1227.8039474238467	1	0	tensor(3, device='cuda:0')	1.8734473721007294
121346.8476839019	2000.0	880.9562635218847	0.0	0	0.0	1227.8039474238467	1	0	tensor(3, device='cuda:0')	1.8734473721007294
122200.0	2000.0	1027.803947423781	0.0	0	380.1021984692052	1227.8039474238467	1	0	tensor(3, device='cuda:0')	1.8734473721007294
123200.0	2000.0	1027.803947423792	0.0	0	21.767849073003163	1227.8039474238612	1	0	tensor(3, device='cuda:0')	1.873447372100729
124527.59152505727	2000.0	700.2124223665226	0.0	0	0.0	1227.8039474238758	1	0	tensor(3, device='cuda:0')	1.8734473721007283
125277.8499041328	2000.0	949.9540432909841	0.0	0	0.0	1227.8039474238758	1	0	tensor(3, device='cuda:0')	1.8734473721007283
126200.0	1000.0	1027.8039474237764	0.0	0	134.07369510822173	1227.8039474238758	1	0	tensor(3, device='cuda:0')	0.4871530109808382
127200.0	1000.0	1027.8039474237776	0.0	0	409.308249288355	1227.8039474238758	1	0	tensor(3, device='cuda:0')	1.1803001915407834
128200.0	1000.0	1027.803947423786	0.0	0	471.7248347203422	1227.8039474238758	1	0	tensor(3, device='cuda:0')	1.1803001915407834
129200.0	1000.0	1027.8039474237776	0.0	0	61.100142779774615	1227.8039474238758	1	0	tensor(3, device='cuda:0')	1.1803001915407834
130200.0	1000.0	1027.8039474237617	0.0	0	371.9195814386185	1227.8039474238758	1	0	tensor(3, device='cuda:0')	1.1803001915407834
131200.0	1000.0	1027.8039474237528	0.0	0	235.84893101277703	1227.8039474238467	1	0	tensor(3, device='cuda:0')	1.1803001915407838
132200.0	1000.0	1027.8039474237612	0.0	0	526.1892853327736	1227.8039474238467	1	0	tensor(3, device='cuda:0')	1.180300191540784
133200.0	2000.0	1027.8039474237485	0.0	0	349.99246985439095	1227.8039474238467	1	0	tensor(3, device='cuda:0')	1.1803001915407842
134200.0	2000.0	1027.8039474237266	0.0	0	478.198890248721	1227.8039474238467	1	0	tensor(3, device='cuda:0')	1.8734473721007294
135433.96415995868	2000.0	793.8397874650659	0.0	0	0.0	1227.8039474238758	1	0	tensor(3, device='cuda:0')	1.8734473721007283
136200.0	2000.0	1027.803947423742	0.0	0	108.89658232446527	1227.8039474238467	1	0	tensor(3, device='cuda:0')	1.8734473721007294
137200.0	2000.0	1027.8039474237557	0.0	0	528.7135618307511	1227.8039474238176	1	0	tensor(3, device='cuda:0')	1.8734473721007303
138200.0	2000.0	1027.8039474237626	0.0	0	465.17512514427654	1227.8039474238467	1	0	tensor(3, device='cuda:0')	1.8734473721007294
139200.0	2000.0	1027.8039474237612	0.0	0	257.32414135031286	1227.8039474238467	1	0	tensor(3, device='cuda:0')	1.8734473721007294
140200.0	2000.0	1027.803947423775	0.0	0	451.6739045257855	1227.8039474238467	1	0	tensor(3, device='cuda:0')	1.8734473721007294
141200.0	2000.0	1027.8039474238053	0.0	0	435.6308633807639	1227.8039474238758	1	0	tensor(3, device='cuda:0')	1.8734473721007283
142200.0	2000.0	1027.803947423824	0.0	0	475.5592718318221	1227.8039474238758	1	0	tensor(3, device='cuda:0')	1.8734473721007283
143200.0	2000.0	1027.8039474238553	0.0	0	270.3044572651561	1227.8039474238758	1	0	tensor(3, device='cuda:0')	1.8734473721007283
144200.0	2000.0	1027.80394742387	0.0	0	281.8800521606463	1227.8039474238758	1	0	tensor(3, device='cuda:0')	1.8734473721007283
145200.0	2000.0	1027.8039474238585	0.0	0	370.45681233220967	1227.8039474238758	1	0	tensor(3, device='cuda:0')	1.8734473721007283
146200.0	2000.0	1027.8039474238317	0.0	0	147.11009671146167	1227.8039474238758	1	0	tensor(3, device='cuda:0')	1.8734473721007283
147200.0	2000.0	1027.8039474238367	0.0	0	167.22739526178339	1227.8039474238758	1	0	tensor(3, device='cuda:0')	1.8734473721007283
148200.0	2000.0	1027.8039474238208	0.0	0	384.7394907872076	1227.8039474238758	1	0	tensor(3, device='cuda:0')	1.8734473721007283
149200.0	2000.0	1027.803947423839	0.0	0	316.114112952142	1227.8039474238758	1	0	tensor(3, device='cuda:0')	1.8734473721007283
150200.0	2000.0	1027.8039474238476	0.0	0	153.87235849860008	1227.8039474238758	1	0	tensor(3, device='cuda:0')	1.8734473721007283
151493.01525547812	2000.0	734.7886919457153	0.0	0	0.0	1227.8039474238758	1	0	tensor(3, device='cuda:0')	1.8734473721007283
152200.0	1000.0	1027.8039474238444	0.0	0	114.15013875617296	1227.803947423905	1	0	tensor(3, device='cuda:0')	0.4871530109808372
153200.0	2000.0	1027.8039474238726	0.0	0	59.94597024677205	1227.803947423905	1	0	tensor(3, device='cuda:0')	1.1803001915407823
154200.0	2000.0	1027.803947423868	0.0	0	164.9591378174955	1227.803947423905	1	0	tensor(3, device='cuda:0')	1.8734473721007274
155200.0	2000.0	1027.8039474238667	0.0	0	240.22532328526722	1227.803947423905	1	0	tensor(3, device='cuda:0')	1.8734473721007274
156200.0	2000.0	1027.8039474238597	0.0	0	325.98204219853505	1227.803947423905	1	0	tensor(3, device='cuda:0')	1.8734473721007274
157200.0	2000.0	1027.8039474238828	0.0	0	140.79944586957572	1227.803947423905	1	0	tensor(3, device='cuda:0')	1.8734473721007274
158200.0	2000.0	1027.8039474238808	0.0	0	47.85280892942683	1227.8039474238758	1	0	tensor(3, device='cuda:0')	1.8734473721007283
159200.0	2000.0	1027.8039474238808	0.0	0	338.85234384823707	1227.803947423905	1	0	tensor(3, device='cuda:0')	1.8734473721007274
160200.0	2000.0	1027.803947423899	0.0	0	229.6018554571492	1227.803947423905	1	0	tensor(3, device='cuda:0')	1.8734473721007274
161496.58633313514	2000.0	731.2176142887265	0.0	0	0.0	1227.8039474238758	1	0	tensor(3, device='cuda:0')	1.8734473721007283
162655.55148472867	2000.0	572.2524626951893	0.0	0	0.0	1227.8039474238758	1	0	tensor(3, device='cuda:0')	1.8734473721007283
163501.75495531675	2000.0	726.0489921070952	0.0	0	0.0	1227.8039474238758	1	0	tensor(3, device='cuda:0')	1.8734473721007283
164200.0	2000.0	1027.8039474238556	0.0	0	22.289761593739968	1227.8039474238758	1	0	tensor(3, device='cuda:0')	1.8734473721007283
165200.0	2000.0	1027.8039474238756	0.0	0	502.25472738820827	1227.8039474238758	1	0	tensor(3, device='cuda:0')	1.8734473721007283
166200.0	2000.0	1027.8039474238606	0.0	0	559.1970830335049	1227.8039474238758	1	0	tensor(3, device='cuda:0')	1.8734473721007283
167200.0	2000.0	1027.8039474238376	0.0	0	263.79154057762935	1227.8039474238758	1	0	tensor(3, device='cuda:0')	1.8734473721007283
168200.0	2000.0	1027.8039474238253	0.0	0	403.28706491563935	1227.8039474238758	1	0	tensor(3, device='cuda:0')	1.8734473721007283
169200.0	2000.0	1027.8039474238417	0.0	0	604.8171611528378	1227.8039474238758	1	0	tensor(3, device='cuda:0')	1.8734473721007283
170200.0	2000.0	1027.8039474238262	0.0	0	518.0364601055626	1227.8039474238758	1	0	tensor(3, device='cuda:0')	1.8734473721007283
171200.0	2000.0	1027.8039474238599	0.0	0	447.9482382184942	1227.8039474238758	1	0	tensor(3, device='cuda:0')	1.8734473721007283
172200.0	2000.0	1027.8039474238856	0.0	0	572.7367671439133	1227.8039474238758	1	0	tensor(3, device='cuda:0')	1.8734473721007283
173200.0	2000.0	1027.803947423907	0.0	0	325.42052164516645	1227.8039474238758	1	0	tensor(3, device='cuda:0')	1.8734473721007283
174200.0	2000.0	1027.8039474239472	0.0	0	224.709473457071	1227.803947423905	1	0	tensor(3, device='cuda:0')	1.8734473721007274
175200.20686496646	2000.0	1027.5970824574692	0.0	0	0.0	1227.803947423905	1	0	tensor(3, device='cuda:0')	1.8734473721007274
176200.0	2000.0	1027.8039474239372	0.0	0	207.1769715452392	1227.803947423905	1	0	tensor(3, device='cuda:0')	1.8734473721007274
177200.0	2000.0	1027.8039474239336	0.0	0	236.40183570689987	1227.803947423905	1	0	tensor(3, device='cuda:0')	1.8734473721007274
178200.0	2000.0	1027.8039474239836	0.0	0	447.60433915499016	1227.803947423905	1	0	tensor(3, device='cuda:0')	1.8734473721007274
179200.0	2000.0	1027.803947423964	0.0	0	331.3273840470065	1227.803947423905	1	0	tensor(3, device='cuda:0')	1.8734473721007274
180200.0	2000.0	1027.803947423939	0.0	0	493.2154998689075	1227.803947423905	1	0	tensor(3, device='cuda:0')	1.8734473721007274
181200.0	2000.0	1027.8039474239458	0.0	0	459.75397173393867	1227.803947423905	1	0	tensor(3, device='cuda:0')	1.8734473721007274
182200.0	2000.0	1027.803947423948	0.0	0	442.7883234892797	1227.803947423934	1	0	tensor(3, device='cuda:0')	1.8734473721007268
183200.0	2000.0	1027.8039474239279	0.0	0	462.3516740554187	1227.803947423934	1	0	tensor(3, device='cuda:0')	1.8734473721007268
184200.0	2000.0	1027.8039474239208	0.0	0	497.87330164850573	1227.803947423934	1	0	tensor(3, device='cuda:0')	1.8734473721007268
185200.0	2000.0	1027.8039474239436	0.0	0	183.08480195701122	1227.803947423934	1	0	tensor(3, device='cuda:0')	1.8734473721007268
186200.0	2000.0	1027.803947423944	0.0	0	309.9371014938224	1227.803947423934	1	0	tensor(3, device='cuda:0')	1.8734473721007268
187200.0	2000.0	1027.8039474239101	0.0	0	292.952968010708	1227.803947423934	1	0	tensor(3, device='cuda:0')	1.8734473721007268
188200.0	2000.0	1027.8039474239267	0.0	0	491.35309699657955	1227.803947423934	1	0	tensor(3, device='cuda:0')	1.8734473721007268
189200.0	2000.0	1027.8039474238956	0.0	0	446.2957473139686	1227.803947423934	1	0	tensor(3, device='cuda:0')	1.8734473721007268
190200.0	2000.0	1027.8039474238533	0.0	0	92.40239477928844	1227.803947423905	1	0	tensor(3, device='cuda:0')	1.8734473721007274
191200.0	2000.0	1027.8039474238474	0.0	0	91.18706247399678	1227.803947423905	1	0	tensor(3, device='cuda:0')	1.8734473721007274
192200.0	2000.0	1027.8039474238217	0.0	0	276.73434153283597	1227.803947423905	1	0	tensor(3, device='cuda:0')	1.8734473721007274
193200.0	2000.0	1027.8039474238672	0.0	0	372.23721328776446	1227.803947423905	1	0	tensor(3, device='cuda:0')	1.8734473721007274
194200.0	2000.0	1027.8039474238678	0.0	0	413.01134801554144	1227.803947423905	1	0	tensor(3, device='cuda:0')	1.8734473721007274
195200.0	2000.0	1027.8039474238785	0.0	0	464.715982683294	1227.803947423905	1	0	tensor(3, device='cuda:0')	1.8734473721007274
196200.0	2000.0	1027.803947423872	0.0	0	502.4738922636898	1227.803947423905	1	0	tensor(3, device='cuda:0')	1.8734473721007274
197200.0	2000.0	1027.803947423884	0.0	0	633.9905156712339	1227.803947423905	1	0	tensor(3, device='cuda:0')	1.8734473721007274
198200.0	2000.0	1027.8039474238544	0.0	0	610.1397473151155	1227.803947423905	1	0	tensor(3, device='cuda:0')	1.8734473721007274
200068.39281625496	6000.0	200.0	40.588868831114155	0	0.0	1268.3928162550146	1	0	tensor(3, device='cuda:0')	1.6295811016515325
200671.16990953605	2000.0	710.1983209648239	112.97541424593928	0	0.0	1381.368230500957	1	0	tensor(3, device='cuda:0')	0.09146612889845795
201200.0	2000.0	1181.36823050087	0.0	0	10.384598188800737	1381.368230500957	1	0	tensor(3, device='cuda:0')	1.867930903042203
202200.0	2000.0	1181.3682305008722	0.0	0	366.4192377475265	1381.368230500928	1	0	tensor(3, device='cuda:0')	1.8679309030422042
203200.0	2000.0	1181.3682305008494	0.0	0	142.232679666864	1381.3682305008988	1	0	tensor(3, device='cuda:0')	1.8679309030422053
204354.8343731263	2000.0	1026.533857374551	0.0	0	0.0	1381.3682305008988	1	0	tensor(3, device='cuda:0')	1.8679309030422053
205200.0	2000.0	1181.3682305008413	0.0	0	103.32261789010954	1381.3682305008988	1	0	tensor(3, device='cuda:0')	1.8679309030422053
206537.597222797	2000.0	843.7710077038437	0.0	0	0.0	1381.3682305008988	1	0	tensor(3, device='cuda:0')	1.8679309030422053
207581.3814210621	2000.0	799.9868094387431	0.0	0	0.0	1381.3682305008988	1	0	tensor(3, device='cuda:0')	1.8679309030422053
208449.50247557435	2000.0	931.8657549264948	0.0	0	0.0	1381.3682305008988	1	0	tensor(3, device='cuda:0')	1.8679309030422053
209200.0	2000.0	1181.3682305008542	0.0	0	123.2027279654285	1381.3682305008988	1	0	tensor(3, device='cuda:0')	1.8679309030422053
210200.0	2000.0	1181.3682305008665	0.0	0	440.23400790287997	1381.3682305008988	1	0	tensor(3, device='cuda:0')	1.8679309030422053
211200.0	2000.0	1181.368230500839	0.0	0	548.273962215404	1381.3682305008988	1	0	tensor(3, device='cuda:0')	1.8679309030422053
212200.0	6000.0	1181.3682305008444	0.0	0	94.05380133265862	1381.3682305008988	1	0	tensor(3, device='cuda:0')	1.8679309030422058
213778.33954932817	6000.0	603.0286811726712	0.0	0	0.0	1381.3682305008988	1	0	tensor(3, device='cuda:0')	2.9665431917103153
214455.86444291828	3000.0	857.751298223564	0.0	0	0.0	1313.6157411418972	1	0	tensor(4, device='cuda:0')	1.2465452479731776
215200.0	3000.0	1039.2021854336704	0.0	0	107.24759091695887	1239.2021854337072	1	0	tensor(4, device='cuda:0')	2.128887767030329
216200.0	2000.0	1039.202185433675	0.0	0	424.5377676828357	1239.2021854337072	1	0	tensor(3, device='cuda:0')	1.2676007802001346
217287.35229082362	2000.0	951.8498946100543	0.0	0	0.0	1239.202185433678	1	0	tensor(3, device='cuda:0')	1.8730658883083005
218328.38498066584	2000.0	910.8172047678344	0.0	0	0.0	1239.202185433678	1	0	tensor(3, device='cuda:0')	1.8730658883083005
219200.0	2000.0	1039.202185433659	0.0	0	225.3503662182775	1239.2021854337072	1	0	tensor(3, device='cuda:0')	1.8730658883082993
220200.0	2000.0	1039.2021854336542	0.0	0	449.84739938913845	1239.2021854337072	1	0	tensor(3, device='cuda:0')	1.8730658883082993
221200.0	2000.0	1039.2021854336485	0.0	0	427.0769653945172	1239.2021854337072	1	0	tensor(3, device='cuda:0')	1.8730658883082993
222200.0	2000.0	1039.2021854336235	0.0	0	123.84921838104492	1239.202185433678	1	0	tensor(3, device='cuda:0')	1.8730658883083005
223380.84943553136	2000.0	858.3527499022596	0.0	0	0.0	1239.202185433678	1	0	tensor(3, device='cuda:0')	1.8730658883083005
224200.0	2000.0	1039.202185433643	0.0	0	75.17146774547291	1239.202185433678	1	0	tensor(3, device='cuda:0')	1.8730658883083005
225200.0	2000.0	1039.2021854336633	0.0	0	37.44995707142516	1239.202185433678	1	0	tensor(3, device='cuda:0')	1.8730658883083005
226200.0	2000.0	1039.202185433633	0.0	0	235.10189802749665	1239.202185433649	1	0	tensor(3, device='cuda:0')	1.8730658883083011
227200.0	2000.0	1039.2021854336174	0.0	0	382.5977662233927	1239.20218543362	1	0	tensor(3, device='cuda:0')	1.8730658883083025
228200.0	2000.0	1039.2021854336376	0.0	0	406.5512070291734	1239.202185433649	1	0	tensor(3, device='cuda:0')	1.8730658883083011
229200.0	2000.0	1039.2021854336285	0.0	0	182.9184484485013	1239.20218543362	1	0	tensor(3, device='cuda:0')	1.8730658883083025
230200.0	2000.0	1039.2021854336072	0.0	0	207.3597920035827	1239.20218543362	1	0	tensor(3, device='cuda:0')	1.8730658883083025
231229.57467748487	2000.0	1009.6275079487341	0.0	0	0.0	1239.20218543362	1	0	tensor(3, device='cuda:0')	1.8730658883083025
232200.0	2000.0	1039.2021854335562	0.0	0	272.7649682405172	1239.20218543362	1	0	tensor(3, device='cuda:0')	1.8730658883083025
233200.0	2000.0	1039.2021854335853	0.0	0	476.1784815506253	1239.20218543362	1	0	tensor(3, device='cuda:0')	1.8730658883083025
234200.0	2000.0	1039.2021854335683	0.0	0	298.6067145690322	1239.20218543362	1	0	tensor(3, device='cuda:0')	1.8730658883083025
235200.0	2000.0	1039.2021854335726	0.0	0	388.36740037283744	1239.20218543362	1	0	tensor(3, device='cuda:0')	1.8730658883083025
236200.0	2000.0	1039.2021854335483	0.0	0	575.5586973523605	1239.20218543362	1	0	tensor(3, device='cuda:0')	1.8730658883083025
237200.0	2000.0	1039.2021854335712	0.0	0	546.3028633925132	1239.20218543362	1	0	tensor(3, device='cuda:0')	1.8730658883083025
238342.47327984186	6000.0	896.7289055917227	0.0	0	0.0	1239.2021854335908	1	0	tensor(3, device='cuda:0')	1.8730658883083033
239208.5152635699	2000.0	1030.6869218636848	0.0	0	0.0	1239.2021854335908	1	0	tensor(3, device='cuda:0')	0.7744535996401936
240200.0	2000.0	1039.202185433557	0.0	0	364.83510064234724	1239.2021854335908	1	0	tensor(3, device='cuda:0')	1.8730658883083031
241200.0	2000.0	1039.2021854335521	0.0	0	270.0336578232236	1239.2021854335617	1	0	tensor(3, device='cuda:0')	1.8730658883083042
242200.0	2000.0	1039.2021854335474	0.0	0	336.6004510250641	1239.2021854335617	1	0	tensor(3, device='cuda:0')	1.8730658883083042
243200.0	2000.0	1039.2021854335428	0.0	0	446.0239446760679	1239.2021854335617	1	0	tensor(3, device='cuda:0')	1.8730658883083042
244200.0	2000.0	1039.2021854335421	0.0	0	337.58231908880407	1239.2021854335617	1	0	tensor(3, device='cuda:0')	1.8730658883083042
245200.0	2000.0	1039.2021854335321	0.0	0	199.1007321429497	1239.2021854335617	1	0	tensor(3, device='cuda:0')	1.8730658883083042
246200.0	2000.0	1039.202185433539	0.0	0	523.8641862688819	1239.2021854335908	1	0	tensor(3, device='cuda:0')	1.8730658883083031
247200.0	2000.0	1039.2021854335298	0.0	0	186.60239759410615	1239.20218543362	1	0	tensor(3, device='cuda:0')	1.8730658883083025
248200.0	2000.0	1039.2021854335474	0.0	0	499.2906450081791	1239.20218543362	1	0	tensor(3, device='cuda:0')	1.8730658883083025
249200.0	2000.0	1039.2021854335671	0.0	0	359.1069915762055	1239.20218543362	1	0	tensor(3, device='cuda:0')	1.8730658883083025
250200.0	2000.0	1039.202185433549	0.0	0	659.2387191384914	1239.20218543362	1	0	tensor(3, device='cuda:0')	1.8730658883083025
251200.0	2000.0	1039.2021854335312	0.0	0	489.30143898222013	1239.20218543362	1	0	tensor(3, device='cuda:0')	1.8730658883083025
252200.0	2000.0	1039.2021854335078	0.0	0	167.43331655973452	1239.20218543362	1	0	tensor(3, device='cuda:0')	1.8730658883083025
253200.0	2000.0	1039.2021854334778	0.0	0	481.2245398572413	1239.20218543362	1	0	tensor(3, device='cuda:0')	1.8730658883083025
254200.0	2000.0	1039.2021854334735	0.0	0	491.6104632516799	1239.20218543362	1	0	tensor(3, device='cuda:0')	1.8730658883083025
255203.36172644532	2000.0	1035.840458988159	0.0	0	0.0	1239.20218543362	1	0	tensor(3, device='cuda:0')	1.8730658883083025
256200.0	2000.0	1039.2021854334903	0.0	0	127.4471107321151	1239.2021854335908	1	0	tensor(3, device='cuda:0')	1.8730658883083031
257226.04473372689	2000.0	1013.1574517065936	0.0	0	0.0	1239.2021854335908	1	0	tensor(3, device='cuda:0')	1.8730658883083031
258234.55380174826	2000.0	1004.648383685246	0.0	0	0.0	1239.2021854335617	1	0	tensor(3, device='cuda:0')	1.8730658883083042
259200.0	2000.0	1039.2021854335308	0.0	0	44.11386451029102	1239.2021854335326	1	0	tensor(3, device='cuda:0')	1.8730658883083051
260342.18546800895	2000.0	897.0167174246001	0.0	0	0.0	1239.2021854335617	1	0	tensor(3, device='cuda:0')	1.8730658883083042
261200.0	2000.0	1039.202185433504	0.0	0	185.4669985822402	1239.2021854335326	1	0	tensor(3, device='cuda:0')	1.8730658883083051
262200.0	2000.0	1039.2021854335094	0.0	0	211.43279670836637	1239.2021854335326	1	0	tensor(3, device='cuda:0')	1.8730658883083051
263200.0	2000.0	1039.202185433459	0.0	0	578.8567205187865	1239.2021854334453	1	0	tensor(3, device='cuda:0')	1.8730658883083071
264200.0	2000.0	1039.2021854334107	0.0	0	472.15059212583583	1239.2021854334162	1	0	tensor(3, device='cuda:0')	1.8730658883083091
265200.0	2000.0	1039.2021854333966	0.0	0	79.26388225634582	1239.202185433358	1	0	tensor(3, device='cuda:0')	1.873065888308311
266200.0	2000.0	1039.202185433397	0.0	0	544.3612418895354	1239.202185433358	1	0	tensor(3, device='cuda:0')	1.873065888308311
267200.0	2000.0	1039.202185433434	0.0	0	385.1709173047566	1239.202185433358	1	0	tensor(3, device='cuda:0')	1.873065888308311
268200.0	2000.0	1039.2021854333723	0.0	0	444.6895031699678	1239.202185433358	1	0	tensor(3, device='cuda:0')	1.873065888308311
269200.0	2000.0	1039.2021854334164	0.0	0	523.7474530733889	1239.2021854334162	1	0	tensor(3, device='cuda:0')	1.8730658883083091
270200.0	2000.0	1039.2021854333648	0.0	0	372.59371829772135	1239.202185433358	1	0	tensor(3, device='cuda:0')	1.873065888308311
271200.0	2000.0	1039.2021854333486	0.0	0	604.1452558751917	1239.202185433358	1	0	tensor(3, device='cuda:0')	1.873065888308311
272200.0	2000.0	1039.2021854333523	0.0	0	616.025722589402	1239.202185433358	1	0	tensor(3, device='cuda:0')	1.873065888308311
273404.3094158983	6000.0	834.8927695351344	0.0	0	0.0	1239.2021854334162	1	0	tensor(3, device='cuda:0')	1.8730658883083093
274200.0	3000.0	959.6331270232675	0.0	0	278.14260886004195	1159.6331270232913	1	0	tensor(4, device='cuda:0')	1.227805046565923
275200.0	3000.0	859.633127023306	0.0	0	514.3065946993302	1059.6331270233495	1	0	tensor(4, device='cuda:0')	2.082936022314609
276200.0	2000.0	859.6331270233306	0.0	0	415.4438682323671	1059.6331270233495	1	0	tensor(3, device='cuda:0')	1.2731406233107276
277200.0	2000.0	859.6331270233678	0.0	0	526.8282039273181	1059.6331270233495	1	0	tensor(3, device='cuda:0')	1.8786057314188924
278200.0	2000.0	859.6331270233728	0.0	0	198.8613084256067	1059.6331270233495	1	0	tensor(3, device='cuda:0')	1.8786057314188924
280265.2507652726	2000.0	223.0805111529887	428.6981494021747	0	0.0	1488.331276425568	1	0	tensor(3, device='cuda:0')	-0.707189202190359
281156.5756002161	2000.0	543.0810991991443	211.3254229896625	0	0.0	1699.656699415238	1	0	tensor(3, device='cuda:0')	0.5855284020901442
281683.6223100075	1000.0	1016.0343894077708	0.0	0	0.0	1699.656699415238	1	0	tensor(3, device='cuda:0')	0.46718657890822907
282221.2372824405	1000.0	1478.4194169748127	0.0	0	0.0	1699.656699415238	1	0	tensor(3, device='cuda:0')	1.1603337594681742
283200.0	2000.0	1499.6566994153184	0.0	0	141.0604085244122	1699.656699415238	1	0	tensor(3, device='cuda:0')	1.1603337594681742
284200.0	2000.0	1499.6566994153343	0.0	0	136.3763841422042	1699.656699415238	1	0	tensor(3, device='cuda:0')	1.8534809400281194
285380.71299767395	2000.0	1318.9437017413848	0.0	0	0.0	1699.656699415238	1	0	tensor(3, device='cuda:0')	1.8534809400281194
286200.0	2000.0	1499.6566994153272	0.0	0	28.79974940343527	1699.656699415238	1	0	tensor(3, device='cuda:0')	1.8534809400281194
287200.0	2000.0	1499.6566994153984	0.0	0	286.88632197125116	1699.656699415238	1	0	tensor(3, device='cuda:0')	1.8534809400281194
288200.0	2000.0	1499.6566994154646	0.0	0	318.76755850116024	1699.656699415238	1	0	tensor(3, device='cuda:0')	1.8534809400281194
289769.559111977	3000.0	773.1416762407872	0.0	0	0.0	1542.7007882175385	1	0	tensor(4, device='cuda:0')	1.345131125874397
290664.73929368716	2000.0	877.9614945306314	0.0	0	0.0	1542.7007882175385	1	0	tensor(3, device='cuda:0')	1.255702324879924
291556.01084029564	2000.0	986.6899479221715	0.0	0	0.0	1542.7007882175967	1	0	tensor(3, device='cuda:0')	1.8611674329880858
292257.3484295104	2000.0	1285.3523587073623	0.0	0	0.0	1542.7007882175967	1	0	tensor(3, device='cuda:0')	1.8611674329880858
293200.0	2000.0	1342.7007882177716	0.0	0	496.44653655332513	1542.7007882175967	1	0	tensor(3, device='cuda:0')	1.8611674329880858
294219.3351141145	3000.0	1221.4321626918068	0.0	0	0.0	1440.7672768061166	1	0	tensor(4, device='cuda:0')	1.4605418356679443
295200.0	2000.0	1240.767276806351	0.0	0	297.7078107603593	1440.7672768060584	1	0	tensor(3, device='cuda:0')	1.260098959739539
296200.0	2000.0	1240.7672768063226	0.0	0	455.3779258551658	1440.7672768060584	1	0	tensor(3, device='cuda:0')	1.8655640678477037
297200.0	2000.0	1240.7672768063326	0.0	0	323.60592477110913	1440.7672768060584	1	0	tensor(3, device='cuda:0')	1.8655640678477037
298200.0	2000.0	1240.7672768063815	0.0	0	1.182176759291906	1440.7672768060584	1	0	tensor(3, device='cuda:0')	1.8655640678477037
299200.0	2000.0	1240.7672768064726	0.0	0	36.413120175129734	1440.7672768061166	1	0	tensor(3, device='cuda:0')	1.8655640678477012
300200.0	2000.0	1240.767276806531	0.0	0	477.3806537963683	1440.7672768061166	1	0	tensor(3, device='cuda:0')	1.8655640678477012
301200.0	2000.0	1240.7672768064879	0.0	0	416.2080334278289	1440.7672768061166	1	0	tensor(3, device='cuda:0')	1.8655640678477012
302200.0	2000.0	1240.7672768064792	0.0	0	609.1822458531242	1440.7672768061166	1	0	tensor(3, device='cuda:0')	1.8655640678477012
304201.0776341026	6000.0	239.6896427038344	0.0	0	0.0	1440.7672768060584	1	0	tensor(3, device='cuda:0')	1.8655640678477035
305068.6958205102	3000.0	555.4570239982938	245.5885330388917	0	0.0	1624.1528445080621	1	0	tensor(4, device='cuda:0')	-0.22929456930954795
305744.7458931812	3000.0	811.8019440601524	0.0	0	0.0	1556.5478372409125	1	0	tensor(4, device='cuda:0')	2.129971073687996
306319.0929884831	3000.0	1180.0201392280844	0.0	0	0.0	1499.1131277107634	1	0	tensor(4, device='cuda:0')	2.1530379843214553
3.73	3.27	3.29	3.37	2.32	1.89	3.06	4.37	5.46	6.8	6.94	5.05	2.18	2.81	3.96	4.41	1.89	2.35	3.54	2.85	1.68	1.82	1.37	1.67	1.71	2.2	3.1	3.67	2.5	2.57	3.66	4.39	3.86	3.04	2.83	2.32	2.72	1.93	1.32	1.68	2.47	2.95	2.97	2.57	2.12	1.77	2.06	2.93	4.18	4.08	2.65	2.17	2.24	3.13	3.53	4.32	3.13	2.78	3.54	3.81	3.29	3.06	3.22	3.76	4.08	4.1	3.15	1.75	2.24	3.03	3.15	2.09	1.96	2.08	2.73	2.86	2.22	2.69	2.81	2.54	3.78	4.14	1.98	1.68	2.75	3.41	3.39	3.34	3.34	2.37	2.61	2.79	4.25	4.0	4.22	2.99	3.46	2.88	1.64	2.17	1.9	1.93	2.33	2.85	2.02	1.53	1.99	2.65	3.04	4.12	4.33	2.63	2.06	2.27	2.31	2.4	3.16	2.17	1.56	2.39	1.66	1.6	1.6	1.38	1.68	1.71	2.2	3.34	3.52	1.91	2.99	4.01	3.81	3.38	2.85	2.86	3.68	3.61	3.31	3.44	2.2	2.14	3.19	2.83	2.13	2.04	1.64	2.43	1.98	3.0	2.46	2.86	2.66	2.32	2.05	1.91	1.98	2.15	3.32	4.34	4.02	3.56	3.93	4.39	4.44	3.5	4.81	3.8	2.55	2.54	2.8	3.49	2.86	4.01	3.66	4.6	4.69	4.17	4.16	3.27	3.13	3.76	3.56	3.16	2.59	2.2	3.24	3.86	3.85	3.81	4.53	4.55	5.13	3.21	3.52	3.39	2.63	2.75	2.37	2.29	1.44	2.05	2.41	3.04	4.17	5.48	5.78	4.4	5.24	3.96	2.75	1.53	2.4	2.59	3.32	3.66	2.77	2.06	2.98	2.17	2.98	3.12	3.72	3.24	2.64	2.43	3.49	3.95	2.76	3.0	4.17	5.36	5.51	3.16	2.66	2.33	2.84	3.17	3.01	2.72	3.53	3.46	3.1	4.1	5.51	4.48	1.93	3.23	3.17	2.46	2.35	1.95	2.15	2.55	2.2	2.39	3.39	4.75	3.51	2.85	3.79	3.93	4.69	4.24	3.67	4.77	4.92	5.33	5.78	4.91	4.23	4.15	2.35	0.892	1.42	1.87	1.83	2.36	2.06	2.2	2.5	2.98	3.7	2.66	1.9	1.91	3.19	3.95	2.51	2.58	3.2	2.62	2.05	2.77	3.59	4.15	4.68	4.32	3.67	4.6	4.47	4.08	4.41
600.0	601.0	602.0	603.0	604.0	605.0	606.0	607.0	608.0	609.0	610.0	611.0	612.0	613.0	614.0	615.0	616.0	617.0	618.0	619.0	620.0	621.0	622.0	623.0	624.0	625.0	626.0	627.0	628.0	629.0	630.0	631.0	632.0	633.0	634.0	635.0	636.0	637.0	638.0	639.0	640.0	641.0	642.0	643.0	644.0	645.0	646.0	647.0	648.0	649.0	650.0	651.0	652.0	653.0	654.0	655.0	656.0	657.0	658.0	659.0	660.0	661.0	662.0	663.0	664.0	665.0	666.0	667.0	668.0	669.0	670.0	671.0	672.0	673.0	674.0	675.0	676.0	677.0	678.0	679.0	680.0	681.0	682.0	683.0	684.0	685.0	686.0	687.0	688.0	689.0	690.0	691.0	692.0	693.0	694.0	695.0	696.0	697.0	698.0	699.0	700.0	701.0	702.0	703.0	704.0	705.0	706.0	707.0	708.0	709.0	710.0	711.0	712.0	713.0	714.0	715.0	716.0	717.0	718.0	719.0	720.0	721.0	722.0	723.0	724.0	725.0	726.0	727.0	728.0	729.0	730.0	731.0	732.0	733.0	734.0	735.0	736.0	737.0	738.0	739.0	740.0	741.0	742.0	743.0	744.0	745.0	746.0	747.0	748.0	749.0	750.0	751.0	752.0	753.0	754.0	755.0	756.0	757.0	758.0	759.0	760.0	761.0	762.0	763.0	764.0	765.0	766.0	767.0	768.0	769.0	770.0	771.0	772.0	773.0	774.0	775.0	776.0	777.0	778.0	779.0	780.0	781.0	782.0	783.0	784.0	785.0	786.0	787.0	788.0	789.0	790.0	791.0	792.0	793.0	794.0	795.0	796.0	797.0	798.0	799.0	800.0	801.0	802.0	803.0	804.0	805.0	806.0	807.0	808.0	809.0	810.0	811.0	812.0	813.0	814.0	815.0	816.0	817.0	818.0	819.0	820.0	821.0	822.0	823.0	824.0	825.0	826.0	827.0	828.0	829.0	830.0	831.0	832.0	833.0	834.0	835.0	836.0	837.0	838.0	839.0	840.0	841.0	842.0	843.0	844.0	845.0	846.0	847.0	848.0	849.0	850.0	851.0	852.0	853.0	854.0	855.0	856.0	857.0	858.0	859.0	860.0	861.0	862.0	863.0	864.0	865.0	866.0	867.0	868.0	869.0	870.0	871.0	872.0	873.0	874.0	875.0	876.0	877.0	878.0	879.0	880.0	881.0	882.0	883.0	884.0	885.0	886.0	887.0	888.0	889.0	890.0	891.0	892.0	893.0	894.0	895.0	896.0	897.0	898.0	899.0	900.0	901.0	902.0
4971.0
