5528.14333012163	1000.0	2000.0	409.93532299483417	0	0.0	2528.1433301216302	1	0	tensor(6, device='cuda:0')	-11.559533328998544
6717.131605995609	3000.0	1692.1128965386235	0.0	0	0.0	2409.244502534233	1	0	tensor(4, device='cuda:0')	0.6656517612960284
7479.6261467754775	3000.0	1853.368901680767	0.0	0	0.0	2332.995048456245	1	0	tensor(4, device='cuda:0')	2.058275113044621
8391.07227394632	3000.0	1850.77816179284	0.0	0	0.0	2241.850435739161	1	0	tensor(4, device='cuda:0')	2.036985122023357
9200.0	3000.0	1960.9576631337895	0.0	0	23.025436886397074	2160.9576631337895	1	0	tensor(4, device='cuda:0')	2.0648752206224033
10200.0	6000.0	1960.9576631337895	0.0	0	170.95909158958602	2160.9576631337895	1	0	tensor(3, device='cuda:0')	2.0282312552226256
11417.649126857646	6000.0	1743.308536276141	0.0	0	0.0	2160.9576631337895	1	0	tensor(3, device='cuda:0')	2.9213784357825707
12902.779180477979	6000.0	1258.1784826558069	0.0	0	0.0	2160.9576631337877	1	0	tensor(3, device='cuda:0')	2.921378435782571
14344.371158719021	6000.0	816.5865044147666	0.0	0	0.0	2160.9576631337877	1	0	tensor(3, device='cuda:0')	2.921378435782571
14898.98288746963	3000.0	1206.5136027890987	0.0	0	0.0	2105.496490258727	1	0	tensor(4, device='cuda:0')	1.227542836923808
15502.364854898424	3000.0	1542.7934386174243	0.0	0	0.0	2045.1582935158458	1	0	tensor(4, device='cuda:0')	2.1153706695588124
16205.562887822245	3000.0	1769.2756024012226	0.0	0	0.0	1974.8384902234648	1	0	tensor(4, device='cuda:0')	2.1002909410223682
17822.82580727324	6000.0	1152.0126829502265	0.0	0	0.0	1974.8384902234611	1	0	tensor(3, device='cuda:0')	2.0422870339296866
18371.001468975235	3000.0	1549.0194550780348	0.0	0	0.0	1920.0209240532677	1	0	tensor(4, device='cuda:0')	1.2422242889765107
19200.0	3000.0	1637.1210709507916	0.0	0	171.8046209512504	1837.1210709507868	1	0	tensor(4, device='cuda:0')	2.0834883081559097
20601.95442888335	6000.0	1235.1666420674433	0.0	0	0.0	1837.1210709507868	1	0	tensor(3, device='cuda:0')	2.0511787709709965
21643.287125534265	6000.0	1193.8339454165293	0.0	0	0.0	1837.1210709507868	1	0	tensor(3, device='cuda:0')	2.9443259515309417
22348.73319404211	3000.0	1417.8432700579008	0.0	0	0.0	1766.576464100006	1	0	tensor(4, device='cuda:0')	1.219967145636292
23200.0	3000.0	1481.4497835042216	0.0	0	420.35678228854886	1681.4497835042202	1	0	tensor(4, device='cuda:0')	2.0877244964814885
24408.039369678896	6000.0	1273.410413825325	0.0	0	0.0	1681.4497835042202	1	0	tensor(3, device='cuda:0')	2.0598991427858446
25608.26430914918	6000.0	1073.185474355037	0.0	0	0.0	1681.4497835042202	1	0	tensor(3, device='cuda:0')	2.9530463233457898
26286.134324098737	3000.0	1327.5284579105241	0.0	0	0.0	1613.662782009258	1	0	tensor(4, device='cuda:0')	1.2338114646718135
27200.0	3000.0	1322.276214419136	0.0	0	312.6282761986877	1522.2762144191365	1	0	tensor(4, device='cuda:0')	2.0831577662798364
28200.0	6000.0	1322.2762144191365	0.0	0	74.91810942402662	1522.2762144191329	1	0	tensor(3, device='cuda:0')	2.0675489586881466
29200.0	6000.0	1322.2762144191381	0.0	0	14.80339742002252	1522.2762144191365	1	0	tensor(3, device='cuda:0')	2.9606961392480917
30200.0	3000.0	1222.2762144191395	0.0	0	347.72242525854017	1422.2762144191438	1	0	tensor(4, device='cuda:0')	1.1770812638705075
31200.0	2000.0	1222.2762144191408	0.0	0	437.84134408134196	1422.2762144191438	1	0	tensor(3, device='cuda:0')	1.2608505803376668
32200.0	2000.0	1222.2762144191456	0.0	0	307.1769242419432	1422.2762144191438	1	0	tensor(3, device='cuda:0')	1.8663156884458316
33200.0	2000.0	1222.276214419149	0.0	0	373.40359790178263	1422.2762144191474	1	0	tensor(3, device='cuda:0')	1.8663156884458314
34200.0	2000.0	1222.276214419148	0.0	0	385.9825051591033	1422.276214419151	1	0	tensor(3, device='cuda:0')	1.8663156884458312
35200.0	2000.0	1222.2762144191508	0.0	0	349.9929009557891	1422.276214419151	1	0	tensor(3, device='cuda:0')	1.8663156884458312
36200.0	2000.0	1222.2762144191488	0.0	0	360.9337921779734	1422.2762144191584	1	0	tensor(3, device='cuda:0')	1.866315688445831
37276.30131353952	6000.0	1145.974900879625	0.0	0	0.0	1422.2762144191584	1	0	tensor(3, device='cuda:0')	1.8663156884458307
38200.0	3000.0	1129.9063457731024	0.0	0	260.558987918841	1329.9063457731245	1	0	tensor(4, device='cuda:0')	1.196153503901161
39200.0	6000.0	1129.9063457731008	0.0	0	83.88235975710995	1329.9063457731245	1	0	tensor(3, device='cuda:0')	2.0753380487676907
40239.69863773562	6000.0	1090.2077080374813	0.0	0	0.0	1329.9063457731318	1	0	tensor(3, device='cuda:0')	2.968485229327636
41200.0	3000.0	1033.876209546664	0.0	0	512.1054896163987	1233.8762095466955	1	0	tensor(4, device='cuda:0')	1.192159257821623
42200.0	2000.0	1033.8762095466636	0.0	0	481.5523752014997	1233.8762095466955	1	0	tensor(3, device='cuda:0')	1.2677795656241124
43614.71139795529	6000.0	619.1648115913785	0.0	0	0.0	1233.8762095466955	1	0	tensor(3, device='cuda:0')	1.873244673732277
44200.0	2000.0	1033.8762095466666	0.0	0	195.44857428053365	1233.8762095466955	1	0	tensor(3, device='cuda:0')	0.7746323850641675
45200.0	2000.0	1033.8762095466705	0.0	0	529.5243511297231	1233.8762095466882	1	0	tensor(3, device='cuda:0')	1.8732446737322774
46200.0	2000.0	1033.876209546667	0.0	0	196.7757507290662	1233.8762095466882	1	0	tensor(3, device='cuda:0')	1.8732446737322774
47200.0	2000.0	1033.8762095466604	0.0	0	173.42150052123907	1233.8762095466882	1	0	tensor(3, device='cuda:0')	1.8732446737322774
48200.0	2000.0	1033.8762095466582	0.0	0	549.2472413459545	1233.8762095466882	1	0	tensor(3, device='cuda:0')	1.8732446737322774
49200.0	2000.0	1033.876209546655	0.0	0	400.7337267804178	1233.8762095466882	1	0	tensor(3, device='cuda:0')	1.8732446737322774
50200.0	2000.0	1033.8762095466618	0.0	0	172.1281759272024	1233.8762095466882	1	0	tensor(3, device='cuda:0')	1.8732446737322774
51200.0	2000.0	1033.8762095466632	0.0	0	241.73277429919835	1233.8762095466882	1	0	tensor(3, device='cuda:0')	1.8732446737322774
52200.0	2000.0	1033.8762095466684	0.0	0	364.85276842366875	1233.8762095466882	1	0	tensor(3, device='cuda:0')	1.8732446737322774
53200.0	2000.0	1033.876209546669	0.0	0	645.7797239654392	1233.8762095466882	1	0	tensor(3, device='cuda:0')	1.8732446737322774
54422.29380482016	6000.0	811.5824047265063	0.0	0	0.0	1233.8762095466955	1	0	tensor(3, device='cuda:0')	1.873244673732277
55200.0	6000.0	1033.8762095466739	0.0	0	128.98744346105377	1233.8762095466955	1	0	tensor(3, device='cuda:0')	2.9718569624003868
56200.0	2000.0	1033.8762095466805	0.0	0	530.5660135979706	1233.8762095466955	1	0	tensor(3, device='cuda:0')	0.7746323850641675
57200.0	2000.0	1033.8762095466877	0.0	0	473.1510281925657	1233.8762095466955	1	0	tensor(3, device='cuda:0')	1.8732446737322772
58984.716827313816	6000.0	249.15938223287213	0.0	0	0.0	1233.8762095467027	1	0	tensor(3, device='cuda:0')	1.873244673732277
59491.58225363279	2000.0	742.3493243766605	0.055368462761151704	0	0.0	1233.931578009462	1	0	tensor(3, device='cuda:0')	0.7742983204583009
60200.0	2000.0	1033.9315780094516	0.0	0	84.03690528342122	1233.9315780094694	1	0	tensor(3, device='cuda:0')	1.8732428199029771
61200.0	3000.0	933.9315780094533	0.0	0	312.2883725319407	1133.9315780094694	1	0	tensor(4, device='cuda:0')	1.4752854990961541
62200.0	2000.0	933.9315780094603	0.0	0	617.7495454028322	1133.9315780094767	1	0	tensor(3, device='cuda:0')	1.2709665636625442
63200.0	2000.0	933.9315780094616	0.0	0	470.593042569315	1133.931578009484	1	0	tensor(3, device='cuda:0')	1.8764316717707088
64200.0	6000.0	933.9315780094626	0.0	0	134.01935142125149	1133.931578009484	1	0	tensor(3, device='cuda:0')	1.876431671770709
65311.683750232434	6000.0	822.247827777036	0.0	0	0.0	1133.931578009484	1	0	tensor(3, device='cuda:0')	2.9750439604388186
66200.0	2000.0	933.9315780094764	0.0	0	606.9108898639897	1133.9315780094912	1	0	tensor(3, device='cuda:0')	0.7778193831025991
67200.0	2000.0	933.9315780094714	0.0	0	742.785720207743	1133.9315780094912	1	0	tensor(3, device='cuda:0')	1.8764316717707086
68213.18315986071	6000.0	920.7484181487516	0.0	0	0.0	1133.9315780094912	1	0	tensor(3, device='cuda:0')	1.876431671770709
69200.0	2000.0	933.9315780094639	0.0	0	442.4016413917707	1133.9315780094912	1	0	tensor(3, device='cuda:0')	0.777819383102599
70200.0	2000.0	933.9315780094662	0.0	0	546.4155046203377	1133.9315780094912	1	0	tensor(3, device='cuda:0')	1.8764316717707086
71200.0	2000.0	933.9315780094576	0.0	0	665.9407112635672	1133.9315780094912	1	0	tensor(3, device='cuda:0')	1.8764316717707086
72200.0	2000.0	933.931578009468	0.0	0	506.24016301312076	1133.9315780094912	1	0	tensor(3, device='cuda:0')	1.8764316717707086
73200.0	2000.0	933.9315780094753	0.0	0	374.3489153105038	1133.9315780094912	1	0	tensor(3, device='cuda:0')	1.8764316717707086
74200.0	2000.0	933.9315780095003	0.0	0	300.23203941406973	1133.9315780094912	1	0	tensor(3, device='cuda:0')	1.8764316717707086
75200.0	2000.0	933.9315780094906	0.0	0	310.3726555043395	1133.9315780094912	1	0	tensor(3, device='cuda:0')	1.8764316717707086
76200.0	2000.0	933.9315780094985	0.0	0	311.89098639915755	1133.9315780094912	1	0	tensor(3, device='cuda:0')	1.8764316717707086
77200.0	2000.0	933.9315780095162	0.0	0	235.18474821775453	1133.9315780094912	1	0	tensor(3, device='cuda:0')	1.8764316717707086
78200.0	2000.0	933.9315780095136	0.0	0	10.406808138490305	1133.9315780094912	1	0	tensor(3, device='cuda:0')	1.8764316717707086
79200.0	2000.0	933.9315780095042	0.0	0	296.1137812480447	1133.9315780094767	1	0	tensor(3, device='cuda:0')	1.876431671770709
80200.0	2000.0	933.9315780095171	0.0	0	308.9855265151855	1133.9315780094767	1	0	tensor(3, device='cuda:0')	1.876431671770709
81200.0	2000.0	933.9315780095194	0.0	0	345.2676937049837	1133.9315780094767	1	0	tensor(3, device='cuda:0')	1.876431671770709
82200.0	2000.0	933.931578009508	0.0	0	384.95388734765584	1133.931578009462	1	0	tensor(3, device='cuda:0')	1.8764316717707095
83200.0	2000.0	933.9315780095053	0.0	0	434.85215198968945	1133.931578009462	1	0	tensor(3, device='cuda:0')	1.8764316717707095
84200.0	2000.0	933.9315780095008	0.0	0	405.9333440038172	1133.9315780094475	1	0	tensor(3, device='cuda:0')	1.87643167177071
85200.0	2000.0	933.9315780094901	0.0	0	561.3391633267747	1133.9315780094475	1	0	tensor(3, device='cuda:0')	1.87643167177071
86200.0	6000.0	933.931578009502	0.0	0	21.161654323979747	1133.9315780094475	1	0	tensor(3, device='cuda:0')	1.87643167177071
87200.0	3000.0	833.9315780095003	0.0	0	379.5160187589063	1033.931578009433	1	0	tensor(4, device='cuda:0')	1.1905659743709218
88200.0	2000.0	833.9315780095077	0.0	0	578.3823173233104	1033.931578009433	1	0	tensor(3, device='cuda:0')	1.2738563783192776
89200.0	2000.0	833.9315780094995	0.0	0	526.7239200566837	1033.931578009433	1	0	tensor(3, device='cuda:0')	1.8793214864274423
90200.0	2000.0	833.9315780095104	0.0	0	517.001579571559	1033.9315780094475	1	0	tensor(3, device='cuda:0')	1.8793214864274421
91200.0	2000.0	833.9315780095154	0.0	0	708.8372287227685	1033.9315780094475	1	0	tensor(3, device='cuda:0')	1.8793214864274421
92200.0	2000.0	833.9315780095108	0.0	0	572.1887391044002	1033.9315780094475	1	0	tensor(3, device='cuda:0')	1.8793214864274421
93200.0	2000.0	833.9315780095296	0.0	0	542.4165862396767	1033.9315780094475	1	0	tensor(3, device='cuda:0')	1.8793214864274421
94200.0	2000.0	833.9315780095319	0.0	0	531.8379110585229	1033.9315780094475	1	0	tensor(3, device='cuda:0')	1.8793214864274421
95200.0	2000.0	833.9315780095257	0.0	0	557.3566215300816	1033.9315780094475	1	0	tensor(3, device='cuda:0')	1.8793214864274421
96200.0	2000.0	833.9315780095292	0.0	0	449.26357592185377	1033.9315780094475	1	0	tensor(3, device='cuda:0')	1.8793214864274421
97200.0	2000.0	833.9315780095196	0.0	0	695.5352661758516	1033.9315780094475	1	0	tensor(3, device='cuda:0')	1.8793214864274421
98200.0	2000.0	833.9315780095277	0.0	0	611.6723155901709	1033.9315780094475	1	0	tensor(3, device='cuda:0')	1.8793214864274421
99200.0	2000.0	833.9315780095255	0.0	0	679.3684873062448	1033.931578009433	1	0	tensor(3, device='cuda:0')	1.8793214864274423
100200.0	2000.0	833.9315780095171	0.0	0	622.5018669507408	1033.931578009433	1	0	tensor(3, device='cuda:0')	1.8793214864274423
101353.35889490595	6000.0	680.5726831035626	0.0	0	0.0	1033.931578009433	1	0	tensor(3, device='cuda:0')	1.8793214864274423
102200.0	2000.0	833.9315780095005	0.0	0	505.10144931635296	1033.931578009433	1	0	tensor(3, device='cuda:0')	0.7807091977593328
103200.0	2000.0	833.9315780094937	0.0	0	668.2286662873084	1033.931578009433	1	0	tensor(3, device='cuda:0')	1.8793214864274423
104200.0	2000.0	833.9315780094906	0.0	0	552.456956007969	1033.931578009433	1	0	tensor(3, device='cuda:0')	1.8793214864274423
105200.0	2000.0	833.9315780094953	0.0	0	451.13969331700355	1033.9315780094475	1	0	tensor(3, device='cuda:0')	1.8793214864274421
106200.0	2000.0	833.931578009501	0.0	0	609.4435765195522	1033.9315780094475	1	0	tensor(3, device='cuda:0')	1.8793214864274421
107200.0	2000.0	833.9315780094958	0.0	0	256.7373147145554	1033.9315780094475	1	0	tensor(3, device='cuda:0')	1.8793214864274421
108200.0	2000.0	833.931578009495	0.0	0	266.138744812386	1033.931578009462	1	0	tensor(3, device='cuda:0')	1.8793214864274415
109200.0	2000.0	833.931578009496	0.0	0	402.3572362680716	1033.931578009462	1	0	tensor(3, device='cuda:0')	1.8793214864274415
110200.0	2000.0	833.9315780095121	0.0	0	524.9117564858461	1033.931578009462	1	0	tensor(3, device='cuda:0')	1.8793214864274415
111200.0	2000.0	833.9315780095177	0.0	0	646.4352755720611	1033.9315780094767	1	0	tensor(3, device='cuda:0')	1.8793214864274412
112200.0	2000.0	833.931578009507	0.0	0	586.2210245278256	1033.931578009462	1	0	tensor(3, device='cuda:0')	1.8793214864274415
113200.0	2000.0	833.9315780095086	0.0	0	177.11583772399172	1033.931578009462	1	0	tensor(3, device='cuda:0')	1.8793214864274415
114200.0	2000.0	833.9315780095069	0.0	0	337.8414602826524	1033.931578009462	1	0	tensor(3, device='cuda:0')	1.8793214864274415
115200.0	2000.0	833.9315780095005	0.0	0	482.36348504510534	1033.9315780094767	1	0	tensor(3, device='cuda:0')	1.8793214864274412
116200.0	2000.0	833.9315780094993	0.0	0	702.3671883455827	1033.9315780094767	1	0	tensor(3, device='cuda:0')	1.8793214864274412
117200.0	2000.0	833.9315780095006	0.0	0	630.260072129764	1033.9315780094767	1	0	tensor(3, device='cuda:0')	1.8793214864274412
118200.0	2000.0	833.9315780094993	0.0	0	659.2483622950531	1033.931578009462	1	0	tensor(3, device='cuda:0')	1.8793214864274415
119200.0	2000.0	833.9315780094971	0.0	0	649.4641493776871	1033.9315780094475	1	0	tensor(3, device='cuda:0')	1.8793214864274421
120226.67925980885	2000.0	807.2523182006348	0.0	0	0.0	1033.931578009433	1	0	tensor(3, device='cuda:0')	1.8793214864274423
121200.0	2000.0	833.9315780094942	0.0	0	169.84606011622236	1033.931578009433	1	0	tensor(3, device='cuda:0')	1.8793214864274423
122200.0	2000.0	833.9315780094857	0.0	0	172.89200218302722	1033.931578009433	1	0	tensor(3, device='cuda:0')	1.8793214864274423
123206.45474064058	2000.0	827.4768373689056	0.0	0	0.0	1033.931578009433	1	0	tensor(3, device='cuda:0')	1.8793214864274423
124200.0	2000.0	833.9315780095039	0.0	0	98.4186684202432	1033.931578009433	1	0	tensor(3, device='cuda:0')	1.8793214864274423
125200.0	2000.0	833.9315780095119	0.0	0	116.89892079640413	1033.931578009433	1	0	tensor(3, device='cuda:0')	1.8793214864274423
126200.0	2000.0	833.9315780095204	0.0	0	480.12739134307776	1033.9315780094184	1	0	tensor(3, device='cuda:0')	1.879321486427443
127200.0	2000.0	833.9315780095094	0.0	0	523.126955268468	1033.9315780094184	1	0	tensor(3, device='cuda:0')	1.879321486427443
128200.0	2000.0	833.9315780095154	0.0	0	573.9483564207621	1033.9315780094184	1	0	tensor(3, device='cuda:0')	1.879321486427443
129278.84751202221	6000.0	755.0840659873088	0.0	0	0.0	1033.9315780094184	1	0	tensor(3, device='cuda:0')	1.879321486427443
130200.0	2000.0	833.9315780095284	0.0	0	517.3589998580137	1033.9315780094184	1	0	tensor(3, device='cuda:0')	0.7807091977593333
131200.0	2000.0	833.9315780095387	0.0	0	266.8989944377827	1033.9315780094475	1	0	tensor(3, device='cuda:0')	1.8793214864274423
132216.34558535472	2000.0	817.5859926548604	0.0	0	0.0	1033.9315780094767	1	0	tensor(3, device='cuda:0')	1.8793214864274412
133200.0	2000.0	833.9315780095727	0.0	0	279.68501096530235	1033.9315780094767	1	0	tensor(3, device='cuda:0')	1.8793214864274412
134200.0	2000.0	833.9315780095811	0.0	0	308.1759166874981	1033.9315780094767	1	0	tensor(3, device='cuda:0')	1.8793214864274412
135200.0	2000.0	833.9315780096109	0.0	0	389.66272585993283	1033.9315780094767	1	0	tensor(3, device='cuda:0')	1.8793214864274412
136200.0	2000.0	833.9315780096488	0.0	0	449.0243737292185	1033.9315780094767	1	0	tensor(3, device='cuda:0')	1.8793214864274412
137200.0	2000.0	833.9315780096632	0.0	0	491.4176298605162	1033.9315780094767	1	0	tensor(3, device='cuda:0')	1.8793214864274412
138200.0	2000.0	833.9315780096558	0.0	0	606.9587830191304	1033.9315780094767	1	0	tensor(3, device='cuda:0')	1.8793214864274412
139200.0	2000.0	833.9315780096592	0.0	0	704.0255147417483	1033.9315780094475	1	0	tensor(3, device='cuda:0')	1.8793214864274421
140200.0	2000.0	833.9315780096723	0.0	0	727.6780410302454	1033.9315780094767	1	0	tensor(3, device='cuda:0')	1.8793214864274412
141200.0	2000.0	833.9315780096804	0.0	0	373.7471103219141	1033.9315780094767	1	0	tensor(3, device='cuda:0')	1.8793214864274412
142200.0	2000.0	833.931578009684	0.0	0	410.6285109288001	1033.9315780094767	1	0	tensor(3, device='cuda:0')	1.8793214864274412
143200.0	2000.0	833.9315780096791	0.0	0	389.5687803021283	1033.9315780094767	1	0	tensor(3, device='cuda:0')	1.8793214864274412
144200.0	2000.0	833.9315780096914	0.0	0	586.6735197420057	1033.9315780094767	1	0	tensor(3, device='cuda:0')	1.8793214864274412
145200.0	2000.0	833.9315780096836	0.0	0	523.1297311462404	1033.9315780094767	1	0	tensor(3, device='cuda:0')	1.8793214864274412
146200.0	2000.0	833.9315780097019	0.0	0	330.9591521296534	1033.9315780095058	1	0	tensor(3, device='cuda:0')	1.8793214864274406
147200.0	2000.0	833.931578009702	0.0	0	553.0645886583661	1033.9315780094767	1	0	tensor(3, device='cuda:0')	1.8793214864274412
148200.0	2000.0	833.9315780097221	0.0	0	626.6837982623547	1033.9315780094767	1	0	tensor(3, device='cuda:0')	1.8793214864274412
149221.36533975106	6000.0	812.5662382586687	0.0	0	0.0	1033.9315780094767	1	0	tensor(3, device='cuda:0')	1.8793214864274415
150200.0	2000.0	833.9315780097585	0.0	0	601.3057464853337	1033.9315780094767	1	0	tensor(3, device='cuda:0')	0.7807091977593317
151200.0	2000.0	833.9315780097788	0.0	0	604.0795890289301	1033.9315780094767	1	0	tensor(3, device='cuda:0')	1.8793214864274412
152200.0	2000.0	833.931578009782	0.0	0	323.79479201635695	1033.9315780094767	1	0	tensor(3, device='cuda:0')	1.8793214864274412
153200.0	2000.0	833.9315780097884	0.0	0	539.8968456040311	1033.9315780094767	1	0	tensor(3, device='cuda:0')	1.8793214864274412
154200.0	2000.0	833.9315780097821	0.0	0	316.35396764904726	1033.9315780094767	1	0	tensor(3, device='cuda:0')	1.8793214864274412
155200.0	2000.0	833.9315780097793	0.0	0	407.94585070500034	1033.9315780094767	1	0	tensor(3, device='cuda:0')	1.8793214864274412
156200.0	2000.0	833.9315780097768	0.0	0	116.89318173209904	1033.9315780094767	1	0	tensor(3, device='cuda:0')	1.8793214864274412
157200.0	2000.0	833.9315780097563	0.0	0	243.06097139482154	1033.9315780094767	1	0	tensor(3, device='cuda:0')	1.8793214864274412
158200.0	2000.0	833.9315780097546	0.0	0	348.5510150831542	1033.9315780094767	1	0	tensor(3, device='cuda:0')	1.8793214864274412
159200.0	2000.0	833.93157800976	0.0	0	477.4594196637627	1033.9315780094767	1	0	tensor(3, device='cuda:0')	1.8793214864274412
160200.0	2000.0	833.9315780097332	0.0	0	587.0089913972188	1033.9315780094767	1	0	tensor(3, device='cuda:0')	1.8793214864274412
161200.0	2000.0	833.931578009736	0.0	0	635.2387354527309	1033.9315780094767	1	0	tensor(3, device='cuda:0')	1.8793214864274412
162200.0	2000.0	833.9315780097243	0.0	0	542.4212099651049	1033.9315780094767	1	0	tensor(3, device='cuda:0')	1.8793214864274412
163200.0	2000.0	833.9315780097163	0.0	0	521.7017132040055	1033.9315780094767	1	0	tensor(3, device='cuda:0')	1.8793214864274412
164200.0	2000.0	833.9315780097168	0.0	0	689.931637020869	1033.9315780094767	1	0	tensor(3, device='cuda:0')	1.8793214864274412
165200.0	2000.0	833.9315780097359	0.0	0	621.2065540269832	1033.9315780094767	1	0	tensor(3, device='cuda:0')	1.8793214864274412
166200.0	2000.0	833.9315780097364	0.0	0	686.2475243652298	1033.9315780094767	1	0	tensor(3, device='cuda:0')	1.8793214864274412
167200.0	2000.0	833.9315780097508	0.0	0	586.4162744673959	1033.9315780095058	1	0	tensor(3, device='cuda:0')	1.8793214864274406
168200.0	2000.0	833.931578009723	0.0	0	637.326477804163	1033.9315780095058	1	0	tensor(3, device='cuda:0')	1.8793214864274406
169200.0	2000.0	833.9315780097197	0.0	0	694.2090011040855	1033.9315780095058	1	0	tensor(3, device='cuda:0')	1.8793214864274406
170200.0	6000.0	833.9315780097048	0.0	0	82.9397279683617	1033.9315780095058	1	0	tensor(3, device='cuda:0')	1.8793214864274408
171200.0	2000.0	833.9315780096928	0.0	0	633.9417483515281	1033.9315780095058	1	0	tensor(3, device='cuda:0')	0.7807091977593309
172200.0	2000.0	833.9315780096617	0.0	0	574.8226734730415	1033.9315780095058	1	0	tensor(3, device='cuda:0')	1.8793214864274406
173200.0	2000.0	833.9315780096416	0.0	0	677.0336950817145	1033.9315780095058	1	0	tensor(3, device='cuda:0')	1.8793214864274406
174200.0	2000.0	833.9315780096578	0.0	0	629.8825358444592	1033.9315780095058	1	0	tensor(3, device='cuda:0')	1.8793214864274406
175200.0	2000.0	833.9315780096587	0.0	0	389.3662824740459	1033.9315780095058	1	0	tensor(3, device='cuda:0')	1.8793214864274406
176200.0	2000.0	833.9315780096867	0.0	0	268.9356862902059	1033.9315780095058	1	0	tensor(3, device='cuda:0')	1.8793214864274406
177200.0	2000.0	833.9315780097264	0.0	0	127.82964566830196	1033.9315780095349	1	0	tensor(3, device='cuda:0')	1.8793214864274397
178200.0	2000.0	833.9315780097282	0.0	0	372.0519778308517	1033.9315780095349	1	0	tensor(3, device='cuda:0')	1.8793214864274397
179200.0	2000.0	833.9315780097522	0.0	0	339.312650824897	1033.9315780095349	1	0	tensor(3, device='cuda:0')	1.8793214864274397
180200.0	2000.0	833.9315780097411	0.0	0	389.2556256991811	1033.9315780095349	1	0	tensor(3, device='cuda:0')	1.8793214864274397
181200.0	2000.0	833.9315780097355	0.0	0	297.09073875818285	1033.9315780095349	1	0	tensor(3, device='cuda:0')	1.8793214864274397
182200.0	2000.0	833.931578009744	0.0	0	348.794500789023	1033.9315780095349	1	0	tensor(3, device='cuda:0')	1.8793214864274397
183200.0	2000.0	833.931578009769	0.0	0	350.4516227725835	1033.9315780095349	1	0	tensor(3, device='cuda:0')	1.8793214864274397
184200.0	2000.0	833.9315780097443	0.0	0	643.1033288701437	1033.9315780095058	1	0	tensor(3, device='cuda:0')	1.8793214864274406
185200.0	2000.0	833.9315780097226	0.0	0	730.8230807875225	1033.9315780095058	1	0	tensor(3, device='cuda:0')	1.8793214864274406
186200.0	2000.0	833.9315780097287	0.0	0	736.3187162660179	1033.9315780095058	1	0	tensor(3, device='cuda:0')	1.8793214864274406
187200.0	6000.0	833.9315780097501	0.0	0	245.1190052399761	1033.9315780094767	1	0	tensor(3, device='cuda:0')	1.8793214864274415
188200.0	2000.0	833.9315780097941	0.0	0	564.9788076544937	1033.9315780095058	1	0	tensor(3, device='cuda:0')	0.7807091977593309
189200.0	2000.0	833.9315780097825	0.0	0	461.26683832251	1033.9315780095058	1	0	tensor(3, device='cuda:0')	1.8793214864274406
190200.0	2000.0	833.9315780097937	0.0	0	606.3427819338103	1033.9315780095349	1	0	tensor(3, device='cuda:0')	1.8793214864274397
191200.0	2000.0	833.9315780097628	0.0	0	501.998854514939	1033.9315780095058	1	0	tensor(3, device='cuda:0')	1.8793214864274406
192200.0	2000.0	833.9315780097464	0.0	0	628.5701376750076	1033.9315780095058	1	0	tensor(3, device='cuda:0')	1.8793214864274406
193200.0	2000.0	833.9315780097068	0.0	0	672.176534268423	1033.9315780095058	1	0	tensor(3, device='cuda:0')	1.8793214864274406
194200.0	6000.0	833.9315780097061	0.0	0	9.082072180142859	1033.9315780095349	1	0	tensor(3, device='cuda:0')	1.8793214864274397
195200.0	6000.0	833.9315780096815	0.0	0	175.8189426798781	1033.9315780095058	1	0	tensor(3, device='cuda:0')	2.9779337750955506
196200.0	2000.0	833.9315780096814	0.0	0	512.9962153889646	1033.9315780095058	1	0	tensor(3, device='cuda:0')	0.7807091977593309
197200.0	2000.0	833.9315780096874	0.0	0	614.4935061036667	1033.9315780095058	1	0	tensor(3, device='cuda:0')	1.8793214864274406
198200.0	2000.0	833.9315780097196	0.0	0	618.0349867019395	1033.9315780095058	1	0	tensor(3, device='cuda:0')	1.8793214864274406
199200.0	2000.0	833.9315780097165	0.0	0	552.8841436572256	1033.9315780095058	1	0	tensor(3, device='cuda:0')	1.8793214864274406
200200.0	2000.0	833.9315780096983	0.0	0	493.76231253231526	1033.9315780095058	1	0	tensor(3, device='cuda:0')	1.8793214864274406
201200.0	2000.0	833.9315780097289	0.0	0	621.1447498043126	1033.9315780095349	1	0	tensor(3, device='cuda:0')	1.8793214864274397
202200.0	2000.0	833.9315780097122	0.0	0	641.2038986709085	1033.9315780095349	1	0	tensor(3, device='cuda:0')	1.8793214864274397
203200.0	2000.0	833.931578009735	0.0	0	531.9478687001392	1033.9315780095349	1	0	tensor(3, device='cuda:0')	1.8793214864274397
204200.0	2000.0	833.9315780097018	0.0	0	517.4742626068473	1033.9315780095349	1	0	tensor(3, device='cuda:0')	1.8793214864274397
205200.0	2000.0	833.9315780096953	0.0	0	622.4534341010731	1033.9315780095349	1	0	tensor(3, device='cuda:0')	1.8793214864274397
206200.0	2000.0	833.931578009682	0.0	0	417.4781730272516	1033.9315780095349	1	0	tensor(3, device='cuda:0')	1.8793214864274397
207200.0	2000.0	833.9315780096583	0.0	0	529.6612776663969	1033.9315780095349	1	0	tensor(3, device='cuda:0')	1.8793214864274397
208200.0	2000.0	833.9315780096284	0.0	0	561.5334017800633	1033.9315780095349	1	0	tensor(3, device='cuda:0')	1.8793214864274397
209200.0	2000.0	833.9315780096379	0.0	0	523.8789441892004	1033.9315780095349	1	0	tensor(3, device='cuda:0')	1.8793214864274397
210200.0	2000.0	833.9315780096367	0.0	0	680.4330012889695	1033.9315780095349	1	0	tensor(3, device='cuda:0')	1.8793214864274397
211200.0	2000.0	833.9315780096501	0.0	0	529.2934651346877	1033.9315780095349	1	0	tensor(3, device='cuda:0')	1.8793214864274397
212200.0	2000.0	833.9315780096554	0.0	0	400.7887732007948	1033.9315780095349	1	0	tensor(3, device='cuda:0')	1.8793214864274397
213200.0	2000.0	833.9315780096523	0.0	0	114.7061289458943	1033.9315780095349	1	0	tensor(3, device='cuda:0')	1.8793214864274397
214200.0	2000.0	833.9315780096557	0.0	0	31.50215198568185	1033.9315780095349	1	0	tensor(3, device='cuda:0')	1.8793214864274397
215200.0	2000.0	833.9315780096356	0.0	0	251.71035610791296	1033.9315780095349	1	0	tensor(3, device='cuda:0')	1.8793214864274397
216200.0	2000.0	833.9315780096141	0.0	0	297.5368800951983	1033.9315780095349	1	0	tensor(3, device='cuda:0')	1.8793214864274397
217200.0	2000.0	833.9315780096074	0.0	0	252.0898055676953	1033.9315780095349	1	0	tensor(3, device='cuda:0')	1.8793214864274397
218200.0	2000.0	833.931578009601	0.0	0	384.720329576754	1033.9315780095349	1	0	tensor(3, device='cuda:0')	1.8793214864274397
219200.0	2000.0	833.9315780095864	0.0	0	427.98518842912745	1033.9315780095349	1	0	tensor(3, device='cuda:0')	1.8793214864274397
220200.0	2000.0	833.931578009601	0.0	0	384.09743772938964	1033.9315780095349	1	0	tensor(3, device='cuda:0')	1.8793214864274397
221200.0	2000.0	833.931578009628	0.0	0	488.02207786784857	1033.9315780095058	1	0	tensor(3, device='cuda:0')	1.8793214864274406
222200.0	2000.0	833.9315780096325	0.0	0	350.5413508331112	1033.9315780095058	1	0	tensor(3, device='cuda:0')	1.8793214864274406
223200.0	2000.0	833.9315780096197	0.0	0	247.59258934581885	1033.9315780095058	1	0	tensor(3, device='cuda:0')	1.8793214864274406
224200.0	2000.0	833.9315780095873	0.0	0	402.59996873899945	1033.9315780095058	1	0	tensor(3, device='cuda:0')	1.8793214864274406
225200.0	2000.0	833.9315780095833	0.0	0	575.6340119421657	1033.9315780095058	1	0	tensor(3, device='cuda:0')	1.8793214864274406
226200.0	2000.0	833.931578009618	0.0	0	688.3812242668355	1033.9315780095058	1	0	tensor(3, device='cuda:0')	1.8793214864274406
227200.0	2000.0	833.9315780096053	0.0	0	606.0470624247391	1033.9315780094767	1	0	tensor(3, device='cuda:0')	1.8793214864274412
228200.0	2000.0	833.9315780095859	0.0	0	578.8332196280535	1033.9315780094767	1	0	tensor(3, device='cuda:0')	1.8793214864274412
229200.0	2000.0	833.9315780095606	0.0	0	661.0542260275397	1033.9315780094767	1	0	tensor(3, device='cuda:0')	1.8793214864274412
230200.0	2000.0	833.9315780095644	0.0	0	444.04755634831963	1033.9315780095058	1	0	tensor(3, device='cuda:0')	1.8793214864274406
231200.0	2000.0	833.9315780095719	0.0	0	552.0879013660015	1033.9315780095058	1	0	tensor(3, device='cuda:0')	1.8793214864274406
232200.0	2000.0	833.9315780095881	0.0	0	533.780789567827	1033.9315780095058	1	0	tensor(3, device='cuda:0')	1.8793214864274406
233200.0	2000.0	833.9315780095808	0.0	0	527.8468267905992	1033.9315780095349	1	0	tensor(3, device='cuda:0')	1.8793214864274397
234200.0	2000.0	833.9315780095972	0.0	0	261.0211986534414	1033.9315780095058	1	0	tensor(3, device='cuda:0')	1.8793214864274406
235200.0	2000.0	833.931578009598	0.0	0	391.82203303909046	1033.9315780095058	1	0	tensor(3, device='cuda:0')	1.8793214864274406
236200.0	2000.0	833.9315780095687	0.0	0	476.4980814559094	1033.9315780095058	1	0	tensor(3, device='cuda:0')	1.8793214864274406
237200.0	2000.0	833.9315780095585	0.0	0	646.6958361986035	1033.9315780095058	1	0	tensor(3, device='cuda:0')	1.8793214864274406
238200.0	2000.0	833.9315780095476	0.0	0	673.4903218223772	1033.9315780094767	1	0	tensor(3, device='cuda:0')	1.8793214864274412
239200.0	2000.0	833.93157800954	0.0	0	418.09570364202955	1033.9315780094475	1	0	tensor(3, device='cuda:0')	1.8793214864274421
240200.0	2000.0	833.9315780095493	0.0	0	568.402894873172	1033.9315780094475	1	0	tensor(3, device='cuda:0')	1.8793214864274421
241200.0	2000.0	833.931578009566	0.0	0	555.8483652088325	1033.9315780094475	1	0	tensor(3, device='cuda:0')	1.8793214864274421
242200.0	2000.0	833.9315780095935	0.0	0	556.2692186234635	1033.9315780094184	1	0	tensor(3, device='cuda:0')	1.879321486427443
243200.0	2000.0	833.9315780095953	0.0	0	729.8476499115059	1033.9315780094184	1	0	tensor(3, device='cuda:0')	1.879321486427443
244200.0	2000.0	833.931578009584	0.0	0	596.4651587088883	1033.9315780094184	1	0	tensor(3, device='cuda:0')	1.879321486427443
245200.0	2000.0	833.931578009581	0.0	0	574.3269269306329	1033.9315780094184	1	0	tensor(3, device='cuda:0')	1.879321486427443
246200.0	2000.0	833.931578009625	0.0	0	587.2036281872133	1033.9315780094475	1	0	tensor(3, device='cuda:0')	1.8793214864274421
247200.0	2000.0	833.9315780096387	0.0	0	650.070800823014	1033.9315780094475	1	0	tensor(3, device='cuda:0')	1.8793214864274421
248200.0	2000.0	833.9315780096315	0.0	0	535.4638624008512	1033.9315780094475	1	0	tensor(3, device='cuda:0')	1.8793214864274421
249200.0	2000.0	833.9315780096179	0.0	0	678.08487275464	1033.9315780094767	1	0	tensor(3, device='cuda:0')	1.8793214864274412
250200.0	2000.0	833.9315780096046	0.0	0	709.3452238702739	1033.9315780094767	1	0	tensor(3, device='cuda:0')	1.8793214864274412
251200.0	2000.0	833.9315780096084	0.0	0	630.87791712748	1033.9315780094475	1	0	tensor(3, device='cuda:0')	1.8793214864274421
252254.30654023009	6000.0	779.6250377795473	0.0	0	0.0	1033.9315780094475	1	0	tensor(3, device='cuda:0')	1.879321486427442
253200.0	6000.0	833.9315780096108	0.0	0	103.45674152785796	1033.9315780094184	1	0	tensor(3, device='cuda:0')	2.9779337750955523
254200.0	2000.0	833.9315780095968	0.0	0	718.4411002093402	1033.9315780094184	1	0	tensor(3, device='cuda:0')	0.7807091977593333
255200.0	2000.0	833.9315780096092	0.0	0	699.4038752980705	1033.9315780094184	1	0	tensor(3, device='cuda:0')	1.879321486427443
256200.0	2000.0	833.9315780096057	0.0	0	621.3295586263703	1033.9315780094184	1	0	tensor(3, device='cuda:0')	1.879321486427443
257200.0	2000.0	833.9315780096223	0.0	0	389.95518479822204	1033.9315780094184	1	0	tensor(3, device='cuda:0')	1.879321486427443
258200.0	2000.0	833.9315780095827	0.0	0	601.9470711849572	1033.9315780094475	1	0	tensor(3, device='cuda:0')	1.8793214864274421
259200.0	6000.0	833.9315780096019	0.0	0	54.43331119327922	1033.9315780094475	1	0	tensor(3, device='cuda:0')	1.879321486427442
260200.0	3000.0	733.9315780095982	0.0	0	522.2543905763887	933.9315780094767	1	0	tensor(4, device='cuda:0')	1.1932443724521353
261200.0	2000.0	733.93157800962	0.0	0	529.2788825934113	933.9315780095058	1	0	tensor(3, device='cuda:0')	1.2764748192544961
262200.0	2000.0	733.9315780095943	0.0	0	556.2239583929186	933.9315780095058	1	0	tensor(3, device='cuda:0')	1.881939927362661
263200.0	2000.0	733.9315780096357	0.0	0	280.887416950427	933.9315780095058	1	0	tensor(3, device='cuda:0')	1.8819399273626605
264200.0	2000.0	733.9315780096148	0.0	0	403.36668276024284	933.9315780095058	1	0	tensor(3, device='cuda:0')	1.881939927362661
265200.0	2000.0	733.9315780096	0.0	0	470.0122341677197	933.9315780094475	1	0	tensor(3, device='cuda:0')	1.8819399273626622
266200.0	2000.0	733.9315780095563	0.0	0	599.1194732871954	933.9315780094475	1	0	tensor(3, device='cuda:0')	1.8819399273626622
267200.0	2000.0	733.9315780096122	0.0	0	478.41841374116484	933.9315780094475	1	0	tensor(3, device='cuda:0')	1.8819399273626622
268200.0	2000.0	733.9315780096217	0.0	0	641.1364103545202	933.9315780095058	1	0	tensor(3, device='cuda:0')	1.881939927362661
269200.0	2000.0	733.9315780096608	0.0	0	678.1789224230452	933.931578009564	1	0	tensor(3, device='cuda:0')	1.8819399273626594
270200.0	2000.0	733.9315780097162	0.0	0	661.6239700302831	933.931578009564	1	0	tensor(3, device='cuda:0')	1.8819399273626594
271200.0	2000.0	733.931578009693	0.0	0	381.9723682702752	933.9315780095058	1	0	tensor(3, device='cuda:0')	1.881939927362661
272200.0	2000.0	733.9315780096936	0.0	0	423.6595536796958	933.9315780095058	1	0	tensor(3, device='cuda:0')	1.881939927362661
273200.0	2000.0	733.931578009653	0.0	0	484.4571953738341	933.9315780094475	1	0	tensor(3, device='cuda:0')	1.8819399273626622
274200.0	2000.0	733.9315780096816	0.0	0	697.1790109796566	933.9315780094475	1	0	tensor(3, device='cuda:0')	1.8819399273626622
275200.0	2000.0	733.9315780096711	0.0	0	664.9211946284631	933.9315780093893	1	0	tensor(3, device='cuda:0')	1.8819399273626636
276200.0	2000.0	733.9315780096751	0.0	0	670.672547739523	933.9315780094475	1	0	tensor(3, device='cuda:0')	1.8819399273626622
277200.0	2000.0	733.9315780096318	0.0	0	666.6158821272547	933.9315780094475	1	0	tensor(3, device='cuda:0')	1.8819399273626622
278200.0	2000.0	733.9315780095927	0.0	0	517.2540034663398	933.9315780094475	1	0	tensor(3, device='cuda:0')	1.8819399273626622
279200.0	2000.0	733.9315780096078	0.0	0	557.9771438696771	933.9315780094475	1	0	tensor(3, device='cuda:0')	1.8819399273626622
280200.0	2000.0	733.9315780095679	0.0	0	163.84371395525523	933.9315780095058	1	0	tensor(3, device='cuda:0')	1.881939927362661
281200.0	2000.0	733.9315780095357	0.0	0	146.46900721429847	933.9315780095058	1	0	tensor(3, device='cuda:0')	1.881939927362661
282218.44204325794	2000.0	715.4895347515295	0.0	0	0.0	933.9315780095058	1	0	tensor(3, device='cuda:0')	1.881939927362661
283200.0	2000.0	733.9315780095149	0.0	0	113.55504467699211	933.9315780095058	1	0	tensor(3, device='cuda:0')	1.881939927362661
284200.0	2000.0	733.931578009486	0.0	0	538.1392650127527	933.9315780094475	1	0	tensor(3, device='cuda:0')	1.8819399273626622
285200.0	2000.0	733.9315780094752	0.0	0	627.1874696693267	933.9315780094475	1	0	tensor(3, device='cuda:0')	1.8819399273626622
286200.0	2000.0	733.9315780094632	0.0	0	443.5330104511231	933.9315780094475	1	0	tensor(3, device='cuda:0')	1.8819399273626622
287200.0	2000.0	733.9315780094946	0.0	0	330.61021993821487	933.9315780094475	1	0	tensor(3, device='cuda:0')	1.8819399273626622
288200.0	2000.0	733.9315780094577	0.0	0	414.565585701901	933.9315780095058	1	0	tensor(3, device='cuda:0')	1.881939927362661
289200.0	2000.0	733.9315780095153	0.0	0	498.63820822624257	933.9315780095058	1	0	tensor(3, device='cuda:0')	1.881939927362661
290200.0	2000.0	733.9315780095012	0.0	0	572.7315007053548	933.9315780095058	1	0	tensor(3, device='cuda:0')	1.881939927362661
291200.0	2000.0	733.9315780095679	0.0	0	703.0883450947003	933.931578009564	1	0	tensor(3, device='cuda:0')	1.8819399273626594
292200.0	2000.0	733.9315780095394	0.0	0	731.8429142351379	933.931578009564	1	0	tensor(3, device='cuda:0')	1.8819399273626594
293200.0	2000.0	733.9315780095487	0.0	0	643.4158669634489	933.9315780095058	1	0	tensor(3, device='cuda:0')	1.881939927362661
294200.0	2000.0	733.931578009532	0.0	0	784.3183753183694	933.9315780095058	1	0	tensor(3, device='cuda:0')	1.881939927362661
295200.0	2000.0	733.9315780095811	0.0	0	744.2923444760963	933.9315780095058	1	0	tensor(3, device='cuda:0')	1.881939927362661
296200.0	2000.0	733.9315780095578	0.0	0	652.3172730283113	933.9315780095058	1	0	tensor(3, device='cuda:0')	1.881939927362661
297200.0	2000.0	733.9315780095721	0.0	0	614.996731578547	933.9315780094475	1	0	tensor(3, device='cuda:0')	1.8819399273626622
298200.0	2000.0	733.9315780095395	0.0	0	666.4834570560488	933.9315780094475	1	0	tensor(3, device='cuda:0')	1.8819399273626622
299200.0	2000.0	733.9315780095527	0.0	0	658.6855337297893	933.9315780094475	1	0	tensor(3, device='cuda:0')	1.8819399273626622
300200.0	6000.0	733.9315780096105	0.0	0	173.51868817652576	933.9315780094475	1	0	tensor(3, device='cuda:0')	1.8819399273626622
301200.0	2000.0	733.9315780096438	0.0	0	765.9650489740889	933.9315780094475	1	0	tensor(3, device='cuda:0')	0.7833276386945526
302200.0	2000.0	733.9315780095761	0.0	0	692.7339391307905	933.9315780094475	1	0	tensor(3, device='cuda:0')	1.8819399273626622
303200.0	2000.0	733.931578009553	0.0	0	721.6220985727268	933.9315780094475	1	0	tensor(3, device='cuda:0')	1.8819399273626622
3.22	3.63	3.67	4.6	5.94	6.94	5.64	4.67	4.58	5.44	5.28	4.41	5.42	5.19	4.29	5.25	6.35	5.99	4.17	5.53	5.05	5.78	7.1	7.38	5.64	3.68	2.78	2.95	3.08	2.61	3.66	5.03	5.92	7.18	7.51	6.24	4.22	5.57	4.39	4.07	2.87	3.04	3.52	4.17	3.26	3.04	3.82	5.11	6.21	7.46	4.9	5.26	5.05	3.96	4.1	4.63	4.82	5.21	6.44	7.46	6.75	7.66	7.11	5.42	4.26	5.33	5.27	3.88	3.63	3.93	2.79	2.36	2.0	2.39	3.22	3.12	3.06	3.13	4.03	5.18	6.45	6.14	6.46	4.62	4.65	5.9	6.39	6.19	6.23	4.93	5.06	6.12	5.84	5.21	5.92	6.93	6.51	4.99	4.85	3.92	4.54	3.9	3.26	3.44	4.71	6.01	5.34	3.41	4.03	5.26	6.44	6.71	6.89	5.29	2.63	2.93	2.51	2.18	2.95	3.0	4.24	5.17	6.66	7.62	5.21	3.16	2.17	2.43	3.65	3.66	3.81	3.96	4.96	6.24	6.79	4.31	3.7	4.62	4.3	3.59	3.65	4.76	6.07	7.22	6.14	5.76	3.06	4.12	4.03	3.13	2.33	3.3	3.79	4.31	5.2	5.37	4.6	4.99	6.08	5.98	6.15	5.54	5.29	5.65	6.57	5.94	5.17	5.91	4.85	3.76	2.32	2.79	3.12	4.01	3.15	2.81	3.24	4.24	5.79	6.72	6.8	6.9	6.28	4.49	4.96	4.05	4.49	5.66	7.02	7.75	4.71	5.54	5.41	4.65	3.7	4.88	5.94	4.58	4.33	4.55	3.35	3.45	4.58	5.94	5.39	4.95	4.18	2.15	1.84	1.95	3.04	3.63	3.95	4.09	4.11	4.36	3.78	3.52	3.46	4.6	5.64	6.15	6.05	5.21	5.05	3.52	4.51	4.12	3.79	4.01	4.67	5.54	6.12	4.76	5.35	5.93	5.87	6.46	5.69	6.67	5.42	5.06	4.8	5.24	6.16	5.9	6.58	7.11	6.42	5.62	6.56	4.27	4.85	6.26	6.8	4.37	4.92	3.42	4.26	4.1	4.92	5.03	5.35	5.15	4.96	3.89	3.7	4.76	6.16	7.14	8.14	7.48	6.14	4.8	3.26	2.94	2.54	2.75	3.98	5.17	4.15	3.76	4.37	5.04	6.12	6.26	6.49	7.43	8.36	8.13	5.63	4.81	5.86	7.41	8.29	7.89	8.34	8.88	6.87
770.0	771.0	772.0	773.0	774.0	775.0	776.0	777.0	778.0	779.0	780.0	781.0	782.0	783.0	784.0	785.0	786.0	787.0	788.0	789.0	790.0	791.0	792.0	793.0	794.0	795.0	796.0	797.0	798.0	799.0	800.0	801.0	802.0	803.0	804.0	805.0	806.0	807.0	808.0	809.0	810.0	811.0	812.0	813.0	814.0	815.0	816.0	817.0	818.0	819.0	820.0	821.0	822.0	823.0	824.0	825.0	826.0	827.0	828.0	829.0	830.0	831.0	832.0	833.0	834.0	835.0	836.0	837.0	838.0	839.0	840.0	841.0	842.0	843.0	844.0	845.0	846.0	847.0	848.0	849.0	850.0	851.0	852.0	853.0	854.0	855.0	856.0	857.0	858.0	859.0	860.0	861.0	862.0	863.0	864.0	865.0	866.0	867.0	868.0	869.0	870.0	871.0	872.0	873.0	874.0	875.0	876.0	877.0	878.0	879.0	880.0	881.0	882.0	883.0	884.0	885.0	886.0	887.0	888.0	889.0	890.0	891.0	892.0	893.0	894.0	895.0	896.0	897.0	898.0	899.0	900.0	901.0	902.0	903.0	904.0	905.0	906.0	907.0	908.0	909.0	910.0	911.0	912.0	913.0	914.0	915.0	916.0	917.0	918.0	919.0	920.0	921.0	922.0	923.0	924.0	925.0	926.0	927.0	928.0	929.0	930.0	931.0	932.0	933.0	934.0	935.0	936.0	937.0	938.0	939.0	940.0	941.0	942.0	943.0	944.0	945.0	946.0	947.0	948.0	949.0	950.0	951.0	952.0	953.0	954.0	955.0	956.0	957.0	958.0	959.0	960.0	961.0	962.0	963.0	964.0	965.0	966.0	967.0	968.0	969.0	970.0	971.0	972.0	973.0	974.0	975.0	976.0	977.0	978.0	979.0	980.0	981.0	982.0	983.0	984.0	985.0	986.0	987.0	988.0	989.0	990.0	991.0	992.0	993.0	994.0	995.0	996.0	997.0	998.0	999.0	1000.0	1001.0	1002.0	1003.0	1004.0	1005.0	1006.0	1007.0	1008.0	1009.0	1010.0	1011.0	1012.0	1013.0	1014.0	1015.0	1016.0	1017.0	1018.0	1019.0	1020.0	1021.0	1022.0	1023.0	1024.0	1025.0	1026.0	1027.0	1028.0	1029.0	1030.0	1031.0	1032.0	1033.0	1034.0	1035.0	1036.0	1037.0	1038.0	1039.0	1040.0	1041.0	1042.0	1043.0	1044.0	1045.0	1046.0	1047.0	1048.0	1049.0	1050.0	1051.0	1052.0	1053.0	1054.0	1055.0	1056.0	1057.0	1058.0	1059.0	1060.0	1061.0	1062.0	1063.0	1064.0	1065.0	1066.0	1067.0	1068.0
4993.0
