6771.493242340287	1000.0	2000.0	376.1148079734838	0	0.0	3771.493242340287	1	0	tensor(6, device='cuda:0')	-11.605207661694934
7589.606259910218	3000.0	2100.075680673076	0.0	0	0.0	3689.681940583294	1	0	tensor(4, device='cuda:0')	0.4834634387186667
8451.094639231269	3000.0	2152.4384634199205	0.0	0	0.0	3603.5331026511903	1	0	tensor(4, device='cuda:0')	1.8004013918125454
9004.884917299587	3000.0	2543.26915754477	0.0	0	0.0	3548.1540748443576	1	0	tensor(4, device='cuda:0')	1.8806007839953391
9810.797745395985	3000.0	2656.765046638731	0.0	0	0.0	3467.562792034715	1	0	tensor(4, device='cuda:0')	1.8509665989470818
11089.96039381069	3000.0	2249.686133382553	0.0	0	0.0	3339.646527193243	1	0	tensor(4, device='cuda:0')	1.7870453322140383
12291.32805221368	3000.0	1928.1817091392645	0.0	0	0.0	3219.5097613529433	1	0	tensor(4, device='cuda:0')	1.8307618120061921
13725.002847987316	3000.0	1351.139433788262	0.0	0	0.0	3076.1422817755792	1	0	tensor(4, device='cuda:0')	1.8149509983964691
15352.265516032117	3000.0	561.1504989389825	0.0	0	0.0	2913.416014971099	1	0	tensor(4, device='cuda:0')	1.805379465597893
16320.438542644744	3000.0	496.1601696650932	0.0	0	0.0	2816.598712309835	1	0	tensor(4, device='cuda:0')	1.9556870015414622
18013.99701212172	3000.0	200.0	515.2310425087098	0	0.0	3213.9970121217157	1	0	tensor(4, device='cuda:0')	-1.2301587525191555
19200.0	1000.0	347.8068200386296	333.80682003863103	0	361.55726367148964	547.8068200386297	1	0	tensor(6, device='cuda:0')	-11.10466428572959
20200.0	2000.0	441.38460443859526	93.57778439996383	0	208.937569964055	641.3846044385937	1	0	tensor(3, device='cuda:0')	0.6336551363946711
21200.0	2000.0	441.3846044385899	0.0	0	517.914773398963	641.3846044385937	1	0	tensor(3, device='cuda:0')	1.888269023354399
22200.0	2000.0	441.38460443859026	0.0	0	452.205516053622	641.3846044385937	1	0	tensor(3, device='cuda:0')	1.888269023354399
23260.07508086997	2000.0	381.3095235686184	0.0	0	0.0	641.3846044385937	1	0	tensor(3, device='cuda:0')	1.888269023354399
24525.69787262721	2000.0	321.81135903578013	206.12462722439903	0	0.0	847.5092316629925	1	0	tensor(3, device='cuda:0')	0.6472558971787253
25590.219462551748	2000.0	448.3252352485973	191.03546613735813	0	0.0	1038.5446978003492	1	0	tensor(3, device='cuda:0')	0.7329815522027971
26454.899604742826	2000.0	583.6450930575168	0.0	0	0.0	1038.5446978003492	1	0	tensor(3, device='cuda:0')	1.879194349026946
27241.27811106586	2000.0	797.2665867344792	0.0	0	0.0	1038.5446978003492	1	0	tensor(3, device='cuda:0')	1.879194349026946
28200.0	2000.0	838.5446978003428	0.0	0	227.6454948312603	1038.5446978003529	1	0	tensor(3, device='cuda:0')	1.8791943490269458
29200.0	2000.0	838.5446978003434	0.0	0	186.30027192041962	1038.5446978003529	1	0	tensor(3, device='cuda:0')	1.8791943490269458
30200.0	2000.0	838.5446978003384	0.0	0	183.75749723236368	1038.5446978003529	1	0	tensor(3, device='cuda:0')	1.8791943490269458
31200.0	2000.0	838.5446978003381	0.0	0	277.4995972969009	1038.5446978003529	1	0	tensor(3, device='cuda:0')	1.8791943490269458
33481.2325919899	2000.0	200.0	642.6878941895587	0	0.0	1681.2325919899013	1	0	tensor(3, device='cuda:0')	-1.9888261613828524
34303.185275383556	1000.0	554.2958306244993	176.24851401815107	0	0.0	1857.4811060080538	1	0	tensor(3, device='cuda:0')	-0.5993128671464903
34837.589757988426	1000.0	1019.891348019631	0.0	0	0.0	1857.4811060080465	1	0	tensor(3, device='cuda:0')	1.1513253975223614
35295.48615854134	1000.0	1561.9949474667196	0.0	0	0.0	1857.4811060080465	1	0	tensor(3, device='cuda:0')	1.1513253975223614
36200.0	2000.0	1657.4811060080526	0.0	0	80.05619100716285	1857.4811060080465	1	0	tensor(3, device='cuda:0')	1.1513253975223614
37200.0	2000.0	1657.481106008062	0.0	0	505.4454478829284	1857.4811060080465	1	0	tensor(3, device='cuda:0')	1.8444725780823066
38200.0	3000.0	1557.4811060080601	0.0	0	43.74917817971436	1757.4811060080392	1	0	tensor(4, device='cuda:0')	1.4487523418517942
39260.38086141416	3000.0	1391.062158452491	0.0	0	0.0	1651.4430198666232	1	0	tensor(4, device='cuda:0')	2.0479696114725185
40200.0	3000.0	1357.4811060080715	0.0	0	351.6467225696033	1557.4811060080538	1	0	tensor(4, device='cuda:0')	2.0763512173356937
41583.95948391059	6000.0	973.5216220974796	0.0	0	0.0	1557.4811060080538	1	0	tensor(3, device='cuda:0')	2.065957872510975
42746.08061811708	3000.0	695.188374470346	0.0	0	0.0	1441.2689925874001	1	0	tensor(4, device='cuda:0')	1.1441534932151538
43496.78888859227	2000.0	944.4801039951457	0.0	0	0.0	1441.2689925874001	1	0	tensor(3, device='cuda:0')	1.260078375827986
44232.6960086505	2000.0	1208.5729839369246	0.0	0	0.0	1441.2689925874001	1	0	tensor(3, device='cuda:0')	1.8655434839361509
45200.0	2000.0	1241.2689925874179	0.0	0	129.3935098523434	1441.2689925874001	1	0	tensor(3, device='cuda:0')	1.8655434839361509
46200.0	2000.0	1241.268992587421	0.0	0	461.81737038880965	1441.2689925874001	1	0	tensor(3, device='cuda:0')	1.8655434839361509
47200.0	2000.0	1241.268992587422	0.0	0	528.1410261488345	1441.2689925874001	1	0	tensor(3, device='cuda:0')	1.8655434839361509
48200.0	2000.0	1241.2689925874201	0.0	0	277.6310729967954	1441.2689925874001	1	0	tensor(3, device='cuda:0')	1.8655434839361509
49200.0	2000.0	1241.268992587423	0.0	0	109.58139563159057	1441.2689925874001	1	0	tensor(3, device='cuda:0')	1.8655434839361509
50237.32035940681	2000.0	1203.9486331806147	0.0	0	0.0	1441.2689925874001	1	0	tensor(3, device='cuda:0')	1.8655434839361509
51200.0	2000.0	1241.2689925874163	0.0	0	266.6836428071256	1441.2689925873929	1	0	tensor(3, device='cuda:0')	1.8655434839361513
52200.0	2000.0	1241.268992587415	0.0	0	247.03383735668467	1441.2689925874001	1	0	tensor(3, device='cuda:0')	1.8655434839361509
53200.0	2000.0	1241.2689925874147	0.0	0	63.60403246861824	1441.2689925874001	1	0	tensor(3, device='cuda:0')	1.8655434839361509
54200.0	2000.0	1241.2689925874226	0.0	0	279.29985556877364	1441.2689925874074	1	0	tensor(3, device='cuda:0')	1.8655434839361507
55200.0	2000.0	1241.2689925874201	0.0	0	245.21365201351	1441.2689925874074	1	0	tensor(3, device='cuda:0')	1.8655434839361507
56200.0	2000.0	1241.2689925874215	0.0	0	50.83933378531947	1441.2689925874147	1	0	tensor(3, device='cuda:0')	1.86554348393615
57200.0	2000.0	1241.2689925874229	0.0	0	289.73851759191894	1441.2689925874074	1	0	tensor(3, device='cuda:0')	1.8655434839361507
58200.0	2000.0	1241.2689925874204	0.0	0	110.31440262094111	1441.2689925874074	1	0	tensor(3, device='cuda:0')	1.8655434839361507
59200.0	2000.0	1241.2689925874217	0.0	0	125.36200832512259	1441.2689925874147	1	0	tensor(3, device='cuda:0')	1.86554348393615
60200.0	2000.0	1241.2689925874274	0.0	0	203.5883930505952	1441.2689925874147	1	0	tensor(3, device='cuda:0')	1.86554348393615
61200.0	2000.0	1241.2689925874204	0.0	0	484.8080555965571	1441.2689925874147	1	0	tensor(3, device='cuda:0')	1.86554348393615
62859.919970207215	6000.0	581.3490223802077	0.0	0	0.0	1441.2689925874147	1	0	tensor(3, device='cuda:0')	1.8655434839361504
63511.2887200648	3000.0	864.8433975368625	0.0	0	0.0	1376.13211760165	1	0	tensor(4, device='cuda:0')	1.249487841873341
64200.0	2000.0	1176.1321176016563	0.0	0	80.51987394622847	1376.13211760165	1	0	tensor(3, device='cuda:0')	1.262667901583558
65200.0	2000.0	1176.1321176016504	0.0	0	471.70457173034083	1376.13211760165	1	0	tensor(3, device='cuda:0')	1.8681330096917228
66200.0	2000.0	1176.1321176016536	0.0	0	312.00540241022827	1376.1321176016572	1	0	tensor(3, device='cuda:0')	1.8681330096917228
67222.89782598813	2000.0	1153.234291613532	0.0	0	0.0	1376.13211760165	1	0	tensor(3, device='cuda:0')	1.8681330096917226
68200.0	2000.0	1176.132117601654	0.0	0	106.26298238425807	1376.13211760165	1	0	tensor(3, device='cuda:0')	1.8681330096917228
69627.4485469581	2000.0	748.6835706435711	0.0	0	0.0	1376.13211760165	1	0	tensor(3, device='cuda:0')	1.8681330096917228
70455.07027430572	2000.0	921.0618432959473	0.0	0	0.0	1376.13211760165	1	0	tensor(3, device='cuda:0')	1.8681330096917228
71200.0	2000.0	1176.1321176016645	0.0	0	33.64353977117571	1376.13211760165	1	0	tensor(3, device='cuda:0')	1.8681330096917228
72200.0	2000.0	1176.1321176016456	0.0	0	467.50140570018266	1376.13211760165	1	0	tensor(3, device='cuda:0')	1.8681330096917228
73200.0	2000.0	1176.1321176016465	0.0	0	388.62436112677096	1376.1321176016354	1	0	tensor(3, device='cuda:0')	1.8681330096917235
74200.0	2000.0	1176.1321176016265	0.0	0	293.50398190665874	1376.1321176016354	1	0	tensor(3, device='cuda:0')	1.8681330096917235
75200.0	2000.0	1176.132117601627	0.0	0	470.33952752618643	1376.1321176016354	1	0	tensor(3, device='cuda:0')	1.8681330096917235
76200.0	2000.0	1176.1321176016197	0.0	0	435.4365097711707	1376.1321176016354	1	0	tensor(3, device='cuda:0')	1.8681330096917235
77979.69087356748	6000.0	396.4412440341563	0.0	0	0.0	1376.1321176016354	1	0	tensor(3, device='cuda:0')	1.8681330096917235
78633.51220910987	2000.0	742.6199084917591	0.0	0	0.0	1376.1321176016354	1	0	tensor(3, device='cuda:0')	0.7695207210236138
79200.0	2000.0	1176.1321176016343	0.0	0	6.751635583408643	1376.1321176016208	1	0	tensor(3, device='cuda:0')	1.868133009691724
80527.6187945959	2000.0	848.5133230057329	0.0	0	0.0	1376.1321176016208	1	0	tensor(3, device='cuda:0')	1.868133009691724
81511.19169723518	2000.0	864.9404203664353	0.0	0	0.0	1376.1321176016208	1	0	tensor(3, device='cuda:0')	1.868133009691724
82350.91039683827	2000.0	1025.2217207633353	0.0	0	0.0	1376.1321176016208	1	0	tensor(3, device='cuda:0')	1.868133009691724
83309.84406130192	2000.0	1066.2880562996966	0.0	0	0.0	1376.1321176016208	1	0	tensor(3, device='cuda:0')	1.868133009691724
84213.3527991151	2000.0	1162.7793184864993	0.0	0	0.0	1376.1321176016208	1	0	tensor(3, device='cuda:0')	1.868133009691724
85200.0	2000.0	1176.1321176015908	0.0	0	253.87321124601294	1376.1321176016354	1	0	tensor(3, device='cuda:0')	1.8681330096917235
86200.0	2000.0	1176.1321176015945	0.0	0	468.23552313729306	1376.13211760165	1	0	tensor(3, device='cuda:0')	1.8681330096917228
87200.0	2000.0	1176.1321176016027	0.0	0	383.63847779699427	1376.1321176016354	1	0	tensor(3, device='cuda:0')	1.8681330096917235
88822.70304253217	6000.0	553.4290750694188	0.0	0	0.0	1376.1321176016354	1	0	tensor(3, device='cuda:0')	1.8681330096917235
89465.92460963065	2000.0	910.2075079709491	0.0	0	0.0	1376.1321176016354	1	0	tensor(3, device='cuda:0')	0.7695207210236138
90200.0	2000.0	1176.132117601584	0.0	0	161.31276951459586	1376.1321176016354	1	0	tensor(3, device='cuda:0')	1.8681330096917235
91200.0	2000.0	1176.1321176015995	0.0	0	315.25698434705555	1376.13211760165	1	0	tensor(3, device='cuda:0')	1.8681330096917228
92200.0	2000.0	1176.1321176015922	0.0	0	101.6282422535005	1376.1321176016354	1	0	tensor(3, device='cuda:0')	1.8681330096917235
93538.47692394834	2000.0	837.6551936532466	0.0	0	0.0	1376.1321176016208	1	0	tensor(3, device='cuda:0')	1.868133009691724
94775.52965609761	2000.0	600.6024615039714	0.0	0	0.0	1376.1321176016063	1	0	tensor(3, device='cuda:0')	1.8681330096917246
95866.94927481661	2000.0	509.18284278498635	0.0	0	0.0	1376.1321176016063	1	0	tensor(3, device='cuda:0')	1.8681330096917246
96315.44656066962	1000.0	1060.6855569319966	0.0	0	0.0	1376.1321176016208	1	0	tensor(3, device='cuda:0')	0.48183864857183356
97200.0	2000.0	1176.1321176016133	0.0	0	64.2785620073264	1376.1321176016208	1	0	tensor(3, device='cuda:0')	1.1749858291317787
98200.0	2000.0	1176.1321176016181	0.0	0	291.71863846950873	1376.1321176016208	1	0	tensor(3, device='cuda:0')	1.868133009691724
99200.0	2000.0	1176.13211760163	0.0	0	357.0153480163717	1376.1321176016208	1	0	tensor(3, device='cuda:0')	1.868133009691724
100200.0	2000.0	1176.1321176016497	0.0	0	423.0635892988794	1376.1321176016354	1	0	tensor(3, device='cuda:0')	1.8681330096917235
101200.0	2000.0	1176.1321176016354	0.0	0	77.2792993687035	1376.1321176016354	1	0	tensor(3, device='cuda:0')	1.8681330096917235
102200.0	2000.0	1176.1321176016327	0.0	0	353.0639313510037	1376.1321176016208	1	0	tensor(3, device='cuda:0')	1.868133009691724
103207.581079857	2000.0	1168.5510377446296	0.0	0	0.0	1376.1321176016208	1	0	tensor(3, device='cuda:0')	1.868133009691724
104424.14512595627	2000.0	951.986991645371	0.0	0	0.0	1376.1321176016208	1	0	tensor(3, device='cuda:0')	1.868133009691724
105528.20868528906	2000.0	847.9234323126016	0.0	0	0.0	1376.1321176016354	1	0	tensor(3, device='cuda:0')	1.8681330096917235
106217.95559678512	2000.0	1158.176520816543	0.0	0	0.0	1376.1321176016208	1	0	tensor(3, device='cuda:0')	1.868133009691724
107200.0	2000.0	1176.1321176016763	0.0	0	443.28548189776484	1376.1321176016354	1	0	tensor(3, device='cuda:0')	1.8681330096917235
108200.0	2000.0	1176.1321176016957	0.0	0	16.699599259431125	1376.1321176016354	1	0	tensor(3, device='cuda:0')	1.8681330096917235
109228.37673568737	2000.0	1147.7553819143122	0.0	0	0.0	1376.1321176016354	1	0	tensor(3, device='cuda:0')	1.8681330096917235
110313.67390785368	2000.0	1062.4582097480002	0.0	0	0.0	1376.1321176016354	1	0	tensor(3, device='cuda:0')	1.8681330096917235
111648.07863327858	2000.0	728.0534843230907	0.0	0	0.0	1376.1321176016354	1	0	tensor(3, device='cuda:0')	1.8681330096917235
112344.31038740961	2000.0	1031.8217301920467	0.0	0	0.0	1376.1321176016208	1	0	tensor(3, device='cuda:0')	1.868133009691724
113200.0	2000.0	1176.132117601654	0.0	0	31.177450160466833	1376.1321176016208	1	0	tensor(3, device='cuda:0')	1.868133009691724
114275.77367424205	2000.0	1100.3584433595984	0.0	0	0.0	1376.1321176016208	1	0	tensor(3, device='cuda:0')	1.868133009691724
115200.0	2000.0	1176.1321176016572	0.0	0	226.25610047299415	1376.1321176016208	1	0	tensor(3, device='cuda:0')	1.868133009691724
116200.0	2000.0	1176.132117601659	0.0	0	198.18282278635888	1376.1321176016208	1	0	tensor(3, device='cuda:0')	1.868133009691724
117200.0	2000.0	1176.132117601655	0.0	0	480.08917474652117	1376.1321176016063	1	0	tensor(3, device='cuda:0')	1.8681330096917246
118200.0	2000.0	1176.1321176016504	0.0	0	401.76231783600815	1376.1321176016063	1	0	tensor(3, device='cuda:0')	1.8681330096917246
119200.0	2000.0	1176.1321176016554	0.0	0	477.32674946916813	1376.1321176016063	1	0	tensor(3, device='cuda:0')	1.8681330096917246
120200.0	2000.0	1176.132117601651	0.0	0	354.66641392993915	1376.1321176016208	1	0	tensor(3, device='cuda:0')	1.868133009691724
121200.0	2000.0	1176.1321176016547	0.0	0	35.64965444213885	1376.1321176016354	1	0	tensor(3, device='cuda:0')	1.8681330096917235
122200.0	2000.0	1176.132117601644	0.0	0	386.54755619485513	1376.1321176016354	1	0	tensor(3, device='cuda:0')	1.8681330096917235
123200.0	2000.0	1176.1321176016443	0.0	0	548.1159664262523	1376.13211760165	1	0	tensor(3, device='cuda:0')	1.8681330096917228
124200.0	2000.0	1176.1321176016436	0.0	0	391.86553544209164	1376.13211760165	1	0	tensor(3, device='cuda:0')	1.8681330096917228
125200.0	2000.0	1176.1321176016377	0.0	0	334.80733966760454	1376.13211760165	1	0	tensor(3, device='cuda:0')	1.8681330096917228
126200.0	2000.0	1176.132117601631	0.0	0	457.09087884829205	1376.1321176016354	1	0	tensor(3, device='cuda:0')	1.8681330096917235
127368.51636764525	6000.0	1007.6157499563654	0.0	0	0.0	1376.1321176016208	1	0	tensor(3, device='cuda:0')	1.8681330096917241
128200.0	3000.0	1092.9837543661247	0.0	0	192.1972020608082	1292.9837543661415	1	0	tensor(4, device='cuda:0')	1.216160249051956
129200.0	2000.0	1092.9837543661124	0.0	0	307.11030597402714	1292.9837543661415	1	0	tensor(3, device='cuda:0')	1.265741991262112
130200.0	2000.0	1092.9837543660965	0.0	0	197.18581157684093	1292.9837543661415	1	0	tensor(3, device='cuda:0')	1.8712070993702767
131200.0	2000.0	1092.9837543660803	0.0	0	112.15979006937414	1292.983754366127	1	0	tensor(3, device='cuda:0')	1.871207099370277
132439.9757917789	2000.0	853.0079625871679	0.0	0	0.0	1292.9837543661124	1	0	tensor(3, device='cuda:0')	1.8712070993702776
133235.1711792642	2000.0	1057.8125751018656	0.0	0	0.0	1292.9837543661415	1	0	tensor(3, device='cuda:0')	1.8712070993702767
134200.0	2000.0	1092.983754366065	0.0	0	204.46486276871292	1292.9837543661124	1	0	tensor(3, device='cuda:0')	1.8712070993702776
135200.0	2000.0	1092.9837543660476	0.0	0	236.8768456846592	1292.9837543661124	1	0	tensor(3, device='cuda:0')	1.8712070993702776
136200.0	2000.0	1092.9837543660292	0.0	0	162.6531275048619	1292.9837543661124	1	0	tensor(3, device='cuda:0')	1.8712070993702776
137200.0	2000.0	1092.9837543660356	0.0	0	310.49937765471986	1292.9837543661124	1	0	tensor(3, device='cuda:0')	1.8712070993702776
138200.0	2000.0	1092.9837543659808	0.0	0	201.01010429128655	1292.9837543661124	1	0	tensor(3, device='cuda:0')	1.8712070993702776
139200.0	2000.0	1092.9837543659992	0.0	0	17.141693279176252	1292.9837543661124	1	0	tensor(3, device='cuda:0')	1.8712070993702776
140492.42435848073	2000.0	800.5593958852855	0.0	0	0.0	1292.9837543661124	1	0	tensor(3, device='cuda:0')	1.8712070993702776
141449.63256090975	2000.0	843.3511934562587	0.0	0	0.0	1292.9837543661415	1	0	tensor(3, device='cuda:0')	1.8712070993702767
142459.47987829725	2000.0	833.5038760687361	0.0	0	0.0	1292.9837543661124	1	0	tensor(3, device='cuda:0')	1.8712070993702776
143200.0	1000.0	1092.983754365965	0.0	0	141.01099428127054	1292.9837543661124	1	0	tensor(3, device='cuda:0')	0.4849127382503874
144553.92439490466	2000.0	739.0593594613099	0.0	0	0.0	1292.9837543661124	1	0	tensor(3, device='cuda:0')	1.1780599188103325
145200.0	1000.0	1092.983754365975	0.0	0	30.752977821568493	1292.9837543661124	1	0	tensor(3, device='cuda:0')	0.4849127382503874
146200.0	1000.0	1092.98375436597	0.0	0	398.88969504780835	1292.9837543661124	1	0	tensor(3, device='cuda:0')	1.1780599188103327
147200.0	1000.0	1092.9837543659846	0.0	0	588.4005594459304	1292.9837543661124	1	0	tensor(3, device='cuda:0')	1.1780599188103327
148243.1153536576	2000.0	1049.8684007083666	0.0	0	0.0	1292.9837543661124	1	0	tensor(3, device='cuda:0')	1.1780599188103325
149529.61451179849	2000.0	763.3692425674791	0.0	0	0.0	1292.9837543661124	1	0	tensor(3, device='cuda:0')	1.8712070993702776
150563.41173011088	2000.0	729.572024255086	0.0	0	0.0	1292.9837543661124	1	0	tensor(3, device='cuda:0')	1.8712070993702776
151337.13788537722	2000.0	955.8458689887408	0.0	0	0.0	1292.9837543661124	1	0	tensor(3, device='cuda:0')	1.8712070993702776
152200.0	2000.0	1092.9837543659908	0.0	0	287.04512868562597	1292.9837543661415	1	0	tensor(3, device='cuda:0')	1.8712070993702767
153200.0	2000.0	1092.9837543660171	0.0	0	572.3449779218645	1292.9837543661706	1	0	tensor(3, device='cuda:0')	1.8712070993702756
154200.0	2000.0	1092.9837543660306	0.0	0	447.22442409428186	1292.9837543661415	1	0	tensor(3, device='cuda:0')	1.8712070993702767
155200.0	2000.0	1092.9837543660321	0.0	0	241.6274106290366	1292.9837543661415	1	0	tensor(3, device='cuda:0')	1.8712070993702767
156200.0	2000.0	1092.9837543660487	0.0	0	388.521887803392	1292.9837543661415	1	0	tensor(3, device='cuda:0')	1.8712070993702767
157200.0	2000.0	1092.9837543660328	0.0	0	385.2882030803594	1292.9837543661415	1	0	tensor(3, device='cuda:0')	1.8712070993702767
158200.0	2000.0	1092.983754366021	0.0	0	578.4105758685619	1292.9837543661415	1	0	tensor(3, device='cuda:0')	1.8712070993702767
159200.0	2000.0	1092.9837543660253	0.0	0	158.99924724845914	1292.9837543661415	1	0	tensor(3, device='cuda:0')	1.8712070993702767
160200.0	2000.0	1092.983754366049	0.0	0	247.09089805852273	1292.9837543661415	1	0	tensor(3, device='cuda:0')	1.8712070993702767
161200.0	2000.0	1092.983754366061	0.0	0	532.2947931844101	1292.9837543661415	1	0	tensor(3, device='cuda:0')	1.8712070993702767
162200.0	2000.0	1092.9837543660628	0.0	0	457.4379958981299	1292.9837543661415	1	0	tensor(3, device='cuda:0')	1.8712070993702767
163200.0	2000.0	1092.9837543660597	0.0	0	464.8833444151387	1292.9837543661415	1	0	tensor(3, device='cuda:0')	1.8712070993702767
164200.0	2000.0	1092.9837543660306	0.0	0	399.24339081405196	1292.9837543661124	1	0	tensor(3, device='cuda:0')	1.8712070993702776
165200.0	2000.0	1092.9837543660183	0.0	0	300.5128069150087	1292.9837543661124	1	0	tensor(3, device='cuda:0')	1.8712070993702776
166200.0	2000.0	1092.9837543660278	0.0	0	379.44680600523134	1292.9837543661124	1	0	tensor(3, device='cuda:0')	1.8712070993702776
167200.0	2000.0	1092.9837543660312	0.0	0	580.9189873646537	1292.9837543661124	1	0	tensor(3, device='cuda:0')	1.8712070993702776
168200.0	2000.0	1092.983754366063	0.0	0	532.044747265114	1292.9837543661124	1	0	tensor(3, device='cuda:0')	1.8712070993702776
169200.0	2000.0	1092.9837543660908	0.0	0	503.69451353661134	1292.9837543661124	1	0	tensor(3, device='cuda:0')	1.8712070993702776
170204.20928090438	6000.0	1088.7744734617118	0.0	0	0.0	1292.9837543661124	1	0	tensor(3, device='cuda:0')	1.8712070993702776
171200.0	3000.0	993.4046824565744	0.0	0	173.1197248841927	1193.404682456574	1	0	tensor(4, device='cuda:0')	1.1865656001935414
172200.0	2000.0	993.4046824566176	0.0	0	314.52094521708204	1193.404682456574	1	0	tensor(3, device='cuda:0')	1.269107974717502
173200.0	2000.0	993.4046824566212	0.0	0	622.4592227132525	1193.404682456574	1	0	tensor(3, device='cuda:0')	1.8745730828256668
174200.0	2000.0	993.404682456608	0.0	0	516.9997010942316	1193.404682456574	1	0	tensor(3, device='cuda:0')	1.8745730828256668
175200.0	2000.0	993.4046824565762	0.0	0	569.462457654241	1193.404682456574	1	0	tensor(3, device='cuda:0')	1.8745730828256668
176200.0	2000.0	993.4046824565778	0.0	0	305.2198129921744	1193.404682456574	1	0	tensor(3, device='cuda:0')	1.8745730828256668
177200.0	2000.0	993.4046824565953	0.0	0	397.2962554206606	1193.404682456603	1	0	tensor(3, device='cuda:0')	1.874573082825666
178200.0	2000.0	993.4046824566458	0.0	0	352.17508572287625	1193.404682456603	1	0	tensor(3, device='cuda:0')	1.874573082825666
179200.0	2000.0	993.4046824566133	0.0	0	258.3123033923039	1193.404682456603	1	0	tensor(3, device='cuda:0')	1.874573082825666
180200.0	2000.0	993.4046824565767	0.0	0	196.5027862851275	1193.404682456603	1	0	tensor(3, device='cuda:0')	1.874573082825666
181200.0	2000.0	993.404682456573	0.0	0	160.74138260807376	1193.404682456603	1	0	tensor(3, device='cuda:0')	1.874573082825666
182292.25607507888	2000.0	901.1486073776682	0.0	0	0.0	1193.404682456603	1	0	tensor(3, device='cuda:0')	1.874573082825666
183200.0	2000.0	993.4046824565553	0.0	0	320.94658768057707	1193.404682456603	1	0	tensor(3, device='cuda:0')	1.874573082825666
184200.0	2000.0	993.4046824565567	0.0	0	356.931967108103	1193.4046824566321	1	0	tensor(3, device='cuda:0')	1.8745730828256653
185200.0	2000.0	993.404682456553	0.0	0	449.87232636485714	1193.4046824566321	1	0	tensor(3, device='cuda:0')	1.8745730828256653
186200.0	2000.0	993.4046824565607	0.0	0	640.0648174853413	1193.4046824566321	1	0	tensor(3, device='cuda:0')	1.8745730828256653
187200.0	2000.0	993.4046824565733	0.0	0	556.7523857087072	1193.4046824566612	1	0	tensor(3, device='cuda:0')	1.874573082825664
189460.4534791615	6000.0	200.0	467.04879670491766	0	0.0	1660.453479161486	1	0	tensor(3, device='cuda:0')	-0.9343699660118494
189949.0940139203	2000.0	755.5464132602561	44.18694801905488	0	0.0	1704.6404271805368	1	0	tensor(3, device='cuda:0')	0.4894831173861406
190766.8451643166	3000.0	856.0201478243264	0.0	0	0.0	1622.8653121409297	1	0	tensor(4, device='cuda:0')	1.4928426324536577
191395.44718857296	3000.0	1164.5579211423253	0.0	0	0.0	1560.0051097152755	1	0	tensor(4, device='cuda:0')	2.139343155511579
192385.16680001645	3000.0	1075.8663485544494	0.0	0	0.0	1461.0331485708884	1	0	tensor(4, device='cuda:0')	2.0712021987834577
193407.72108980766	3000.0	951.0566297841125	0.0	0	0.0	1358.7777195917733	1	0	tensor(4, device='cuda:0')	2.0687749769277155
194200.0	3000.0	1079.5498285724968	0.0	0	132.15565089182928	1279.549828572519	1	0	tensor(4, device='cuda:0')	2.117767098601728
195200.0	2000.0	1079.549828572509	0.0	0	352.32040091822273	1279.549828572519	1	0	tensor(3, device='cuda:0')	1.2662155350541862
196200.0	2000.0	1079.5498285724752	0.0	0	461.51042831497034	1279.549828572519	1	0	tensor(3, device='cuda:0')	1.871680643162351
197200.0	2000.0	1079.5498285724805	0.0	0	365.491233067296	1279.549828572519	1	0	tensor(3, device='cuda:0')	1.871680643162351
198200.0	2000.0	1079.549828572491	0.0	0	217.3022300550656	1279.549828572519	1	0	tensor(3, device='cuda:0')	1.871680643162351
199200.0	2000.0	1079.5498285724943	0.0	0	141.2119929731416	1279.549828572519	1	0	tensor(3, device='cuda:0')	1.871680643162351
200200.0	2000.0	1079.5498285724989	0.0	0	221.58599676084123	1279.549828572519	1	0	tensor(3, device='cuda:0')	1.871680643162351
201200.0	2000.0	1079.5498285725043	0.0	0	167.93533133386518	1279.549828572519	1	0	tensor(3, device='cuda:0')	1.871680643162351
202200.0	2000.0	1079.5498285725248	0.0	0	172.15137788976426	1279.549828572548	1	0	tensor(3, device='cuda:0')	1.8716806431623498
203200.0	2000.0	1079.5498285725052	0.0	0	259.55616742846905	1279.549828572548	1	0	tensor(3, device='cuda:0')	1.8716806431623498
204200.0	2000.0	1079.5498285725107	0.0	0	318.10415272868704	1279.549828572519	1	0	tensor(3, device='cuda:0')	1.871680643162351
205200.0	2000.0	1079.5498285725266	0.0	0	29.381106323970016	1279.549828572519	1	0	tensor(3, device='cuda:0')	1.871680643162351
206434.7045705806	2000.0	844.8452579919162	0.0	0	0.0	1279.549828572519	1	0	tensor(3, device='cuda:0')	1.871680643162351
207649.89783003574	2000.0	629.6519985367555	0.0	0	0.0	1279.549828572519	1	0	tensor(3, device='cuda:0')	1.871680643162351
208227.0738172806	1000.0	1052.4760112919112	0.0	0	0.0	1279.549828572519	1	0	tensor(3, device='cuda:0')	0.4853862820424606
209200.0	1000.0	1079.5498285724943	0.0	0	521.6577103145828	1279.549828572548	1	0	tensor(3, device='cuda:0')	1.1785334626024049
210200.0	2000.0	1079.5498285724752	0.0	0	167.94681583115016	1279.549828572548	1	0	tensor(3, device='cuda:0')	1.1785334626024047
211200.0	2000.0	1079.5498285724898	0.0	0	452.62565827491926	1279.549828572548	1	0	tensor(3, device='cuda:0')	1.8716806431623498
212200.0	2000.0	1079.5498285724732	0.0	0	291.7751754952478	1279.549828572548	1	0	tensor(3, device='cuda:0')	1.8716806431623498
213200.0	2000.0	1079.5498285724295	0.0	0	454.5202697123168	1279.549828572548	1	0	tensor(3, device='cuda:0')	1.8716806431623498
214200.0	2000.0	1079.5498285724188	0.0	0	523.0831038844772	1279.549828572548	1	0	tensor(3, device='cuda:0')	1.8716806431623498
215200.0	2000.0	1079.549828572416	0.0	0	427.67529076879146	1279.549828572548	1	0	tensor(3, device='cuda:0')	1.8716806431623498
216200.0	2000.0	1079.5498285724148	0.0	0	110.44288620990119	1279.549828572548	1	0	tensor(3, device='cuda:0')	1.8716806431623498
217200.0	2000.0	1079.549828572392	0.0	0	73.30784777761437	1279.549828572548	1	0	tensor(3, device='cuda:0')	1.8716806431623498
218200.0	2000.0	1079.5498285724298	0.0	0	394.8097025422321	1279.549828572548	1	0	tensor(3, device='cuda:0')	1.8716806431623498
219200.0	2000.0	1079.5498285724377	0.0	0	3.3969982658163644	1279.549828572548	1	0	tensor(3, device='cuda:0')	1.8716806431623498
220281.44771937313	2000.0	998.1021091993231	0.0	0	0.0	1279.549828572577	1	0	tensor(3, device='cuda:0')	1.871680643162349
221600.8036147218	2000.0	678.746213850653	0.0	0	0.0	1279.549828572577	1	0	tensor(3, device='cuda:0')	1.871680643162349
222757.48112764087	2000.0	522.0687009315665	0.0	0	0.0	1279.549828572577	1	0	tensor(3, device='cuda:0')	1.871680643162349
223446.1351699911	2000.0	833.4146585813289	0.0	0	0.0	1279.549828572577	1	0	tensor(3, device='cuda:0')	1.871680643162349
224200.0	2000.0	1079.5498285723907	0.0	0	48.257926003076136	1279.549828572577	1	0	tensor(3, device='cuda:0')	1.871680643162349
225200.56689736442	2000.0	1078.9829312079878	0.0	0	0.0	1279.549828572548	1	0	tensor(3, device='cuda:0')	1.8716806431623498
226200.0	2000.0	1079.5498285724339	0.0	0	221.07481085852487	1279.549828572548	1	0	tensor(3, device='cuda:0')	1.8716806431623498
227200.0	2000.0	1079.549828572432	0.0	0	340.5533477369172	1279.549828572548	1	0	tensor(3, device='cuda:0')	1.8716806431623498
228200.0	2000.0	1079.5498285724561	0.0	0	447.2159456834488	1279.549828572577	1	0	tensor(3, device='cuda:0')	1.871680643162349
229200.0	2000.0	1079.549828572446	0.0	0	422.7211705055379	1279.549828572577	1	0	tensor(3, device='cuda:0')	1.871680643162349
230200.0	2000.0	1079.5498285724607	0.0	0	302.9142378017423	1279.549828572577	1	0	tensor(3, device='cuda:0')	1.871680643162349
231200.0	2000.0	1079.5498285724477	0.0	0	560.9728266888997	1279.549828572577	1	0	tensor(3, device='cuda:0')	1.871680643162349
232200.0	2000.0	1079.5498285724454	0.0	0	615.3736198340775	1279.549828572577	1	0	tensor(3, device='cuda:0')	1.871680643162349
233200.0	2000.0	1079.5498285724689	0.0	0	661.0250081059348	1279.549828572577	1	0	tensor(3, device='cuda:0')	1.871680643162349
234275.81412297252	6000.0	1003.7357055999496	0.0	0	0.0	1279.549828572577	1	0	tensor(3, device='cuda:0')	1.8716806431623487
235756.4878364693	6000.0	523.061992103153	0.0	0	0.0	1279.549828572577	1	0	tensor(3, device='cuda:0')	2.9702929318304583
236516.39199622665	2000.0	763.157832345804	0.0	0	0.0	1279.549828572577	1	0	tensor(3, device='cuda:0')	0.7730683544942393
237200.0	3000.0	1011.1890281951152	0.0	0	32.794037539628334	1211.1890281952801	1	0	tensor(4, device='cuda:0')	1.5366137311058703
238200.0	3000.0	911.189028195137	0.0	0	78.99993947401526	1111.1890281952801	1	0	tensor(4, device='cuda:0')	2.081634236028752
239227.06813445367	2000.0	884.1208937414501	0.0	0	0.0	1111.1890281952801	1	0	tensor(3, device='cuda:0')	1.2716490161259464
240392.48602764553	2000.0	718.7030005496038	0.0	0	0.0	1111.1890281952801	1	0	tensor(3, device='cuda:0')	1.8771141242341112
241200.0	2000.0	911.1890281951435	0.0	0	118.52136793680256	1111.1890281952801	1	0	tensor(3, device='cuda:0')	1.8771141242341112
242200.0	2000.0	911.1890281951571	0.0	0	315.2541104433185	1111.1890281953092	1	0	tensor(3, device='cuda:0')	1.8771141242341103
243200.0	2000.0	911.1890281951851	0.0	0	289.65351212240057	1111.1890281953092	1	0	tensor(3, device='cuda:0')	1.8771141242341103
244200.0	2000.0	911.1890281952235	0.0	0	479.1361307754705	1111.1890281953092	1	0	tensor(3, device='cuda:0')	1.8771141242341103
245200.0	2000.0	911.1890281952064	0.0	0	581.0832191867812	1111.1890281953092	1	0	tensor(3, device='cuda:0')	1.8771141242341103
246200.0	2000.0	911.1890281952251	0.0	0	431.17448662867537	1111.1890281953092	1	0	tensor(3, device='cuda:0')	1.8771141242341103
247200.0	2000.0	911.1890281952492	0.0	0	400.4945952532871	1111.1890281953383	1	0	tensor(3, device='cuda:0')	1.8771141242341094
248200.0	2000.0	911.1890281952714	0.0	0	336.05781098414445	1111.1890281953092	1	0	tensor(3, device='cuda:0')	1.8771141242341103
249200.0	2000.0	911.1890281952562	0.0	0	1.763136025518179	1111.1890281953092	1	0	tensor(3, device='cuda:0')	1.8771141242341103
250266.84571969823	2000.0	844.3433084970092	0.0	0	0.0	1111.1890281953383	1	0	tensor(3, device='cuda:0')	1.8771141242341094
251202.89788846002	2000.0	908.2911397351924	0.0	0	0.0	1111.1890281953383	1	0	tensor(3, device='cuda:0')	1.8771141242341094
252200.0	2000.0	911.1890281951946	0.0	0	257.89591743497294	1111.1890281953674	1	0	tensor(3, device='cuda:0')	1.8771141242341085
253200.0	2000.0	911.1890281951864	0.0	0	446.3816246360075	1111.1890281953674	1	0	tensor(3, device='cuda:0')	1.8771141242341085
254200.0	2000.0	911.1890281951567	0.0	0	292.70594440065906	1111.1890281953383	1	0	tensor(3, device='cuda:0')	1.8771141242341094
255200.0	2000.0	911.1890281951516	0.0	0	524.9269258799613	1111.1890281953383	1	0	tensor(3, device='cuda:0')	1.8771141242341094
256200.0	2000.0	911.1890281951219	0.0	0	715.4256778858835	1111.1890281953383	1	0	tensor(3, device='cuda:0')	1.8771141242341094
257200.0	2000.0	911.1890281951539	0.0	0	565.7383126317	1111.1890281953674	1	0	tensor(3, device='cuda:0')	1.8771141242341085
258489.08114672083	6000.0	622.1078814743228	0.0	0	0.0	1111.1890281953965	1	0	tensor(3, device='cuda:0')	1.8771141242341076
259200.0	2000.0	911.1890281951744	0.0	0	263.814298329904	1111.1890281953674	1	0	tensor(3, device='cuda:0')	0.778501835565999
260200.0	2000.0	911.1890281951651	0.0	0	83.21549154707463	1111.1890281953674	1	0	tensor(3, device='cuda:0')	1.8771141242341085
261200.0	2000.0	911.1890281951514	0.0	0	418.55768668084056	1111.1890281953383	1	0	tensor(3, device='cuda:0')	1.8771141242341094
262200.0	2000.0	911.1890281951685	0.0	0	539.635296216642	1111.1890281953383	1	0	tensor(3, device='cuda:0')	1.8771141242341094
263200.0	2000.0	911.1890281951698	0.0	0	527.3744483947521	1111.1890281953383	1	0	tensor(3, device='cuda:0')	1.8771141242341087
264200.0	2000.0	911.1890281952411	0.0	0	220.6728302173433	1111.1890281953965	1	0	tensor(3, device='cuda:0')	1.8771141242341076
265200.0	2000.0	911.1890281951881	0.0	0	250.60163940640632	1111.1890281954547	1	0	tensor(3, device='cuda:0')	1.8771141242341058
266200.0	2000.0	911.1890281952283	0.0	0	402.5302682534675	1111.1890281954547	1	0	tensor(3, device='cuda:0')	1.8771141242341058
267274.76002312487	2000.0	836.4290050703944	0.0	0	0.0	1111.1890281954547	1	0	tensor(3, device='cuda:0')	1.8771141242341058
268245.3214559677	2000.0	865.867572227478	0.0	0	0.0	1111.1890281954547	1	0	tensor(3, device='cuda:0')	1.8771141242341058
269298.5658846299	2000.0	812.6231435653508	0.0	0	0.0	1111.1890281954547	1	0	tensor(3, device='cuda:0')	1.8771141242341058
270246.5700108012	2000.0	864.6190173940007	0.0	0	0.0	1111.1890281954547	1	0	tensor(3, device='cuda:0')	1.8771141242341058
271200.0	2000.0	911.1890281952255	0.0	0	115.98324905603658	1111.1890281954547	1	0	tensor(3, device='cuda:0')	1.8771141242341058
272200.0	2000.0	911.1890281952553	0.0	0	176.5315380791435	1111.1890281954547	1	0	tensor(3, device='cuda:0')	1.8771141242341058
273200.0	2000.0	911.1890281953496	0.0	0	212.60662520787446	1111.1890281954547	1	0	tensor(3, device='cuda:0')	1.8771141242341058
274446.8954240696	2000.0	664.2936041256824	0.0	0	0.0	1111.1890281954547	1	0	tensor(3, device='cuda:0')	1.8771141242341058
275977.21515445143	2000.0	200.0	66.02612625616914	0	0.0	1177.2151544516091	1	0	tensor(3, device='cuda:0')	1.480135928447879
276518.7471868876	1000.0	771.8147170974341	113.3467495336294	0	0.0	1290.561903985159	1	0	tensor(3, device='cuda:0')	-0.19508192677559075
277254.10144359455	2000.0	1036.4604603904472	0.0	0	0.0	1290.561903985159	1	0	tensor(3, device='cuda:0')	1.1781457509861308
278200.0	2000.0	1090.561903984972	0.0	0	186.53486078284914	1290.561903985159	1	0	tensor(3, device='cuda:0')	1.871292931546076
279200.0	2000.0	1090.5619039849475	0.0	0	563.7722343799542	1290.561903985159	1	0	tensor(3, device='cuda:0')	1.871292931546076
280200.0	2000.0	1090.5619039849482	0.0	0	515.8708579768427	1290.561903985159	1	0	tensor(3, device='cuda:0')	1.871292931546076
281200.0	2000.0	1090.5619039850403	0.0	0	458.1277845840086	1290.561903985159	1	0	tensor(3, device='cuda:0')	1.871292931546076
282200.0	2000.0	1090.5619039850528	0.0	0	58.89243513048859	1290.561903985159	1	0	tensor(3, device='cuda:0')	1.871292931546076
283217.64390769857	2000.0	1072.9179962864932	0.0	0	0.0	1290.561903985159	1	0	tensor(3, device='cuda:0')	1.871292931546076
284200.0	2000.0	1090.5619039851251	0.0	0	191.09334215841955	1290.561903985159	1	0	tensor(3, device='cuda:0')	1.871292931546076
285200.0	2000.0	1090.5619039851063	0.0	0	26.039839654637035	1290.561903985159	1	0	tensor(3, device='cuda:0')	1.871292931546076
286200.0	2000.0	1090.5619039851647	0.0	0	451.0459877185058	1290.561903985159	1	0	tensor(3, device='cuda:0')	1.871292931546076
287200.0	2000.0	1090.5619039852372	0.0	0	333.5119472631486	1290.561903985159	1	0	tensor(3, device='cuda:0')	1.871292931546076
288416.08657652355	2000.0	874.4753274617058	0.0	0	0.0	1290.561903985159	1	0	tensor(3, device='cuda:0')	1.871292931546076
289249.55788396386	2000.0	1041.0040200213775	0.0	0	0.0	1290.561903985159	1	0	tensor(3, device='cuda:0')	1.871292931546076
290200.0	2000.0	1090.5619039852654	0.0	0	220.0772483056062	1290.5619039851008	1	0	tensor(3, device='cuda:0')	1.8712929315460782
291615.69685996487	2000.0	674.8650440203991	0.0	0	0.0	1290.5619039851008	1	0	tensor(3, device='cuda:0')	1.8712929315460782
292575.4395236826	2000.0	715.1223803027192	0.0	0	0.0	1290.5619039851008	1	0	tensor(3, device='cuda:0')	1.8712929315460782
293207.70296885207	2000.0	1082.858935133229	0.0	0	0.0	1290.5619039851008	1	0	tensor(3, device='cuda:0')	1.8712929315460782
294274.8453046699	2000.0	1015.716599315333	0.0	0	0.0	1290.5619039851008	1	0	tensor(3, device='cuda:0')	1.8712929315460782
295200.0	2000.0	1090.5619039852045	0.0	0	174.25471833808115	1290.5619039851008	1	0	tensor(3, device='cuda:0')	1.8712929315460782
296200.0	2000.0	1090.5619039851772	0.0	0	44.68923768273089	1290.5619039851008	1	0	tensor(3, device='cuda:0')	1.8712929315460782
297200.0	2000.0	1090.5619039851827	0.0	0	286.73638097546063	1290.5619039851008	1	0	tensor(3, device='cuda:0')	1.8712929315460782
298200.0	2000.0	1090.5619039851206	0.0	0	590.2535468931892	1290.5619039851008	1	0	tensor(3, device='cuda:0')	1.8712929315460782
299200.0	2000.0	1090.5619039851108	0.0	0	503.61301305156667	1290.5619039851008	1	0	tensor(3, device='cuda:0')	1.8712929315460782
300200.0	2000.0	1090.5619039850862	0.0	0	616.7686763094971	1290.5619039851008	1	0	tensor(3, device='cuda:0')	1.8712929315460782
301841.12800485006	6000.0	449.4338991349914	0.0	0	0.0	1290.5619039851008	1	0	tensor(3, device='cuda:0')	1.8712929315460785
302617.8455482095	2000.0	672.9966066867653	0.28025091124032997	0	0.0	1290.8421548963524	1	0	tensor(3, device='cuda:0')	0.770989215552352
303301.4724596877	3000.0	921.0070040608088	0.0	0	0.0	1222.4794637485757	1	0	tensor(4, device='cuda:0')	1.5362924732806527
304200.0	3000.0	932.6267097173056	0.0	0	256.61095330026	1132.626709717384	1	0	tensor(4, device='cuda:0')	2.1011915525656937
305200.0	2000.0	932.626709717277	0.0	0	459.66349240764976	1132.6267097173259	1	0	tensor(3, device='cuda:0')	1.2710061345146784
306200.0	2000.0	932.6267097172565	0.0	0	458.20710091257934	1132.6267097173259	1	0	tensor(3, device='cuda:0')	1.8764712426228431
2.5	3.29	4.27	3.24	3.15	2.61	1.83	2.06	2.66	2.73	2.17	1.69	2.2	3.39	4.69	4.4	1.81	1.96	2.32	2.79	3.45	2.84	3.08	3.14	1.74	1.09	0.707	1.63	2.1	2.8	3.81	4.52	3.75	4.0	4.05	3.53	3.08	3.34	2.72	3.72	4.27	3.31	3.04	2.06	2.47	2.21	1.95	2.64	2.4	1.91	2.36	2.99	2.54	3.52	4.68	4.4	5.26	3.53	3.13	3.27	2.49	2.44	1.62	2.64	3.58	2.88	3.04	3.22	4.27	4.97	2.71	2.77	3.08	1.87	1.78	2.37	2.95	2.72	3.76	3.53	4.62	4.69	3.04	3.74	2.93	2.17	1.95	1.56	2.37	1.83	2.7	2.8	2.99	3.76	2.42	3.24	2.09	1.99	2.33	3.49	3.79	1.96	1.97	1.89	1.78	2.88	3.37	2.15	3.04	3.48	2.78	3.83	3.73	3.27	2.0	3.19	3.52	2.87	3.97	5.14	5.13	4.14	3.48	2.1	2.0	1.76	2.09	2.71	2.19	2.57	2.91	3.27	2.44	1.99	1.89	1.68	2.15	1.25	1.4	2.04	2.8	2.46	2.1	2.48	2.55	3.54	4.05	2.63	2.79	2.88	3.89	3.44	2.34	3.2	4.32	4.85	4.22	2.68	2.9	3.89	5.05	4.41	5.43	4.88	3.74	3.85	5.21	5.19	3.43	3.72	3.8	3.15	2.56	2.21	2.07	2.26	3.57	4.85	4.32	5.14	6.42	3.72	2.44	3.74	4.31	4.01	3.81	3.9	4.01	2.42	3.06	3.56	2.61	2.46	2.9	2.91	2.83	2.58	2.18	2.13	1.4	1.83	2.57	3.01	4.26	3.5	3.63	3.46	2.66	1.7	2.43	3.1	1.97	2.31	2.1	2.07	2.84	3.22	2.35	2.25	2.68	3.44	3.01	3.27	4.71	5.39	5.13	5.31	4.67	3.35	4.31	2.93	1.71	2.11	2.8	3.04	4.08	3.85	4.62	4.91	4.23	2.31	2.0	2.03	2.75	2.63	3.08	4.19	5.48	6.38	5.95	5.07	4.78	2.56	3.56	4.65	3.04	3.0	2.73	3.22	2.29	2.55	2.53	2.57	2.83	2.4	1.83	2.15	1.63	1.32	2.61	3.66	4.14	4.41	2.95	1.83	2.68	2.64	2.78	4.08	3.61	1.84	2.04	2.41	1.52	2.17	3.16	2.37	2.36	2.48	3.64	4.93	5.02	4.78	2.35	3.2	4.29	3.67	3.01	3.58	4.15
749.0	750.0	751.0	752.0	753.0	754.0	755.0	756.0	757.0	758.0	759.0	760.0	761.0	762.0	763.0	764.0	765.0	766.0	767.0	768.0	769.0	770.0	771.0	772.0	773.0	774.0	775.0	776.0	777.0	778.0	779.0	780.0	781.0	782.0	783.0	784.0	785.0	786.0	787.0	788.0	789.0	790.0	791.0	792.0	793.0	794.0	795.0	796.0	797.0	798.0	799.0	800.0	801.0	802.0	803.0	804.0	805.0	806.0	807.0	808.0	809.0	810.0	811.0	812.0	813.0	814.0	815.0	816.0	817.0	818.0	819.0	820.0	821.0	822.0	823.0	824.0	825.0	826.0	827.0	828.0	829.0	830.0	831.0	832.0	833.0	834.0	835.0	836.0	837.0	838.0	839.0	840.0	841.0	842.0	843.0	844.0	845.0	846.0	847.0	848.0	849.0	850.0	851.0	852.0	853.0	854.0	855.0	856.0	857.0	858.0	859.0	860.0	861.0	862.0	863.0	864.0	865.0	866.0	867.0	868.0	869.0	870.0	871.0	872.0	873.0	874.0	875.0	876.0	877.0	878.0	879.0	880.0	881.0	882.0	883.0	884.0	885.0	886.0	887.0	888.0	889.0	890.0	891.0	892.0	893.0	894.0	895.0	896.0	897.0	898.0	899.0	900.0	901.0	902.0	903.0	904.0	905.0	906.0	907.0	908.0	909.0	910.0	911.0	912.0	913.0	914.0	915.0	916.0	917.0	918.0	919.0	920.0	921.0	922.0	923.0	924.0	925.0	926.0	927.0	928.0	929.0	930.0	931.0	932.0	933.0	934.0	935.0	936.0	937.0	938.0	939.0	940.0	941.0	942.0	943.0	944.0	945.0	946.0	947.0	948.0	949.0	950.0	951.0	952.0	953.0	954.0	955.0	956.0	957.0	958.0	959.0	960.0	961.0	962.0	963.0	964.0	965.0	966.0	967.0	968.0	969.0	970.0	971.0	972.0	973.0	974.0	975.0	976.0	977.0	978.0	979.0	980.0	981.0	982.0	983.0	984.0	985.0	986.0	987.0	988.0	989.0	990.0	991.0	992.0	993.0	994.0	995.0	996.0	997.0	998.0	999.0	1000.0	1001.0	1002.0	1003.0	1004.0	1005.0	1006.0	1007.0	1008.0	1009.0	1010.0	1011.0	1012.0	1013.0	1014.0	1015.0	1016.0	1017.0	1018.0	1019.0	1020.0	1021.0	1022.0	1023.0	1024.0	1025.0	1026.0	1027.0	1028.0	1029.0	1030.0	1031.0	1032.0	1033.0	1034.0	1035.0	1036.0	1037.0	1038.0	1039.0	1040.0	1041.0	1042.0	1043.0	1044.0	1045.0	1046.0	1047.0	1048.0	1049.0
6249.0
