2200.0	2000.0	1869.2427415527254	840.3583393899165	0	130.75725844727458	2069.2427415527254	0	0	tensor(3, device='cuda:0')	-5.095517271906116
3200.0	2000.0	2240.4296371561186	371.1868956033934	0	278.4536742545206	2440.4296371561186	1	0	tensor(3, device='cuda:0')	-0.4307668027108118
4200.0	2000.0	2240.4296371561186	0.0	0	535.5374838625016	2440.429637156119	1	0	tensor(3, device='cuda:0')	1.7963545709095485
5200.0	2000.0	2240.429637156118	0.0	0	548.6772195284857	2440.429637156118	1	0	tensor(3, device='cuda:0')	1.7963545709095485
6200.0	2000.0	2240.429637156119	0.0	0	452.3420020561989	2440.429637156119	1	0	tensor(3, device='cuda:0')	1.7963545709095485
7200.0	2000.0	2240.4296371561195	0.0	0	361.72014625618067	2440.4296371561195	1	0	tensor(3, device='cuda:0')	1.7963545709095485
8200.0	2000.0	2240.429637156119	0.0	0	521.828995253536	2440.4296371561186	1	0	tensor(3, device='cuda:0')	1.7963545709095485
9200.0	2000.0	2240.4296371561195	0.0	0	293.08693002694235	2440.4296371561195	1	0	tensor(3, device='cuda:0')	1.7963545709095485
10200.0	2000.0	2240.429637156117	0.0	0	158.8631447256612	2440.4296371561186	1	0	tensor(3, device='cuda:0')	1.7963545709095485
11200.0	2000.0	2240.4296371561168	0.0	0	346.34265971479545	2440.4296371561177	1	0	tensor(3, device='cuda:0')	1.7963545709095485
12200.0	2000.0	2240.4296371561168	0.0	0	437.21582778228367	2440.4296371561195	1	0	tensor(3, device='cuda:0')	1.7963545709095485
13203.13272754205	2000.0	2237.296909614067	0.0	0	0.0	2440.4296371561195	1	0	tensor(3, device='cuda:0')	1.7963545709095485
14310.36640893272	2000.0	2130.0632282233964	0.0	0	0.0	2440.4296371561195	1	0	tensor(3, device='cuda:0')	1.7963545709095485
15231.057221652385	2000.0	2209.3724155037326	0.0	0	0.0	2440.4296371561195	1	0	tensor(3, device='cuda:0')	1.7963545709095485
16200.0	2000.0	2240.429637156117	0.0	0	311.09126715459206	2440.4296371561177	1	0	tensor(3, device='cuda:0')	1.7963545709095485
17200.0	2000.0	2240.4296371561163	0.0	0	78.22613269995418	2440.429637156116	1	0	tensor(3, device='cuda:0')	1.7963545709095488
18200.0	2000.0	2240.429637156115	0.0	0	120.16678650754693	2440.429637156114	1	0	tensor(3, device='cuda:0')	1.796354570909549
19200.0	2000.0	2240.4296371561145	0.0	0	49.57836974865859	2440.4296371561104	1	0	tensor(3, device='cuda:0')	1.7963545709095494
20200.0	2000.0	2240.4296371561145	0.0	0	9.914461320393457	2440.4296371561104	1	0	tensor(3, device='cuda:0')	1.7963545709095494
21200.0	2000.0	2240.4296371561145	0.0	0	436.62643420697714	2440.4296371561104	1	0	tensor(3, device='cuda:0')	1.7963545709095494
22200.0	2000.0	2240.429637156114	0.0	0	501.1116996648161	2440.429637156114	1	0	tensor(3, device='cuda:0')	1.796354570909549
23200.0	2000.0	2240.4296371561186	0.0	0	391.39638523857866	2440.4296371561104	1	0	tensor(3, device='cuda:0')	1.7963545709095494
24274.81360548518	2000.0	2165.61603167094	0.0	0	0.0	2440.4296371561104	1	0	tensor(3, device='cuda:0')	1.7963545709095494
25208.49942089057	2000.0	2231.9302162655476	0.0	0	0.0	2440.4296371561068	1	0	tensor(3, device='cuda:0')	1.7963545709095499
26200.0	2000.0	2240.4296371561168	0.0	0	367.872551665896	2440.4296371561068	1	0	tensor(3, device='cuda:0')	1.7963545709095499
27200.0	2000.0	2240.4296371561195	0.0	0	357.2667613711528	2440.4296371561068	1	0	tensor(3, device='cuda:0')	1.7963545709095499
28200.0	2000.0	2240.4296371561227	0.0	0	144.36662100567992	2440.4296371561068	1	0	tensor(3, device='cuda:0')	1.7963545709095499
29200.0	2000.0	2240.429637156126	0.0	0	192.92451871469893	2440.4296371561068	1	0	tensor(3, device='cuda:0')	1.7963545709095499
30200.0	2000.0	2240.429637156126	0.0	0	219.2816228258671	2440.4296371561104	1	0	tensor(3, device='cuda:0')	1.7963545709095494
31574.578270807007	2000.0	1865.8513663491158	0.0	0	0.0	2440.4296371561104	1	0	tensor(3, device='cuda:0')	1.7963545709095494
32568.575776313097	2000.0	1871.8538608430283	0.0	0	0.0	2440.4296371561104	1	0	tensor(3, device='cuda:0')	1.7963545709095494
33574.076624430156	2000.0	1866.3530127259708	0.0	0	0.0	2440.429637156114	1	0	tensor(3, device='cuda:0')	1.796354570909549
34330.440296799534	2000.0	2109.9893403565957	0.0	0	0.0	2440.4296371561177	1	0	tensor(3, device='cuda:0')	1.7963545709095488
35200.0	2000.0	2240.4296371561263	0.0	0	98.12376562679128	2440.4296371561104	1	0	tensor(3, device='cuda:0')	1.7963545709095492
36200.0	2000.0	2240.429637156131	0.0	0	358.3061274101201	2440.4296371561068	1	0	tensor(3, device='cuda:0')	1.7963545709095499
37200.0	2000.0	2240.4296371561313	0.0	0	274.1953647211558	2440.4296371561068	1	0	tensor(3, device='cuda:0')	1.7963545709095499
38200.0	2000.0	2240.4296371561236	0.0	0	302.9699237113382	2440.4296371560995	1	0	tensor(3, device='cuda:0')	1.7963545709095508
39200.0	2000.0	2240.429637156119	0.0	0	296.0120739785998	2440.4296371560995	1	0	tensor(3, device='cuda:0')	1.7963545709095508
40200.0	2000.0	2240.429637156113	0.0	0	115.02043412526837	2440.4296371560995	1	0	tensor(3, device='cuda:0')	1.7963545709095508
41200.0	2000.0	2240.429637156115	0.0	0	221.27039586620958	2440.4296371560995	1	0	tensor(3, device='cuda:0')	1.7963545709095508
42200.0	2000.0	2240.4296371561168	0.0	0	140.58556576079718	2440.4296371560995	1	0	tensor(3, device='cuda:0')	1.7963545709095508
43230.82091026193	2000.0	2209.6087268941815	0.0	0	0.0	2440.4296371560995	1	0	tensor(3, device='cuda:0')	1.7963545709095508
44200.0	2000.0	2240.429637156111	0.0	0	231.77900902699912	2440.4296371560995	1	0	tensor(3, device='cuda:0')	1.7963545709095508
45200.0	2000.0	2240.429637156112	0.0	0	310.20155816091574	2440.4296371560995	1	0	tensor(3, device='cuda:0')	1.7963545709095508
46200.0	2000.0	2240.4296371560995	0.0	0	91.9410470235307	2440.429637156092	1	0	tensor(3, device='cuda:0')	1.7963545709095512
47200.0	2000.0	2240.4296371560995	0.0	0	301.76540650535026	2440.429637156092	1	0	tensor(3, device='cuda:0')	1.7963545709095512
48200.0	2000.0	2240.429637156102	0.0	0	330.89572959017096	2440.429637156092	1	0	tensor(3, device='cuda:0')	1.7963545709095512
49200.0	2000.0	2240.429637156104	0.0	0	402.80158761742496	2440.429637156092	1	0	tensor(3, device='cuda:0')	1.7963545709095512
50200.0	2000.0	2240.429637156106	0.0	0	634.0693158558497	2440.429637156092	1	0	tensor(3, device='cuda:0')	1.7963545709095512
51200.0	2000.0	2240.429637156107	0.0	0	595.2415439988181	2440.429637156092	1	0	tensor(3, device='cuda:0')	1.7963545709095512
52200.0	2000.0	2240.429637156107	0.0	0	377.0513062340615	2440.4296371560995	1	0	tensor(3, device='cuda:0')	1.7963545709095508
53200.0	2000.0	2240.429637156109	0.0	0	517.4602929421599	2440.4296371560995	1	0	tensor(3, device='cuda:0')	1.7963545709095508
54200.0	2000.0	2240.429637156113	0.0	0	97.63194996656966	2440.4296371560995	1	0	tensor(3, device='cuda:0')	1.7963545709095508
55200.0	2000.0	2240.429637156121	0.0	0	504.44517143104895	2440.4296371561068	1	0	tensor(3, device='cuda:0')	1.7963545709095499
56200.0	2000.0	2240.4296371561127	0.0	0	333.92303666332737	2440.4296371561068	1	0	tensor(3, device='cuda:0')	1.7963545709095499
57200.0	2000.0	2240.429637156105	0.0	0	477.497221457641	2440.4296371561068	1	0	tensor(3, device='cuda:0')	1.7963545709095499
58200.0	2000.0	2240.4296371561004	0.0	0	363.91026725973643	2440.4296371560995	1	0	tensor(3, device='cuda:0')	1.7963545709095508
59200.0	2000.0	2240.429637156087	0.0	0	166.6326415845033	2440.4296371560995	1	0	tensor(3, device='cuda:0')	1.7963545709095508
60265.938695681674	2000.0	2174.4909414744116	0.0	0	0.0	2440.4296371560995	1	0	tensor(3, device='cuda:0')	1.7963545709095508
61200.0	2000.0	2240.429637156093	0.0	0	216.75569792344322	2440.4296371560995	1	0	tensor(3, device='cuda:0')	1.7963545709095508
62200.0	2000.0	2240.4296371560813	0.0	0	113.35892998094641	2440.4296371560995	1	0	tensor(3, device='cuda:0')	1.7963545709095508
63200.0	2000.0	2240.4296371560854	0.0	0	357.52809095562407	2440.4296371560995	1	0	tensor(3, device='cuda:0')	1.7963545709095508
64200.0	2000.0	2240.4296371560904	0.0	0	325.8278057366406	2440.4296371560995	1	0	tensor(3, device='cuda:0')	1.7963545709095508
65200.0	2000.0	2240.429637156092	0.0	0	304.7618119671388	2440.4296371560995	1	0	tensor(3, device='cuda:0')	1.7963545709095508
66236.80223994868	2000.0	2203.627397207412	0.0	0	0.0	2440.4296371561068	1	0	tensor(3, device='cuda:0')	1.7963545709095503
67200.0	2000.0	2240.429637156103	0.0	0	133.18166906724218	2440.4296371561213	1	0	tensor(3, device='cuda:0')	1.7963545709095494
68200.0	2000.0	2240.429637156102	0.0	0	218.26590305985883	2440.4296371561068	1	0	tensor(3, device='cuda:0')	1.7963545709095494
69200.0	2000.0	2240.4296371560954	0.0	0	296.2691455739259	2440.4296371561068	1	0	tensor(3, device='cuda:0')	1.7963545709095499
70200.0	2000.0	2240.4296371561045	0.0	0	551.9779478850833	2440.4296371561068	1	0	tensor(3, device='cuda:0')	1.7963545709095499
71200.0	2000.0	2240.4296371561118	0.0	0	637.812833525546	2440.4296371561068	1	0	tensor(3, device='cuda:0')	1.7963545709095499
72200.0	2000.0	2240.4296371561036	0.0	0	476.7940970142372	2440.4296371561068	1	0	tensor(3, device='cuda:0')	1.7963545709095499
73200.0	2000.0	2240.4296371560954	0.0	0	616.0548247342813	2440.4296371561068	1	0	tensor(3, device='cuda:0')	1.7963545709095499
74200.0	2000.0	2240.429637156096	0.0	0	654.2368526337668	2440.4296371561068	1	0	tensor(3, device='cuda:0')	1.7963545709095499
75200.0	2000.0	2240.429637156096	0.0	0	577.6918369031482	2440.4296371561068	1	0	tensor(3, device='cuda:0')	1.7963545709095499
76200.0	2000.0	2240.4296371560868	0.0	0	626.4959096789535	2440.4296371561068	1	0	tensor(3, device='cuda:0')	1.7963545709095499
77200.0	2000.0	2240.4296371560777	0.0	0	605.0380788456241	2440.4296371561068	1	0	tensor(3, device='cuda:0')	1.7963545709095499
78200.0	2000.0	2240.4296371560768	0.0	0	670.0821331086918	2440.4296371561068	1	0	tensor(3, device='cuda:0')	1.7963545709095499
79200.0	2000.0	2240.4296371560713	0.0	0	685.480097229316	2440.4296371561068	1	0	tensor(3, device='cuda:0')	1.7963545709095499
80200.0	2000.0	2240.42963715608	0.0	0	595.2019724873535	2440.4296371561068	1	0	tensor(3, device='cuda:0')	1.7963545709095499
81200.0	2000.0	2240.4296371560786	0.0	0	599.1407933108712	2440.4296371561068	1	0	tensor(3, device='cuda:0')	1.7963545709095499
82200.0	2000.0	2240.4296371560795	0.0	0	688.4349664817855	2440.4296371561068	1	0	tensor(3, device='cuda:0')	1.7963545709095499
83200.0	2000.0	2240.429637156079	0.0	0	744.8875525045441	2440.429637156092	1	0	tensor(3, device='cuda:0')	1.7963545709095512
84200.0	2000.0	2240.4296371560813	0.0	0	576.0300324041746	2440.429637156092	1	0	tensor(3, device='cuda:0')	1.7963545709095512
85200.0	2000.0	2240.429637156077	0.0	0	428.645320353462	2440.429637156092	1	0	tensor(3, device='cuda:0')	1.7963545709095512
86200.0	2000.0	2240.42963715609	0.0	0	526.5913380862621	2440.429637156092	1	0	tensor(3, device='cuda:0')	1.7963545709095512
87200.0	2000.0	2240.4296371560804	0.0	0	182.09059958074067	2440.429637156092	1	0	tensor(3, device='cuda:0')	1.7963545709095512
88200.0	2000.0	2240.4296371560963	0.0	0	426.6788368216512	2440.429637156092	1	0	tensor(3, device='cuda:0')	1.7963545709095512
89200.0	2000.0	2240.4296371561004	0.0	0	87.14980250556255	2440.429637156092	1	0	tensor(3, device='cuda:0')	1.7963545709095512
90200.0	2000.0	2240.429637156083	0.0	0	325.77999565945356	2440.429637156092	1	0	tensor(3, device='cuda:0')	1.7963545709095512
91483.18707273998	2000.0	1957.242564416098	0.0	0	0.0	2440.429637156092	1	0	tensor(3, device='cuda:0')	1.7963545709095512
92681.03012635416	2000.0	1759.399510801919	0.0	0	0.0	2440.429637156092	1	0	tensor(3, device='cuda:0')	1.7963545709095512
93763.74199022967	2000.0	1676.6876469264123	0.0	0	0.0	2440.429637156092	1	0	tensor(3, device='cuda:0')	1.7963545709095512
94392.6997275521	2000.0	2047.7299096039878	0.0	0	0.0	2440.429637156092	1	0	tensor(3, device='cuda:0')	1.7963545709095512
95200.0	2000.0	2240.42963715608	0.0	0	69.59083803679096	2440.429637156092	1	0	tensor(3, device='cuda:0')	1.7963545709095512
96200.0	2000.0	2240.429637156082	0.0	0	265.7791070098174	2440.429637156092	1	0	tensor(3, device='cuda:0')	1.7963545709095512
97200.0	2000.0	2240.4296371560754	0.0	0	473.1548671615019	2440.429637156092	1	0	tensor(3, device='cuda:0')	1.7963545709095512
98200.0	2000.0	2240.42963715609	0.0	0	214.51122426439542	2440.429637156092	1	0	tensor(3, device='cuda:0')	1.7963545709095512
99200.0	2000.0	2240.42963715609	0.0	0	374.2269201242889	2440.429637156092	1	0	tensor(3, device='cuda:0')	1.7963545709095512
100200.0	2000.0	2240.429637156101	0.0	0	254.0890791637794	2440.429637156092	1	0	tensor(3, device='cuda:0')	1.7963545709095512
101200.0	2000.0	2240.429637156113	0.0	0	452.6573850531131	2440.4296371561068	1	0	tensor(3, device='cuda:0')	1.7963545709095499
102200.0	2000.0	2240.429637156102	0.0	0	463.60739965144603	2440.4296371561068	1	0	tensor(3, device='cuda:0')	1.7963545709095499
103200.0	2000.0	2240.4296371560977	0.0	0	334.99175836885115	2440.429637156092	1	0	tensor(3, device='cuda:0')	1.7963545709095512
104200.0	2000.0	2240.4296371561036	0.0	0	339.2500867519266	2440.429637156092	1	0	tensor(3, device='cuda:0')	1.7963545709095512
105200.0	2000.0	2240.4296371561104	0.0	0	262.36709213284485	2440.429637156092	1	0	tensor(3, device='cuda:0')	1.7963545709095512
106200.0	2000.0	2240.429637156112	0.0	0	299.17102972640714	2440.4296371560777	1	0	tensor(3, device='cuda:0')	1.796354570909553
107200.0	2000.0	2240.4296371561163	0.0	0	121.42221884995524	2440.4296371560777	1	0	tensor(3, device='cuda:0')	1.796354570909553
108200.0	2000.0	2240.4296371561204	0.0	0	119.21772210946074	2440.429637156092	1	0	tensor(3, device='cuda:0')	1.7963545709095512
109200.0	2000.0	2240.429637156121	0.0	0	333.84273098254926	2440.429637156092	1	0	tensor(3, device='cuda:0')	1.7963545709095512
110200.0	2000.0	2240.4296371561322	0.0	0	220.67620067483222	2440.429637156092	1	0	tensor(3, device='cuda:0')	1.7963545709095512
111200.0	2000.0	2240.4296371561245	0.0	0	323.22365672043816	2440.429637156092	1	0	tensor(3, device='cuda:0')	1.7963545709095512
112200.0	2000.0	2240.4296371561277	0.0	0	498.9444550229382	2440.4296371561068	1	0	tensor(3, device='cuda:0')	1.7963545709095499
113200.0	2000.0	2240.4296371561213	0.0	0	343.855394193597	2440.4296371561068	1	0	tensor(3, device='cuda:0')	1.7963545709095499
114200.0	2000.0	2240.429637156135	0.0	0	375.15373391789035	2440.4296371561068	1	0	tensor(3, device='cuda:0')	1.7963545709095499
115200.0	2000.0	2240.429637156134	0.0	0	34.06634304189356	2440.4296371561068	1	0	tensor(3, device='cuda:0')	1.7963545709095499
116200.0	2000.0	2240.429637156124	0.0	0	331.5724483549857	2440.4296371561068	1	0	tensor(3, device='cuda:0')	1.7963545709095499
117200.0	2000.0	2240.429637156118	0.0	0	239.28222017618828	2440.4296371561068	1	0	tensor(3, device='cuda:0')	1.7963545709095499
118200.0	2000.0	2240.4296371561104	0.0	0	349.24562766280724	2440.429637156092	1	0	tensor(3, device='cuda:0')	1.7963545709095512
119200.0	2000.0	2240.4296371561054	0.0	0	341.1459945088718	2440.4296371560777	1	0	tensor(3, device='cuda:0')	1.7963545709095516
120200.0	2000.0	2240.4296371561245	0.0	0	313.1399995847314	2440.4296371560777	1	0	tensor(3, device='cuda:0')	1.796354570909553
121200.0	2000.0	2240.4296371561163	0.0	0	498.6930406491447	2440.4296371560777	1	0	tensor(3, device='cuda:0')	1.796354570909553
122200.0	2000.0	2240.4296371561018	0.0	0	513.2588601072202	2440.4296371560777	1	0	tensor(3, device='cuda:0')	1.796354570909553
123200.0	2000.0	2240.4296371560954	0.0	0	446.5140163184842	2440.429637156092	1	0	tensor(3, device='cuda:0')	1.7963545709095512
124200.0	2000.0	2240.429637156083	0.0	0	410.36138874135213	2440.429637156092	1	0	tensor(3, device='cuda:0')	1.7963545709095512
125200.0	2000.0	2240.429637156073	0.0	0	511.9942812634836	2440.429637156092	1	0	tensor(3, device='cuda:0')	1.7963545709095512
126200.0	2000.0	2240.4296371560667	0.0	0	406.2090664600255	2440.429637156092	1	0	tensor(3, device='cuda:0')	1.7963545709095512
127200.0	2000.0	2240.429637156054	0.0	0	530.1959613060753	2440.429637156092	1	0	tensor(3, device='cuda:0')	1.7963545709095512
128200.0	2000.0	2240.4296371560476	0.0	0	461.8000446512451	2440.4296371560777	1	0	tensor(3, device='cuda:0')	1.796354570909553
129200.0	2000.0	2240.4296371560404	0.0	0	597.5559730758396	2440.429637156063	1	0	tensor(3, device='cuda:0')	1.7963545709095547
130200.0	2000.0	2240.4296371560386	0.0	0	606.9640833314043	2440.429637156063	1	0	tensor(3, device='cuda:0')	1.7963545709095547
131200.0	2000.0	2240.4296371560486	0.0	0	447.1851637476648	2440.429637156063	1	0	tensor(3, device='cuda:0')	1.7963545709095547
132200.0	2000.0	2240.429637156052	0.0	0	554.3546913650644	2440.4296371560777	1	0	tensor(3, device='cuda:0')	1.7963545709095539
133200.0	2000.0	2240.4296371560467	0.0	0	571.0511432318308	2440.429637156063	1	0	tensor(3, device='cuda:0')	1.7963545709095539
134200.0	2000.0	2240.42963715604	0.0	0	475.0562077565701	2440.4296371560486	1	0	tensor(3, device='cuda:0')	1.796354570909556
135200.0	2000.0	2240.429637156028	0.0	0	592.068714360852	2440.4296371560486	1	0	tensor(3, device='cuda:0')	1.796354570909556
136200.0	2000.0	2240.429637156027	0.0	0	495.4816072458343	2440.4296371560777	1	0	tensor(3, device='cuda:0')	1.796354570909553
137200.0	2000.0	2240.429637156003	0.0	0	263.68918001285056	2440.4296371560486	1	0	tensor(3, device='cuda:0')	1.796354570909556
138200.0	2000.0	2240.4296371559994	0.0	0	462.2745838150149	2440.4296371560195	1	0	tensor(3, device='cuda:0')	1.7963545709095594
139200.0	2000.0	2240.4296371560063	0.0	0	500.9790792448912	2440.4296371560195	1	0	tensor(3, device='cuda:0')	1.7963545709095594
140200.0	2000.0	2240.429637156026	0.0	0	658.5983582806366	2440.4296371560486	1	0	tensor(3, device='cuda:0')	1.796354570909556
141200.0	2000.0	2240.429637156001	0.0	0	460.74241019578767	2440.4296371560486	1	0	tensor(3, device='cuda:0')	1.796354570909556
142200.0	2000.0	2240.4296371559844	0.0	0	554.8868241323216	2440.4296371560486	1	0	tensor(3, device='cuda:0')	1.796354570909556
143200.0	2000.0	2240.4296371560054	0.0	0	334.9581796131097	2440.4296371560486	1	0	tensor(3, device='cuda:0')	1.796354570909556
144200.0	2000.0	2240.429637155994	0.0	0	502.2807086259709	2440.4296371560486	1	0	tensor(3, device='cuda:0')	1.796354570909556
145200.0	2000.0	2240.4296371559767	0.0	0	463.1484039625502	2440.4296371560486	1	0	tensor(3, device='cuda:0')	1.796354570909556
146200.0	2000.0	2240.4296371559803	0.0	0	314.54768382245675	2440.4296371560486	1	0	tensor(3, device='cuda:0')	1.796354570909556
147200.0	2000.0	2240.4296371559994	0.0	0	355.0952480160049	2440.4296371560486	1	0	tensor(3, device='cuda:0')	1.796354570909556
148200.0	2000.0	2240.4296371559776	0.0	0	257.59267458418617	2440.4296371560486	1	0	tensor(3, device='cuda:0')	1.796354570909556
149200.0	2000.0	2240.4296371559817	0.0	0	17.913991172943497	2440.4296371560486	1	0	tensor(3, device='cuda:0')	1.796354570909556
150200.0	2000.0	2240.429637156019	0.0	0	152.60537776106503	2440.4296371560486	1	0	tensor(3, device='cuda:0')	1.796354570909556
151200.0	2000.0	2240.4296371560176	0.0	0	455.61753951665014	2440.4296371560486	1	0	tensor(3, device='cuda:0')	1.796354570909556
152200.0	2000.0	2240.4296371560176	0.0	0	501.12862119299825	2440.4296371560486	1	0	tensor(3, device='cuda:0')	1.796354570909556
153200.0	2000.0	2240.429637156007	0.0	0	511.3627523348259	2440.4296371560486	1	0	tensor(3, device='cuda:0')	1.796354570909556
154200.0	2000.0	2240.4296371559817	0.0	0	500.1481020778592	2440.4296371560486	1	0	tensor(3, device='cuda:0')	1.796354570909556
155200.0	2000.0	2240.4296371560085	0.0	0	727.6603771123337	2440.4296371560486	1	0	tensor(3, device='cuda:0')	1.796354570909556
156200.0	2000.0	2240.4296371560035	0.0	0	669.2945944285893	2440.4296371560486	1	0	tensor(3, device='cuda:0')	1.796354570909556
157200.0	2000.0	2240.4296371559794	0.0	0	730.236373495718	2440.4296371560486	1	0	tensor(3, device='cuda:0')	1.796354570909556
158200.0	2000.0	2240.4296371559517	0.0	0	580.5427348499652	2440.4296371560486	1	0	tensor(3, device='cuda:0')	1.796354570909556
159200.0	2000.0	2240.429637155946	0.0	0	456.79822790590697	2440.4296371560486	1	0	tensor(3, device='cuda:0')	1.796354570909556
160200.0	2000.0	2240.4296371559326	0.0	0	183.8455735288153	2440.4296371560486	1	0	tensor(3, device='cuda:0')	1.796354570909556
161200.0	2000.0	2240.4296371559053	0.0	0	413.1697882809385	2440.4296371560486	1	0	tensor(3, device='cuda:0')	1.796354570909556
162200.0	2000.0	2240.4296371558808	0.0	0	524.5752794523141	2440.4296371560486	1	0	tensor(3, device='cuda:0')	1.796354570909556
163200.0	2000.0	2240.4296371559044	0.0	0	602.2061827227881	2440.4296371560486	1	0	tensor(3, device='cuda:0')	1.796354570909556
164200.0	2000.0	2240.4296371559026	0.0	0	610.4404230560467	2440.4296371560486	1	0	tensor(3, device='cuda:0')	1.796354570909556
165200.0	2000.0	2240.4296371559108	0.0	0	516.2204536289792	2440.4296371560486	1	0	tensor(3, device='cuda:0')	1.796354570909556
166200.0	2000.0	2240.4296371558826	0.0	0	545.315101442131	2440.4296371560195	1	0	tensor(3, device='cuda:0')	1.7963545709095594
167200.0	2000.0	2240.429637155871	0.0	0	592.5859835840529	2440.4296371560195	1	0	tensor(3, device='cuda:0')	1.7963545709095594
168200.0	2000.0	2240.4296371558366	0.0	0	588.7325123609335	2440.4296371560195	1	0	tensor(3, device='cuda:0')	1.7963545709095594
169200.0	2000.0	2240.4296371558494	0.0	0	667.7671487459447	2440.4296371560486	1	0	tensor(3, device='cuda:0')	1.796354570909556
170200.0	2000.0	2240.4296371558576	0.0	0	622.6286925648164	2440.4296371560486	1	0	tensor(3, device='cuda:0')	1.796354570909556
171200.0	2000.0	2240.4296371558275	0.0	0	558.2880167227995	2440.4296371560195	1	0	tensor(3, device='cuda:0')	1.7963545709095594
172200.0	2000.0	2240.4296371558407	0.0	0	491.9324585526774	2440.4296371560195	1	0	tensor(3, device='cuda:0')	1.7963545709095594
173200.0	2000.0	2240.4296371558576	0.0	0	243.44276225019712	2440.4296371560195	1	0	tensor(3, device='cuda:0')	1.7963545709095594
174200.0	2000.0	2240.429637155852	0.0	0	294.6184392404102	2440.4296371560195	1	0	tensor(3, device='cuda:0')	1.7963545709095594
175200.0	2000.0	2240.4296371558416	0.0	0	427.9967340879084	2440.4296371560195	1	0	tensor(3, device='cuda:0')	1.7963545709095594
176200.0	2000.0	2240.429637155842	0.0	0	419.93607848638203	2440.4296371560195	1	0	tensor(3, device='cuda:0')	1.7963545709095594
177426.92829029387	2000.0	2013.5013468619995	0.0	0	0.0	2440.4296371560195	1	0	tensor(3, device='cuda:0')	1.7963545709095594
178452.121621226	2000.0	1988.3080159299031	0.0	0	0.0	2440.4296371560486	1	0	tensor(3, device='cuda:0')	1.796354570909556
179387.99481056698	2000.0	2052.434826588893	0.0	0	0.0	2440.4296371560486	1	0	tensor(3, device='cuda:0')	1.796354570909556
180200.0	2000.0	2240.42963715589	0.0	0	86.82032540501677	2440.4296371560777	1	0	tensor(3, device='cuda:0')	1.796354570909553
181200.0	2000.0	2240.4296371558753	0.0	0	490.43893431394827	2440.4296371560486	1	0	tensor(3, device='cuda:0')	1.796354570909556
182200.0	2000.0	2240.4296371558667	0.0	0	491.2239523231401	2440.4296371560486	1	0	tensor(3, device='cuda:0')	1.796354570909556
183200.0	2000.0	2240.429637155876	0.0	0	433.2951091028808	2440.4296371560486	1	0	tensor(3, device='cuda:0')	1.796354570909556
184200.0	2000.0	2240.429637155883	0.0	0	420.7387734228687	2440.4296371560486	1	0	tensor(3, device='cuda:0')	1.796354570909556
185200.0	2000.0	2240.429637155889	0.0	0	610.5296658897714	2440.4296371560486	1	0	tensor(3, device='cuda:0')	1.796354570909556
186200.0	2000.0	2240.4296371558835	0.0	0	336.57264327368466	2440.4296371560486	1	0	tensor(3, device='cuda:0')	1.796354570909556
187200.0	2000.0	2240.42963715589	0.0	0	532.1839696446841	2440.4296371560777	1	0	tensor(3, device='cuda:0')	1.796354570909553
188200.0	2000.0	2240.42963715587	0.0	0	580.1508394359553	2440.4296371560486	1	0	tensor(3, device='cuda:0')	1.796354570909556
189200.0	2000.0	2240.4296371558976	0.0	0	617.7643796439806	2440.4296371560486	1	0	tensor(3, device='cuda:0')	1.796354570909556
190200.0	2000.0	2240.4296371559235	0.0	0	430.9327520210063	2440.4296371560486	1	0	tensor(3, device='cuda:0')	1.796354570909556
191200.0	2000.0	2240.429637155978	0.0	0	477.4883348290168	2440.4296371560486	1	0	tensor(3, device='cuda:0')	1.796354570909556
192200.0	2000.0	2240.429637155948	0.0	0	533.3106123310863	2440.4296371560486	1	0	tensor(3, device='cuda:0')	1.796354570909556
193251.72934344978	2000.0	2188.7002937061825	0.0	0	0.0	2440.4296371560777	1	0	tensor(3, device='cuda:0')	1.796354570909553
194200.0	2000.0	2240.4296371559853	0.0	0	273.01093125288025	2440.4296371560777	1	0	tensor(3, device='cuda:0')	1.796354570909553
195200.0	2000.0	2240.4296371559635	0.0	0	295.80487961525796	2440.4296371560777	1	0	tensor(3, device='cuda:0')	1.796354570909553
196200.0	2000.0	2240.429637155959	0.0	0	363.579504358524	2440.4296371560777	1	0	tensor(3, device='cuda:0')	1.796354570909553
197200.0	2000.0	2240.429637155979	0.0	0	290.9767902698659	2440.4296371560777	1	0	tensor(3, device='cuda:0')	1.796354570909553
198200.0	2000.0	2240.429637155951	0.0	0	305.2070164431061	2440.4296371560486	1	0	tensor(3, device='cuda:0')	1.796354570909556
199200.0	2000.0	2240.4296371559535	0.0	0	386.61357674375176	2440.4296371560486	1	0	tensor(3, device='cuda:0')	1.796354570909556
200200.0	2000.0	2240.42963715597	0.0	0	421.12156959518325	2440.4296371560777	1	0	tensor(3, device='cuda:0')	1.796354570909553
201200.0	2000.0	2240.4296371559694	0.0	0	354.9972096675774	2440.4296371560777	1	0	tensor(3, device='cuda:0')	1.796354570909553
202200.0	2000.0	2240.4296371559926	0.0	0	420.09522498369915	2440.4296371560777	1	0	tensor(3, device='cuda:0')	1.796354570909553
203200.0	2000.0	2240.4296371560017	0.0	0	409.29998109675944	2440.4296371560777	1	0	tensor(3, device='cuda:0')	1.796354570909553
204200.0	2000.0	2240.4296371559826	0.0	0	410.62100823936635	2440.4296371560777	1	0	tensor(3, device='cuda:0')	1.796354570909553
205200.0	2000.0	2240.4296371559885	0.0	0	389.16224409252754	2440.4296371560777	1	0	tensor(3, device='cuda:0')	1.796354570909553
206200.0	2000.0	2240.429637155996	0.0	0	230.3017543120077	2440.4296371560777	1	0	tensor(3, device='cuda:0')	1.796354570909553
207260.75992723453	2000.0	2179.6697099214625	0.0	0	0.0	2440.4296371560777	1	0	tensor(3, device='cuda:0')	1.796354570909553
208341.12491021116	2000.0	2099.304726944812	0.0	0	0.0	2440.4296371560777	1	0	tensor(3, device='cuda:0')	1.796354570909553
209200.0	2000.0	2240.4296371559976	0.0	0	5.275388674868736	2440.4296371560777	1	0	tensor(3, device='cuda:0')	1.796354570909553
210200.0	2000.0	2240.4296371560226	0.0	0	462.7701325013186	2440.4296371561068	1	0	tensor(3, device='cuda:0')	1.7963545709095499
211200.0	2000.0	2240.4296371560167	0.0	0	523.6446733126068	2440.4296371561068	1	0	tensor(3, device='cuda:0')	1.7963545709095499
212200.0	2000.0	2240.4296371560267	0.0	0	527.0082666889066	2440.4296371561068	1	0	tensor(3, device='cuda:0')	1.7963545709095499
213200.0	2000.0	2240.4296371560404	0.0	0	284.2862928969553	2440.4296371561068	1	0	tensor(3, device='cuda:0')	1.7963545709095499
214200.0	2000.0	2240.4296371560313	0.0	0	223.76955732729402	2440.4296371561068	1	0	tensor(3, device='cuda:0')	1.7963545709095499
215200.0	2000.0	2240.4296371560254	0.0	0	260.5727660084085	2440.4296371561068	1	0	tensor(3, device='cuda:0')	1.7963545709095499
216200.0	2000.0	2240.429637156048	0.0	0	259.69536776284804	2440.4296371561068	1	0	tensor(3, device='cuda:0')	1.7963545709095499
217200.0	2000.0	2240.429637156074	0.0	0	386.40038135592476	2440.4296371561068	1	0	tensor(3, device='cuda:0')	1.7963545709095499
218200.0	2000.0	2240.429637156068	0.0	0	125.10455512985936	2440.4296371561068	1	0	tensor(3, device='cuda:0')	1.7963545709095499
219200.0	2000.0	2240.4296371560663	0.0	0	236.41786728755687	2440.429637156136	1	0	tensor(3, device='cuda:0')	1.7963545709095468
220200.0	2000.0	2240.4296371560604	0.0	0	166.66122216000804	2440.429637156136	1	0	tensor(3, device='cuda:0')	1.7963545709095468
221200.0	2000.0	2240.4296371560686	0.0	0	349.37863983225543	2440.429637156136	1	0	tensor(3, device='cuda:0')	1.7963545709095468
222200.0	2000.0	2240.4296371560704	0.0	0	347.5049838137347	2440.429637156136	1	0	tensor(3, device='cuda:0')	1.7963545709095468
223200.0	2000.0	2240.429637156068	0.0	0	351.70635940300417	2440.429637156136	1	0	tensor(3, device='cuda:0')	1.7963545709095468
224200.0	2000.0	2240.429637156042	0.0	0	513.538311482931	2440.429637156165	1	0	tensor(3, device='cuda:0')	1.7963545709095436
225200.0	2000.0	2240.4296371560467	0.0	0	125.63836153942975	2440.429637156194	1	0	tensor(3, device='cuda:0')	1.7963545709095405
226200.0	2000.0	2240.4296371560176	0.0	0	274.8803571461758	2440.429637156194	1	0	tensor(3, device='cuda:0')	1.7963545709095405
227200.0	2000.0	2240.4296371559985	0.0	0	226.59694883480552	2440.429637156194	1	0	tensor(3, device='cuda:0')	1.7963545709095405
228200.0	2000.0	2240.42963715596	0.0	0	145.0406146219757	2440.429637156194	1	0	tensor(3, device='cuda:0')	1.7963545709095405
229395.2807172695	2000.0	2045.1489198864501	0.0	0	0.0	2440.429637156223	1	0	tensor(3, device='cuda:0')	1.7963545709095374
230359.48589895858	2000.0	2080.943738197344	0.0	0	0.0	2440.429637156223	1	0	tensor(3, device='cuda:0')	1.7963545709095374
231200.0	2000.0	2240.429637155903	0.0	0	63.87428827941767	2440.429637156194	1	0	tensor(3, device='cuda:0')	1.7963545709095405
232200.0	2000.0	2240.42963715591	0.0	0	468.0881517873204	2440.429637156194	1	0	tensor(3, device='cuda:0')	1.7963545709095405
233200.0	2000.0	2240.429637155904	0.0	0	323.9073579328542	2440.429637156194	1	0	tensor(3, device='cuda:0')	1.7963545709095405
234200.0	2000.0	2240.429637155907	0.0	0	326.18505316987284	2440.429637156194	1	0	tensor(3, device='cuda:0')	1.7963545709095405
235200.0	2000.0	2240.429637155906	0.0	0	343.1461794449715	2440.429637156194	1	0	tensor(3, device='cuda:0')	1.7963545709095405
236200.0	2000.0	2240.4296371558926	0.0	0	333.2126218902995	2440.429637156194	1	0	tensor(3, device='cuda:0')	1.7963545709095405
237200.0	2000.0	2240.4296371558885	0.0	0	299.7655259157473	2440.429637156194	1	0	tensor(3, device='cuda:0')	1.7963545709095405
238200.0	2000.0	2240.4296371558858	0.0	0	425.86736852352624	2440.429637156194	1	0	tensor(3, device='cuda:0')	1.7963545709095405
239200.0	2000.0	2240.429637155887	0.0	0	190.33069590316154	2440.429637156194	1	0	tensor(3, device='cuda:0')	1.7963545709095405
240200.0	2000.0	2240.42963715588	0.0	0	492.4521206560312	2440.429637156194	1	0	tensor(3, device='cuda:0')	1.7963545709095405
241200.0	2000.0	2240.429637155883	0.0	0	536.5490964775963	2440.429637156194	1	0	tensor(3, device='cuda:0')	1.7963545709095405
242200.0	2000.0	2240.4296371558853	0.0	0	441.343109656038	2440.429637156194	1	0	tensor(3, device='cuda:0')	1.7963545709095405
243200.0	2000.0	2240.4296371559	0.0	0	652.9899237256905	2440.429637156194	1	0	tensor(3, device='cuda:0')	1.7963545709095405
244200.0	2000.0	2240.429637155898	0.0	0	605.534741789801	2440.429637156194	1	0	tensor(3, device='cuda:0')	1.7963545709095405
245200.0	2000.0	2240.4296371559044	0.0	0	430.7395396605134	2440.429637156194	1	0	tensor(3, device='cuda:0')	1.7963545709095405
246200.0	2000.0	2240.4296371559217	0.0	0	546.4196317468595	2440.429637156165	1	0	tensor(3, device='cuda:0')	1.7963545709095436
247200.0	2000.0	2240.429637155933	0.0	0	515.3808842711733	2440.429637156165	1	0	tensor(3, device='cuda:0')	1.7963545709095436
248200.0	2000.0	2240.4296371559844	0.0	0	419.4035477763391	2440.429637156165	1	0	tensor(3, device='cuda:0')	1.7963545709095436
249200.0	2000.0	2240.4296371560104	0.0	0	539.9674077852105	2440.429637156165	1	0	tensor(3, device='cuda:0')	1.7963545709095436
250200.0	2000.0	2240.4296371560413	0.0	0	586.1148676603625	2440.429637156165	1	0	tensor(3, device='cuda:0')	1.7963545709095436
251200.0	2000.0	2240.4296371560254	0.0	0	517.9758853822132	2440.429637156136	1	0	tensor(3, device='cuda:0')	1.7963545709095468
252200.0	2000.0	2240.429637155998	0.0	0	521.3045732663304	2440.4296371561068	1	0	tensor(3, device='cuda:0')	1.7963545709095499
253200.0	2000.0	2240.42963715602	0.0	0	440.852072186186	2440.429637156136	1	0	tensor(3, device='cuda:0')	1.7963545709095468
254200.0	2000.0	2240.4296371560126	0.0	0	514.9605816982512	2440.4296371561068	1	0	tensor(3, device='cuda:0')	1.7963545709095499
255200.0	2000.0	2240.4296371560254	0.0	0	463.629401538783	2440.429637156136	1	0	tensor(3, device='cuda:0')	1.7963545709095468
256200.0	2000.0	2240.4296371560217	0.0	0	537.2657220666297	2440.429637156136	1	0	tensor(3, device='cuda:0')	1.7963545709095468
257200.0	2000.0	2240.429637156042	0.0	0	431.22548160288716	2440.429637156136	1	0	tensor(3, device='cuda:0')	1.7963545709095468
258200.0	2000.0	2240.429637156052	0.0	0	431.8494691591768	2440.429637156136	1	0	tensor(3, device='cuda:0')	1.7963545709095468
259200.0	2000.0	2240.429637156045	0.0	0	182.59417295423918	2440.429637156165	1	0	tensor(3, device='cuda:0')	1.7963545709095436
260355.52045836733	2000.0	2084.9091787887173	0.0	0	0.0	2440.429637156136	1	0	tensor(3, device='cuda:0')	1.7963545709095468
261282.9618087555	2000.0	2157.467828400536	0.0	0	0.0	2440.429637156136	1	0	tensor(3, device='cuda:0')	1.7963545709095468
262200.0	2000.0	2240.429637156032	0.0	0	92.82760124935885	2440.429637156136	1	0	tensor(3, device='cuda:0')	1.7963545709095468
263200.0	2000.0	2240.429637156053	0.0	0	527.7703842790215	2440.429637156165	1	0	tensor(3, device='cuda:0')	1.7963545709095463
264200.0	2000.0	2240.429637156091	0.0	0	545.1090928902267	2440.429637156223	1	0	tensor(3, device='cuda:0')	1.7963545709095399
265200.0	2000.0	2240.4296371560927	0.0	0	546.5890231024823	2440.429637156194	1	0	tensor(3, device='cuda:0')	1.7963545709095394
266200.0	2000.0	2240.429637156025	0.0	0	599.4507152262377	2440.429637156194	1	0	tensor(3, device='cuda:0')	1.7963545709095405
267200.0	2000.0	2240.429637156024	0.0	0	260.8407264717971	2440.429637156194	1	0	tensor(3, device='cuda:0')	1.7963545709095405
268200.0	2000.0	2240.429637155999	0.0	0	530.6777282890398	2440.429637156194	1	0	tensor(3, device='cuda:0')	1.7963545709095405
269200.0	2000.0	2240.4296371559667	0.0	0	405.71636545303045	2440.429637156194	1	0	tensor(3, device='cuda:0')	1.7963545709095405
270200.0	2000.0	2240.4296371559535	0.0	0	646.771038224455	2440.429637156194	1	0	tensor(3, device='cuda:0')	1.7963545709095405
271200.0	2000.0	2240.4296371559026	0.0	0	550.8697251739795	2440.429637156194	1	0	tensor(3, device='cuda:0')	1.7963545709095405
272200.0	2000.0	2240.4296371558794	0.0	0	278.49765544047114	2440.429637156194	1	0	tensor(3, device='cuda:0')	1.7963545709095405
273200.0	2000.0	2240.4296371558703	0.0	0	285.47290190361673	2440.429637156194	1	0	tensor(3, device='cuda:0')	1.7963545709095405
274200.0	2000.0	2240.429637155922	0.0	0	87.32289719901746	2440.429637156194	1	0	tensor(3, device='cuda:0')	1.7963545709095405
275200.0	2000.0	2240.4296371559676	0.0	0	92.17183326632949	2440.429637156136	1	0	tensor(3, device='cuda:0')	1.7963545709095468
276200.0	2000.0	2240.42963715592	0.0	0	528.1783069167286	2440.429637156194	1	0	tensor(3, device='cuda:0')	1.7963545709095405
277200.0	2000.0	2240.429637155884	0.0	0	346.4621076545445	2440.429637156194	1	0	tensor(3, device='cuda:0')	1.7963545709095405
278200.0	2000.0	2240.429637155847	0.0	0	589.9597550469334	2440.429637156136	1	0	tensor(3, device='cuda:0')	1.7963545709095468
279200.0	2000.0	2240.4296371558753	0.0	0	398.3135082249646	2440.429637156136	1	0	tensor(3, device='cuda:0')	1.7963545709095468
280200.0	2000.0	2240.4296371558935	0.0	0	94.81043510732707	2440.429637156136	1	0	tensor(3, device='cuda:0')	1.7963545709095468
281200.0	2000.0	2240.429637155877	0.0	0	184.75747883424629	2440.429637156136	1	0	tensor(3, device='cuda:0')	1.7963545709095468
282200.0	2000.0	2240.429637155881	0.0	0	467.3872505007894	2440.429637156136	1	0	tensor(3, device='cuda:0')	1.7963545709095468
283200.0	2000.0	2240.4296371559262	0.0	0	456.17017097683856	2440.429637156194	1	0	tensor(3, device='cuda:0')	1.7963545709095405
284200.0	2000.0	2240.429637155945	0.0	0	443.7003879680997	2440.429637156194	1	0	tensor(3, device='cuda:0')	1.7963545709095405
285200.0	2000.0	2240.429637155977	0.0	0	424.84015660523437	2440.429637156194	1	0	tensor(3, device='cuda:0')	1.7963545709095405
286200.0	2000.0	2240.4296371559253	0.0	0	643.4499094684725	2440.429637156194	1	0	tensor(3, device='cuda:0')	1.7963545709095405
287200.0	2000.0	2240.42963715592	0.0	0	410.4970651397016	2440.429637156194	1	0	tensor(3, device='cuda:0')	1.7963545709095405
288200.0	2000.0	2240.4296371559576	0.0	0	373.97901883965824	2440.429637156194	1	0	tensor(3, device='cuda:0')	1.7963545709095405
289200.0	2000.0	2240.4296371559917	0.0	0	559.6385687853326	2440.4296371562523	1	0	tensor(3, device='cuda:0')	1.7963545709095343
290200.0	2000.0	2240.429637155977	0.0	0	328.0694217263954	2440.429637156194	1	0	tensor(3, device='cuda:0')	1.7963545709095405
291200.0	2000.0	2240.4296371559826	0.0	0	375.778437131783	2440.429637156194	1	0	tensor(3, device='cuda:0')	1.7963545709095405
292200.0	2000.0	2240.429637155934	0.0	0	648.2660499854828	2440.429637156194	1	0	tensor(3, device='cuda:0')	1.7963545709095405
293200.0	2000.0	2240.4296371559526	0.0	0	426.9761886440101	2440.4296371562523	1	0	tensor(3, device='cuda:0')	1.7963545709095343
294200.0	2000.0	2240.4296371559517	0.0	0	378.59352752700215	2440.429637156194	1	0	tensor(3, device='cuda:0')	1.7963545709095405
295200.0	2000.0	2240.4296371559894	0.0	0	606.5695570856333	2440.429637156194	1	0	tensor(3, device='cuda:0')	1.7963545709095405
296200.0	2000.0	2240.429637155998	0.0	0	388.02744746382814	2440.429637156194	1	0	tensor(3, device='cuda:0')	1.7963545709095405
297200.0	2000.0	2240.4296371560786	0.0	0	299.7681695211795	2440.429637156194	1	0	tensor(3, device='cuda:0')	1.7963545709095405
298200.0	2000.0	2240.429637156087	0.0	0	305.1840738321189	2440.429637156194	1	0	tensor(3, device='cuda:0')	1.7963545709095405
299200.0	2000.0	2240.4296371560818	0.0	0	461.4681428310578	2440.429637156194	1	0	tensor(3, device='cuda:0')	1.7963545709095405
300200.0	2000.0	2240.4296371561345	0.0	0	155.49991813325323	2440.4296371562523	1	0	tensor(3, device='cuda:0')	1.7963545709095343
3.22	3.58	3.74	3.88	4.24	3.65	4.08	3.98	2.54	2.91	3.39	2.29	2.2	2.66	2.56	2.13	2.22	1.87	2.31	2.81	3.08	2.72	2.31	2.29	2.63	2.87	2.93	3.3	3.12	1.96	1.75	2.32	2.9	3.56	3.0	2.9	2.51	2.49	2.22	2.09	2.54	2.58	2.7	2.86	2.83	3.2	3.56	4.19	4.78	5.37	4.33	3.38	2.86	3.39	3.85	3.13	2.66	2.29	2.32	2.61	2.49	2.65	3.08	3.1	2.11	2.58	3.15	3.74	4.32	4.34	4.3	4.91	5.09	5.6	6.19	6.37	6.02	6.58	7.07	7.1	6.73	6.68	4.89	3.13	3.17	3.16	2.85	2.87	2.35	1.98	1.88	1.87	2.22	2.78	3.36	3.39	3.17	2.75	3.35	3.97	4.51	3.92	3.27	3.61	2.66	1.84	2.2	2.26	2.56	2.98	3.51	3.71	2.49	1.85	2.31	2.91	3.46	4.08	3.88	4.12	4.65	4.17	3.73	3.48	3.92	4.59	5.14	5.73	6.41	4.71	3.86	4.36	4.98	5.57	3.7	3.41	3.89	4.47	5.07	4.31	3.89	4.04	4.33	3.8	3.92	3.65	2.61	2.43	3.06	3.65	4.24	4.81	5.43	6.89	7.54	7.95	6.0	3.8	3.22	3.29	3.87	4.52	5.1	4.36	4.26	4.17	4.58	5.19	4.81	4.03	3.24	3.3	3.79	3.53	3.63	2.34	1.9	2.41	2.99	3.65	4.05	4.76	4.29	4.39	3.9	4.34	4.92	4.96	4.49	4.31	3.87	2.29	2.83	3.48	3.01	3.56	3.94	3.43	3.96	4.29	3.96	4.04	4.03	4.01	3.41	2.42	2.22	2.77	3.37	3.74	3.3	2.15	2.46	3.13	3.23	2.53	2.7	3.3	2.97	3.24	3.79	3.76	3.08	3.1	3.42	2.86	2.54	2.22	2.04	2.61	3.15	2.9	3.29	2.7	2.9	2.85	3.29	2.77	3.34	3.7	4.27	4.85	5.49	4.89	5.31	5.76	4.15	3.67	4.17	4.63	3.95	4.76	4.31	4.38	4.93	4.8	3.52	3.34	2.4	2.56	3.17	3.72	3.69	4.12	3.98	3.5	3.94	4.54	4.7	3.64	3.21	2.83	2.41	2.93	3.63	4.17	4.49	3.05	2.97	2.62	3.26	3.7	4.0	3.68	4.36	4.26	4.01	4.54	4.17	4.03	4.62	4.55	4.29	4.52	3.82	3.31	3.8	3.76	2.91	2.58	2.2	1.47
62.0	63.0	64.0	65.0	66.0	67.0	68.0	69.0	70.0	71.0	72.0	73.0	74.0	75.0	76.0	77.0	78.0	79.0	80.0	81.0	82.0	83.0	84.0	85.0	86.0	87.0	88.0	89.0	90.0	91.0	92.0	93.0	94.0	95.0	96.0	97.0	98.0	99.0	100.0	101.0	102.0	103.0	104.0	105.0	106.0	107.0	108.0	109.0	110.0	111.0	112.0	113.0	114.0	115.0	116.0	117.0	118.0	119.0	120.0	121.0	122.0	123.0	124.0	125.0	126.0	127.0	128.0	129.0	130.0	131.0	132.0	133.0	134.0	135.0	136.0	137.0	138.0	139.0	140.0	141.0	142.0	143.0	144.0	145.0	146.0	147.0	148.0	149.0	150.0	151.0	152.0	153.0	154.0	155.0	156.0	157.0	158.0	159.0	160.0	161.0	162.0	163.0	164.0	165.0	166.0	167.0	168.0	169.0	170.0	171.0	172.0	173.0	174.0	175.0	176.0	177.0	178.0	179.0	180.0	181.0	182.0	183.0	184.0	185.0	186.0	187.0	188.0	189.0	190.0	191.0	192.0	193.0	194.0	195.0	196.0	197.0	198.0	199.0	200.0	201.0	202.0	203.0	204.0	205.0	206.0	207.0	208.0	209.0	210.0	211.0	212.0	213.0	214.0	215.0	216.0	217.0	218.0	219.0	220.0	221.0	222.0	223.0	224.0	225.0	226.0	227.0	228.0	229.0	230.0	231.0	232.0	233.0	234.0	235.0	236.0	237.0	238.0	239.0	240.0	241.0	242.0	243.0	244.0	245.0	246.0	247.0	248.0	249.0	250.0	251.0	252.0	253.0	254.0	255.0	256.0	257.0	258.0	259.0	260.0	261.0	262.0	263.0	264.0	265.0	266.0	267.0	268.0	269.0	270.0	271.0	272.0	273.0	274.0	275.0	276.0	277.0	278.0	279.0	280.0	281.0	282.0	283.0	284.0	285.0	286.0	287.0	288.0	289.0	290.0	291.0	292.0	293.0	294.0	295.0	296.0	297.0	298.0	299.0	300.0	301.0	302.0	303.0	304.0	305.0	306.0	307.0	308.0	309.0	310.0	311.0	312.0	313.0	314.0	315.0	316.0	317.0	318.0	319.0	320.0	321.0	322.0	323.0	324.0	325.0	326.0	327.0	328.0	329.0	330.0	331.0	332.0	333.0	334.0	335.0	336.0	337.0	338.0	339.0	340.0	341.0	342.0	343.0	344.0	345.0	346.0	347.0	348.0	349.0	350.0	351.0	352.0	353.0	354.0	355.0	356.0	357.0	358.0	359.0	360.0	361.0	362.0	363.0
1071.0
