3846.5199610803784	500.0	2000.0	443.35236729267234	0	0.0	3846.5199610803784	1	0	tensor(3, device='cuda:0')	-3.0268662854559283
5056.97630274981	1000.0	1789.5436583305684	0.0	0	0.0	3846.519961080379	1	0	tensor(3, device='cuda:0')	0.10469021987855265
6301.778349133755	1000.0	1544.7416119466236	0.0	0	0.0	3846.519961080379	1	0	tensor(3, device='cuda:0')	0.797837400438498
7320.4068400990645	1000.0	1526.1131209813136	0.0	0	0.0	3846.5199610803784	1	0	tensor(3, device='cuda:0')	0.7978374004384983
8112.317065490501	1000.0	1536.225339242017	0.0	0	0.0	3648.5424047325187	1	0	tensor(5, device='cuda:0')	-0.04643442707955808
8969.316261938915	1000.0	1679.2261427936032	0.0	0	0.0	3648.5424047325178	1	0	tensor(3, device='cuda:0')	0.3660633580697497
10022.850689350935	1000.0	1625.691715381582	0.0	0	0.0	3648.542404732516	1	0	tensor(3, device='cuda:0')	0.8660633580697501
10901.913443464837	1000.0	1526.863272739205	0.0	0	0.0	3428.776716204041	1	0	tensor(5, device='cuda:0')	-0.026242143403600843
11623.438846401708	1000.0	1805.3378698023314	0.0	0	0.0	3428.776716204038	1	0	tensor(3, device='cuda:0')	0.4298090532977339
12342.463224405938	1000.0	2086.3134917981024	0.0	0	0.0	3428.776716204038	1	0	tensor(3, device='cuda:0')	0.9298090532977342
13083.479913972047	1000.0	2345.2968022319947	0.0	0	0.0	3428.776716204038	1	0	tensor(3, device='cuda:0')	0.9298090532977342
13559.904169274563	1000.0	2749.766483103853	0.0	0	0.0	3309.6706523784105	1	0	tensor(5, device='cuda:0')	0.21373702996598679
14719.836540878088	2000.0	2589.834111500328	0.0	0	0.0	3309.6706523784105	1	0	tensor(3, device='cuda:0')	0.4596776305103013
16469.56599767675	2000.0	1402.6722905020004	0.0	0	0.0	2872.2382881787435	1	0	tensor(5, device='cuda:0')	0.34041030629797653
17549.707479435492	1000.0	1322.5308087432552	0.0	0	0.0	2872.2382881787416	1	0	tensor(3, device='cuda:0')	-0.14718998949030504
18810.47896600776	1000.0	1061.7593221709922	0.0	0	0.0	2872.2382881787453	1	0	tensor(3, device='cuda:0')	1.0459571910696397
19982.195733111952	1000.0	890.0425550668022	0.0	0	0.0	2872.238288178749	1	0	tensor(3, device='cuda:0')	1.045957191069639
20754.283634300853	1000.0	1117.9546538779025	0.0	0	0.0	2872.238288178749	1	0	tensor(3, device='cuda:0')	1.045957191069639
21514.016562382807	1000.0	1358.2217257959517	0.0	0	0.0	2872.238288178749	1	0	tensor(3, device='cuda:0')	1.045957191069639
22691.756936710353	1000.0	1180.481351468406	0.0	0	0.0	2872.238288178749	1	0	tensor(3, device='cuda:0')	1.045957191069639
23821.411792307605	1000.0	1050.826495871156	0.0	0	0.0	2872.2382881787526	1	0	tensor(3, device='cuda:0')	1.0459571910696384
24761.925902792696	1000.0	1110.3123853860643	0.0	0	0.0	2872.2382881787526	1	0	tensor(3, device='cuda:0')	1.0459571910696384
25558.35723153429	1000.0	1313.8810566444736	0.0	0	0.0	2872.238288178756	1	0	tensor(3, device='cuda:0')	1.0459571910696377
26334.368923900587	1000.0	1537.8693642781764	0.0	0	0.0	2872.238288178756	1	0	tensor(3, device='cuda:0')	1.0459571910696377
27461.30713165898	1000.0	1410.9311565197806	0.0	0	0.0	2872.238288178756	1	0	tensor(3, device='cuda:0')	1.0459571910696377
28549.05934842546	1000.0	1323.178939753303	0.0	0	0.0	2872.238288178756	1	0	tensor(3, device='cuda:0')	1.0459571910696377
29437.05535387828	1000.0	1435.1829343004829	0.0	0	0.0	2872.238288178756	1	0	tensor(3, device='cuda:0')	1.0459571910696377
30481.80965037828	1000.0	1390.4286378004829	0.0	0	0.0	2872.23828817876	1	0	tensor(3, device='cuda:0')	1.0459571910696372
31569.468445157447	1000.0	1302.7698430213147	0.0	0	0.0	2872.23828817876	1	0	tensor(3, device='cuda:0')	1.0459571910696372
32461.456310667854	1000.0	1410.781977510909	0.0	0	0.0	2872.238288178756	1	0	tensor(3, device='cuda:0')	1.0459571910696377
33440.281236842966	1000.0	1431.9570513358008	0.0	0	0.0	2872.2382881787635	1	0	tensor(3, device='cuda:0')	1.045957191069637
34166.60992549922	1000.0	1705.628362679537	0.0	0	0.0	2872.238288178756	1	0	tensor(3, device='cuda:0')	1.045957191069637
34898.3548872765	1000.0	1973.883400902264	0.0	0	0.0	2872.238288178767	1	0	tensor(3, device='cuda:0')	1.045957191069637
35486.47276020426	1000.0	2385.7655279745027	0.0	0	0.0	2872.2382881787635	1	0	tensor(3, device='cuda:0')	1.0459571910696361
36470.58161372426	1000.0	2401.656674454509	0.0	0	0.0	2872.2382881787635	1	0	tensor(3, device='cuda:0')	1.0459571910696366
37230.70130851491	1000.0	2641.536979663865	0.0	0	0.0	2872.2382881787635	1	0	tensor(3, device='cuda:0')	1.0459571910696366
38200.0	1000.0	2672.238288178778	0.0	0	415.1397429145509	2872.2382881787635	1	0	tensor(3, device='cuda:0')	1.0459571910696366
39200.0	1000.0	2672.238288178768	0.0	0	363.9931313295092	2872.2382881787635	1	0	tensor(3, device='cuda:0')	1.0459571910696366
40666.73589936506	2000.0	2205.5023888137107	0.0	0	0.0	2872.2382881787707	1	0	tensor(3, device='cuda:0')	1.0459571910696355
41709.24129149148	1000.0	2162.996996687299	0.0	0	0.0	2872.2382881787707	1	0	tensor(3, device='cuda:0')	0.35281001050969035
42724.87091994163	1000.0	2147.3673682371395	0.0	0	0.0	2872.2382881787707	1	0	tensor(3, device='cuda:0')	1.0459571910696355
43628.47097676334	1000.0	2243.7673114154386	0.0	0	0.0	2872.2382881787707	1	0	tensor(3, device='cuda:0')	1.0459571910696355
44781.175263500605	1000.0	2091.0630246781734	0.0	0	0.0	2872.2382881787707	1	0	tensor(3, device='cuda:0')	1.0459571910696355
45527.37258716513	1000.0	2344.865701013647	0.0	0	0.0	2872.2382881787707	1	0	tensor(3, device='cuda:0')	1.0459571910696355
46494.021513361506	1000.0	2378.216774817277	0.0	0	0.0	2872.2382881787707	1	0	tensor(3, device='cuda:0')	1.0459571910696355
47200.0	1000.0	2672.2382881787807	0.0	0	68.92631478110707	2872.238288178778	1	0	tensor(3, device='cuda:0')	1.0459571910696344
48480.54386968676	2000.0	2391.694418492017	0.0	0	0.0	2872.2382881787707	1	0	tensor(3, device='cuda:0')	1.0459571910696355
49492.69947975028	2000.0	2379.538808428507	0.0	0	0.0	2872.238288178778	1	0	tensor(3, device='cuda:0')	1.7391043716295795
51251.22096538052	2000.0	1621.0173227982639	0.0	0	0.0	2872.238288178778	1	0	tensor(3, device='cuda:0')	1.7391043716295795
51761.5330764464	1000.0	2110.7052117323783	0.0	0	0.0	2872.2382881787707	1	0	tensor(3, device='cuda:0')	0.35281001050969035
52400.32737961508	1000.0	2471.910908563699	0.0	0	0.0	2872.2382881787707	1	0	tensor(3, device='cuda:0')	1.0459571910696355
53200.0	1000.0	2672.2382881787744	0.0	0	41.608066819564556	2872.2382881787707	1	0	tensor(3, device='cuda:0')	1.0459571910696355
54594.11454983571	1000.0	2278.1237383430703	0.0	0	0.0	2872.2382881787707	1	0	tensor(3, device='cuda:0')	1.0459571910696355
55858.96600987074	1000.0	2013.2722783080362	0.0	0	0.0	2872.2382881787707	1	0	tensor(3, device='cuda:0')	1.0459571910696355
56466.31582787044	1000.0	2405.922460308328	0.0	0	0.0	2872.2382881787707	1	0	tensor(3, device='cuda:0')	1.0459571910696355
57200.0	1000.0	2672.238288178774	0.0	0	178.71723393946013	2872.2382881787707	1	0	tensor(3, device='cuda:0')	1.0459571910696355
58227.70297093298	1000.0	2644.5353172457917	0.0	0	0.0	2872.2382881787707	1	0	tensor(3, device='cuda:0')	1.0459571910696355
59200.0	1000.0	2672.2382881787717	0.0	0	132.19142925488268	2872.238288178778	1	0	tensor(3, device='cuda:0')	1.0459571910696344
60200.0	1000.0	2672.238288178774	0.0	0	317.3349672577315	2872.238288178778	1	0	tensor(3, device='cuda:0')	1.0459571910696344
61200.0	1000.0	2672.2382881787744	0.0	0	82.11816969460051	2872.238288178778	1	0	tensor(3, device='cuda:0')	1.0459571910696344
62286.438731098686	1000.0	2585.7995570800836	0.0	0	0.0	2872.238288178778	1	0	tensor(3, device='cuda:0')	1.0459571910696344
63200.0	1000.0	2672.238288178768	0.0	0	305.1137187488639	2872.238288178778	1	0	tensor(3, device='cuda:0')	1.0459571910696344
64200.0	1000.0	2672.2382881787676	0.0	0	53.99060256935627	2872.238288178778	1	0	tensor(3, device='cuda:0')	1.0459571910696344
65397.41093056988	1000.0	2474.8273576088836	0.0	0	0.0	2872.238288178778	1	0	tensor(3, device='cuda:0')	1.0459571910696344
66349.13869544539	1000.0	2523.0995927333597	0.0	0	0.0	2872.238288178756	1	0	tensor(3, device='cuda:0')	1.0459571910696361
67200.0	1000.0	2672.238288178748	0.0	0	2.8897795916855102	2872.2382881787416	1	0	tensor(3, device='cuda:0')	1.0459571910696401
68200.0	1000.0	2672.2382881787444	0.0	0	121.72636391616834	2872.2382881787344	1	0	tensor(3, device='cuda:0')	1.0459571910696406
69409.18791560865	1000.0	2463.0503725701005	0.0	0	0.0	2872.2382881787344	1	0	tensor(3, device='cuda:0')	1.0459571910696415
70266.69879951215	1000.0	2605.5394886666127	0.0	0	0.0	2872.2382881787344	1	0	tensor(3, device='cuda:0')	1.0459571910696415
71200.0	2000.0	2672.2382881787603	0.0	0	73.87388986400038	2872.2382881787344	1	0	tensor(3, device='cuda:0')	1.0459571910696412
72787.72495151314	2000.0	2084.513336665606	0.0	0	0.0	2872.23828817872	1	0	tensor(3, device='cuda:0')	1.7391043716295886
73818.25940173981	2000.0	2053.9788864389366	0.0	0	0.0	2872.23828817872	1	0	tensor(3, device='cuda:0')	1.7391043716295886
75297.77720302301	2000.0	1574.46108515574	0.0	0	0.0	2872.2382881787053	1	0	tensor(3, device='cuda:0')	1.7391043716295913
75942.16303551341	1000.0	1930.0752526653382	0.0	0	0.0	2872.2382881787053	1	0	tensor(3, device='cuda:0')	0.3528100105097009
76839.33692665346	1000.0	2032.9013615253027	0.0	0	0.0	2872.2382881787053	1	0	tensor(3, device='cuda:0')	1.0459571910696461
77835.44757538957	1000.0	2036.7907127891951	0.0	0	0.0	2872.2382881787053	1	0	tensor(3, device='cuda:0')	1.0459571910696461
78554.26302582708	1000.0	2317.975262351693	0.0	0	0.0	2872.2382881787053	1	0	tensor(3, device='cuda:0')	1.0459571910696461
79550.47226512438	1000.0	2321.7660230543875	0.0	0	0.0	2872.2382881787053	1	0	tensor(3, device='cuda:0')	1.0459571910696461
80296.5195771527	1000.0	2575.7187110260616	0.0	0	0.0	2872.2382881787053	1	0	tensor(3, device='cuda:0')	1.0459571910696461
81200.0	1000.0	2672.2382881787753	0.0	0	324.0745444725908	2872.2382881787053	1	0	tensor(3, device='cuda:0')	1.0459571910696461
82200.0	1000.0	2672.238288178761	0.0	0	184.03117312205723	2872.2382881787053	1	0	tensor(3, device='cuda:0')	1.0459571910696461
83200.0	1000.0	2672.2382881787416	0.0	0	73.44451950561779	2872.2382881787053	1	0	tensor(3, device='cuda:0')	1.0459571910696461
84472.54541973476	2000.0	2399.692868443986	0.0	0	0.0	2872.2382881787053	1	0	tensor(3, device='cuda:0')	1.045957191069646
85814.69959366697	1000.0	2057.538694511776	0.0	0	0.0	2872.2382881787053	1	0	tensor(3, device='cuda:0')	0.3528100105097009
86729.19112218401	1000.0	2143.047165994736	0.0	0	0.0	2872.2382881787053	1	0	tensor(3, device='cuda:0')	1.0459571910696461
87635.42484662772	1000.0	2236.813441551015	0.0	0	0.0	2872.2382881787053	1	0	tensor(3, device='cuda:0')	1.0459571910696461
88667.82389048272	1000.0	2204.41439769603	0.0	0	0.0	2872.2382881787053	1	0	tensor(3, device='cuda:0')	1.0459571910696461
89651.17273741735	1000.0	2221.065550761397	0.0	0	0.0	2872.2382881787053	1	0	tensor(3, device='cuda:0')	1.0459571910696461
90297.6168060005	1000.0	2574.6214821782323	0.0	0	0.0	2872.2382881787053	1	0	tensor(3, device='cuda:0')	1.0459571910696461
91559.77081642853	1000.0	2312.467471750206	0.0	0	0.0	2872.2382881786907	1	0	tensor(3, device='cuda:0')	1.0459571910696484
92519.83771531114	1000.0	2352.400572867581	0.0	0	0.0	2872.2382881786907	1	0	tensor(3, device='cuda:0')	1.0459571910696484
93259.88525099868	1000.0	2612.3530371800516	0.0	0	0.0	2872.2382881787053	1	0	tensor(3, device='cuda:0')	1.0459571910696461
94200.0	1000.0	2672.2382881787307	0.0	0	278.3115642525663	2872.2382881787053	1	0	tensor(3, device='cuda:0')	1.0459571910696461
95200.0	1000.0	2672.238288178709	0.0	0	80.55034555467137	2872.2382881787053	1	0	tensor(3, device='cuda:0')	1.0459571910696461
96200.0	1000.0	2672.238288178701	0.0	0	379.15656304681033	2872.23828817872	1	0	tensor(3, device='cuda:0')	1.0459571910696437
97857.60951572281	2000.0	2014.6287724558956	0.0	0	0.0	2872.23828817872	1	0	tensor(3, device='cuda:0')	1.0459571910696435
98498.63102054448	1000.0	2373.607267634226	0.0	0	0.0	2872.23828817872	1	0	tensor(3, device='cuda:0')	0.3528100105096985
99253.7353533905	1000.0	2618.502934788214	0.0	0	0.0	2872.23828817872	1	0	tensor(3, device='cuda:0')	1.0459571910696437
101197.73364148027	1000.0	1674.5046466984484	0.0	0	0.0	2872.2382881787344	1	0	tensor(3, device='cuda:0')	1.0459571910696415
102163.29819963468	1000.0	1708.9400885440325	0.0	0	0.0	2872.2382881787344	1	0	tensor(3, device='cuda:0')	1.0459571910696415
103090.5699482929	1000.0	1781.6683398858042	0.0	0	0.0	2872.2382881787344	1	0	tensor(3, device='cuda:0')	1.0459571910696415
104674.71117467084	1000.0	1197.5271135078779	0.0	0	0.0	2872.2382881787344	1	0	tensor(3, device='cuda:0')	1.0459571910696415
106425.57404871484	1000.0	446.66423946386476	0.0	0	0.0	2872.2382881787344	1	0	tensor(3, device='cuda:0')	1.0459571910696415
107262.25112956196	1000.0	609.9871586167292	0.0	0	0.0	2872.23828817872	1	0	tensor(3, device='cuda:0')	1.0459571910696437
108423.68860213213	1000.0	448.54968604657944	0.0	0	0.0	2872.23828817872	1	0	tensor(3, device='cuda:0')	1.0459571910696437
108880.77338124264	500.0	991.4649069360624	0.0	0	0.0	2872.2382881787344	1	0	tensor(3, device='cuda:0')	-0.34033717005024944
109684.96779596258	1000.0	1187.2704922161279	0.0	0	0.0	2872.2382881787344	1	0	tensor(3, device='cuda:0')	0.35281001050969596
110605.33242494792	1000.0	1266.9058632308097	0.0	0	0.0	2872.2382881787344	1	0	tensor(3, device='cuda:0')	1.0459571910696415
111684.43281084388	1000.0	1187.8054773348397	0.0	0	0.0	2872.2382881787344	1	0	tensor(3, device='cuda:0')	1.0459571910696415
112648.5083771655	500.0	1223.7299110132203	0.0	0	0.0	2872.2382881787344	1	0	tensor(3, device='cuda:0')	-0.34033717005024944
113971.42153824217	1000.0	900.8167499365467	0.0	0	0.0	2872.2382881787344	1	0	tensor(3, device='cuda:0')	0.35281001050969596
115087.18371078189	1000.0	785.0545773968297	0.0	0	0.0	2872.2382881787344	1	0	tensor(3, device='cuda:0')	1.0459571910696415
115708.59401862386	1000.0	1163.644269554869	0.0	0	0.0	2872.238288178749	1	0	tensor(3, device='cuda:0')	1.045957191069639
116539.73895489375	1000.0	1332.4993332849858	0.0	0	0.0	2872.238288178749	1	0	tensor(3, device='cuda:0')	1.045957191069639
117675.87983756061	1000.0	1196.358450618112	0.0	0	0.0	2872.238288178749	1	0	tensor(3, device='cuda:0')	1.045957191069639
119386.81910063823	1000.0	485.419187540494	0.0	0	0.0	2872.238288178749	1	0	tensor(3, device='cuda:0')	1.045957191069639
120159.86500905767	500.0	712.3732791210484	0.0	0	0.0	2872.2382881787344	1	0	tensor(3, device='cuda:0')	-0.34033717005024944
120833.16634489356	500.0	1039.0719432851588	0.0	0	0.0	2872.23828817872	1	0	tensor(3, device='cuda:0')	0.3528100105096982
121650.21698607598	1000.0	1222.0213021027619	0.0	0	0.0	2872.2382881787344	1	0	tensor(3, device='cuda:0')	0.35281001050969596
122395.7886251109	1000.0	1476.4496630678289	0.0	0	0.0	2872.23828817872	1	0	tensor(3, device='cuda:0')	1.0459571910696437
123053.62405918243	1000.0	1818.6142289963013	0.0	0	0.0	2872.23828817872	1	0	tensor(3, device='cuda:0')	1.0459571910696437
123831.40232752833	1000.0	2040.835960650406	0.0	0	0.0	2872.23828817872	1	0	tensor(3, device='cuda:0')	1.0459571910696437
124722.29601433687	1000.0	2149.9422738418602	0.0	0	0.0	2872.23828817872	1	0	tensor(3, device='cuda:0')	1.0459571910696437
125832.10003032214	1000.0	2040.1382578565836	0.0	0	0.0	2872.23828817872	1	0	tensor(3, device='cuda:0')	1.0459571910696437
126773.15099623128	1000.0	2099.0872919474464	0.0	0	0.0	2872.23828817872	1	0	tensor(3, device='cuda:0')	1.0459571910696437
127995.48076205899	1000.0	1876.7575261197555	0.0	0	0.0	2872.23828817872	1	0	tensor(3, device='cuda:0')	1.0459571910696437
129121.22806272573	1000.0	1751.0102254530273	0.0	0	0.0	2872.23828817872	1	0	tensor(3, device='cuda:0')	1.0459571910696437
129836.47504712439	1000.0	2035.7632410543708	0.0	0	0.0	2872.2382881787344	1	0	tensor(3, device='cuda:0')	1.0459571910696415
130468.22973494155	1000.0	2404.008553237208	0.0	0	0.0	2872.2382881787344	1	0	tensor(3, device='cuda:0')	1.0459571910696415
131240.70322377258	1000.0	2631.535064406199	0.0	0	0.0	2872.2382881787635	1	0	tensor(3, device='cuda:0')	1.045957191069638
132200.0	1000.0	2672.238288178815	0.0	0	295.62766763108084	2872.2382881788217	1	0	tensor(3, device='cuda:0')	1.0459571910696315
133200.0	1000.0	2672.238288178814	0.0	0	254.85018068164936	2872.2382881788217	1	0	tensor(3, device='cuda:0')	1.0459571910696277
134200.0	1000.0	2672.2382881788158	0.0	0	223.64253693263163	2872.2382881788362	1	0	tensor(3, device='cuda:0')	1.045957191069626
135200.0	1000.0	2672.238288178801	0.0	0	350.32615333329886	2872.2382881788362	1	0	tensor(3, device='cuda:0')	1.045957191069625
136200.0	1000.0	2672.2382881787967	0.0	0	326.7371392045752	2872.2382881788653	1	0	tensor(3, device='cuda:0')	1.0459571910696202
137200.0	1000.0	2672.2382881788276	0.0	0	219.7401482136338	2872.2382881788944	1	0	tensor(3, device='cuda:0')	1.0459571910696155
138815.18227357365	2000.0	2057.056014605195	0.0	0	0.0	2872.2382881788944	1	0	tensor(3, device='cuda:0')	1.0459571910696155
139437.59472068862	1000.0	2434.6435674902073	0.0	0	0.0	2872.2382881788944	1	0	tensor(3, device='cuda:0')	0.35281001050967037
140376.1820337255	1000.0	2496.056254453317	0.0	0	0.0	2872.2382881788653	1	0	tensor(3, device='cuda:0')	1.0459571910696202
141200.0	1000.0	2672.2382881787926	0.0	0	101.12815631416743	2872.2382881788653	1	0	tensor(3, device='cuda:0')	1.0459571910696202
142200.0	1000.0	2672.238288178815	0.0	0	125.8848497994768	2872.2382881788653	1	0	tensor(3, device='cuda:0')	1.0459571910696202
143200.0	1000.0	2672.238288178798	0.0	0	29.05597034515813	2872.2382881788653	1	0	tensor(3, device='cuda:0')	1.0459571910696202
144200.0	1000.0	2672.2382881787785	0.0	0	356.4364162570855	2872.2382881788653	1	0	tensor(3, device='cuda:0')	1.0459571910696202
145200.0	1000.0	2672.2382881787653	0.0	0	217.65734920685645	2872.2382881788653	1	0	tensor(3, device='cuda:0')	1.0459571910696202
146472.78734510698	2000.0	2399.4509430717853	0.0	0	0.0	2872.2382881788653	1	0	tensor(3, device='cuda:0')	1.0459571910696202
148118.54693298924	1000.0	1753.691355189552	0.0	0	0.0	2872.2382881788653	1	0	tensor(3, device='cuda:0')	0.3528100105096751
149225.20646527715	1000.0	1647.0318229016032	0.0	0	0.0	2872.2382881788362	1	0	tensor(3, device='cuda:0')	1.045957191069625
150596.10452714667	1000.0	1276.1337610320736	0.0	0	0.0	2872.2382881788362	1	0	tensor(3, device='cuda:0')	1.045957191069625
151955.7308035655	500.0	916.5074846132275	0.0	0	0.0	2872.2382881788362	1	0	tensor(3, device='cuda:0')	-0.3403371700502658
152764.37028806613	500.0	1107.868000112583	0.0	0	0.0	2872.2382881788362	1	0	tensor(3, device='cuda:0')	0.35281001050967953
153260.76119004094	500.0	1611.4770981377678	0.0	0	0.0	2872.2382881788362	1	0	tensor(3, device='cuda:0')	0.35281001050967953
154324.14301420693	1000.0	1548.0952739717604	0.0	0	0.0	2872.2382881788362	1	0	tensor(3, device='cuda:0')	0.3528100105096796
155589.46342348476	1000.0	1282.7748646939394	0.0	0	0.0	2872.2382881788362	1	0	tensor(3, device='cuda:0')	1.045957191069625
156580.4367975749	1000.0	1291.8014906037665	0.0	0	0.0	2872.2382881788362	1	0	tensor(3, device='cuda:0')	1.045957191069625
157358.4107772336	1000.0	1513.8275109450412	0.0	0	0.0	2872.238288178807	1	0	tensor(3, device='cuda:0')	1.0459571910696295
158217.68556450267	1000.0	1654.5527236759972	0.0	0	0.0	2872.238288178807	1	0	tensor(3, device='cuda:0')	1.0459571910696295
159270.57729393913	1000.0	1601.6609942395166	0.0	0	0.0	2872.238288178807	1	0	tensor(3, device='cuda:0')	1.0459571910696295
160400.37995289447	1000.0	1471.8583352842288	0.0	0	0.0	2872.238288178807	1	0	tensor(3, device='cuda:0')	1.0459571910696295
161437.67006008554	1000.0	1434.5682280931474	0.0	0	0.0	2872.238288178778	1	0	tensor(3, device='cuda:0')	1.0459571910696344
162991.18584026594	1000.0	881.0524479126984	0.0	0	0.0	2872.238288178778	1	0	tensor(3, device='cuda:0')	1.0459571910696344
164115.00064324855	1000.0	757.2376449300839	0.0	0	0.0	2872.238288178778	1	0	tensor(3, device='cuda:0')	1.0459571910696344
164924.20557827328	1000.0	948.0327099053604	0.0	0	0.0	2872.238288178778	1	0	tensor(3, device='cuda:0')	1.0459571910696344
165652.7267485967	1000.0	1219.5115395819162	0.0	0	0.0	2872.238288178749	1	0	tensor(3, device='cuda:0')	1.045957191069639
166908.60394177216	1000.0	963.6343464064362	0.0	0	0.0	2872.23828817872	1	0	tensor(3, device='cuda:0')	1.0459571910696437
167749.15070691096	1000.0	1123.0875812676152	0.0	0	0.0	2872.23828817872	1	0	tensor(3, device='cuda:0')	1.0459571910696437
168285.94471472097	1000.0	1586.2935734576026	0.0	0	0.0	2872.23828817872	1	0	tensor(3, device='cuda:0')	1.0459571910696437
168685.6377475523	1000.0	2186.6005406262857	0.0	0	0.0	2872.23828817872	1	0	tensor(3, device='cuda:0')	1.0459571910696437
169249.21044220796	1000.0	2623.0278459706096	0.0	0	0.0	2872.23828817872	1	0	tensor(3, device='cuda:0')	1.0459571910696437
170240.22014198697	2000.0	2632.0181461915927	0.0	0	0.0	2872.23828817872	1	0	tensor(3, device='cuda:0')	1.0459571910696435
171514.69835926642	2000.0	2357.539928912121	0.0	0	0.0	2872.23828817872	1	0	tensor(3, device='cuda:0')	1.7391043716295886
172278.0925693063	1000.0	2594.145718872248	0.0	0	0.0	2872.23828817872	1	0	tensor(3, device='cuda:0')	0.3528100105096985
173422.6289139644	1000.0	2449.60937421414	0.0	0	0.0	2872.23828817872	1	0	tensor(3, device='cuda:0')	1.0459571910696437
174200.0	1000.0	2672.2382881785697	0.0	0	144.19003126720781	2872.23828817872	1	0	tensor(3, device='cuda:0')	1.0459571910696437
175228.66846470375	1000.0	2643.569823474837	0.0	0	0.0	2872.23828817872	1	0	tensor(3, device='cuda:0')	1.0459571910696437
176200.0	1000.0	2672.2382881786048	0.0	0	64.20995205597137	2872.23828817872	1	0	tensor(3, device='cuda:0')	1.0459571910696437
177200.0	1000.0	2672.2382881786198	0.0	0	362.850005544693	2872.23828817872	1	0	tensor(3, device='cuda:0')	1.0459571910696437
178209.11271723566	1000.0	2663.1255709429483	0.0	0	0.0	2872.23828817872	1	0	tensor(3, device='cuda:0')	1.0459571910696437
179269.3395824148	1000.0	2602.8987057637955	0.0	0	0.0	2872.2382881786907	1	0	tensor(3, device='cuda:0')	1.0459571910696484
180262.25592050905	1000.0	2609.982367669568	0.0	0	0.0	2872.2382881786907	1	0	tensor(3, device='cuda:0')	1.0459571910696484
181511.7587440483	1000.0	2360.479544130313	0.0	0	0.0	2872.2382881786907	1	0	tensor(3, device='cuda:0')	1.0459571910696484
182519.29811717494	1000.0	2352.940171003685	0.0	0	0.0	2872.2382881786907	1	0	tensor(3, device='cuda:0')	1.0459571910696484
183200.0	1000.0	2672.2382881786552	0.0	0	34.39330237606191	2872.2382881786907	1	0	tensor(3, device='cuda:0')	1.0459571910696484
184200.0	1000.0	2672.238288178665	0.0	0	71.54606251537916	2872.2382881786907	1	0	tensor(3, device='cuda:0')	1.0459571910696484
185200.0	1000.0	2672.2382881786607	0.0	0	84.78516662842594	2872.2382881786907	1	0	tensor(3, device='cuda:0')	1.0459571910696484
186676.08330900333	1000.0	2196.1549791753423	0.0	0	0.0	2872.2382881786907	1	0	tensor(3, device='cuda:0')	1.0459571910696484
187624.52908993335	1000.0	2247.7091982453085	0.0	0	0.0	2872.2382881786907	1	0	tensor(3, device='cuda:0')	1.0459571910696484
188798.22002166073	1000.0	2074.0182665179436	0.0	0	0.0	2872.23828817872	1	0	tensor(3, device='cuda:0')	1.0459571910696437
190418.20267338838	1000.0	1454.035614790289	0.0	0	0.0	2872.2382881786907	1	0	tensor(3, device='cuda:0')	1.0459571910696484
191586.96985996194	1000.0	1285.2684282167263	0.0	0	0.0	2872.2382881786907	1	0	tensor(3, device='cuda:0')	1.0459571910696484
192378.15467858626	1000.0	1494.0836095924012	0.0	0	0.0	2872.2382881786907	1	0	tensor(3, device='cuda:0')	1.0459571910696484
193058.8815001261	1000.0	1813.356788052575	0.0	0	0.0	2872.2382881786907	1	0	tensor(3, device='cuda:0')	1.0459571910696484
193842.83048398426	1000.0	2029.4078041944288	0.0	0	0.0	2872.2382881786907	1	0	tensor(3, device='cuda:0')	1.0459571910696484
194432.27776943837	1000.0	2439.960518740341	0.0	0	0.0	2872.2382881786907	1	0	tensor(3, device='cuda:0')	1.0459571910696484
195200.0	1000.0	2672.238288178718	0.0	0	290.2408876105619	2872.2382881786907	1	0	tensor(3, device='cuda:0')	1.0459571910696484
196821.8007371094	2000.0	2050.437551069306	0.0	0	0.0	2872.2382881786616	1	0	tensor(3, device='cuda:0')	1.045957191069653
197736.2799836009	1000.0	2135.958304577817	0.0	0	0.0	2872.2382881786907	1	0	tensor(3, device='cuda:0')	0.3528100105097032
198640.73311342087	1000.0	2231.505174757837	0.0	0	0.0	2872.2382881786907	1	0	tensor(3, device='cuda:0')	1.0459571910696484
200202.6752234679	1000.0	1669.5630647108094	0.0	0	0.0	2872.2382881786907	1	0	tensor(3, device='cuda:0')	1.0459571910696484
201374.16477193145	1000.0	1498.0735162472467	0.0	0	0.0	2872.2382881786907	1	0	tensor(3, device='cuda:0')	1.0459571910696484
202467.87330697288	1000.0	1404.364981205837	0.0	0	0.0	2872.2382881786907	1	0	tensor(3, device='cuda:0')	1.0459571910696484
203394.17187744103	1000.0	1478.0664107377163	0.0	0	0.0	2872.2382881786907	1	0	tensor(3, device='cuda:0')	1.0459571910696484
204202.2081919325	1000.0	1670.0300962462397	0.0	0	0.0	2872.2382881786907	1	0	tensor(3, device='cuda:0')	1.0459571910696484
205176.02851312727	1000.0	1696.2097750514788	0.0	0	0.0	2872.2382881786907	1	0	tensor(3, device='cuda:0')	1.0459571910696484
206326.19238027645	1000.0	1546.0459079022748	0.0	0	0.0	2872.23828817872	1	0	tensor(3, device='cuda:0')	1.0459571910696437
207536.5670113831	1000.0	1335.671276795653	0.0	0	0.0	2872.238288178749	1	0	tensor(3, device='cuda:0')	1.045957191069639
208389.25975883097	1000.0	1482.9785293477637	0.0	0	0.0	2872.23828817872	1	0	tensor(3, device='cuda:0')	1.0459571910696437
209748.1765832041	1000.0	1124.0617049746215	0.0	0	0.0	2872.23828817872	1	0	tensor(3, device='cuda:0')	1.0459571910696437
210573.28742536117	1000.0	1298.9508628175577	0.0	0	0.0	2872.238288178749	1	0	tensor(3, device='cuda:0')	1.045957191069639
211485.15340992075	1000.0	1387.0848782579633	0.0	0	0.0	2872.238288178749	1	0	tensor(3, device='cuda:0')	1.045957191069639
212139.95676132763	1000.0	1732.2815268510637	0.0	0	0.0	2872.238288178749	1	0	tensor(3, device='cuda:0')	1.045957191069639
212928.32848617315	1000.0	1943.9098020055237	0.0	0	0.0	2872.238288178749	1	0	tensor(3, device='cuda:0')	1.045957191069639
213690.45233118208	1000.0	2181.7859569966213	0.0	0	0.0	2872.238288178749	1	0	tensor(3, device='cuda:0')	1.045957191069639
214498.82426708954	1000.0	2373.414021089124	0.0	0	0.0	2872.23828817872	1	0	tensor(3, device='cuda:0')	1.0459571910696437
215682.9082811726	1000.0	2189.3300070060614	0.0	0	0.0	2872.23828817872	1	0	tensor(3, device='cuda:0')	1.0459571910696437
216613.56494974607	1000.0	2258.6733384326085	0.0	0	0.0	2872.23828817872	1	0	tensor(3, device='cuda:0')	1.0459571910696437
217877.664412298	1000.0	1994.5738758806483	0.0	0	0.0	2872.2382881786907	1	0	tensor(3, device='cuda:0')	1.0459571910696484
219368.44444481962	1000.0	1503.7938433590366	0.0	0	0.0	2872.2382881786907	1	0	tensor(3, device='cuda:0')	1.0459571910696484
220187.31376595094	1000.0	1684.9245222277061	0.0	0	0.0	2872.2382881786616	1	0	tensor(3, device='cuda:0')	1.045957191069653
221457.77381561257	1000.0	1414.4644725660964	0.0	0	0.0	2872.2382881786616	1	0	tensor(3, device='cuda:0')	1.045957191069653
222525.4086335471	1000.0	1346.829654631572	0.0	0	0.0	2872.2382881786616	1	0	tensor(3, device='cuda:0')	1.045957191069653
223100.38580970597	1000.0	1771.8524784727276	0.0	0	0.0	2872.2382881786616	1	0	tensor(3, device='cuda:0')	1.045957191069653
223649.15197609816	1000.0	2223.08631208054	0.0	0	0.0	2872.2382881786616	1	0	tensor(3, device='cuda:0')	1.045957191069653
224202.1585277031	1000.0	2670.079760475579	0.0	0	0.0	2872.2382881786616	1	0	tensor(3, device='cuda:0')	1.045957191069653
225200.0	2000.0	2672.238288178687	0.0	0	164.6967516723962	2872.2382881786616	1	0	tensor(3, device='cuda:0')	1.045957191069653
226450.8520121805	2000.0	2421.3862759982044	0.0	0	0.0	2872.2382881786616	1	0	tensor(3, device='cuda:0')	1.7391043716295982
227303.73478015434	1000.0	2568.5035080243665	0.0	0	0.0	2872.2382881786616	1	0	tensor(3, device='cuda:0')	0.35281001050970784
228427.79870387394	1000.0	2444.4395843047428	0.0	0	0.0	2872.2382881786616	1	0	tensor(3, device='cuda:0')	1.045957191069653
229763.86804766135	1000.0	2108.3702405173344	0.0	0	0.0	2872.2382881786616	1	0	tensor(3, device='cuda:0')	1.045957191069653
230626.06976214144	1000.0	2246.1685260372337	0.0	0	0.0	2872.2382881786616	1	0	tensor(3, device='cuda:0')	1.045957191069653
231573.5911218048	1000.0	2298.6471663738894	0.0	0	0.0	2872.2382881786907	1	0	tensor(3, device='cuda:0')	1.0459571910696484
232431.5540997032	1000.0	2440.6841884755167	0.0	0	0.0	2872.2382881786907	1	0	tensor(3, device='cuda:0')	1.0459571910696484
233602.13810407204	1000.0	2270.1001841067236	0.0	0	0.0	2872.2382881786907	1	0	tensor(3, device='cuda:0')	1.0459571910696484
234905.90202630367	1000.0	1966.336261875073	0.0	0	0.0	2872.2382881786616	1	0	tensor(3, device='cuda:0')	1.045957191069653
237869.83891406795	1000.0	200.0	197.60062588917663	0	0.0	3069.838914067863	1	0	tensor(3, device='cuda:0')	-0.14661140221347335
239129.3770182319	500.0	449.6850978215004	509.22320198543434	0	0.0	3579.062116053392	1	0	tensor(3, device='cuda:0')	-3.554130073647021
240028.1658480456	500.0	566.1510950537241	15.254827045913373	0	0.0	3594.3169430992857	1	0	tensor(3, device='cuda:0')	0.09822571291720732
240778.4840631349	500.0	815.832879964381	0.0	0	0.0	3594.3169430992566	1	0	tensor(3, device='cuda:0')	0.18975467519269645
241801.86087425493	500.0	792.4560688443688	0.0	0	0.0	3594.3169430992566	1	0	tensor(3, device='cuda:0')	0.18975467519269645
242925.58914553834	500.0	668.7277975609561	0.0	0	0.0	3594.3169430992566	1	0	tensor(3, device='cuda:0')	0.18975467519269645
243560.6994923471	500.0	1033.617450752174	0.0	0	0.0	3594.3169430992566	1	0	tensor(3, device='cuda:0')	0.18975467519269645
244267.27176378254	500.0	1327.0451793167622	0.0	0	0.0	3594.3169430992857	1	0	tensor(3, device='cuda:0')	0.18975467519268757
244898.4245255135	1000.0	1695.8924175857815	0.0	0	0.0	3594.3169430992566	1	0	tensor(3, device='cuda:0')	0.1897546751926965
245511.41626387349	1000.0	2082.9006792257705	0.0	0	0.0	3594.3169430992566	1	0	tensor(3, device='cuda:0')	0.8829018557526419
246236.23182166248	1000.0	2358.085121436746	0.0	0	0.0	3594.3169430992566	1	0	tensor(3, device='cuda:0')	0.8829018557526419
246953.6714099153	1000.0	2461.285636120741	0.0	0	0.0	3414.9570460360555	1	0	tensor(5, device='cuda:0')	0.06242865390013527
247596.18846762652	1000.0	2818.7685784094947	0.0	0	0.0	3414.9570460360264	1	0	tensor(3, device='cuda:0')	0.4334342733321892
248521.81338443328	2000.0	2893.143661602742	0.0	0	0.0	3414.9570460360264	1	0	tensor(3, device='cuda:0')	0.933434273332189
249494.1375702221	2000.0	2920.8194758139257	0.0	0	0.0	3414.9570460360264	1	0	tensor(3, device='cuda:0')	1.6265814538921342
250480.57204933392	2000.0	2934.384996702097	0.0	0	0.0	3414.9570460359973	1	0	tensor(3, device='cuda:0')	1.626581453892142
251686.92866679197	2000.0	2728.0283792440346	0.0	0	0.0	3414.9570460359682	1	0	tensor(3, device='cuda:0')	1.6265814538921495
252824.0014394731	2000.0	2590.95560656287	0.0	0	0.0	3414.9570460359682	1	0	tensor(3, device='cuda:0')	1.6265814538921495
254948.47889236486	2000.0	1466.4781536710764	0.0	0	0.0	3414.9570460359682	1	0	tensor(3, device='cuda:0')	1.6265814538921495
256580.10814887512	1000.0	834.8488971608133	0.0	0	0.0	3414.9570460359973	1	0	tensor(3, device='cuda:0')	0.24028709277225144
257588.67095898476	1000.0	826.2860870511943	0.0	0	0.0	3414.9570460360264	1	0	tensor(3, device='cuda:0')	0.9334342733321892
258227.20909458474	500.0	1187.747951451257	0.0	0	0.0	3414.9570460360264	1	0	tensor(3, device='cuda:0')	-0.45286008778770154
258886.52720892074	500.0	1528.4298371152418	0.0	0	0.0	3414.9570460359973	1	0	tensor(3, device='cuda:0')	0.2402870927722512
259914.6347426575	1000.0	1500.322303378477	0.0	0	0.0	3414.9570460359973	1	0	tensor(3, device='cuda:0')	0.24028709277225122
260739.9221790689	1000.0	1675.0348669670725	0.0	0	0.0	3414.9570460359973	1	0	tensor(3, device='cuda:0')	0.9334342733321966
262177.58464527456	1000.0	1237.3724007614205	0.0	0	0.0	3414.9570460360264	1	0	tensor(3, device='cuda:0')	0.9334342733321952
263179.06419980765	1000.0	1235.8928462283147	0.0	0	0.0	3414.9570460359973	1	0	tensor(3, device='cuda:0')	0.9334342733322012
263785.534977338	1000.0	1629.422068697988	0.0	0	0.0	3414.9570460359682	1	0	tensor(3, device='cuda:0')	0.9334342733322027
264351.5687580894	1000.0	2063.388287946552	0.0	0	0.0	3414.957046035939	1	0	tensor(3, device='cuda:0')	0.9334342733322074
264955.16078591114	1000.0	2459.796260124805	0.0	0	0.0	3414.957046035939	1	0	tensor(3, device='cuda:0')	0.9334342733322134
266062.17165694933	2000.0	2352.785389086634	0.0	0	0.0	3414.9570460359682	1	0	tensor(3, device='cuda:0')	0.9334342733322059
267020.2505139634	1000.0	2155.1868178191025	0.0	0	0.0	3175.4373317825957	1	0	tensor(5, device='cuda:0')	-0.6955067518438007
268560.74039776705	1000.0	1614.6969340154574	0.0	0	0.0	3175.4373317825957	1	0	tensor(3, device='cuda:0')	0.4898185048384933
269935.2561572155	1000.0	1240.181174567034	0.0	0	0.0	3175.437331782654	1	0	tensor(3, device='cuda:0')	0.989818504838481
271241.89327488595	1000.0	933.5440568965348	0.0	0	0.0	3175.437331782654	1	0	tensor(3, device='cuda:0')	0.989818504838481
272197.0896064862	500.0	978.3477252962853	0.0	0	0.0	3175.4373317825957	1	0	tensor(3, device='cuda:0')	-0.3964758562813975
272862.9490277741	500.0	1312.48830400837	0.0	0	0.0	3175.4373317825957	1	0	tensor(3, device='cuda:0')	0.29667132427854787
274867.1649767932	1000.0	308.27235498923125	0.0	0	0.0	3175.437331782654	1	0	tensor(3, device='cuda:0')	0.2966713242785356
275515.75702569576	500.0	672.1966708866684	12.51636479994518	0	0.0	3187.953696582641	1	0	tensor(3, device='cuda:0')	-0.47423596120504574
276212.90684923186	500.0	975.0468473506448	0.0	0	0.0	3187.953696582641	1	0	tensor(3, device='cuda:0')	0.2940094081545707
277277.0103737271	1000.0	910.9433228554034	0.0	0	0.0	3187.953696582641	1	0	tensor(3, device='cuda:0')	0.2940094081545708
278007.6069172693	500.0	1180.3467793132136	0.0	0	0.0	3187.953696582641	1	0	tensor(3, device='cuda:0')	-0.3991377724053746
278978.78199269297	500.0	1209.1717038896045	0.0	0	0.0	3187.953696582641	1	0	tensor(3, device='cuda:0')	0.2940094081545707
279640.35633445735	500.0	1547.5973621252256	0.0	0	0.0	3187.953696582641	1	0	tensor(3, device='cuda:0')	0.2940094081545707
281280.86137299374	1000.0	907.0923235888874	0.0	0	0.0	3187.953696582641	1	0	tensor(3, device='cuda:0')	0.2940094081545708
282316.2677428221	1000.0	871.685953760491	0.0	0	0.0	3187.953696582641	1	0	tensor(3, device='cuda:0')	0.9871565887145162
283171.78897842445	500.0	1016.1647181581758	0.0	0	0.0	3187.953696582641	1	0	tensor(3, device='cuda:0')	-0.3991377724053746
283736.77820207505	500.0	1451.175494507606	0.0	0	0.0	3187.953696582641	1	0	tensor(3, device='cuda:0')	0.2940094081545707
284658.1613335836	1000.0	1529.7923629990132	0.0	0	0.0	3187.953696582641	1	0	tensor(3, device='cuda:0')	0.2940094081545708
285540.0241454026	1000.0	1647.9295511800374	0.0	0	0.0	3187.953696582699	1	0	tensor(3, device='cuda:0')	0.9871565887145037
286090.20667947026	1000.0	2097.7470171123186	0.0	0	0.0	3187.953696582699	1	0	tensor(3, device='cuda:0')	0.9871565887145037
286873.58739495074	1000.0	2314.366301631841	0.0	0	0.0	3187.953696582699	1	0	tensor(3, device='cuda:0')	0.9871565887145037
288471.92913086404	1000.0	1716.0245657185542	0.0	0	0.0	3187.953696582699	1	0	tensor(3, device='cuda:0')	0.9871565887145037
289819.0891742744	1000.0	1368.8645223082106	0.0	0	0.0	3187.953696582699	1	0	tensor(3, device='cuda:0')	0.9871565887145037
290970.0579041061	1000.0	1217.895792476472	0.0	0	0.0	3187.953696582699	1	0	tensor(3, device='cuda:0')	0.9871565887145037
291720.62891943514	1000.0	1467.3247771474316	0.0	0	0.0	3187.953696582699	1	0	tensor(3, device='cuda:0')	0.9871565887145037
292360.13050956524	1000.0	1827.8231870173036	0.0	0	0.0	3187.953696582699	1	0	tensor(3, device='cuda:0')	0.9871565887145037
293141.92035238905	1000.0	2046.0333441935027	0.0	0	0.0	3187.953696582699	1	0	tensor(3, device='cuda:0')	0.9871565887145037
294024.0151201441	1000.0	2163.9385764383946	0.0	0	0.0	3187.953696582641	1	0	tensor(3, device='cuda:0')	0.9871565887145162
295087.5595887393	1000.0	2100.3941078432144	0.0	0	0.0	3187.953696582641	1	0	tensor(3, device='cuda:0')	0.9871565887145162
296359.05509860103	1000.0	1828.8985979814852	0.0	0	0.0	3187.953696582583	1	0	tensor(3, device='cuda:0')	0.9871565887145286
298050.52178053046	1000.0	1137.4319160520772	0.0	0	0.0	3187.953696582641	1	0	tensor(3, device='cuda:0')	0.9871565887145162
298789.33676832105	1000.0	1398.6169282614367	0.0	0	0.0	3187.953696582641	1	0	tensor(3, device='cuda:0')	0.9871565887145162
299330.5432156584	1000.0	1857.4104809240916	0.0	0	0.0	3187.953696582641	1	0	tensor(3, device='cuda:0')	0.9871565887145162
299874.8241665023	1000.0	2313.1295300802403	0.0	0	0.0	3187.953696582641	1	0	tensor(3, device='cuda:0')	0.9871565887145162
300803.1750150955	1000.0	2384.778681486953	0.0	0	0.0	3187.953696582583	1	0	tensor(3, device='cuda:0')	0.9871565887145286
1.19	0.776	0.892	0.95	1.39	1.22	1.34	1.15	1.42	1.77	2.31	1.98	1.32	1.15	0.904	0.741	0.938	1.18	1.19	0.869	0.892	0.973	1.09	1.03	1.1	1.25	1.1	0.822	0.915	1.22	1.3	1.76	1.29	1.01	1.42	1.78	1.37	0.996	1.04	0.915	0.95	1.17	1.19	1.6	1.89	1.61	1.84	1.25	1.54	1.1	0.904	0.73	1.17	1.58	1.24	1.33	1.38	1.39	1.1	1.37	1.19	0.857	0.857	1.24	1.41	1.04	1.4	1.78	1.56	1.7	1.82	1.33	1.59	1.45	1.24	1.02	1.11	1.46	1.52	1.37	1.85	0.869	0.765	0.985	0.95	1.17	1.47	0.834	0.88	1.11	1.48	1.42	1.82	1.51	1.32	1.18	0.776	0.533	0.961	1.33	0.892	0.625	0.475	0.973	1.09	0.996	0.927	1.2	0.66	0.683	0.741	0.996	1.23	1.41	0.741	0.626	0.44	0.904	1.18	1.29	1.14	1.34	1.01	1.05	1.08	1.22	1.74	1.53	1.33	1.29	1.02	1.49	1.52	1.45	1.11	1.38	1.44	1.39	1.17	1.32	1.44	1.55	1.74	0.927	0.718	0.741	1.02	0.359	0.498	0.73	0.996	0.823	0.741	0.985	1.08	0.869	0.996	0.869	0.707	0.95	1.01	1.49	1.23	0.95	1.4	1.97	2.15	1.99	1.29	1.04	1.3	1.11	1.11	1.33	0.938	1.22	0.927	0.822	1.33	1.34	0.961	0.961	0.927	0.753	0.869	1.04	0.718	0.973	0.996	1.29	1.58	1.75	1.76	1.36	1.09	0.915	0.811	0.614	1.1	1.48	1.34	1.16	1.24	0.799	1.02	0.938	1.12	1.22	1.17	1.19	1.29	0.927	1.2	0.985	0.475	0.857	1.23	0.985	0.938	1.41	1.76	2.07	1.56	1.11	0.996	0.996	1.05	1.12	0.892	0.915	1.14	0.672	0.51	0.324	0.162	0.498	0.591	0.626	0.521	0.533	0.718	1.31	1.6	1.85	2.1	2.25	2.21	2.27	2.07	1.53	1.2	0.857	0.637	0.938	0.707	0.869	0.892	1.09	0.834	1.1	1.51	2.06	1.56	1.18	0.834	0.695	0.765	0.602	0.637	0.73	0.626	0.649	0.811	0.962	0.568	0.73	0.568	0.822	0.927	0.556	0.811	1.33	1.45	1.12	0.741	0.834	1.08	1.09	1.37	1.36	1.18	0.961	0.672	0.568	0.95	1.49	1.69	1.27	1.29	0.903	0.556
1483.0	1484.0	1485.0	1486.0	1487.0	1488.0	1489.0	1490.0	1491.0	1492.0	1493.0	1494.0	1495.0	1496.0	1497.0	1498.0	1499.0	1500.0	1501.0	1502.0	1503.0	1504.0	1505.0	1506.0	1507.0	1508.0	1509.0	1510.0	1511.0	1512.0	1513.0	1514.0	1515.0	1516.0	1517.0	1518.0	1519.0	1520.0	1521.0	1522.0	1523.0	1524.0	1525.0	1526.0	1527.0	1528.0	1529.0	1530.0	1531.0	1532.0	1533.0	1534.0	1535.0	1536.0	1537.0	1538.0	1539.0	1540.0	1541.0	1542.0	1543.0	1544.0	1545.0	1546.0	1547.0	1548.0	1549.0	1550.0	1551.0	1552.0	1553.0	1554.0	1555.0	1556.0	1557.0	1558.0	1559.0	1560.0	1561.0	1562.0	1563.0	1564.0	1565.0	1566.0	1567.0	1568.0	1569.0	1570.0	1571.0	1572.0	1573.0	1574.0	1575.0	1576.0	1577.0	1578.0	1579.0	1580.0	1581.0	1582.0	1583.0	1584.0	1585.0	1586.0	1587.0	1588.0	1589.0	1590.0	1591.0	1592.0	1593.0	1594.0	1595.0	1596.0	1597.0	1598.0	1599.0	1600.0	1601.0	1602.0	1603.0	1604.0	1605.0	1606.0	1607.0	1608.0	1609.0	1610.0	1611.0	1612.0	1613.0	1614.0	1615.0	1616.0	1617.0	1618.0	1619.0	1620.0	1621.0	1622.0	1623.0	1624.0	1625.0	1626.0	1627.0	1628.0	1629.0	1630.0	1631.0	1632.0	1633.0	1634.0	1635.0	1636.0	1637.0	1638.0	1639.0	1640.0	1641.0	1642.0	1643.0	1644.0	1645.0	1646.0	1647.0	1648.0	1649.0	1650.0	1651.0	1652.0	1653.0	1654.0	1655.0	1656.0	1657.0	1658.0	1659.0	1660.0	1661.0	1662.0	1663.0	1664.0	1665.0	1666.0	1667.0	1668.0	1669.0	1670.0	1671.0	1672.0	1673.0	1674.0	1675.0	1676.0	1677.0	1678.0	1679.0	1680.0	1681.0	1682.0	1683.0	1684.0	1685.0	1686.0	1687.0	1688.0	1689.0	1690.0	1691.0	1692.0	1693.0	1694.0	1695.0	1696.0	1697.0	1698.0	1699.0	1700.0	1701.0	1702.0	1703.0	1704.0	1705.0	1706.0	1707.0	1708.0	1709.0	1710.0	1711.0	1712.0	1713.0	1714.0	1715.0	1716.0	1717.0	1718.0	1719.0	1720.0	1721.0	1722.0	1723.0	1724.0	1725.0	1726.0	1727.0	1728.0	1729.0	1730.0	1731.0	1732.0	1733.0	1734.0	1735.0	1736.0	1737.0	1738.0	1739.0	1740.0	1741.0	1742.0	1743.0	1744.0	1745.0	1746.0	1747.0	1748.0	1749.0	1750.0	1751.0	1752.0	1753.0	1754.0	1755.0	1756.0	1757.0	1758.0	1759.0	1760.0	1761.0	1762.0	1763.0	1764.0	1765.0	1766.0	1767.0	1768.0	1769.0	1770.0	1771.0	1772.0	1773.0	1774.0	1775.0	1776.0	1777.0	1778.0	1779.0	1780.0	1781.0	1782.0	1783.0
3093.0
