5200.0	300.0	1824.311693390203	158.15005980038515	0	175.6883066097971	2024.311693390203	1	0	tensor(6, device='cuda:0')	-10.010414532823132
6237.484941572908	2000.0	1786.8267518172947	0.0	0	0.0	2024.311693390203	1	0	tensor(3, device='cuda:0')	-0.06379226877105582
7200.0	2000.0	1824.3116933902024	0.0	0	317.896072603402	2024.311693390203	1	0	tensor(3, device='cuda:0')	1.8333277161148256
8200.0	2000.0	1824.3116933902036	0.0	0	549.2972529919234	2024.311693390203	1	0	tensor(3, device='cuda:0')	1.8333277161148256
9200.0	2000.0	1824.3116933902031	0.0	0	595.7822957248118	2024.311693390202	1	0	tensor(3, device='cuda:0')	1.8333277161148258
10200.0	2000.0	1824.311693390201	0.0	0	338.48892728648207	2024.3116933902002	1	0	tensor(3, device='cuda:0')	1.8333277161148258
11200.0	2000.0	1824.311693390199	0.0	0	339.0123255720191	2024.3116933902002	1	0	tensor(3, device='cuda:0')	1.8333277161148258
12200.0	2000.0	1824.3116933901983	0.0	0	230.23044778774965	2024.3116933902002	1	0	tensor(3, device='cuda:0')	1.8333277161148258
13200.0	2000.0	1824.3116933901993	0.0	0	465.7402929140553	2024.3116933902002	1	0	tensor(3, device='cuda:0')	1.8333277161148258
14200.0	2000.0	1824.3116933901988	0.0	0	518.4492118014314	2024.3116933902002	1	0	tensor(3, device='cuda:0')	1.8333277161148258
15200.0	2000.0	1824.311693390197	0.0	0	306.07695967144355	2024.3116933902002	1	0	tensor(3, device='cuda:0')	1.8333277161148258
16200.0	2000.0	1824.3116933901947	0.0	0	294.5677767682155	2024.3116933902002	1	0	tensor(3, device='cuda:0')	1.8333277161148258
17200.0	2000.0	1824.311693390196	0.0	0	351.7604627119981	2024.3116933902002	1	0	tensor(3, device='cuda:0')	1.8333277161148258
18200.0	2000.0	1824.3116933901986	0.0	0	572.6447103681567	2024.311693390202	1	0	tensor(3, device='cuda:0')	1.8333277161148256
19200.0	2000.0	1824.311693390197	0.0	0	257.26116949363495	2024.311693390202	1	0	tensor(3, device='cuda:0')	1.8333277161148256
20200.0	2000.0	1824.3116933901952	0.0	0	331.0757540643499	2024.311693390202	1	0	tensor(3, device='cuda:0')	1.8333277161148256
21200.0	2000.0	1824.3116933901974	0.0	0	401.86362700414975	2024.311693390202	1	0	tensor(3, device='cuda:0')	1.8333277161148256
22200.0	2000.0	1824.3116933901936	0.0	0	536.885300528018	2024.3116933901983	1	0	tensor(3, device='cuda:0')	1.8333277161148258
23200.0	2000.0	1824.3116933901945	0.0	0	678.6996273653676	2024.3116933901947	1	0	tensor(3, device='cuda:0')	1.8333277161148263
24200.0	2000.0	1824.3116933901915	0.0	0	573.0849355160972	2024.3116933901947	1	0	tensor(3, device='cuda:0')	1.8333277161148263
25200.0	2000.0	1824.3116933901913	0.0	0	497.86082953539153	2024.311693390191	1	0	tensor(3, device='cuda:0')	1.8333277161148265
26200.0	2000.0	1824.3116933901904	0.0	0	417.258409074846	2024.311693390191	1	0	tensor(3, device='cuda:0')	1.8333277161148265
27200.0	2000.0	1824.3116933901915	0.0	0	324.89345070844865	2024.311693390191	1	0	tensor(3, device='cuda:0')	1.8333277161148265
28200.0	2000.0	1824.3116933901956	0.0	0	563.8910724620328	2024.311693390191	1	0	tensor(3, device='cuda:0')	1.8333277161148265
29200.0	2000.0	1824.311693390198	0.0	0	309.63566342716877	2024.311693390191	1	0	tensor(3, device='cuda:0')	1.8333277161148265
30200.0	2000.0	1824.3116933901963	0.0	0	440.9564745054413	2024.311693390191	1	0	tensor(3, device='cuda:0')	1.8333277161148265
31200.0	2000.0	1824.3116933901936	0.0	0	373.809376442583	2024.311693390191	1	0	tensor(3, device='cuda:0')	1.8333277161148265
32200.0	2000.0	1824.3116933901963	0.0	0	249.6803250723533	2024.311693390191	1	0	tensor(3, device='cuda:0')	1.8333277161148265
33200.0	2000.0	1824.311693390196	0.0	0	455.7068681671117	2024.311693390191	1	0	tensor(3, device='cuda:0')	1.8333277161148265
34200.0	2000.0	1824.3116933901986	0.0	0	267.69552011563064	2024.3116933901947	1	0	tensor(3, device='cuda:0')	1.833327716114826
35297.46151431312	2000.0	1726.8501790770683	0.0	0	0.0	2024.3116933901983	1	0	tensor(3, device='cuda:0')	1.8333277161148258
36663.287110845304	2000.0	1361.0245825448933	0.0	0	0.0	2024.3116933901983	1	0	tensor(3, device='cuda:0')	1.8333277161148258
37200.0	1000.0	1824.3116933902036	0.0	0	97.04219731605554	2024.3116933901983	1	0	tensor(3, device='cuda:0')	0.44703335499493574
38200.0	2000.0	1824.3116933902013	0.0	0	423.80799316001503	2024.311693390191	1	0	tensor(3, device='cuda:0')	1.1401805355548813
39200.0	2000.0	1824.3116933902143	0.0	0	560.9654353463702	2024.311693390191	1	0	tensor(3, device='cuda:0')	1.8333277161148265
40200.0	2000.0	1824.311693390209	0.0	0	295.7983937362369	2024.3116933901838	1	0	tensor(3, device='cuda:0')	1.8333277161148271
41289.18264332585	2000.0	1735.1290500643618	0.0	0	0.0	2024.3116933901838	1	0	tensor(3, device='cuda:0')	1.8333277161148271
42200.0	2000.0	1824.3116933902165	0.0	0	375.77666671470797	2024.311693390191	1	0	tensor(3, device='cuda:0')	1.8333277161148265
43200.0	2000.0	1824.3116933902204	0.0	0	518.2307587694813	2024.311693390191	1	0	tensor(3, device='cuda:0')	1.8333277161148265
44200.0	2000.0	1824.3116933902174	0.0	0	223.87465662578325	2024.311693390191	1	0	tensor(3, device='cuda:0')	1.8333277161148265
45200.0	2000.0	1824.3116933902122	0.0	0	200.46742592313967	2024.311693390191	1	0	tensor(3, device='cuda:0')	1.8333277161148265
46200.0	2000.0	1824.3116933902043	0.0	0	111.47439332923386	2024.311693390191	1	0	tensor(3, device='cuda:0')	1.8333277161148265
47200.0	2000.0	1824.3116933902054	0.0	0	254.32433231272444	2024.311693390191	1	0	tensor(3, device='cuda:0')	1.8333277161148265
48200.0	2000.0	1824.3116933902102	0.0	0	498.3994443169213	2024.311693390191	1	0	tensor(3, device='cuda:0')	1.8333277161148265
49200.0	2000.0	1824.3116933902156	0.0	0	342.16121391686465	2024.3116933901983	1	0	tensor(3, device='cuda:0')	1.8333277161148258
50200.0	2000.0	1824.3116933902102	0.0	0	172.53760797587165	2024.3116933902056	1	0	tensor(3, device='cuda:0')	1.8333277161148254
51200.0	2000.0	1824.3116933902093	0.0	0	388.8614815525798	2024.3116933902056	1	0	tensor(3, device='cuda:0')	1.8333277161148254
52200.0	2000.0	1824.311693390209	0.0	0	390.21729500942456	2024.3116933902056	1	0	tensor(3, device='cuda:0')	1.8333277161148254
53200.0	2000.0	1824.3116933902097	0.0	0	346.0453966935311	2024.311693390213	1	0	tensor(3, device='cuda:0')	1.8333277161148251
54200.0	2000.0	1824.3116933902077	0.0	0	479.82016827327607	2024.311693390213	1	0	tensor(3, device='cuda:0')	1.8333277161148251
55200.0	2000.0	1824.3116933902152	0.0	0	76.43411048593407	2024.3116933902202	1	0	tensor(3, device='cuda:0')	1.8333277161148245
56200.0	2000.0	1824.311693390214	0.0	0	376.22512018193083	2024.3116933902202	1	0	tensor(3, device='cuda:0')	1.8333277161148245
57200.0	2000.0	1824.3116933902156	0.0	0	376.670111773441	2024.3116933902202	1	0	tensor(3, device='cuda:0')	1.8333277161148245
58200.0	2000.0	1824.311693390217	0.0	0	411.54012972187047	2024.3116933902202	1	0	tensor(3, device='cuda:0')	1.8333277161148245
59200.0	2000.0	1824.3116933902263	0.0	0	662.1824825253134	2024.3116933902202	1	0	tensor(3, device='cuda:0')	1.8333277161148245
60200.0	2000.0	1824.3116933902284	0.0	0	294.4080158443103	2024.311693390213	1	0	tensor(3, device='cuda:0')	1.8333277161148251
61351.755571984126	2000.0	1672.556121406096	0.0	0	0.0	2024.311693390213	1	0	tensor(3, device='cuda:0')	1.8333277161148251
62427.05113300296	2000.0	1597.2605603872614	0.0	0	0.0	2024.311693390213	1	0	tensor(3, device='cuda:0')	1.8333277161148251
63200.0	2000.0	1824.3116933902227	0.0	0	96.84064565773588	2024.311693390213	1	0	tensor(3, device='cuda:0')	1.8333277161148251
64200.0	2000.0	1824.3116933902145	0.0	0	341.17697761145973	2024.311693390213	1	0	tensor(3, device='cuda:0')	1.8333277161148251
65200.0	2000.0	1824.3116933902202	0.0	0	694.8054047737096	2024.311693390213	1	0	tensor(3, device='cuda:0')	1.8333277161148251
66200.0	2000.0	1824.3116933902054	0.0	0	598.9500733428431	2024.3116933901983	1	0	tensor(3, device='cuda:0')	1.8333277161148254
67200.0	2000.0	1824.3116933901936	0.0	0	230.7078534407192	2024.311693390191	1	0	tensor(3, device='cuda:0')	1.8333277161148256
68200.0	2000.0	1824.3116933902047	0.0	0	345.01964642047824	2024.311693390191	1	0	tensor(3, device='cuda:0')	1.8333277161148263
69200.0	2000.0	1824.311693390194	0.0	0	456.003777083999	2024.311693390191	1	0	tensor(3, device='cuda:0')	1.8333277161148265
70200.0	2000.0	1824.3116933901729	0.0	0	354.29485291978926	2024.3116933901765	1	0	tensor(3, device='cuda:0')	1.8333277161148276
71200.0	2000.0	1824.3116933901808	0.0	0	367.6699055490026	2024.3116933901765	1	0	tensor(3, device='cuda:0')	1.8333277161148276
72200.0	2000.0	1824.3116933901726	0.0	0	506.6633299436071	2024.3116933901765	1	0	tensor(3, device='cuda:0')	1.8333277161148276
73200.0	2000.0	1824.3116933901745	0.0	0	418.6396585749899	2024.3116933901765	1	0	tensor(3, device='cuda:0')	1.8333277161148276
74374.55337759056	2000.0	1649.7583157996194	0.0	0	0.0	2024.3116933901765	1	0	tensor(3, device='cuda:0')	1.8333277161148276
75331.95396699113	2000.0	1692.3577263990605	0.0	0	0.0	2024.311693390162	1	0	tensor(3, device='cuda:0')	1.8333277161148287
76200.0	2000.0	1824.3116933901854	0.0	0	48.730772164155496	2024.311693390162	1	0	tensor(3, device='cuda:0')	1.8333277161148287
77212.22276195092	2000.0	1812.0889314392564	0.0	0	0.0	2024.311693390162	1	0	tensor(3, device='cuda:0')	1.8333277161148287
78200.0	2000.0	1824.3116933901838	0.0	0	239.49822417051473	2024.311693390162	1	0	tensor(3, device='cuda:0')	1.8333277161148287
79200.0	2000.0	1824.3116933901679	0.0	0	459.12423979627783	2024.311693390162	1	0	tensor(3, device='cuda:0')	1.8333277161148287
80200.0	2000.0	1824.3116933901645	0.0	0	401.14431606761354	2024.3116933901765	1	0	tensor(3, device='cuda:0')	1.8333277161148276
81200.0	2000.0	1824.3116933901563	0.0	0	528.269955259675	2024.3116933901765	1	0	tensor(3, device='cuda:0')	1.8333277161148276
82200.0	2000.0	1824.311693390174	0.0	0	533.7600985039026	2024.3116933901765	1	0	tensor(3, device='cuda:0')	1.8333277161148276
83200.0	2000.0	1824.3116933901863	0.0	0	449.87070289861003	2024.3116933901765	1	0	tensor(3, device='cuda:0')	1.8333277161148276
84200.0	2000.0	1824.3116933901745	0.0	0	123.55441386766324	2024.311693390162	1	0	tensor(3, device='cuda:0')	1.8333277161148287
85200.0	2000.0	1824.3116933901674	0.0	0	195.9901623254118	2024.311693390162	1	0	tensor(3, device='cuda:0')	1.8333277161148287
86200.0	2000.0	1824.3116933901745	0.0	0	479.5187700098322	2024.311693390162	1	0	tensor(3, device='cuda:0')	1.8333277161148287
87200.0	2000.0	1824.3116933901808	0.0	0	433.57513947976986	2024.311693390162	1	0	tensor(3, device='cuda:0')	1.8333277161148287
88200.0	2000.0	1824.311693390171	0.0	0	373.8899333689915	2024.311693390162	1	0	tensor(3, device='cuda:0')	1.8333277161148287
89200.0	2000.0	1824.311693390166	0.0	0	602.760622690912	2024.3116933901765	1	0	tensor(3, device='cuda:0')	1.8333277161148276
90200.0	2000.0	1824.3116933901695	0.0	0	383.1277486193285	2024.3116933901765	1	0	tensor(3, device='cuda:0')	1.8333277161148276
91200.0	2000.0	1824.311693390168	0.0	0	419.3193236688239	2024.3116933901765	1	0	tensor(3, device='cuda:0')	1.8333277161148276
92200.0	2000.0	1824.3116933901645	0.0	0	338.18148137164826	2024.3116933901765	1	0	tensor(3, device='cuda:0')	1.8333277161148276
93200.0	2000.0	1824.3116933901536	0.0	0	476.5744993455737	2024.3116933901765	1	0	tensor(3, device='cuda:0')	1.8333277161148276
94200.0	2000.0	1824.3116933901404	0.0	0	712.4077378134243	2024.311693390162	1	0	tensor(3, device='cuda:0')	1.8333277161148287
95200.0	2000.0	1824.3116933901401	0.0	0	590.8529181511112	2024.311693390162	1	0	tensor(3, device='cuda:0')	1.8333277161148287
96200.0	2000.0	1824.3116933901258	0.0	0	576.5326148744352	2024.311693390162	1	0	tensor(3, device='cuda:0')	1.8333277161148287
97200.0	2000.0	1824.3116933901285	0.0	0	483.1347227168735	2024.311693390162	1	0	tensor(3, device='cuda:0')	1.8333277161148287
98200.0	2000.0	1824.311693390125	0.0	0	701.5999205711123	2024.311693390162	1	0	tensor(3, device='cuda:0')	1.8333277161148287
99200.0	2000.0	1824.3116933901165	0.0	0	491.698836353331	2024.311693390162	1	0	tensor(3, device='cuda:0')	1.8333277161148287
100200.0	2000.0	1824.3116933901347	0.0	0	367.18558878319163	2024.3116933901765	1	0	tensor(3, device='cuda:0')	1.8333277161148276
101200.0	2000.0	1824.3116933901313	0.0	0	400.8046957053011	2024.3116933901765	1	0	tensor(3, device='cuda:0')	1.8333277161148276
102200.0	2000.0	1824.311693390128	0.0	0	530.133418815778	2024.3116933901765	1	0	tensor(3, device='cuda:0')	1.8333277161148276
103200.0	2000.0	1824.3116933901374	0.0	0	463.0380625589023	2024.3116933901765	1	0	tensor(3, device='cuda:0')	1.8333277161148276
104200.0	2000.0	1824.311693390129	0.0	0	391.50803775849636	2024.3116933901765	1	0	tensor(3, device='cuda:0')	1.8333277161148276
105200.0	2000.0	1824.311693390131	0.0	0	527.5567966304079	2024.3116933901765	1	0	tensor(3, device='cuda:0')	1.8333277161148276
106200.0	2000.0	1824.3116933901392	0.0	0	270.97979841192137	2024.3116933901765	1	0	tensor(3, device='cuda:0')	1.8333277161148276
107200.0	2000.0	1824.311693390118	0.0	0	117.49763969088963	2024.3116933901765	1	0	tensor(3, device='cuda:0')	1.8333277161148276
108200.0	2000.0	1824.311693390125	0.0	0	536.8387995177472	2024.3116933901765	1	0	tensor(3, device='cuda:0')	1.8333277161148276
109200.0	2000.0	1824.3116933901274	0.0	0	427.5139071591111	2024.3116933901765	1	0	tensor(3, device='cuda:0')	1.8333277161148276
110200.0	2000.0	1824.3116933901397	0.0	0	440.8175443412765	2024.3116933901765	1	0	tensor(3, device='cuda:0')	1.8333277161148276
111200.0	2000.0	1824.311693390147	0.0	0	193.66397146582312	2024.3116933901765	1	0	tensor(3, device='cuda:0')	1.8333277161148276
112200.0	2000.0	1824.3116933901442	0.0	0	283.5370641363115	2024.3116933901765	1	0	tensor(3, device='cuda:0')	1.8333277161148276
113200.0	2000.0	1824.311693390141	0.0	0	402.6799283025757	2024.3116933901765	1	0	tensor(3, device='cuda:0')	1.8333277161148276
114200.0	2000.0	1824.3116933901429	0.0	0	496.6857002645411	2024.311693390162	1	0	tensor(3, device='cuda:0')	1.8333277161148287
115200.0	2000.0	1824.311693390152	0.0	0	317.22674994228873	2024.311693390162	1	0	tensor(3, device='cuda:0')	1.8333277161148287
116200.0	2000.0	1824.3116933901597	0.0	0	572.0443478241505	2024.311693390162	1	0	tensor(3, device='cuda:0')	1.8333277161148287
117200.0	2000.0	1824.3116933901613	0.0	0	377.1780881169543	2024.311693390162	1	0	tensor(3, device='cuda:0')	1.8333277161148287
118200.0	2000.0	1824.3116933901522	0.0	0	542.2436278815148	2024.311693390162	1	0	tensor(3, device='cuda:0')	1.8333277161148287
119200.0	2000.0	1824.3116933901533	0.0	0	159.92244388972176	2024.311693390162	1	0	tensor(3, device='cuda:0')	1.8333277161148287
120200.0	2000.0	1824.3116933901485	0.0	0	433.584587807185	2024.311693390162	1	0	tensor(3, device='cuda:0')	1.8333277161148287
121200.0	2000.0	1824.3116933901554	0.0	0	672.4979406743514	2024.311693390162	1	0	tensor(3, device='cuda:0')	1.8333277161148287
122200.0	2000.0	1824.3116933901588	0.0	0	442.7390785109601	2024.3116933901765	1	0	tensor(3, device='cuda:0')	1.8333277161148276
123200.0	2000.0	1824.3116933901445	0.0	0	227.48100172469276	2024.3116933901765	1	0	tensor(3, device='cuda:0')	1.8333277161148276
124200.0	2000.0	1824.31169339015	0.0	0	255.7944908690406	2024.3116933901765	1	0	tensor(3, device='cuda:0')	1.8333277161148276
125200.0	2000.0	1824.311693390134	0.0	0	33.0496125688951	2024.3116933901765	1	0	tensor(3, device='cuda:0')	1.8333277161148276
126200.0	2000.0	1824.311693390147	0.0	0	233.6607081558468	2024.311693390162	1	0	tensor(3, device='cuda:0')	1.8333277161148287
127200.0	2000.0	1824.3116933901485	0.0	0	132.89420613979746	2024.311693390162	1	0	tensor(3, device='cuda:0')	1.8333277161148287
128200.0	2000.0	1824.31169339014	0.0	0	192.59013222155045	2024.311693390162	1	0	tensor(3, device='cuda:0')	1.8333277161148287
129200.0	2000.0	1824.3116933901306	0.0	0	385.55558356553956	2024.311693390162	1	0	tensor(3, device='cuda:0')	1.8333277161148287
130200.0	2000.0	1824.3116933901315	0.0	0	234.66861471277662	2024.311693390162	1	0	tensor(3, device='cuda:0')	1.8333277161148287
131200.0	2000.0	1824.3116933901238	0.0	0	222.49614377353282	2024.3116933901474	1	0	tensor(3, device='cuda:0')	1.833327716114829
132200.0	2000.0	1824.3116933901017	0.0	0	519.2422780319175	2024.3116933901329	1	0	tensor(3, device='cuda:0')	1.8333277161148307
133200.0	2000.0	1824.3116933901229	0.0	0	696.4599457602017	2024.3116933901329	1	0	tensor(3, device='cuda:0')	1.83332771611483
134200.0	2000.0	1824.3116933901438	0.0	0	527.5096175957879	2024.311693390162	1	0	tensor(3, device='cuda:0')	1.8333277161148287
135200.0	2000.0	1824.3116933901342	0.0	0	420.7242900597339	2024.311693390162	1	0	tensor(3, device='cuda:0')	1.8333277161148287
136200.0	2000.0	1824.3116933901247	0.0	0	677.6306359231239	2024.311693390162	1	0	tensor(3, device='cuda:0')	1.8333277161148287
137200.0	2000.0	1824.3116933901094	0.0	0	504.8085321416147	2024.311693390162	1	0	tensor(3, device='cuda:0')	1.8333277161148287
138200.0	2000.0	1824.311693390058	0.0	0	526.4834555429115	2024.311693390162	1	0	tensor(3, device='cuda:0')	1.8333277161148287
139200.0	2000.0	1824.311693390068	0.0	0	569.2043448904587	2024.3116933901329	1	0	tensor(3, device='cuda:0')	1.8333277161148307
140200.0	2000.0	1824.3116933900435	0.0	0	638.7468953717325	2024.3116933901329	1	0	tensor(3, device='cuda:0')	1.8333277161148307
141200.0	2000.0	1824.3116933900694	0.0	0	434.97931813128525	2024.3116933901329	1	0	tensor(3, device='cuda:0')	1.8333277161148307
142200.0	2000.0	1824.3116933900649	0.0	0	381.5885671903379	2024.3116933901038	1	0	tensor(3, device='cuda:0')	1.833327716114833
143200.0	2000.0	1824.311693390085	0.0	0	396.61517139186617	2024.3116933901038	1	0	tensor(3, device='cuda:0')	1.833327716114833
144200.0	2000.0	1824.3116933900844	0.0	0	208.4310910553031	2024.3116933900747	1	0	tensor(3, device='cuda:0')	1.8333277161148351
145200.0	2000.0	1824.3116933900737	0.0	0	437.9691459578171	2024.3116933900747	1	0	tensor(3, device='cuda:0')	1.8333277161148351
146200.0	2000.0	1824.3116933900865	0.0	0	418.8776442252274	2024.3116933901038	1	0	tensor(3, device='cuda:0')	1.833327716114833
147200.0	2000.0	1824.3116933900687	0.0	0	417.87089097854914	2024.3116933901038	1	0	tensor(3, device='cuda:0')	1.833327716114833
148200.0	2000.0	1824.3116933901142	0.0	0	121.50522272390663	2024.3116933901038	1	0	tensor(3, device='cuda:0')	1.833327716114833
149200.0	2000.0	1824.311693390107	0.0	0	151.28306151062134	2024.3116933901038	1	0	tensor(3, device='cuda:0')	1.833327716114833
150200.0	2000.0	1824.3116933900974	0.0	0	263.78530811841483	2024.3116933901038	1	0	tensor(3, device='cuda:0')	1.833327716114833
151200.0	2000.0	1824.3116933900867	0.0	0	308.00627518442343	2024.3116933900747	1	0	tensor(3, device='cuda:0')	1.8333277161148351
152200.0	2000.0	1824.311693390078	0.0	0	378.9452816209814	2024.3116933901038	1	0	tensor(3, device='cuda:0')	1.833327716114833
153200.0	2000.0	1824.311693390064	0.0	0	340.2796041830152	2024.3116933901038	1	0	tensor(3, device='cuda:0')	1.833327716114833
154200.0	2000.0	1824.3116933900278	0.0	0	479.95639934018254	2024.3116933901038	1	0	tensor(3, device='cuda:0')	1.833327716114833
155200.0	2000.0	1824.3116933900174	0.0	0	298.6211459553451	2024.3116933901038	1	0	tensor(3, device='cuda:0')	1.833327716114833
156200.0	2000.0	1824.3116933899892	0.0	0	474.7186855377222	2024.3116933901038	1	0	tensor(3, device='cuda:0')	1.833327716114833
157200.0	2000.0	1824.3116933900335	0.0	0	412.91908208912355	2024.3116933901038	1	0	tensor(3, device='cuda:0')	1.833327716114833
158200.0	2000.0	1824.3116933900221	0.0	0	420.0110704773688	2024.3116933901038	1	0	tensor(3, device='cuda:0')	1.833327716114833
159200.0	2000.0	1824.3116933900255	0.0	0	452.37627398365294	2024.3116933901038	1	0	tensor(3, device='cuda:0')	1.833327716114833
160200.0	2000.0	1824.3116933900246	0.0	0	366.2124502431252	2024.3116933901329	1	0	tensor(3, device='cuda:0')	1.8333277161148307
161200.0	2000.0	1824.3116933900117	0.0	0	276.75190578674665	2024.3116933901329	1	0	tensor(3, device='cuda:0')	1.8333277161148307
162200.0	2000.0	1824.3116933900192	0.0	0	520.8620937434898	2024.311693390162	1	0	tensor(3, device='cuda:0')	1.8333277161148287
163200.0	2000.0	1824.3116933900249	0.0	0	480.85579129698453	2024.311693390162	1	0	tensor(3, device='cuda:0')	1.8333277161148287
164200.0	2000.0	1824.3116933900085	0.0	0	460.4714967421605	2024.311693390162	1	0	tensor(3, device='cuda:0')	1.8333277161148287
165200.0	2000.0	1824.3116933900478	0.0	0	195.0412869801512	2024.311693390162	1	0	tensor(3, device='cuda:0')	1.8333277161148287
166200.0	2000.0	1824.311693390066	0.0	0	337.0499533597904	2024.311693390162	1	0	tensor(3, device='cuda:0')	1.8333277161148287
167200.0	2000.0	1824.311693390045	0.0	0	679.887761063932	2024.311693390162	1	0	tensor(3, device='cuda:0')	1.8333277161148287
168200.0	2000.0	1824.3116933900476	0.0	0	540.771288655349	2024.311693390162	1	0	tensor(3, device='cuda:0')	1.8333277161148287
169200.0	2000.0	1824.3116933900621	0.0	0	472.92160589198465	2024.311693390162	1	0	tensor(3, device='cuda:0')	1.8333277161148287
170200.0	2000.0	1824.311693390049	0.0	0	486.54238485719543	2024.311693390191	1	0	tensor(3, device='cuda:0')	1.8333277161148265
171200.0	2000.0	1824.3116933900667	0.0	0	621.2786114417831	2024.3116933902202	1	0	tensor(3, device='cuda:0')	1.8333277161148245
172200.0	2000.0	1824.3116933900376	0.0	0	667.7027185428597	2024.3116933902202	1	0	tensor(3, device='cuda:0')	1.8333277161148245
173200.0	2000.0	1824.3116933900405	0.0	0	518.4407216173422	2024.3116933902493	1	0	tensor(3, device='cuda:0')	1.8333277161148223
174200.0	2000.0	1824.3116933900665	0.0	0	564.254375321907	2024.3116933902784	1	0	tensor(3, device='cuda:0')	1.8333277161148205
175200.0	2000.0	1824.311693390051	0.0	0	567.4961163499102	2024.3116933902784	1	0	tensor(3, device='cuda:0')	1.8333277161148205
176200.0	2000.0	1824.3116933900444	0.0	0	454.0671193381422	2024.3116933902493	1	0	tensor(3, device='cuda:0')	1.8333277161148223
177200.0	2000.0	1824.3116933900271	0.0	0	317.7063133873453	2024.3116933902493	1	0	tensor(3, device='cuda:0')	1.8333277161148223
178200.0	2000.0	1824.3116933900415	0.0	0	457.0260995561839	2024.3116933902493	1	0	tensor(3, device='cuda:0')	1.8333277161148223
179200.0	2000.0	1824.3116933900471	0.0	0	265.0221042947378	2024.3116933902493	1	0	tensor(3, device='cuda:0')	1.8333277161148223
180200.0	2000.0	1824.3116933900592	0.0	0	7.870420241059037	2024.3116933902202	1	0	tensor(3, device='cuda:0')	1.8333277161148245
181200.0	2000.0	1824.311693390077	0.0	0	258.4963542394398	2024.3116933902202	1	0	tensor(3, device='cuda:0')	1.8333277161148245
182200.0	2000.0	1824.3116933900637	0.0	0	348.7486104638665	2024.3116933902202	1	0	tensor(3, device='cuda:0')	1.8333277161148245
183200.0	2000.0	1824.31169339009	0.0	0	198.29510553047294	2024.3116933902493	1	0	tensor(3, device='cuda:0')	1.8333277161148223
184200.0	2000.0	1824.3116933900883	0.0	0	276.2102124193625	2024.3116933902493	1	0	tensor(3, device='cuda:0')	1.8333277161148223
185200.0	2000.0	1824.3116933901072	0.0	0	133.89288210569066	2024.3116933902493	1	0	tensor(3, device='cuda:0')	1.8333277161148223
186200.0	2000.0	1824.3116933901201	0.0	0	80.09942593830056	2024.3116933902493	1	0	tensor(3, device='cuda:0')	1.8333277161148223
187200.0	2000.0	1824.3116933901006	0.0	0	374.19574098847806	2024.3116933902784	1	0	tensor(3, device='cuda:0')	1.8333277161148205
188200.0	2000.0	1824.3116933901042	0.0	0	466.20668133560685	2024.3116933902784	1	0	tensor(3, device='cuda:0')	1.8333277161148205
189200.0	2000.0	1824.3116933900662	0.0	0	468.40107569957036	2024.3116933902784	1	0	tensor(3, device='cuda:0')	1.8333277161148205
190200.0	2000.0	1824.3116933900649	0.0	0	258.99380788445706	2024.3116933902784	1	0	tensor(3, device='cuda:0')	1.8333277161148205
191200.0	2000.0	1824.3116933900712	0.0	0	365.4790967454901	2024.3116933902493	1	0	tensor(3, device='cuda:0')	1.8333277161148223
192200.0	2000.0	1824.311693390043	0.0	0	105.77033505841973	2024.3116933902493	1	0	tensor(3, device='cuda:0')	1.8333277161148223
193200.0	2000.0	1824.3116933900546	0.0	0	254.29935133174877	2024.3116933902784	1	0	tensor(3, device='cuda:0')	1.8333277161148205
194200.0	2000.0	1824.3116933900574	0.0	0	328.62420637966716	2024.3116933902784	1	0	tensor(3, device='cuda:0')	1.8333277161148205
195200.0	2000.0	1824.3116933900706	0.0	0	334.1183279355173	2024.3116933902784	1	0	tensor(3, device='cuda:0')	1.8333277161148205
196200.0	2000.0	1824.311693390065	0.0	0	596.1355868405662	2024.3116933903075	1	0	tensor(3, device='cuda:0')	1.8333277161148183
197200.0	2000.0	1824.311693390064	0.0	0	559.9275483518722	2024.3116933903366	1	0	tensor(3, device='cuda:0')	1.833327716114816
198200.0	2000.0	1824.3116933900883	0.0	0	319.8894810836937	2024.3116933903366	1	0	tensor(3, device='cuda:0')	1.833327716114816
199200.0	2000.0	1824.3116933900535	0.0	0	323.44727845312445	2024.3116933903366	1	0	tensor(3, device='cuda:0')	1.833327716114816
200200.0	2000.0	1824.311693390039	0.0	0	627.0702887557272	2024.3116933903366	1	0	tensor(3, device='cuda:0')	1.833327716114816
201200.0	2000.0	1824.3116933900835	0.0	0	477.9831870101043	2024.3116933903366	1	0	tensor(3, device='cuda:0')	1.833327716114816
202200.0	2000.0	1824.3116933900478	0.0	0	548.5483698465978	2024.3116933903657	1	0	tensor(3, device='cuda:0')	1.833327716114814
203200.0	2000.0	1824.3116933900683	0.0	0	353.8509879610792	2024.3116933903948	1	0	tensor(3, device='cuda:0')	1.8333277161148118
204200.0	2000.0	1824.3116933900783	0.0	0	209.28220678013167	2024.3116933903948	1	0	tensor(3, device='cuda:0')	1.8333277161148118
205200.0	2000.0	1824.3116933901192	0.0	0	172.02735804839176	2024.311693390424	1	0	tensor(3, device='cuda:0')	1.8333277161148098
206200.0	2000.0	1824.3116933901135	0.0	0	446.09802205869346	2024.311693390424	1	0	tensor(3, device='cuda:0')	1.8333277161148098
207200.0	2000.0	1824.3116933901163	0.0	0	632.1900449138484	2024.311693390424	1	0	tensor(3, device='cuda:0')	1.8333277161148098
208200.0	2000.0	1824.3116933901322	0.0	0	534.9050364280993	2024.311693390453	1	0	tensor(3, device='cuda:0')	1.8333277161148076
209200.0	2000.0	1824.3116933901285	0.0	0	536.1292033685895	2024.311693390453	1	0	tensor(3, device='cuda:0')	1.8333277161148076
210200.0	2000.0	1824.3116933901329	0.0	0	313.76094326013117	2024.311693390482	1	0	tensor(3, device='cuda:0')	1.8333277161148054
211200.0	2000.0	1824.311693390129	0.0	0	100.45097029366298	2024.311693390482	1	0	tensor(3, device='cuda:0')	1.8333277161148054
212200.0	2000.0	1824.311693390097	0.0	0	282.5832409550203	2024.311693390453	1	0	tensor(3, device='cuda:0')	1.8333277161148076
213257.0969516782	2000.0	1767.2147417118815	0.0	0	0.0	2024.311693390453	1	0	tensor(3, device='cuda:0')	1.8333277161148076
214231.58302257452	2000.0	1792.7286708155332	0.0	0	0.0	2024.311693390424	1	0	tensor(3, device='cuda:0')	1.8333277161148098
215200.0	2000.0	1824.311693390068	0.0	0	94.71233980139368	2024.311693390453	1	0	tensor(3, device='cuda:0')	1.8333277161148076
216200.0	2000.0	1824.3116933900835	0.0	0	281.23442057560897	2024.311693390453	1	0	tensor(3, device='cuda:0')	1.8333277161148076
217200.0	2000.0	1824.3116933900906	0.0	0	226.17592763595167	2024.311693390453	1	0	tensor(3, device='cuda:0')	1.8333277161148076
218303.0930410508	2000.0	1721.2186523392875	0.0	0	0.0	2024.311693390453	1	0	tensor(3, device='cuda:0')	1.8333277161148076
219223.3803610812	2000.0	1800.9313323089023	0.0	0	0.0	2024.311693390453	1	0	tensor(3, device='cuda:0')	1.8333277161148076
220200.0	2000.0	1824.3116933900967	0.0	0	12.770376397791551	2024.311693390453	1	0	tensor(3, device='cuda:0')	1.8333277161148076
221200.0	2000.0	1824.3116933901115	0.0	0	352.7066475796455	2024.311693390453	1	0	tensor(3, device='cuda:0')	1.8333277161148076
222200.0	2000.0	1824.3116933901263	0.0	0	422.62090378283756	2024.311693390453	1	0	tensor(3, device='cuda:0')	1.8333277161148076
223200.0	2000.0	1824.3116933901538	0.0	0	28.68068461457733	2024.311693390453	1	0	tensor(3, device='cuda:0')	1.8333277161148076
224200.0	2000.0	1824.3116933901617	0.0	0	426.6672663128411	2024.311693390453	1	0	tensor(3, device='cuda:0')	1.8333277161148076
225200.0	2000.0	1824.3116933901626	0.0	0	347.53681084580603	2024.311693390482	1	0	tensor(3, device='cuda:0')	1.8333277161148054
226200.0	2000.0	1824.3116933901717	0.0	0	318.5910397814878	2024.311693390482	1	0	tensor(3, device='cuda:0')	1.8333277161148054
227200.0	2000.0	1824.311693390169	0.0	0	460.07288205748773	2024.311693390482	1	0	tensor(3, device='cuda:0')	1.8333277161148054
228200.0	2000.0	1824.3116933901829	0.0	0	331.0318864470464	2024.311693390482	1	0	tensor(3, device='cuda:0')	1.8333277161148054
229200.0	2000.0	1824.3116933901829	0.0	0	380.7090049654362	2024.311693390482	1	0	tensor(3, device='cuda:0')	1.8333277161148054
230200.0	2000.0	1824.3116933901792	0.0	0	300.18943433774984	2024.3116933905112	1	0	tensor(3, device='cuda:0')	1.8333277161148034
231200.0	2000.0	1824.3116933901888	0.0	0	383.1697864267335	2024.3116933905403	1	0	tensor(3, device='cuda:0')	1.8333277161148012
232200.0	2000.0	1824.3116933901977	0.0	0	140.36349199904362	2024.3116933905403	1	0	tensor(3, device='cuda:0')	1.8333277161148012
233200.0	2000.0	1824.3116933901952	0.0	0	509.01827717156266	2024.3116933905403	1	0	tensor(3, device='cuda:0')	1.8333277161148012
234200.0	2000.0	1824.3116933901579	0.0	0	319.2805049288436	2024.3116933905403	1	0	tensor(3, device='cuda:0')	1.8333277161148012
235200.0	2000.0	1824.311693390169	0.0	0	646.4940526977007	2024.3116933905403	1	0	tensor(3, device='cuda:0')	1.8333277161148012
236200.0	2000.0	1824.3116933901501	0.0	0	384.6868499342236	2024.3116933905694	1	0	tensor(3, device='cuda:0')	1.8333277161147992
237200.0	2000.0	1824.3116933901676	0.0	0	313.06963644127245	2024.3116933905694	1	0	tensor(3, device='cuda:0')	1.8333277161147992
238200.0	2000.0	1824.311693390164	0.0	0	322.88879741792334	2024.3116933905694	1	0	tensor(3, device='cuda:0')	1.8333277161147992
239200.0	2000.0	1824.3116933901954	0.0	0	466.0351785214443	2024.3116933905985	1	0	tensor(3, device='cuda:0')	1.833327716114797
240200.0	2000.0	1824.3116933902163	0.0	0	512.3435745700554	2024.3116933906276	1	0	tensor(3, device='cuda:0')	1.8333277161147952
241200.0	2000.0	1824.3116933902234	0.0	0	436.61567165947054	2024.3116933906276	1	0	tensor(3, device='cuda:0')	1.8333277161147952
242200.0	2000.0	1824.311693390232	0.0	0	402.873344248801	2024.3116933906276	1	0	tensor(3, device='cuda:0')	1.8333277161147952
243200.0	2000.0	1824.3116933902327	0.0	0	414.5487275052583	2024.3116933906567	1	0	tensor(3, device='cuda:0')	1.833327716114793
244200.0	2000.0	1824.3116933902336	0.0	0	170.20467957440997	2024.3116933906276	1	0	tensor(3, device='cuda:0')	1.8333277161147952
245200.0	2000.0	1824.3116933902202	0.0	0	197.81109048923827	2024.3116933905985	1	0	tensor(3, device='cuda:0')	1.833327716114797
246200.0	2000.0	1824.3116933902456	0.0	0	265.87490868303576	2024.3116933905985	1	0	tensor(3, device='cuda:0')	1.833327716114797
247200.0	2000.0	1824.3116933902631	0.0	0	481.4987782801909	2024.3116933905985	1	0	tensor(3, device='cuda:0')	1.833327716114797
248200.0	2000.0	1824.3116933902634	0.0	0	279.3735537547327	2024.3116933905985	1	0	tensor(3, device='cuda:0')	1.833327716114797
249200.0	2000.0	1824.311693390259	0.0	0	313.26885388061055	2024.3116933905985	1	0	tensor(3, device='cuda:0')	1.833327716114797
250200.0	2000.0	1824.311693390262	0.0	0	134.73933281970676	2024.3116933905985	1	0	tensor(3, device='cuda:0')	1.833327716114797
251200.0	2000.0	1824.311693390252	0.0	0	373.27964261130546	2024.3116933905985	1	0	tensor(3, device='cuda:0')	1.833327716114797
252200.0	2000.0	1824.3116933902766	0.0	0	437.11684671166586	2024.3116933905985	1	0	tensor(3, device='cuda:0')	1.833327716114797
253200.0	2000.0	1824.3116933902884	0.0	0	348.1249538764532	2024.3116933905985	1	0	tensor(3, device='cuda:0')	1.833327716114797
254200.0	2000.0	1824.311693390277	0.0	0	427.46808546828106	2024.3116933905985	1	0	tensor(3, device='cuda:0')	1.833327716114797
255200.0	2000.0	1824.311693390289	0.0	0	455.9827059643285	2024.3116933906276	1	0	tensor(3, device='cuda:0')	1.8333277161147952
256200.0	2000.0	1824.3116933902757	0.0	0	526.8423505707469	2024.3116933905985	1	0	tensor(3, device='cuda:0')	1.833327716114797
257200.0	2000.0	1824.311693390292	0.0	0	428.1202138515364	2024.3116933905694	1	0	tensor(3, device='cuda:0')	1.8333277161147992
258200.0	2000.0	1824.3116933902866	0.0	0	54.35412622024887	2024.3116933905694	1	0	tensor(3, device='cuda:0')	1.8333277161147992
259200.0	2000.0	1824.311693390279	0.0	0	276.42042042981484	2024.3116933905694	1	0	tensor(3, device='cuda:0')	1.8333277161147992
260200.0	2000.0	1824.3116933902936	0.0	0	596.3068800367473	2024.3116933905403	1	0	tensor(3, device='cuda:0')	1.8333277161148012
261200.0	2000.0	1824.3116933903168	0.0	0	607.7909133824287	2024.3116933905403	1	0	tensor(3, device='cuda:0')	1.8333277161148012
262200.0	2000.0	1824.3116933903036	0.0	0	642.2360455985763	2024.3116933905403	1	0	tensor(3, device='cuda:0')	1.8333277161148012
263200.0	2000.0	1824.311693390294	0.0	0	468.3755403239629	2024.3116933905112	1	0	tensor(3, device='cuda:0')	1.8333277161148025
264200.0	2000.0	1824.3116933902254	0.0	0	441.5940004941076	2024.311693390424	1	0	tensor(3, device='cuda:0')	1.8333277161148072
265200.0	2000.0	1824.3116933902709	0.0	0	306.58373290661257	2024.311693390424	1	0	tensor(3, device='cuda:0')	1.8333277161148098
266200.0	2000.0	1824.311693390272	0.0	0	342.192267534032	2024.311693390424	1	0	tensor(3, device='cuda:0')	1.8333277161148098
267200.0	2000.0	1824.311693390342	0.0	0	204.16805243783165	2024.311693390424	1	0	tensor(3, device='cuda:0')	1.8333277161148098
268200.0	2000.0	1824.311693390394	0.0	0	263.6574230506085	2024.311693390424	1	0	tensor(3, device='cuda:0')	1.8333277161148098
269200.0	2000.0	1824.3116933904594	0.0	0	550.957545084937	2024.311693390424	1	0	tensor(3, device='cuda:0')	1.8333277161148098
270200.0	2000.0	1824.3116933904407	0.0	0	420.50525345257483	2024.311693390482	1	0	tensor(3, device='cuda:0')	1.8333277161148054
271200.0	2000.0	1824.3116933904248	0.0	0	363.5189456947264	2024.311693390482	1	0	tensor(3, device='cuda:0')	1.8333277161148054
272200.0	2000.0	1824.3116933903987	0.0	0	472.07729076303076	2024.311693390424	1	0	tensor(3, device='cuda:0')	1.8333277161148098
273200.0	2000.0	1824.3116933903605	0.0	0	544.4378443207243	2024.3116933903657	1	0	tensor(3, device='cuda:0')	1.833327716114814
274200.0	2000.0	1824.3116933903286	0.0	0	486.30389165860834	2024.311693390424	1	0	tensor(3, device='cuda:0')	1.8333277161148098
275200.0	2000.0	1824.3116933903993	0.0	0	240.1732694786624	2024.3116933903657	1	0	tensor(3, device='cuda:0')	1.833327716114814
276200.0	2000.0	1824.311693390406	0.0	0	308.4890571120195	2024.3116933903657	1	0	tensor(3, device='cuda:0')	1.833327716114814
277200.0	2000.0	1824.3116933904078	0.0	0	283.66693288629176	2024.3116933903657	1	0	tensor(3, device='cuda:0')	1.833327716114814
278200.0	2000.0	1824.3116933903686	0.0	0	381.75414153846214	2024.3116933903657	1	0	tensor(3, device='cuda:0')	1.833327716114814
279200.0	2000.0	1824.3116933904034	0.0	0	347.95791104075033	2024.3116933903657	1	0	tensor(3, device='cuda:0')	1.833327716114814
280200.0	2000.0	1824.3116933903336	0.0	0	154.10330947226612	2024.3116933903657	1	0	tensor(3, device='cuda:0')	1.833327716114814
281200.0	2000.0	1824.3116933902695	0.0	0	63.21886374859605	2024.3116933903657	1	0	tensor(3, device='cuda:0')	1.833327716114814
282200.0	2000.0	1824.3116933902982	0.0	0	289.56270061805844	2024.311693390424	1	0	tensor(3, device='cuda:0')	1.8333277161148098
283200.0	2000.0	1824.3116933902745	0.0	0	356.79856155166635	2024.311693390424	1	0	tensor(3, device='cuda:0')	1.8333277161148098
284200.0	2000.0	1824.3116933902252	0.0	0	524.1435865540989	2024.3116933903657	1	0	tensor(3, device='cuda:0')	1.833327716114814
285200.0	2000.0	1824.311693390252	0.0	0	348.61640330433147	2024.3116933903657	1	0	tensor(3, device='cuda:0')	1.833327716114814
286200.0	2000.0	1824.311693390274	0.0	0	297.3714788942016	2024.3116933903657	1	0	tensor(3, device='cuda:0')	1.833327716114814
287200.0	2000.0	1824.3116933903102	0.0	0	320.2705317091313	2024.3116933903075	1	0	tensor(3, device='cuda:0')	1.8333277161148183
288200.0	2000.0	1824.3116933903777	0.0	0	434.13975790451514	2024.3116933903075	1	0	tensor(3, device='cuda:0')	1.8333277161148183
289200.0	2000.0	1824.3116933904132	0.0	0	458.1035751013551	2024.3116933903657	1	0	tensor(3, device='cuda:0')	1.833327716114814
290200.0	2000.0	1824.311693390401	0.0	0	429.57989164907485	2024.311693390424	1	0	tensor(3, device='cuda:0')	1.8333277161148098
291200.0	2000.0	1824.3116933903837	0.0	0	92.57687011710368	2024.311693390424	1	0	tensor(3, device='cuda:0')	1.8333277161148098
292200.0	2000.0	1824.311693390394	0.0	0	236.86327029328095	2024.3116933903657	1	0	tensor(3, device='cuda:0')	1.833327716114814
293200.0	2000.0	1824.3116933904023	0.0	0	298.6653003451065	2024.3116933903657	1	0	tensor(3, device='cuda:0')	1.833327716114814
294200.0	2000.0	1824.3116933904075	0.0	0	140.00071862648474	2024.3116933903657	1	0	tensor(3, device='cuda:0')	1.833327716114814
295200.0	2000.0	1824.3116933904598	0.0	0	283.78908259334275	2024.3116933903657	1	0	tensor(3, device='cuda:0')	1.833327716114814
296200.0	2000.0	1824.3116933903764	0.0	0	282.84957170835696	2024.3116933903657	1	0	tensor(3, device='cuda:0')	1.833327716114814
297200.0	2000.0	1824.3116933904173	0.0	0	402.4816542842309	2024.311693390424	1	0	tensor(3, device='cuda:0')	1.8333277161148098
298200.0	2000.0	1824.3116933904225	0.0	0	233.32973898586351	2024.3116933903657	1	0	tensor(3, device='cuda:0')	1.833327716114814
299200.0	2000.0	1824.3116933904487	0.0	0	334.8784580755746	2024.3116933903075	1	0	tensor(3, device='cuda:0')	1.8333277161148183
300200.0	2000.0	1824.3116933904682	0.0	0	460.61027824203484	2024.3116933903075	1	0	tensor(3, device='cuda:0')	1.8333277161148183
301200.0	2000.0	1824.3116933904603	0.0	0	349.01311542326584	2024.3116933903075	1	0	tensor(3, device='cuda:0')	1.8333277161148183
302200.0	2000.0	1824.311693390471	0.0	0	507.9361713335966	2024.3116933903657	1	0	tensor(3, device='cuda:0')	1.833327716114814
303200.0	2000.0	1824.3116933905344	0.0	0	686.1978204991901	2024.311693390424	1	0	tensor(3, device='cuda:0')	1.8333277161148098
2.64	2.51	4.32	4.95	3.56	3.24	2.46	3.96	4.8	3.37	3.95	3.78	5.39	2.8	3.82	4.85	4.1	7.89	4.89	3.86	4.45	2.26	3.97	4.04	3.57	2.97	2.77	3.2	2.68	1.4	2.87	1.62	2.92	5.04	3.43	1.96	2.59	4.98	3.71	3.09	3.15	2.43	5.7	3.24	2.87	2.5	3.94	4.44	3.19	3.24	2.37	5.07	3.04	4.99	4.07	3.12	1.9	2.49	3.01	6.01	5.02	3.23	3.12	5.02	4.92	3.31	4.3	4.49	1.7	2.85	2.44	2.03	2.91	3.85	4.38	4.82	4.95	2.91	2.77	2.33	4.73	5.64	3.39	4.43	4.68	4.08	3.94	4.53	5.99	5.2	4.66	3.93	6.34	5.11	3.67	3.94	5.14	5.06	4.9	3.49	2.95	1.7	4.05	4.43	4.24	3.03	2.29	3.24	3.2	3.66	4.89	3.51	4.24	3.19	3.37	6.23	3.78	3.65	1.73	2.76	1.73	2.98	2.86	2.65	2.86	2.19	2.8	6.17	5.56	4.36	5.93	3.93	5.29	4.11	4.16	4.92	2.97	2.53	3.48	3.24	3.04	3.7	3.2	2.19	3.2	3.58	2.04	4.36	2.91	3.01	4.26	3.88	4.08	3.68	3.15	2.98	5.88	5.34	4.75	1.58	3.26	4.78	6.8	5.11	3.61	7.27	7.71	2.84	4.56	3.67	3.78	2.99	2.98	2.9	1.84	3.42	3.5	2.1	4.14	3.19	2.46	2.37	2.92	3.51	4.09	2.77	2.54	2.65	3.48	4.08	4.85	4.65	3.52	3.74	4.29	5.0	4.07	4.39	2.47	2.85	3.87	8.39	4.38	4.12	2.56	2.66	2.68	2.7	2.0	2.12	3.66	3.06	2.07	2.48	2.73	2.86	3.59	2.61	2.87	4.48	2.91	3.89	3.13	3.85	2.95	3.58	2.78	3.92	3.54	4.58	5.93	2.73	2.42	5.5	3.87	4.78	3.42	2.95	3.22	2.72	2.87	3.95	3.12	2.9	2.4	3.94	2.83	4.29	3.24	4.36	4.26	5.0	2.49	2.69	3.86	4.89	5.94	3.32	3.54	3.22	3.31	2.84	1.34	4.59	2.95	2.37	2.53	4.71	2.98	3.31	2.91	4.19	2.73	2.85	3.39	2.88	2.7	4.23	3.89	3.04	2.29	3.46	3.88	3.12	3.09	2.43	3.29	3.72	2.58	3.76	2.85	3.17	3.29	3.41	5.26	3.49	3.98	5.63	6.39	4.76	5.46
1253.0	1254.0	1255.0	1256.0	1257.0	1258.0	1259.0	1260.0	1261.0	1262.0	1263.0	1264.0	1265.0	1266.0	1267.0	1268.0	1269.0	1270.0	1271.0	1272.0	1273.0	1274.0	1275.0	1276.0	1277.0	1278.0	1279.0	1280.0	1281.0	1282.0	1283.0	1284.0	1285.0	1286.0	1287.0	1288.0	1289.0	1290.0	1291.0	1292.0	1293.0	1294.0	1295.0	1296.0	1297.0	1298.0	1299.0	1300.0	1301.0	1302.0	1303.0	1304.0	1305.0	1306.0	1307.0	1308.0	1309.0	1310.0	1311.0	1312.0	1313.0	1314.0	1315.0	1316.0	1317.0	1318.0	1319.0	1320.0	1321.0	1322.0	1323.0	1324.0	1325.0	1326.0	1327.0	1328.0	1329.0	1330.0	1331.0	1332.0	1333.0	1334.0	1335.0	1336.0	1337.0	1338.0	1339.0	1340.0	1341.0	1342.0	1343.0	1344.0	1345.0	1346.0	1347.0	1348.0	1349.0	1350.0	1351.0	1352.0	1353.0	1354.0	1355.0	1356.0	1357.0	1358.0	1359.0	1360.0	1361.0	1362.0	1363.0	1364.0	1365.0	1366.0	1367.0	1368.0	1369.0	1370.0	1371.0	1372.0	1373.0	1374.0	1375.0	1376.0	1377.0	1378.0	1379.0	1380.0	1381.0	1382.0	1383.0	1384.0	1385.0	1386.0	1387.0	1388.0	1389.0	1390.0	1391.0	1392.0	1393.0	1394.0	1395.0	1396.0	1397.0	1398.0	1399.0	1400.0	1401.0	1402.0	1403.0	1404.0	1405.0	1406.0	1407.0	1408.0	1409.0	1410.0	1411.0	1412.0	1413.0	1414.0	1415.0	1416.0	1417.0	1418.0	1419.0	1420.0	1421.0	1422.0	1423.0	1424.0	1425.0	1426.0	1427.0	1428.0	1429.0	1430.0	1431.0	1432.0	1433.0	1434.0	1435.0	1436.0	1437.0	1438.0	1439.0	1440.0	1441.0	1442.0	1443.0	1444.0	1445.0	1446.0	1447.0	1448.0	1449.0	1450.0	1451.0	1452.0	1453.0	1454.0	1455.0	1456.0	1457.0	1458.0	1459.0	1460.0	1461.0	1462.0	1463.0	1464.0	1465.0	1466.0	1467.0	1468.0	1469.0	1470.0	1471.0	1472.0	1473.0	1474.0	1475.0	1476.0	1477.0	1478.0	1479.0	1480.0	1481.0	1482.0	1483.0	1484.0	1485.0	1486.0	1487.0	1488.0	1489.0	1490.0	1491.0	1492.0	1493.0	1494.0	1495.0	1496.0	1497.0	1498.0	1499.0	1500.0	1501.0	1502.0	1503.0	1504.0	1505.0	1506.0	1507.0	1508.0	1509.0	1510.0	1511.0	1512.0	1513.0	1514.0	1515.0	1516.0	1517.0	1518.0	1519.0	1520.0	1521.0	1522.0	1523.0	1524.0	1525.0	1526.0	1527.0	1528.0	1529.0	1530.0	1531.0	1532.0	1533.0	1534.0	1535.0	1536.0	1537.0	1538.0	1539.0	1540.0	1541.0	1542.0	1543.0	1544.0	1545.0	1546.0	1547.0	1548.0	1549.0	1550.0	1551.0	1552.0	1553.0
4724.0
