6147.248455566257	300.0	2000.0	61.08920297038436	0	0.0	3147.248455566257	1	0	tensor(6, device='cuda:0')	-9.57324755184598
6438.241032414825	2000.0	2709.007423151432	0.0	0	0.0	3147.248455566257	1	0	tensor(3, device='cuda:0')	-0.20826654953856844
7200.0	2000.0	2947.248455566257	0.0	0	564.0177800633473	3147.248455566257	1	0	tensor(3, device='cuda:0')	1.688853435347313
8200.0	2000.0	2947.2484555662577	0.0	0	707.2251864073669	3147.248455566257	1	0	tensor(3, device='cuda:0')	1.688853435347313
9200.0	2000.0	2947.2484555662577	0.0	0	747.4970175020644	3147.248455566256	1	0	tensor(3, device='cuda:0')	1.6888534353473132
10200.0	2000.0	2947.2484555662595	0.0	0	728.6177510036523	3147.2484555662577	1	0	tensor(3, device='cuda:0')	1.688853435347313
11200.0	2000.0	2947.24845556626	0.0	0	716.5698197717647	3147.2484555662586	1	0	tensor(3, device='cuda:0')	1.6888534353473128
12200.0	2000.0	2947.2484555662595	0.0	0	817.6243020357997	3147.2484555662595	1	0	tensor(3, device='cuda:0')	1.6888534353473126
13200.0	2000.0	2947.2484555662604	0.0	0	867.1397171575409	3147.2484555662595	1	0	tensor(3, device='cuda:0')	1.6888534353473126
14200.0	2000.0	2947.248455566261	0.0	0	839.9450234822907	3147.2484555662595	1	0	tensor(3, device='cuda:0')	1.6888534353473126
15200.0	2000.0	2947.2484555662622	0.0	0	771.1863469195523	3147.2484555662595	1	0	tensor(3, device='cuda:0')	1.6888534353473126
16200.0	2000.0	2947.2484555662627	0.0	0	774.0476270064191	3147.2484555662595	1	0	tensor(3, device='cuda:0')	1.6888534353473126
17200.0	2000.0	2947.248455566264	0.0	0	826.8262204017537	3147.2484555662613	1	0	tensor(3, device='cuda:0')	1.6888534353473124
18200.0	2000.0	2947.2484555662613	0.0	0	725.3964336610807	3147.2484555662595	1	0	tensor(3, device='cuda:0')	1.6888534353473124
19200.0	2000.0	2947.2484555662604	0.0	0	653.2488551593706	3147.2484555662595	1	0	tensor(3, device='cuda:0')	1.6888534353473126
20200.0	2000.0	2947.248455566264	0.0	0	591.0075665544246	3147.2484555662595	1	0	tensor(3, device='cuda:0')	1.6888534353473128
21200.0	2000.0	2947.2484555662695	0.0	0	709.7690867250822	3147.248455566263	1	0	tensor(3, device='cuda:0')	1.6888534353473117
22200.0	2000.0	2947.248455566269	0.0	0	723.0234274907525	3147.248455566267	1	0	tensor(3, device='cuda:0')	1.688853435347311
23200.0	2000.0	2947.248455566268	0.0	0	743.3375808038436	3147.248455566267	1	0	tensor(3, device='cuda:0')	1.688853435347311
24200.0	2000.0	2947.2484555662713	0.0	0	822.654989804596	3147.2484555662704	1	0	tensor(3, device='cuda:0')	1.6888534353473104
25200.0	2000.0	2947.2484555662713	0.0	0	700.8409975682189	3147.248455566274	1	0	tensor(3, device='cuda:0')	1.6888534353473095
26200.0	2000.0	2947.2484555662677	0.0	0	804.3705639635446	3147.248455566274	1	0	tensor(3, device='cuda:0')	1.6888534353473095
27200.0	2000.0	2947.2484555662677	0.0	0	772.1809349772338	3147.248455566274	1	0	tensor(3, device='cuda:0')	1.6888534353473095
28200.0	2000.0	2947.24845556627	0.0	0	822.1287509101458	3147.248455566274	1	0	tensor(3, device='cuda:0')	1.6888534353473095
29200.0	2000.0	2947.248455566274	0.0	0	719.322401501624	3147.248455566274	1	0	tensor(3, device='cuda:0')	1.6888534353473095
30200.0	2000.0	2947.248455566273	0.0	0	822.9127774946865	3147.248455566274	1	0	tensor(3, device='cuda:0')	1.6888534353473095
31200.0	2000.0	2947.2484555662763	0.0	0	712.1682020417902	3147.248455566274	1	0	tensor(3, device='cuda:0')	1.6888534353473095
32200.0	2000.0	2947.248455566276	0.0	0	773.6026304698789	3147.248455566274	1	0	tensor(3, device='cuda:0')	1.6888534353473095
33200.0	2000.0	2947.2484555662777	0.0	0	835.1443854911377	3147.2484555662777	1	0	tensor(3, device='cuda:0')	1.6888534353473093
34200.0	2000.0	2947.2484555662672	0.0	0	751.2145923823628	3147.248455566263	1	0	tensor(3, device='cuda:0')	1.688853435347311
35200.0	2000.0	2947.248455566269	0.0	0	846.1351722939798	3147.248455566263	1	0	tensor(3, device='cuda:0')	1.688853435347312
36200.0	2000.0	2947.2484555662713	0.0	0	821.1536453726658	3147.248455566267	1	0	tensor(3, device='cuda:0')	1.6888534353473115
37200.0	2000.0	2947.248455566271	0.0	0	738.0315259256895	3147.248455566267	1	0	tensor(3, device='cuda:0')	1.688853435347311
38200.0	2000.0	2947.2484555662654	0.0	0	693.3026079854171	3147.248455566274	1	0	tensor(3, device='cuda:0')	1.6888534353473095
39200.0	2000.0	2947.248455566264	0.0	0	669.7845936894519	3147.248455566274	1	0	tensor(3, device='cuda:0')	1.6888534353473095
40200.0	2000.0	2947.2484555662686	0.0	0	771.0164769540497	3147.248455566274	1	0	tensor(3, device='cuda:0')	1.6888534353473095
41200.0	2000.0	2947.248455566273	0.0	0	794.0494701709904	3147.248455566274	1	0	tensor(3, device='cuda:0')	1.6888534353473095
42200.0	2000.0	2947.2484555662713	0.0	0	745.7994786602139	3147.248455566274	1	0	tensor(3, device='cuda:0')	1.6888534353473095
43200.0	2000.0	2947.2484555662736	0.0	0	727.6497668104348	3147.2484555662813	1	0	tensor(3, device='cuda:0')	1.6888534353473081
44200.0	2000.0	2947.2484555662795	0.0	0	747.1392501990122	3147.2484555662813	1	0	tensor(3, device='cuda:0')	1.6888534353473081
45200.0	2000.0	2947.2484555662754	0.0	0	521.1123713046472	3147.248455566274	1	0	tensor(3, device='cuda:0')	1.6888534353473095
46200.0	2000.0	2947.2484555662736	0.0	0	673.948720683482	3147.248455566274	1	0	tensor(3, device='cuda:0')	1.6888534353473095
47200.0	2000.0	2947.2484555662713	0.0	0	774.8555605493675	3147.248455566267	1	0	tensor(3, device='cuda:0')	1.688853435347311
48200.0	2000.0	2947.2484555662722	0.0	0	795.8402875263637	3147.248455566267	1	0	tensor(3, device='cuda:0')	1.688853435347311
49200.0	2000.0	2947.248455566272	0.0	0	866.0791232215852	3147.2484555662595	1	0	tensor(3, device='cuda:0')	1.6888534353473126
50200.0	2000.0	2947.2484555662686	0.0	0	856.7075056077811	3147.2484555662595	1	0	tensor(3, device='cuda:0')	1.6888534353473126
51200.0	2000.0	2947.2484555662627	0.0	0	836.5217913145389	3147.2484555662595	1	0	tensor(3, device='cuda:0')	1.6888534353473126
52200.0	2000.0	2947.2484555662527	0.0	0	734.0977915917392	3147.2484555662522	1	0	tensor(3, device='cuda:0')	1.688853435347314
53200.0	2000.0	2947.248455566255	0.0	0	693.3051026930116	3147.2484555662522	1	0	tensor(3, device='cuda:0')	1.688853435347314
54200.0	2000.0	2947.248455566252	0.0	0	776.1160508109751	3147.248455566245	1	0	tensor(3, device='cuda:0')	1.6888534353473155
55200.0	2000.0	2947.2484555662495	0.0	0	733.7202652396372	3147.248455566245	1	0	tensor(3, device='cuda:0')	1.6888534353473155
56200.0	2000.0	2947.2484555662536	0.0	0	791.0194048236299	3147.248455566245	1	0	tensor(3, device='cuda:0')	1.6888534353473155
57200.0	2000.0	2947.2484555662613	0.0	0	851.3126365204298	3147.248455566245	1	0	tensor(3, device='cuda:0')	1.6888534353473155
58200.0	2000.0	2947.2484555662636	0.0	0	775.4642548731281	3147.2484555662522	1	0	tensor(3, device='cuda:0')	1.688853435347314
59200.0	2000.0	2947.248455566265	0.0	0	707.758982896863	3147.2484555662522	1	0	tensor(3, device='cuda:0')	1.688853435347314
60200.0	2000.0	2947.248455566259	0.0	0	829.6883990301358	3147.248455566245	1	0	tensor(3, device='cuda:0')	1.6888534353473155
61200.0	2000.0	2947.2484555662527	0.0	0	870.4903995025743	3147.248455566245	1	0	tensor(3, device='cuda:0')	1.6888534353473155
62200.0	2000.0	2947.2484555662495	0.0	0	706.0443707266022	3147.248455566245	1	0	tensor(3, device='cuda:0')	1.6888534353473155
63200.0	2000.0	2947.248455566245	0.0	0	770.4154499497308	3147.248455566245	1	0	tensor(3, device='cuda:0')	1.6888534353473155
64200.0	2000.0	2947.2484555662445	0.0	0	710.498819152519	3147.248455566245	1	0	tensor(3, device='cuda:0')	1.6888534353473155
65200.0	2000.0	2947.248455566245	0.0	0	620.150888999291	3147.248455566245	1	0	tensor(3, device='cuda:0')	1.6888534353473155
66200.0	2000.0	2947.248455566242	0.0	0	667.6027127371781	3147.248455566245	1	0	tensor(3, device='cuda:0')	1.688853435347315
67200.0	2000.0	2947.2484555662436	0.0	0	693.9712094517599	3147.248455566245	1	0	tensor(3, device='cuda:0')	1.6888534353473164
68200.0	2000.0	2947.248455566259	0.0	0	686.1168798528088	3147.2484555662522	1	0	tensor(3, device='cuda:0')	1.688853435347315
69200.0	2000.0	2947.2484555662663	0.0	0	622.6778152344777	3147.2484555662522	1	0	tensor(3, device='cuda:0')	1.6888534353473146
70200.0	2000.0	2947.248455566275	0.0	0	715.7528177969798	3147.2484555662522	1	0	tensor(3, device='cuda:0')	1.688853435347314
71200.0	2000.0	2947.248455566268	0.0	0	777.1881713245821	3147.2484555662377	1	0	tensor(3, device='cuda:0')	1.688853435347317
72200.0	2000.0	2947.2484555662904	0.0	0	851.9492054198345	3147.2484555662522	1	0	tensor(3, device='cuda:0')	1.688853435347314
73200.0	2000.0	2947.2484555662804	0.0	0	851.0500107796543	3147.2484555662522	1	0	tensor(3, device='cuda:0')	1.688853435347314
74200.0	2000.0	2947.2484555662754	0.0	0	832.1274787075527	3147.2484555662522	1	0	tensor(3, device='cuda:0')	1.688853435347314
75200.0	2000.0	2947.248455566291	0.0	0	806.371978205425	3147.2484555662522	1	0	tensor(3, device='cuda:0')	1.688853435347314
76200.0	2000.0	2947.2484555663027	0.0	0	864.6528910884954	3147.2484555662522	1	0	tensor(3, device='cuda:0')	1.688853435347314
77200.0	2000.0	2947.2484555662923	0.0	0	838.8136224592454	3147.2484555662377	1	0	tensor(3, device='cuda:0')	1.688853435347317
78200.0	2000.0	2947.2484555662995	0.0	0	794.6963353864267	3147.2484555662377	1	0	tensor(3, device='cuda:0')	1.688853435347317
79200.0	2000.0	2947.248455566312	0.0	0	676.9229107847059	3147.2484555662377	1	0	tensor(3, device='cuda:0')	1.688853435347317
80200.0	2000.0	2947.2484555663195	0.0	0	773.0785636744549	3147.248455566223	1	0	tensor(3, device='cuda:0')	1.68885343534732
81200.0	2000.0	2947.248455566318	0.0	0	785.0124706037459	3147.248455566223	1	0	tensor(3, device='cuda:0')	1.68885343534732
82200.0	2000.0	2947.2484555663336	0.0	0	766.650293424449	3147.248455566223	1	0	tensor(3, device='cuda:0')	1.68885343534732
83200.0	2000.0	2947.248455566313	0.0	0	787.837623540705	3147.248455566223	1	0	tensor(3, device='cuda:0')	1.68885343534732
84200.0	2000.0	2947.2484555663223	0.0	0	823.4915513507149	3147.248455566223	1	0	tensor(3, device='cuda:0')	1.68885343534732
85200.0	2000.0	2947.248455566322	0.0	0	730.0503788970673	3147.248455566223	1	0	tensor(3, device='cuda:0')	1.68885343534732
86200.0	2000.0	2947.2484555663295	0.0	0	713.5708491564874	3147.2484555662377	1	0	tensor(3, device='cuda:0')	1.688853435347317
87200.0	2000.0	2947.248455566335	0.0	0	688.4878632182226	3147.2484555662377	1	0	tensor(3, device='cuda:0')	1.688853435347317
88200.0	2000.0	2947.248455566329	0.0	0	830.8337390865636	3147.2484555662522	1	0	tensor(3, device='cuda:0')	1.688853435347314
89200.0	2000.0	2947.2484555663345	0.0	0	733.6531526422041	3147.2484555662522	1	0	tensor(3, device='cuda:0')	1.688853435347314
90200.0	2000.0	2947.2484555663423	0.0	0	814.010892336606	3147.248455566267	1	0	tensor(3, device='cuda:0')	1.688853435347311
91200.0	2000.0	2947.2484555663214	0.0	0	801.0294196279137	3147.248455566267	1	0	tensor(3, device='cuda:0')	1.688853435347311
92200.0	2000.0	2947.248455566316	0.0	0	733.7766298314673	3147.248455566267	1	0	tensor(3, device='cuda:0')	1.688853435347311
93200.0	2000.0	2947.24845556633	0.0	0	786.2460429968778	3147.248455566267	1	0	tensor(3, device='cuda:0')	1.688853435347311
94200.0	2000.0	2947.2484555663304	0.0	0	839.9636929722183	3147.248455566267	1	0	tensor(3, device='cuda:0')	1.688853435347311
95200.0	2000.0	2947.248455566312	0.0	0	757.4958444532822	3147.2484555662522	1	0	tensor(3, device='cuda:0')	1.688853435347314
96200.0	2000.0	2947.2484555663195	0.0	0	793.9109535279131	3147.2484555662522	1	0	tensor(3, device='cuda:0')	1.688853435347314
97200.0	2000.0	2947.24845556633	0.0	0	802.9238913018053	3147.2484555662522	1	0	tensor(3, device='cuda:0')	1.688853435347314
98200.0	2000.0	2947.2484555663295	0.0	0	793.3689240128588	3147.2484555662377	1	0	tensor(3, device='cuda:0')	1.688853435347317
99200.0	2000.0	2947.248455566323	0.0	0	719.8946966505027	3147.2484555662522	1	0	tensor(3, device='cuda:0')	1.688853435347314
100200.0	2000.0	2947.2484555663136	0.0	0	556.4799407488899	3147.2484555662522	1	0	tensor(3, device='cuda:0')	1.688853435347314
101200.0	2000.0	2947.248455566305	0.0	0	729.5513637950353	3147.2484555662377	1	0	tensor(3, device='cuda:0')	1.688853435347317
102200.0	2000.0	2947.2484555662954	0.0	0	727.561929210482	3147.2484555662377	1	0	tensor(3, device='cuda:0')	1.688853435347317
103200.0	2000.0	2947.2484555662886	0.0	0	826.4206200968329	3147.2484555662377	1	0	tensor(3, device='cuda:0')	1.688853435347317
104200.0	2000.0	2947.2484555662777	0.0	0	832.2203250416933	3147.2484555662377	1	0	tensor(3, device='cuda:0')	1.688853435347317
105200.0	2000.0	2947.248455566276	0.0	0	733.9316990374064	3147.2484555662522	1	0	tensor(3, device='cuda:0')	1.688853435347314
106200.0	2000.0	2947.248455566287	0.0	0	795.7771421217185	3147.2484555662522	1	0	tensor(3, device='cuda:0')	1.688853435347314
107200.0	2000.0	2947.248455566282	0.0	0	804.5204800403735	3147.2484555662522	1	0	tensor(3, device='cuda:0')	1.688853435347314
108200.0	2000.0	2947.2484555662772	0.0	0	750.0814396834758	3147.2484555662522	1	0	tensor(3, device='cuda:0')	1.688853435347314
109200.0	2000.0	2947.248455566292	0.0	0	804.6372343812254	3147.2484555662522	1	0	tensor(3, device='cuda:0')	1.688853435347314
110200.0	2000.0	2947.2484555663	0.0	0	844.4396062216547	3147.2484555662522	1	0	tensor(3, device='cuda:0')	1.688853435347314
111200.0	2000.0	2947.2484555663063	0.0	0	797.654904567331	3147.2484555662522	1	0	tensor(3, device='cuda:0')	1.688853435347314
112200.0	2000.0	2947.248455566303	0.0	0	734.8712896892248	3147.2484555662522	1	0	tensor(3, device='cuda:0')	1.688853435347314
113200.0	2000.0	2947.2484555663004	0.0	0	790.4716124689439	3147.2484555662522	1	0	tensor(3, device='cuda:0')	1.688853435347314
114200.0	2000.0	2947.2484555663077	0.0	0	814.8228942834539	3147.248455566267	1	0	tensor(3, device='cuda:0')	1.688853435347311
115200.0	2000.0	2947.2484555662954	0.0	0	625.3777682944055	3147.248455566267	1	0	tensor(3, device='cuda:0')	1.688853435347311
116200.0	2000.0	2947.24845556629	0.0	0	683.4368221335462	3147.248455566267	1	0	tensor(3, device='cuda:0')	1.688853435347311
117200.0	2000.0	2947.2484555662836	0.0	0	735.6926327822293	3147.248455566267	1	0	tensor(3, device='cuda:0')	1.688853435347311
118200.0	2000.0	2947.248455566284	0.0	0	806.1014695643971	3147.248455566267	1	0	tensor(3, device='cuda:0')	1.688853435347311
119200.0	2000.0	2947.2484555662872	0.0	0	654.9240340830875	3147.248455566267	1	0	tensor(3, device='cuda:0')	1.688853435347311
120200.0	2000.0	2947.248455566287	0.0	0	685.1254981454404	3147.248455566267	1	0	tensor(3, device='cuda:0')	1.688853435347311
121200.0	2000.0	2947.2484555662913	0.0	0	677.364677078047	3147.248455566267	1	0	tensor(3, device='cuda:0')	1.688853435347311
122200.0	2000.0	2947.2484555662973	0.0	0	785.3676709281717	3147.248455566267	1	0	tensor(3, device='cuda:0')	1.688853435347311
123200.0	2000.0	2947.2484555663077	0.0	0	826.3748607240996	3147.248455566267	1	0	tensor(3, device='cuda:0')	1.688853435347311
124200.0	2000.0	2947.2484555663164	0.0	0	765.7199375407508	3147.2484555662813	1	0	tensor(3, device='cuda:0')	1.6888534353473081
125200.0	2000.0	2947.248455566312	0.0	0	806.1272630617605	3147.248455566267	1	0	tensor(3, device='cuda:0')	1.688853435347311
126200.0	2000.0	2947.248455566328	0.0	0	708.633184348655	3147.2484555662813	1	0	tensor(3, device='cuda:0')	1.6888534353473081
127200.0	2000.0	2947.2484555663327	0.0	0	690.7218752375193	3147.248455566296	1	0	tensor(3, device='cuda:0')	1.688853435347305
128200.0	2000.0	2947.248455566327	0.0	0	827.07317666772	3147.248455566296	1	0	tensor(3, device='cuda:0')	1.688853435347305
129200.0	2000.0	2947.2484555663323	0.0	0	796.0562035654584	3147.248455566296	1	0	tensor(3, device='cuda:0')	1.688853435347305
130200.0	2000.0	2947.248455566326	0.0	0	662.1395037936745	3147.2484555663104	1	0	tensor(3, device='cuda:0')	1.688853435347302
131200.0	2000.0	2947.2484555663236	0.0	0	814.6352836729056	3147.2484555663104	1	0	tensor(3, device='cuda:0')	1.688853435347302
132200.0	2000.0	2947.2484555663564	0.0	0	808.8578354820202	3147.248455566354	1	0	tensor(3, device='cuda:0')	1.688853435347296
133200.0	2000.0	2947.2484555663527	0.0	0	717.4411717510957	3147.248455566354	1	0	tensor(3, device='cuda:0')	1.6888534353472928
134200.0	2000.0	2947.2484555663737	0.0	0	728.940290797851	3147.2484555663686	1	0	tensor(3, device='cuda:0')	1.6888534353472915
135200.0	2000.0	2947.2484555664055	0.0	0	724.4521543494484	3147.248455566354	1	0	tensor(3, device='cuda:0')	1.6888534353472928
136200.0	2000.0	2947.248455566378	0.0	0	754.8718704815838	3147.248455566354	1	0	tensor(3, device='cuda:0')	1.6888534353472928
137200.0	2000.0	2947.248455566378	0.0	0	825.1716086668312	3147.248455566354	1	0	tensor(3, device='cuda:0')	1.6888534353472928
138200.0	2000.0	2947.248455566387	0.0	0	824.1555897250655	3147.248455566354	1	0	tensor(3, device='cuda:0')	1.6888534353472928
139200.0	2000.0	2947.2484555664355	0.0	0	826.396463895333	3147.248455566354	1	0	tensor(3, device='cuda:0')	1.6888534353472928
140200.0	2000.0	2947.2484555663987	0.0	0	813.7754541932081	3147.248455566354	1	0	tensor(3, device='cuda:0')	1.6888534353472928
141200.0	2000.0	2947.248455566372	0.0	0	697.982244043349	3147.248455566325	1	0	tensor(3, device='cuda:0')	1.688853435347299
142200.0	2000.0	2947.2484555663377	0.0	0	721.6205908768752	3147.248455566296	1	0	tensor(3, device='cuda:0')	1.688853435347305
143200.0	2000.0	2947.2484555663154	0.0	0	719.2607950047532	3147.248455566296	1	0	tensor(3, device='cuda:0')	1.688853435347305
144200.0	2000.0	2947.2484555663127	0.0	0	783.1323113702238	3147.248455566267	1	0	tensor(3, device='cuda:0')	1.688853435347311
145200.0	2000.0	2947.248455566312	0.0	0	641.1397419304121	3147.248455566267	1	0	tensor(3, device='cuda:0')	1.688853435347311
146200.0	2000.0	2947.248455566308	0.0	0	753.3741296479711	3147.248455566267	1	0	tensor(3, device='cuda:0')	1.688853435347311
147200.0	2000.0	2947.248455566294	0.0	0	818.1661000718304	3147.248455566267	1	0	tensor(3, device='cuda:0')	1.688853435347311
148200.0	2000.0	2947.248455566327	0.0	0	815.2809677092591	3147.248455566267	1	0	tensor(3, device='cuda:0')	1.688853435347311
149200.0	2000.0	2947.248455566329	0.0	0	663.9619986078469	3147.248455566267	1	0	tensor(3, device='cuda:0')	1.688853435347311
150200.0	2000.0	2947.24845556632	0.0	0	770.3669467753207	3147.248455566296	1	0	tensor(3, device='cuda:0')	1.688853435347305
151200.0	2000.0	2947.248455566341	0.0	0	758.0504862429225	3147.248455566296	1	0	tensor(3, device='cuda:0')	1.688853435347305
152200.0	2000.0	2947.2484555663327	0.0	0	787.8203734684503	3147.248455566325	1	0	tensor(3, device='cuda:0')	1.688853435347299
153200.0	2000.0	2947.248455566318	0.0	0	783.7459858313377	3147.248455566325	1	0	tensor(3, device='cuda:0')	1.688853435347299
154200.0	2000.0	2947.2484555663186	0.0	0	818.2471993998042	3147.248455566325	1	0	tensor(3, device='cuda:0')	1.688853435347299
155200.0	2000.0	2947.248455566318	0.0	0	876.1550005981117	3147.248455566325	1	0	tensor(3, device='cuda:0')	1.688853435347299
156200.0	2000.0	2947.2484555663423	0.0	0	789.9643564787402	3147.248455566354	1	0	tensor(3, device='cuda:0')	1.6888534353472928
157200.0	2000.0	2947.248455566334	0.0	0	855.7095320541703	3147.248455566354	1	0	tensor(3, device='cuda:0')	1.6888534353472928
158200.0	2000.0	2947.248455566316	0.0	0	783.9022740818327	3147.248455566354	1	0	tensor(3, device='cuda:0')	1.6888534353472928
159200.0	2000.0	2947.248455566315	0.0	0	766.1459467952373	3147.248455566354	1	0	tensor(3, device='cuda:0')	1.6888534353472928
160200.0	2000.0	2947.248455566317	0.0	0	676.483791215258	3147.248455566383	1	0	tensor(3, device='cuda:0')	1.688853435347287
161200.0	2000.0	2947.2484555663254	0.0	0	735.015848488285	3147.248455566383	1	0	tensor(3, device='cuda:0')	1.688853435347287
162200.0	2000.0	2947.2484555663464	0.0	0	797.5106094450166	3147.248455566383	1	0	tensor(3, device='cuda:0')	1.688853435347287
163200.0	2000.0	2947.2484555663677	0.0	0	816.8343704191502	3147.2484555664123	1	0	tensor(3, device='cuda:0')	1.6888534353472808
164200.0	2000.0	2947.2484555663937	0.0	0	821.0582206556282	3147.2484555664123	1	0	tensor(3, device='cuda:0')	1.6888534353472808
165200.0	2000.0	2947.2484555663923	0.0	0	713.5285704129492	3147.2484555664414	1	0	tensor(3, device='cuda:0')	1.688853435347275
166200.0	2000.0	2947.2484555663677	0.0	0	723.5629007763637	3147.2484555664414	1	0	tensor(3, device='cuda:0')	1.688853435347275
167200.0	2000.0	2947.248455566358	0.0	0	750.0849099986372	3147.2484555664123	1	0	tensor(3, device='cuda:0')	1.6888534353472808
168200.0	2000.0	2947.2484555663455	0.0	0	718.0614347522205	3147.2484555664123	1	0	tensor(3, device='cuda:0')	1.6888534353472808
169200.0	2000.0	2947.2484555663473	0.0	0	805.6348723183619	3147.2484555664414	1	0	tensor(3, device='cuda:0')	1.688853435347275
170200.0	2000.0	2947.2484555663336	0.0	0	840.7352291076677	3147.2484555664414	1	0	tensor(3, device='cuda:0')	1.688853435347275
171200.0	2000.0	2947.2484555663264	0.0	0	745.5740866259439	3147.2484555664414	1	0	tensor(3, device='cuda:0')	1.688853435347275
172200.0	2000.0	2947.248455566299	0.0	0	820.314748489327	3147.2484555664414	1	0	tensor(3, device='cuda:0')	1.688853435347275
173200.0	2000.0	2947.24845556629	0.0	0	819.7897672666586	3147.2484555664414	1	0	tensor(3, device='cuda:0')	1.688853435347275
174200.0	2000.0	2947.248455566322	0.0	0	781.5104022908781	3147.2484555664414	1	0	tensor(3, device='cuda:0')	1.688853435347275
175200.0	2000.0	2947.2484555663336	0.0	0	708.1120469831512	3147.2484555664414	1	0	tensor(3, device='cuda:0')	1.688853435347275
176200.0	2000.0	2947.2484555663164	0.0	0	820.5273144545208	3147.2484555664705	1	0	tensor(3, device='cuda:0')	1.6888534353472688
177200.0	2000.0	2947.2484555663223	0.0	0	618.529387713701	3147.2484555664996	1	0	tensor(3, device='cuda:0')	1.688853435347263
178200.0	2000.0	2947.2484555663345	0.0	0	659.4965834991599	3147.2484555664996	1	0	tensor(3, device='cuda:0')	1.688853435347263
179200.0	2000.0	2947.2484555663314	0.0	0	622.539124956791	3147.2484555664996	1	0	tensor(3, device='cuda:0')	1.688853435347263
180200.0	2000.0	2947.2484555663245	0.0	0	735.8557338650571	3147.2484555664996	1	0	tensor(3, device='cuda:0')	1.688853435347263
181200.0	2000.0	2947.2484555663427	0.0	0	774.889992995013	3147.2484555665287	1	0	tensor(3, device='cuda:0')	1.688853435347257
182200.0	2000.0	2947.248455566362	0.0	0	683.2614413860429	3147.2484555664996	1	0	tensor(3, device='cuda:0')	1.688853435347263
183200.0	2000.0	2947.2484555663596	0.0	0	636.8928005603084	3147.2484555665287	1	0	tensor(3, device='cuda:0')	1.688853435347257
184200.0	2000.0	2947.248455566362	0.0	0	709.876412440266	3147.2484555665287	1	0	tensor(3, device='cuda:0')	1.688853435347257
185200.0	2000.0	2947.2484555663646	0.0	0	719.6867764104682	3147.2484555664996	1	0	tensor(3, device='cuda:0')	1.688853435347263
186200.0	2000.0	2947.2484555663486	0.0	0	682.3101322344737	3147.2484555664996	1	0	tensor(3, device='cuda:0')	1.688853435347263
187200.0	2000.0	2947.248455566355	0.0	0	719.2336149248586	3147.2484555664996	1	0	tensor(3, device='cuda:0')	1.688853435347263
188200.0	2000.0	2947.2484555663455	0.0	0	680.9042004059011	3147.2484555664996	1	0	tensor(3, device='cuda:0')	1.688853435347263
189200.0	2000.0	2947.2484555663214	0.0	0	744.3864214740752	3147.2484555664996	1	0	tensor(3, device='cuda:0')	1.688853435347263
190200.0	2000.0	2947.248455566331	0.0	0	770.9195062752697	3147.2484555664996	1	0	tensor(3, device='cuda:0')	1.688853435347263
191200.0	2000.0	2947.2484555663013	0.0	0	845.4147758181207	3147.2484555664996	1	0	tensor(3, device='cuda:0')	1.688853435347263
192200.0	2000.0	2947.2484555662763	0.0	0	799.8595810869883	3147.2484555664996	1	0	tensor(3, device='cuda:0')	1.688853435347263
193200.0	2000.0	2947.2484555662627	0.0	0	695.2558786172885	3147.2484555664996	1	0	tensor(3, device='cuda:0')	1.688853435347263
194200.0	2000.0	2947.248455566269	0.0	0	667.1911082142906	3147.2484555664705	1	0	tensor(3, device='cuda:0')	1.6888534353472688
195200.0	2000.0	2947.2484555662663	0.0	0	711.1540513544169	3147.2484555664705	1	0	tensor(3, device='cuda:0')	1.6888534353472688
196200.0	2000.0	2947.248455566245	0.0	0	675.9358916160709	3147.2484555664996	1	0	tensor(3, device='cuda:0')	1.688853435347263
197200.0	2000.0	2947.2484555662604	0.0	0	693.5865238508268	3147.2484555664996	1	0	tensor(3, device='cuda:0')	1.688853435347263
198200.0	2000.0	2947.2484555662704	0.0	0	646.5776145197451	3147.2484555664996	1	0	tensor(3, device='cuda:0')	1.688853435347263
199200.0	2000.0	2947.248455566247	0.0	0	726.1090673590952	3147.2484555664996	1	0	tensor(3, device='cuda:0')	1.688853435347263
200200.0	2000.0	2947.2484555662354	0.0	0	722.8053790424601	3147.2484555664996	1	0	tensor(3, device='cuda:0')	1.688853435347263
201200.0	2000.0	2947.2484555662763	0.0	0	739.9977472687606	3147.2484555664996	1	0	tensor(3, device='cuda:0')	1.688853435347263
202200.0	2000.0	2947.248455566282	0.0	0	705.5667265747616	3147.2484555665287	1	0	tensor(3, device='cuda:0')	1.688853435347257
203200.0	2000.0	2947.2484555663123	0.0	0	767.3620485505671	3147.248455566558	1	0	tensor(3, device='cuda:0')	1.6888534353472509
204200.0	2000.0	2947.248455566293	0.0	0	728.0642106567975	3147.248455566558	1	0	tensor(3, device='cuda:0')	1.6888534353472509
205200.0	2000.0	2947.248455566311	0.0	0	670.6767556644918	3147.248455566587	1	0	tensor(3, device='cuda:0')	1.688853435347245
206200.0	2000.0	2947.2484555663154	0.0	0	707.2231163842371	3147.248455566587	1	0	tensor(3, device='cuda:0')	1.688853435347245
207200.0	2000.0	2947.2484555663	0.0	0	730.0022897286399	3147.248455566587	1	0	tensor(3, device='cuda:0')	1.688853435347245
208200.0	2000.0	2947.2484555662595	0.0	0	816.3474549028324	3147.248455566587	1	0	tensor(3, device='cuda:0')	1.688853435347245
209200.0	2000.0	2947.2484555662572	0.0	0	831.1341620041931	3147.248455566616	1	0	tensor(3, device='cuda:0')	1.688853435347239
210200.0	2000.0	2947.24845556627	0.0	0	822.1459175339842	3147.248455566645	1	0	tensor(3, device='cuda:0')	1.6888534353472329
211200.0	2000.0	2947.2484555662927	0.0	0	771.9599557186011	3147.248455566645	1	0	tensor(3, device='cuda:0')	1.6888534353472329
212200.0	2000.0	2947.248455566294	0.0	0	793.0663850661949	3147.248455566616	1	0	tensor(3, device='cuda:0')	1.688853435347239
213200.0	2000.0	2947.248455566294	0.0	0	740.7415427789674	3147.248455566616	1	0	tensor(3, device='cuda:0')	1.688853435347239
214200.0	2000.0	2947.2484555662804	0.0	0	766.4128241527069	3147.248455566616	1	0	tensor(3, device='cuda:0')	1.688853435347239
215200.0	2000.0	2947.248455566273	0.0	0	764.4200742679823	3147.248455566616	1	0	tensor(3, device='cuda:0')	1.688853435347239
216200.0	2000.0	2947.248455566266	0.0	0	770.1257020711491	3147.248455566616	1	0	tensor(3, device='cuda:0')	1.688853435347239
217200.0	2000.0	2947.2484555662863	0.0	0	682.5632267977635	3147.248455566616	1	0	tensor(3, device='cuda:0')	1.688853435347239
218200.0	2000.0	2947.2484555662904	0.0	0	697.5541605260514	3147.248455566616	1	0	tensor(3, device='cuda:0')	1.688853435347239
219200.0	2000.0	2947.2484555663113	0.0	0	718.0174398868985	3147.248455566616	1	0	tensor(3, device='cuda:0')	1.688853435347239
220200.0	2000.0	2947.24845556632	0.0	0	739.8640079461038	3147.248455566616	1	0	tensor(3, device='cuda:0')	1.688853435347239
221200.0	2000.0	2947.2484555663586	0.0	0	820.1207047894713	3147.248455566616	1	0	tensor(3, device='cuda:0')	1.688853435347239
222200.0	2000.0	2947.24845556636	0.0	0	760.2938637732586	3147.248455566616	1	0	tensor(3, device='cuda:0')	1.688853435347239
223200.0	2000.0	2947.248455566374	0.0	0	781.5261041523481	3147.248455566616	1	0	tensor(3, device='cuda:0')	1.688853435347239
224200.0	2000.0	2947.2484555663436	0.0	0	778.040211544605	3147.248455566616	1	0	tensor(3, device='cuda:0')	1.688853435347239
225200.0	2000.0	2947.248455566343	0.0	0	750.7914535243472	3147.248455566616	1	0	tensor(3, device='cuda:0')	1.688853435347239
226200.0	2000.0	2947.2484555663123	0.0	0	734.6663305523689	3147.248455566616	1	0	tensor(3, device='cuda:0')	1.688853435347239
227200.0	2000.0	2947.248455566341	0.0	0	683.6007031392364	3147.248455566616	1	0	tensor(3, device='cuda:0')	1.688853435347239
228200.0	2000.0	2947.2484555663223	0.0	0	660.7637128207425	3147.248455566616	1	0	tensor(3, device='cuda:0')	1.688853435347239
229200.0	2000.0	2947.248455566339	0.0	0	701.5995677324536	3147.248455566616	1	0	tensor(3, device='cuda:0')	1.688853435347239
230200.0	2000.0	2947.248455566351	0.0	0	630.5417605699622	3147.248455566616	1	0	tensor(3, device='cuda:0')	1.688853435347239
231200.0	2000.0	2947.248455566342	0.0	0	673.905742335628	3147.248455566616	1	0	tensor(3, device='cuda:0')	1.688853435347239
232200.0	2000.0	2947.24845556632	0.0	0	754.7285950847145	3147.248455566616	1	0	tensor(3, device='cuda:0')	1.688853435347239
233200.0	2000.0	2947.2484555663373	0.0	0	790.4373533898033	3147.248455566616	1	0	tensor(3, device='cuda:0')	1.688853435347239
234200.0	2000.0	2947.2484555663036	0.0	0	829.4470758938405	3147.248455566587	1	0	tensor(3, device='cuda:0')	1.688853435347245
235200.0	2000.0	2947.248455566318	0.0	0	795.8816096875235	3147.248455566587	1	0	tensor(3, device='cuda:0')	1.688853435347245
236200.0	2000.0	2947.2484555662877	0.0	0	848.0478957746818	3147.248455566558	1	0	tensor(3, device='cuda:0')	1.6888534353472509
237200.0	2000.0	2947.2484555662704	0.0	0	854.6076137858909	3147.2484555665287	1	0	tensor(3, device='cuda:0')	1.688853435347257
238200.0	2000.0	2947.24845556628	0.0	0	825.2642737487622	3147.2484555665287	1	0	tensor(3, device='cuda:0')	1.688853435347257
239200.0	2000.0	2947.2484555662486	0.0	0	837.3584706343536	3147.2484555664996	1	0	tensor(3, device='cuda:0')	1.688853435347263
240200.0	2000.0	2947.2484555662363	0.0	0	845.92194287639	3147.2484555664996	1	0	tensor(3, device='cuda:0')	1.688853435347263
241200.0	2000.0	2947.248455566225	0.0	0	767.909841882909	3147.2484555665287	1	0	tensor(3, device='cuda:0')	1.688853435347257
242200.0	2000.0	2947.2484555662336	0.0	0	610.9501257207012	3147.248455566558	1	0	tensor(3, device='cuda:0')	1.6888534353472509
243200.0	2000.0	2947.2484555662118	0.0	0	534.2622862165153	3147.248455566558	1	0	tensor(3, device='cuda:0')	1.6888534353472509
244200.0	2000.0	2947.2484555662018	0.0	0	638.6484426159295	3147.248455566558	1	0	tensor(3, device='cuda:0')	1.6888534353472509
245200.0	2000.0	2947.248455566177	0.0	0	695.3469426937809	3147.248455566558	1	0	tensor(3, device='cuda:0')	1.6888534353472509
246200.0	2000.0	2947.2484555662127	0.0	0	683.6491182793397	3147.248455566587	1	0	tensor(3, device='cuda:0')	1.688853435347245
247200.0	2000.0	2947.248455566212	0.0	0	739.8183946039353	3147.248455566587	1	0	tensor(3, device='cuda:0')	1.688853435347245
248200.0	2000.0	2947.248455566191	0.0	0	664.2782655479095	3147.248455566587	1	0	tensor(3, device='cuda:0')	1.688853435347245
249200.0	2000.0	2947.2484555661804	0.0	0	749.7285437732062	3147.248455566616	1	0	tensor(3, device='cuda:0')	1.688853435347239
250200.0	2000.0	2947.2484555661877	0.0	0	855.4194627854158	3147.248455566616	1	0	tensor(3, device='cuda:0')	1.688853435347239
251200.0	2000.0	2947.2484555662036	0.0	0	865.4615063791571	3147.248455566616	1	0	tensor(3, device='cuda:0')	1.688853435347239
252200.0	2000.0	2947.2484555661863	0.0	0	711.23101912532	3147.248455566616	1	0	tensor(3, device='cuda:0')	1.688853435347239
253200.0	2000.0	2947.2484555661777	0.0	0	775.1014055456035	3147.248455566616	1	0	tensor(3, device='cuda:0')	1.688853435347239
254200.0	2000.0	2947.2484555662136	0.0	0	691.2075412225386	3147.248455566616	1	0	tensor(3, device='cuda:0')	1.688853435347239
255200.0	2000.0	2947.2484555662313	0.0	0	707.4062940409058	3147.248455566616	1	0	tensor(3, device='cuda:0')	1.688853435347239
256200.0	2000.0	2947.248455566235	0.0	0	823.937600485544	3147.248455566587	1	0	tensor(3, device='cuda:0')	1.688853435347245
257200.0	2000.0	2947.2484555662377	0.0	0	657.8359917529451	3147.248455566587	1	0	tensor(3, device='cuda:0')	1.688853435347245
258200.0	2000.0	2947.248455566222	0.0	0	692.3799542473862	3147.248455566587	1	0	tensor(3, device='cuda:0')	1.688853435347245
259200.0	2000.0	2947.2484555661945	0.0	0	714.4151815169607	3147.248455566587	1	0	tensor(3, device='cuda:0')	1.688853435347245
260200.0	2000.0	2947.2484555662013	0.0	0	775.0509581290826	3147.248455566587	1	0	tensor(3, device='cuda:0')	1.688853435347245
261200.0	2000.0	2947.24845556622	0.0	0	825.2361478744424	3147.248455566558	1	0	tensor(3, device='cuda:0')	1.6888534353472509
262200.0	2000.0	2947.248455566226	0.0	0	834.3567468822293	3147.248455566587	1	0	tensor(3, device='cuda:0')	1.688853435347245
263200.0	2000.0	2947.248455566192	0.0	0	623.2098999613663	3147.248455566558	1	0	tensor(3, device='cuda:0')	1.688853435347245
264200.0	2000.0	2947.2484555662036	0.0	0	741.060151812213	3147.248455566616	1	0	tensor(3, device='cuda:0')	1.6888534353472426
265200.0	2000.0	2947.2484555661813	0.0	0	804.6436166630592	3147.248455566587	1	0	tensor(3, device='cuda:0')	1.688853435347245
266200.0	2000.0	2947.248455566183	0.0	0	750.7567210708512	3147.248455566587	1	0	tensor(3, device='cuda:0')	1.688853435347245
267200.0	2000.0	2947.2484555661217	0.0	0	632.038454446476	3147.248455566587	1	0	tensor(3, device='cuda:0')	1.688853435347245
268200.0	2000.0	2947.248455566063	0.0	0	750.3106584674097	3147.2484555665287	1	0	tensor(3, device='cuda:0')	1.688853435347257
269200.0	2000.0	2947.248455566055	0.0	0	798.4594665203476	3147.2484555665287	1	0	tensor(3, device='cuda:0')	1.688853435347257
270200.0	2000.0	2947.248455565987	0.0	0	763.8191340418416	3147.2484555664705	1	0	tensor(3, device='cuda:0')	1.6888534353472688
271200.0	2000.0	2947.248455565926	0.0	0	757.3825734600541	3147.2484555664705	1	0	tensor(3, device='cuda:0')	1.6888534353472688
272200.0	2000.0	2947.2484555659626	0.0	0	814.0051554595702	3147.2484555664705	1	0	tensor(3, device='cuda:0')	1.6888534353472688
273200.0	2000.0	2947.2484555659694	0.0	0	785.4708240525215	3147.2484555664123	1	0	tensor(3, device='cuda:0')	1.6888534353472808
274200.0	2000.0	2947.2484555659066	0.0	0	748.8956549222348	3147.2484555664123	1	0	tensor(3, device='cuda:0')	1.6888534353472808
275200.0	2000.0	2947.2484555659416	0.0	0	796.9029580435599	3147.2484555664123	1	0	tensor(3, device='cuda:0')	1.6888534353472808
276200.0	2000.0	2947.2484555659253	0.0	0	812.3749559018761	3147.2484555664123	1	0	tensor(3, device='cuda:0')	1.6888534353472808
277200.0	2000.0	2947.248455565917	0.0	0	820.1389622263378	3147.2484555664123	1	0	tensor(3, device='cuda:0')	1.6888534353472808
278200.0	2000.0	2947.2484555659375	0.0	0	704.2718070136034	3147.2484555664123	1	0	tensor(3, device='cuda:0')	1.6888534353472808
279200.0	2000.0	2947.248455565873	0.0	0	713.2883006916963	3147.2484555664123	1	0	tensor(3, device='cuda:0')	1.6888534353472808
280200.0	2000.0	2947.2484555658716	0.0	0	707.6033676069928	3147.2484555664123	1	0	tensor(3, device='cuda:0')	1.6888534353472808
281200.0	2000.0	2947.248455565862	0.0	0	731.0662296293885	3147.2484555664123	1	0	tensor(3, device='cuda:0')	1.6888534353472808
282200.0	2000.0	2947.2484555659103	0.0	0	759.5779923648806	3147.2484555664705	1	0	tensor(3, device='cuda:0')	1.6888534353472688
283200.0	2000.0	2947.2484555659116	0.0	0	658.9655469352729	3147.2484555664705	1	0	tensor(3, device='cuda:0')	1.6888534353472688
284200.0	2000.0	2947.248455565914	0.0	0	823.8672108675819	3147.2484555664705	1	0	tensor(3, device='cuda:0')	1.6888534353472688
285200.0	2000.0	2947.248455565912	0.0	0	823.4261096074479	3147.2484555664705	1	0	tensor(3, device='cuda:0')	1.6888534353472688
286200.0	2000.0	2947.248455565853	0.0	0	745.1822109788773	3147.2484555664705	1	0	tensor(3, device='cuda:0')	1.6888534353472688
287200.0	2000.0	2947.2484555658893	0.0	0	692.1946177690406	3147.2484555664705	1	0	tensor(3, device='cuda:0')	1.6888534353472688
288200.0	2000.0	2947.248455565967	0.0	0	756.5194707581541	3147.2484555664705	1	0	tensor(3, device='cuda:0')	1.6888534353472688
289200.0	2000.0	2947.248455565982	0.0	0	675.4565238338546	3147.2484555664705	1	0	tensor(3, device='cuda:0')	1.6888534353472688
290200.0	2000.0	2947.248455565963	0.0	0	794.9394338263664	3147.2484555664123	1	0	tensor(3, device='cuda:0')	1.6888534353472808
291200.0	2000.0	2947.248455566001	0.0	0	728.022821753053	3147.248455566354	1	0	tensor(3, device='cuda:0')	1.6888534353472928
292200.0	2000.0	2947.2484555660353	0.0	0	758.084519926575	3147.248455566296	1	0	tensor(3, device='cuda:0')	1.688853435347305
293200.0	2000.0	2947.2484555660685	0.0	0	769.8072726482642	3147.248455566296	1	0	tensor(3, device='cuda:0')	1.688853435347305
294200.0	2000.0	2947.248455566103	0.0	0	750.0449587034527	3147.248455566296	1	0	tensor(3, device='cuda:0')	1.688853435347305
295200.0	2000.0	2947.248455566101	0.0	0	709.7738354834146	3147.248455566296	1	0	tensor(3, device='cuda:0')	1.688853435347305
296200.0	2000.0	2947.2484555660935	0.0	0	818.2454702602117	3147.2484555662377	1	0	tensor(3, device='cuda:0')	1.688853435347317
297200.0	2000.0	2947.248455566056	0.0	0	816.9022012011264	3147.2484555662377	1	0	tensor(3, device='cuda:0')	1.688853435347317
298200.0	2000.0	2947.2484555660267	0.0	0	823.8624961214955	3147.2484555662377	1	0	tensor(3, device='cuda:0')	1.688853435347317
299200.0	2000.0	2947.2484555660208	0.0	0	853.4295381041593	3147.2484555662377	1	0	tensor(3, device='cuda:0')	1.688853435347317
300200.0	2000.0	2947.24845556609	0.0	0	824.9391104184324	3147.2484555662377	1	0	tensor(3, device='cuda:0')	1.688853435347317
301200.0	2000.0	2947.2484555660426	0.0	0	722.0222847155528	3147.2484555661795	1	0	tensor(3, device='cuda:0')	1.6888534353473288
302200.0	2000.0	2947.2484555660453	0.0	0	764.2356274118065	3147.2484555662377	1	0	tensor(3, device='cuda:0')	1.688853435347317
303200.0	2000.0	2947.248455566071	0.0	0	696.7529636265244	3147.2484555662377	1	0	tensor(3, device='cuda:0')	1.688853435347317
8.87	6.8	12.3	8.98	7.21	9.79	16.1	14.9	13.4	13.2	14.8	10.4	7.69	6.07	8.36	9.73	11.8	10.8	9.58	10.6	14.1	12.9	10.8	14.2	10.3	11.4	11.4	11.4	14.3	15.1	8.47	7.46	8.17	8.07	9.71	8.41	7.53	7.25	3.76	7.54	12.5	10.9	17.4	16.2	13.3	7.67	9.02	9.86	9.45	13.1	15.9	13.0	9.63	14.0	16.5	9.04	7.62	7.14	7.41	6.86	8.69	8.25	7.15	7.92	13.0	13.6	14.7	15.8	16.0	15.2	16.2	11.3	7.7	9.45	8.85	12.4	12.7	14.2	8.17	8.7	8.1	10.7	11.1	11.2	10.6	10.5	10.1	15.4	11.6	10.7	10.6	9.63	9.19	6.2	8.91	9.27	10.9	16.0	10.7	14.0	10.6	12.0	10.7	15.6	14.1	9.81	10.7	10.6	6.37	7.17	10.7	12.8	8.29	8.76	8.19	11.4	12.6	11.6	9.83	8.39	9.12	12.7	9.79	7.26	10.3	13.6	9.27	7.53	7.23	9.67	11.3	17.9	18.5	12.3	9.22	11.1	10.1	8.06	7.77	11.0	16.1	11.5	7.78	13.7	9.24	11.8	8.73	13.0	18.4	13.7	14.7	12.4	10.3	9.17	9.75	12.4	16.0	12.5	10.4	10.3	9.21	9.08	9.6	14.1	10.6	13.6	14.3	13.0	6.96	12.2	6.75	6.83	7.48	9.48	12.0	8.83	6.21	8.53	6.61	8.78	9.79	6.59	9.26	12.1	11.7	13.1	9.67	8.24	9.48	6.29	7.59	8.12	8.22	7.32	6.78	9.36	12.9	8.32	7.18	9.17	9.96	12.8	16.8	12.9	12.6	8.5	8.41	8.25	9.31	9.34	8.7	7.85	10.9	11.3	9.6	9.08	12.2	11.4	12.7	8.05	8.22	8.34	8.09	7.78	8.91	10.8	13.7	11.0	12.4	13.3	17.9	11.4	15.2	12.1	8.69	5.39	5.97	6.23	6.82	6.68	7.97	8.72	8.86	14.8	15.6	10.2	10.7	8.92	9.73	13.6	7.11	9.31	9.97	13.8	10.2	11.2	7.27	7.98	13.2	8.33	7.41	9.68	10.1	10.0	9.09	14.3	12.4	11.4	11.9	12.2	10.4	7.31	7.82	8.36	10.2	7.38	7.61	12.2	13.0	9.14	8.69	9.41	9.53	9.58	10.7	11.9	10.9	11.2	10.0	12.3	13.6	10.5	14.7	15.0	10.1	10.4	10.3	5.26	6.26	8.21	11.8
590.0	591.0	592.0	593.0	594.0	595.0	596.0	597.0	598.0	599.0	600.0	601.0	602.0	603.0	604.0	605.0	606.0	607.0	608.0	609.0	610.0	611.0	612.0	613.0	614.0	615.0	616.0	617.0	618.0	619.0	620.0	621.0	622.0	623.0	624.0	625.0	626.0	627.0	628.0	629.0	630.0	631.0	632.0	633.0	634.0	635.0	636.0	637.0	638.0	639.0	640.0	641.0	642.0	643.0	644.0	645.0	646.0	647.0	648.0	649.0	650.0	651.0	652.0	653.0	654.0	655.0	656.0	657.0	658.0	659.0	660.0	661.0	662.0	663.0	664.0	665.0	666.0	667.0	668.0	669.0	670.0	671.0	672.0	673.0	674.0	675.0	676.0	677.0	678.0	679.0	680.0	681.0	682.0	683.0	684.0	685.0	686.0	687.0	688.0	689.0	690.0	691.0	692.0	693.0	694.0	695.0	696.0	697.0	698.0	699.0	700.0	701.0	702.0	703.0	704.0	705.0	706.0	707.0	708.0	709.0	710.0	711.0	712.0	713.0	714.0	715.0	716.0	717.0	718.0	719.0	720.0	721.0	722.0	723.0	724.0	725.0	726.0	727.0	728.0	729.0	730.0	731.0	732.0	733.0	734.0	735.0	736.0	737.0	738.0	739.0	740.0	741.0	742.0	743.0	744.0	745.0	746.0	747.0	748.0	749.0	750.0	751.0	752.0	753.0	754.0	755.0	756.0	757.0	758.0	759.0	760.0	761.0	762.0	763.0	764.0	765.0	766.0	767.0	768.0	769.0	770.0	771.0	772.0	773.0	774.0	775.0	776.0	777.0	778.0	779.0	780.0	781.0	782.0	783.0	784.0	785.0	786.0	787.0	788.0	789.0	790.0	791.0	792.0	793.0	794.0	795.0	796.0	797.0	798.0	799.0	800.0	801.0	802.0	803.0	804.0	805.0	806.0	807.0	808.0	809.0	810.0	811.0	812.0	813.0	814.0	815.0	816.0	817.0	818.0	819.0	820.0	821.0	822.0	823.0	824.0	825.0	826.0	827.0	828.0	829.0	830.0	831.0	832.0	833.0	834.0	835.0	836.0	837.0	838.0	839.0	840.0	841.0	842.0	843.0	844.0	845.0	846.0	847.0	848.0	849.0	850.0	851.0	852.0	853.0	854.0	855.0	856.0	857.0	858.0	859.0	860.0	861.0	862.0	863.0	864.0	865.0	866.0	867.0	868.0	869.0	870.0	871.0	872.0	873.0	874.0	875.0	876.0	877.0	878.0	879.0	880.0	881.0	882.0	883.0	884.0	885.0	886.0	887.0	888.0	889.0	890.0
6016.0
