3463.915180978198	2000.0	2000.0	813.5694935553715	0	0.0	3463.915180978198	1	0	tensor(3, device='cuda:0')	-5.114451379853038
4045.6295606244466	2000.0	2418.2856203537517	0.0	0	0.0	3463.9151809781984	1	0	tensor(3, device='cuda:0')	1.6135428788489048
4708.882542019028	2000.0	2755.032638959171	0.0	0	0.0	3463.9151809781984	1	0	tensor(3, device='cuda:0')	1.6135428788489048
5200.0	2000.0	3263.915180978199	0.0	0	17.821646878927822	3463.9151809781984	1	0	tensor(3, device='cuda:0')	1.6135428788489048
6328.542464524166	2000.0	3135.3727164540337	0.0	0	0.0	3463.915180978199	1	0	tensor(3, device='cuda:0')	1.6135428788489048
7200.0	2000.0	3263.9151809781993	0.0	0	226.45271984618375	3463.915180978199	1	0	tensor(3, device='cuda:0')	1.6135428788489048
8200.0	2000.0	3263.9151809782	0.0	0	639.6820234679835	3463.9151809781997	1	0	tensor(3, device='cuda:0')	1.6135428788489046
9200.0	2000.0	3263.9151809781997	0.0	0	480.0850212166224	3463.9151809781997	1	0	tensor(3, device='cuda:0')	1.6135428788489043
10200.0	2000.0	3263.9151809781993	0.0	0	492.7773374779499	3463.9151809782006	1	0	tensor(3, device='cuda:0')	1.6135428788489041
11200.0	2000.0	3263.915180978199	0.0	0	363.5017189223199	3463.9151809781997	1	0	tensor(3, device='cuda:0')	1.6135428788489043
12200.0	2000.0	3263.9151809781984	0.0	0	199.46262033521998	3463.9151809781997	1	0	tensor(3, device='cuda:0')	1.6135428788489046
13200.0	2000.0	3263.9151809781956	0.0	0	365.7707917066473	3463.9151809781997	1	0	tensor(3, device='cuda:0')	1.6135428788489046
14200.0	2000.0	3263.9151809781956	0.0	0	381.4437959627394	3463.9151809782015	1	0	tensor(3, device='cuda:0')	1.613542878848904
15200.0	2000.0	3263.915180978195	0.0	0	453.7198887248287	3463.9151809782034	1	0	tensor(3, device='cuda:0')	1.6135428788489035
16200.0	2000.0	3263.915180978197	0.0	0	524.826108537738	3463.915180978205	1	0	tensor(3, device='cuda:0')	1.6135428788489028
17200.0	2000.0	3263.9151809781984	0.0	0	541.1839075142343	3463.915180978205	1	0	tensor(3, device='cuda:0')	1.6135428788489028
18200.0	2000.0	3263.9151809781993	0.0	0	422.2132254214448	3463.915180978209	1	0	tensor(3, device='cuda:0')	1.6135428788489024
19314.509236012145	2000.0	3149.405944966052	0.0	0	0.0	3463.915180978209	1	0	tensor(3, device='cuda:0')	1.613542878848902
20355.864590894183	2000.0	3108.050590084013	0.0	0	0.0	3463.915180978209	1	0	tensor(3, device='cuda:0')	1.613542878848902
21222.058915848105	2000.0	3241.856265130089	0.0	0	0.0	3463.915180978209	1	0	tensor(3, device='cuda:0')	1.613542878848902
22200.0	2000.0	3263.9151809781956	0.0	0	386.8419504096237	3463.915180978205	1	0	tensor(3, device='cuda:0')	1.6135428788489028
23200.0	2000.0	3263.9151809781997	0.0	0	77.92019260629604	3463.915180978205	1	0	tensor(3, device='cuda:0')	1.6135428788489028
24200.0	2000.0	3263.9151809782	0.0	0	420.1091299541331	3463.915180978205	1	0	tensor(3, device='cuda:0')	1.6135428788489028
25200.0	2000.0	3263.9151809781965	0.0	0	258.7920806513903	3463.915180978205	1	0	tensor(3, device='cuda:0')	1.6135428788489028
26200.0	2000.0	3263.915180978199	0.0	0	407.190492259655	3463.915180978205	1	0	tensor(3, device='cuda:0')	1.6135428788489028
27200.0	2000.0	3263.9151809782006	0.0	0	75.93396211011714	3463.915180978205	1	0	tensor(3, device='cuda:0')	1.6135428788489028
28200.0	2000.0	3263.9151809781997	0.0	0	89.52469355153517	3463.915180978205	1	0	tensor(3, device='cuda:0')	1.6135428788489028
29200.0	2000.0	3263.915180978202	0.0	0	104.87891451230098	3463.915180978209	1	0	tensor(3, device='cuda:0')	1.613542878848902
30200.0	2000.0	3263.915180978199	0.0	0	495.62303208180674	3463.915180978209	1	0	tensor(3, device='cuda:0')	1.613542878848902
31200.0	2000.0	3263.9151809781947	0.0	0	443.45287292355715	3463.915180978209	1	0	tensor(3, device='cuda:0')	1.613542878848902
32200.0	2000.0	3263.915180978194	0.0	0	402.4256557626468	3463.915180978209	1	0	tensor(3, device='cuda:0')	1.613542878848902
33200.0	2000.0	3263.9151809781924	0.0	0	342.1491782527519	3463.915180978205	1	0	tensor(3, device='cuda:0')	1.6135428788489024
34200.0	2000.0	3263.9151809781906	0.0	0	181.45343807227619	3463.915180978205	1	0	tensor(3, device='cuda:0')	1.6135428788489021
35200.0	2000.0	3263.9151809781856	0.0	0	243.3005285711115	3463.915180978198	1	0	tensor(3, device='cuda:0')	1.613542878848904
36200.0	2000.0	3263.9151809781815	0.0	0	193.89948711010948	3463.9151809781943	1	0	tensor(3, device='cuda:0')	1.613542878848905
37200.0	2000.0	3263.915180978179	0.0	0	294.14974190748035	3463.9151809781906	1	0	tensor(3, device='cuda:0')	1.613542878848907
38200.0	2000.0	3263.915180978185	0.0	0	282.07544850018166	3463.9151809781906	1	0	tensor(3, device='cuda:0')	1.613542878848907
39200.0	2000.0	3263.915180978186	0.0	0	363.31831841456005	3463.9151809781833	1	0	tensor(3, device='cuda:0')	1.613542878848909
40200.0	2000.0	3263.915180978184	0.0	0	555.7412578305157	3463.915180978176	1	0	tensor(3, device='cuda:0')	1.6135428788489108
41200.0	2000.0	3263.915180978186	0.0	0	514.6120727604502	3463.915180978176	1	0	tensor(3, device='cuda:0')	1.6135428788489108
42200.0	2000.0	3263.915180978179	0.0	0	372.46153917307674	3463.915180978176	1	0	tensor(3, device='cuda:0')	1.6135428788489108
43200.0	2000.0	3263.9151809781843	0.0	0	266.04804447525385	3463.9151809781833	1	0	tensor(3, device='cuda:0')	1.613542878848909
44200.0	2000.0	3263.915180978183	0.0	0	406.3628973397863	3463.9151809781833	1	0	tensor(3, device='cuda:0')	1.613542878848909
45200.0	2000.0	3263.915180978184	0.0	0	37.97791557621531	3463.9151809781833	1	0	tensor(3, device='cuda:0')	1.613542878848909
46200.0	2000.0	3263.91518097819	0.0	0	20.07675197201752	3463.9151809781833	1	0	tensor(3, device='cuda:0')	1.613542878848909
47200.0	2000.0	3263.9151809781965	0.0	0	187.66456116570043	3463.9151809781906	1	0	tensor(3, device='cuda:0')	1.613542878848907
48200.0	2000.0	3263.915180978199	0.0	0	394.4428491511135	3463.9151809781906	1	0	tensor(3, device='cuda:0')	1.613542878848907
49200.0	2000.0	3263.915180978193	0.0	0	188.75255456932064	3463.9151809781906	1	0	tensor(3, device='cuda:0')	1.613542878848907
50200.0	2000.0	3263.9151809782015	0.0	0	291.1689068620253	3463.9151809781906	1	0	tensor(3, device='cuda:0')	1.613542878848907
51200.0	2000.0	3263.9151809781997	0.0	0	260.8526157353117	3463.9151809781906	1	0	tensor(3, device='cuda:0')	1.613542878848907
52200.0	2000.0	3263.9151809781897	0.0	0	66.17980548805645	3463.9151809781833	1	0	tensor(3, device='cuda:0')	1.613542878848909
53287.98726389864	2000.0	3175.9279170795576	0.0	0	0.0	3463.9151809781833	1	0	tensor(3, device='cuda:0')	1.613542878848909
54200.0	2000.0	3263.915180978202	0.0	0	283.2100344599967	3463.915180978176	1	0	tensor(3, device='cuda:0')	1.6135428788489108
55200.0	2000.0	3263.9151809782143	0.0	0	362.0554021844	3463.915180978176	1	0	tensor(3, device='cuda:0')	1.6135428788489108
56200.0	2000.0	3263.9151809782165	0.0	0	393.9444545514416	3463.915180978176	1	0	tensor(3, device='cuda:0')	1.6135428788489108
57200.0	2000.0	3263.9151809782215	0.0	0	473.2811652740638	3463.915180978176	1	0	tensor(3, device='cuda:0')	1.6135428788489108
58200.0	2000.0	3263.915180978222	0.0	0	560.34582000511	3463.915180978176	1	0	tensor(3, device='cuda:0')	1.6135428788489108
59200.0	2000.0	3263.9151809782297	0.0	0	393.73146670028655	3463.915180978176	1	0	tensor(3, device='cuda:0')	1.6135428788489108
60200.0	2000.0	3263.915180978227	0.0	0	502.5819417712846	3463.915180978176	1	0	tensor(3, device='cuda:0')	1.6135428788489108
61200.0	2000.0	3263.9151809782184	0.0	0	342.01761846994486	3463.915180978176	1	0	tensor(3, device='cuda:0')	1.6135428788489108
62802.857973860984	2000.0	2661.057207117232	0.0	0	0.0	3463.915180978176	1	0	tensor(3, device='cuda:0')	1.6135428788489108
63651.41154833212	2000.0	2812.5036326460963	0.0	0	0.0	3463.915180978176	1	0	tensor(3, device='cuda:0')	1.6135428788489108
64315.866036064865	2000.0	3148.0491449133488	0.0	0	0.0	3463.915180978176	1	0	tensor(3, device='cuda:0')	1.6135428788489108
65200.0	2000.0	3263.915180978212	0.0	0	352.35092122291826	3463.915180978176	1	0	tensor(3, device='cuda:0')	1.6135428788489108
66200.0	2000.0	3263.915180978209	0.0	0	509.4329518971863	3463.915180978176	1	0	tensor(3, device='cuda:0')	1.6135428788489103
67200.0	2000.0	3263.915180978222	0.0	0	470.1990789760166	3463.9151809781906	1	0	tensor(3, device='cuda:0')	1.6135428788489081
68200.0	2000.0	3263.915180978216	0.0	0	405.7951727198233	3463.9151809781833	1	0	tensor(3, device='cuda:0')	1.6135428788489088
69200.0	2000.0	3263.9151809782315	0.0	0	626.923910983387	3463.9151809781906	1	0	tensor(3, device='cuda:0')	1.6135428788489061
70200.0	2000.0	3263.915180978222	0.0	0	414.76142798012006	3463.9151809781906	1	0	tensor(3, device='cuda:0')	1.613542878848907
71200.0	2000.0	3263.915180978207	0.0	0	351.527602696151	3463.9151809781906	1	0	tensor(3, device='cuda:0')	1.613542878848907
72200.0	2000.0	3263.9151809782206	0.0	0	409.05253338887997	3463.9151809781906	1	0	tensor(3, device='cuda:0')	1.613542878848907
73200.0	2000.0	3263.9151809782193	0.0	0	488.83676819813263	3463.9151809781906	1	0	tensor(3, device='cuda:0')	1.613542878848907
74200.0	2000.0	3263.9151809782165	0.0	0	249.02541231235955	3463.9151809781906	1	0	tensor(3, device='cuda:0')	1.613542878848907
75200.0	2000.0	3263.9151809782124	0.0	0	68.78025173806236	3463.915180978205	1	0	tensor(3, device='cuda:0')	1.6135428788489028
76200.0	2000.0	3263.9151809781993	0.0	0	386.43742675098474	3463.915180978205	1	0	tensor(3, device='cuda:0')	1.6135428788489028
77200.0	2000.0	3263.9151809781947	0.0	0	397.2091266674397	3463.915180978205	1	0	tensor(3, device='cuda:0')	1.6135428788489028
78200.0	2000.0	3263.9151809781883	0.0	0	558.3617702532065	3463.9151809781906	1	0	tensor(3, device='cuda:0')	1.613542878848907
79325.30432733937	2000.0	3138.61085363883	0.0	0	0.0	3463.9151809781906	1	0	tensor(3, device='cuda:0')	1.613542878848907
80200.0	2000.0	3263.9151809782034	0.0	0	421.47532208084885	3463.9151809781906	1	0	tensor(3, device='cuda:0')	1.613542878848907
81200.0	2000.0	3263.9151809782225	0.0	0	605.3831852713483	3463.9151809781906	1	0	tensor(3, device='cuda:0')	1.613542878848907
82200.0	2000.0	3263.9151809782193	0.0	0	528.887378407162	3463.9151809781906	1	0	tensor(3, device='cuda:0')	1.613542878848907
83200.0	2000.0	3263.915180978223	0.0	0	458.08393739248277	3463.9151809781906	1	0	tensor(3, device='cuda:0')	1.613542878848907
84200.0	2000.0	3263.9151809782156	0.0	0	412.5654754974821	3463.9151809781906	1	0	tensor(3, device='cuda:0')	1.613542878848907
85200.0	2000.0	3263.915180978212	0.0	0	571.097726475622	3463.9151809781906	1	0	tensor(3, device='cuda:0')	1.613542878848907
86200.0	2000.0	3263.915180978226	0.0	0	652.3998348734167	3463.9151809781906	1	0	tensor(3, device='cuda:0')	1.613542878848907
87200.0	2000.0	3263.915180978239	0.0	0	582.8519117612304	3463.915180978205	1	0	tensor(3, device='cuda:0')	1.6135428788489028
88200.0	2000.0	3263.915180978244	0.0	0	554.1006895035098	3463.915180978205	1	0	tensor(3, device='cuda:0')	1.6135428788489028
89200.0	2000.0	3263.9151809782447	0.0	0	279.500866458824	3463.9151809782197	1	0	tensor(3, device='cuda:0')	1.613542878848899
90200.0	2000.0	3263.915180978244	0.0	0	378.11436505202437	3463.9151809782197	1	0	tensor(3, device='cuda:0')	1.613542878848899
91200.0	2000.0	3263.91518097825	0.0	0	492.51053557771957	3463.9151809782343	1	0	tensor(3, device='cuda:0')	1.613542878848895
92200.0	2000.0	3263.915180978259	0.0	0	413.40923055318126	3463.9151809782343	1	0	tensor(3, device='cuda:0')	1.613542878848895
93200.0	2000.0	3263.9151809782566	0.0	0	392.83364009149955	3463.9151809782343	1	0	tensor(3, device='cuda:0')	1.613542878848895
94200.0	2000.0	3263.915180978259	0.0	0	281.7579145230702	3463.915180978249	1	0	tensor(3, device='cuda:0')	1.6135428788488908
95200.0	2000.0	3263.9151809782466	0.0	0	354.4904581381561	3463.915180978249	1	0	tensor(3, device='cuda:0')	1.6135428788488908
96200.0	2000.0	3263.9151809782456	0.0	0	383.636187696	3463.9151809782634	1	0	tensor(3, device='cuda:0')	1.613542878848887
97200.0	2000.0	3263.9151809782466	0.0	0	401.26033830030065	3463.9151809782634	1	0	tensor(3, device='cuda:0')	1.613542878848887
98200.0	2000.0	3263.9151809782634	0.0	0	533.957911948266	3463.9151809782634	1	0	tensor(3, device='cuda:0')	1.613542878848887
99200.0	2000.0	3263.9151809782647	0.0	0	437.7626778433041	3463.915180978249	1	0	tensor(3, device='cuda:0')	1.6135428788488908
100200.0	2000.0	3263.915180978269	0.0	0	383.92198603040015	3463.915180978249	1	0	tensor(3, device='cuda:0')	1.6135428788488908
101200.0	2000.0	3263.915180978286	0.0	0	259.2692331040744	3463.9151809782634	1	0	tensor(3, device='cuda:0')	1.613542878848887
102200.0	2000.0	3263.915180978287	0.0	0	167.55355938276625	3463.9151809782634	1	0	tensor(3, device='cuda:0')	1.613542878848887
103200.0	2000.0	3263.9151809782898	0.0	0	460.8412625054916	3463.9151809782634	1	0	tensor(3, device='cuda:0')	1.613542878848887
104200.0	2000.0	3263.9151809782825	0.0	0	457.5025456366566	3463.9151809782634	1	0	tensor(3, device='cuda:0')	1.613542878848887
105200.0	2000.0	3263.9151809782797	0.0	0	449.397407218843	3463.9151809782634	1	0	tensor(3, device='cuda:0')	1.613542878848887
106200.0	2000.0	3263.9151809782675	0.0	0	588.993349154247	3463.9151809782634	1	0	tensor(3, device='cuda:0')	1.613542878848887
107200.0	2000.0	3263.9151809782584	0.0	0	366.3692089389806	3463.915180978249	1	0	tensor(3, device='cuda:0')	1.6135428788488908
108200.0	2000.0	3263.91518097826	0.0	0	86.12352194178675	3463.9151809782343	1	0	tensor(3, device='cuda:0')	1.613542878848895
109200.0	2000.0	3263.9151809782734	0.0	0	180.60179429892742	3463.9151809782343	1	0	tensor(3, device='cuda:0')	1.613542878848895
110200.0	2000.0	3263.915180978277	0.0	0	402.7985836582957	3463.9151809782343	1	0	tensor(3, device='cuda:0')	1.613542878848895
111200.0	2000.0	3263.915180978279	0.0	0	321.2120643152739	3463.9151809782343	1	0	tensor(3, device='cuda:0')	1.613542878848895
112200.0	2000.0	3263.915180978279	0.0	0	382.7848165858013	3463.9151809782343	1	0	tensor(3, device='cuda:0')	1.613542878848895
113200.0	2000.0	3263.9151809782893	0.0	0	312.22497574883164	3463.9151809782343	1	0	tensor(3, device='cuda:0')	1.613542878848895
114200.0	2000.0	3263.9151809782843	0.0	0	256.3362565599382	3463.9151809782343	1	0	tensor(3, device='cuda:0')	1.613542878848895
115200.0	2000.0	3263.915180978273	0.0	0	523.7202260035119	3463.9151809782343	1	0	tensor(3, device='cuda:0')	1.613542878848895
116200.0	2000.0	3263.9151809782747	0.0	0	615.4026055497088	3463.9151809782343	1	0	tensor(3, device='cuda:0')	1.613542878848895
117200.0	2000.0	3263.9151809782543	0.0	0	156.79675033062813	3463.9151809782343	1	0	tensor(3, device='cuda:0')	1.613542878848895
118200.0	2000.0	3263.915180978259	0.0	0	253.83473912830232	3463.9151809782343	1	0	tensor(3, device='cuda:0')	1.613542878848895
119200.0	2000.0	3263.915180978272	0.0	0	444.2236833649222	3463.9151809782343	1	0	tensor(3, device='cuda:0')	1.613542878848895
120200.0	2000.0	3263.9151809782607	0.0	0	332.01431486518413	3463.9151809782343	1	0	tensor(3, device='cuda:0')	1.613542878848895
121200.0	2000.0	3263.9151809782543	0.0	0	33.01126936064975	3463.9151809782343	1	0	tensor(3, device='cuda:0')	1.613542878848895
122200.0	2000.0	3263.915180978249	0.0	0	185.6780763125862	3463.9151809782343	1	0	tensor(3, device='cuda:0')	1.613542878848895
123200.0	2000.0	3263.915180978236	0.0	0	470.8360772225424	3463.9151809782343	1	0	tensor(3, device='cuda:0')	1.613542878848895
124200.0	2000.0	3263.9151809782475	0.0	0	408.10489436065836	3463.9151809782343	1	0	tensor(3, device='cuda:0')	1.613542878848895
125200.0	2000.0	3263.9151809782284	0.0	0	431.40933852391026	3463.9151809782343	1	0	tensor(3, device='cuda:0')	1.613542878848895
126200.0	2000.0	3263.9151809782165	0.0	0	416.8818609366863	3463.9151809782343	1	0	tensor(3, device='cuda:0')	1.613542878848895
127205.00686724116	2000.0	3258.9083137370426	0.0	0	0.0	3463.9151809782343	1	0	tensor(3, device='cuda:0')	1.613542878848895
128200.0	2000.0	3263.915180978202	0.0	0	415.9530865111883	3463.9151809782343	1	0	tensor(3, device='cuda:0')	1.613542878848895
129200.0	2000.0	3263.9151809781993	0.0	0	404.04037447886367	3463.9151809782343	1	0	tensor(3, device='cuda:0')	1.613542878848895
130200.0	2000.0	3263.9151809782165	0.0	0	554.5801435831527	3463.915180978249	1	0	tensor(3, device='cuda:0')	1.6135428788488908
131200.0	2000.0	3263.915180978214	0.0	0	283.8452934393572	3463.9151809782343	1	0	tensor(3, device='cuda:0')	1.6135428788488917
132200.0	2000.0	3263.915180978213	0.0	0	113.05159324931446	3463.9151809782343	1	0	tensor(3, device='cuda:0')	1.6135428788488908
133200.0	2000.0	3263.9151809782165	0.0	0	364.83539346861653	3463.915180978249	1	0	tensor(3, device='cuda:0')	1.6135428788488935
134200.0	2000.0	3263.915180978209	0.0	0	252.69834422098938	3463.9151809782343	1	0	tensor(3, device='cuda:0')	1.6135428788488975
135200.0	2000.0	3263.9151809782	0.0	0	199.05766643054085	3463.9151809782197	1	0	tensor(3, device='cuda:0')	1.613542878848899
136200.0	2000.0	3263.915180978175	0.0	0	279.913585244969	3463.9151809782197	1	0	tensor(3, device='cuda:0')	1.613542878848899
137200.0	2000.0	3263.9151809781783	0.0	0	67.56232573452871	3463.915180978249	1	0	tensor(3, device='cuda:0')	1.6135428788488908
138200.0	2000.0	3263.9151809781806	0.0	0	113.72993246372789	3463.9151809782197	1	0	tensor(3, device='cuda:0')	1.613542878848899
139200.0	2000.0	3263.9151809782165	0.0	0	419.0669288460631	3463.9151809782197	1	0	tensor(3, device='cuda:0')	1.613542878848899
140200.0	2000.0	3263.915180978206	0.0	0	516.3165362130094	3463.9151809782197	1	0	tensor(3, device='cuda:0')	1.613542878848899
141200.0	2000.0	3263.9151809781793	0.0	0	568.2911815244297	3463.9151809781906	1	0	tensor(3, device='cuda:0')	1.613542878848907
142200.0	2000.0	3263.915180978179	0.0	0	410.7232119067339	3463.9151809781615	1	0	tensor(3, device='cuda:0')	1.6135428788489148
143200.0	2000.0	3263.9151809782015	0.0	0	252.09602893757983	3463.9151809781615	1	0	tensor(3, device='cuda:0')	1.6135428788489148
144200.0	2000.0	3263.915180978201	0.0	0	118.30809568593395	3463.9151809781615	1	0	tensor(3, device='cuda:0')	1.6135428788489148
145200.0	2000.0	3263.9151809782284	0.0	0	234.35144101828337	3463.9151809781615	1	0	tensor(3, device='cuda:0')	1.6135428788489148
146200.0	2000.0	3263.915180978215	0.0	0	164.76704340521246	3463.9151809781615	1	0	tensor(3, device='cuda:0')	1.6135428788489148
147264.07967071517	2000.0	3199.835510263053	0.0	0	0.0	3463.9151809781324	1	0	tensor(3, device='cuda:0')	1.6135428788489226
148200.0	2000.0	3263.9151809782247	0.0	0	305.1723881335638	3463.9151809781324	1	0	tensor(3, device='cuda:0')	1.6135428788489226
149200.0	2000.0	3263.915180978261	0.0	0	536.4121619963844	3463.9151809781324	1	0	tensor(3, device='cuda:0')	1.6135428788489226
150200.0	2000.0	3263.9151809782825	0.0	0	424.73297921725316	3463.9151809781324	1	0	tensor(3, device='cuda:0')	1.6135428788489226
151200.0	2000.0	3263.915180978286	0.0	0	431.65254366755835	3463.9151809781324	1	0	tensor(3, device='cuda:0')	1.6135428788489226
152200.0	2000.0	3263.9151809782848	0.0	0	611.7699963650957	3463.9151809781615	1	0	tensor(3, device='cuda:0')	1.6135428788489148
153200.0	2000.0	3263.915180978266	0.0	0	508.70435960625764	3463.9151809781615	1	0	tensor(3, device='cuda:0')	1.6135428788489148
154200.0	2000.0	3263.91518097827	0.0	0	324.15636282914784	3463.9151809781615	1	0	tensor(3, device='cuda:0')	1.6135428788489148
155200.0	2000.0	3263.9151809782866	0.0	0	559.3071725028858	3463.9151809781324	1	0	tensor(3, device='cuda:0')	1.6135428788489226
156200.0	2000.0	3263.915180978295	0.0	0	482.46341574873077	3463.9151809781324	1	0	tensor(3, device='cuda:0')	1.6135428788489226
157200.0	2000.0	3263.9151809783307	0.0	0	342.5588622823416	3463.9151809781324	1	0	tensor(3, device='cuda:0')	1.6135428788489226
158200.0	2000.0	3263.9151809783243	0.0	0	319.02424872200936	3463.9151809781033	1	0	tensor(3, device='cuda:0')	1.6135428788489306
159362.57391817655	2000.0	3101.3412628017977	0.0	0	0.0	3463.9151809781033	1	0	tensor(3, device='cuda:0')	1.6135428788489306
160200.0	2000.0	3263.9151809783602	0.0	0	208.84313964826288	3463.9151809781324	1	0	tensor(3, device='cuda:0')	1.6135428788489241
161200.0	2000.0	3263.915180978346	0.0	0	420.38651160057634	3463.9151809781324	1	0	tensor(3, device='cuda:0')	1.6135428788489226
162200.0	2000.0	3263.9151809783266	0.0	0	467.6224411208532	3463.9151809781033	1	0	tensor(3, device='cuda:0')	1.6135428788489306
163200.0	2000.0	3263.9151809783134	0.0	0	330.72185883054044	3463.9151809781033	1	0	tensor(3, device='cuda:0')	1.6135428788489306
164200.0	2000.0	3263.9151809783343	0.0	0	379.097764226899	3463.9151809781033	1	0	tensor(3, device='cuda:0')	1.6135428788489306
165200.0	2000.0	3263.915180978376	0.0	0	535.744200185145	3463.9151809781033	1	0	tensor(3, device='cuda:0')	1.6135428788489306
166200.0	2000.0	3263.9151809783893	0.0	0	545.6571832870832	3463.9151809781033	1	0	tensor(3, device='cuda:0')	1.6135428788489306
167200.0	2000.0	3263.915180978382	0.0	0	172.58313223460573	3463.9151809781033	1	0	tensor(3, device='cuda:0')	1.6135428788489306
168200.0	2000.0	3263.9151809783552	0.0	0	403.8527064730006	3463.915180978074	1	0	tensor(3, device='cuda:0')	1.6135428788489383
169200.0	2000.0	3263.9151809783516	0.0	0	466.5015535306011	3463.915180978074	1	0	tensor(3, device='cuda:0')	1.6135428788489383
170200.0	2000.0	3263.9151809783734	0.0	0	543.9082136787183	3463.915180978074	1	0	tensor(3, device='cuda:0')	1.6135428788489383
171200.0	2000.0	3263.9151809783752	0.0	0	426.9621848954994	3463.915180978074	1	0	tensor(3, device='cuda:0')	1.6135428788489383
172200.0	2000.0	3263.9151809783752	0.0	0	594.4079028136621	3463.915180978074	1	0	tensor(3, device='cuda:0')	1.6135428788489383
173200.0	2000.0	3263.9151809783707	0.0	0	548.6623068119225	3463.915180978074	1	0	tensor(3, device='cuda:0')	1.6135428788489383
174200.0	2000.0	3263.915180978415	0.0	0	538.0107746161812	3463.915180978074	1	0	tensor(3, device='cuda:0')	1.6135428788489383
175200.0	2000.0	3263.9151809784216	0.0	0	352.14543696824694	3463.915180978074	1	0	tensor(3, device='cuda:0')	1.6135428788489383
176200.0	2000.0	3263.9151809783975	0.0	0	465.92236415250227	3463.915180978074	1	0	tensor(3, device='cuda:0')	1.6135428788489383
177200.0	2000.0	3263.915180978403	0.0	0	422.9968239325972	3463.915180978074	1	0	tensor(3, device='cuda:0')	1.6135428788489383
178200.0	2000.0	3263.915180978409	0.0	0	197.6029152373667	3463.915180978074	1	0	tensor(3, device='cuda:0')	1.6135428788489383
179200.0	2000.0	3263.9151809784407	0.0	0	259.47017690032953	3463.9151809781033	1	0	tensor(3, device='cuda:0')	1.6135428788489306
180200.0	2000.0	3263.9151809784153	0.0	0	275.27193570890813	3463.9151809781033	1	0	tensor(3, device='cuda:0')	1.6135428788489306
181200.0	2000.0	3263.915180978434	0.0	0	339.72579082040465	3463.9151809781033	1	0	tensor(3, device='cuda:0')	1.6135428788489306
182200.0	2000.0	3263.915180978446	0.0	0	486.4864025294373	3463.9151809781033	1	0	tensor(3, device='cuda:0')	1.6135428788489306
183200.0	2000.0	3263.9151809784425	0.0	0	519.0576670950104	3463.9151809781324	1	0	tensor(3, device='cuda:0')	1.6135428788489226
184200.0	2000.0	3263.9151809784535	0.0	0	293.87387224068516	3463.9151809781324	1	0	tensor(3, device='cuda:0')	1.6135428788489226
185200.0	2000.0	3263.9151809784776	0.0	0	230.4303979614633	3463.9151809781324	1	0	tensor(3, device='cuda:0')	1.6135428788489226
186200.0	2000.0	3263.915180978479	0.0	0	269.9585671836976	3463.9151809781615	1	0	tensor(3, device='cuda:0')	1.6135428788489148
187305.61226569422	2000.0	3158.3029152842723	0.0	0	0.0	3463.9151809781906	1	0	tensor(3, device='cuda:0')	1.613542878848907
188415.77159574645	2000.0	3048.1435852320424	0.0	0	0.0	3463.9151809781906	1	0	tensor(3, device='cuda:0')	1.613542878848907
189200.0	2000.0	3263.91518097848	0.0	0	69.49565440381411	3463.9151809781906	1	0	tensor(3, device='cuda:0')	1.613542878848907
190200.0	2000.0	3263.9151809784835	0.0	0	298.62690694842604	3463.9151809781906	1	0	tensor(3, device='cuda:0')	1.613542878848907
191200.0	2000.0	3263.9151809784917	0.0	0	447.37712849790114	3463.9151809782197	1	0	tensor(3, device='cuda:0')	1.613542878848899
192200.0	2000.0	3263.9151809785017	0.0	0	267.83703275476	3463.9151809782197	1	0	tensor(3, device='cuda:0')	1.613542878848899
193200.0	2000.0	3263.9151809784908	0.0	0	330.8367349902692	3463.9151809781906	1	0	tensor(3, device='cuda:0')	1.613542878848907
194200.0	2000.0	3263.915180978473	0.0	0	321.1215482992993	3463.9151809781906	1	0	tensor(3, device='cuda:0')	1.613542878848907
195200.0	2000.0	3263.9151809784325	0.0	0	299.11549223191105	3463.9151809782197	1	0	tensor(3, device='cuda:0')	1.613542878848899
196200.0	2000.0	3263.91518097847	0.0	0	347.67525786792976	3463.9151809782197	1	0	tensor(3, device='cuda:0')	1.613542878848899
197225.11240455727	2000.0	3238.802776421175	0.0	0	0.0	3463.9151809782197	1	0	tensor(3, device='cuda:0')	1.613542878848899
198200.0	2000.0	3263.9151809784457	0.0	0	313.9511368056701	3463.9151809782197	1	0	tensor(3, device='cuda:0')	1.613542878848899
199200.0	2000.0	3263.9151809784044	0.0	0	525.4874097692955	3463.9151809782197	1	0	tensor(3, device='cuda:0')	1.613542878848899
200200.0	2000.0	3263.9151809784166	0.0	0	430.5723863794119	3463.9151809782197	1	0	tensor(3, device='cuda:0')	1.613542878848899
201200.0	2000.0	3263.915180978423	0.0	0	359.62091532730847	3463.9151809782197	1	0	tensor(3, device='cuda:0')	1.613542878848899
202200.0	2000.0	3263.9151809784107	0.0	0	469.23717595776543	3463.9151809781906	1	0	tensor(3, device='cuda:0')	1.613542878848907
203200.0	2000.0	3263.9151809784244	0.0	0	352.85754960018676	3463.9151809781906	1	0	tensor(3, device='cuda:0')	1.613542878848907
204200.0	2000.0	3263.915180978421	0.0	0	148.14763247937663	3463.9151809781906	1	0	tensor(3, device='cuda:0')	1.613542878848907
205200.0	2000.0	3263.9151809784235	0.0	0	548.3049362105376	3463.9151809782197	1	0	tensor(3, device='cuda:0')	1.613542878848899
206200.0	2000.0	3263.915180978439	0.0	0	499.22589883807814	3463.9151809782197	1	0	tensor(3, device='cuda:0')	1.613542878848899
207200.0	2000.0	3263.915180978429	0.0	0	446.6078492210945	3463.9151809782197	1	0	tensor(3, device='cuda:0')	1.613542878848899
208200.0	2000.0	3263.915180978432	0.0	0	539.3555768339429	3463.9151809781906	1	0	tensor(3, device='cuda:0')	1.613542878848907
209200.0	2000.0	3263.9151809784407	0.0	0	193.12944289800362	3463.9151809781906	1	0	tensor(3, device='cuda:0')	1.613542878848907
210200.0	2000.0	3263.915180978434	0.0	0	182.88657856691862	3463.9151809781615	1	0	tensor(3, device='cuda:0')	1.6135428788489148
211200.0	2000.0	3263.9151809784485	0.0	0	419.1471669059829	3463.9151809781615	1	0	tensor(3, device='cuda:0')	1.6135428788489148
212200.0	2000.0	3263.915180978449	0.0	0	526.3856028506707	3463.9151809781615	1	0	tensor(3, device='cuda:0')	1.6135428788489148
213200.0	2000.0	3263.9151809784616	0.0	0	581.5640814819781	3463.9151809781906	1	0	tensor(3, device='cuda:0')	1.613542878848907
214200.0	2000.0	3263.9151809784453	0.0	0	406.8232811919588	3463.9151809781906	1	0	tensor(3, device='cuda:0')	1.613542878848907
215200.0	2000.0	3263.9151809784503	0.0	0	302.42556759156287	3463.9151809781906	1	0	tensor(3, device='cuda:0')	1.613542878848907
216200.0	2000.0	3263.915180978466	0.0	0	376.44201166540734	3463.9151809781906	1	0	tensor(3, device='cuda:0')	1.613542878848907
217200.0	2000.0	3263.9151809784644	0.0	0	349.38597037785803	3463.9151809781906	1	0	tensor(3, device='cuda:0')	1.613542878848907
218200.0	2000.0	3263.9151809784835	0.0	0	322.09440526840626	3463.9151809781906	1	0	tensor(3, device='cuda:0')	1.613542878848907
219200.0	2000.0	3263.915180978495	0.0	0	419.5269371881441	3463.9151809782197	1	0	tensor(3, device='cuda:0')	1.613542878848899
220200.0	2000.0	3263.9151809785276	0.0	0	558.8729925309599	3463.9151809782197	1	0	tensor(3, device='cuda:0')	1.613542878848899
221200.0	2000.0	3263.9151809785035	0.0	0	480.64475717712776	3463.9151809782197	1	0	tensor(3, device='cuda:0')	1.613542878848899
222200.0	2000.0	3263.915180978527	0.0	0	429.53935722410097	3463.9151809782197	1	0	tensor(3, device='cuda:0')	1.613542878848899
223200.0	2000.0	3263.9151809785494	0.0	0	602.8050364449737	3463.9151809782197	1	0	tensor(3, device='cuda:0')	1.613542878848899
224200.0	2000.0	3263.9151809785417	0.0	0	488.55213718290906	3463.9151809782197	1	0	tensor(3, device='cuda:0')	1.613542878848899
225200.0	2000.0	3263.9151809784985	0.0	0	468.8043508749106	3463.915180978249	1	0	tensor(3, device='cuda:0')	1.6135428788488908
226200.0	2000.0	3263.915180978507	0.0	0	404.31351944289054	3463.915180978249	1	0	tensor(3, device='cuda:0')	1.6135428788488908
227200.0	2000.0	3263.915180978509	0.0	0	419.9386249802192	3463.915180978249	1	0	tensor(3, device='cuda:0')	1.6135428788488908
228200.0	2000.0	3263.9151809784985	0.0	0	645.4717298517062	3463.9151809782197	1	0	tensor(3, device='cuda:0')	1.613542878848899
229200.0	2000.0	3263.915180978496	0.0	0	603.1689658553223	3463.9151809782197	1	0	tensor(3, device='cuda:0')	1.613542878848899
230200.0	2000.0	3263.9151809784908	0.0	0	602.7692127121263	3463.915180978249	1	0	tensor(3, device='cuda:0')	1.6135428788488908
231200.0	2000.0	3263.9151809784844	0.0	0	242.40899043015088	3463.9151809782197	1	0	tensor(3, device='cuda:0')	1.613542878848899
232200.0	2000.0	3263.915180978479	0.0	0	450.85875039026723	3463.9151809782197	1	0	tensor(3, device='cuda:0')	1.613542878848899
233200.0	2000.0	3263.9151809784685	0.0	0	532.9758110169787	3463.9151809782197	1	0	tensor(3, device='cuda:0')	1.613542878848899
234258.1487983319	2000.0	3205.7663826465678	0.0	0	0.0	3463.9151809782197	1	0	tensor(3, device='cuda:0')	1.613542878848899
235651.67153505387	2000.0	2812.243645924611	0.0	0	0.0	3463.9151809781906	1	0	tensor(3, device='cuda:0')	1.613542878848907
236786.78605325546	2000.0	2677.129127723019	0.0	0	0.0	3463.9151809781906	1	0	tensor(3, device='cuda:0')	1.613542878848907
237949.4424986866	2000.0	2223.808570934102	0.0	0	0.0	3173.2510696204263	1	0	tensor(5, device='cuda:0')	0.5873027752107578
238675.44649171448	2000.0	2497.804577906225	0.0	0	0.0	3173.251069620397	1	0	tensor(3, device='cuda:0')	1.1834276220337951
239466.45954343933	2000.0	2706.791526181349	0.0	0	0.0	3173.251069620397	1	0	tensor(3, device='cuda:0')	1.6834276220337951
240200.0	2000.0	2973.2510696206646	0.0	0	246.01044542496675	3173.251069620397	1	0	tensor(3, device='cuda:0')	1.6834276220337951
241200.0	2000.0	2973.251069620667	0.0	0	540.6314246548573	3173.2510696204263	1	0	tensor(3, device='cuda:0')	1.683427622033789
242200.0	2000.0	2973.2510696207073	0.0	0	628.6851420278253	3173.2510696204554	1	0	tensor(3, device='cuda:0')	1.683427622033783
243200.0	2000.0	2973.251069620694	0.0	0	549.6095865825482	3173.2510696204554	1	0	tensor(3, device='cuda:0')	1.683427622033783
244200.0	2000.0	2973.2510696206787	0.0	0	415.5259695990826	3173.2510696204263	1	0	tensor(3, device='cuda:0')	1.683427622033789
245200.0	2000.0	2973.2510696206746	0.0	0	418.02632415277185	3173.2510696204263	1	0	tensor(3, device='cuda:0')	1.683427622033789
246200.0	2000.0	2973.2510696206655	0.0	0	356.7939642967831	3173.2510696204263	1	0	tensor(3, device='cuda:0')	1.683427622033789
247200.0	2000.0	2973.251069620655	0.0	0	442.7089772458421	3173.2510696204263	1	0	tensor(3, device='cuda:0')	1.683427622033789
248200.0	2000.0	2973.2510696206255	0.0	0	493.59442315265187	3173.2510696204263	1	0	tensor(3, device='cuda:0')	1.683427622033789
249200.0	2000.0	2973.2510696206064	0.0	0	276.8376751226606	3173.2510696204263	1	0	tensor(3, device='cuda:0')	1.683427622033789
250200.0	2000.0	2973.251069620586	0.0	0	466.37587103873375	3173.2510696204263	1	0	tensor(3, device='cuda:0')	1.683427622033789
251200.0	2000.0	2973.251069620588	0.0	0	312.3227589549497	3173.251069620397	1	0	tensor(3, device='cuda:0')	1.6834276220337951
252214.61297716512	2000.0	2958.638092455458	0.0	0	0.0	3173.251069620397	1	0	tensor(3, device='cuda:0')	1.6834276220337951
253200.0	2000.0	2973.2510696206123	0.0	0	194.3685767778952	3173.251069620397	1	0	tensor(3, device='cuda:0')	1.6834276220337951
254200.0	2000.0	2973.251069620634	0.0	0	324.491846687597	3173.251069620397	1	0	tensor(3, device='cuda:0')	1.6834276220337951
255200.0	2000.0	2973.2510696206814	0.0	0	16.088717853999697	3173.2510696204263	1	0	tensor(3, device='cuda:0')	1.683427622033789
256200.0	2000.0	2973.251069620688	0.0	0	419.1633811770298	3173.2510696204263	1	0	tensor(3, device='cuda:0')	1.683427622033789
257200.0	2000.0	2973.251069620697	0.0	0	342.5936960479594	3173.2510696204263	1	0	tensor(3, device='cuda:0')	1.683427622033789
258200.0	2000.0	2973.251069620697	0.0	0	406.3443736942427	3173.2510696204263	1	0	tensor(3, device='cuda:0')	1.683427622033789
259301.2741113538	2000.0	2871.976958266936	0.0	0	0.0	3173.2510696204554	1	0	tensor(3, device='cuda:0')	1.683427622033783
260200.0	2000.0	2973.251069620741	0.0	0	157.7488632533932	3173.2510696204554	1	0	tensor(3, device='cuda:0')	1.683427622033783
261200.0	2000.0	2973.251069620739	0.0	0	294.8946218396013	3173.2510696204554	1	0	tensor(3, device='cuda:0')	1.683427622033783
262200.0	2000.0	2973.2510696207523	0.0	0	138.7724735402735	3173.2510696204263	1	0	tensor(3, device='cuda:0')	1.683427622033789
263200.0	2000.0	2973.251069620728	0.0	0	236.22913990711095	3173.251069620368	1	0	tensor(3, device='cuda:0')	1.6834276220337916
264200.0	2000.0	2973.2510696207696	0.0	0	452.7177778807236	3173.2510696204263	1	0	tensor(3, device='cuda:0')	1.6834276220337938
265200.0	2000.0	2973.2510696207864	0.0	0	55.53716204856755	3173.2510696204554	1	0	tensor(3, device='cuda:0')	1.683427622033778
266200.0	2000.0	2973.251069620792	0.0	0	67.54491477139527	3173.2510696204263	1	0	tensor(3, device='cuda:0')	1.683427622033789
267200.0	2000.0	2973.2510696208324	0.0	0	325.71285266947234	3173.2510696204263	1	0	tensor(3, device='cuda:0')	1.683427622033789
268200.0	2000.0	2973.2510696208346	0.0	0	447.980584644014	3173.2510696204263	1	0	tensor(3, device='cuda:0')	1.683427622033789
269200.0	2000.0	2973.2510696208215	0.0	0	69.0157291010837	3173.2510696204263	1	0	tensor(3, device='cuda:0')	1.683427622033789
270200.0	2000.0	2973.2510696208315	0.0	0	260.20819309412036	3173.2510696204263	1	0	tensor(3, device='cuda:0')	1.683427622033789
271200.0	2000.0	2973.251069620852	0.0	0	577.6485622507171	3173.2510696204263	1	0	tensor(3, device='cuda:0')	1.683427622033789
272200.0	2000.0	2973.251069620848	0.0	0	632.2209039779846	3173.2510696204263	1	0	tensor(3, device='cuda:0')	1.683427622033789
273200.0	2000.0	2973.251069620811	0.0	0	341.88479662762256	3173.2510696204263	1	0	tensor(3, device='cuda:0')	1.683427622033789
274200.0	2000.0	2973.2510696208	0.0	0	161.89034860336687	3173.2510696204845	1	0	tensor(3, device='cuda:0')	1.683427622033777
275200.0	2000.0	2973.251069620763	0.0	0	430.34409369918285	3173.2510696204845	1	0	tensor(3, device='cuda:0')	1.683427622033777
276200.0	2000.0	2973.251069620734	0.0	0	344.5918853395269	3173.2510696204845	1	0	tensor(3, device='cuda:0')	1.683427622033777
277200.0	2000.0	2973.2510696207632	0.0	0	420.5325495498255	3173.2510696204845	1	0	tensor(3, device='cuda:0')	1.683427622033777
278200.0	2000.0	2973.2510696207974	0.0	0	277.55392859113635	3173.2510696204845	1	0	tensor(3, device='cuda:0')	1.683427622033777
279200.0	2000.0	2973.2510696208765	0.0	0	213.58550807076972	3173.2510696204845	1	0	tensor(3, device='cuda:0')	1.683427622033777
280775.75243713614	2000.0	2397.498632484744	0.0	0	0.0	3173.2510696204845	1	0	tensor(3, device='cuda:0')	1.683427622033777
281389.01421385614	2000.0	2784.2368557647915	0.0	0	0.0	3173.2510696205427	1	0	tensor(3, device='cuda:0')	1.6834276220337643
282200.0	2000.0	2973.251069621027	0.0	0	352.2592785062152	3173.251069620601	1	0	tensor(3, device='cuda:0')	1.683427622033752
283200.0	2000.0	2973.251069621099	0.0	0	548.4076946743298	3173.251069620601	1	0	tensor(3, device='cuda:0')	1.683427622033752
284200.0	2000.0	2973.251069621054	0.0	0	240.09033380658366	3173.251069620601	1	0	tensor(3, device='cuda:0')	1.683427622033752
285454.719223883	2000.0	2718.5318457380845	0.0	0	0.0	3173.251069620601	1	0	tensor(3, device='cuda:0')	1.683427622033752
286210.8445411726	2000.0	2962.4065284484213	0.0	0	0.0	3173.251069620601	1	0	tensor(3, device='cuda:0')	1.683427622033752
287200.0	2000.0	2973.2510696210466	0.0	0	74.05634266074048	3173.251069620601	1	0	tensor(3, device='cuda:0')	1.683427622033752
288200.0	2000.0	2973.2510696210024	0.0	0	94.26069829275366	3173.251069620601	1	0	tensor(3, device='cuda:0')	1.683427622033752
289200.0	2000.0	2973.251069621008	0.0	0	190.25146702496568	3173.251069620601	1	0	tensor(3, device='cuda:0')	1.683427622033752
290200.0	2000.0	2973.251069621008	0.0	0	381.1855544055579	3173.251069620601	1	0	tensor(3, device='cuda:0')	1.683427622033752
291200.0	2000.0	2973.2510696209793	0.0	0	524.9668067578459	3173.2510696205427	1	0	tensor(3, device='cuda:0')	1.6834276220337643
292200.0	2000.0	2973.2510696210043	0.0	0	238.86636523786	3173.2510696205427	1	0	tensor(3, device='cuda:0')	1.6834276220337643
293200.0	2000.0	2973.2510696210893	0.0	0	251.52806408778997	3173.251069620601	1	0	tensor(3, device='cuda:0')	1.683427622033752
294200.0	2000.0	2973.251069621072	0.0	0	449.984877598763	3173.251069620601	1	0	tensor(3, device='cuda:0')	1.683427622033752
295200.0	2000.0	2973.251069621094	0.0	0	572.0972474586451	3173.251069620601	1	0	tensor(3, device='cuda:0')	1.683427622033752
296200.0	2000.0	2973.251069621046	0.0	0	83.27676203037845	3173.2510696205427	1	0	tensor(3, device='cuda:0')	1.6834276220337643
297200.0	2000.0	2973.2510696210334	0.0	0	209.38532709568972	3173.251069620601	1	0	tensor(3, device='cuda:0')	1.683427622033752
298200.0	2000.0	2973.2510696210397	0.0	0	448.20364441530546	3173.2510696205427	1	0	tensor(3, device='cuda:0')	1.6834276220337643
299200.0	2000.0	2973.251069620981	0.0	0	317.0340443784953	3173.2510696205427	1	0	tensor(3, device='cuda:0')	1.6834276220337643
300200.0	2000.0	2973.251069621013	0.0	0	331.05737446655985	3173.2510696205427	1	0	tensor(3, device='cuda:0')	1.6834276220337643
2.43	3.93	3.68	2.05	4.81	6.21	3.78	4.05	2.26	3.06	2.66	4.33	2.66	5.12	5.5	1.69	1.73	2.19	3.26	2.58	2.71	3.58	3.09	3.28	2.61	2.04	2.83	3.85	4.11	3.57	2.5	2.46	3.1	3.54	2.68	2.79	5.55	6.49	3.09	3.39	3.72	3.82	1.63	2.12	3.76	3.41	2.94	3.01	2.46	2.49	2.43	3.01	2.59	2.62	4.85	3.37	4.2	3.32	2.49	0.776	2.48	3.63	4.18	4.43	3.09	4.31	5.0	2.84	3.85	4.4	3.65	2.04	3.09	3.24	3.87	3.63	1.75	5.19	4.85	2.99	4.01	3.95	4.52	6.37	5.93	3.89	3.85	3.6	3.19	3.17	2.78	4.26	4.36	3.16	3.83	3.56	3.97	3.9	2.48	3.76	4.0	3.65	3.39	4.47	3.17	2.14	2.8	4.26	2.26	4.81	2.42	4.19	5.1	3.46	2.58	4.12	3.95	2.27	2.11	3.76	3.3	6.49	3.52	2.88	2.75	3.28	4.66	3.59	3.61	2.54	3.31	3.51	3.48	3.61	2.61	2.73	4.47	4.4	3.39	3.51	3.86	2.29	4.1	2.22	1.96	3.21	4.48	3.65	5.09	4.99	2.93	4.18	2.95	3.89	2.78	2.15	2.12	4.04	3.21	4.04	2.97	3.95	4.34	3.04	2.39	2.98	3.92	3.74	4.9	4.32	4.03	3.83	3.02	2.98	2.34	2.71	3.01	3.42	4.07	4.0	3.94	3.92	3.56	2.29	2.03	2.49	2.94	3.56	3.93	3.19	3.58	2.18	3.28	2.68	2.53	3.31	6.12	3.15	5.4	3.75	3.63	2.79	4.71	5.0	4.88	2.63	2.56	3.02	4.14	6.65	3.05	4.34	3.45	2.94	3.8	1.91	5.34	5.22	3.38	5.09	4.89	4.2	3.68	4.41	5.41	5.58	4.1	3.72	3.06	4.09	2.93	2.31	1.54	2.26	1.96	2.65	3.19	4.38	3.68	5.83	3.21	4.83	2.54	3.17	3.3	3.31	4.1	2.83	2.13	2.14	2.91	3.35	2.25	4.26	4.07	2.07	1.95	3.01	3.37	2.79	2.18	3.66	1.81	2.07	4.04	3.07	2.8	3.58	4.37	4.04	1.93	2.62	3.52	4.51	4.25	3.22	1.52	1.37	3.06	4.1	4.0	1.78	2.09	2.58	2.88	2.13	3.3	3.52	4.34	2.86	4.07	3.6	3.52	2.56	4.17	3.22	3.72	3.68	2.14	3.26	2.37
1518.0	1519.0	1520.0	1521.0	1522.0	1523.0	1524.0	1525.0	1526.0	1527.0	1528.0	1529.0	1530.0	1531.0	1532.0	1533.0	1534.0	1535.0	1536.0	1537.0	1538.0	1539.0	1540.0	1541.0	1542.0	1543.0	1544.0	1545.0	1546.0	1547.0	1548.0	1549.0	1550.0	1551.0	1552.0	1553.0	1554.0	1555.0	1556.0	1557.0	1558.0	1559.0	1560.0	1561.0	1562.0	1563.0	1564.0	1565.0	1566.0	1567.0	1568.0	1569.0	1570.0	1571.0	1572.0	1573.0	1574.0	1575.0	1576.0	1577.0	1578.0	1579.0	1580.0	1581.0	1582.0	1583.0	1584.0	1585.0	1586.0	1587.0	1588.0	1589.0	1590.0	1591.0	1592.0	1593.0	1594.0	1595.0	1596.0	1597.0	1598.0	1599.0	1600.0	1601.0	1602.0	1603.0	1604.0	1605.0	1606.0	1607.0	1608.0	1609.0	1610.0	1611.0	1612.0	1613.0	1614.0	1615.0	1616.0	1617.0	1618.0	1619.0	1620.0	1621.0	1622.0	1623.0	1624.0	1625.0	1626.0	1627.0	1628.0	1629.0	1630.0	1631.0	1632.0	1633.0	1634.0	1635.0	1636.0	1637.0	1638.0	1639.0	1640.0	1641.0	1642.0	1643.0	1644.0	1645.0	1646.0	1647.0	1648.0	1649.0	1650.0	1651.0	1652.0	1653.0	1654.0	1655.0	1656.0	1657.0	1658.0	1659.0	1660.0	1661.0	1662.0	1663.0	1664.0	1665.0	1666.0	1667.0	1668.0	1669.0	1670.0	1671.0	1672.0	1673.0	1674.0	1675.0	1676.0	1677.0	1678.0	1679.0	1680.0	1681.0	1682.0	1683.0	1684.0	1685.0	1686.0	1687.0	1688.0	1689.0	1690.0	1691.0	1692.0	1693.0	1694.0	1695.0	1696.0	1697.0	1698.0	1699.0	1700.0	1701.0	1702.0	1703.0	1704.0	1705.0	1706.0	1707.0	1708.0	1709.0	1710.0	1711.0	1712.0	1713.0	1714.0	1715.0	1716.0	1717.0	1718.0	1719.0	1720.0	1721.0	1722.0	1723.0	1724.0	1725.0	1726.0	1727.0	1728.0	1729.0	1730.0	1731.0	1732.0	1733.0	1734.0	1735.0	1736.0	1737.0	1738.0	1739.0	1740.0	1741.0	1742.0	1743.0	1744.0	1745.0	1746.0	1747.0	1748.0	1749.0	1750.0	1751.0	1752.0	1753.0	1754.0	1755.0	1756.0	1757.0	1758.0	1759.0	1760.0	1761.0	1762.0	1763.0	1764.0	1765.0	1766.0	1767.0	1768.0	1769.0	1770.0	1771.0	1772.0	1773.0	1774.0	1775.0	1776.0	1777.0	1778.0	1779.0	1780.0	1781.0	1782.0	1783.0	1784.0	1785.0	1786.0	1787.0	1788.0	1789.0	1790.0	1791.0	1792.0	1793.0	1794.0	1795.0	1796.0	1797.0	1798.0	1799.0	1800.0	1801.0	1802.0	1803.0	1804.0	1805.0	1806.0	1807.0	1808.0	1809.0	1810.0	1811.0	1812.0	1813.0	1814.0	1815.0	1816.0	1817.0	1818.0
2494.0
