8179.209816005668	300.0	2000.0	103.67439647709736	0	0.0	5179.209816005668	1	0	tensor(6, device='cuda:0')	-10.819259132884918
9200.0	2000.0	1979.2000000000007	0.0	0	536.6247775602133	2179.2	1	0	tensor(6, device='cuda:0')	-9.075871501962043
10200.0	2000.0	1979.2000000000003	0.0	0	574.9881050556032	2179.199999999998	1	0	tensor(3, device='cuda:0')	1.8212484829238362
11200.0	2000.0	1979.2000000000003	0.0	0	536.8227147699654	2179.199999999997	1	0	tensor(3, device='cuda:0')	1.8212484829238365
12200.0	2000.0	1979.2000000000003	0.0	0	709.2614759368098	2179.199999999997	1	0	tensor(3, device='cuda:0')	1.8212484829238365
13200.0	2000.0	1979.2000000000007	0.0	0	574.3389357273936	2179.199999999997	1	0	tensor(3, device='cuda:0')	1.8212484829238365
14200.0	2000.0	1979.2000000000007	0.0	0	770.394021591328	2179.199999999997	1	0	tensor(3, device='cuda:0')	1.8212484829238365
15200.0	2000.0	1979.2000000000012	0.0	0	791.18505863877	2179.199999999997	1	0	tensor(3, device='cuda:0')	1.8212484829238365
16200.0	2000.0	1979.2000000000012	0.0	0	585.5499152720186	2179.1999999999953	1	0	tensor(3, device='cuda:0')	1.8212484829238365
17200.0	2000.0	1979.199999999998	0.0	0	577.9752113468458	2179.19999999999	1	0	tensor(3, device='cuda:0')	1.821248482923837
18200.0	2000.0	1979.1999999999998	0.0	0	499.9213189412403	2179.1999999999935	1	0	tensor(3, device='cuda:0')	1.8212484829238367
19200.0	2000.0	1979.199999999999	0.0	0	534.1607830114335	2179.199999999997	1	0	tensor(3, device='cuda:0')	1.8212484829238365
20200.0	2000.0	1979.1999999999998	0.0	0	686.1105444552231	2179.199999999997	1	0	tensor(3, device='cuda:0')	1.8212484829238365
21200.0	2000.0	1979.1999999999998	0.0	0	692.1638946768871	2179.199999999997	1	0	tensor(3, device='cuda:0')	1.8212484829238365
22200.0	2000.0	1979.199999999998	0.0	0	541.7933613443711	2179.1999999999935	1	0	tensor(3, device='cuda:0')	1.8212484829238367
23200.0	2000.0	1979.1999999999957	0.0	0	726.7970952964242	2179.1999999999935	1	0	tensor(3, device='cuda:0')	1.8212484829238367
24200.0	2000.0	1979.199999999993	0.0	0	612.2821558230535	2179.1999999999935	1	0	tensor(3, device='cuda:0')	1.8212484829238367
25200.0	2000.0	1979.1999999999944	0.0	0	699.5560461798232	2179.1999999999935	1	0	tensor(3, device='cuda:0')	1.8212484829238367
26200.0	2000.0	1979.1999999999925	0.0	0	588.3442217896045	2179.1999999999935	1	0	tensor(3, device='cuda:0')	1.8212484829238367
27200.0	2000.0	1979.1999999999944	0.0	0	729.3873473686508	2179.199999999997	1	0	tensor(3, device='cuda:0')	1.8212484829238365
28200.0	2000.0	1979.1999999999935	0.0	0	672.8664516070821	2179.199999999997	1	0	tensor(3, device='cuda:0')	1.8212484829238365
29200.0	2000.0	1979.199999999998	0.0	0	497.3739696285884	2179.199999999997	1	0	tensor(3, device='cuda:0')	1.8212484829238365
30200.0	2000.0	1979.1999999999948	0.0	0	479.1058778388506	2179.199999999997	1	0	tensor(3, device='cuda:0')	1.8212484829238365
31200.0	2000.0	1979.1999999999953	0.0	0	535.195075884294	2179.199999999997	1	0	tensor(3, device='cuda:0')	1.8212484829238365
32200.0	2000.0	1979.199999999998	0.0	0	525.0985555710467	2179.2000000000007	1	0	tensor(3, device='cuda:0')	1.8212484829238362
33200.0	2000.0	1979.1999999999998	0.0	0	467.8324324353125	2179.2000000000007	1	0	tensor(3, device='cuda:0')	1.8212484829238362
34200.0	2000.0	1979.2000000000044	0.0	0	646.9216630614392	2179.200000000008	1	0	tensor(3, device='cuda:0')	1.8212484829238356
35200.0	2000.0	1979.200000000002	0.0	0	711.8958613817304	2179.2000000000116	1	0	tensor(3, device='cuda:0')	1.8212484829238353
36200.0	2000.0	1979.2000000000035	0.0	0	633.2324933799246	2179.2000000000116	1	0	tensor(3, device='cuda:0')	1.8212484829238351
37200.0	2000.0	1979.1999999999944	0.0	0	688.8726997131525	2179.2000000000116	1	0	tensor(3, device='cuda:0')	1.8212484829238351
38200.0	2000.0	1979.199999999984	0.0	0	540.1775857570174	2179.2000000000044	1	0	tensor(3, device='cuda:0')	1.8212484829238358
39200.0	2000.0	1979.1999999999825	0.0	0	337.841148489475	2179.2000000000044	1	0	tensor(3, device='cuda:0')	1.8212484829238358
40200.0	2000.0	1979.199999999987	0.0	0	299.14347101056046	2179.2000000000044	1	0	tensor(3, device='cuda:0')	1.8212484829238358
41200.0	2000.0	1979.1999999999862	0.0	0	592.9641388693417	2179.2000000000044	1	0	tensor(3, device='cuda:0')	1.8212484829238358
42200.0	2000.0	1979.1999999999862	0.0	0	496.71413928340917	2179.2000000000116	1	0	tensor(3, device='cuda:0')	1.8212484829238351
43200.0	2000.0	1979.1999999999853	0.0	0	428.4025499646377	2179.2000000000116	1	0	tensor(3, device='cuda:0')	1.8212484829238351
44200.0	2000.0	1979.1999999999784	0.0	0	600.2859481214837	2179.2000000000044	1	0	tensor(3, device='cuda:0')	1.8212484829238358
45200.0	2000.0	1979.1999999999753	0.0	0	532.5548394790458	2179.2000000000044	1	0	tensor(3, device='cuda:0')	1.8212484829238358
46200.0	2000.0	1979.1999999999734	0.0	0	612.2634947238475	2179.2000000000044	1	0	tensor(3, device='cuda:0')	1.8212484829238358
47200.0	2000.0	1979.1999999999753	0.0	0	687.2931367318015	2179.199999999997	1	0	tensor(3, device='cuda:0')	1.8212484829238365
48200.0	2000.0	1979.1999999999762	0.0	0	625.9447311265176	2179.199999999997	1	0	tensor(3, device='cuda:0')	1.8212484829238365
49200.0	2000.0	1979.1999999999734	0.0	0	676.4575424258946	2179.199999999997	1	0	tensor(3, device='cuda:0')	1.8212484829238365
50200.0	2000.0	1979.1999999999698	0.0	0	767.6294201150668	2179.19999999999	1	0	tensor(3, device='cuda:0')	1.8212484829238371
51200.0	2000.0	1979.1999999999725	0.0	0	771.3778182723909	2179.199999999997	1	0	tensor(3, device='cuda:0')	1.8212484829238365
52200.0	2000.0	1979.199999999969	0.0	0	761.8528913610644	2179.199999999997	1	0	tensor(3, device='cuda:0')	1.8212484829238365
53200.0	2000.0	1979.199999999968	0.0	0	797.5987236407091	2179.2000000000044	1	0	tensor(3, device='cuda:0')	1.8212484829238358
54200.0	2000.0	1979.1999999999662	0.0	0	706.3313675607424	2179.2000000000044	1	0	tensor(3, device='cuda:0')	1.8212484829238358
55200.0	2000.0	1979.199999999967	0.0	0	664.4606372374546	2179.2000000000044	1	0	tensor(3, device='cuda:0')	1.8212484829238358
56200.0	2000.0	1979.199999999969	0.0	0	525.1941265230635	2179.2000000000044	1	0	tensor(3, device='cuda:0')	1.8212484829238358
57200.0	2000.0	1979.1999999999725	0.0	0	570.7297972281594	2179.199999999997	1	0	tensor(3, device='cuda:0')	1.8212484829238365
58200.0	2000.0	1979.1999999999725	0.0	0	604.2066256022299	2179.199999999997	1	0	tensor(3, device='cuda:0')	1.8212484829238365
59200.0	2000.0	1979.1999999999634	0.0	0	466.2924598284226	2179.199999999997	1	0	tensor(3, device='cuda:0')	1.8212484829238365
60200.0	2000.0	1979.199999999964	0.0	0	274.3287096853237	2179.199999999997	1	0	tensor(3, device='cuda:0')	1.8212484829238365
61200.0	2000.0	1979.1999999999625	0.0	0	648.345490369742	2179.199999999997	1	0	tensor(3, device='cuda:0')	1.8212484829238365
62200.0	2000.0	1979.199999999969	0.0	0	678.7563152868679	2179.199999999997	1	0	tensor(3, device='cuda:0')	1.8212484829238365
63200.0	2000.0	1979.1999999999607	0.0	0	642.3176898384263	2179.199999999997	1	0	tensor(3, device='cuda:0')	1.8212484829238365
64200.0	2000.0	1979.1999999999643	0.0	0	304.79271087496454	2179.2000000000044	1	0	tensor(3, device='cuda:0')	1.8212484829238358
65200.0	2000.0	1979.1999999999575	0.0	0	615.2855779263919	2179.2000000000044	1	0	tensor(3, device='cuda:0')	1.8212484829238358
66200.0	2000.0	1979.199999999949	0.0	0	664.8751477767437	2179.2000000000044	1	0	tensor(3, device='cuda:0')	1.8212484829238353
67200.0	2000.0	1979.1999999999507	0.0	0	690.183603511934	2179.2000000000044	1	0	tensor(3, device='cuda:0')	1.8212484829238362
68200.0	2000.0	1979.199999999953	0.0	0	700.1102472568018	2179.199999999997	1	0	tensor(3, device='cuda:0')	1.821248482923836
69200.0	2000.0	1979.199999999947	0.0	0	776.0185214244557	2179.2000000000116	1	0	tensor(3, device='cuda:0')	1.8212484829238351
70200.0	2000.0	1979.1999999999334	0.0	0	773.8318464530603	2179.2000000000116	1	0	tensor(3, device='cuda:0')	1.8212484829238351
71200.0	2000.0	1979.1999999999334	0.0	0	800.7866765482177	2179.2000000000116	1	0	tensor(3, device='cuda:0')	1.8212484829238351
72200.0	2000.0	1979.1999999999384	0.0	0	623.24346678656	2179.199999999997	1	0	tensor(3, device='cuda:0')	1.8212484829238365
73200.0	2000.0	1979.1999999999462	0.0	0	787.8087709249958	2179.1999999999825	1	0	tensor(3, device='cuda:0')	1.8212484829238376
74200.0	2000.0	1979.1999999999261	0.0	0	740.1305348458118	2179.1999999999825	1	0	tensor(3, device='cuda:0')	1.8212484829238376
75200.0	2000.0	1979.1999999999216	0.0	0	764.1773588610376	2179.199999999968	1	0	tensor(3, device='cuda:0')	1.8212484829238387
76200.0	2000.0	1979.1999999999211	0.0	0	706.5150692770694	2179.199999999968	1	0	tensor(3, device='cuda:0')	1.8212484829238387
77200.0	2000.0	1979.1999999999207	0.0	0	548.0419660923217	2179.199999999968	1	0	tensor(3, device='cuda:0')	1.8212484829238387
78200.0	2000.0	1979.1999999999143	0.0	0	429.8515058877674	2179.199999999968	1	0	tensor(3, device='cuda:0')	1.8212484829238387
79200.0	2000.0	1979.1999999999334	0.0	0	617.9223759368178	2179.199999999968	1	0	tensor(3, device='cuda:0')	1.8212484829238387
80200.0	2000.0	1979.1999999999434	0.0	0	761.9480273833033	2179.199999999968	1	0	tensor(3, device='cuda:0')	1.8212484829238387
81200.0	2000.0	1979.199999999938	0.0	0	680.2747710225522	2179.199999999968	1	0	tensor(3, device='cuda:0')	1.8212484829238387
82200.0	2000.0	1979.1999999999334	0.0	0	649.3109733344609	2179.199999999968	1	0	tensor(3, device='cuda:0')	1.8212484829238387
83200.0	2000.0	1979.1999999999298	0.0	0	638.0674554227153	2179.199999999968	1	0	tensor(3, device='cuda:0')	1.8212484829238387
84200.0	2000.0	1979.1999999999275	0.0	0	548.5907024899207	2179.199999999968	1	0	tensor(3, device='cuda:0')	1.8212484829238387
85200.0	2000.0	1979.199999999927	0.0	0	620.1050555792463	2179.199999999968	1	0	tensor(3, device='cuda:0')	1.8212484829238387
86200.0	2000.0	1979.1999999999216	0.0	0	533.9820888443937	2179.199999999968	1	0	tensor(3, device='cuda:0')	1.8212484829238387
87200.0	2000.0	1979.1999999999061	0.0	0	632.4293660091935	2179.1999999999534	1	0	tensor(3, device='cuda:0')	1.8212484829238402
88200.0	2000.0	1979.1999999999143	0.0	0	760.4905442564195	2179.1999999999534	1	0	tensor(3, device='cuda:0')	1.8212484829238402
89200.0	2000.0	1979.1999999999134	0.0	0	799.9822959289158	2179.1999999999534	1	0	tensor(3, device='cuda:0')	1.8212484829238402
90200.0	2000.0	1979.1999999999134	0.0	0	714.9070106794097	2179.1999999999534	1	0	tensor(3, device='cuda:0')	1.8212484829238402
91200.0	2000.0	1979.1999999999143	0.0	0	627.528837500955	2179.1999999999534	1	0	tensor(3, device='cuda:0')	1.8212484829238402
92200.0	2000.0	1979.1999999999234	0.0	0	698.4707567296282	2179.1999999999534	1	0	tensor(3, device='cuda:0')	1.8212484829238402
93200.0	2000.0	1979.1999999999207	0.0	0	683.7823815644515	2179.1999999999534	1	0	tensor(3, device='cuda:0')	1.8212484829238402
94200.0	2000.0	1979.199999999928	0.0	0	681.4782391673652	2179.1999999999534	1	0	tensor(3, device='cuda:0')	1.8212484829238402
95200.0	2000.0	1979.1999999999343	0.0	0	659.7261180616624	2179.1999999999534	1	0	tensor(3, device='cuda:0')	1.8212484829238402
96200.0	2000.0	1979.1999999999307	0.0	0	793.2277984427637	2179.1999999999534	1	0	tensor(3, device='cuda:0')	1.8212484829238402
97200.0	2000.0	1979.1999999999316	0.0	0	803.430744808662	2179.1999999999534	1	0	tensor(3, device='cuda:0')	1.8212484829238402
98200.0	2000.0	1979.1999999999207	0.0	0	812.6986982994567	2179.1999999999534	1	0	tensor(3, device='cuda:0')	1.8212484829238402
99200.0	2000.0	1979.1999999999116	0.0	0	687.7336366481031	2179.1999999999534	1	0	tensor(3, device='cuda:0')	1.8212484829238402
100200.0	2000.0	1979.1999999999007	0.0	0	629.6817826834449	2179.199999999939	1	0	tensor(3, device='cuda:0')	1.8212484829238411
101200.0	2000.0	1979.199999999888	0.0	0	704.8133675126155	2179.199999999939	1	0	tensor(3, device='cuda:0')	1.8212484829238411
102200.0	2000.0	1979.199999999897	0.0	0	701.6154364733229	2179.199999999939	1	0	tensor(3, device='cuda:0')	1.8212484829238411
103200.0	2000.0	1979.1999999999098	0.0	0	536.2939231712371	2179.199999999939	1	0	tensor(3, device='cuda:0')	1.8212484829238411
104200.0	2000.0	1979.199999999907	0.0	0	624.0008903507842	2179.199999999939	1	0	tensor(3, device='cuda:0')	1.8212484829238411
105200.0	2000.0	1979.1999999999061	0.0	0	640.3597470217355	2179.1999999999534	1	0	tensor(3, device='cuda:0')	1.8212484829238402
106200.0	2000.0	1979.1999999999134	0.0	0	606.5263403563877	2179.1999999999534	1	0	tensor(3, device='cuda:0')	1.8212484829238402
107200.0	2000.0	1979.1999999999175	0.0	0	693.5462244150985	2179.199999999968	1	0	tensor(3, device='cuda:0')	1.8212484829238387
108200.0	2000.0	1979.1999999999243	0.0	0	666.8413658270874	2179.199999999968	1	0	tensor(3, device='cuda:0')	1.8212484829238387
109200.0	2000.0	1979.1999999999225	0.0	0	669.9827482130931	2179.199999999968	1	0	tensor(3, device='cuda:0')	1.8212484829238387
110200.0	2000.0	1979.199999999938	0.0	0	570.4751162984758	2179.199999999968	1	0	tensor(3, device='cuda:0')	1.8212484829238387
111200.0	2000.0	1979.1999999999389	0.0	0	691.5894844804425	2179.199999999968	1	0	tensor(3, device='cuda:0')	1.8212484829238387
112200.0	2000.0	1979.1999999999484	0.0	0	587.5475725761207	2179.199999999968	1	0	tensor(3, device='cuda:0')	1.8212484829238387
113200.0	2000.0	1979.1999999999389	0.0	0	705.0145805224311	2179.199999999968	1	0	tensor(3, device='cuda:0')	1.8212484829238387
114200.0	2000.0	1979.199999999932	0.0	0	714.7464333475364	2179.1999999999825	1	0	tensor(3, device='cuda:0')	1.8212484829238376
115200.0	2000.0	1979.1999999999407	0.0	0	621.4084332130151	2179.1999999999825	1	0	tensor(3, device='cuda:0')	1.8212484829238376
116200.0	2000.0	1979.199999999932	0.0	0	448.1067358186847	2179.1999999999825	1	0	tensor(3, device='cuda:0')	1.8212484829238376
117200.0	2000.0	1979.1999999999389	0.0	0	701.3916303833539	2179.1999999999825	1	0	tensor(3, device='cuda:0')	1.8212484829238376
118200.0	2000.0	1979.1999999999302	0.0	0	615.233196115878	2179.1999999999825	1	0	tensor(3, device='cuda:0')	1.8212484829238376
119200.0	2000.0	1979.1999999999302	0.0	0	719.70665914235	2179.1999999999825	1	0	tensor(3, device='cuda:0')	1.8212484829238376
120200.0	2000.0	1979.199999999933	0.0	0	703.5108675297524	2179.1999999999825	1	0	tensor(3, device='cuda:0')	1.8212484829238376
121200.0	2000.0	1979.1999999999343	0.0	0	715.483187213933	2179.1999999999825	1	0	tensor(3, device='cuda:0')	1.8212484829238376
122200.0	2000.0	1979.1999999999316	0.0	0	382.6461367439624	2179.1999999999825	1	0	tensor(3, device='cuda:0')	1.8212484829238376
123200.0	2000.0	1979.1999999999352	0.0	0	380.5966467385442	2179.1999999999825	1	0	tensor(3, device='cuda:0')	1.8212484829238376
124200.0	2000.0	1979.1999999999434	0.0	0	651.1495860091381	2179.1999999999825	1	0	tensor(3, device='cuda:0')	1.8212484829238376
125200.0	2000.0	1979.199999999949	0.0	0	709.0799983496108	2179.1999999999825	1	0	tensor(3, device='cuda:0')	1.8212484829238376
126200.0	2000.0	1979.1999999999498	0.0	0	517.9823209871975	2179.1999999999825	1	0	tensor(3, device='cuda:0')	1.8212484829238376
127200.0	2000.0	1979.1999999999384	0.0	0	456.7131881247915	2179.1999999999825	1	0	tensor(3, device='cuda:0')	1.8212484829238376
128200.0	2000.0	1979.1999999999252	0.0	0	542.093381743558	2179.199999999968	1	0	tensor(3, device='cuda:0')	1.8212484829238387
129200.0	2000.0	1979.1999999999184	0.0	0	630.6074625647889	2179.199999999968	1	0	tensor(3, device='cuda:0')	1.8212484829238387
130200.0	2000.0	1979.1999999999316	0.0	0	623.4729063745617	2179.199999999968	1	0	tensor(3, device='cuda:0')	1.8212484829238387
131200.0	2000.0	1979.1999999999061	0.0	0	553.8315054308187	2179.199999999939	1	0	tensor(3, device='cuda:0')	1.8212484829238402
132200.0	2000.0	1979.1999999998957	0.0	0	163.88410521039623	2179.19999999991	1	0	tensor(3, device='cuda:0')	1.8212484829238418
133200.0	2000.0	1979.1999999999293	0.0	0	380.5945405901002	2179.1999999999534	1	0	tensor(3, device='cuda:0')	1.8212484829238416
134200.0	2000.0	1979.1999999999484	0.0	0	717.4151010590722	2179.1999999999534	1	0	tensor(3, device='cuda:0')	1.8212484829238402
135200.0	2000.0	1979.199999999948	0.0	0	652.9251535807562	2179.1999999999534	1	0	tensor(3, device='cuda:0')	1.8212484829238402
136200.0	2000.0	1979.1999999999334	0.0	0	701.9693929131026	2179.1999999999243	1	0	tensor(3, device='cuda:0')	1.8212484829238427
137200.0	2000.0	1979.1999999999562	0.0	0	778.2995901089162	2179.1999999999534	1	0	tensor(3, device='cuda:0')	1.8212484829238402
138200.0	2000.0	1979.199999999949	0.0	0	706.8772724664304	2179.1999999999243	1	0	tensor(3, device='cuda:0')	1.8212484829238427
139200.0	2000.0	1979.1999999999416	0.0	0	661.1058694963576	2179.1999999999243	1	0	tensor(3, device='cuda:0')	1.8212484829238427
140200.0	2000.0	1979.1999999999575	0.0	0	736.0003086892539	2179.1999999999243	1	0	tensor(3, device='cuda:0')	1.8212484829238427
141200.0	2000.0	1979.1999999999593	0.0	0	400.0902189958724	2179.1999999999243	1	0	tensor(3, device='cuda:0')	1.8212484829238427
142200.0	2000.0	1979.1999999999716	0.0	0	604.541900376149	2179.1999999999243	1	0	tensor(3, device='cuda:0')	1.8212484829238427
143200.0	2000.0	1979.1999999999853	0.0	0	568.239954859775	2179.1999999999534	1	0	tensor(3, device='cuda:0')	1.8212484829238402
144200.0	2000.0	1979.200000000008	0.0	0	421.39642690715846	2179.1999999999534	1	0	tensor(3, device='cuda:0')	1.8212484829238402
145200.0	2000.0	1979.2000000000098	0.0	0	492.1607988162432	2179.1999999999534	1	0	tensor(3, device='cuda:0')	1.8212484829238402
146200.0	2000.0	1979.1999999999925	0.0	0	523.871599596896	2179.1999999999243	1	0	tensor(3, device='cuda:0')	1.8212484829238427
147200.0	2000.0	1979.2000000000062	0.0	0	534.3195027951733	2179.1999999999243	1	0	tensor(3, device='cuda:0')	1.8212484829238427
148200.0	2000.0	1979.2000000000257	0.0	0	604.6798456189863	2179.1999999999534	1	0	tensor(3, device='cuda:0')	1.8212484829238402
149200.0	2000.0	1979.200000000039	0.0	0	714.8345038649277	2179.1999999999534	1	0	tensor(3, device='cuda:0')	1.8212484829238402
150200.0	2000.0	1979.2000000000485	0.0	0	751.3877494374465	2179.1999999999534	1	0	tensor(3, device='cuda:0')	1.8212484829238402
151200.0	2000.0	1979.2000000000307	0.0	0	676.8891050799575	2179.1999999999534	1	0	tensor(3, device='cuda:0')	1.8212484829238402
152200.0	2000.0	1979.2000000000444	0.0	0	601.3639973044337	2179.1999999999825	1	0	tensor(3, device='cuda:0')	1.8212484829238376
153200.0	2000.0	1979.2000000000417	0.0	0	516.1848959048802	2179.1999999999825	1	0	tensor(3, device='cuda:0')	1.8212484829238376
154200.0	2000.0	1979.2000000000166	0.0	0	608.7202504489105	2179.1999999999534	1	0	tensor(3, device='cuda:0')	1.8212484829238402
155200.0	2000.0	1979.2000000000244	0.0	0	669.5581221335742	2179.1999999999534	1	0	tensor(3, device='cuda:0')	1.8212484829238402
156200.0	2000.0	1979.200000000019	0.0	0	611.8232466064801	2179.1999999999534	1	0	tensor(3, device='cuda:0')	1.8212484829238402
157200.0	2000.0	1979.1999999999848	0.0	0	696.4226495334296	2179.1999999999243	1	0	tensor(3, device='cuda:0')	1.8212484829238427
158200.0	2000.0	1979.199999999988	0.0	0	539.604459351016	2179.1999999999243	1	0	tensor(3, device='cuda:0')	1.8212484829238427
159200.0	2000.0	1979.199999999984	0.0	0	438.7879289369739	2179.1999999999243	1	0	tensor(3, device='cuda:0')	1.8212484829238427
160200.0	2000.0	1979.2000000000226	0.0	0	532.4826551363221	2179.1999999999243	1	0	tensor(3, device='cuda:0')	1.8212484829238427
161200.0	2000.0	1979.2000000000348	0.0	0	645.2418471751735	2179.1999999999243	1	0	tensor(3, device='cuda:0')	1.8212484829238427
162200.0	2000.0	1979.2000000000016	0.0	0	602.9172470676131	2179.1999999999534	1	0	tensor(3, device='cuda:0')	1.8212484829238402
163200.0	2000.0	1979.200000000012	0.0	0	603.1454665695492	2179.1999999999534	1	0	tensor(3, device='cuda:0')	1.8212484829238402
164200.0	2000.0	1979.2000000000298	0.0	0	435.1307197290298	2179.1999999999534	1	0	tensor(3, device='cuda:0')	1.8212484829238402
165200.0	2000.0	1979.2000000000544	0.0	0	698.5230832074303	2179.1999999999534	1	0	tensor(3, device='cuda:0')	1.8212484829238402
166200.0	2000.0	1979.2000000000853	0.0	0	607.8626093423518	2179.1999999999825	1	0	tensor(3, device='cuda:0')	1.8212484829238376
167200.0	2000.0	1979.2000000000626	0.0	0	713.0181966077071	2179.1999999999534	1	0	tensor(3, device='cuda:0')	1.8212484829238402
168200.0	2000.0	1979.200000000047	0.0	0	728.5083116271999	2179.1999999999534	1	0	tensor(3, device='cuda:0')	1.8212484829238402
169200.0	2000.0	1979.200000000049	0.0	0	764.3401408119826	2179.1999999999534	1	0	tensor(3, device='cuda:0')	1.8212484829238402
170200.0	2000.0	1979.200000000068	0.0	0	735.1264228067303	2179.1999999999534	1	0	tensor(3, device='cuda:0')	1.8212484829238402
171200.0	2000.0	1979.2000000000644	0.0	0	737.3958133978886	2179.1999999999534	1	0	tensor(3, device='cuda:0')	1.8212484829238402
172200.0	2000.0	1979.2000000000576	0.0	0	737.2980470579641	2179.1999999999534	1	0	tensor(3, device='cuda:0')	1.8212484829238402
173200.0	2000.0	1979.2000000000417	0.0	0	659.3902138161648	2179.1999999999534	1	0	tensor(3, device='cuda:0')	1.8212484829238402
174200.0	2000.0	1979.200000000038	0.0	0	685.8547674993752	2179.1999999999534	1	0	tensor(3, device='cuda:0')	1.8212484829238402
175200.0	2000.0	1979.2000000000444	0.0	0	621.7218533671403	2179.1999999999534	1	0	tensor(3, device='cuda:0')	1.8212484829238402
176200.0	2000.0	1979.200000000017	0.0	0	617.4506859289831	2179.1999999999534	1	0	tensor(3, device='cuda:0')	1.8212484829238402
177200.0	2000.0	1979.2000000000317	0.0	0	567.0341729061329	2179.1999999999534	1	0	tensor(3, device='cuda:0')	1.8212484829238402
178200.0	2000.0	1979.2000000000503	0.0	0	495.3794676247926	2179.1999999999534	1	0	tensor(3, device='cuda:0')	1.8212484829238402
179200.0	2000.0	1979.2000000000658	0.0	0	548.8054209613474	2179.1999999999825	1	0	tensor(3, device='cuda:0')	1.8212484829238376
180200.0	2000.0	1979.2000000000808	0.0	0	631.3173481370613	2179.1999999999825	1	0	tensor(3, device='cuda:0')	1.8212484829238376
181200.0	2000.0	1979.2000000000817	0.0	0	637.4496931108588	2179.1999999999534	1	0	tensor(3, device='cuda:0')	1.8212484829238402
182200.0	2000.0	1979.2000000000712	0.0	0	446.82516992578167	2179.1999999999243	1	0	tensor(3, device='cuda:0')	1.8212484829238427
183200.0	2000.0	1979.2000000000662	0.0	0	282.54020945969387	2179.1999999999534	1	0	tensor(3, device='cuda:0')	1.821248482923842
184200.0	2000.0	1979.2000000000403	0.0	0	523.4698899122886	2179.1999999999825	1	0	tensor(3, device='cuda:0')	1.8212484829238376
185200.0	2000.0	1979.2000000000876	0.0	0	679.7196409575408	2179.1999999999825	1	0	tensor(3, device='cuda:0')	1.8212484829238376
186200.0	2000.0	1979.2000000001071	0.0	0	705.7900747601525	2179.1999999999825	1	0	tensor(3, device='cuda:0')	1.8212484829238376
187200.0	2000.0	1979.200000000098	0.0	0	693.4675975758291	2179.1999999999825	1	0	tensor(3, device='cuda:0')	1.8212484829238376
188200.0	2000.0	1979.2000000000708	0.0	0	787.0107304042031	2179.1999999999825	1	0	tensor(3, device='cuda:0')	1.8212484829238376
189200.0	2000.0	1979.2000000000862	0.0	0	709.0487224085664	2179.1999999999825	1	0	tensor(3, device='cuda:0')	1.8212484829238376
190200.0	2000.0	1979.2000000000899	0.0	0	699.2608769204526	2179.1999999999534	1	0	tensor(3, device='cuda:0')	1.821248482923838
191200.0	2000.0	1979.200000000089	0.0	0	753.1904525024584	2179.1999999999534	1	0	tensor(3, device='cuda:0')	1.8212484829238402
192200.0	2000.0	1979.2000000000735	0.0	0	638.3036934192933	2179.1999999999534	1	0	tensor(3, device='cuda:0')	1.8212484829238402
193200.0	2000.0	1979.2000000000507	0.0	0	687.073504537344	2179.1999999999534	1	0	tensor(3, device='cuda:0')	1.8212484829238402
194200.0	2000.0	1979.200000000069	0.0	0	598.9782405618462	2179.1999999999534	1	0	tensor(3, device='cuda:0')	1.8212484829238402
195200.0	2000.0	1979.2000000001021	0.0	0	751.823919023358	2179.1999999999534	1	0	tensor(3, device='cuda:0')	1.8212484829238402
196200.0	2000.0	1979.2000000001171	0.0	0	597.6035232874274	2179.1999999999534	1	0	tensor(3, device='cuda:0')	1.8212484829238402
197200.0	2000.0	1979.2000000000944	0.0	0	425.5831102063239	2179.1999999999534	1	0	tensor(3, device='cuda:0')	1.8212484829238402
198200.0	2000.0	1979.2000000000894	0.0	0	475.1544434313837	2179.1999999999825	1	0	tensor(3, device='cuda:0')	1.8212484829238376
199200.0	2000.0	1979.2000000000849	0.0	0	726.6309414886637	2179.1999999999825	1	0	tensor(3, device='cuda:0')	1.8212484829238376
200200.0	2000.0	1979.2000000000908	0.0	0	629.914135264029	2179.1999999999825	1	0	tensor(3, device='cuda:0')	1.8212484829238396
201200.0	2000.0	1979.2000000000876	0.0	0	610.5392554852006	2179.1999999999825	1	0	tensor(3, device='cuda:0')	1.8212484829238376
202200.0	2000.0	1979.2000000001058	0.0	0	513.8669201973535	2179.2000000000407	1	0	tensor(3, device='cuda:0')	1.8212484829238347
203200.0	2000.0	1979.2000000001258	0.0	0	153.4415432852984	2179.20000000007	1	0	tensor(3, device='cuda:0')	1.8212484829238305
204200.0	2000.0	1979.2000000001235	0.0	0	504.92778101787553	2179.200000000099	1	0	tensor(3, device='cuda:0')	1.82124848292383
205200.0	2000.0	1979.200000000099	0.0	0	619.5718341318425	2179.200000000099	1	0	tensor(3, device='cuda:0')	1.8212484829238278
206200.0	2000.0	1979.2000000001226	0.0	0	683.6934897875763	2179.200000000128	1	0	tensor(3, device='cuda:0')	1.8212484829238273
207200.0	2000.0	1979.2000000001062	0.0	0	789.2445107569802	2179.200000000099	1	0	tensor(3, device='cuda:0')	1.821248482923826
208200.0	2000.0	1979.200000000148	0.0	0	676.7079685658391	2179.200000000157	1	0	tensor(3, device='cuda:0')	1.821248482923825
209200.0	2000.0	1979.2000000001362	0.0	0	601.2827257286117	2179.200000000128	1	0	tensor(3, device='cuda:0')	1.8212484829238254
210200.0	2000.0	1979.2000000001021	0.0	0	602.4459240193246	2179.200000000128	1	0	tensor(3, device='cuda:0')	1.8212484829238254
211200.0	2000.0	1979.200000000098	0.0	0	644.0107218561752	2179.200000000157	1	0	tensor(3, device='cuda:0')	1.821248482923825
212200.0	2000.0	1979.2000000000944	0.0	0	631.0704013257055	2179.200000000157	1	0	tensor(3, device='cuda:0')	1.821248482923823
213200.0	2000.0	1979.2000000000744	0.0	0	683.5620698949497	2179.200000000157	1	0	tensor(3, device='cuda:0')	1.821248482923823
214200.0	2000.0	1979.2000000000944	0.0	0	787.4585172763909	2179.2000000002154	1	0	tensor(3, device='cuda:0')	1.82124848292382
215200.0	2000.0	1979.2000000001112	0.0	0	689.4002724037564	2179.2000000002154	1	0	tensor(3, device='cuda:0')	1.8212484829238182
216200.0	2000.0	1979.2000000000999	0.0	0	676.8493196642085	2179.2000000001863	1	0	tensor(3, device='cuda:0')	1.8212484829238187
217200.0	2000.0	1979.2000000001044	0.0	0	624.2900830257568	2179.2000000001863	1	0	tensor(3, device='cuda:0')	1.8212484829238205
218200.0	2000.0	1979.200000000079	0.0	0	552.5217400302354	2179.2000000001863	1	0	tensor(3, device='cuda:0')	1.8212484829238205
219200.0	2000.0	1979.2000000001099	0.0	0	281.6914011701883	2179.2000000001863	1	0	tensor(3, device='cuda:0')	1.8212484829238205
220200.0	2000.0	1979.2000000000985	0.0	0	437.88647170743207	2179.200000000157	1	0	tensor(3, device='cuda:0')	1.821248482923823
221200.0	2000.0	1979.2000000001317	0.0	0	596.6085499901965	2179.200000000157	1	0	tensor(3, device='cuda:0')	1.821248482923823
222200.0	2000.0	1979.2000000001235	0.0	0	633.5686554795539	2179.200000000157	1	0	tensor(3, device='cuda:0')	1.821248482923823
223200.0	2000.0	1979.2000000001108	0.0	0	792.7999245901592	2179.2000000001863	1	0	tensor(3, device='cuda:0')	1.8212484829238225
224200.0	2000.0	1979.2000000001049	0.0	0	519.814354387694	2179.200000000157	1	0	tensor(3, device='cuda:0')	1.821248482923823
225200.0	2000.0	1979.2000000000694	0.0	0	513.4611807343317	2179.200000000128	1	0	tensor(3, device='cuda:0')	1.8212484829238234
226200.0	2000.0	1979.2000000000521	0.0	0	635.4508264334581	2179.200000000128	1	0	tensor(3, device='cuda:0')	1.8212484829238254
227200.0	2000.0	1979.200000000069	0.0	0	603.4241711235663	2179.200000000128	1	0	tensor(3, device='cuda:0')	1.8212484829238254
228200.0	2000.0	1979.2000000000835	0.0	0	786.6264270033862	2179.200000000128	1	0	tensor(3, device='cuda:0')	1.8212484829238254
229200.0	2000.0	1979.200000000109	0.0	0	718.6661473472777	2179.200000000099	1	0	tensor(3, device='cuda:0')	1.821248482923826
230200.0	2000.0	1979.2000000000785	0.0	0	656.499505461863	2179.20000000007	1	0	tensor(3, device='cuda:0')	1.8212484829238305
231200.0	2000.0	1979.200000000078	0.0	0	717.9195208732272	2179.20000000007	1	0	tensor(3, device='cuda:0')	1.8212484829238305
232200.0	2000.0	1979.2000000000762	0.0	0	749.5826637826685	2179.20000000007	1	0	tensor(3, device='cuda:0')	1.8212484829238305
233200.0	2000.0	1979.2000000000926	0.0	0	359.94879599424894	2179.20000000007	1	0	tensor(3, device='cuda:0')	1.8212484829238305
234200.0	2000.0	1979.200000000068	0.0	0	625.3058668899757	2179.2000000000116	1	0	tensor(3, device='cuda:0')	1.8212484829238331
235200.0	2000.0	1979.2000000000671	0.0	0	665.3754349186202	2179.2000000000116	1	0	tensor(3, device='cuda:0')	1.8212484829238351
236200.0	2000.0	1979.2000000000671	0.0	0	631.5109590657812	2179.1999999999825	1	0	tensor(3, device='cuda:0')	1.8212484829238356
237200.0	2000.0	1979.2000000000457	0.0	0	705.8619726602628	2179.1999999999825	1	0	tensor(3, device='cuda:0')	1.8212484829238376
238200.0	2000.0	1979.2000000000135	0.0	0	644.3793228385621	2179.1999999999825	1	0	tensor(3, device='cuda:0')	1.8212484829238376
239200.0	2000.0	1979.2000000000162	0.0	0	638.7836300245253	2179.1999999999825	1	0	tensor(3, device='cuda:0')	1.8212484829238376
240200.0	2000.0	1979.2000000000044	0.0	0	497.07668879721314	2179.1999999999825	1	0	tensor(3, device='cuda:0')	1.8212484829238376
241200.0	2000.0	1979.2000000000035	0.0	0	417.8013813585276	2179.1999999999825	1	0	tensor(3, device='cuda:0')	1.8212484829238376
242200.0	2000.0	1979.200000000019	0.0	0	446.2024675271823	2179.1999999999825	1	0	tensor(3, device='cuda:0')	1.8212484829238376
243200.0	2000.0	1979.2000000000353	0.0	0	570.5323302338074	2179.2000000000116	1	0	tensor(3, device='cuda:0')	1.8212484829238371
244200.0	2000.0	1979.2000000000457	0.0	0	720.9624186054571	2179.2000000000116	1	0	tensor(3, device='cuda:0')	1.8212484829238351
245200.0	2000.0	1979.2000000000726	0.0	0	701.2853005945508	2179.2000000000407	1	0	tensor(3, device='cuda:0')	1.8212484829238347
246200.0	2000.0	1979.2000000000717	0.0	0	788.6311623432557	2179.2000000000407	1	0	tensor(3, device='cuda:0')	1.8212484829238327
247200.0	2000.0	1979.2000000000712	0.0	0	696.3787540607154	2179.2000000000407	1	0	tensor(3, device='cuda:0')	1.8212484829238327
248200.0	2000.0	1979.2000000000398	0.0	0	697.0089521822229	2179.2000000000407	1	0	tensor(3, device='cuda:0')	1.8212484829238327
249200.0	2000.0	1979.200000000033	0.0	0	711.8017032226489	2179.2000000000116	1	0	tensor(3, device='cuda:0')	1.8212484829238351
250200.0	2000.0	1979.2000000000144	0.0	0	667.8985925088346	2179.1999999999825	1	0	tensor(3, device='cuda:0')	1.8212484829238356
251200.0	2000.0	1979.2000000000662	0.0	0	561.6977323409228	2179.1999999999825	1	0	tensor(3, device='cuda:0')	1.8212484829238376
252200.0	2000.0	1979.2000000000917	0.0	0	651.8321295177739	2179.1999999999825	1	0	tensor(3, device='cuda:0')	1.8212484829238376
253200.0	2000.0	1979.2000000000908	0.0	0	698.2656338139786	2179.1999999999825	1	0	tensor(3, device='cuda:0')	1.8212484829238376
254200.0	2000.0	1979.2000000001126	0.0	0	588.7411434469104	2179.1999999999825	1	0	tensor(3, device='cuda:0')	1.8212484829238376
255200.0	2000.0	1979.2000000001435	0.0	0	761.2015658097807	2179.2000000000116	1	0	tensor(3, device='cuda:0')	1.8212484829238371
256200.0	2000.0	1979.2000000001317	0.0	0	644.4192563947581	2179.1999999999825	1	0	tensor(3, device='cuda:0')	1.8212484829238356
257200.0	2000.0	1979.2000000001435	0.0	0	475.90681612867047	2179.1999999999825	1	0	tensor(3, device='cuda:0')	1.8212484829238376
258200.0	2000.0	1979.2000000001494	0.0	0	642.3236710847705	2179.1999999999534	1	0	tensor(3, device='cuda:0')	1.8212484829238402
259200.0	2000.0	1979.2000000001444	0.0	0	558.9482413173246	2179.1999999999534	1	0	tensor(3, device='cuda:0')	1.8212484829238402
260200.0	2000.0	1979.2000000001663	0.0	0	417.84272329180385	2179.1999999999825	1	0	tensor(3, device='cuda:0')	1.8212484829238396
261200.0	2000.0	1979.2000000001535	0.0	0	584.9725153338222	2179.1999999999534	1	0	tensor(3, device='cuda:0')	1.821248482923838
262200.0	2000.0	1979.2000000001426	0.0	0	765.8889484937245	2179.1999999999825	1	0	tensor(3, device='cuda:0')	1.8212484829238396
263200.0	2000.0	1979.2000000001249	0.0	0	580.4929549605586	2179.1999999999534	1	0	tensor(3, device='cuda:0')	1.821248482923839
264200.0	2000.0	1979.200000000118	0.0	0	671.2343128924258	2179.1999999999534	1	0	tensor(3, device='cuda:0')	1.8212484829238393
265200.0	2000.0	1979.200000000108	0.0	0	723.342114395462	2179.2000000000116	1	0	tensor(3, device='cuda:0')	1.8212484829238391
266200.0	2000.0	1979.2000000000844	0.0	0	458.14100187883014	2179.20000000007	1	0	tensor(3, device='cuda:0')	1.8212484829238305
267200.0	2000.0	1979.2000000000462	0.0	0	500.8874308784725	2179.2000000000116	1	0	tensor(3, device='cuda:0')	1.8212484829238351
268200.0	2000.0	1979.2000000001021	0.0	0	563.5583350026282	2179.2000000000116	1	0	tensor(3, device='cuda:0')	1.8212484829238351
269200.0	2000.0	1979.2000000001244	0.0	0	509.23415049078176	2179.20000000007	1	0	tensor(3, device='cuda:0')	1.8212484829238305
270200.0	2000.0	1979.2000000001258	0.0	0	491.99105480802245	2179.20000000007	1	0	tensor(3, device='cuda:0')	1.8212484829238305
271200.0	2000.0	1979.2000000001494	0.0	0	761.2129037479172	2179.200000000128	1	0	tensor(3, device='cuda:0')	1.8212484829238293
272200.0	2000.0	1979.200000000148	0.0	0	647.604810887482	2179.200000000128	1	0	tensor(3, device='cuda:0')	1.8212484829238254
273200.0	2000.0	1979.2000000001108	0.0	0	645.7756019697408	2179.20000000007	1	0	tensor(3, device='cuda:0')	1.8212484829238305
274200.0	2000.0	1979.200000000069	0.0	0	734.3378202627064	2179.20000000007	1	0	tensor(3, device='cuda:0')	1.8212484829238305
275200.0	2000.0	1979.200000000069	0.0	0	663.9842087957659	2179.20000000007	1	0	tensor(3, device='cuda:0')	1.8212484829238305
276200.0	2000.0	1979.2000000000312	0.0	0	704.8775364737376	2179.20000000007	1	0	tensor(3, device='cuda:0')	1.8212484829238305
277200.0	2000.0	1979.200000000039	0.0	0	643.0554229042609	2179.200000000128	1	0	tensor(3, device='cuda:0')	1.8212484829238254
278200.0	2000.0	1979.2000000000744	0.0	0	761.3883334983839	2179.200000000128	1	0	tensor(3, device='cuda:0')	1.8212484829238254
279200.0	2000.0	1979.2000000000962	0.0	0	736.8508776739473	2179.200000000128	1	0	tensor(3, device='cuda:0')	1.8212484829238254
280200.0	2000.0	1979.2000000001221	0.0	0	681.9052280400647	2179.200000000128	1	0	tensor(3, device='cuda:0')	1.8212484829238254
281200.0	2000.0	1979.2000000001162	0.0	0	627.6073111270089	2179.200000000128	1	0	tensor(3, device='cuda:0')	1.8212484829238254
282200.0	2000.0	1979.2000000001117	0.0	0	493.1771748207975	2179.200000000128	1	0	tensor(3, device='cuda:0')	1.8212484829238254
283200.0	2000.0	1979.200000000128	0.0	0	588.7473722625873	2179.200000000128	1	0	tensor(3, device='cuda:0')	1.8212484829238254
284200.0	2000.0	1979.200000000124	0.0	0	409.95130935992347	2179.200000000128	1	0	tensor(3, device='cuda:0')	1.8212484829238254
285200.0	2000.0	1979.2000000001153	0.0	0	483.87474038865184	2179.200000000128	1	0	tensor(3, device='cuda:0')	1.8212484829238254
286200.0	2000.0	1979.2000000000935	0.0	0	516.046547884529	2179.200000000128	1	0	tensor(3, device='cuda:0')	1.8212484829238254
287200.0	2000.0	1979.2000000001012	0.0	0	528.5127333701239	2179.200000000128	1	0	tensor(3, device='cuda:0')	1.8212484829238254
288200.0	2000.0	1979.2000000000653	0.0	0	660.1675728598493	2179.200000000128	1	0	tensor(3, device='cuda:0')	1.8212484829238214
289200.0	2000.0	1979.2000000001162	0.0	0	641.3431656096946	2179.200000000128	1	0	tensor(3, device='cuda:0')	1.8212484829238214
290200.0	2000.0	1979.2000000001312	0.0	0	670.4889223741484	2179.200000000128	1	0	tensor(3, device='cuda:0')	1.8212484829238254
291200.0	2000.0	1979.2000000000826	0.0	0	400.6171568093705	2179.200000000128	1	0	tensor(3, device='cuda:0')	1.8212484829238254
292200.0	2000.0	1979.2000000000521	0.0	0	202.4315344952629	2179.20000000007	1	0	tensor(3, device='cuda:0')	1.8212484829238265
293200.0	2000.0	1979.200000000039	0.0	0	663.5611526017892	2179.20000000007	1	0	tensor(3, device='cuda:0')	1.8212484829238305
294200.0	2000.0	1979.200000000042	0.0	0	553.2513209110475	2179.200000000128	1	0	tensor(3, device='cuda:0')	1.8212484829238254
295200.0	2000.0	1979.2000000000135	0.0	0	675.0759012639755	2179.2000000001863	1	0	tensor(3, device='cuda:0')	1.8212484829238205
296200.0	2000.0	1979.199999999994	0.0	0	699.9808063625242	2179.200000000128	1	0	tensor(3, device='cuda:0')	1.8212484829238214
297200.0	2000.0	1979.1999999999698	0.0	0	712.7348340051249	2179.200000000128	1	0	tensor(3, device='cuda:0')	1.8212484829238254
298200.0	2000.0	1979.199999999998	0.0	0	675.6607962686103	2179.200000000128	1	0	tensor(3, device='cuda:0')	1.8212484829238254
299200.0	2000.0	1979.199999999932	0.0	0	573.6430592107936	2179.200000000128	1	0	tensor(3, device='cuda:0')	1.8212484829238254
300200.0	2000.0	1979.1999999998598	0.0	0	640.8625848813099	2179.2000000000116	1	0	tensor(3, device='cuda:0')	1.8212484829238313
301200.0	2000.0	1979.1999999998375	0.0	0	614.125651612936	2179.2000000000116	1	0	tensor(3, device='cuda:0')	1.8212484829238351
302200.0	2000.0	1979.199999999757	0.0	0	350.55331458710134	2179.2000000000116	1	0	tensor(3, device='cuda:0')	1.8212484829238351
303200.0	2000.0	1979.1999999997824	0.0	0	517.6827381641488	2179.20000000007	1	0	tensor(3, device='cuda:0')	1.8212484829238342
304200.0	2000.0	1979.1999999998116	0.0	0	366.34933114465093	2179.200000000128	1	0	tensor(3, device='cuda:0')	1.8212484829238293
305200.0	2000.0	1979.1999999998689	0.0	0	273.38950976135675	2179.200000000128	1	0	tensor(3, device='cuda:0')	1.8212484829238254
306200.0	2000.0	1979.1999999998525	0.0	0	530.9209126048372	2179.2000000001863	1	0	tensor(3, device='cuda:0')	1.8212484829238245
5.27	4.26	5.79	8.19	6.38	7.15	8.55	5.62	3.57	5.22	4.44	5.53	7.27	5.51	7.09	6.57	6.2	6.35	6.88	5.7	5.37	5.21	5.36	5.18	4.77	5.54	6.32	7.24	7.82	5.85	4.3	3.93	3.89	4.48	4.83	5.25	4.6	5.11	6.93	5.69	7.04	8.78	8.42	10.6	9.72	8.2	8.79	5.95	4.55	6.59	4.26	2.77	4.54	6.1	5.27	3.74	4.87	5.32	6.45	7.17	9.55	10.2	10.1	6.71	8.57	8.65	8.56	7.83	5.71	4.58	5.9	8.32	8.25	6.96	8.38	4.52	5.76	6.01	7.83	10.1	9.34	8.79	4.92	6.93	8.91	7.58	7.21	9.72	9.27	10.1	6.32	6.53	7.84	7.16	5.47	7.21	8.5	6.12	7.4	7.63	9.58	6.05	5.42	5.37	5.98	7.51	4.89	4.03	5.27	5.91	8.48	10.5	8.0	3.45	3.92	6.0	6.61	5.71	2.88	4.01	6.28	7.63	6.71	2.71	3.46	5.8	5.95	7.77	10.2	8.82	6.52	6.75	4.33	5.47	5.26	2.98	4.16	3.95	6.04	4.71	6.53	8.99	6.53	4.67	5.37	4.93	5.04	5.46	7.8	6.87	3.88	5.6	6.46	4.63	3.94	4.09	5.73	6.32	7.09	8.06	10.3	8.27	7.96	7.66	7.67	7.76	5.88	4.73	4.19	5.65	4.58	6.08	8.47	6.73	4.17	3.23	4.98	7.29	7.9	8.19	8.46	10.1	8.88	6.97	7.29	7.99	6.81	8.24	6.99	4.04	5.17	7.58	7.43	7.87	4.91	2.26	4.27	6.57	8.99	9.48	7.22	4.16	5.22	7.54	7.44	8.1	8.55	8.44	5.94	6.64	6.88	2.81	3.43	4.29	6.61	8.54	6.14	3.36	4.29	6.54	8.87	8.29	7.47	7.51	8.13	4.25	5.9	5.63	5.57	7.67	5.57	5.5	3.9	4.32	4.97	4.54	6.72	9.13	9.15	7.47	6.12	6.53	5.7	6.34	7.33	6.1	6.36	7.34	6.7	5.0	6.75	6.65	4.62	6.12	8.44	4.38	5.85	6.19	4.95	3.9	4.0	4.09	5.39	7.65	7.04	6.39	7.34	5.8	6.21	5.64	7.91	9.63	8.71	7.14	5.06	3.92	4.24	5.48	5.93	4.36	6.78	6.7	5.88	3.79	3.38	5.12	6.07	6.35	5.62	6.68	6.37	6.02	6.32	7.02	4.3	3.82	2.56	2.81	4.7	5.44	7.05	6.64
1829.0	1830.0	1831.0	1832.0	1833.0	1834.0	1835.0	1836.0	1837.0	1838.0	1839.0	1840.0	1841.0	1842.0	1843.0	1844.0	1845.0	1846.0	1847.0	1848.0	1849.0	1850.0	1851.0	1852.0	1853.0	1854.0	1855.0	1856.0	1857.0	1858.0	1859.0	1860.0	1861.0	1862.0	1863.0	1864.0	1865.0	1866.0	1867.0	1868.0	1869.0	1870.0	1871.0	1872.0	1873.0	1874.0	1875.0	1876.0	1877.0	1878.0	1879.0	1880.0	1881.0	1882.0	1883.0	1884.0	1885.0	1886.0	1887.0	1888.0	1889.0	1890.0	1891.0	1892.0	1893.0	1894.0	1895.0	1896.0	1897.0	1898.0	1899.0	1900.0	1901.0	1902.0	1903.0	1904.0	1905.0	1906.0	1907.0	1908.0	1909.0	1910.0	1911.0	1912.0	1913.0	1914.0	1915.0	1916.0	1917.0	1918.0	1919.0	1920.0	1921.0	1922.0	1923.0	1924.0	1925.0	1926.0	1927.0	1928.0	1929.0	1930.0	1931.0	1932.0	1933.0	1934.0	1935.0	1936.0	1937.0	1938.0	1939.0	1940.0	1941.0	1942.0	1943.0	1944.0	1945.0	1946.0	1947.0	1948.0	1949.0	1950.0	1951.0	1952.0	1953.0	1954.0	1955.0	1956.0	1957.0	1958.0	1959.0	1960.0	1961.0	1962.0	1963.0	1964.0	1965.0	1966.0	1967.0	1968.0	1969.0	1970.0	1971.0	1972.0	1973.0	1974.0	1975.0	1976.0	1977.0	1978.0	1979.0	1980.0	1981.0	1982.0	1983.0	1984.0	1985.0	1986.0	1987.0	1988.0	1989.0	1990.0	1991.0	1992.0	1993.0	1994.0	1995.0	1996.0	1997.0	1998.0	1999.0	2000.0	2000.0	2001.0	2002.0	2003.0	2004.0	2005.0	2006.0	2007.0	2008.0	2009.0	2010.0	2011.0	2012.0	2013.0	2014.0	2015.0	2016.0	2017.0	2018.0	2019.0	2020.0	2021.0	2022.0	2023.0	2024.0	2025.0	2026.0	2027.0	2028.0	2029.0	2030.0	2031.0	2032.0	2033.0	2034.0	2035.0	2036.0	2037.0	2038.0	2039.0	2040.0	2041.0	2042.0	2043.0	2044.0	2045.0	2046.0	2047.0	2048.0	2049.0	2050.0	2051.0	2052.0	2053.0	2054.0	2055.0	2056.0	2057.0	2058.0	2059.0	2060.0	2061.0	2062.0	2063.0	2064.0	2065.0	2066.0	2067.0	2068.0	2069.0	2070.0	2071.0	2072.0	2073.0	2074.0	2075.0	2076.0	2077.0	2078.0	2079.0	2080.0	2081.0	2082.0	2083.0	2084.0	2085.0	2086.0	2087.0	2088.0	2089.0	2090.0	2091.0	2092.0	2093.0	2094.0	2095.0	2096.0	2097.0	2098.0	2099.0	2100.0	2101.0	2102.0	2103.0	2104.0	2105.0	2106.0	2107.0	2108.0	2109.0	2110.0	2111.0	2112.0	2113.0	2114.0	2115.0	2116.0	2117.0	2118.0	2119.0	2120.0	2121.0	2122.0	2123.0	2124.0	2125.0	2126.0	2127.0	2128.0	2129.0
7988.0
