2442.7101786076623	2000.0	2000.0	451.4595864683432	0	0.0	2442.7101786076623	1	0	tensor(3, device='cuda:0')	-2.798511782121178
3200.0	2000.0	2242.7101786076623	0.0	0	167.74258122174842	2442.7101786076623	1	0	tensor(3, device='cuda:0')	1.7961089321899575
4200.0	2000.0	2242.710178607663	0.0	0	472.1205829400669	2442.710178607663	1	0	tensor(3, device='cuda:0')	1.7961089321899575
5200.0	2000.0	2242.710178607662	0.0	0	625.5516318824657	2442.7101786076614	1	0	tensor(3, device='cuda:0')	1.7961089321899575
6200.0	2000.0	2242.710178607662	0.0	0	617.2119880115224	2442.710178607661	1	0	tensor(3, device='cuda:0')	1.796108932189958
7200.0	2000.0	2242.710178607663	0.0	0	616.7692438639415	2442.710178607662	1	0	tensor(3, device='cuda:0')	1.7961089321899575
8200.0	2000.0	2242.7101786076614	0.0	0	399.99618293168896	2442.710178607662	1	0	tensor(3, device='cuda:0')	1.7961089321899575
9200.0	2000.0	2242.710178607662	0.0	0	316.2369019774778	2442.710178607662	1	0	tensor(3, device='cuda:0')	1.7961089321899575
10200.0	2000.0	2242.710178607662	0.0	0	294.6543906511142	2442.710178607663	1	0	tensor(3, device='cuda:0')	1.7961089321899575
11249.613724380686	2000.0	2193.0964542269735	0.0	0	0.0	2442.710178607662	1	0	tensor(3, device='cuda:0')	1.7961089321899575
12200.0	2000.0	2242.7101786076587	0.0	0	240.00377067517002	2442.710178607662	1	0	tensor(3, device='cuda:0')	1.7961089321899575
13200.0	2000.0	2242.71017860766	0.0	0	68.66570044468062	2442.710178607662	1	0	tensor(3, device='cuda:0')	1.7961089321899575
14200.0	2000.0	2242.710178607659	0.0	0	545.8365442270206	2442.710178607662	1	0	tensor(3, device='cuda:0')	1.7961089321899575
15200.0	2000.0	2242.7101786076573	0.0	0	582.4976313537718	2442.710178607662	1	0	tensor(3, device='cuda:0')	1.7961089321899575
16200.0	2000.0	2242.710178607657	0.0	0	647.1249310297753	2442.7101786076637	1	0	tensor(3, device='cuda:0')	1.7961089321899575
17200.0	2000.0	2242.7101786076546	0.0	0	662.2852521695131	2442.71017860766	1	0	tensor(3, device='cuda:0')	1.796108932189958
18200.0	2000.0	2242.710178607655	0.0	0	582.1648955670098	2442.710178607662	1	0	tensor(3, device='cuda:0')	1.7961089321899575
19200.0	2000.0	2242.710178607655	0.0	0	702.686446467862	2442.7101786076637	1	0	tensor(3, device='cuda:0')	1.7961089321899575
20200.0	2000.0	2242.7101786076546	0.0	0	667.870512886253	2442.7101786076637	1	0	tensor(3, device='cuda:0')	1.7961089321899575
21200.0	2000.0	2242.7101786076573	0.0	0	588.2697734817884	2442.7101786076637	1	0	tensor(3, device='cuda:0')	1.7961089321899575
22200.0	2000.0	2242.710178607654	0.0	0	413.7148772887231	2442.7101786076637	1	0	tensor(3, device='cuda:0')	1.7961089321899575
23200.0	2000.0	2242.710178607656	0.0	0	355.07511927223095	2442.7101786076637	1	0	tensor(3, device='cuda:0')	1.7961089321899575
24200.0	2000.0	2242.7101786076555	0.0	0	500.2661253361912	2442.7101786076637	1	0	tensor(3, device='cuda:0')	1.7961089321899575
25200.0	2000.0	2242.710178607656	0.0	0	477.37246133115696	2442.7101786076637	1	0	tensor(3, device='cuda:0')	1.7961089321899575
26200.0	2000.0	2242.710178607656	0.0	0	592.9815750028065	2442.7101786076637	1	0	tensor(3, device='cuda:0')	1.7961089321899575
27200.0	2000.0	2242.7101786076505	0.0	0	782.9099758299526	2442.7101786076637	1	0	tensor(3, device='cuda:0')	1.7961089321899575
28200.0	2000.0	2242.710178607646	0.0	0	647.405356982028	2442.7101786076637	1	0	tensor(3, device='cuda:0')	1.7961089321899575
29200.0	2000.0	2242.710178607645	0.0	0	614.0859944317672	2442.7101786076637	1	0	tensor(3, device='cuda:0')	1.7961089321899575
30200.0	2000.0	2242.710178607643	0.0	0	671.4818259914282	2442.7101786076637	1	0	tensor(3, device='cuda:0')	1.7961089321899575
31200.0	2000.0	2242.7101786076437	0.0	0	433.5086375680985	2442.7101786076637	1	0	tensor(3, device='cuda:0')	1.7961089321899575
32200.0	2000.0	2242.7101786076455	0.0	0	499.09792592766826	2442.7101786076637	1	0	tensor(3, device='cuda:0')	1.7961089321899575
33200.0	2000.0	2242.710178607646	0.0	0	285.25220611495024	2442.7101786076637	1	0	tensor(3, device='cuda:0')	1.796108932189958
34200.0	2000.0	2242.710178607646	0.0	0	574.7587562864137	2442.7101786076637	1	0	tensor(3, device='cuda:0')	1.7961089321899575
35200.0	2000.0	2242.710178607643	0.0	0	696.9652991987823	2442.71017860766	1	0	tensor(3, device='cuda:0')	1.796108932189958
36200.0	2000.0	2242.7101786076396	0.0	0	739.9201415989883	2442.71017860766	1	0	tensor(3, device='cuda:0')	1.796108932189958
37200.0	2000.0	2242.710178607634	0.0	0	576.8842995830564	2442.71017860766	1	0	tensor(3, device='cuda:0')	1.796108932189958
38200.0	2000.0	2242.710178607632	0.0	0	554.5954517156715	2442.71017860766	1	0	tensor(3, device='cuda:0')	1.796108932189958
39200.0	2000.0	2242.710178607636	0.0	0	381.28864196449285	2442.71017860766	1	0	tensor(3, device='cuda:0')	1.796108932189958
40200.0	2000.0	2242.710178607644	0.0	0	474.40411296219827	2442.7101786076673	1	0	tensor(3, device='cuda:0')	1.796108932189957
41200.0	2000.0	2242.7101786076482	0.0	0	113.02204949995212	2442.7101786076673	1	0	tensor(3, device='cuda:0')	1.796108932189957
42200.0	2000.0	2242.7101786076537	0.0	0	248.71138302479085	2442.7101786076673	1	0	tensor(3, device='cuda:0')	1.796108932189957
43200.0	2000.0	2242.71017860766	0.0	0	473.76623384245613	2442.7101786076673	1	0	tensor(3, device='cuda:0')	1.796108932189957
44200.0	2000.0	2242.710178607662	0.0	0	463.57996567172813	2442.7101786076673	1	0	tensor(3, device='cuda:0')	1.796108932189957
45200.0	2000.0	2242.7101786076623	0.0	0	663.4062223532237	2442.7101786076673	1	0	tensor(3, device='cuda:0')	1.796108932189957
46200.0	2000.0	2242.7101786076487	0.0	0	669.8622293433727	2442.71017860766	1	0	tensor(3, device='cuda:0')	1.796108932189958
47200.0	2000.0	2242.710178607653	0.0	0	576.2027171851296	2442.71017860766	1	0	tensor(3, device='cuda:0')	1.796108932189958
48200.0	2000.0	2242.710178607653	0.0	0	700.5987924014044	2442.71017860766	1	0	tensor(3, device='cuda:0')	1.796108932189958
49200.0	2000.0	2242.7101786076573	0.0	0	617.6404535036563	2442.7101786076673	1	0	tensor(3, device='cuda:0')	1.796108932189957
50200.0	2000.0	2242.710178607659	0.0	0	487.41752556478605	2442.7101786076673	1	0	tensor(3, device='cuda:0')	1.796108932189957
51200.0	2000.0	2242.7101786076505	0.0	0	686.3935556781726	2442.7101786076673	1	0	tensor(3, device='cuda:0')	1.796108932189957
52200.0	2000.0	2242.710178607654	0.0	0	624.8436336581217	2442.7101786076746	1	0	tensor(3, device='cuda:0')	1.7961089321899562
53200.0	2000.0	2242.710178607663	0.0	0	573.9162600174677	2442.7101786076746	1	0	tensor(3, device='cuda:0')	1.7961089321899562
54200.0	2000.0	2242.710178607658	0.0	0	380.3837803768911	2442.7101786076746	1	0	tensor(3, device='cuda:0')	1.7961089321899562
55200.0	2000.0	2242.710178607664	0.0	0	439.67269360595674	2442.7101786076746	1	0	tensor(3, device='cuda:0')	1.7961089321899562
56200.0	2000.0	2242.7101786076682	0.0	0	402.7129949675873	2442.7101786076746	1	0	tensor(3, device='cuda:0')	1.7961089321899562
57200.0	2000.0	2242.7101786076714	0.0	0	158.8244670693166	2442.7101786076746	1	0	tensor(3, device='cuda:0')	1.7961089321899562
58200.0	2000.0	2242.7101786076723	0.0	0	13.475266802568513	2442.7101786076746	1	0	tensor(3, device='cuda:0')	1.7961089321899562
59200.0	2000.0	2242.7101786076755	0.0	0	217.99497500787402	2442.7101786076746	1	0	tensor(3, device='cuda:0')	1.7961089321899562
60200.0	2000.0	2242.7101786076696	0.0	0	603.143765498724	2442.7101786076673	1	0	tensor(3, device='cuda:0')	1.796108932189957
61200.0	2000.0	2242.7101786076723	0.0	0	657.0900369686788	2442.7101786076673	1	0	tensor(3, device='cuda:0')	1.796108932189957
62200.0	2000.0	2242.7101786076723	0.0	0	343.34068228975957	2442.7101786076673	1	0	tensor(3, device='cuda:0')	1.796108932189957
63200.0	2000.0	2242.710178607673	0.0	0	348.07142641545215	2442.7101786076746	1	0	tensor(3, device='cuda:0')	1.7961089321899562
64200.0	2000.0	2242.7101786076705	0.0	0	179.27436891359685	2442.7101786076673	1	0	tensor(3, device='cuda:0')	1.796108932189957
65200.0	2000.0	2242.71017860766	0.0	0	376.2587956883799	2442.71017860766	1	0	tensor(3, device='cuda:0')	1.796108932189958
66200.0	2000.0	2242.7101786076614	0.0	0	79.79445587102964	2442.7101786076673	1	0	tensor(3, device='cuda:0')	1.7961089321899582
67200.0	2000.0	2242.710178607655	0.0	0	97.2000127180363	2442.71017860766	1	0	tensor(3, device='cuda:0')	1.7961089321899582
68200.0	2000.0	2242.7101786076423	0.0	0	304.8628832359391	2442.710178607638	1	0	tensor(3, device='cuda:0')	1.7961089321899593
69200.0	2000.0	2242.7101786076346	0.0	0	421.1750538668857	2442.710178607638	1	0	tensor(3, device='cuda:0')	1.7961089321899602
70200.0	2000.0	2242.710178607625	0.0	0	504.53215353755513	2442.710178607638	1	0	tensor(3, device='cuda:0')	1.7961089321899602
71200.0	2000.0	2242.710178607626	0.0	0	457.8441061489866	2442.710178607638	1	0	tensor(3, device='cuda:0')	1.7961089321899602
72200.0	2000.0	2242.7101786076278	0.0	0	549.7316368867032	2442.710178607638	1	0	tensor(3, device='cuda:0')	1.7961089321899602
73200.0	2000.0	2242.710178607629	0.0	0	391.80235552023805	2442.710178607638	1	0	tensor(3, device='cuda:0')	1.7961089321899602
74367.883487785	2000.0	2074.8266908226124	0.0	0	0.0	2442.710178607638	1	0	tensor(3, device='cuda:0')	1.7961089321899602
75335.83564628963	2000.0	2106.8745323179646	0.0	0	0.0	2442.7101786076237	1	0	tensor(3, device='cuda:0')	1.7961089321899617
76234.4851879779	2000.0	2208.224990629694	0.0	0	0.0	2442.7101786076237	1	0	tensor(3, device='cuda:0')	1.7961089321899617
77200.0	2000.0	2242.710178607608	0.0	0	229.83981036840123	2442.7101786076237	1	0	tensor(3, device='cuda:0')	1.7961089321899617
78200.0	2000.0	2242.710178607614	0.0	0	248.2521408951725	2442.7101786076237	1	0	tensor(3, device='cuda:0')	1.7961089321899617
79200.0	2000.0	2242.710178607613	0.0	0	565.6859150433156	2442.710178607609	1	0	tensor(3, device='cuda:0')	1.7961089321899628
80200.0	2000.0	2242.7101786076087	0.0	0	230.97966583748348	2442.710178607609	1	0	tensor(3, device='cuda:0')	1.7961089321899635
81200.0	2000.0	2242.7101786076228	0.0	0	369.408382054331	2442.710178607609	1	0	tensor(3, device='cuda:0')	1.7961089321899635
82200.0	2000.0	2242.710178607632	0.0	0	272.03527225846483	2442.710178607609	1	0	tensor(3, device='cuda:0')	1.7961089321899635
83200.0	2000.0	2242.710178607649	0.0	0	650.0442813365371	2442.710178607609	1	0	tensor(3, device='cuda:0')	1.7961089321899635
84200.0	2000.0	2242.7101786076546	0.0	0	568.7500138760661	2442.710178607609	1	0	tensor(3, device='cuda:0')	1.7961089321899635
85200.0	2000.0	2242.7101786076455	0.0	0	212.25180460311822	2442.710178607609	1	0	tensor(3, device='cuda:0')	1.7961089321899635
86200.0	2000.0	2242.7101786076237	0.0	0	447.6560853654519	2442.7101786075946	1	0	tensor(3, device='cuda:0')	1.7961089321899648
87200.0	2000.0	2242.7101786076237	0.0	0	594.5035115880164	2442.7101786075946	1	0	tensor(3, device='cuda:0')	1.7961089321899648
88200.0	2000.0	2242.7101786076223	0.0	0	559.0431983541202	2442.71017860758	1	0	tensor(3, device='cuda:0')	1.7961089321899664
89200.0	2000.0	2242.710178607615	0.0	0	496.3301743904012	2442.71017860758	1	0	tensor(3, device='cuda:0')	1.7961089321899664
90200.0	2000.0	2242.710178607639	0.0	0	519.2394799498143	2442.71017860758	1	0	tensor(3, device='cuda:0')	1.7961089321899664
91200.0	2000.0	2242.7101786076287	0.0	0	456.58562468885793	2442.7101786075655	1	0	tensor(3, device='cuda:0')	1.7961089321899681
92200.0	2000.0	2242.710178607628	0.0	0	213.90889388867072	2442.7101786075655	1	0	tensor(3, device='cuda:0')	1.7961089321899681
93294.8652466984	2000.0	2147.84493190923	0.0	0	0.0	2442.7101786075655	1	0	tensor(3, device='cuda:0')	1.7961089321899681
94200.0	2000.0	2242.7101786076373	0.0	0	212.74919770764245	2442.7101786075655	1	0	tensor(3, device='cuda:0')	1.7961089321899681
95200.0	2000.0	2242.710178607629	0.0	0	525.4100856553705	2442.7101786075655	1	0	tensor(3, device='cuda:0')	1.7961089321899681
96200.0	2000.0	2242.710178607622	0.0	0	633.6981487323937	2442.7101786075655	1	0	tensor(3, device='cuda:0')	1.7961089321899681
97200.0	2000.0	2242.7101786076237	0.0	0	511.66162393624836	2442.7101786075655	1	0	tensor(3, device='cuda:0')	1.7961089321899681
98200.0	2000.0	2242.7101786076205	0.0	0	549.4376924347307	2442.7101786075655	1	0	tensor(3, device='cuda:0')	1.7961089321899681
99200.0	2000.0	2242.7101786076196	0.0	0	570.0883078011975	2442.71017860758	1	0	tensor(3, device='cuda:0')	1.7961089321899664
100200.0	2000.0	2242.710178607621	0.0	0	380.16458002659783	2442.71017860758	1	0	tensor(3, device='cuda:0')	1.7961089321899664
101200.0	2000.0	2242.71017860761	0.0	0	468.2120520732133	2442.71017860758	1	0	tensor(3, device='cuda:0')	1.7961089321899664
102200.0	2000.0	2242.7101786075987	0.0	0	554.3184196127113	2442.71017860758	1	0	tensor(3, device='cuda:0')	1.7961089321899664
103200.0	2000.0	2242.7101786076073	0.0	0	558.0283289741492	2442.7101786075946	1	0	tensor(3, device='cuda:0')	1.7961089321899648
104200.0	2000.0	2242.7101786075987	0.0	0	604.3966369155678	2442.7101786075946	1	0	tensor(3, device='cuda:0')	1.7961089321899648
105200.0	2000.0	2242.7101786076005	0.0	0	656.8160502821993	2442.7101786075946	1	0	tensor(3, device='cuda:0')	1.7961089321899648
106200.0	2000.0	2242.7101786075964	0.0	0	486.6532393795642	2442.7101786075946	1	0	tensor(3, device='cuda:0')	1.7961089321899648
107200.0	2000.0	2242.7101786076087	0.0	0	491.77219114705804	2442.7101786075946	1	0	tensor(3, device='cuda:0')	1.7961089321899648
108200.0	2000.0	2242.710178607615	0.0	0	306.33219057112	2442.7101786075946	1	0	tensor(3, device='cuda:0')	1.7961089321899648
109200.0	2000.0	2242.7101786076205	0.0	0	337.6790336336562	2442.7101786075946	1	0	tensor(3, device='cuda:0')	1.7961089321899648
110200.0	2000.0	2242.7101786076173	0.0	0	465.6246631847607	2442.710178607609	1	0	tensor(3, device='cuda:0')	1.7961089321899635
111200.0	2000.0	2242.7101786076173	0.0	0	624.3334892442363	2442.710178607609	1	0	tensor(3, device='cuda:0')	1.7961089321899635
112200.0	2000.0	2242.7101786076078	0.0	0	615.5961204688792	2442.7101786075946	1	0	tensor(3, device='cuda:0')	1.7961089321899648
113200.0	2000.0	2242.710178607595	0.0	0	655.0875072685594	2442.7101786075946	1	0	tensor(3, device='cuda:0')	1.7961089321899648
114200.0	2000.0	2242.710178607614	0.0	0	627.8139154624514	2442.710178607609	1	0	tensor(3, device='cuda:0')	1.7961089321899635
115200.0	2000.0	2242.7101786076005	0.0	0	211.79795048841333	2442.7101786075946	1	0	tensor(3, device='cuda:0')	1.7961089321899648
116200.0	2000.0	2242.7101786075964	0.0	0	359.3660540594865	2442.71017860758	1	0	tensor(3, device='cuda:0')	1.7961089321899664
117200.0	2000.0	2242.7101786075887	0.0	0	109.30551149863459	2442.7101786075946	1	0	tensor(3, device='cuda:0')	1.7961089321899648
118200.0	2000.0	2242.7101786075805	0.0	0	500.33016481362574	2442.7101786075946	1	0	tensor(3, device='cuda:0')	1.7961089321899648
119200.0	2000.0	2242.71017860758	0.0	0	616.9925891269522	2442.7101786075946	1	0	tensor(3, device='cuda:0')	1.7961089321899648
120200.0	2000.0	2242.7101786075677	0.0	0	535.6746663912345	2442.7101786075946	1	0	tensor(3, device='cuda:0')	1.7961089321899648
121200.0	2000.0	2242.710178607577	0.0	0	617.7259070033178	2442.710178607609	1	0	tensor(3, device='cuda:0')	1.7961089321899635
122200.0	2000.0	2242.710178607578	0.0	0	471.47467945999233	2442.710178607609	1	0	tensor(3, device='cuda:0')	1.7961089321899635
123200.0	2000.0	2242.7101786075646	0.0	0	465.2885789951979	2442.710178607609	1	0	tensor(3, device='cuda:0')	1.7961089321899635
124200.0	2000.0	2242.710178607561	0.0	0	386.5815878819121	2442.7101786075946	1	0	tensor(3, device='cuda:0')	1.7961089321899648
125200.0	2000.0	2242.7101786075514	0.0	0	301.6706575754797	2442.7101786075946	1	0	tensor(3, device='cuda:0')	1.7961089321899648
126200.0	2000.0	2242.7101786075596	0.0	0	421.27137535231304	2442.7101786075946	1	0	tensor(3, device='cuda:0')	1.7961089321899648
127200.0	2000.0	2242.7101786075746	0.0	0	496.3978878391208	2442.7101786075946	1	0	tensor(3, device='cuda:0')	1.7961089321899648
128200.0	2000.0	2242.710178607575	0.0	0	657.3262543946184	2442.710178607609	1	0	tensor(3, device='cuda:0')	1.7961089321899635
129200.0	2000.0	2242.7101786075705	0.0	0	323.8800183812855	2442.710178607609	1	0	tensor(3, device='cuda:0')	1.7961089321899635
130200.0	2000.0	2242.71017860757	0.0	0	361.06431150768185	2442.7101786075946	1	0	tensor(3, device='cuda:0')	1.7961089321899648
131200.0	2000.0	2242.7101786075586	0.0	0	26.592789464921225	2442.7101786075946	1	0	tensor(3, device='cuda:0')	1.7961089321899646
132200.0	2000.0	2242.710178607582	0.0	0	279.9775748603861	2442.7101786076237	1	0	tensor(3, device='cuda:0')	1.796108932189963
133200.0	2000.0	2242.710178607576	0.0	0	625.01873338304	2442.7101786076237	1	0	tensor(3, device='cuda:0')	1.796108932189962
134200.0	2000.0	2242.710178607606	0.0	0	428.87947196673485	2442.710178607638	1	0	tensor(3, device='cuda:0')	1.7961089321899602
135200.0	2000.0	2242.710178607606	0.0	0	464.05693262207205	2442.710178607638	1	0	tensor(3, device='cuda:0')	1.7961089321899602
136200.0	2000.0	2242.7101786076055	0.0	0	211.27259472230799	2442.710178607638	1	0	tensor(3, device='cuda:0')	1.7961089321899602
137200.0	2000.0	2242.7101786076073	0.0	0	541.5834933678852	2442.710178607609	1	0	tensor(3, device='cuda:0')	1.7961089321899635
138200.0	2000.0	2242.7101786076073	0.0	0	542.1026227694529	2442.710178607638	1	0	tensor(3, device='cuda:0')	1.7961089321899602
139200.0	2000.0	2242.7101786076414	0.0	0	722.936360147025	2442.710178607638	1	0	tensor(3, device='cuda:0')	1.7961089321899602
140200.0	2000.0	2242.710178607646	0.0	0	546.6493353743572	2442.710178607638	1	0	tensor(3, device='cuda:0')	1.7961089321899602
141200.0	2000.0	2242.710178607623	0.0	0	593.529253684741	2442.710178607638	1	0	tensor(3, device='cuda:0')	1.7961089321899602
142200.0	2000.0	2242.710178607626	0.0	0	392.48740924248705	2442.710178607638	1	0	tensor(3, device='cuda:0')	1.7961089321899602
143200.0	2000.0	2242.7101786075946	0.0	0	275.62527192692505	2442.710178607638	1	0	tensor(3, device='cuda:0')	1.7961089321899602
144200.0	2000.0	2242.710178607568	0.0	0	520.1316479891539	2442.710178607638	1	0	tensor(3, device='cuda:0')	1.7961089321899602
145200.0	2000.0	2242.7101786075596	0.0	0	242.93849542268435	2442.710178607638	1	0	tensor(3, device='cuda:0')	1.7961089321899602
146200.0	2000.0	2242.710178607506	0.0	0	363.2914580499346	2442.710178607638	1	0	tensor(3, device='cuda:0')	1.7961089321899602
147200.0	2000.0	2242.710178607499	0.0	0	572.6948480098217	2442.710178607638	1	0	tensor(3, device='cuda:0')	1.7961089321899602
148200.0	2000.0	2242.710178607466	0.0	0	526.8413869558135	2442.710178607638	1	0	tensor(3, device='cuda:0')	1.7961089321899602
149200.0	2000.0	2242.710178607452	0.0	0	559.6068428781582	2442.710178607638	1	0	tensor(3, device='cuda:0')	1.7961089321899602
150200.0	2000.0	2242.710178607466	0.0	0	499.2818569614901	2442.710178607638	1	0	tensor(3, device='cuda:0')	1.7961089321899602
151200.0	2000.0	2242.7101786074822	0.0	0	536.289621233911	2442.710178607638	1	0	tensor(3, device='cuda:0')	1.7961089321899602
152200.0	2000.0	2242.7101786074804	0.0	0	593.7902460951009	2442.710178607638	1	0	tensor(3, device='cuda:0')	1.7961089321899602
153200.0	2000.0	2242.71017860748	0.0	0	654.0185362662887	2442.710178607638	1	0	tensor(3, device='cuda:0')	1.7961089321899602
154200.0	2000.0	2242.710178607449	0.0	0	501.6885876454471	2442.710178607638	1	0	tensor(3, device='cuda:0')	1.7961089321899602
155200.0	2000.0	2242.7101786074295	0.0	0	496.8678598191764	2442.710178607609	1	0	tensor(3, device='cuda:0')	1.7961089321899635
156200.0	2000.0	2242.7101786074286	0.0	0	239.82408942567417	2442.710178607609	1	0	tensor(3, device='cuda:0')	1.7961089321899635
157200.0	2000.0	2242.7101786073936	0.0	0	132.36532266027643	2442.71017860758	1	0	tensor(3, device='cuda:0')	1.7961089321899664
158200.0	2000.0	2242.710178607381	0.0	0	231.906922640017	2442.71017860758	1	0	tensor(3, device='cuda:0')	1.7961089321899664
159200.0	2000.0	2242.7101786073654	0.0	0	336.2341179905925	2442.710178607551	1	0	tensor(3, device='cuda:0')	1.7961089321899695
160200.0	2000.0	2242.7101786073563	0.0	0	136.12219148495933	2442.710178607551	1	0	tensor(3, device='cuda:0')	1.7961089321899695
161200.0	2000.0	2242.7101786073954	0.0	0	586.1925607675803	2442.710178607551	1	0	tensor(3, device='cuda:0')	1.7961089321899695
162200.0	2000.0	2242.710178607388	0.0	0	523.5219168557669	2442.710178607551	1	0	tensor(3, device='cuda:0')	1.7961089321899695
163200.0	2000.0	2242.7101786073763	0.0	0	563.8597929400566	2442.710178607522	1	0	tensor(3, device='cuda:0')	1.7961089321899728
164200.0	2000.0	2242.7101786073868	0.0	0	577.6136225839728	2442.710178607522	1	0	tensor(3, device='cuda:0')	1.7961089321899728
165200.0	2000.0	2242.7101786073977	0.0	0	665.4937893286697	2442.710178607522	1	0	tensor(3, device='cuda:0')	1.7961089321899728
166200.0	2000.0	2242.710178607392	0.0	0	548.668263184547	2442.7101786074927	1	0	tensor(3, device='cuda:0')	1.796108932189976
167200.0	2000.0	2242.710178607358	0.0	0	722.8587676340248	2442.7101786074927	1	0	tensor(3, device='cuda:0')	1.796108932189976
168200.0	2000.0	2242.7101786073545	0.0	0	654.6266705268645	2442.7101786074927	1	0	tensor(3, device='cuda:0')	1.796108932189976
169200.0	2000.0	2242.710178607365	0.0	0	415.84349695875426	2442.7101786074927	1	0	tensor(3, device='cuda:0')	1.796108932189976
170200.0	2000.0	2242.710178607339	0.0	0	533.5555617086648	2442.7101786074927	1	0	tensor(3, device='cuda:0')	1.796108932189976
171200.0	2000.0	2242.7101786073317	0.0	0	594.8481560523796	2442.7101786074927	1	0	tensor(3, device='cuda:0')	1.796108932189976
172200.0	2000.0	2242.710178607303	0.0	0	700.5988021962694	2442.7101786074927	1	0	tensor(3, device='cuda:0')	1.796108932189976
173200.0	2000.0	2242.7101786073113	0.0	0	550.9299391889363	2442.7101786074927	1	0	tensor(3, device='cuda:0')	1.796108932189976
174200.0	2000.0	2242.7101786073335	0.0	0	423.0184584665403	2442.7101786074927	1	0	tensor(3, device='cuda:0')	1.796108932189976
175200.0	2000.0	2242.7101786073113	0.0	0	529.2306719121407	2442.7101786074636	1	0	tensor(3, device='cuda:0')	1.796108932189979
176200.0	2000.0	2242.7101786073067	0.0	0	454.89239291421836	2442.7101786074345	1	0	tensor(3, device='cuda:0')	1.7961089321899824
177200.0	2000.0	2242.710178607314	0.0	0	655.5359468314273	2442.7101786074345	1	0	tensor(3, device='cuda:0')	1.7961089321899824
178200.0	2000.0	2242.710178607306	0.0	0	533.9693175389548	2442.7101786074345	1	0	tensor(3, device='cuda:0')	1.7961089321899824
179200.0	2000.0	2242.7101786073245	0.0	0	520.5406837100745	2442.7101786074636	1	0	tensor(3, device='cuda:0')	1.796108932189979
180200.0	2000.0	2242.710178607296	0.0	0	387.177166295849	2442.7101786074345	1	0	tensor(3, device='cuda:0')	1.7961089321899824
181200.0	2000.0	2242.7101786072885	0.0	0	431.2224202842626	2442.7101786074636	1	0	tensor(3, device='cuda:0')	1.796108932189979
182200.0	2000.0	2242.7101786072694	0.0	0	481.49262126215035	2442.7101786074636	1	0	tensor(3, device='cuda:0')	1.796108932189979
183200.0	2000.0	2242.7101786072703	0.0	0	267.4162190032075	2442.7101786074636	1	0	tensor(3, device='cuda:0')	1.796108932189979
184200.0	2000.0	2242.7101786072676	0.0	0	476.63453217677306	2442.7101786074636	1	0	tensor(3, device='cuda:0')	1.796108932189979
185200.0	2000.0	2242.710178607247	0.0	0	764.3742207112664	2442.7101786074636	1	0	tensor(3, device='cuda:0')	1.796108932189979
186200.0	2000.0	2242.7101786072762	0.0	0	647.0757700187678	2442.7101786074636	1	0	tensor(3, device='cuda:0')	1.796108932189979
187200.0	2000.0	2242.7101786072567	0.0	0	682.864583231305	2442.7101786074636	1	0	tensor(3, device='cuda:0')	1.796108932189979
188200.0	2000.0	2242.7101786072276	0.0	0	641.6423004692188	2442.7101786074636	1	0	tensor(3, device='cuda:0')	1.796108932189979
189200.0	2000.0	2242.710178607259	0.0	0	607.1701919564221	2442.7101786074927	1	0	tensor(3, device='cuda:0')	1.796108932189976
190200.0	2000.0	2242.710178607277	0.0	0	524.0814464355935	2442.7101786074927	1	0	tensor(3, device='cuda:0')	1.796108932189976
191200.0	2000.0	2242.7101786072712	0.0	0	635.1789872417285	2442.7101786074927	1	0	tensor(3, device='cuda:0')	1.796108932189976
192200.0	2000.0	2242.710178607268	0.0	0	481.2871323034924	2442.7101786074927	1	0	tensor(3, device='cuda:0')	1.796108932189976
193200.0	2000.0	2242.7101786072803	0.0	0	493.45735193628934	2442.7101786074927	1	0	tensor(3, device='cuda:0')	1.796108932189976
194200.0	2000.0	2242.710178607245	0.0	0	270.7507884655497	2442.7101786074927	1	0	tensor(3, device='cuda:0')	1.796108932189976
195228.02604026697	2000.0	2214.6841383402652	0.0	0	0.0	2442.7101786074636	1	0	tensor(3, device='cuda:0')	1.796108932189979
196200.0	2000.0	2242.7101786072312	0.0	0	308.6486593655718	2442.7101786074636	1	0	tensor(3, device='cuda:0')	1.796108932189979
197200.0	2000.0	2242.710178607241	0.0	0	423.49961220647674	2442.7101786074636	1	0	tensor(3, device='cuda:0')	1.796108932189979
198200.0	2000.0	2242.7101786072217	0.0	0	599.0949743089732	2442.7101786074636	1	0	tensor(3, device='cuda:0')	1.796108932189979
199200.0	2000.0	2242.7101786071926	0.0	0	542.0123908262467	2442.7101786074636	1	0	tensor(3, device='cuda:0')	1.796108932189979
200200.0	2000.0	2242.7101786071867	0.0	0	642.9334798291675	2442.7101786074636	1	0	tensor(3, device='cuda:0')	1.796108932189979
201200.0	2000.0	2242.7101786071867	0.0	0	556.8255739898013	2442.7101786074636	1	0	tensor(3, device='cuda:0')	1.796108932189979
202200.0	2000.0	2242.7101786072117	0.0	0	528.3405086627754	2442.7101786074636	1	0	tensor(3, device='cuda:0')	1.796108932189979
203200.0	2000.0	2242.7101786072076	0.0	0	301.7758585183474	2442.7101786074636	1	0	tensor(3, device='cuda:0')	1.796108932189979
204200.0	2000.0	2242.710178607232	0.0	0	385.82011572731426	2442.7101786074636	1	0	tensor(3, device='cuda:0')	1.796108932189979
205200.0	2000.0	2242.7101786072294	0.0	0	687.5308173508092	2442.7101786074636	1	0	tensor(3, device='cuda:0')	1.796108932189979
206200.0	2000.0	2242.7101786072385	0.0	0	635.4736192785494	2442.7101786074927	1	0	tensor(3, device='cuda:0')	1.796108932189976
207200.0	2000.0	2242.7101786072158	0.0	0	502.45484562404454	2442.7101786074927	1	0	tensor(3, device='cuda:0')	1.796108932189976
208200.0	2000.0	2242.7101786072103	0.0	0	499.72756853097235	2442.7101786074927	1	0	tensor(3, device='cuda:0')	1.796108932189976
209200.0	2000.0	2242.7101786071944	0.0	0	458.54629181465134	2442.7101786074927	1	0	tensor(3, device='cuda:0')	1.796108932189976
210200.0	2000.0	2242.7101786071717	0.0	0	542.9150659520528	2442.7101786074636	1	0	tensor(3, device='cuda:0')	1.796108932189979
211200.0	2000.0	2242.710178607193	0.0	0	429.9551778746536	2442.7101786074636	1	0	tensor(3, device='cuda:0')	1.796108932189979
212200.0	2000.0	2242.710178607203	0.0	0	381.8205721359409	2442.7101786074636	1	0	tensor(3, device='cuda:0')	1.796108932189979
213200.0	2000.0	2242.710178607217	0.0	0	501.9655394050933	2442.7101786074636	1	0	tensor(3, device='cuda:0')	1.796108932189979
214200.0	2000.0	2242.710178607239	0.0	0	545.9669908601791	2442.7101786074636	1	0	tensor(3, device='cuda:0')	1.796108932189979
215200.0	2000.0	2242.71017860724	0.0	0	652.8104924250802	2442.7101786074636	1	0	tensor(3, device='cuda:0')	1.796108932189979
216200.0	2000.0	2242.7101786072244	0.0	0	617.8079255094926	2442.7101786074636	1	0	tensor(3, device='cuda:0')	1.796108932189979
217200.0	2000.0	2242.7101786072153	0.0	0	202.11645053047687	2442.7101786074636	1	0	tensor(3, device='cuda:0')	1.796108932189979
218200.0	2000.0	2242.710178607215	0.0	0	366.4150101096311	2442.7101786074636	1	0	tensor(3, device='cuda:0')	1.796108932189979
219200.0	2000.0	2242.710178607183	0.0	0	221.6841626118403	2442.7101786074636	1	0	tensor(3, device='cuda:0')	1.796108932189979
220200.0	2000.0	2242.710178607195	0.0	0	422.2705009735073	2442.7101786074636	1	0	tensor(3, device='cuda:0')	1.796108932189979
221200.0	2000.0	2242.7101786072185	0.0	0	396.55673991472577	2442.7101786074927	1	0	tensor(3, device='cuda:0')	1.796108932189976
222200.0	2000.0	2242.7101786072435	0.0	0	425.10681586829014	2442.710178607522	1	0	tensor(3, device='cuda:0')	1.7961089321899728
223200.0	2000.0	2242.710178607238	0.0	0	570.9887507871899	2442.710178607522	1	0	tensor(3, device='cuda:0')	1.7961089321899728
224200.0	2000.0	2242.7101786072367	0.0	0	706.6151274290751	2442.710178607522	1	0	tensor(3, device='cuda:0')	1.7961089321899728
225200.0	2000.0	2242.7101786072235	0.0	0	601.5046589586418	2442.7101786074927	1	0	tensor(3, device='cuda:0')	1.796108932189976
226200.0	2000.0	2242.7101786072035	0.0	0	339.0393394702405	2442.7101786074927	1	0	tensor(3, device='cuda:0')	1.796108932189976
227200.0	2000.0	2242.7101786071935	0.0	0	316.3434432228096	2442.7101786074636	1	0	tensor(3, device='cuda:0')	1.796108932189979
228200.0	2000.0	2242.710178607186	0.0	0	610.0834961592918	2442.7101786074636	1	0	tensor(3, device='cuda:0')	1.796108932189979
229200.0	2000.0	2242.710178607183	0.0	0	577.2441972612578	2442.7101786074636	1	0	tensor(3, device='cuda:0')	1.796108932189979
230200.0	2000.0	2242.7101786072126	0.0	0	474.18137928808574	2442.7101786074636	1	0	tensor(3, device='cuda:0')	1.796108932189979
231200.0	2000.0	2242.7101786071826	0.0	0	287.3714157920331	2442.7101786074636	1	0	tensor(3, device='cuda:0')	1.796108932189979
232235.02201888998	2000.0	2207.6881597172055	0.0	0	0.0	2442.7101786074636	1	0	tensor(3, device='cuda:0')	1.796108932189979
233200.0	2000.0	2242.710178607201	0.0	0	137.31111651760875	2442.7101786074927	1	0	tensor(3, device='cuda:0')	1.796108932189976
234200.0	2000.0	2242.710178607183	0.0	0	382.4131933867757	2442.7101786074927	1	0	tensor(3, device='cuda:0')	1.796108932189976
235200.0	2000.0	2242.7101786072235	0.0	0	228.58476219826844	2442.7101786074927	1	0	tensor(3, device='cuda:0')	1.796108932189976
236200.0	2000.0	2242.710178607229	0.0	0	575.6921414229728	2442.7101786074927	1	0	tensor(3, device='cuda:0')	1.796108932189976
237200.0	2000.0	2242.7101786072108	0.0	0	468.4118865461787	2442.7101786074927	1	0	tensor(3, device='cuda:0')	1.796108932189976
238200.0	2000.0	2242.7101786071767	0.0	0	582.0775013089587	2442.7101786074927	1	0	tensor(3, device='cuda:0')	1.796108932189976
239200.0	2000.0	2242.7101786071935	0.0	0	734.7515763917763	2442.710178607522	1	0	tensor(3, device='cuda:0')	1.7961089321899728
240200.0	2000.0	2242.710178607192	0.0	0	735.1105564721802	2442.710178607522	1	0	tensor(3, device='cuda:0')	1.7961089321899728
241200.0	2000.0	2242.710178607168	0.0	0	390.29902987505193	2442.710178607522	1	0	tensor(3, device='cuda:0')	1.7961089321899728
242200.0	2000.0	2242.710178607155	0.0	0	255.10601480325568	2442.710178607522	1	0	tensor(3, device='cuda:0')	1.7961089321899728
243200.0	2000.0	2242.710178607173	0.0	0	186.31965798288002	2442.710178607522	1	0	tensor(3, device='cuda:0')	1.7961089321899728
244200.0	2000.0	2242.710178607148	0.0	0	174.7524754384358	2442.7101786074927	1	0	tensor(3, device='cuda:0')	1.796108932189976
245200.0	2000.0	2242.7101786071576	0.0	0	379.89235480490606	2442.710178607522	1	0	tensor(3, device='cuda:0')	1.7961089321899728
246200.0	2000.0	2242.7101786071566	0.0	0	574.3637121631182	2442.710178607522	1	0	tensor(3, device='cuda:0')	1.7961089321899728
247200.0	2000.0	2242.710178607124	0.0	0	659.1986878773605	2442.710178607522	1	0	tensor(3, device='cuda:0')	1.7961089321899728
248200.0	2000.0	2242.710178607135	0.0	0	547.3757530350413	2442.7101786074927	1	0	tensor(3, device='cuda:0')	1.796108932189976
249200.0	2000.0	2242.710178607159	0.0	0	585.9682697334501	2442.7101786074927	1	0	tensor(3, device='cuda:0')	1.796108932189976
250200.0	2000.0	2242.710178607149	0.0	0	680.8788050088915	2442.7101786074927	1	0	tensor(3, device='cuda:0')	1.796108932189976
251200.0	2000.0	2242.7101786071416	0.0	0	549.7290448459971	2442.7101786074636	1	0	tensor(3, device='cuda:0')	1.796108932189979
252200.0	2000.0	2242.710178607115	0.0	0	679.1264535325754	2442.7101786074636	1	0	tensor(3, device='cuda:0')	1.796108932189979
253200.0	2000.0	2242.710178607115	0.0	0	477.4578304470924	2442.7101786074636	1	0	tensor(3, device='cuda:0')	1.796108932189979
254200.0	2000.0	2242.710178607087	0.0	0	674.6867699820723	2442.7101786074345	1	0	tensor(3, device='cuda:0')	1.7961089321899824
255200.0	2000.0	2242.7101786070452	0.0	0	734.7691258397535	2442.7101786074345	1	0	tensor(3, device='cuda:0')	1.7961089321899824
256200.0	2000.0	2242.7101786070543	0.0	0	692.2494275435456	2442.7101786074054	1	0	tensor(3, device='cuda:0')	1.7961089321899855
257200.0	2000.0	2242.710178607054	0.0	0	625.0927451237512	2442.7101786074054	1	0	tensor(3, device='cuda:0')	1.7961089321899855
258200.0	2000.0	2242.7101786070225	0.0	0	682.0499722106615	2442.7101786074054	1	0	tensor(3, device='cuda:0')	1.7961089321899855
259200.0	2000.0	2242.710178607046	0.0	0	596.493185820611	2442.7101786074345	1	0	tensor(3, device='cuda:0')	1.7961089321899824
260200.0	2000.0	2242.7101786070616	0.0	0	724.2737671584764	2442.7101786074345	1	0	tensor(3, device='cuda:0')	1.7961089321899824
261200.0	2000.0	2242.710178607068	0.0	0	473.2585349653382	2442.7101786074345	1	0	tensor(3, device='cuda:0')	1.7961089321899824
262200.0	2000.0	2242.7101786070402	0.0	0	485.39708942652214	2442.7101786074345	1	0	tensor(3, device='cuda:0')	1.7961089321899824
263200.0	2000.0	2242.7101786070793	0.0	0	73.83022638002876	2442.7101786074636	1	0	tensor(3, device='cuda:0')	1.7961089321899817
264301.6331378847	2000.0	2141.0770407223768	0.0	0	0.0	2442.7101786074636	1	0	tensor(3, device='cuda:0')	1.796108932189979
265200.0	2000.0	2242.7101786070853	0.0	0	274.2387739373953	2442.7101786074927	1	0	tensor(3, device='cuda:0')	1.796108932189976
266200.0	2000.0	2242.710178607147	0.0	0	506.95688987197354	2442.7101786074927	1	0	tensor(3, device='cuda:0')	1.796108932189976
267200.0	2000.0	2242.7101786070925	0.0	0	433.37206539913313	2442.7101786074927	1	0	tensor(3, device='cuda:0')	1.796108932189976
268200.0	2000.0	2242.7101786070857	0.0	0	548.2425789391855	2442.7101786074927	1	0	tensor(3, device='cuda:0')	1.796108932189976
269200.0	2000.0	2242.710178607117	0.0	0	317.67610260803485	2442.7101786074927	1	0	tensor(3, device='cuda:0')	1.796108932189976
270200.0	2000.0	2242.7101786070593	0.0	0	289.1958241901593	2442.7101786074927	1	0	tensor(3, device='cuda:0')	1.796108932189976
271200.0	2000.0	2242.7101786070766	0.0	0	400.5704093101667	2442.7101786074927	1	0	tensor(3, device='cuda:0')	1.796108932189976
272200.0	2000.0	2242.7101786070534	0.0	0	508.032447621692	2442.7101786074927	1	0	tensor(3, device='cuda:0')	1.796108932189976
273200.0	2000.0	2242.7101786070943	0.0	0	173.3960149004124	2442.7101786074927	1	0	tensor(3, device='cuda:0')	1.796108932189976
274200.0	2000.0	2242.7101786070084	0.0	0	396.6049639543053	2442.7101786074927	1	0	tensor(3, device='cuda:0')	1.796108932189976
275200.0	2000.0	2242.7101786069884	0.0	0	359.8231952743372	2442.7101786074927	1	0	tensor(3, device='cuda:0')	1.796108932189976
276200.0	2000.0	2242.710178607037	0.0	0	416.8253501932486	2442.7101786074927	1	0	tensor(3, device='cuda:0')	1.796108932189976
277200.0	2000.0	2242.7101786070216	0.0	0	485.8644993469352	2442.7101786074927	1	0	tensor(3, device='cuda:0')	1.796108932189976
278200.0	2000.0	2242.710178607004	0.0	0	340.856316138932	2442.7101786074927	1	0	tensor(3, device='cuda:0')	1.796108932189976
279200.0	2000.0	2242.7101786069657	0.0	0	462.52465408830903	2442.7101786074345	1	0	tensor(3, device='cuda:0')	1.7961089321899824
280200.0	2000.0	2242.710178606965	0.0	0	100.62567052198574	2442.7101786074927	1	0	tensor(3, device='cuda:0')	1.796108932189976
281200.0	2000.0	2242.7101786069534	0.0	0	325.6936170400586	2442.7101786074927	1	0	tensor(3, device='cuda:0')	1.796108932189976
282200.0	2000.0	2242.7101786069784	0.0	0	325.7084476730088	2442.7101786074927	1	0	tensor(3, device='cuda:0')	1.796108932189976
283200.0	2000.0	2242.710178606985	0.0	0	320.87505430710735	2442.7101786074927	1	0	tensor(3, device='cuda:0')	1.796108932189976
284200.0	2000.0	2242.710178606947	0.0	0	544.282346434542	2442.7101786074345	1	0	tensor(3, device='cuda:0')	1.7961089321899824
285200.0	2000.0	2242.7101786069616	0.0	0	581.9306451434968	2442.7101786074345	1	0	tensor(3, device='cuda:0')	1.7961089321899824
286200.0	2000.0	2242.7101786070007	0.0	0	431.42170410830295	2442.7101786074345	1	0	tensor(3, device='cuda:0')	1.7961089321899824
287200.0	2000.0	2242.710178607017	0.0	0	59.52631133876275	2442.7101786074345	1	0	tensor(3, device='cuda:0')	1.7961089321899824
288200.0	2000.0	2242.7101786070393	0.0	0	192.64678072469542	2442.7101786074345	1	0	tensor(3, device='cuda:0')	1.7961089321899824
289200.0	2000.0	2242.710178607009	0.0	0	258.00902636745013	2442.7101786074345	1	0	tensor(3, device='cuda:0')	1.7961089321899824
290200.0	2000.0	2242.7101786070134	0.0	0	243.2111417525448	2442.7101786074927	1	0	tensor(3, device='cuda:0')	1.796108932189976
291200.0	2000.0	2242.710178607008	0.0	0	459.7164842542843	2442.7101786074927	1	0	tensor(3, device='cuda:0')	1.796108932189976
292200.0	2000.0	2242.7101786070393	0.0	0	432.57676458283095	2442.710178607551	1	0	tensor(3, device='cuda:0')	1.7961089321899695
293200.0	2000.0	2242.7101786070475	0.0	0	636.141591878084	2442.710178607551	1	0	tensor(3, device='cuda:0')	1.7961089321899695
294200.0	2000.0	2242.710178607058	0.0	0	630.5950060394825	2442.710178607551	1	0	tensor(3, device='cuda:0')	1.7961089321899695
295200.0	2000.0	2242.710178607057	0.0	0	550.5112204170437	2442.7101786074927	1	0	tensor(3, device='cuda:0')	1.796108932189976
296200.0	2000.0	2242.7101786070752	0.0	0	542.8367695260094	2442.7101786074345	1	0	tensor(3, device='cuda:0')	1.7961089321899824
297200.0	2000.0	2242.710178607091	0.0	0	640.7994968207204	2442.7101786074345	1	0	tensor(3, device='cuda:0')	1.7961089321899824
298200.0	2000.0	2242.710178607086	0.0	0	673.5532782950322	2442.7101786074345	1	0	tensor(3, device='cuda:0')	1.7961089321899824
299200.0	2000.0	2242.710178607116	0.0	0	543.1010135079268	2442.7101786074927	1	0	tensor(3, device='cuda:0')	1.796108932189976
300200.0	2000.0	2242.7101786071958	0.0	0	409.8400859188987	2442.7101786074927	1	0	tensor(3, device='cuda:0')	1.796108932189976
4.05	4.99	6.31	6.39	5.77	3.49	2.44	3.61	2.77	2.24	2.33	4.18	4.9	5.82	5.7	5.87	6.36	6.0	5.44	4.9	3.15	4.43	5.04	6.75	8.42	8.21	7.29	6.02	4.85	6.1	2.55	4.55	6.96	9.38	7.37	4.66	4.41	3.09	2.71	2.56	3.67	4.67	4.98	5.37	4.73	6.8	5.44	3.83	5.05	7.37	6.87	3.89	3.44	4.12	3.54	2.65	2.88	5.22	7.29	3.72	2.63	2.39	4.4	2.53	3.12	3.13	3.44	5.27	4.44	4.85	4.89	2.58	1.75	2.93	3.08	3.17	4.01	3.61	3.58	3.24	4.81	3.85	2.95	3.38	3.83	4.52	4.54	4.0	3.81	3.04	1.74	3.34	4.25	5.13	3.75	3.7	4.34	3.35	4.88	4.8	4.4	5.4	6.8	3.74	3.38	2.57	2.98	3.56	4.7	4.17	4.65	5.51	3.42	3.48	2.09	3.72	5.71	4.91	5.17	4.65	3.75	4.07	3.32	3.54	4.78	5.76	3.94	3.29	2.21	3.29	4.88	4.51	4.44	3.27	3.32	4.88	6.6	5.15	5.03	3.8	2.56	4.19	2.13	2.86	4.02	4.62	6.28	5.19	4.73	3.94	5.07	5.79	3.48	2.69	2.28	2.87	4.05	2.81	4.56	5.35	6.0	5.33	5.37	5.44	6.29	5.69	3.88	3.92	4.26	6.49	4.46	3.86	4.38	5.2	5.61	6.32	4.46	3.01	3.59	4.58	2.69	4.92	7.21	8.04	6.32	7.78	5.28	5.41	5.09	4.8	4.09	3.54	1.98	2.2	3.49	4.98	6.01	5.14	6.3	3.38	3.31	4.09	5.07	7.33	3.74	3.07	4.36	4.74	4.63	3.54	3.1	4.09	4.85	5.34	2.33	3.05	2.28	2.93	3.57	4.46	5.6	6.58	5.82	3.85	3.37	5.55	6.77	6.21	2.48	2.58	2.53	2.56	2.78	3.95	3.61	5.91	6.24	7.23	4.67	2.98	3.01	2.79	4.16	5.35	7.02	5.17	7.21	5.34	6.05	6.21	4.82	5.92	6.73	6.96	5.98	7.29	7.02	7.16	5.55	5.47	2.84	1.45	2.78	4.01	3.79	4.45	3.31	4.01	3.58	3.94	2.7	2.78	3.31	4.99	3.81	2.58	3.28	2.81	3.43	2.43	3.26	4.14	5.8	3.16	2.44	3.01	2.69	3.05	3.04	4.53	6.89	5.77	6.21	6.0	5.4	5.27	5.64	4.43	5.77	4.23	4.92
1027.0	1028.0	1029.0	1030.0	1031.0	1032.0	1033.0	1034.0	1035.0	1036.0	1037.0	1038.0	1039.0	1040.0	1041.0	1042.0	1043.0	1044.0	1045.0	1046.0	1047.0	1048.0	1049.0	1050.0	1051.0	1052.0	1053.0	1054.0	1055.0	1056.0	1057.0	1058.0	1059.0	1060.0	1061.0	1062.0	1063.0	1064.0	1065.0	1066.0	1067.0	1068.0	1069.0	1070.0	1071.0	1072.0	1073.0	1074.0	1075.0	1076.0	1077.0	1078.0	1079.0	1080.0	1081.0	1082.0	1083.0	1084.0	1085.0	1086.0	1087.0	1088.0	1089.0	1090.0	1091.0	1092.0	1093.0	1094.0	1095.0	1096.0	1097.0	1098.0	1099.0	1100.0	1101.0	1102.0	1103.0	1104.0	1105.0	1106.0	1107.0	1108.0	1109.0	1110.0	1111.0	1112.0	1113.0	1114.0	1115.0	1116.0	1117.0	1118.0	1119.0	1120.0	1121.0	1122.0	1123.0	1124.0	1125.0	1126.0	1127.0	1128.0	1129.0	1130.0	1131.0	1132.0	1133.0	1134.0	1135.0	1136.0	1137.0	1138.0	1139.0	1140.0	1141.0	1142.0	1143.0	1144.0	1145.0	1146.0	1147.0	1148.0	1149.0	1150.0	1151.0	1152.0	1153.0	1154.0	1155.0	1156.0	1157.0	1158.0	1159.0	1160.0	1161.0	1162.0	1163.0	1164.0	1165.0	1166.0	1167.0	1168.0	1169.0	1170.0	1171.0	1172.0	1173.0	1174.0	1175.0	1176.0	1177.0	1178.0	1179.0	1180.0	1181.0	1182.0	1183.0	1184.0	1185.0	1186.0	1187.0	1188.0	1189.0	1190.0	1191.0	1192.0	1193.0	1194.0	1195.0	1196.0	1197.0	1198.0	1199.0	1200.0	1201.0	1202.0	1203.0	1204.0	1205.0	1206.0	1207.0	1208.0	1209.0	1210.0	1211.0	1212.0	1213.0	1214.0	1215.0	1216.0	1217.0	1218.0	1219.0	1220.0	1221.0	1222.0	1223.0	1224.0	1225.0	1226.0	1227.0	1228.0	1229.0	1230.0	1231.0	1232.0	1233.0	1234.0	1235.0	1236.0	1237.0	1238.0	1239.0	1240.0	1241.0	1242.0	1243.0	1244.0	1245.0	1246.0	1247.0	1248.0	1249.0	1250.0	1251.0	1252.0	1253.0	1254.0	1255.0	1256.0	1257.0	1258.0	1259.0	1260.0	1261.0	1262.0	1263.0	1264.0	1265.0	1266.0	1267.0	1268.0	1269.0	1270.0	1271.0	1272.0	1273.0	1274.0	1275.0	1276.0	1277.0	1278.0	1279.0	1280.0	1281.0	1282.0	1283.0	1284.0	1285.0	1286.0	1287.0	1288.0	1289.0	1290.0	1291.0	1292.0	1293.0	1294.0	1295.0	1296.0	1297.0	1298.0	1299.0	1300.0	1301.0	1302.0	1303.0	1304.0	1305.0	1306.0	1307.0	1308.0	1309.0	1310.0	1311.0	1312.0	1313.0	1314.0	1315.0	1316.0	1317.0	1318.0	1319.0	1320.0	1321.0	1322.0	1323.0	1324.0	1325.0	1326.0	1327.0
1868.0
