2243.8033400663717	2000.0	2000.0	902.860616034609	0	0.0	2243.8033400663717	1	0	tensor(3, device='cuda:0')	-5.4799935948316865
3565.525832539357	2000.0	1678.2775075270151	0.0	0	0.0	2243.8033400663717	1	0	tensor(3, device='cuda:0')	1.8156558015740556
4254.658892939281	2000.0	1989.1444471270906	0.0	0	0.0	2243.803340066371	1	0	tensor(3, device='cuda:0')	1.8156558015740556
5200.0	2000.0	2043.8033400663712	0.0	0	250.17063226658956	2243.80334006637	1	0	tensor(3, device='cuda:0')	1.815655801574056
6504.631501346718	2000.0	1739.1718387196538	0.0	0	0.0	2243.80334006637	1	0	tensor(3, device='cuda:0')	1.815655801574056
7483.652793722574	2000.0	1760.1505463437975	0.0	0	0.0	2243.803340066369	1	0	tensor(3, device='cuda:0')	1.815655801574056
8200.0	2000.0	2043.8033400663708	0.0	0	272.0512125496407	2243.803340066368	1	0	tensor(3, device='cuda:0')	1.8156558015740563
9200.0	2000.0	2043.8033400663703	0.0	0	89.72713448566174	2243.803340066368	1	0	tensor(3, device='cuda:0')	1.8156558015740563
10200.0	2000.0	2043.803340066368	0.0	0	349.52431836685537	2243.803340066367	1	0	tensor(3, device='cuda:0')	1.8156558015740563
11548.58708528886	2000.0	1695.2162547775067	0.0	0	0.0	2243.803340066368	1	0	tensor(3, device='cuda:0')	1.8156558015740563
12431.79562382946	1000.0	1812.0077162369082	0.0	0	0.0	2243.803340066366	1	0	tensor(3, device='cuda:0')	0.4293614404541659
13461.018889418949	2000.0	1782.784450647419	0.0	0	0.0	2243.803340066366	1	0	tensor(3, device='cuda:0')	1.122508621014111
14538.497086013278	2000.0	1705.306254053091	0.0	0	0.0	2243.803340066366	1	0	tensor(3, device='cuda:0')	1.8156558015740563
15421.281573911432	2000.0	1822.5217661549373	0.0	0	0.0	2243.803340066366	1	0	tensor(3, device='cuda:0')	1.8156558015740563
16200.0	1000.0	2043.8033400663699	0.0	0	112.0573109390989	2243.8033400663644	1	0	tensor(3, device='cuda:0')	0.4293614404541661
17200.0	1000.0	2043.8033400663717	0.0	0	201.2411661330625	2243.803340066366	1	0	tensor(3, device='cuda:0')	1.122508621014111
18200.0	1000.0	2043.8033400663744	0.0	0	192.69322486370947	2243.80334006637	1	0	tensor(3, device='cuda:0')	1.1225086210141109
19200.0	1000.0	2043.8033400663735	0.0	0	604.7529991788724	2243.80334006637	1	0	tensor(3, device='cuda:0')	1.1225086210141109
20366.12588278671	2000.0	1877.677457279664	0.0	0	0.0	2243.8033400663735	1	0	tensor(3, device='cuda:0')	1.1225086210141104
21789.395423374357	2000.0	1454.4079166920146	0.0	0	0.0	2243.8033400663735	1	0	tensor(3, device='cuda:0')	1.8156558015740556
22611.352691929773	1000.0	1632.4506481366025	0.0	0	0.0	2243.803340066377	1	0	tensor(3, device='cuda:0')	0.42936144045416497
24772.07811391442	2000.0	471.7252261519572	0.0	0	0.0	2243.8033400663735	1	0	tensor(3, device='cuda:0')	1.1225086210141104
25475.44865860284	1000.0	768.3546814635388	0.0	0	0.0	2243.8033400663735	1	0	tensor(3, device='cuda:0')	0.42936144045416536
25947.02705273463	1000.0	1296.776287331747	0.0	0	0.0	2243.8033400663735	1	0	tensor(3, device='cuda:0')	1.1225086210141106
28293.83860207146	2000.0	200.0	250.03526200508358	0	0.0	2493.8386020714606	1	0	tensor(3, device='cuda:0')	-0.3834254409312864
29801.385732687904	1000.0	473.2688743693051	780.8160049857509	0	0.0	3274.6546070572113	1	0	tensor(3, device='cuda:0')	-4.4101568939819735
30831.66880952012	1000.0	442.9857975370869	0.0	0	0.0	3274.6546070572113	1	0	tensor(3, device='cuda:0')	0.9678863164924754
31217.195583973757	500.0	1057.4590230834526	0.0	0	0.0	3274.6546070572113	1	0	tensor(3, device='cuda:0')	-0.4184080446274153
31640.737450702767	1000.0	1633.9171563544426	0.0	0	0.0	3274.6546070572113	1	0	tensor(3, device='cuda:0')	0.2747391359325299
32082.971625848262	1000.0	2191.682981208949	0.0	0	0.0	3274.654607057215	1	0	tensor(3, device='cuda:0')	0.9678863164924746
33913.619291633135	2000.0	1361.0353154240781	0.0	0	0.0	3274.6546070572185	1	0	tensor(3, device='cuda:0')	0.9678863164924733
34448.47579508194	1000.0	1826.1788119752725	0.0	0	0.0	3274.654607057222	1	0	tensor(3, device='cuda:0')	0.27473913593252874
34911.00764630076	1000.0	2363.6469607564577	0.0	0	0.0	3274.654607057226	1	0	tensor(3, device='cuda:0')	0.9678863164924718
35755.68548588301	2000.0	2518.96912117421	0.0	0	0.0	3274.6546070572294	1	0	tensor(3, device='cuda:0')	0.9678863164924711
36601.4135345218	2000.0	2673.241072535421	0.0	0	0.0	3274.6546070572294	1	0	tensor(3, device='cuda:0')	1.6610334970524163
37500.74336791383	2000.0	2773.911239143398	0.0	0	0.0	3274.6546070572294	1	0	tensor(3, device='cuda:0')	1.6610334970524163
38299.13946892498	2000.0	2975.5151381322516	0.0	0	0.0	3274.6546070572294	1	0	tensor(3, device='cuda:0')	1.6610334970524163
39204.66383146166	2000.0	3069.990775595572	0.0	0	0.0	3274.6546070572294	1	0	tensor(3, device='cuda:0')	1.6610334970524163
40945.23646156491	2000.0	2329.4181454923164	0.0	0	0.0	3274.654607057222	1	0	tensor(3, device='cuda:0')	1.6610334970524179
41780.75246157659	2000.0	2493.9021454806316	0.0	0	0.0	3274.654607057215	1	0	tensor(3, device='cuda:0')	1.6610334970524196
42924.00440286597	2000.0	2350.6502041912527	0.0	0	0.0	3274.654607057215	1	0	tensor(3, device='cuda:0')	1.6610334970524196
43820.83903878897	2000.0	2453.8155682682595	0.0	0	0.0	3274.654607057222	1	0	tensor(3, device='cuda:0')	1.6610334970524179
44984.26792042619	2000.0	2290.386686631046	0.0	0	0.0	3274.654607057222	1	0	tensor(3, device='cuda:0')	1.6610334970524179
45913.80046926628	2000.0	2360.8541377909596	0.0	0	0.0	3274.654607057222	1	0	tensor(3, device='cuda:0')	1.6610334970524179
46755.66265376914	2000.0	2518.9919532880936	0.0	0	0.0	3274.654607057222	1	0	tensor(3, device='cuda:0')	1.6610334970524179
47543.02843431133	2000.0	2731.626172745897	0.0	0	0.0	3274.654607057222	1	0	tensor(3, device='cuda:0')	1.6610334970524179
48379.28526260149	2000.0	2895.3693444557503	0.0	0	0.0	3274.654607057222	1	0	tensor(3, device='cuda:0')	1.6610334970524179
49200.0	2000.0	3074.654607057241	0.0	0	144.70146050280164	3274.654607057222	1	0	tensor(3, device='cuda:0')	1.6610334970524179
50200.0	2000.0	3074.6546070572404	0.0	0	279.77496529319615	3274.6546070572294	1	0	tensor(3, device='cuda:0')	1.6610334970524163
51200.0	2000.0	3074.6546070572426	0.0	0	202.89533945833682	3274.6546070572294	1	0	tensor(3, device='cuda:0')	1.6610334970524163
52200.0	2000.0	3074.654607057234	0.0	0	486.77850087366096	3274.6546070572294	1	0	tensor(3, device='cuda:0')	1.6610334970524163
53200.0	2000.0	3074.6546070572276	0.0	0	267.9978193555871	3274.6546070572294	1	0	tensor(3, device='cuda:0')	1.6610334970524163
54200.0	2000.0	3074.654607057228	0.0	0	372.8274741072164	3274.6546070572294	1	0	tensor(3, device='cuda:0')	1.6610334970524163
55315.9689815122	2000.0	2958.68562554504	0.0	0	0.0	3274.6546070572294	1	0	tensor(3, device='cuda:0')	1.6610334970524163
56211.878804385175	2000.0	3062.7758026720676	0.0	0	0.0	3274.6546070572294	1	0	tensor(3, device='cuda:0')	1.6610334970524163
57200.0	2000.0	3074.6546070572413	0.0	0	79.98587126973143	3274.6546070572294	1	0	tensor(3, device='cuda:0')	1.6610334970524163
58200.0	2000.0	3074.6546070572413	0.0	0	384.9553515274165	3274.6546070572294	1	0	tensor(3, device='cuda:0')	1.6610334970524163
59200.0	2000.0	3074.6546070572435	0.0	0	132.88550757218763	3274.654607057222	1	0	tensor(3, device='cuda:0')	1.6610334970524179
60427.274390369304	2000.0	2847.380216687938	0.0	0	0.0	3274.654607057222	1	0	tensor(3, device='cuda:0')	1.6610334970524179
61308.29719799668	2000.0	2966.3574090605543	0.0	0	0.0	3274.654607057222	1	0	tensor(3, device='cuda:0')	1.6610334970524179
62512.01299091653	2000.0	2762.6416161407005	0.0	0	0.0	3274.6546070572294	1	0	tensor(3, device='cuda:0')	1.6610334970524163
63654.82102974036	2000.0	2619.833577316883	0.0	0	0.0	3274.654607057222	1	0	tensor(3, device='cuda:0')	1.6610334970524179
64891.54526635874	2000.0	2383.109340698491	0.0	0	0.0	3274.654607057222	1	0	tensor(3, device='cuda:0')	1.6610334970524179
65807.86110646078	2000.0	2466.7935005964414	0.0	0	0.0	3274.654607057215	1	0	tensor(3, device='cuda:0')	1.6610334970524183
66951.73362838665	2000.0	2322.920978670572	0.0	0	0.0	3274.6546070572076	1	0	tensor(3, device='cuda:0')	1.6610334970524208
68432.74043828591	2000.0	1841.9141687713184	0.0	0	0.0	3274.654607057222	1	0	tensor(3, device='cuda:0')	1.6610334970524192
69063.46582132281	1000.0	2211.1887857344204	0.0	0	0.0	3274.654607057222	1	0	tensor(3, device='cuda:0')	0.27473913593252763
70021.13664012274	1000.0	2253.517966934479	0.0	0	0.0	3274.654607057222	1	0	tensor(3, device='cuda:0')	0.9678863164924728
70782.32586373601	1000.0	2492.328743321206	0.0	0	0.0	3274.654607057222	1	0	tensor(3, device='cuda:0')	0.9678863164924728
71495.09107767123	1000.0	2779.5635293859955	0.0	0	0.0	3274.654607057222	1	0	tensor(3, device='cuda:0')	0.9678863164924728
72418.14364783584	2000.0	2856.5109592213935	0.0	0	0.0	3274.654607057222	1	0	tensor(3, device='cuda:0')	0.9678863164924727
73200.0	1000.0	3074.6546070572413	0.0	0	44.85730165190762	3274.654607057222	1	0	tensor(3, device='cuda:0')	0.27473913593252763
74556.15649755922	2000.0	2718.498109498037	0.0	0	0.0	3274.6546070572076	1	0	tensor(3, device='cuda:0')	0.967886316492476
75230.74804424074	2000.0	3043.9065628165145	0.0	0	0.0	3274.6546070572076	1	0	tensor(3, device='cuda:0')	1.6610334970524212
76210.71422671733	2000.0	3063.940380339911	0.0	0	0.0	3274.6546070572076	1	0	tensor(3, device='cuda:0')	1.6610334970524212
77329.25719136882	2000.0	2945.3974156884315	0.0	0	0.0	3274.6546070572076	1	0	tensor(3, device='cuda:0')	1.6610334970524212
78630.55908188723	2000.0	2644.095525170028	0.0	0	0.0	3274.6546070572076	1	0	tensor(3, device='cuda:0')	1.6610334970524212
79652.73645863139	2000.0	2621.918148425871	0.0	0	0.0	3274.654607057222	1	0	tensor(3, device='cuda:0')	1.6610334970524179
80430.02972178478	2000.0	2844.624885272478	0.0	0	0.0	3274.654607057222	1	0	tensor(3, device='cuda:0')	1.6610334970524179
81213.89148109873	2000.0	3060.7631259585405	0.0	0	0.0	3274.654607057222	1	0	tensor(3, device='cuda:0')	1.6610334970524179
82275.2233451563	2000.0	2999.431261900985	0.0	0	0.0	3274.6546070572367	1	0	tensor(3, device='cuda:0')	1.6610334970524145
83200.0	2000.0	3074.654607057277	0.0	0	182.27472978144942	3274.654607057222	1	0	tensor(3, device='cuda:0')	1.6610334970524179
84200.0	2000.0	3074.6546070572845	0.0	0	76.9059693114832	3274.654607057222	1	0	tensor(3, device='cuda:0')	1.6610334970524179
85200.0	2000.0	3074.6546070572767	0.0	0	284.68251138873165	3274.654607057222	1	0	tensor(3, device='cuda:0')	1.6610334970524179
86200.0	2000.0	3074.6546070572713	0.0	0	23.53030369283806	3274.654607057222	1	0	tensor(3, device='cuda:0')	1.6610334970524179
87303.81357720723	2000.0	2970.8410298500476	0.0	0	0.0	3274.654607057222	1	0	tensor(3, device='cuda:0')	1.6610334970524179
88272.37624477736	2000.0	3002.2783622799197	0.0	0	0.0	3274.6546070572367	1	0	tensor(3, device='cuda:0')	1.6610334970524145
89200.0	2000.0	3074.654607057298	0.0	0	456.02835672201763	3274.6546070572367	1	0	tensor(3, device='cuda:0')	1.6610334970524145
90200.0	2000.0	3074.654607057299	0.0	0	161.42896875400038	3274.6546070572513	1	0	tensor(3, device='cuda:0')	1.6610334970524112
91200.0	2000.0	3074.654607057296	0.0	0	425.83110079425387	3274.654607057266	1	0	tensor(3, device='cuda:0')	1.6610334970524079
92215.11999137432	2000.0	3059.5346156829723	0.0	0	0.0	3274.654607057266	1	0	tensor(3, device='cuda:0')	1.6610334970524079
93373.13716604626	2000.0	2901.5174410110294	0.0	0	0.0	3274.654607057266	1	0	tensor(3, device='cuda:0')	1.6610334970524079
94200.0	2000.0	3074.6546070572836	0.0	0	137.02396311721532	3274.654607057266	1	0	tensor(3, device='cuda:0')	1.6610334970524079
95200.0	2000.0	3074.654607057285	0.0	0	76.3073656277993	3274.654607057266	1	0	tensor(3, device='cuda:0')	1.6610334970524079
96491.47452730282	2000.0	2783.1800797544497	0.0	0	0.0	3274.654607057266	1	0	tensor(3, device='cuda:0')	1.6610334970524079
97482.95224451055	2000.0	2791.702362546735	0.0	0	0.0	3274.6546070572804	1	0	tensor(3, device='cuda:0')	1.6610334970524043
98244.27512043608	2000.0	3030.379486621203	0.0	0	0.0	3274.6546070572804	1	0	tensor(3, device='cuda:0')	1.6610334970524043
99208.03834752353	2000.0	3066.6162595337537	0.0	0	0.0	3274.6546070572804	1	0	tensor(3, device='cuda:0')	1.6610334970524043
101107.17787347607	2000.0	2167.476733581214	0.0	0	0.0	3274.6546070572804	1	0	tensor(3, device='cuda:0')	1.6610334970524043
101867.75198543309	2000.0	2406.9026216241855	0.0	0	0.0	3274.6546070572804	1	0	tensor(3, device='cuda:0')	1.6610334970524043
102920.29046388353	2000.0	2354.3641431737337	0.0	0	0.0	3274.6546070572804	1	0	tensor(3, device='cuda:0')	1.6610334970524043
103600.42803030147	2000.0	2674.226576755793	0.0	0	0.0	3274.6546070572804	1	0	tensor(3, device='cuda:0')	1.6610334970524043
104513.35750676016	2000.0	2761.2971002970926	0.0	0	0.0	3274.654607057266	1	0	tensor(3, device='cuda:0')	1.6610334970524079
105342.83148405029	2000.0	2931.823123006977	0.0	0	0.0	3274.654607057266	1	0	tensor(3, device='cuda:0')	1.6610334970524079
106808.40500277739	2000.0	2466.2496042798894	0.0	0	0.0	3274.654607057266	1	0	tensor(3, device='cuda:0')	1.6610334970524079
108162.63514788788	2000.0	2112.019459169416	0.0	0	0.0	3274.6546070572804	1	0	tensor(3, device='cuda:0')	1.6610334970524043
110048.20078941007	2000.0	1226.4538176472252	0.0	0	0.0	3274.6546070572804	1	0	tensor(3, device='cuda:0')	1.6610334970524043
110478.02617363763	1000.0	1796.628433419669	0.0	0	0.0	3274.6546070572804	1	0	tensor(3, device='cuda:0')	0.2747391359325142
111177.4623476503	2000.0	2097.1922594069943	0.0	0	0.0	3274.6546070572804	1	0	tensor(3, device='cuda:0')	0.9678863164924592
112370.93917827639	2000.0	1903.7154287809021	0.0	0	0.0	3274.654607057266	1	0	tensor(3, device='cuda:0')	1.6610334970524079
113458.89163111808	2000.0	1815.7629759392053	0.0	0	0.0	3274.654607057266	1	0	tensor(3, device='cuda:0')	1.6610334970524079
114259.85214699565	2000.0	2014.802460061631	0.0	0	0.0	3274.654607057266	1	0	tensor(3, device='cuda:0')	1.6610334970524079
115340.96646948723	2000.0	1933.688137570049	0.0	0	0.0	3274.654607057266	1	0	tensor(3, device='cuda:0')	1.6610334970524079
116539.0678560425	1000.0	1436.0614043759504	0.0	0	0.0	2975.129260418442	1	0	tensor(5, device='cuda:0')	-0.7727572194726628
117304.83205190214	2000.0	1670.2972085163062	0.0	0	0.0	2975.129260418442	1	0	tensor(3, device='cuda:0')	0.5286038612741257
117805.21460922642	2000.0	2169.9146511920217	0.0	0	0.0	2975.129260418442	1	0	tensor(3, device='cuda:0')	1.721751041834071
118430.25490203722	2000.0	2544.874358381221	0.0	0	0.0	2975.1292604184564	1	0	tensor(3, device='cuda:0')	1.7217510418340685
119200.0	2000.0	2775.1292604184446	0.0	0	1.33169313261169	2975.1292604184564	1	0	tensor(3, device='cuda:0')	1.7217510418340685
120200.0	2000.0	2775.1292604184473	0.0	0	191.7302873513836	2975.1292604184564	1	0	tensor(3, device='cuda:0')	1.7217510418340685
121247.41629491604	2000.0	2727.712965502409	0.0	0	0.0	2975.129260418471	1	0	tensor(3, device='cuda:0')	1.7217510418340658
122200.0	2000.0	2775.129260418438	0.0	0	259.575463934234	2975.129260418471	1	0	tensor(3, device='cuda:0')	1.7217510418340658
123552.61261175292	2000.0	2422.5166486655294	0.0	0	0.0	2975.129260418471	1	0	tensor(3, device='cuda:0')	1.7217510418340658
124376.3111846317	2000.0	2598.8180757867435	0.0	0	0.0	2975.129260418471	1	0	tensor(3, device='cuda:0')	1.7217510418340658
125712.8298960512	2000.0	2262.2993643672507	0.0	0	0.0	2975.1292604184855	1	0	tensor(3, device='cuda:0')	1.7217510418340634
127205.37697888604	2000.0	1769.7522815324178	0.0	0	0.0	2975.1292604184855	1	0	tensor(3, device='cuda:0')	1.7217510418340634
127855.59367343037	1000.0	2119.535586988067	0.0	0	0.0	2975.129260418471	1	0	tensor(3, device='cuda:0')	0.3354566807141756
128749.93878086396	2000.0	2225.1904795544797	0.0	0	0.0	2975.129260418471	1	0	tensor(3, device='cuda:0')	1.0286038612741208
130248.09306419948	2000.0	1727.036196218975	0.0	0	0.0	2975.129260418471	1	0	tensor(3, device='cuda:0')	1.7217510418340658
130701.99753322994	1000.0	2273.131727188526	0.0	0	0.0	2975.129260418471	1	0	tensor(3, device='cuda:0')	0.3354566807141756
131852.5724760478	2000.0	2122.556784370662	0.0	0	0.0	2975.129260418442	1	0	tensor(3, device='cuda:0')	1.0286038612741253
132496.29922846827	2000.0	2478.83003195019	0.0	0	0.0	2975.1292604184564	1	0	tensor(3, device='cuda:0')	1.721751041834069
133200.0	2000.0	2775.129260418454	0.0	0	80.52016817615367	2975.1292604184273	1	0	tensor(3, device='cuda:0')	1.7217510418340733
134200.0	2000.0	2775.1292604184223	0.0	0	87.59995940432418	2975.1292604184127	1	0	tensor(3, device='cuda:0')	1.7217510418340738
135200.0	2000.0	2775.12926041843	0.0	0	175.1225936714036	2975.1292604183836	1	0	tensor(3, device='cuda:0')	1.7217510418340813
136466.1051240042	2000.0	2509.0241364142266	0.0	0	0.0	2975.1292604183545	1	0	tensor(3, device='cuda:0')	1.7217510418340864
137841.4118215927	2000.0	2133.71743882574	0.0	0	0.0	2975.1292604183545	1	0	tensor(3, device='cuda:0')	1.7217510418340864
138766.2482599389	2000.0	2208.8810004795305	0.0	0	0.0	2975.1292604183545	1	0	tensor(3, device='cuda:0')	1.7217510418340864
139530.77695723218	2000.0	2444.352303186225	0.0	0	0.0	2975.1292604183545	1	0	tensor(3, device='cuda:0')	1.7217510418340864
140802.1761025265	2000.0	2172.9531578919105	0.0	0	0.0	2975.1292604183545	1	0	tensor(3, device='cuda:0')	1.7217510418340864
141909.71668368907	2000.0	2065.412576729338	0.0	0	0.0	2975.1292604183836	1	0	tensor(3, device='cuda:0')	1.7217510418340813
142898.4335989826	2000.0	2076.695661435798	0.0	0	0.0	2975.1292604184127	1	0	tensor(3, device='cuda:0')	1.7217510418340762
143782.4947228942	2000.0	2192.6345375242427	0.0	0	0.0	2975.1292604184127	1	0	tensor(3, device='cuda:0')	1.7217510418340762
144432.85421374402	1000.0	2542.2750466744174	0.0	0	0.0	2975.1292604184127	1	0	tensor(3, device='cuda:0')	0.3354566807141859
146121.1809968709	2000.0	1853.9482635475151	0.0	0	0.0	2975.1292604184127	1	0	tensor(3, device='cuda:0')	1.028603861274131
146769.9651202313	1000.0	2205.164140187161	0.0	0	0.0	2975.1292604184127	1	0	tensor(3, device='cuda:0')	0.3354566807141859
147663.3709449856	2000.0	2311.7583154328504	0.0	0	0.0	2975.1292604183836	1	0	tensor(3, device='cuda:0')	1.0286038612741364
148681.4813586148	2000.0	2293.6479018036603	0.0	0	0.0	2975.1292604183836	1	0	tensor(3, device='cuda:0')	1.7217510418340813
149376.20036246118	2000.0	2598.92889795731	0.0	0	0.0	2975.1292604183836	1	0	tensor(3, device='cuda:0')	1.7217510418340813
150200.0	2000.0	2775.129260418478	0.0	0	92.81045905366773	2975.1292604183545	1	0	tensor(3, device='cuda:0')	1.7217510418340864
151200.0	2000.0	2775.129260418481	0.0	0	91.30566995558911	2975.1292604183545	1	0	tensor(3, device='cuda:0')	1.7217510418340864
152270.42555117718	2000.0	2704.7037092412947	0.0	0	0.0	2975.1292604183545	1	0	tensor(3, device='cuda:0')	1.7217510418340864
153200.0	2000.0	2775.1292604184387	0.0	0	267.9682161824894	2975.1292604183545	1	0	tensor(3, device='cuda:0')	1.7217510418340864
154200.0	2000.0	2775.129260418429	0.0	0	316.7409473894513	2975.1292604183254	1	0	tensor(3, device='cuda:0')	1.7217510418340916
156007.2400477968	2000.0	1967.8892126216303	0.0	0	0.0	2975.1292604183254	1	0	tensor(3, device='cuda:0')	1.7217510418340916
156819.3230649547	2000.0	2155.806195463728	0.0	0	0.0	2975.1292604182963	1	0	tensor(3, device='cuda:0')	1.7217510418340967
157763.63052025568	2000.0	2211.4987401627322	0.0	0	0.0	2975.1292604182963	1	0	tensor(3, device='cuda:0')	1.7217510418340967
158786.93569678225	2000.0	2188.193563636175	0.0	0	0.0	2975.1292604182963	1	0	tensor(3, device='cuda:0')	1.7217510418340967
159513.91233936962	2000.0	2461.2169210488073	0.0	0	0.0	2975.1292604182963	1	0	tensor(3, device='cuda:0')	1.7217510418340967
160531.57467172496	2000.0	2443.5545886934724	0.0	0	0.0	2975.1292604183254	1	0	tensor(3, device='cuda:0')	1.7217510418340916
161945.6363545465	2000.0	2029.4929058719192	0.0	0	0.0	2975.1292604182963	1	0	tensor(3, device='cuda:0')	1.7217510418340967
162721.26809514352	2000.0	2253.861165274889	0.0	0	0.0	2975.1292604182963	1	0	tensor(3, device='cuda:0')	1.7217510418340967
163765.93571236497	2000.0	2209.1935480534385	0.0	0	0.0	2975.1292604182963	1	0	tensor(3, device='cuda:0')	1.7217510418340967
164570.78581368987	2000.0	2404.3434467285274	0.0	0	0.0	2975.1292604182963	1	0	tensor(3, device='cuda:0')	1.7217510418340967
165301.22996178715	2000.0	2673.8992986312687	0.0	0	0.0	2975.1292604183254	1	0	tensor(3, device='cuda:0')	1.7217510418340916
166269.1082150991	2000.0	2706.021045319278	0.0	0	0.0	2975.1292604183254	1	0	tensor(3, device='cuda:0')	1.7217510418340916
167797.39940411344	2000.0	2177.7298563049494	0.0	0	0.0	2975.1292604183545	1	0	tensor(3, device='cuda:0')	1.7217510418340864
168672.75342373725	2000.0	2302.375836681149	0.0	0	0.0	2975.1292604183545	1	0	tensor(3, device='cuda:0')	1.7217510418340864
169352.62963507092	2000.0	2622.4996253474615	0.0	0	0.0	2975.1292604183545	1	0	tensor(3, device='cuda:0')	1.7217510418340864
170258.20285813708	2000.0	2716.9264022812854	0.0	0	0.0	2975.1292604183545	1	0	tensor(3, device='cuda:0')	1.7217510418340864
171462.4561579903	2000.0	2512.673102428056	0.0	0	0.0	2975.1292604183545	1	0	tensor(3, device='cuda:0')	1.7217510418340864
172364.17861973806	2000.0	2610.9506406803157	0.0	0	0.0	2975.1292604183545	1	0	tensor(3, device='cuda:0')	1.7217510418340864
173361.34610215027	2000.0	2613.783158268062	0.0	0	0.0	2975.1292604183545	1	0	tensor(3, device='cuda:0')	1.7217510418340864
174470.98792508352	2000.0	2504.141335334831	0.0	0	0.0	2975.1292604183545	1	0	tensor(3, device='cuda:0')	1.7217510418340864
175200.0	2000.0	2775.1292604183877	0.0	0	148.24213048059028	2975.1292604183545	1	0	tensor(3, device='cuda:0')	1.7217510418340864
176200.0	2000.0	2775.129260418404	0.0	0	240.83813943943824	2975.1292604183545	1	0	tensor(3, device='cuda:0')	1.7217510418340864
178846.1722162326	2000.0	1128.9570441857898	0.0	0	0.0	2975.1292604183836	1	0	tensor(3, device='cuda:0')	1.7217510418340813
179707.99923611688	2000.0	1267.130024301493	0.0	0	0.0	2975.1292604183836	1	0	tensor(3, device='cuda:0')	1.7217510418340813
180756.26815435753	2000.0	1218.8611060608437	0.0	0	0.0	2975.1292604184127	1	0	tensor(3, device='cuda:0')	1.7217510418340762
181418.20575550734	1000.0	1556.9235049110052	0.0	0	0.0	2975.1292604184127	1	0	tensor(3, device='cuda:0')	0.3354566807141859
182026.9849365131	1000.0	1948.1443239052421	0.0	0	0.0	2975.1292604184127	1	0	tensor(3, device='cuda:0')	1.028603861274131
182588.04518824784	1000.0	2387.0840721705003	0.0	0	0.0	2975.1292604184127	1	0	tensor(3, device='cuda:0')	1.028603861274131
183386.99483691656	1000.0	2588.1344235018023	0.0	0	0.0	2975.1292604184127	1	0	tensor(3, device='cuda:0')	1.028603861274131
184200.0	1000.0	2775.1292604183805	0.0	0	224.81846863549436	2975.129260418442	1	0	tensor(3, device='cuda:0')	1.028603861274126
185200.0	1000.0	2775.129260418378	0.0	0	292.27303228346864	2975.129260418442	1	0	tensor(3, device='cuda:0')	1.028603861274126
186200.0	2000.0	2775.129260418356	0.0	0	350.96587052289397	2975.1292604184127	1	0	tensor(3, device='cuda:0')	1.028603861274131
187200.0	2000.0	2775.129260418362	0.0	0	407.49227972110384	2975.1292604184127	1	0	tensor(3, device='cuda:0')	1.7217510418340762
188200.0	2000.0	2775.1292604183723	0.0	0	178.35134708351688	2975.1292604184127	1	0	tensor(3, device='cuda:0')	1.7217510418340762
189200.0	2000.0	2775.129260418376	0.0	0	106.89496843019151	2975.1292604184127	1	0	tensor(3, device='cuda:0')	1.7217510418340762
190378.1223473504	2000.0	2597.0069130679612	0.0	0	0.0	2975.1292604184127	1	0	tensor(3, device='cuda:0')	1.7217510418340762
191390.58013105992	2000.0	2584.54912935846	0.0	0	0.0	2975.1292604184127	1	0	tensor(3, device='cuda:0')	1.7217510418340762
192413.2016927387	2000.0	2561.9275676797147	0.0	0	0.0	2975.1292604184127	1	0	tensor(3, device='cuda:0')	1.7217510418340762
193329.91057565834	2000.0	2645.2186847600587	0.0	0	0.0	2975.1292604183836	1	0	tensor(3, device='cuda:0')	1.7217510418340813
195809.6922322014	2000.0	1165.437028216994	0.0	0	0.0	2975.1292604183836	1	0	tensor(3, device='cuda:0')	1.7217510418340813
196922.99286744226	1000.0	1052.1363929761496	0.0	0	0.0	2975.1292604183836	1	0	tensor(3, device='cuda:0')	0.335456680714191
197505.5481656355	1000.0	1469.581094782909	0.0	0	0.0	2975.1292604183836	1	0	tensor(3, device='cuda:0')	1.0286038612741362
197881.28491599392	1000.0	2093.8443444244995	0.0	0	0.0	2975.1292604183836	1	0	tensor(3, device='cuda:0')	1.0286038612741362
198629.046521551	2000.0	2346.082738867389	0.0	0	0.0	2975.1292604183545	1	0	tensor(3, device='cuda:0')	1.0286038612741413
199694.63990852414	2000.0	2280.4893518942376	0.0	0	0.0	2975.1292604183545	1	0	tensor(3, device='cuda:0')	1.7217510418340864
200824.10656573818	2000.0	2151.022694680188	0.0	0	0.0	2975.1292604183836	1	0	tensor(3, device='cuda:0')	1.7217510418340813
201657.7650012186	2000.0	2317.3642591997645	0.0	0	0.0	2975.1292604183545	1	0	tensor(3, device='cuda:0')	1.7217510418340864
202200.0	2000.0	2775.1292604183536	0.0	0	33.86806598154362	2975.1292604183545	1	0	tensor(3, device='cuda:0')	1.7217510418340864
203200.0	2000.0	2775.1292604183636	0.0	0	329.41264305991353	2975.1292604183836	1	0	tensor(3, device='cuda:0')	1.7217510418340813
204200.0	2000.0	2775.1292604183573	0.0	0	287.98215111676836	2975.1292604183545	1	0	tensor(3, device='cuda:0')	1.7217510418340864
205200.0	2000.0	2775.129260418339	0.0	0	275.5862820330076	2975.1292604183254	1	0	tensor(3, device='cuda:0')	1.7217510418340916
206200.0	2000.0	2775.12926041833	0.0	0	211.00957924767863	2975.1292604183254	1	0	tensor(3, device='cuda:0')	1.7217510418340916
207200.0	2000.0	2775.1292604183	0.0	0	488.0878566438332	2975.1292604183254	1	0	tensor(3, device='cuda:0')	1.7217510418340916
208200.0	2000.0	2775.129260418308	0.0	0	101.15787129374803	2975.1292604183254	1	0	tensor(3, device='cuda:0')	1.7217510418340916
210122.32869032075	2000.0	1852.8005700975602	0.0	0	0.0	2975.1292604182963	1	0	tensor(3, device='cuda:0')	1.7217510418340967
211750.82004642405	2000.0	1224.3092139942275	0.0	0	0.0	2975.1292604182963	1	0	tensor(3, device='cuda:0')	1.7217510418340967
212547.75430969775	2000.0	1427.3749507205164	0.0	0	0.0	2975.1292604182963	1	0	tensor(3, device='cuda:0')	1.7217510418340967
213192.1682235475	2000.0	1782.9610368707586	0.0	0	0.0	2975.1292604182963	1	0	tensor(3, device='cuda:0')	1.7217510418340967
213869.88725346827	2000.0	2105.242006949993	0.0	0	0.0	2975.1292604182963	1	0	tensor(3, device='cuda:0')	1.7217510418340967
214757.2566132527	2000.0	2217.8726471655746	0.0	0	0.0	2975.1292604182963	1	0	tensor(3, device='cuda:0')	1.7217510418340967
215606.6828572285	2000.0	2368.446403189776	0.0	0	0.0	2975.129260418267	1	0	tensor(3, device='cuda:0')	1.721751041834102
216251.6943218109	2000.0	2723.434938607356	0.0	0	0.0	2975.129260418267	1	0	tensor(3, device='cuda:0')	1.721751041834102
218150.36259002588	2000.0	1824.7666703924021	0.0	0	0.0	2975.129260418267	1	0	tensor(3, device='cuda:0')	1.721751041834102
219130.03097392278	2000.0	1845.0982864954813	0.0	0	0.0	2975.129260418267	1	0	tensor(3, device='cuda:0')	1.721751041834102
220030.15529701323	2000.0	1944.9739634050627	0.0	0	0.0	2975.1292604182963	1	0	tensor(3, device='cuda:0')	1.7217510418340967
220939.04964891847	2000.0	2036.0796114998452	0.0	0	0.0	2975.1292604183254	1	0	tensor(3, device='cuda:0')	1.7217510418340916
221769.41212869668	2000.0	2205.7171317216125	0.0	0	0.0	2975.1292604183254	1	0	tensor(3, device='cuda:0')	1.7217510418340916
222712.9993547776	2000.0	2262.1299056407165	0.0	0	0.0	2975.1292604182963	1	0	tensor(3, device='cuda:0')	1.7217510418340967
223379.16704973794	2000.0	2595.962210680364	0.0	0	0.0	2975.1292604182963	1	0	tensor(3, device='cuda:0')	1.7217510418340967
224200.0	2000.0	2775.129260418291	0.0	0	326.5161889602314	2975.1292604183254	1	0	tensor(3, device='cuda:0')	1.7217510418340916
225401.05533841398	2000.0	2574.0739220043265	0.0	0	0.0	2975.1292604183254	1	0	tensor(3, device='cuda:0')	1.7217510418340916
226214.77670477188	2000.0	2760.3525556464174	0.0	0	0.0	2975.1292604183254	1	0	tensor(3, device='cuda:0')	1.7217510418340916
227200.0	2000.0	2775.12926041831	0.0	0	393.2689064203587	2975.1292604183254	1	0	tensor(3, device='cuda:0')	1.7217510418340916
228200.0	2000.0	2775.129260418302	0.0	0	466.48386980610667	2975.1292604183254	1	0	tensor(3, device='cuda:0')	1.7217510418340916
229200.0	2000.0	2775.1292604183186	0.0	0	227.8649373187509	2975.1292604183254	1	0	tensor(3, device='cuda:0')	1.7217510418340916
230681.8080888168	2000.0	2293.321171601547	0.0	0	0.0	2975.1292604183254	1	0	tensor(3, device='cuda:0')	1.7217510418340916
231489.76366137373	1000.0	2485.365599044569	0.0	0	0.0	2975.1292604183254	1	0	tensor(3, device='cuda:0')	0.3354566807142013
232494.94924761893	2000.0	2480.180012799353	0.0	0	0.0	2975.1292604183254	1	0	tensor(3, device='cuda:0')	1.0286038612741462
233616.4986246817	2000.0	2358.6306357365966	0.0	0	0.0	2975.1292604183254	1	0	tensor(3, device='cuda:0')	1.7217510418340916
234200.0	2000.0	2775.129260418287	0.0	0	64.03033333268831	2975.1292604183254	1	0	tensor(3, device='cuda:0')	1.7217510418340916
235424.35006828228	2000.0	2550.7791921360167	0.0	0	0.0	2975.1292604183254	1	0	tensor(3, device='cuda:0')	1.7217510418340916
236410.1968352459	2000.0	2564.9324251724024	0.0	0	0.0	2975.1292604182963	1	0	tensor(3, device='cuda:0')	1.7217510418340967
237438.6226172117	2000.0	2536.50664320663	0.0	0	0.0	2975.1292604182963	1	0	tensor(3, device='cuda:0')	1.7217510418340967
239024.4887157237	2000.0	1950.6405446946187	0.0	0	0.0	2975.1292604183254	1	0	tensor(3, device='cuda:0')	1.7217510418340916
239602.29036429562	1000.0	2372.8388961227392	0.0	0	0.0	2975.1292604183254	1	0	tensor(3, device='cuda:0')	0.3354566807142013
240857.3256905284	2000.0	2117.803569889972	0.0	0	0.0	2975.1292604183545	1	0	tensor(3, device='cuda:0')	1.0286038612741413
242242.45235249714	2000.0	1732.6769079212354	0.0	0	0.0	2975.1292604183545	1	0	tensor(3, device='cuda:0')	1.7217510418340864
242620.92936747582	1000.0	2354.199892942585	0.0	0	0.0	2975.1292604183545	1	0	tensor(3, device='cuda:0')	0.33545668071419615
243580.27054204923	2000.0	2394.858718369147	0.0	0	0.0	2975.1292604183545	1	0	tensor(3, device='cuda:0')	1.0286038612741413
244563.86326575076	2000.0	2411.2659946676217	0.0	0	0.0	2975.1292604183254	1	0	tensor(3, device='cuda:0')	1.7217510418340916
245331.3000368216	2000.0	2643.8292235967447	0.0	0	0.0	2975.1292604183254	1	0	tensor(3, device='cuda:0')	1.7217510418340916
246200.0	2000.0	2775.1292604183304	0.0	0	131.40628025613842	2975.1292604183254	1	0	tensor(3, device='cuda:0')	1.7217510418340916
247595.19469153738	2000.0	2379.934568880936	0.0	0	0.0	2975.1292604182963	1	0	tensor(3, device='cuda:0')	1.7217510418340967
249132.06595958007	2000.0	1843.0633008382656	0.0	0	0.0	2975.1292604182963	1	0	tensor(3, device='cuda:0')	1.7217510418340967
250187.3213570481	2000.0	1787.8079033702215	0.0	0	0.0	2975.1292604182963	1	0	tensor(3, device='cuda:0')	1.7217510418340967
250764.34158271315	1000.0	2210.7876777051147	0.0	0	0.0	2975.1292604182963	1	0	tensor(3, device='cuda:0')	0.3354566807142064
251808.73954739101	2000.0	2166.3897130272608	0.0	0	0.0	2975.1292604182963	1	0	tensor(3, device='cuda:0')	1.0286038612741515
253255.6668389838	2000.0	1719.4624214344672	0.0	0	0.0	2975.1292604182963	1	0	tensor(3, device='cuda:0')	1.7217510418340967
253831.10619225563	1000.0	2144.023068162648	0.0	0	0.0	2975.129260418267	1	0	tensor(3, device='cuda:0')	0.33545668071421164
255089.21796002061	2000.0	1885.9113003976756	0.0	0	0.0	2975.129260418267	1	0	tensor(3, device='cuda:0')	1.0286038612741568
256950.37179204592	2000.0	1024.7574683723656	0.0	0	0.0	2975.129260418267	1	0	tensor(3, device='cuda:0')	1.721751041834102
257643.77306117787	1000.0	1331.356199240387	0.0	0	0.0	2975.129260418267	1	0	tensor(3, device='cuda:0')	0.33545668071421164
258219.88339955654	1000.0	1755.245860861735	0.0	0	0.0	2975.1292604182963	1	0	tensor(3, device='cuda:0')	1.0286038612741515
258977.06564008162	1000.0	1998.0636203366487	0.0	0	0.0	2975.1292604182963	1	0	tensor(3, device='cuda:0')	1.0286038612741515
259694.10691082804	1000.0	2281.0223495901923	0.0	0	0.0	2975.129260418267	1	0	tensor(3, device='cuda:0')	1.0286038612741568
260402.80187069604	1000.0	2572.327389722189	0.0	0	0.0	2975.129260418267	1	0	tensor(3, device='cuda:0')	1.0286038612741568
261268.6100432236	2000.0	2706.519217194629	0.0	0	0.0	2975.129260418267	1	0	tensor(3, device='cuda:0')	1.0286038612741568
262200.0	2000.0	2775.1292604182386	0.0	0	472.67813143719104	2975.129260418267	1	0	tensor(3, device='cuda:0')	1.721751041834102
263200.0	2000.0	2775.129260418264	0.0	0	207.42660885845544	2975.1292604183254	1	0	tensor(3, device='cuda:0')	1.7217510418340938
264200.0	2000.0	2775.129260418282	0.0	0	225.89292039122665	2975.1292604183545	1	0	tensor(3, device='cuda:0')	1.7217510418340833
265236.9196385234	2000.0	2738.2096218948172	0.0	0	0.0	2975.1292604183545	1	0	tensor(3, device='cuda:0')	1.7217510418340876
266200.0	2000.0	2775.129260418229	0.0	0	239.3909572866396	2975.1292604183545	1	0	tensor(3, device='cuda:0')	1.7217510418340864
267425.6731236402	2000.0	2549.4561367779725	0.0	0	0.0	2975.1292604183545	1	0	tensor(3, device='cuda:0')	1.7217510418340864
268307.7366975408	2000.0	2667.392562877355	0.0	0	0.0	2975.1292604183545	1	0	tensor(3, device='cuda:0')	1.7217510418340864
269200.0	2000.0	2775.1292604181067	0.0	0	283.0919256397756	2975.1292604183545	1	0	tensor(3, device='cuda:0')	1.7217510418340864
270200.0	2000.0	2775.1292604181185	0.0	0	56.30974373110803	2975.1292604183545	1	0	tensor(3, device='cuda:0')	1.7217510418340864
272049.67102478794	2000.0	1925.458235630167	0.0	0	0.0	2975.1292604184127	1	0	tensor(3, device='cuda:0')	1.7217510418340762
273635.2848558224	1000.0	1339.8444045957026	0.0	0	0.0	2975.1292604184127	1	0	tensor(3, device='cuda:0')	0.3354566807141859
274441.88364319364	1000.0	1533.245617224471	0.0	0	0.0	2975.129260418471	1	0	tensor(3, device='cuda:0')	1.0286038612741208
275518.5234813963	2000.0	1456.6057790217378	0.0	0	0.0	2975.129260418471	1	0	tensor(3, device='cuda:0')	1.0286038612741208
276478.0253885613	2000.0	1497.1038718566983	0.0	0	0.0	2975.129260418471	1	0	tensor(3, device='cuda:0')	1.7217510418340658
277424.37524608796	2000.0	1550.7540143300055	0.0	0	0.0	2975.129260418471	1	0	tensor(3, device='cuda:0')	1.7217510418340658
278060.6038948561	2000.0	1914.525365561861	0.0	0	0.0	2975.129260418471	1	0	tensor(3, device='cuda:0')	1.7217510418340658
278706.898552615	2000.0	2268.230707802997	0.0	0	0.0	2975.129260418471	1	0	tensor(3, device='cuda:0')	1.7217510418340658
279451.3639672446	2000.0	2523.765293173519	0.0	0	0.0	2975.129260418471	1	0	tensor(3, device='cuda:0')	1.7217510418340658
280293.6996027904	2000.0	2681.429657627707	0.0	0	0.0	2975.129260418471	1	0	tensor(3, device='cuda:0')	1.7217510418340658
281242.7521763553	2000.0	2732.377084062881	0.0	0	0.0	2975.129260418471	1	0	tensor(3, device='cuda:0')	1.7217510418340658
282200.0	2000.0	2775.129260418229	0.0	0	413.95630902744597	2975.129260418471	1	0	tensor(3, device='cuda:0')	1.7217510418340658
283200.0	2000.0	2775.129260418191	0.0	0	310.97052798222285	2975.129260418471	1	0	tensor(3, device='cuda:0')	1.7217510418340658
284200.0	2000.0	2775.1292604181467	0.0	0	264.1479667192325	2975.129260418471	1	0	tensor(3, device='cuda:0')	1.7217510418340658
285200.0	2000.0	2775.1292604181895	0.0	0	430.8486109933001	2975.129260418471	1	0	tensor(3, device='cuda:0')	1.7217510418340658
286200.3350501195	2000.0	2774.7942102987918	0.0	0	0.0	2975.129260418529	1	0	tensor(3, device='cuda:0')	1.7217510418340556
287219.594904145	2000.0	2755.5343562733037	0.0	0	0.0	2975.129260418529	1	0	tensor(3, device='cuda:0')	1.7217510418340556
288200.0	2000.0	2775.129260418335	0.0	0	340.8193714498775	2975.129260418529	1	0	tensor(3, device='cuda:0')	1.7217510418340556
289345.5416007298	2000.0	2629.5876596884973	0.0	0	0.0	2975.129260418529	1	0	tensor(3, device='cuda:0')	1.7217510418340556
290515.302619442	2000.0	2459.8266409763432	0.0	0	0.0	2975.129260418529	1	0	tensor(3, device='cuda:0')	1.7217510418340556
291718.7912623572	2000.0	2256.3379980611053	0.0	0	0.0	2975.129260418471	1	0	tensor(3, device='cuda:0')	1.7217510418340658
293319.8854577457	2000.0	1655.2438026726297	0.0	0	0.0	2975.129260418529	1	0	tensor(3, device='cuda:0')	1.7217510418340556
294064.0863673568	1000.0	1911.042893061583	0.0	0	0.0	2975.129260418529	1	0	tensor(3, device='cuda:0')	0.33545668071416523
294536.7600080519	1000.0	2438.3692523665254	0.0	0	0.0	2975.129260418529	1	0	tensor(3, device='cuda:0')	1.0286038612741104
295246.20329709386	2000.0	2728.92596332451	0.0	0	0.0	2975.129260418529	1	0	tensor(3, device='cuda:0')	1.0286038612741104
296200.0	2000.0	2775.1292604184036	0.0	0	59.092434345860966	2975.129260418529	1	0	tensor(3, device='cuda:0')	1.7217510418340556
297200.0	2000.0	2775.129260418428	0.0	0	86.21797410206636	2975.1292604185874	1	0	tensor(3, device='cuda:0')	1.7217510418340454
298406.60486943304	2000.0	2568.52439098537	0.0	0	0.0	2975.1292604185874	1	0	tensor(3, device='cuda:0')	1.7217510418340454
299388.20979310217	2000.0	2586.91946731629	0.0	0	0.0	2975.1292604186456	1	0	tensor(3, device='cuda:0')	1.7217510418340352
300404.2347237815	2000.0	2570.894536636988	0.0	0	0.0	2975.1292604186456	1	0	tensor(3, device='cuda:0')	1.7217510418340352
2.85	1.63	2.29	2.75	1.74	1.9	3.89	2.71	2.36	1.55	1.08	1.75	2.22	2.33	1.37	1.64	1.64	2.95	2.18	1.62	1.42	1.8	0.95	1.26	2.51	0.973	0.927	0.591	1.22	1.12	2.44	1.47	1.1	1.97	2.47	2.28	2.36	2.47	0.961	1.89	2.77	2.03	1.95	1.89	2.35	2.76	1.93	2.99	2.81	2.95	3.27	3.51	3.36	2.19	2.18	2.97	2.97	2.99	1.93	2.2	1.31	1.85	2.18	1.95	2.09	1.73	0.95	1.33	1.46	1.32	1.82	1.47	1.34	2.32	2.53	1.67	1.99	2.12	3.05	2.88	2.37	3.07	2.81	3.3	2.54	1.71	2.54	3.52	2.77	2.97	2.62	1.73	2.58	2.62	1.77	1.71	3.08	2.83	0.741	1.69	2.4	2.56	2.9	2.86	1.59	1.52	1.91	0.869	1.95	2.26	1.33	2.1	2.4	2.46	0.811	1.99	3.61	2.61	2.36	1.96	2.32	1.69	1.99	1.84	1.96	1.29	2.18	2.62	1.47	1.91	2.53	2.56	2.79	2.68	2.0	1.36	1.8	2.32	2.69	1.41	1.63	2.06	1.73	1.82	1.17	1.71	2.42	2.44	2.41	2.47	1.88	2.97	2.57	1.22	1.59	2.95	2.12	2.46	2.22	1.71	2.11	2.72	2.62	3.07	2.7	1.67	1.63	2.22	2.94	1.81	1.9	2.12	1.95	2.97	3.19	0.996	0.486	1.25	2.8	1.75	1.85	1.53	1.45	1.66	2.68	3.45	2.41	1.77	1.66	1.82	1.98	2.12	1.64	0.765	0.961	1.19	2.57	2.46	1.68	2.33	4.01	3.86	3.19	2.9	1.89	3.53	2.75	1.25	1.22	1.24	2.34	2.66	3.53	2.7	2.7	1.19	1.62	1.91	2.88	2.48	2.9	2.83	3.34	2.19	1.93	2.72	3.48	2.24	1.59	1.05	1.69	2.07	3.01	1.59	1.8	1.62	2.46	1.03	1.45	1.73	1.63	2.59	2.64	2.9	3.06	2.06	1.19	1.81	1.63	2.53	2.12	1.01	2.03	1.81	1.45	1.05	1.52	1.3	1.18	2.81	3.93	2.78	3.29	2.27	2.62	1.69	2.72	4.05	2.12	1.3	0.985	0.602	1.3	2.51	2.54	2.76	2.99	3.12	3.23	2.51	2.94	2.8	3.76	3.53	2.47	2.12	3.08	2.14	2.1	1.7	1.51	1.74	1.81	2.26	1.85	1.69	1.44	2.7	2.14	2.73	1.68	2.48
301.0	302.0	303.0	304.0	305.0	306.0	307.0	308.0	309.0	310.0	311.0	312.0	313.0	314.0	315.0	316.0	317.0	318.0	319.0	320.0	321.0	322.0	323.0	324.0	325.0	326.0	327.0	328.0	329.0	330.0	331.0	332.0	333.0	334.0	335.0	336.0	337.0	338.0	339.0	340.0	341.0	342.0	343.0	344.0	345.0	346.0	347.0	348.0	349.0	350.0	351.0	352.0	353.0	354.0	355.0	356.0	357.0	358.0	359.0	360.0	361.0	362.0	363.0	364.0	365.0	366.0	367.0	368.0	369.0	370.0	371.0	372.0	373.0	374.0	375.0	376.0	377.0	378.0	379.0	380.0	381.0	382.0	383.0	384.0	385.0	386.0	387.0	388.0	389.0	390.0	391.0	392.0	393.0	394.0	395.0	396.0	397.0	398.0	399.0	400.0	401.0	402.0	403.0	404.0	405.0	406.0	407.0	408.0	409.0	410.0	411.0	412.0	413.0	414.0	415.0	416.0	417.0	418.0	419.0	420.0	421.0	422.0	423.0	424.0	425.0	426.0	427.0	428.0	429.0	430.0	431.0	432.0	433.0	434.0	435.0	436.0	437.0	438.0	439.0	440.0	441.0	442.0	443.0	444.0	445.0	446.0	447.0	448.0	449.0	450.0	451.0	452.0	453.0	454.0	455.0	456.0	457.0	458.0	459.0	460.0	461.0	462.0	463.0	464.0	465.0	466.0	467.0	468.0	469.0	470.0	471.0	472.0	473.0	474.0	475.0	476.0	477.0	478.0	479.0	480.0	481.0	482.0	483.0	484.0	485.0	486.0	487.0	488.0	489.0	490.0	491.0	492.0	493.0	494.0	495.0	496.0	497.0	498.0	499.0	500.0	501.0	502.0	503.0	504.0	505.0	506.0	507.0	508.0	509.0	510.0	511.0	512.0	513.0	514.0	515.0	516.0	517.0	518.0	519.0	520.0	521.0	522.0	523.0	524.0	525.0	526.0	527.0	528.0	529.0	530.0	531.0	532.0	533.0	534.0	535.0	536.0	537.0	538.0	539.0	540.0	541.0	542.0	543.0	544.0	545.0	546.0	547.0	548.0	549.0	550.0	551.0	552.0	553.0	554.0	555.0	556.0	557.0	558.0	559.0	560.0	561.0	562.0	563.0	564.0	565.0	566.0	567.0	568.0	569.0	570.0	571.0	572.0	573.0	574.0	575.0	576.0	577.0	578.0	579.0	580.0	581.0	582.0	583.0	584.0	585.0	586.0	587.0	588.0	589.0	590.0	591.0	592.0	593.0	594.0	595.0	596.0	597.0	598.0	599.0	600.0	601.0	602.0
1216.0
