5200.0	300.0	1664.0224532096145	169.90377577051686	0	335.97754679038553	1864.0224532096145	0	0	tensor(6, device='cuda:0')	-10.070389808271434
6200.0	2000.0	2166.158740735	502.13628752538654	0	156.01908507659118	2366.158740735	1	0	tensor(3, device='cuda:0')	-3.103702142265276
7200.0	2000.0	2166.158740735	0.0	0	70.02508008484983	2366.158740735	1	0	tensor(3, device='cuda:0')	1.8040714655541565
8200.0	2000.0	2166.1587407350003	0.0	0	200.5492951391534	2366.158740735	1	0	tensor(3, device='cuda:0')	1.8040714655541565
9200.0	2000.0	2166.1587407349994	0.0	0	437.830706972547	2366.158740734999	1	0	tensor(3, device='cuda:0')	1.8040714655541565
10200.0	2000.0	2166.158740735	0.0	0	67.61326400095822	2366.158740734998	1	0	tensor(3, device='cuda:0')	1.8040714655541568
11200.0	2000.0	2166.1587407350003	0.0	0	158.93427600532232	2366.158740735	1	0	tensor(3, device='cuda:0')	1.8040714655541565
12200.0	2000.0	2166.1587407350003	0.0	0	100.5240831822066	2366.158740735	1	0	tensor(3, device='cuda:0')	1.8040714655541565
13200.0	2000.0	2166.1587407349984	0.0	0	531.6022648057606	2366.158740735	1	0	tensor(3, device='cuda:0')	1.8040714655541565
14200.0	2000.0	2166.158740734998	0.0	0	455.605625494627	2366.158740735	1	0	tensor(3, device='cuda:0')	1.8040714655541565
15200.0	2000.0	2166.158740734998	0.0	0	572.2205748205761	2366.158740735	1	0	tensor(3, device='cuda:0')	1.8040714655541565
16200.0	2000.0	2166.158740735	0.0	0	380.1053846112445	2366.158740735	1	0	tensor(3, device='cuda:0')	1.8040714655541565
17200.0	2000.0	2166.158740734999	0.0	0	480.38430738383613	2366.158740735	1	0	tensor(3, device='cuda:0')	1.8040714655541565
18200.0	2000.0	2166.1587407350003	0.0	0	183.83845702453618	2366.1587407350016	1	0	tensor(3, device='cuda:0')	1.8040714655541565
19200.0	2000.0	2166.158740735005	0.0	0	202.1335021395098	2366.1587407350053	1	0	tensor(3, device='cuda:0')	1.8040714655541559
20200.0	2000.0	2166.15874073501	0.0	0	209.53212728582366	2366.1587407350053	1	0	tensor(3, device='cuda:0')	1.8040714655541559
21200.0	2000.0	2166.1587407350107	0.0	0	397.2916245633387	2366.1587407350053	1	0	tensor(3, device='cuda:0')	1.8040714655541559
22200.0	2000.0	2166.1587407350153	0.0	0	260.00905048727145	2366.1587407350053	1	0	tensor(3, device='cuda:0')	1.8040714655541559
23200.0	2000.0	2166.1587407350175	0.0	0	180.5021259913301	2366.158740735009	1	0	tensor(3, device='cuda:0')	1.8040714655541557
24600.437325113115	2000.0	1765.7214156219013	0.0	0	0.0	2366.1587407350053	1	0	tensor(3, device='cuda:0')	1.8040714655541559
25587.15048117993	2000.0	1779.008259555079	0.0	0	0.0	2366.1587407350053	1	0	tensor(3, device='cuda:0')	1.8040714655541559
26368.55240854484	2000.0	1997.6063321901693	0.0	0	0.0	2366.158740735009	1	0	tensor(3, device='cuda:0')	1.8040714655541557
27200.0	2000.0	2166.158740735008	0.0	0	328.8155258416082	2366.158740735009	1	0	tensor(3, device='cuda:0')	1.8040714655541557
28200.0	2000.0	2166.1587407350085	0.0	0	543.5776742613452	2366.158740735009	1	0	tensor(3, device='cuda:0')	1.8040714655541557
29200.0	2000.0	2166.1587407350085	0.0	0	291.5203726009022	2366.1587407350125	1	0	tensor(3, device='cuda:0')	1.8040714655541554
30200.0	2000.0	2166.158740735007	0.0	0	529.2282492945451	2366.158740735009	1	0	tensor(3, device='cuda:0')	1.8040714655541557
31200.0	2000.0	2166.158740735009	0.0	0	376.17992236135615	2366.158740735009	1	0	tensor(3, device='cuda:0')	1.8040714655541557
32200.0	2000.0	2166.1587407350103	0.0	0	155.942168603935	2366.158740735009	1	0	tensor(3, device='cuda:0')	1.8040714655541557
33200.0	2000.0	2166.158740735008	0.0	0	303.85261538809937	2366.158740735009	1	0	tensor(3, device='cuda:0')	1.8040714655541554
34200.0	2000.0	2166.158740735014	0.0	0	379.2505929924009	2366.158740735016	1	0	tensor(3, device='cuda:0')	1.8040714655541552
35200.0	2000.0	2166.158740735012	0.0	0	442.4387655157552	2366.158740735016	1	0	tensor(3, device='cuda:0')	1.8040714655541552
36200.0	2000.0	2166.1587407350235	0.0	0	581.3826031242352	2366.158740735016	1	0	tensor(3, device='cuda:0')	1.8040714655541552
37200.0	2000.0	2166.1587407350253	0.0	0	687.8919970474526	2366.158740735009	1	0	tensor(3, device='cuda:0')	1.8040714655541557
38200.0	2000.0	2166.158740735022	0.0	0	574.5383590533893	2366.158740735009	1	0	tensor(3, device='cuda:0')	1.8040714655541557
39200.0	2000.0	2166.158740735017	0.0	0	545.7661102230195	2366.158740735009	1	0	tensor(3, device='cuda:0')	1.8040714655541557
40200.0	2000.0	2166.158740735026	0.0	0	375.1313370197022	2366.158740735016	1	0	tensor(3, device='cuda:0')	1.8040714655541552
41737.19722141	2000.0	1628.96151932502	0.0	0	0.0	2366.158740735009	1	0	tensor(3, device='cuda:0')	1.8040714655541557
42880.15907203161	2000.0	1485.999668703418	0.0	0	0.0	2366.158740735009	1	0	tensor(3, device='cuda:0')	1.8040714655541557
43832.77375407044	2000.0	1533.3849866645855	0.0	0	0.0	2366.158740735009	1	0	tensor(3, device='cuda:0')	1.8040714655541557
44489.25874728233	2000.0	1876.899993452697	0.0	0	0.0	2366.158740735009	1	0	tensor(3, device='cuda:0')	1.8040714655541557
45200.0	2000.0	2166.1587407350235	0.0	0	128.41785594414978	2366.1587407350016	1	0	tensor(3, device='cuda:0')	1.8040714655541565
46200.0	2000.0	2166.158740735021	0.0	0	427.8639669709228	2366.1587407350016	1	0	tensor(3, device='cuda:0')	1.8040714655541565
47200.0	2000.0	2166.158740735022	0.0	0	485.43753542889317	2366.1587407350016	1	0	tensor(3, device='cuda:0')	1.8040714655541565
48366.595361600404	2000.0	1999.56337913462	0.0	0	0.0	2366.1587407350016	1	0	tensor(3, device='cuda:0')	1.8040714655541565
49606.89528139656	2000.0	1759.2634593384694	0.0	0	0.0	2366.1587407350016	1	0	tensor(3, device='cuda:0')	1.8040714655541565
50447.27990081145	2000.0	1918.8788399235762	0.0	0	0.0	2366.1587407350016	1	0	tensor(3, device='cuda:0')	1.8040714655541565
51370.113421314614	2000.0	1996.045319420412	0.0	0	0.0	2366.1587407349944	1	0	tensor(3, device='cuda:0')	1.804071465554157
52200.0	2000.0	2166.158740735016	0.0	0	108.77527094676043	2366.1587407349944	1	0	tensor(3, device='cuda:0')	1.804071465554157
53200.0	2000.0	2166.1587407350144	0.0	0	582.863533122807	2366.158740734987	1	0	tensor(3, device='cuda:0')	1.8040714655541579
54200.0	2000.0	2166.1587407350034	0.0	0	362.9227329141286	2366.158740734987	1	0	tensor(3, device='cuda:0')	1.8040714655541579
55200.0	2000.0	2166.1587407350053	0.0	0	122.43251438310108	2366.158740734987	1	0	tensor(3, device='cuda:0')	1.8040714655541579
56200.0	2000.0	2166.1587407350166	0.0	0	381.23569736300124	2366.158740734987	1	0	tensor(3, device='cuda:0')	1.8040714655541579
57200.0	2000.0	2166.1587407350153	0.0	0	125.96488366436824	2366.158740734987	1	0	tensor(3, device='cuda:0')	1.8040714655541579
58200.0	2000.0	2166.158740735014	0.0	0	28.210397182767338	2366.158740734987	1	0	tensor(3, device='cuda:0')	1.8040714655541579
59200.0	2000.0	2166.1587407350166	0.0	0	358.30681616259244	2366.158740734987	1	0	tensor(3, device='cuda:0')	1.8040714655541579
60200.0	2000.0	2166.158740735016	0.0	0	71.15486376824992	2366.158740734987	1	0	tensor(3, device='cuda:0')	1.8040714655541579
61200.0	2000.0	2166.1587407350266	0.0	0	52.934055566780444	2366.158740734987	1	0	tensor(3, device='cuda:0')	1.8040714655541579
62200.0	2000.0	2166.15874073503	0.0	0	47.911253374688386	2366.158740734987	1	0	tensor(3, device='cuda:0')	1.8040714655541579
63200.0	2000.0	2166.1587407350344	0.0	0	308.8142385579267	2366.158740734987	1	0	tensor(3, device='cuda:0')	1.8040714655541579
64200.0	2000.0	2166.15874073503	0.0	0	467.3127767307087	2366.158740734987	1	0	tensor(3, device='cuda:0')	1.8040714655541579
65200.0	2000.0	2166.1587407350307	0.0	0	327.5675681333814	2366.158740734987	1	0	tensor(3, device='cuda:0')	1.8040714655541579
66200.0	2000.0	2166.1587407350257	0.0	0	528.8808783244167	2366.15874073498	1	0	tensor(3, device='cuda:0')	1.804071465554158
67200.0	2000.0	2166.158740735026	0.0	0	535.3507746339455	2366.158740734987	1	0	tensor(3, device='cuda:0')	1.804071465554158
68200.0	2000.0	2166.158740735031	0.0	0	265.39765457232716	2366.1587407350016	1	0	tensor(3, device='cuda:0')	1.8040714655541574
69200.0	2000.0	2166.1587407350266	0.0	0	547.3253579147859	2366.1587407350016	1	0	tensor(3, device='cuda:0')	1.8040714655541565
70200.0	2000.0	2166.1587407350194	0.0	0	419.78156694880454	2366.1587407350016	1	0	tensor(3, device='cuda:0')	1.8040714655541565
71200.0	2000.0	2166.1587407350266	0.0	0	201.104650148176	2366.1587407350016	1	0	tensor(3, device='cuda:0')	1.8040714655541565
72200.0	2000.0	2166.1587407350403	0.0	0	334.66119597684883	2366.1587407350016	1	0	tensor(3, device='cuda:0')	1.8040714655541565
73200.0	2000.0	2166.158740735044	0.0	0	52.110135593102314	2366.1587407350016	1	0	tensor(3, device='cuda:0')	1.8040714655541565
74200.0	2000.0	2166.1587407350366	0.0	0	263.0600276677869	2366.1587407350016	1	0	tensor(3, device='cuda:0')	1.8040714655541565
75382.0374938592	2000.0	1984.1212468758251	0.0	0	0.0	2366.158740734987	1	0	tensor(3, device='cuda:0')	1.8040714655541579
76475.55068293517	2000.0	1890.6080577998623	0.0	0	0.0	2366.1587407349725	1	0	tensor(3, device='cuda:0')	1.8040714655541592
77200.0	2000.0	2166.1587407350135	0.0	0	148.20921437072684	2366.1587407349725	1	0	tensor(3, device='cuda:0')	1.8040714655541592
78200.0	2000.0	2166.1587407350125	0.0	0	219.99008888588287	2366.158740734958	1	0	tensor(3, device='cuda:0')	1.804071465554161
79200.0	2000.0	2166.1587407350107	0.0	0	357.79808454037993	2366.158740734958	1	0	tensor(3, device='cuda:0')	1.804071465554161
80200.0	2000.0	2166.158740735007	0.0	0	378.7598616027535	2366.158740734958	1	0	tensor(3, device='cuda:0')	1.804071465554161
81200.0	2000.0	2166.158740735001	0.0	0	269.5061222586228	2366.158740734958	1	0	tensor(3, device='cuda:0')	1.804071465554161
82200.0	2000.0	2166.158740735006	0.0	0	325.29568697362265	2366.158740734958	1	0	tensor(3, device='cuda:0')	1.804071465554161
83200.0	2000.0	2166.1587407350135	0.0	0	515.5197401779151	2366.158740734958	1	0	tensor(3, device='cuda:0')	1.804071465554161
84200.0	2000.0	2166.1587407350244	0.0	0	335.9678816647356	2366.1587407349725	1	0	tensor(3, device='cuda:0')	1.8040714655541592
85200.0	2000.0	2166.158740735016	0.0	0	420.10241039704124	2366.1587407349725	1	0	tensor(3, device='cuda:0')	1.8040714655541592
86200.0	2000.0	2166.1587407350135	0.0	0	414.1412692194426	2366.1587407349725	1	0	tensor(3, device='cuda:0')	1.8040714655541592
87200.0	2000.0	2166.1587407350225	0.0	0	349.4965304016805	2366.158740734987	1	0	tensor(3, device='cuda:0')	1.8040714655541579
88200.0	2000.0	2166.158740735017	0.0	0	187.96894725383027	2366.158740734987	1	0	tensor(3, device='cuda:0')	1.8040714655541579
89200.0	2000.0	2166.1587407350194	0.0	0	452.0012351851765	2366.1587407350016	1	0	tensor(3, device='cuda:0')	1.8040714655541565
90200.0	2000.0	2166.158740735024	0.0	0	388.1870957421488	2366.1587407350016	1	0	tensor(3, device='cuda:0')	1.8040714655541565
91200.0	2000.0	2166.1587407350316	0.0	0	241.13559457738302	2366.158740735016	1	0	tensor(3, device='cuda:0')	1.8040714655541552
92200.0	2000.0	2166.158740735016	0.0	0	152.512504667975	2366.158740735016	1	0	tensor(3, device='cuda:0')	1.8040714655541552
93200.0	2000.0	2166.1587407350103	0.0	0	222.6405991158099	2366.158740735016	1	0	tensor(3, device='cuda:0')	1.8040714655541552
94485.51447315588	2000.0	1880.6442675791322	0.0	0	0.0	2366.1587407350307	1	0	tensor(3, device='cuda:0')	1.8040714655541534
95904.4748101788	2000.0	1461.683930556233	0.0	0	0.0	2366.1587407350307	1	0	tensor(3, device='cuda:0')	1.8040714655541534
96836.83194548119	2000.0	1529.326795253848	0.0	0	0.0	2366.158740735016	1	0	tensor(3, device='cuda:0')	1.8040714655541552
98051.73441360724	2000.0	1314.4243271277999	0.0	0	0.0	2366.158740735016	1	0	tensor(3, device='cuda:0')	1.8040714655541552
99207.03705161474	2000.0	1159.1216891203171	0.0	0	0.0	2366.158740735016	1	0	tensor(3, device='cuda:0')	1.8040714655541552
99774.04967670227	1000.0	1592.1090640327902	0.0	0	0.0	2366.158740735016	1	0	tensor(3, device='cuda:0')	0.4177771044342647
100698.99967154294	2000.0	1667.1590691921083	0.0	0	0.0	2366.158740735016	1	0	tensor(3, device='cuda:0')	1.1109242849942098
101200.0	2000.0	2166.1587407350457	0.0	0	28.507021585843177	2366.158740735016	1	0	tensor(3, device='cuda:0')	1.8040714655541552
102200.0	2000.0	2166.1587407350285	0.0	0	486.66134236076323	2366.158740735016	1	0	tensor(3, device='cuda:0')	1.8040714655541552
103200.0	2000.0	2166.1587407350216	0.0	0	309.7762159012782	2366.1587407350307	1	0	tensor(3, device='cuda:0')	1.8040714655541534
104200.0	2000.0	2166.1587407350034	0.0	0	80.86212064081337	2366.1587407350307	1	0	tensor(3, device='cuda:0')	1.8040714655541534
105200.0	2000.0	2166.1587407350085	0.0	0	267.77092265592364	2366.1587407350307	1	0	tensor(3, device='cuda:0')	1.8040714655541534
106200.0	2000.0	2166.1587407350016	0.0	0	146.93471292991308	2366.1587407350307	1	0	tensor(3, device='cuda:0')	1.8040714655541534
107200.0	2000.0	2166.1587407349957	0.0	0	94.76921696234785	2366.1587407350307	1	0	tensor(3, device='cuda:0')	1.8040714655541534
108200.0	2000.0	2166.158740734981	0.0	0	348.6219501630694	2366.158740735016	1	0	tensor(3, device='cuda:0')	1.8040714655541552
109200.0	2000.0	2166.158740734995	0.0	0	492.89847269102756	2366.158740735016	1	0	tensor(3, device='cuda:0')	1.8040714655541552
110200.0	2000.0	2166.158740735	0.0	0	505.03451779882016	2366.1587407350016	1	0	tensor(3, device='cuda:0')	1.8040714655541565
111200.0	2000.0	2166.158740735003	0.0	0	515.8080844813667	2366.1587407350016	1	0	tensor(3, device='cuda:0')	1.8040714655541565
112200.0	2000.0	2166.158740735019	0.0	0	240.23599509992346	2366.1587407350016	1	0	tensor(3, device='cuda:0')	1.8040714655541565
113200.0	2000.0	2166.158740735023	0.0	0	378.3194379999186	2366.1587407350016	1	0	tensor(3, device='cuda:0')	1.8040714655541565
114200.0	2000.0	2166.158740735019	0.0	0	526.061735485855	2366.1587407350016	1	0	tensor(3, device='cuda:0')	1.8040714655541565
115200.0	2000.0	2166.1587407350335	0.0	0	158.48668325020117	2366.1587407350016	1	0	tensor(3, device='cuda:0')	1.8040714655541565
116200.0	2000.0	2166.1587407350476	0.0	0	452.4616310168349	2366.1587407350016	1	0	tensor(3, device='cuda:0')	1.8040714655541565
117200.0	2000.0	2166.1587407350535	0.0	0	216.39929106998898	2366.1587407350016	1	0	tensor(3, device='cuda:0')	1.8040714655541565
118200.0	2000.0	2166.1587407350557	0.0	0	491.7468512268242	2366.1587407350016	1	0	tensor(3, device='cuda:0')	1.8040714655541565
119200.0	2000.0	2166.158740735049	0.0	0	231.4505725896306	2366.1587407350016	1	0	tensor(3, device='cuda:0')	1.8040714655541565
120200.0	2000.0	2166.1587407350594	0.0	0	247.9143169728486	2366.1587407350016	1	0	tensor(3, device='cuda:0')	1.8040714655541565
121200.0	2000.0	2166.1587407350717	0.0	0	494.1080660459411	2366.1587407350016	1	0	tensor(3, device='cuda:0')	1.8040714655541565
122200.0	2000.0	2166.1587407350667	0.0	0	493.8669369169511	2366.158740735016	1	0	tensor(3, device='cuda:0')	1.8040714655541552
123200.0	2000.0	2166.158740735079	0.0	0	434.7777719707228	2366.1587407350307	1	0	tensor(3, device='cuda:0')	1.8040714655541534
124200.0	2000.0	2166.1587407351	0.0	0	432.95997153851204	2366.1587407350453	1	0	tensor(3, device='cuda:0')	1.804071465554152
125200.0	2000.0	2166.158740735111	0.0	0	342.50764664652525	2366.1587407350453	1	0	tensor(3, device='cuda:0')	1.804071465554152
126200.0	2000.0	2166.158740735128	0.0	0	406.6988819403341	2366.1587407350453	1	0	tensor(3, device='cuda:0')	1.804071465554152
127200.0	2000.0	2166.158740735139	0.0	0	315.7861948578502	2366.1587407350453	1	0	tensor(3, device='cuda:0')	1.804071465554152
128211.57353821678	2000.0	2154.585202518362	0.0	0	0.0	2366.1587407350307	1	0	tensor(3, device='cuda:0')	1.8040714655541534
129200.0	2000.0	2166.158740735128	0.0	0	226.89089428073203	2366.158740735016	1	0	tensor(3, device='cuda:0')	1.8040714655541552
130200.0	2000.0	2166.1587407351253	0.0	0	428.74590330205683	2366.158740735016	1	0	tensor(3, device='cuda:0')	1.8040714655541552
131200.0	2000.0	2166.158740735139	0.0	0	559.354120513628	2366.158740735016	1	0	tensor(3, device='cuda:0')	1.8040714655541552
132200.0	2000.0	2166.1587407351235	0.0	0	443.1464675356401	2366.158740734987	1	0	tensor(3, device='cuda:0')	1.8040714655541576
133200.0	2000.0	2166.1587407351026	0.0	0	469.0098167527758	2366.158740734958	1	0	tensor(3, device='cuda:0')	1.8040714655541588
134200.0	2000.0	2166.158740735096	0.0	0	622.10142300406	2366.1587407349434	1	0	tensor(3, device='cuda:0')	1.8040714655541623
135200.0	2000.0	2166.158740735118	0.0	0	495.49462101465906	2366.1587407349434	1	0	tensor(3, device='cuda:0')	1.8040714655541623
136200.0	2000.0	2166.1587407351044	0.0	0	452.4038717847143	2366.1587407349434	1	0	tensor(3, device='cuda:0')	1.8040714655541623
137200.0	2000.0	2166.158740735132	0.0	0	583.2899727715994	2366.1587407349725	1	0	tensor(3, device='cuda:0')	1.8040714655541592
138200.0	2000.0	2166.1587407351394	0.0	0	500.72596031735884	2366.1587407349725	1	0	tensor(3, device='cuda:0')	1.8040714655541592
139200.0	2000.0	2166.1587407351685	0.0	0	380.46046204213053	2366.1587407349725	1	0	tensor(3, device='cuda:0')	1.8040714655541592
140200.0	2000.0	2166.1587407352067	0.0	0	262.0188702760206	2366.1587407350016	1	0	tensor(3, device='cuda:0')	1.8040714655541565
141200.0	2000.0	2166.158740735193	0.0	0	389.7232216190896	2366.1587407349725	1	0	tensor(3, device='cuda:0')	1.8040714655541592
142200.0	2000.0	2166.1587407352395	0.0	0	459.1550249940192	2366.1587407349725	1	0	tensor(3, device='cuda:0')	1.8040714655541592
143200.0	2000.0	2166.1587407352717	0.0	0	540.8266219446668	2366.1587407350016	1	0	tensor(3, device='cuda:0')	1.8040714655541565
144200.0	2000.0	2166.1587407352613	0.0	0	565.7056455967831	2366.1587407349725	1	0	tensor(3, device='cuda:0')	1.8040714655541592
145200.0	2000.0	2166.1587407352763	0.0	0	517.1250997433963	2366.1587407350016	1	0	tensor(3, device='cuda:0')	1.8040714655541565
146200.0	2000.0	2166.158740735254	0.0	0	428.98341472336324	2366.1587407350016	1	0	tensor(3, device='cuda:0')	1.8040714655541565
147260.43065339277	2000.0	2105.7280873424884	0.0	0	0.0	2366.1587407350016	1	0	tensor(3, device='cuda:0')	1.8040714655541565
148200.0	2000.0	2166.158740735253	0.0	0	12.178715118119726	2366.1587407350016	1	0	tensor(3, device='cuda:0')	1.8040714655541565
149200.0	2000.0	2166.1587407352226	0.0	0	39.091417093528435	2366.1587407350016	1	0	tensor(3, device='cuda:0')	1.8040714655541565
150200.0	2000.0	2166.1587407352285	0.0	0	486.0986680428905	2366.1587407349725	1	0	tensor(3, device='cuda:0')	1.8040714655541592
151200.0	2000.0	2166.1587407351903	0.0	0	377.1166213003162	2366.1587407349434	1	0	tensor(3, device='cuda:0')	1.8040714655541623
152200.0	2000.0	2166.158740735166	0.0	0	208.0904951141565	2366.1587407349434	1	0	tensor(3, device='cuda:0')	1.8040714655541623
153200.0	2000.0	2166.1587407351885	0.0	0	274.33077568150475	2366.1587407349434	1	0	tensor(3, device='cuda:0')	1.8040714655541623
154309.86907567186	2000.0	2056.2896650633375	0.0	0	0.0	2366.1587407349143	1	0	tensor(3, device='cuda:0')	1.804071465554165
155200.0	2000.0	2166.1587407352145	0.0	0	8.595779270195635	2366.1587407349143	1	0	tensor(3, device='cuda:0')	1.804071465554165
156200.0	2000.0	2166.1587407351903	0.0	0	369.51144845527597	2366.158740734885	1	0	tensor(3, device='cuda:0')	1.804071465554168
157398.83247828018	2000.0	1967.3262624549825	0.0	0	0.0	2366.158740734885	1	0	tensor(3, device='cuda:0')	1.804071465554168
158556.47078551055	2000.0	1809.6879552246187	0.0	0	0.0	2366.1587407349143	1	0	tensor(3, device='cuda:0')	1.804071465554165
159377.55189860018	2000.0	1988.6068421349585	0.0	0	0.0	2366.1587407349143	1	0	tensor(3, device='cuda:0')	1.804071465554165
160366.01202907655	2000.0	2000.1467116585882	0.0	0	0.0	2366.1587407349143	1	0	tensor(3, device='cuda:0')	1.804071465554165
161200.0	2000.0	2166.1587407351476	0.0	0	128.46955245622667	2366.1587407349143	1	0	tensor(3, device='cuda:0')	1.804071465554165
162200.0	2000.0	2166.1587407351703	0.0	0	491.0550816669711	2366.1587407349143	1	0	tensor(3, device='cuda:0')	1.804071465554165
163278.80658948372	2000.0	2087.3521512514717	0.0	0	0.0	2366.158740734885	1	0	tensor(3, device='cuda:0')	1.804071465554168
164932.2874822208	2000.0	1433.8712585144133	0.0	0	0.0	2366.158740734885	1	0	tensor(3, device='cuda:0')	1.804071465554168
165823.34231552575	2000.0	1542.8164252094673	0.0	0	0.0	2366.158740734885	1	0	tensor(3, device='cuda:0')	1.804071465554168
166531.21277727507	2000.0	1834.9459634601587	0.0	0	0.0	2366.158740734885	1	0	tensor(3, device='cuda:0')	1.804071465554168
167200.0	2000.0	2166.1587407352254	0.0	0	27.824402419268154	2366.158740734885	1	0	tensor(3, device='cuda:0')	1.804071465554168
168200.0	2000.0	2166.1587407352076	0.0	0	375.71334949618904	2366.158740734885	1	0	tensor(3, device='cuda:0')	1.804071465554168
169200.0	2000.0	2166.158740735192	0.0	0	427.61430923227454	2366.158740734885	1	0	tensor(3, device='cuda:0')	1.804071465554168
170200.0	2000.0	2166.158740735193	0.0	0	488.6307038255909	2366.158740734885	1	0	tensor(3, device='cuda:0')	1.804071465554168
171200.0	2000.0	2166.1587407352386	0.0	0	495.1238206302223	2366.158740734885	1	0	tensor(3, device='cuda:0')	1.804071465554168
172200.0	2000.0	2166.1587407352545	0.0	0	496.1346376595611	2366.158740734885	1	0	tensor(3, device='cuda:0')	1.804071465554168
173200.0	2000.0	2166.1587407352667	0.0	0	352.58032470586477	2366.158740734885	1	0	tensor(3, device='cuda:0')	1.804071465554168
174200.0	2000.0	2166.1587407352686	0.0	0	540.719296628522	2366.158740734885	1	0	tensor(3, device='cuda:0')	1.804071465554168
175200.0	2000.0	2166.158740735269	0.0	0	422.73596833006013	2366.158740734885	1	0	tensor(3, device='cuda:0')	1.804071465554168
176200.0	2000.0	2166.1587407352686	0.0	0	562.0182488540013	2366.1587407349143	1	0	tensor(3, device='cuda:0')	1.804071465554165
177200.0	2000.0	2166.1587407353	0.0	0	133.83110398854478	2366.1587407349143	1	0	tensor(3, device='cuda:0')	1.804071465554165
178200.0	2000.0	2166.1587407353086	0.0	0	130.43324375789962	2366.1587407349143	1	0	tensor(3, device='cuda:0')	1.804071465554165
179200.0	2000.0	2166.1587407353168	0.0	0	321.98000489664264	2366.1587407349143	1	0	tensor(3, device='cuda:0')	1.804071465554165
180200.0	2000.0	2166.158740735307	0.0	0	18.494257537357043	2366.1587407349434	1	0	tensor(3, device='cuda:0')	1.8040714655541623
181200.0	2000.0	2166.158740735287	0.0	0	250.90058341738768	2366.1587407349725	1	0	tensor(3, device='cuda:0')	1.8040714655541592
182200.0	2000.0	2166.158740735287	0.0	0	273.7102467074874	2366.1587407349725	1	0	tensor(3, device='cuda:0')	1.8040714655541592
183200.0	2000.0	2166.1587407352986	0.0	0	487.34520230678027	2366.1587407349725	1	0	tensor(3, device='cuda:0')	1.8040714655541592
184200.0	2000.0	2166.1587407352713	0.0	0	492.604487012577	2366.1587407349434	1	0	tensor(3, device='cuda:0')	1.8040714655541623
185200.0	2000.0	2166.1587407352854	0.0	0	468.9190779507044	2366.1587407349434	1	0	tensor(3, device='cuda:0')	1.8040714655541623
186200.0	2000.0	2166.1587407352717	0.0	0	256.44438686186913	2366.1587407349143	1	0	tensor(3, device='cuda:0')	1.804071465554165
187209.38948502406	2000.0	2156.7692557112086	0.0	0	0.0	2366.1587407349143	1	0	tensor(3, device='cuda:0')	1.804071465554165
188200.0	2000.0	2166.15874073531	0.0	0	263.6578189214051	2366.1587407349143	1	0	tensor(3, device='cuda:0')	1.804071465554165
189200.0	2000.0	2166.1587407353513	0.0	0	372.2196417484083	2366.1587407349434	1	0	tensor(3, device='cuda:0')	1.8040714655541623
190200.0	2000.0	2166.1587407353536	0.0	0	451.44853633083403	2366.1587407349434	1	0	tensor(3, device='cuda:0')	1.8040714655541623
191200.0	2000.0	2166.158740735328	0.0	0	627.2020992326434	2366.1587407349434	1	0	tensor(3, device='cuda:0')	1.8040714655541623
192200.0	2000.0	2166.1587407353304	0.0	0	659.3799978223979	2366.1587407349434	1	0	tensor(3, device='cuda:0')	1.8040714655541623
193200.0	2000.0	2166.158740735322	0.0	0	437.0139377840969	2366.1587407349434	1	0	tensor(3, device='cuda:0')	1.8040714655541623
194200.0	2000.0	2166.1587407353445	0.0	0	389.9324317589635	2366.1587407349434	1	0	tensor(3, device='cuda:0')	1.8040714655541623
195200.0	2000.0	2166.158740735291	0.0	0	405.0918081170821	2366.1587407349434	1	0	tensor(3, device='cuda:0')	1.8040714655541623
196200.0	2000.0	2166.1587407353027	0.0	0	374.1911773296888	2366.1587407349434	1	0	tensor(3, device='cuda:0')	1.8040714655541623
197200.0	2000.0	2166.158740735298	0.0	0	467.4515574427205	2366.1587407349434	1	0	tensor(3, device='cuda:0')	1.8040714655541623
198200.0	2000.0	2166.1587407352777	0.0	0	535.0893608125916	2366.1587407349434	1	0	tensor(3, device='cuda:0')	1.8040714655541623
199200.0	2000.0	2166.158740735285	0.0	0	430.88662794738775	2366.1587407349143	1	0	tensor(3, device='cuda:0')	1.804071465554165
200361.50450932534	2000.0	2004.654231409909	0.0	0	0.0	2366.158740734885	1	0	tensor(3, device='cuda:0')	1.804071465554168
201328.7318518977	2000.0	2037.426888837561	0.0	0	0.0	2366.158740734885	1	0	tensor(3, device='cuda:0')	1.804071465554168
202354.61648587225	2000.0	2011.5422548630413	0.0	0	0.0	2366.158740734856	1	0	tensor(3, device='cuda:0')	1.804071465554171
203200.0	2000.0	2166.158740735276	0.0	0	94.60113369426108	2366.158740734856	1	0	tensor(3, device='cuda:0')	1.804071465554171
204200.0	2000.0	2166.158740735273	0.0	0	197.3674355111434	2366.158740734856	1	0	tensor(3, device='cuda:0')	1.804071465554171
205200.0	2000.0	2166.1587407352918	0.0	0	91.97355758721824	2366.158740734885	1	0	tensor(3, device='cuda:0')	1.804071465554168
206386.7765661135	2000.0	1979.3821746218098	0.0	0	0.0	2366.158740734885	1	0	tensor(3, device='cuda:0')	1.804071465554168
207397.59944285642	2000.0	1968.559297878893	0.0	0	0.0	2366.158740734885	1	0	tensor(3, device='cuda:0')	1.804071465554168
208383.1606329055	2000.0	1982.9981078298024	0.0	0	0.0	2366.158740734885	1	0	tensor(3, device='cuda:0')	1.804071465554168
209200.0	2000.0	2166.1587407353004	0.0	0	79.60367301703081	2366.158740734885	1	0	tensor(3, device='cuda:0')	1.804071465554168
210200.0	2000.0	2166.158740735318	0.0	0	167.499514352181	2366.158740734856	1	0	tensor(3, device='cuda:0')	1.804071465554171
211200.0	2000.0	2166.1587407353163	0.0	0	289.6251012707944	2366.158740734856	1	0	tensor(3, device='cuda:0')	1.804071465554171
212508.74131403014	2000.0	1857.4174267051544	0.0	0	0.0	2366.158740734856	1	0	tensor(3, device='cuda:0')	1.804071465554171
213545.60018966516	2000.0	1820.5585510701314	0.0	0	0.0	2366.158740734856	1	0	tensor(3, device='cuda:0')	1.804071465554171
214731.00737321057	2000.0	1635.1513675246931	0.0	0	0.0	2366.158740734827	1	0	tensor(3, device='cuda:0')	1.8040714655541739
215418.99189731595	1000.0	1947.1668434193004	0.0	0	0.0	2366.158740734827	1	0	tensor(3, device='cuda:0')	0.4177771044342837
216427.49062324304	2000.0	1938.6681174922228	0.0	0	0.0	2366.158740734827	1	0	tensor(3, device='cuda:0')	1.110924284994229
217256.43684428107	2000.0	2109.721896454179	0.0	0	0.0	2366.158740734798	1	0	tensor(3, device='cuda:0')	1.8040714655541767
218262.42570559215	2000.0	2103.7330351430574	0.0	0	0.0	2366.158740734769	1	0	tensor(3, device='cuda:0')	1.8040714655541799
219258.11812581547	2000.0	2108.040614919767	0.0	0	0.0	2366.158740734769	1	0	tensor(3, device='cuda:0')	1.8040714655541799
220200.0	2000.0	2166.1587407352326	0.0	0	26.43837418250041	2366.158740734769	1	0	tensor(3, device='cuda:0')	1.8040714655541799
221200.0	2000.0	2166.158740735277	0.0	0	395.8760417753365	2366.158740734769	1	0	tensor(3, device='cuda:0')	1.8040714655541799
222200.0	2000.0	2166.1587407352786	0.0	0	297.5052492879331	2366.1587407347397	1	0	tensor(3, device='cuda:0')	1.8040714655541825
223200.0	2000.0	2166.1587407352895	0.0	0	339.06792046967894	2366.1587407347397	1	0	tensor(3, device='cuda:0')	1.8040714655541825
224200.0	2000.0	2166.158740735265	0.0	0	519.2965253680013	2366.1587407347397	1	0	tensor(3, device='cuda:0')	1.8040714655541825
225200.0	2000.0	2166.1587407352567	0.0	0	643.0087845922972	2366.1587407347397	1	0	tensor(3, device='cuda:0')	1.8040714655541825
226477.62511831522	2000.0	1888.5336224200598	0.0	0	0.0	2366.158740734769	1	0	tensor(3, device='cuda:0')	1.8040714655541799
227476.97015168914	2000.0	1889.1885890461508	0.0	0	0.0	2366.158740734769	1	0	tensor(3, device='cuda:0')	1.8040714655541799
228501.90975592975	2000.0	1864.2489848055154	0.0	0	0.0	2366.158740734769	1	0	tensor(3, device='cuda:0')	1.8040714655541799
229200.0	2000.0	2166.1587407352495	0.0	0	225.0134990287188	2366.158740734769	1	0	tensor(3, device='cuda:0')	1.8040714655541799
230200.0	2000.0	2166.1587407352235	0.0	0	318.21981391188456	2366.158740734769	1	0	tensor(3, device='cuda:0')	1.8040714655541799
231200.0	2000.0	2166.15874073524	0.0	0	331.3539793175878	2366.1587407347397	1	0	tensor(3, device='cuda:0')	1.8040714655541825
232200.0	2000.0	2166.1587407352645	0.0	0	231.7368237314513	2366.1587407347397	1	0	tensor(3, device='cuda:0')	1.8040714655541825
233200.0	2000.0	2166.158740735257	0.0	0	115.21402479888638	2366.1587407347397	1	0	tensor(3, device='cuda:0')	1.8040714655541825
234200.0	2000.0	2166.158740735292	0.0	0	445.2857649597281	2366.158740734769	1	0	tensor(3, device='cuda:0')	1.8040714655541799
235200.0	2000.0	2166.1587407352667	0.0	0	347.49965549982153	2366.1587407347397	1	0	tensor(3, device='cuda:0')	1.8040714655541825
236200.0	2000.0	2166.1587407352795	0.0	0	295.90193800334237	2366.1587407347397	1	0	tensor(3, device='cuda:0')	1.8040714655541825
237200.0	2000.0	2166.1587407352918	0.0	0	75.2255865559273	2366.1587407347397	1	0	tensor(3, device='cuda:0')	1.8040714655541825
238200.0	2000.0	2166.1587407352695	0.0	0	150.13591396229458	2366.1587407347397	1	0	tensor(3, device='cuda:0')	1.8040714655541825
239393.0258885017	2000.0	1973.1328522336187	0.0	0	0.0	2366.1587407347397	1	0	tensor(3, device='cuda:0')	1.8040714655541825
240425.09342505745	2000.0	1941.0653156778728	0.0	0	0.0	2366.1587407347397	1	0	tensor(3, device='cuda:0')	1.8040714655541825
241523.89595979816	2000.0	1842.2627809371484	0.0	0	0.0	2366.1587407347397	1	0	tensor(3, device='cuda:0')	1.8040714655541825
242200.0	1000.0	2166.1587407353036	0.0	0	166.66025171073852	2366.1587407347397	1	0	tensor(3, device='cuda:0')	0.4177771044342924
243200.0	2000.0	2166.1587407353027	0.0	0	334.46540492170607	2366.1587407347397	1	0	tensor(3, device='cuda:0')	1.1109242849942373
244200.0	2000.0	2166.1587407352717	0.0	0	451.5098254488257	2366.1587407347397	1	0	tensor(3, device='cuda:0')	1.8040714655541825
245200.0	2000.0	2166.158740735259	0.0	0	405.00306814169744	2366.1587407347106	1	0	tensor(3, device='cuda:0')	1.8040714655541856
246200.0	2000.0	2166.158740735257	0.0	0	115.44330169382738	2366.1587407347106	1	0	tensor(3, device='cuda:0')	1.8040714655541856
247550.70520073647	2000.0	1815.4535399987967	0.0	0	0.0	2366.1587407347106	1	0	tensor(3, device='cuda:0')	1.8040714655541856
248474.85548321056	2000.0	1891.303257524705	0.0	0	0.0	2366.1587407347106	1	0	tensor(3, device='cuda:0')	1.8040714655541856
249200.0	2000.0	2166.15874073528	0.0	0	34.99356765815173	2366.1587407347106	1	0	tensor(3, device='cuda:0')	1.8040714655541856
250200.0	2000.0	2166.1587407352895	0.0	0	448.4023741564306	2366.1587407346815	1	0	tensor(3, device='cuda:0')	1.8040714655541885
251200.0	2000.0	2166.158740735279	0.0	0	376.59612896936596	2366.1587407346815	1	0	tensor(3, device='cuda:0')	1.8040714655541885
252200.0	2000.0	2166.158740735272	0.0	0	380.0123031399271	2366.1587407346815	1	0	tensor(3, device='cuda:0')	1.8040714655541885
253200.0	2000.0	2166.158740735266	0.0	0	270.1531125769834	2366.1587407347106	1	0	tensor(3, device='cuda:0')	1.8040714655541856
254200.0	2000.0	2166.1587407352845	0.0	0	467.1263797985739	2366.1587407347106	1	0	tensor(3, device='cuda:0')	1.8040714655541856
255200.0	2000.0	2166.1587407352827	0.0	0	414.9653974825633	2366.1587407347106	1	0	tensor(3, device='cuda:0')	1.8040714655541856
256200.0	2000.0	2166.158740735296	0.0	0	585.9715331291663	2366.1587407347397	1	0	tensor(3, device='cuda:0')	1.8040714655541825
257200.0	2000.0	2166.1587407353154	0.0	0	491.0884573184885	2366.1587407347397	1	0	tensor(3, device='cuda:0')	1.8040714655541825
258200.0	2000.0	2166.158740735304	0.0	0	586.8127494016662	2366.1587407347397	1	0	tensor(3, device='cuda:0')	1.8040714655541825
259200.0	2000.0	2166.1587407353354	0.0	0	716.8908844020625	2366.158740734769	1	0	tensor(3, device='cuda:0')	1.8040714655541799
260200.0	2000.0	2166.1587407352995	0.0	0	534.6661224704585	2366.158740734769	1	0	tensor(3, device='cuda:0')	1.8040714655541799
261200.0	2000.0	2166.158740735292	0.0	0	525.0274801524647	2366.1587407347397	1	0	tensor(3, device='cuda:0')	1.8040714655541825
262311.0939972905	2000.0	2055.0647434448324	0.0	0	0.0	2366.1587407347397	1	0	tensor(3, device='cuda:0')	1.8040714655541825
263303.9382059909	2000.0	2062.2205347443933	0.0	0	0.0	2366.1587407347106	1	0	tensor(3, device='cuda:0')	1.8040714655541845
264200.0	2000.0	2166.1587407352654	0.0	0	17.80763680540258	2366.1587407346815	1	0	tensor(3, device='cuda:0')	1.8040714655541876
265200.0	2000.0	2166.158740735281	0.0	0	412.85421174997464	2366.1587407346815	1	0	tensor(3, device='cuda:0')	1.8040714655541885
266200.0	2000.0	2166.158740735237	0.0	0	545.6178710355307	2366.1587407346815	1	0	tensor(3, device='cuda:0')	1.8040714655541885
267200.0	2000.0	2166.1587407352163	0.0	0	302.178883567336	2366.1587407346233	1	0	tensor(3, device='cuda:0')	1.8040714655541943
268200.0	2000.0	2166.1587407352135	0.0	0	404.55034998618066	2366.1587407346233	1	0	tensor(3, device='cuda:0')	1.8040714655541943
269243.4736021616	2000.0	2122.6851385736236	0.0	0	0.0	2366.1587407346233	1	0	tensor(3, device='cuda:0')	1.8040714655541943
270200.0	2000.0	2166.1587407352586	0.0	0	247.47752399311867	2366.1587407346815	1	0	tensor(3, device='cuda:0')	1.8040714655541885
271200.0	2000.0	2166.1587407353045	0.0	0	303.4181806820561	2366.1587407346815	1	0	tensor(3, device='cuda:0')	1.8040714655541885
272241.2305355378	2000.0	2124.928205197477	0.0	0	0.0	2366.1587407346815	1	0	tensor(3, device='cuda:0')	1.8040714655541885
273200.0	2000.0	2166.1587407352627	0.0	0	422.0678401272162	2366.1587407346815	1	0	tensor(3, device='cuda:0')	1.8040714655541885
274200.0	2000.0	2166.158740735286	0.0	0	289.10657739348244	2366.1587407346815	1	0	tensor(3, device='cuda:0')	1.8040714655541885
275200.0	2000.0	2166.158740735261	0.0	0	59.504772040760145	2366.1587407346815	1	0	tensor(3, device='cuda:0')	1.8040714655541885
276200.0	2000.0	2166.1587407352476	0.0	0	194.91404454183066	2366.1587407346815	1	0	tensor(3, device='cuda:0')	1.8040714655541885
277200.0	2000.0	2166.158740735309	0.0	0	395.725937845069	2366.1587407346815	1	0	tensor(3, device='cuda:0')	1.8040714655541885
278200.0	2000.0	2166.158740735328	0.0	0	332.5803879306768	2366.1587407346815	1	0	tensor(3, device='cuda:0')	1.8040714655541885
279214.3325257925	2000.0	2151.8262149429083	0.0	0	0.0	2366.1587407346815	1	0	tensor(3, device='cuda:0')	1.8040714655541885
280200.0	2000.0	2166.1587407353695	0.0	0	82.64703949005343	2366.1587407346233	1	0	tensor(3, device='cuda:0')	1.8040714655541943
281200.0	2000.0	2166.158740735388	0.0	0	52.57089642144274	2366.1587407346815	1	0	tensor(3, device='cuda:0')	1.8040714655541885
282200.0	2000.0	2166.158740735309	0.0	0	310.7640827194555	2366.1587407346233	1	0	tensor(3, device='cuda:0')	1.8040714655541943
283200.0	2000.0	2166.1587407353536	0.0	0	133.19880594027927	2366.1587407346233	1	0	tensor(3, device='cuda:0')	1.8040714655541943
284200.0	2000.0	2166.158740735326	0.0	0	411.0135357909021	2366.158740734565	1	0	tensor(3, device='cuda:0')	1.8040714655542
285200.0	2000.0	2166.158740735347	0.0	0	332.10426481917966	2366.158740734565	1	0	tensor(3, device='cuda:0')	1.8040714655542
286200.0	2000.0	2166.158740735387	0.0	0	103.50303496455308	2366.158740734565	1	0	tensor(3, device='cuda:0')	1.8040714655542
287200.0	2000.0	2166.158740735409	0.0	0	235.74504992034053	2366.158740734565	1	0	tensor(3, device='cuda:0')	1.8040714655542
288535.6937123344	2000.0	1830.4650284010525	0.0	0	0.0	2366.158740734565	1	0	tensor(3, device='cuda:0')	1.8040714655542
289632.25974067266	2000.0	1733.89900006281	0.0	0	0.0	2366.158740734565	1	0	tensor(3, device='cuda:0')	1.8040714655542
290399.9575368735	2000.0	1966.2012038619257	0.0	0	0.0	2366.1587407346233	1	0	tensor(3, device='cuda:0')	1.8040714655541943
291939.41874034563	2000.0	1426.7400003897956	0.0	0	0.0	2366.1587407346233	1	0	tensor(3, device='cuda:0')	1.8040714655541943
292609.5280734723	1000.0	1756.6306672631001	0.0	0	0.0	2366.158740734565	1	0	tensor(3, device='cuda:0')	0.4177771044343099
293214.4426320061	2000.0	2151.7161087293266	0.0	0	0.0	2366.158740734565	1	0	tensor(3, device='cuda:0')	1.1109242849942549
294200.0	2000.0	2166.1587407353472	0.0	0	316.28751463023946	2366.158740734565	1	0	tensor(3, device='cuda:0')	1.8040714655542
295200.0	2000.0	2166.1587407353204	0.0	0	238.44831167242955	2366.158740734507	1	0	tensor(3, device='cuda:0')	1.8040714655542058
296200.0	2000.0	2166.1587407353572	0.0	0	353.4494102842291	2366.158740734507	1	0	tensor(3, device='cuda:0')	1.8040714655542058
297559.06667571276	2000.0	1807.0920650226653	0.0	0	0.0	2366.158740734565	1	0	tensor(3, device='cuda:0')	1.8040714655542
298643.0732654477	2000.0	1723.085475287669	0.0	0	0.0	2366.158740734507	1	0	tensor(3, device='cuda:0')	1.8040714655542058
299282.82871112955	2000.0	2083.3300296057573	0.0	0	0.0	2366.158740734565	1	0	tensor(3, device='cuda:0')	1.8040714655542
300200.0	2000.0	2166.1587407353663	0.0	0	266.60449379927013	2366.158740734565	1	0	tensor(3, device='cuda:0')	1.8040714655542
301200.0	2000.0	2166.1587407353227	0.0	0	527.1394757470698	2366.158740734507	1	0	tensor(3, device='cuda:0')	1.8040714655542058
302200.0	2000.0	2166.1587407353586	0.0	0	547.2742166057578	2366.158740734565	1	0	tensor(3, device='cuda:0')	1.8040714655542
303200.0	2000.0	2166.158740735311	0.0	0	582.5421515580383	2366.158740734565	1	0	tensor(3, device='cuda:0')	1.8040714655542
1.96	1.9	2.35	2.48	3.37	2.25	1.91	2.92	4.1	4.12	3.31	4.55	3.88	2.65	2.66	3.51	3.22	2.85	1.73	1.83	2.13	3.36	4.38	3.43	3.79	4.53	3.35	3.02	4.1	4.01	4.81	5.85	6.26	6.19	3.9	1.64	1.62	1.7	2.32	3.37	3.29	3.86	2.56	1.99	2.09	2.21	2.36	3.45	4.19	4.08	2.72	3.06	2.81	2.71	3.0	2.33	2.87	2.34	3.06	4.18	4.37	4.83	3.48	3.6	3.52	3.43	3.39	2.17	2.14	2.87	1.95	2.36	2.7	3.53	4.76	3.48	3.59	4.11	3.56	2.99	4.05	2.88	2.97	2.39	3.53	2.13	2.47	3.04	2.21	1.61	1.17	2.11	2.31	2.18	1.61	2.75	3.53	2.62	1.91	2.42	2.77	1.8	2.33	3.59	4.18	3.83	3.29	3.65	4.65	3.51	2.75	2.8	3.13	3.58	2.88	3.49	4.83	3.56	3.61	3.39	3.2	3.06	2.62	2.77	4.0	5.06	4.54	4.71	4.76	4.24	4.0	4.09	4.63	3.98	2.61	2.81	3.71	5.02	5.73	5.55	4.0	2.42	2.68	2.87	2.81	2.98	2.21	2.56	2.86	1.76	2.79	2.61	1.98	2.04	2.12	2.37	3.49	3.3	1.85	1.26	1.93	3.29	3.88	4.01	4.39	4.48	3.53	3.72	3.58	4.54	4.51	3.42	1.99	2.34	3.19	2.26	2.15	3.23	4.69	4.38	4.6	2.36	2.35	2.8	4.23	4.46	4.71	4.47	4.23	3.93	4.31	4.3	3.38	4.58	3.72	1.77	2.46	2.64	2.42	2.49	2.9	1.05	1.99	2.35	2.88	3.24	2.55	1.52	1.6	2.21	1.84	1.68	1.78	2.47	2.29	2.58	2.51	3.36	4.53	5.73	3.75	1.55	2.15	2.49	3.72	3.57	1.64	2.25	2.47	3.44	2.65	2.95	2.58	2.21	1.66	1.68	1.47	2.56	3.86	3.95	2.85	1.33	1.88	2.98	3.88	3.23	2.85	3.37	3.32	2.94	4.04	4.78	4.62	5.62	6.82	5.35	2.54	2.1	1.92	2.43	3.54	3.6	3.67	2.85	1.62	2.63	2.26	2.69	4.09	2.73	2.63	2.65	3.17	2.94	2.27	2.47	2.43	2.35	2.85	3.14	2.37	3.24	3.22	1.69	1.9	2.05	1.77	1.87	2.61	3.66	2.9	2.51	1.87	2.46	2.59	3.73	4.78	4.56	4.08	4.49	2.47
1488.0	1489.0	1490.0	1491.0	1492.0	1493.0	1494.0	1495.0	1496.0	1497.0	1498.0	1499.0	1500.0	1501.0	1502.0	1503.0	1504.0	1505.0	1506.0	1507.0	1508.0	1509.0	1510.0	1511.0	1512.0	1513.0	1514.0	1515.0	1516.0	1517.0	1518.0	1519.0	1520.0	1521.0	1522.0	1523.0	1524.0	1525.0	1526.0	1527.0	1528.0	1529.0	1530.0	1531.0	1532.0	1533.0	1534.0	1535.0	1536.0	1537.0	1538.0	1539.0	1540.0	1541.0	1542.0	1543.0	1544.0	1545.0	1546.0	1547.0	1548.0	1549.0	1550.0	1551.0	1552.0	1553.0	1554.0	1555.0	1556.0	1557.0	1558.0	1559.0	1560.0	1561.0	1562.0	1563.0	1564.0	1565.0	1566.0	1567.0	1568.0	1569.0	1570.0	1571.0	1572.0	1573.0	1574.0	1575.0	1576.0	1577.0	1578.0	1579.0	1580.0	1581.0	1582.0	1583.0	1584.0	1585.0	1586.0	1587.0	1588.0	1589.0	1590.0	1591.0	1592.0	1593.0	1594.0	1595.0	1596.0	1597.0	1598.0	1599.0	1600.0	1601.0	1602.0	1603.0	1604.0	1605.0	1606.0	1607.0	1608.0	1609.0	1610.0	1611.0	1612.0	1613.0	1614.0	1615.0	1616.0	1617.0	1618.0	1619.0	1620.0	1621.0	1622.0	1623.0	1624.0	1625.0	1626.0	1627.0	1628.0	1629.0	1630.0	1631.0	1632.0	1633.0	1634.0	1635.0	1636.0	1637.0	1638.0	1639.0	1640.0	1641.0	1642.0	1643.0	1644.0	1645.0	1646.0	1647.0	1648.0	1649.0	1650.0	1651.0	1652.0	1653.0	1654.0	1655.0	1656.0	1657.0	1658.0	1659.0	1660.0	1661.0	1662.0	1663.0	1664.0	1665.0	1666.0	1667.0	1668.0	1669.0	1670.0	1671.0	1672.0	1673.0	1674.0	1675.0	1676.0	1677.0	1678.0	1679.0	1680.0	1681.0	1682.0	1683.0	1684.0	1685.0	1686.0	1687.0	1688.0	1689.0	1690.0	1691.0	1692.0	1693.0	1694.0	1695.0	1696.0	1697.0	1698.0	1699.0	1700.0	1701.0	1702.0	1703.0	1704.0	1705.0	1706.0	1707.0	1708.0	1709.0	1710.0	1711.0	1712.0	1713.0	1714.0	1715.0	1716.0	1717.0	1718.0	1719.0	1720.0	1721.0	1722.0	1723.0	1724.0	1725.0	1726.0	1727.0	1728.0	1729.0	1730.0	1731.0	1732.0	1733.0	1734.0	1735.0	1736.0	1737.0	1738.0	1739.0	1740.0	1741.0	1742.0	1743.0	1744.0	1745.0	1746.0	1747.0	1748.0	1749.0	1750.0	1751.0	1752.0	1753.0	1754.0	1755.0	1756.0	1757.0	1758.0	1759.0	1760.0	1761.0	1762.0	1763.0	1764.0	1765.0	1766.0	1767.0	1768.0	1769.0	1770.0	1771.0	1772.0	1773.0	1774.0	1775.0	1776.0	1777.0	1778.0	1779.0	1780.0	1781.0	1782.0	1783.0	1784.0	1785.0	1786.0	1787.0	1788.0
4532.0
