8590.088237325846	300.0	2000.0	135.71177893758792	0	0.0	5590.088237325846	1	0	tensor(6, device='cuda:0')	-11.375467744303629
9200.0	300.0	2390.088237325847	0.0	0	499.75349618282235	2590.0882373258482	1	0	tensor(6, device='cuda:0')	-9.118058025585963
10200.0	2000.0	2390.0882373258473	0.0	0	205.24982963795082	2590.0882373258473	1	0	tensor(3, device='cuda:0')	-0.11805802558596667
11200.0	2000.0	2390.0882373258464	0.0	0	343.87385557432754	2590.0882373258464	1	0	tensor(3, device='cuda:0')	1.7790619592999146
12200.0	2000.0	2390.088237325844	0.0	0	399.86142030335213	2590.0882373258464	1	0	tensor(3, device='cuda:0')	1.7790619592999146
13200.0	2000.0	2390.0882373258432	0.0	0	182.72419581873874	2590.0882373258464	1	0	tensor(3, device='cuda:0')	1.7790619592999146
14200.0	2000.0	2390.088237325843	0.0	0	527.6519914211294	2590.0882373258464	1	0	tensor(3, device='cuda:0')	1.7790619592999146
15200.0	2000.0	2390.088237325842	0.0	0	286.13290428816435	2590.0882373258482	1	0	tensor(3, device='cuda:0')	1.7790619592999144
16200.0	2000.0	2390.088237325842	0.0	0	567.4028404876608	2590.0882373258482	1	0	tensor(3, device='cuda:0')	1.7790619592999144
17200.0	2000.0	2390.0882373258405	0.0	0	611.5516013565939	2590.0882373258482	1	0	tensor(3, device='cuda:0')	1.7790619592999142
18200.0	2000.0	2390.088237325841	0.0	0	376.4574435205577	2590.08823732585	1	0	tensor(3, device='cuda:0')	1.7790619592999142
19409.215115192113	2000.0	2180.873122133727	0.0	0	0.0	2590.08823732585	1	0	tensor(3, device='cuda:0')	1.7790619592999142
20854.581200309036	2000.0	1735.5070370168037	0.0	0	0.0	2590.0882373258464	1	0	tensor(3, device='cuda:0')	1.7790619592999146
22336.904834607612	2000.0	1253.18340271823	0.0	0	0.0	2590.0882373258464	1	0	tensor(3, device='cuda:0')	1.7790619592999146
22895.03383436671	1000.0	1695.05440295913	0.0	0	0.0	2590.0882373258464	1	0	tensor(3, device='cuda:0')	0.3927675981800243
23487.78166094636	1000.0	2102.3065763794766	0.0	0	0.0	2590.0882373258464	1	0	tensor(3, device='cuda:0')	1.0859147787399694
24426.828596117637	2000.0	2163.2596412081957	0.0	0	0.0	2590.0882373258464	1	0	tensor(3, device='cuda:0')	1.0859147787399694
25217.56228829863	2000.0	2372.525949027205	0.0	0	0.0	2590.0882373258464	1	0	tensor(3, device='cuda:0')	1.7790619592999146
26200.0	2000.0	2390.0882373258396	0.0	0	411.0369276495039	2590.08823732585	1	0	tensor(3, device='cuda:0')	1.7790619592999142
27250.286486737008	2000.0	2339.801750588831	0.0	0	0.0	2590.08823732585	1	0	tensor(3, device='cuda:0')	1.7790619592999142
28200.0	2000.0	2390.088237325841	0.0	0	105.93568525220326	2590.08823732585	1	0	tensor(3, device='cuda:0')	1.7790619592999142
29211.448960188063	2000.0	2378.6392771377805	0.0	0	0.0	2590.08823732585	1	0	tensor(3, device='cuda:0')	1.7790619592999142
30200.0	2000.0	2390.0882373258396	0.0	0	448.62988837471494	2590.08823732585	1	0	tensor(3, device='cuda:0')	1.7790619592999142
31200.0	2000.0	2390.0882373258396	0.0	0	543.0468048558796	2590.08823732585	1	0	tensor(3, device='cuda:0')	1.7790619592999142
32200.0	2000.0	2390.0882373258387	0.0	0	349.23882199953005	2590.0882373258537	1	0	tensor(3, device='cuda:0')	1.7790619592999137
33200.0	2000.0	2390.088237325842	0.0	0	412.8283108676078	2590.0882373258573	1	0	tensor(3, device='cuda:0')	1.7790619592999137
34200.0	2000.0	2390.0882373258473	0.0	0	563.3785794336582	2590.0882373258646	1	0	tensor(3, device='cuda:0')	1.7790619592999128
35200.0	2000.0	2390.0882373258423	0.0	0	182.46737597079482	2590.088237325861	1	0	tensor(3, device='cuda:0')	1.7790619592999133
36516.51809217854	2000.0	2073.570145147298	0.0	0	0.0	2590.0882373258573	1	0	tensor(3, device='cuda:0')	1.7790619592999133
37404.11442595163	2000.0	2185.973811374208	0.0	0	0.0	2590.0882373258573	1	0	tensor(3, device='cuda:0')	1.7790619592999133
38200.0	2000.0	2390.0882373258314	0.0	0	203.8156717188831	2590.0882373258573	1	0	tensor(3, device='cuda:0')	1.7790619592999133
39200.0	2000.0	2390.0882373258246	0.0	0	233.22212176557514	2590.08823732585	1	0	tensor(3, device='cuda:0')	1.7790619592999142
40200.0	2000.0	2390.0882373258273	0.0	0	203.07370960598928	2590.0882373258573	1	0	tensor(3, device='cuda:0')	1.7790619592999133
41200.0	2000.0	2390.0882373258323	0.0	0	493.3193658942473	2590.0882373258573	1	0	tensor(3, device='cuda:0')	1.7790619592999133
42200.0	2000.0	2390.0882373258246	0.0	0	219.49144041172985	2590.0882373258573	1	0	tensor(3, device='cuda:0')	1.7790619592999133
43200.0	2000.0	2390.0882373258314	0.0	0	223.85175473761774	2590.0882373258573	1	0	tensor(3, device='cuda:0')	1.7790619592999133
44200.0	2000.0	2390.0882373258273	0.0	0	214.66761358388612	2590.0882373258573	1	0	tensor(3, device='cuda:0')	1.7790619592999133
45200.0	2000.0	2390.0882373258255	0.0	0	101.24976978666382	2590.0882373258573	1	0	tensor(3, device='cuda:0')	1.7790619592999133
46200.0	2000.0	2390.088237325823	0.0	0	379.36638040886464	2590.0882373258573	1	0	tensor(3, device='cuda:0')	1.7790619592999133
47200.0	2000.0	2390.0882373258232	0.0	0	181.25359451449913	2590.0882373258573	1	0	tensor(3, device='cuda:0')	1.7790619592999133
48200.0	2000.0	2390.0882373258282	0.0	0	301.6763957341318	2590.0882373258573	1	0	tensor(3, device='cuda:0')	1.7790619592999133
49200.0	2000.0	2390.0882373258282	0.0	0	396.9981068271518	2590.0882373258573	1	0	tensor(3, device='cuda:0')	1.7790619592999133
50200.0	2000.0	2390.0882373258237	0.0	0	175.30662058890448	2590.0882373258573	1	0	tensor(3, device='cuda:0')	1.7790619592999133
51200.0	2000.0	2390.088237325823	0.0	0	476.17679027407576	2590.0882373258646	1	0	tensor(3, device='cuda:0')	1.7790619592999124
52200.0	2000.0	2390.0882373258355	0.0	0	345.88976065442694	2590.088237325872	1	0	tensor(3, device='cuda:0')	1.7790619592999115
53200.0	2000.0	2390.0882373258373	0.0	0	286.7460449126811	2590.088237325872	1	0	tensor(3, device='cuda:0')	1.7790619592999115
54200.0	2000.0	2390.0882373258314	0.0	0	233.1241609110366	2590.088237325872	1	0	tensor(3, device='cuda:0')	1.7790619592999115
55200.0	2000.0	2390.0882373258332	0.0	0	191.23721568839392	2590.088237325879	1	0	tensor(3, device='cuda:0')	1.7790619592999104
56200.0	2000.0	2390.088237325832	0.0	0	51.08473169429635	2590.0882373258864	1	0	tensor(3, device='cuda:0')	1.7790619592999097
57200.0	2000.0	2390.0882373258396	0.0	0	228.29021033185563	2590.0882373258864	1	0	tensor(3, device='cuda:0')	1.7790619592999097
58200.0	2000.0	2390.088237325846	0.0	0	66.03351850665786	2590.0882373258864	1	0	tensor(3, device='cuda:0')	1.7790619592999097
59200.0	2000.0	2390.088237325847	0.0	0	268.6929928750833	2590.0882373258864	1	0	tensor(3, device='cuda:0')	1.7790619592999097
60207.71014820695	2000.0	2382.378089118897	0.0	0	0.0	2590.0882373258864	1	0	tensor(3, device='cuda:0')	1.7790619592999097
61532.67027650281	2000.0	2057.417960823037	0.0	0	0.0	2590.0882373258937	1	0	tensor(3, device='cuda:0')	1.7790619592999088
62312.63360540584	2000.0	2277.454631920005	0.0	0	0.0	2590.0882373258864	1	0	tensor(3, device='cuda:0')	1.7790619592999097
63200.0	2000.0	2390.088237325847	0.0	0	104.36685390991624	2590.0882373258864	1	0	tensor(3, device='cuda:0')	1.7790619592999097
64200.0	2000.0	2390.0882373258523	0.0	0	516.4317641808302	2590.0882373258864	1	0	tensor(3, device='cuda:0')	1.7790619592999097
65200.0	2000.0	2390.088237325851	0.0	0	273.7584880766881	2590.0882373258864	1	0	tensor(3, device='cuda:0')	1.7790619592999097
66200.0	2000.0	2390.0882373258473	0.0	0	274.25149551157665	2590.088237325879	1	0	tensor(3, device='cuda:0')	1.7790619592999097
67200.0	2000.0	2390.0882373258414	0.0	0	47.27424510011042	2590.088237325872	1	0	tensor(3, device='cuda:0')	1.7790619592999113
68200.0	2000.0	2390.088237325857	0.0	0	101.11383833376749	2590.0882373258937	1	0	tensor(3, device='cuda:0')	1.77906195929991
69200.0	2000.0	2390.088237325866	0.0	0	258.3760909994744	2590.0882373258937	1	0	tensor(3, device='cuda:0')	1.7790619592999088
70200.0	2000.0	2390.088237325876	0.0	0	125.10860786910052	2590.0882373258937	1	0	tensor(3, device='cuda:0')	1.7790619592999088
71200.0	2000.0	2390.088237325872	0.0	0	350.7960643490078	2590.0882373258937	1	0	tensor(3, device='cuda:0')	1.7790619592999088
72200.0	2000.0	2390.088237325882	0.0	0	534.9166114783147	2590.0882373258937	1	0	tensor(3, device='cuda:0')	1.7790619592999088
73200.0	2000.0	2390.0882373258787	0.0	0	491.3881264873198	2590.0882373258937	1	0	tensor(3, device='cuda:0')	1.7790619592999088
74200.0	2000.0	2390.0882373258773	0.0	0	251.4981722117518	2590.088237325879	1	0	tensor(3, device='cuda:0')	1.7790619592999104
75390.4567828367	2000.0	2199.631454489174	0.0	0	0.0	2590.0882373258937	1	0	tensor(3, device='cuda:0')	1.7790619592999088
76240.46134765669	2000.0	2349.626889669186	0.0	0	0.0	2590.0882373259083	1	0	tensor(3, device='cuda:0')	1.7790619592999068
77413.55571640577	2000.0	2176.5325209200955	0.0	0	0.0	2590.0882373259083	1	0	tensor(3, device='cuda:0')	1.7790619592999068
78680.4735174508	2000.0	1909.6147198750582	0.0	0	0.0	2590.0882373258937	1	0	tensor(3, device='cuda:0')	1.7790619592999088
79455.94621851643	2000.0	2134.1420188094257	0.0	0	0.0	2590.0882373258937	1	0	tensor(3, device='cuda:0')	1.7790619592999088
80200.0	2000.0	2390.0882373258605	0.0	0	53.792327789080446	2590.0882373258937	1	0	tensor(3, device='cuda:0')	1.7790619592999088
81200.0	2000.0	2390.0882373258696	0.0	0	468.872002308417	2590.0882373259083	1	0	tensor(3, device='cuda:0')	1.7790619592999068
82200.0	2000.0	2390.0882373258764	0.0	0	635.5890350567934	2590.0882373259083	1	0	tensor(3, device='cuda:0')	1.7790619592999068
83200.0	2000.0	2390.088237325894	0.0	0	466.4167317599349	2590.088237325923	1	0	tensor(3, device='cuda:0')	1.7790619592999053
84200.0	2000.0	2390.088237325902	0.0	0	257.0235637988808	2590.0882373259083	1	0	tensor(3, device='cuda:0')	1.7790619592999068
85200.0	2000.0	2390.088237325919	0.0	0	355.0628267797583	2590.0882373259083	1	0	tensor(3, device='cuda:0')	1.7790619592999068
86200.0	2000.0	2390.088237325924	0.0	0	417.1258302701608	2590.0882373259083	1	0	tensor(3, device='cuda:0')	1.7790619592999068
87200.0	2000.0	2390.088237325921	0.0	0	475.01333743582654	2590.0882373258937	1	0	tensor(3, device='cuda:0')	1.7790619592999088
88200.0	2000.0	2390.0882373259187	0.0	0	279.95783879332885	2590.0882373258937	1	0	tensor(3, device='cuda:0')	1.7790619592999088
89200.0	2000.0	2390.088237325924	0.0	0	394.92061532138905	2590.0882373258937	1	0	tensor(3, device='cuda:0')	1.7790619592999088
90200.0	2000.0	2390.088237325907	0.0	0	278.48686055057624	2590.0882373258937	1	0	tensor(3, device='cuda:0')	1.7790619592999088
91200.0	2000.0	2390.0882373258996	0.0	0	157.30495778098702	2590.0882373258937	1	0	tensor(3, device='cuda:0')	1.7790619592999088
92200.0	2000.0	2390.0882373258996	0.0	0	154.42342495186313	2590.0882373258937	1	0	tensor(3, device='cuda:0')	1.7790619592999088
93200.0	2000.0	2390.088237325903	0.0	0	204.628974443287	2590.0882373258937	1	0	tensor(3, device='cuda:0')	1.7790619592999088
94200.0	2000.0	2390.0882373259005	0.0	0	389.9517892375734	2590.0882373258937	1	0	tensor(3, device='cuda:0')	1.7790619592999088
95200.0	2000.0	2390.0882373259196	0.0	0	238.83436704208725	2590.0882373258937	1	0	tensor(3, device='cuda:0')	1.7790619592999088
96200.0	2000.0	2390.088237325918	0.0	0	569.1024096581386	2590.0882373258937	1	0	tensor(3, device='cuda:0')	1.7790619592999088
97200.0	2000.0	2390.088237325911	0.0	0	497.02772248125984	2590.0882373258937	1	0	tensor(3, device='cuda:0')	1.7790619592999088
98200.0	2000.0	2390.088237325931	0.0	0	220.3329875243071	2590.0882373258937	1	0	tensor(3, device='cuda:0')	1.7790619592999088
99200.0	2000.0	2390.088237325932	0.0	0	76.74645920576586	2590.0882373258937	1	0	tensor(3, device='cuda:0')	1.7790619592999088
100200.0	2000.0	2390.0882373259283	0.0	0	163.8979477801622	2590.0882373258937	1	0	tensor(3, device='cuda:0')	1.7790619592999088
101200.0	2000.0	2390.088237325924	0.0	0	66.35822844154609	2590.0882373259083	1	0	tensor(3, device='cuda:0')	1.7790619592999068
102200.0	2000.0	2390.0882373259356	0.0	0	283.9441010118753	2590.0882373259083	1	0	tensor(3, device='cuda:0')	1.7790619592999068
103200.0	2000.0	2390.0882373259433	0.0	0	325.01221608508786	2590.0882373259083	1	0	tensor(3, device='cuda:0')	1.7790619592999068
104200.0	2000.0	2390.0882373259174	0.0	0	313.8335495039064	2590.0882373259083	1	0	tensor(3, device='cuda:0')	1.7790619592999068
105200.0	2000.0	2390.0882373259	0.0	0	214.82480484290863	2590.0882373259083	1	0	tensor(3, device='cuda:0')	1.7790619592999068
106200.0	2000.0	2390.088237325902	0.0	0	169.84454706142424	2590.0882373259083	1	0	tensor(3, device='cuda:0')	1.7790619592999068
107200.0	2000.0	2390.0882373258855	0.0	0	124.94710712769302	2590.0882373258937	1	0	tensor(3, device='cuda:0')	1.7790619592999088
108200.0	2000.0	2390.0882373258864	0.0	0	277.71188102083397	2590.0882373258937	1	0	tensor(3, device='cuda:0')	1.7790619592999088
109556.3296640842	2000.0	2033.7585732416844	0.0	0	0.0	2590.0882373258937	1	0	tensor(3, device='cuda:0')	1.7790619592999088
110646.7042844527	2000.0	1943.3839528731653	0.0	0	0.0	2590.0882373258937	1	0	tensor(3, device='cuda:0')	1.7790619592999088
111278.50034482928	2000.0	2311.5878924965878	0.0	0	0.0	2590.0882373259083	1	0	tensor(3, device='cuda:0')	1.7790619592999068
112200.0	2000.0	2390.0882373258705	0.0	0	303.84973803958565	2590.088237325923	1	0	tensor(3, device='cuda:0')	1.7790619592999053
113200.0	2000.0	2390.088237325875	0.0	0	369.87067690205004	2590.088237325923	1	0	tensor(3, device='cuda:0')	1.7790619592999053
114200.0	2000.0	2390.088237325868	0.0	0	484.3624446935719	2590.0882373259083	1	0	tensor(3, device='cuda:0')	1.7790619592999068
115200.0	2000.0	2390.0882373258687	0.0	0	329.65948373041465	2590.0882373259083	1	0	tensor(3, device='cuda:0')	1.7790619592999068
116397.32918872894	2000.0	2192.7590485969204	0.0	0	0.0	2590.0882373259083	1	0	tensor(3, device='cuda:0')	1.7790619592999068
117351.00171980214	2000.0	2239.086517523716	0.0	0	0.0	2590.0882373258937	1	0	tensor(3, device='cuda:0')	1.7790619592999088
118200.0	2000.0	2390.08823732587	0.0	0	170.74704176408704	2590.0882373258937	1	0	tensor(3, device='cuda:0')	1.7790619592999088
119200.0	2000.0	2390.088237325852	0.0	0	463.29904703491775	2590.0882373258937	1	0	tensor(3, device='cuda:0')	1.7790619592999088
120200.0	2000.0	2390.088237325854	0.0	0	463.4384086040227	2590.0882373258937	1	0	tensor(3, device='cuda:0')	1.7790619592999088
121200.0	2000.0	2390.08823732587	0.0	0	69.24879365666129	2590.0882373258937	1	0	tensor(3, device='cuda:0')	1.7790619592999088
122200.0	2000.0	2390.0882373258655	0.0	0	84.2635530634725	2590.088237325879	1	0	tensor(3, device='cuda:0')	1.7790619592999104
123200.0	2000.0	2390.08823732586	0.0	0	301.85706837252656	2590.088237325879	1	0	tensor(3, device='cuda:0')	1.7790619592999104
124200.0	2000.0	2390.0882373258655	0.0	0	488.9721070702217	2590.0882373258937	1	0	tensor(3, device='cuda:0')	1.7790619592999088
125200.0	2000.0	2390.0882373258623	0.0	0	193.996361309677	2590.0882373258937	1	0	tensor(3, device='cuda:0')	1.7790619592999088
126200.0	2000.0	2390.0882373258673	0.0	0	156.97185359966534	2590.0882373258937	1	0	tensor(3, device='cuda:0')	1.7790619592999088
127211.90903000945	2000.0	2378.1792073164106	0.0	0	0.0	2590.0882373258937	1	0	tensor(3, device='cuda:0')	1.7790619592999088
128200.0	2000.0	2390.088237325849	0.0	0	211.84932447827305	2590.088237325879	1	0	tensor(3, device='cuda:0')	1.7790619592999104
129537.53811299228	2000.0	2052.550124333564	0.0	0	0.0	2590.0882373258646	1	0	tensor(3, device='cuda:0')	1.7790619592999124
130610.84933919949	2000.0	1979.238898126351	0.0	0	0.0	2590.0882373258646	1	0	tensor(3, device='cuda:0')	1.7790619592999124
131365.35202242548	2000.0	2224.7362149003625	0.0	0	0.0	2590.088237325879	1	0	tensor(3, device='cuda:0')	1.7790619592999115
132200.0	2000.0	2390.0882373258287	0.0	0	204.1684962262807	2590.0882373258646	1	0	tensor(3, device='cuda:0')	1.7790619592999113
133309.86669560528	2000.0	2280.2215417205507	0.0	0	0.0	2590.0882373258646	1	0	tensor(3, device='cuda:0')	1.779061959299911
134220.703499828	2000.0	2369.3847374978254	0.0	0	0.0	2590.0882373258646	1	0	tensor(3, device='cuda:0')	1.7790619592999124
135200.0	2000.0	2390.0882373258064	0.0	0	39.15850594139192	2590.0882373258355	1	0	tensor(3, device='cuda:0')	1.779061959299916
136200.0	2000.0	2390.088237325802	0.0	0	228.07626007212093	2590.0882373258355	1	0	tensor(3, device='cuda:0')	1.779061959299916
137200.0	2000.0	2390.0882373258164	0.0	0	104.47659511890379	2590.0882373258355	1	0	tensor(3, device='cuda:0')	1.779061959299916
138200.0	2000.0	2390.088237325804	0.0	0	26.738482350017875	2590.0882373258355	1	0	tensor(3, device='cuda:0')	1.779061959299916
139200.0	2000.0	2390.0882373258137	0.0	0	81.6465206455905	2590.0882373258355	1	0	tensor(3, device='cuda:0')	1.779061959299916
140200.0	2000.0	2390.08823732581	0.0	0	198.05526470416225	2590.0882373258355	1	0	tensor(3, device='cuda:0')	1.779061959299916
141486.7710513701	2000.0	2103.3171859556796	0.0	0	0.0	2590.0882373258064	1	0	tensor(3, device='cuda:0')	1.7790619592999195
142427.88571123118	2000.0	2162.2025260946157	0.0	0	0.0	2590.0882373258064	1	0	tensor(3, device='cuda:0')	1.7790619592999195
143200.0	2000.0	2390.0882373258214	0.0	0	49.0952639808238	2590.0882373258355	1	0	tensor(3, device='cuda:0')	1.779061959299916
144200.0	2000.0	2390.0882373258382	0.0	0	208.55110402186983	2590.0882373258355	1	0	tensor(3, device='cuda:0')	1.779061959299916
145200.0	2000.0	2390.0882373258055	0.0	0	545.1186147113913	2590.0882373258355	1	0	tensor(3, device='cuda:0')	1.779061959299916
146200.0	2000.0	2390.088237325815	0.0	0	418.0930107285094	2590.0882373258064	1	0	tensor(3, device='cuda:0')	1.7790619592999195
147200.0	2000.0	2390.0882373258273	0.0	0	495.6223273068608	2590.0882373258355	1	0	tensor(3, device='cuda:0')	1.779061959299916
148200.0	2000.0	2390.088237325841	0.0	0	476.640813011938	2590.0882373258355	1	0	tensor(3, device='cuda:0')	1.779061959299916
149200.0	2000.0	2390.0882373258296	0.0	0	563.4890637984208	2590.0882373258355	1	0	tensor(3, device='cuda:0')	1.779061959299916
150200.0	2000.0	2390.0882373258237	0.0	0	700.70509172522	2590.0882373258355	1	0	tensor(3, device='cuda:0')	1.779061959299916
151200.0	2000.0	2390.088237325861	0.0	0	566.9791344644909	2590.0882373258355	1	0	tensor(3, device='cuda:0')	1.779061959299916
152200.0	2000.0	2390.0882373258596	0.0	0	222.402500426193	2590.0882373258355	1	0	tensor(3, device='cuda:0')	1.779061959299916
153217.23603601873	2000.0	2372.8522013071356	0.0	0	0.0	2590.0882373258355	1	0	tensor(3, device='cuda:0')	1.779061959299916
154200.0	2000.0	2390.0882373258423	0.0	0	241.11516783153638	2590.0882373258355	1	0	tensor(3, device='cuda:0')	1.779061959299916
155200.0	2000.0	2390.088237325844	0.0	0	402.2905551410804	2590.0882373258355	1	0	tensor(3, device='cuda:0')	1.779061959299916
156200.0	2000.0	2390.08823732583	0.0	0	280.4971741354384	2590.0882373258355	1	0	tensor(3, device='cuda:0')	1.779061959299916
157200.0	2000.0	2390.0882373258423	0.0	0	396.8941919535573	2590.0882373258355	1	0	tensor(3, device='cuda:0')	1.779061959299916
158200.0	2000.0	2390.088237325843	0.0	0	487.39389679275337	2590.0882373258355	1	0	tensor(3, device='cuda:0')	1.779061959299916
159200.0	2000.0	2390.088237325867	0.0	0	474.1523547427787	2590.0882373258646	1	0	tensor(3, device='cuda:0')	1.7790619592999124
160200.0	2000.0	2390.088237325844	0.0	0	491.899429907935	2590.0882373258646	1	0	tensor(3, device='cuda:0')	1.7790619592999124
161200.0	2000.0	2390.0882373258173	0.0	0	229.55994603745057	2590.0882373258937	1	0	tensor(3, device='cuda:0')	1.7790619592999088
162200.0	2000.0	2390.0882373258146	0.0	0	236.37596883974038	2590.0882373258646	1	0	tensor(3, device='cuda:0')	1.7790619592999124
163200.0	2000.0	2390.08823732581	0.0	0	162.30139604600845	2590.0882373258646	1	0	tensor(3, device='cuda:0')	1.7790619592999124
164200.0	2000.0	2390.088237325829	0.0	0	104.86287037158036	2590.0882373258646	1	0	tensor(3, device='cuda:0')	1.7790619592999124
165525.14322667153	2000.0	2064.9450106543036	0.0	0	0.0	2590.0882373258646	1	0	tensor(3, device='cuda:0')	1.7790619592999124
166517.2725215605	2000.0	2072.815715765337	0.0	0	0.0	2590.0882373258646	1	0	tensor(3, device='cuda:0')	1.7790619592999124
167569.85674916784	2000.0	2020.2314881579696	0.0	0	0.0	2590.0882373258646	1	0	tensor(3, device='cuda:0')	1.7790619592999124
169043.1479313039	2000.0	1546.9403060218965	0.0	0	0.0	2590.0882373258646	1	0	tensor(3, device='cuda:0')	1.7790619592999124
169548.04939788068	1000.0	2042.0388394451486	0.0	0	0.0	2590.0882373258937	1	0	tensor(3, device='cuda:0')	0.3927675981800185
170400.59745616646	2000.0	2189.490781159342	0.0	0	0.0	2590.0882373258937	1	0	tensor(3, device='cuda:0')	1.0859147787399637
171200.0	2000.0	2390.088237325823	0.0	0	116.7654238945106	2590.088237325923	1	0	tensor(3, device='cuda:0')	1.7790619592999053
172200.0	2000.0	2390.088237325828	0.0	0	472.31171228317544	2590.088237325923	1	0	tensor(3, device='cuda:0')	1.7790619592999053
173200.0	2000.0	2390.088237325802	0.0	0	250.8960925047868	2590.088237325923	1	0	tensor(3, device='cuda:0')	1.7790619592999053
174200.0	2000.0	2390.0882373258014	0.0	0	378.7303126384213	2590.088237325952	1	0	tensor(3, device='cuda:0')	1.7790619592999015
175200.0	2000.0	2390.088237325769	0.0	0	359.55533774296055	2590.088237325923	1	0	tensor(3, device='cuda:0')	1.7790619592999053
176200.0	2000.0	2390.0882373257796	0.0	0	223.25818292118493	2590.088237325952	1	0	tensor(3, device='cuda:0')	1.7790619592999015
177200.0	2000.0	2390.0882373258064	0.0	0	318.18677068912075	2590.088237325952	1	0	tensor(3, device='cuda:0')	1.7790619592999015
178200.0	2000.0	2390.0882373258196	0.0	0	554.2432951470546	2590.088237325952	1	0	tensor(3, device='cuda:0')	1.7790619592999015
179200.0	2000.0	2390.088237325793	0.0	0	344.6577817740035	2590.088237325923	1	0	tensor(3, device='cuda:0')	1.7790619592999053
180200.0	2000.0	2390.0882373258078	0.0	0	257.35826547740726	2590.088237325923	1	0	tensor(3, device='cuda:0')	1.7790619592999053
181200.0	2000.0	2390.0882373258196	0.0	0	353.79618206547457	2590.088237325923	1	0	tensor(3, device='cuda:0')	1.7790619592999053
182200.0	2000.0	2390.088237325816	0.0	0	450.571600138559	2590.088237325923	1	0	tensor(3, device='cuda:0')	1.7790619592999053
183200.0	2000.0	2390.0882373258055	0.0	0	263.26805342684384	2590.088237325923	1	0	tensor(3, device='cuda:0')	1.7790619592999053
184200.0	2000.0	2390.0882373257905	0.0	0	328.2658101032139	2590.088237325923	1	0	tensor(3, device='cuda:0')	1.7790619592999053
185200.0	2000.0	2390.0882373258023	0.0	0	44.73361522849882	2590.088237325923	1	0	tensor(3, device='cuda:0')	1.7790619592999053
186444.1398990712	2000.0	2145.9483382546396	0.0	0	0.0	2590.088237325923	1	0	tensor(3, device='cuda:0')	1.7790619592999053
188068.29432093046	2000.0	1521.7939163953852	0.0	0	0.0	2590.088237325923	1	0	tensor(3, device='cuda:0')	1.7790619592999053
188724.45090576037	1000.0	1865.637331565452	0.0	0	0.0	2590.088237325923	1	0	tensor(3, device='cuda:0')	0.3927675981800149
189785.8038811408	2000.0	1804.2843561850518	0.0	0	0.0	2590.088237325923	1	0	tensor(3, device='cuda:0')	1.08591477873996
191107.8845617089	2000.0	1482.203675616943	0.0	0	0.0	2590.0882373258937	1	0	tensor(3, device='cuda:0')	1.7790619592999088
191616.91205708368	1000.0	1973.1761802421856	0.0	0	0.0	2590.0882373258937	1	0	tensor(3, device='cuda:0')	0.3927675981800185
192793.83716056755	2000.0	1796.2510767583321	0.0	0	0.0	2590.0882373258937	1	0	tensor(3, device='cuda:0')	1.0859147787399637
193422.63327684152	2000.0	2167.4549604843705	0.0	0	0.0	2590.0882373258937	1	0	tensor(3, device='cuda:0')	1.7790619592999088
194200.0	2000.0	2390.08823732589	0.0	0	306.84687524227775	2590.0882373258937	1	0	tensor(3, device='cuda:0')	1.7790619592999088
195200.0	2000.0	2390.088237325868	0.0	0	373.52339225716423	2590.0882373258937	1	0	tensor(3, device='cuda:0')	1.7790619592999088
196200.0	2000.0	2390.088237325843	0.0	0	107.51233087902074	2590.0882373258937	1	0	tensor(3, device='cuda:0')	1.7790619592999088
197200.0	2000.0	2390.0882373258655	0.0	0	391.1782995882386	2590.0882373258937	1	0	tensor(3, device='cuda:0')	1.7790619592999088
198200.0	2000.0	2390.0882373258664	0.0	0	301.86845881529734	2590.0882373258937	1	0	tensor(3, device='cuda:0')	1.7790619592999088
199200.0	2000.0	2390.0882373258564	0.0	0	451.77312784516835	2590.0882373258937	1	0	tensor(3, device='cuda:0')	1.7790619592999088
200200.0	2000.0	2390.088237325878	0.0	0	262.7545301602513	2590.0882373258937	1	0	tensor(3, device='cuda:0')	1.7790619592999088
201200.0	2000.0	2390.0882373258733	0.0	0	438.2887528158317	2590.088237325923	1	0	tensor(3, device='cuda:0')	1.7790619592999053
202200.0	2000.0	2390.088237325865	0.0	0	283.3996506991971	2590.088237325923	1	0	tensor(3, device='cuda:0')	1.7790619592999053
203200.0	2000.0	2390.0882373258514	0.0	0	94.3301849399868	2590.088237325923	1	0	tensor(3, device='cuda:0')	1.7790619592999053
204276.95018406463	2000.0	2313.1380532612247	0.0	0	0.0	2590.088237325923	1	0	tensor(3, device='cuda:0')	1.7790619592999053
205200.0	2000.0	2390.0882373258783	0.0	0	209.03970509013743	2590.088237325923	1	0	tensor(3, device='cuda:0')	1.7790619592999053
206200.0	2000.0	2390.0882373258887	0.0	0	553.2100184245501	2590.088237325923	1	0	tensor(3, device='cuda:0')	1.7790619592999053
207200.0	2000.0	2390.088237325872	0.0	0	475.03424104495207	2590.088237325923	1	0	tensor(3, device='cuda:0')	1.7790619592999053
208200.0	2000.0	2390.0882373258596	0.0	0	599.9522691984603	2590.0882373258937	1	0	tensor(3, device='cuda:0')	1.7790619592999088
209200.0	2000.0	2390.0882373258755	0.0	0	458.3505085016368	2590.0882373258937	1	0	tensor(3, device='cuda:0')	1.7790619592999088
210200.0	2000.0	2390.0882373258933	0.0	0	325.56321440497413	2590.0882373258937	1	0	tensor(3, device='cuda:0')	1.7790619592999088
211200.0	2000.0	2390.0882373259146	0.0	0	47.448734031728236	2590.0882373258937	1	0	tensor(3, device='cuda:0')	1.7790619592999088
212200.0	2000.0	2390.0882373259055	0.0	0	369.43956897058524	2590.0882373258646	1	0	tensor(3, device='cuda:0')	1.7790619592999124
213200.0	2000.0	2390.088237325934	0.0	0	351.9949868793774	2590.0882373258937	1	0	tensor(3, device='cuda:0')	1.7790619592999088
214200.0	2000.0	2390.08823732596	0.0	0	414.16194175663986	2590.0882373258937	1	0	tensor(3, device='cuda:0')	1.7790619592999088
215200.0	2000.0	2390.088237325955	0.0	0	236.34896318695974	2590.088237325923	1	0	tensor(3, device='cuda:0')	1.7790619592999053
216371.71236907385	2000.0	2218.375868252142	0.0	0	0.0	2590.0882373258937	1	0	tensor(3, device='cuda:0')	1.7790619592999088
217601.20030323663	2000.0	1988.887934089368	0.0	0	0.0	2590.0882373258646	1	0	tensor(3, device='cuda:0')	1.7790619592999124
218463.6500118115	2000.0	2126.438225514499	0.0	0	0.0	2590.0882373258646	1	0	tensor(3, device='cuda:0')	1.7790619592999124
219474.0132449249	2000.0	2116.0749924010915	0.0	0	0.0	2590.0882373258646	1	0	tensor(3, device='cuda:0')	1.7790619592999124
220306.15349778227	2000.0	2283.934739543718	0.0	0	0.0	2590.0882373258646	1	0	tensor(3, device='cuda:0')	1.7790619592999124
221200.0	2000.0	2390.0882373259933	0.0	0	515.2636148760794	2590.0882373258646	1	0	tensor(3, device='cuda:0')	1.7790619592999124
222200.0	2000.0	2390.0882373260006	0.0	0	648.3720004505594	2590.0882373258646	1	0	tensor(3, device='cuda:0')	1.7790619592999124
223200.0	2000.0	2390.0882373259974	0.0	0	709.6212078536046	2590.0882373258646	1	0	tensor(3, device='cuda:0')	1.7790619592999124
224200.0	2000.0	2390.0882373259806	0.0	0	492.6283724058303	2590.0882373258646	1	0	tensor(3, device='cuda:0')	1.7790619592999124
225200.0	2000.0	2390.0882373260033	0.0	0	482.1540299326298	2590.0882373258646	1	0	tensor(3, device='cuda:0')	1.7790619592999124
226200.0	2000.0	2390.0882373260038	0.0	0	374.6202437408501	2590.0882373258646	1	0	tensor(3, device='cuda:0')	1.7790619592999124
227200.0	2000.0	2390.0882373260074	0.0	0	345.3873694311478	2590.0882373258646	1	0	tensor(3, device='cuda:0')	1.7790619592999124
228200.0	2000.0	2390.0882373259874	0.0	0	431.52137387529365	2590.0882373258355	1	0	tensor(3, device='cuda:0')	1.779061959299916
229200.0	2000.0	2390.0882373260233	0.0	0	517.1294914249447	2590.0882373258355	1	0	tensor(3, device='cuda:0')	1.779061959299916
230200.0	2000.0	2390.0882373260115	0.0	0	201.74718221716466	2590.0882373258355	1	0	tensor(3, device='cuda:0')	1.779061959299916
231279.09962499756	2000.0	2310.988612328446	0.0	0	0.0	2590.0882373258355	1	0	tensor(3, device='cuda:0')	1.779061959299916
232200.0	2000.0	2390.088237326023	0.0	0	372.79333582203253	2590.0882373258355	1	0	tensor(3, device='cuda:0')	1.779061959299916
233200.0	2000.0	2390.0882373260256	0.0	0	420.79166447845637	2590.0882373258355	1	0	tensor(3, device='cuda:0')	1.779061959299916
234200.0	2000.0	2390.088237326027	0.0	0	509.00813160443795	2590.0882373258064	1	0	tensor(3, device='cuda:0')	1.7790619592999195
235200.0	2000.0	2390.0882373260315	0.0	0	294.4699862251873	2590.0882373257773	1	0	tensor(3, device='cuda:0')	1.7790619592999233
236200.0	2000.0	2390.08823732606	0.0	0	659.0914236055105	2590.0882373258064	1	0	tensor(3, device='cuda:0')	1.7790619592999195
237200.0	2000.0	2390.0882373260374	0.0	0	627.6051040150633	2590.0882373258064	1	0	tensor(3, device='cuda:0')	1.7790619592999195
238200.0	2000.0	2390.0882373260206	0.0	0	406.23867868824163	2590.0882373258064	1	0	tensor(3, device='cuda:0')	1.7790619592999195
239200.0	2000.0	2390.088237326023	0.0	0	502.59020197208156	2590.0882373258064	1	0	tensor(3, device='cuda:0')	1.7790619592999195
240200.0	2000.0	2390.088237326033	0.0	0	310.3217831341899	2590.0882373258064	1	0	tensor(3, device='cuda:0')	1.7790619592999195
241200.0	2000.0	2390.088237326011	0.0	0	464.3659486074175	2590.0882373258064	1	0	tensor(3, device='cuda:0')	1.7790619592999195
242200.0	2000.0	2390.0882373259865	0.0	0	604.0303752487234	2590.0882373257773	1	0	tensor(3, device='cuda:0')	1.7790619592999233
243200.0	2000.0	2390.0882373259637	0.0	0	271.17948421955225	2590.0882373257773	1	0	tensor(3, device='cuda:0')	1.7790619592999233
244200.0	2000.0	2390.0882373259847	0.0	0	493.43650118706864	2590.0882373257773	1	0	tensor(3, device='cuda:0')	1.7790619592999233
245200.0	2000.0	2390.088237325961	0.0	0	438.68493039900204	2590.0882373257773	1	0	tensor(3, device='cuda:0')	1.7790619592999233
246217.56518664747	2000.0	2372.5230506785038	0.0	0	0.0	2590.0882373258064	1	0	tensor(3, device='cuda:0')	1.7790619592999195
247200.0	2000.0	2390.088237326004	0.0	0	290.1723294213007	2590.0882373258064	1	0	tensor(3, device='cuda:0')	1.7790619592999195
248271.52028559308	2000.0	2318.5679517329468	0.0	0	0.0	2590.0882373258064	1	0	tensor(3, device='cuda:0')	1.7790619592999195
249200.0	2000.0	2390.0882373260088	0.0	0	286.426268529729	2590.0882373258064	1	0	tensor(3, device='cuda:0')	1.7790619592999195
250248.94433218276	2000.0	2341.1439051432694	0.0	0	0.0	2590.0882373258064	1	0	tensor(3, device='cuda:0')	1.7790619592999195
251200.0	2000.0	2390.088237326048	0.0	0	362.1974950135336	2590.0882373258064	1	0	tensor(3, device='cuda:0')	1.7790619592999195
252200.0	2000.0	2390.088237326041	0.0	0	530.8785437779152	2590.0882373258064	1	0	tensor(3, device='cuda:0')	1.7790619592999195
253200.0	2000.0	2390.0882373260447	0.0	0	583.1215627811907	2590.0882373258064	1	0	tensor(3, device='cuda:0')	1.7790619592999195
254200.0	2000.0	2390.088237326057	0.0	0	426.9851954235637	2590.0882373258064	1	0	tensor(3, device='cuda:0')	1.7790619592999195
255200.0	2000.0	2390.0882373260342	0.0	0	459.16188439688995	2590.0882373258064	1	0	tensor(3, device='cuda:0')	1.7790619592999195
256200.0	2000.0	2390.0882373260183	0.0	0	387.41423578732065	2590.0882373257773	1	0	tensor(3, device='cuda:0')	1.7790619592999233
257200.0	2000.0	2390.088237326013	0.0	0	393.9282160966832	2590.0882373257773	1	0	tensor(3, device='cuda:0')	1.7790619592999233
258200.0	2000.0	2390.088237326046	0.0	0	182.12784947647015	2590.0882373257773	1	0	tensor(3, device='cuda:0')	1.7790619592999233
259200.0	2000.0	2390.088237326039	0.0	0	437.79440711511415	2590.0882373257773	1	0	tensor(3, device='cuda:0')	1.7790619592999233
260200.0	2000.0	2390.088237326046	0.0	0	536.7137141673302	2590.0882373257773	1	0	tensor(3, device='cuda:0')	1.7790619592999233
261200.0	2000.0	2390.088237326042	0.0	0	481.71697744110133	2590.0882373257773	1	0	tensor(3, device='cuda:0')	1.7790619592999233
262200.0	2000.0	2390.0882373260256	0.0	0	374.66610309368116	2590.0882373257773	1	0	tensor(3, device='cuda:0')	1.7790619592999233
263200.0	2000.0	2390.08823732603	0.0	0	263.01824213785585	2590.088237325748	1	0	tensor(3, device='cuda:0')	1.7790619592999282
264200.0	2000.0	2390.088237326009	0.0	0	389.2703709989437	2590.088237325719	1	0	tensor(3, device='cuda:0')	1.7790619592999304
265356.9302395738	2000.0	2233.1579977522574	0.0	0	0.0	2590.088237325719	1	0	tensor(3, device='cuda:0')	1.7790619592999304
266376.25024276035	2000.0	2213.8379945657043	0.0	0	0.0	2590.088237325719	1	0	tensor(3, device='cuda:0')	1.7790619592999304
267200.0	2000.0	2390.0882373260783	0.0	0	92.87393554270966	2590.0882373257773	1	0	tensor(3, device='cuda:0')	1.7790619592999233
268200.0	2000.0	2390.0882373260824	0.0	0	471.5528584966087	2590.0882373257773	1	0	tensor(3, device='cuda:0')	1.7790619592999233
269200.0	2000.0	2390.0882373260665	0.0	0	508.7189965462312	2590.0882373257773	1	0	tensor(3, device='cuda:0')	1.7790619592999233
270200.0	2000.0	2390.0882373260483	0.0	0	190.11033220024547	2590.0882373257773	1	0	tensor(3, device='cuda:0')	1.7790619592999233
271638.86718139675	2000.0	1951.2210559292828	0.0	0	0.0	2590.0882373257773	1	0	tensor(3, device='cuda:0')	1.7790619592999233
272685.8279200501	2000.0	1904.2603172759457	0.0	0	0.0	2590.0882373257773	1	0	tensor(3, device='cuda:0')	1.7790619592999233
273406.2650271472	2000.0	2183.823210178843	0.0	0	0.0	2590.0882373257773	1	0	tensor(3, device='cuda:0')	1.7790619592999233
274449.9864129934	2000.0	2140.1018243326725	0.0	0	0.0	2590.0882373257773	1	0	tensor(3, device='cuda:0')	1.7790619592999233
275362.18980055524	2000.0	2227.8984367708504	0.0	0	0.0	2590.0882373257773	1	0	tensor(3, device='cuda:0')	1.7790619592999233
276510.2461392835	2000.0	2079.842098042591	0.0	0	0.0	2590.0882373257773	1	0	tensor(3, device='cuda:0')	1.7790619592999233
277632.7167606367	2000.0	1957.3714766893454	0.0	0	0.0	2590.0882373257773	1	0	tensor(3, device='cuda:0')	1.7790619592999233
278200.0	2000.0	2390.088237326047	0.0	0	79.53049969818676	2590.088237325719	1	0	tensor(3, device='cuda:0')	1.7790619592999304
279200.0	2000.0	2390.0882373260247	0.0	0	404.1381284141098	2590.088237325719	1	0	tensor(3, device='cuda:0')	1.7790619592999304
280200.0	2000.0	2390.088237326008	0.0	0	444.99943689990323	2590.088237325719	1	0	tensor(3, device='cuda:0')	1.7790619592999304
281200.0	2000.0	2390.0882373260347	0.0	0	433.7645481505897	2590.088237325719	1	0	tensor(3, device='cuda:0')	1.7790619592999304
282200.0	2000.0	2390.0882373260533	0.0	0	89.01305413863156	2590.0882373257773	1	0	tensor(3, device='cuda:0')	1.7790619592999233
283200.0	2000.0	2390.0882373260174	0.0	0	486.9336565856938	2590.0882373257773	1	0	tensor(3, device='cuda:0')	1.7790619592999233
284200.0	2000.0	2390.0882373260415	0.0	0	406.444296856469	2590.0882373257773	1	0	tensor(3, device='cuda:0')	1.7790619592999233
285200.0	2000.0	2390.0882373260138	0.0	0	244.08111541019753	2590.0882373257773	1	0	tensor(3, device='cuda:0')	1.7790619592999233
286383.52113218175	2000.0	2206.5671051442678	0.0	0	0.0	2590.0882373257773	1	0	tensor(3, device='cuda:0')	1.7790619592999233
287200.14383917116	2000.0	2389.944398154803	0.0	0	0.0	2590.0882373257773	1	0	tensor(3, device='cuda:0')	1.7790619592999233
288200.0	2000.0	2390.0882373259446	0.0	0	224.94672221585643	2590.0882373257773	1	0	tensor(3, device='cuda:0')	1.7790619592999233
289200.0	2000.0	2390.0882373259315	0.0	0	517.0343210828723	2590.0882373257773	1	0	tensor(3, device='cuda:0')	1.7790619592999233
290200.0	2000.0	2390.0882373259865	0.0	0	308.0786294657155	2590.0882373258355	1	0	tensor(3, device='cuda:0')	1.779061959299916
291220.8658234863	2000.0	2369.222413839631	0.0	0	0.0	2590.0882373257773	1	0	tensor(3, device='cuda:0')	1.7790619592999233
292200.0	2000.0	2390.0882373259215	0.0	0	285.9470277031651	2590.0882373257773	1	0	tensor(3, device='cuda:0')	1.7790619592999233
293200.0	2000.0	2390.088237325863	0.0	0	215.69784556387458	2590.088237325719	1	0	tensor(3, device='cuda:0')	1.7790619592999304
294255.19550988264	2000.0	2334.8927274432176	0.0	0	0.0	2590.088237325719	1	0	tensor(3, device='cuda:0')	1.7790619592999304
295200.0	2000.0	2390.0882373259133	0.0	0	94.62292902707122	2590.088237325719	1	0	tensor(3, device='cuda:0')	1.7790619592999304
296200.0	2000.0	2390.0882373258737	0.0	0	314.5186246923404	2590.088237325719	1	0	tensor(3, device='cuda:0')	1.7790619592999304
297200.0	2000.0	2390.0882373258682	0.0	0	413.3054965559859	2590.088237325719	1	0	tensor(3, device='cuda:0')	1.7790619592999304
298335.71042795974	2000.0	2254.3778093660817	0.0	0	0.0	2590.088237325719	1	0	tensor(3, device='cuda:0')	1.7790619592999304
299200.0	2000.0	2390.0882373257637	0.0	0	330.5018075966509	2590.0882373257773	1	0	tensor(3, device='cuda:0')	1.7790619592999233
300200.0	2000.0	2390.0882373257227	0.0	0	493.17415270517813	2590.0882373257773	1	0	tensor(3, device='cuda:0')	1.7790619592999233
301200.0	2000.0	2390.0882373256436	0.0	0	576.4785314823966	2590.088237325719	1	0	tensor(3, device='cuda:0')	1.7790619592999304
302386.2785392301	2000.0	2203.809698095519	0.0	0	0.0	2590.088237325719	1	0	tensor(3, device='cuda:0')	1.7790619592999304
303488.5630755211	2000.0	2101.5251618045654	0.0	0	0.0	2590.088237325719	1	0	tensor(3, device='cuda:0')	1.7790619592999304
304638.1440119149	2000.0	1951.9442254107348	0.0	0	0.0	2590.088237325719	1	0	tensor(3, device='cuda:0')	1.7790619592999304
305515.65870258556	1000.0	2074.4295347401066	0.0	0	0.0	2590.088237325719	1	0	tensor(3, device='cuda:0')	0.39276759818004003
306316.7437740118	1000.0	2273.344463313873	0.0	0	0.0	2590.088237325719	1	0	tensor(3, device='cuda:0')	1.0859147787399852
3.72	2.71	2.72	3.08	2.69	3.7	3.54	4.78	5.8	3.15	2.2	1.45	1.71	1.33	1.73	2.81	3.22	3.06	1.73	2.31	2.56	3.95	3.72	3.2	3.26	3.96	3.09	1.93	1.71	2.68	3.89	3.02	3.46	3.3	2.22	2.36	2.85	2.61	2.54	2.5	2.85	3.36	3.92	4.38	3.76	2.94	2.47	2.9	1.93	1.88	2.66	2.33	1.76	2.18	3.29	3.53	3.53	2.43	2.02	2.37	2.61	3.14	3.97	3.65	4.31	2.75	2.15	2.4	2.22	1.66	2.33	3.7	4.85	4.92	3.01	2.2	3.21	3.61	3.35	3.74	4.55	3.32	2.79	3.05	3.35	3.04	3.41	4.51	5.24	2.97	1.51	1.84	2.05	3.23	2.85	2.73	3.04	2.22	3.01	2.78	1.4	1.81	2.83	2.79	2.97	3.82	2.18	1.77	1.9	2.93	3.04	2.85	2.69	2.83	3.57	3.09	3.45	3.3	2.43	2.12	2.02	1.68	2.66	2.81	2.05	1.8	2.94	2.94	2.29	2.42	2.86	2.29	1.96	1.91	2.18	3.08	4.26	4.36	3.44	4.55	5.71	5.35	3.83	3.32	2.56	2.65	3.38	3.35	4.67	5.24	4.0	3.49	2.61	2.0	3.0	2.99	1.69	2.39	2.66	1.83	1.55	2.11	2.86	3.36	3.35	3.93	2.93	2.33	3.34	4.04	2.66	2.77	3.79	4.2	3.38	2.26	2.68	1.96	2.04	1.32	1.83	2.48	1.29	1.84	2.95	4.29	3.86	2.35	3.6	3.79	3.36	3.37	3.04	2.65	2.63	2.27	2.58	3.94	4.75	4.61	4.81	3.56	2.18	3.35	4.14	2.88	2.71	1.87	1.89	2.41	2.44	3.37	4.74	5.65	6.48	5.37	3.31	3.44	3.76	4.17	4.93	1.8	2.27	3.53	4.67	3.86	3.72	5.17	4.36	3.64	3.38	3.94	4.22	4.36	3.31	4.01	2.78	1.8	2.32	2.28	3.01	2.27	2.99	3.97	3.96	4.43	4.53	3.34	2.49	3.44	3.27	3.7	2.98	2.69	3.7	2.9	2.24	1.76	2.8	4.02	5.27	2.65	1.48	2.34	2.87	1.64	2.47	1.75	2.13	3.31	3.15	3.72	3.85	2.88	3.07	3.36	2.5	2.11	2.93	3.32	3.21	2.84	2.46	3.36	2.44	2.47	2.88	3.64	2.4	2.26	3.57	4.54	4.2	1.82	1.97	2.17	1.27	1.59	2.32	2.79	1.49
739.0	740.0	741.0	742.0	743.0	744.0	745.0	746.0	747.0	748.0	749.0	750.0	751.0	752.0	753.0	754.0	755.0	756.0	757.0	758.0	759.0	760.0	761.0	762.0	763.0	764.0	765.0	766.0	767.0	768.0	769.0	770.0	771.0	772.0	773.0	774.0	775.0	776.0	777.0	778.0	779.0	780.0	781.0	782.0	783.0	784.0	785.0	786.0	787.0	788.0	789.0	790.0	791.0	792.0	793.0	794.0	795.0	796.0	797.0	798.0	799.0	800.0	801.0	802.0	803.0	804.0	805.0	806.0	807.0	808.0	809.0	810.0	811.0	812.0	813.0	814.0	815.0	816.0	817.0	818.0	819.0	820.0	821.0	822.0	823.0	824.0	825.0	826.0	827.0	828.0	829.0	830.0	831.0	832.0	833.0	834.0	835.0	836.0	837.0	838.0	839.0	840.0	841.0	842.0	843.0	844.0	845.0	846.0	847.0	848.0	849.0	850.0	851.0	852.0	853.0	854.0	855.0	856.0	857.0	858.0	859.0	860.0	861.0	862.0	863.0	864.0	865.0	866.0	867.0	868.0	869.0	870.0	871.0	872.0	873.0	874.0	875.0	876.0	877.0	878.0	879.0	880.0	881.0	882.0	883.0	884.0	885.0	886.0	887.0	888.0	889.0	890.0	891.0	892.0	893.0	894.0	895.0	896.0	897.0	898.0	899.0	900.0	901.0	902.0	903.0	904.0	905.0	906.0	907.0	908.0	909.0	910.0	911.0	912.0	913.0	914.0	915.0	916.0	917.0	918.0	919.0	920.0	921.0	922.0	923.0	924.0	925.0	926.0	927.0	928.0	929.0	930.0	931.0	932.0	933.0	934.0	935.0	936.0	937.0	938.0	939.0	940.0	941.0	942.0	943.0	944.0	945.0	946.0	947.0	948.0	949.0	950.0	951.0	952.0	953.0	954.0	955.0	956.0	957.0	958.0	959.0	960.0	961.0	962.0	963.0	964.0	965.0	966.0	967.0	968.0	969.0	970.0	971.0	972.0	973.0	974.0	975.0	976.0	977.0	978.0	979.0	980.0	981.0	982.0	983.0	984.0	985.0	986.0	987.0	988.0	989.0	990.0	991.0	992.0	993.0	994.0	995.0	996.0	997.0	998.0	999.0	1000.0	1001.0	1002.0	1003.0	1004.0	1005.0	1006.0	1007.0	1008.0	1009.0	1010.0	1011.0	1012.0	1013.0	1014.0	1015.0	1016.0	1017.0	1018.0	1019.0	1020.0	1021.0	1022.0	1023.0	1024.0	1025.0	1026.0	1027.0	1028.0	1029.0	1030.0	1031.0	1032.0	1033.0	1034.0	1035.0	1036.0	1037.0	1038.0	1039.0
8339.0
