7075.7687616731755	300.0	2000.0	178.6743259374267	0	0.0	7075.7687616731755	1	0	tensor(5, device='cuda:0')	-4.516010845465066
7310.278476496066	300.0	2706.8628564713867	0.0	0	0.0	7017.141332967453	1	0	tensor(5, device='cuda:0')	-3.0552292689620972
7883.161199348749	1000.0	2990.7594529055336	0.0	0	0.0	6873.920652254283	1	0	tensor(5, device='cuda:0')	-3.1254970008782217
8278.401100648569	1000.0	3496.7095762807603	0.0	0	0.0	6775.11067692933	1	0	tensor(5, device='cuda:0')	-1.7420253558912484
9726.832685008701	3000.0	2686.170095830595	0.0	0	0.0	6413.002780839297	1	0	tensor(5, device='cuda:0')	-1.9955988661277944
10577.626644128244	3000.0	2622.6776469311685	0.0	0	0.0	6200.304291059411	1	0	tensor(5, device='cuda:0')	-0.36501341760242245
11538.278658993477	3000.0	2421.862628349629	0.0	0	0.0	5960.141287343103	1	0	tensor(5, device='cuda:0')	-0.18686175311497077
12485.493923394286	3000.0	2237.843547848617	0.0	0	0.0	5723.3374712428995	1	0	tensor(5, device='cuda:0')	0.05533828832142978
13608.648906819915	3000.0	1833.8998185665814	0.0	0	0.0	5442.548725386493	1	0	tensor(5, device='cuda:0')	0.22582705680171344
14584.025835844108	3000.0	1614.6786572863398	0.0	0	0.0	5198.704493130443	1	0	tensor(5, device='cuda:0')	0.5289169517474253
15610.890392018759	3000.0	1331.097962068026	0.0	0	0.0	4941.988354086781	1	0	tensor(5, device='cuda:0')	0.7131096685002687
16547.73192584898	3000.0	1160.0460447802461	0.0	0	0.0	4707.777970629224	1	0	tensor(5, device='cuda:0')	0.9380150342561098
18332.794485866347	3000.0	200.0	217.02572419317204	0	0.0	4532.794485866345	1	0	tensor(5, device='cuda:0')	-0.503391093844993
18723.61348698008	1000.0	754.0874795844983	34.08898478133476	0	0.0	4477.700966564576	1	0	tensor(5, device='cuda:0')	-0.9987764681492223
19198.08422365286	1000.0	1160.9990587435234	0.0	0	0.0	4359.083282396379	1	0	tensor(5, device='cuda:0')	0.3105855981179222
19594.194586458012	1000.0	1665.8611052370832	0.0	0	0.0	4260.05569169509	1	0	tensor(5, device='cuda:0')	0.4066999704206923
20928.652840809795	3000.0	997.7882872973594	0.0	0	0.0	3926.441128107148	1	0	tensor(5, device='cuda:0')	0.0632904678539436
21292.96481617892	1000.0	1542.398318085956	0.0	0	0.0	3835.363134264866	1	0	tensor(5, device='cuda:0')	-0.48658122227137124
22287.57161852659	3000.0	1299.139815151367	0.0	0	0.0	3586.7114336779487	1	0	tensor(5, device='cuda:0')	0.36850388671689793
23087.199689795485	3000.0	1299.6047260652438	0.0	0	0.0	3386.8044158607263	1	0	tensor(5, device='cuda:0')	1.6278281303339917
24162.89188575125	3000.0	954.9894811205379	0.0	0	0.0	3117.8813668717885	1	0	tensor(5, device='cuda:0')	1.5494821041827505
25052.28924398961	3000.0	843.2427833225922	0.0	0	0.0	2895.532027312198	1	0	tensor(5, device='cuda:0')	1.6862462063483943
25755.66776289103	3000.0	964.0196346958202	0.0	0	0.0	2719.687397586844	1	0	tensor(5, device='cuda:0')	1.8092124360085136
26548.147890684348	3000.0	973.4194749541746	0.0	0	0.0	2521.567365638515	1	0	tensor(5, device='cuda:0')	1.7903547581870827
27155.586528041622	3000.0	1214.1211782575865	0.0	0	0.0	2369.707706299203	1	0	tensor(5, device='cuda:0')	1.9016380441680112
28006.147083107095	3000.0	1150.9204844257433	0.0	0	0.0	2157.067567532831	1	0	tensor(5, device='cuda:0')	1.798598168253578
28500.427718268566	3000.0	1533.0696904739034	0.0	0	0.0	2033.4974087424598	1	0	tensor(5, device='cuda:0')	1.9887903278255248
29200.0	3000.0	1658.6043383096076	0.0	0	214.3197806959979	1858.6043383095966	1	0	tensor(5, device='cuda:0')	1.8956215595492945
30200.0	3000.0	1408.6043383096078	0.0	0	411.6384663976096	1608.6043383095966	1	0	tensor(5, device='cuda:0')	1.7585146878529163
31207.91245021963	3000.0	1148.71377553507	0.0	0	0.0	1356.6262257546841	1	0	tensor(5, device='cuda:0')	1.7679840561681766
32200.0	3000.0	908.6043383096098	0.0	0	157.9348615933559	1108.6043383095966	1	0	tensor(5, device='cuda:0')	1.7839938624593434
33604.292218101575	3000.0	200.0	37.40874745389149	0	0.0	804.2922181015529	1	0	tensor(5, device='cuda:0')	1.38107921676231
34622.81119084342	2000.0	476.0990616455722	294.61803438742203	0	0.0	1098.910252488975	1	0	tensor(3, device='cuda:0')	-0.7956970379574094
35510.906165926965	2000.0	588.0040865620215	0.0	0	0.0	1098.9102524889677	1	0	tensor(3, device='cuda:0')	1.8774762764752868
36543.04080382974	2000.0	555.8694486592441	0.0	0	0.0	1098.9102524889677	1	0	tensor(3, device='cuda:0')	1.8774762764752868
37322.548330505124	2000.0	776.3619219838578	0.0	0	0.0	1098.9102524889677	1	0	tensor(3, device='cuda:0')	1.8774762764752868
38200.0	2000.0	898.9102524889786	0.0	0	56.630799549559015	1098.9102524889677	1	0	tensor(3, device='cuda:0')	1.8774762764752868
39200.0	2000.0	898.9102524889715	0.0	0	394.2051629055277	1098.9102524889604	1	0	tensor(3, device='cuda:0')	1.877476276475287
40200.0	2000.0	898.9102524889694	0.0	0	135.75563689525734	1098.9102524889604	1	0	tensor(3, device='cuda:0')	1.877476276475287
41200.0	2000.0	898.9102524889587	0.0	0	221.9946580034084	1098.9102524889604	1	0	tensor(3, device='cuda:0')	1.877476276475287
42438.629786219084	2000.0	660.2804662698672	0.0	0	0.0	1098.9102524889531	1	0	tensor(3, device='cuda:0')	1.8774762764752873
43317.47582519126	2000.0	781.4344272976903	0.0	0	0.0	1098.9102524889458	1	0	tensor(3, device='cuda:0')	1.8774762764752875
44200.0	2000.0	898.910252488941	0.0	0	249.74283731144533	1098.9102524889386	1	0	tensor(3, device='cuda:0')	1.8774762764752877
45200.0	2000.0	898.9102524889389	0.0	0	15.405606879343395	1098.9102524889386	1	0	tensor(3, device='cuda:0')	1.8774762764752877
46200.0	2000.0	898.9102524889372	0.0	0	349.1832502397883	1098.9102524889313	1	0	tensor(3, device='cuda:0')	1.8774762764752877
47522.16462851237	2000.0	576.7456239765589	0.0	0	0.0	1098.9102524889313	1	0	tensor(3, device='cuda:0')	1.8774762764752877
48200.0	1000.0	898.9102524889296	0.0	0	113.66568286350957	1098.9102524889313	1	0	tensor(3, device='cuda:0')	0.4911819153553977
49200.0	2000.0	898.910252488932	0.0	0	27.851622580936237	1098.9102524889313	1	0	tensor(3, device='cuda:0')	1.1843290959153427
50200.0	2000.0	898.9102524889331	0.0	0	129.75761385637452	1098.910252488924	1	0	tensor(3, device='cuda:0')	1.8774762764752881
51594.724487027386	2000.0	504.185765461546	0.0	0	0.0	1098.9102524889167	1	0	tensor(3, device='cuda:0')	1.8774762764752884
52760.06671398611	1000.0	399.8908212224221	61.04728271960619	0	0.0	1159.957535208523	1	0	tensor(3, device='cuda:0')	0.12305365002063035
53549.13558759297	1000.0	624.6435711606313	13.821623545068405	0	0.0	1173.7791587535976	1	0	tensor(3, device='cuda:0')	1.0991215421756506
54221.07772376695	1000.0	952.701434986651	0.0	0	0.0	1173.7791587535903	1	0	tensor(3, device='cuda:0')	1.1820512834460613
55447.23931731029	2000.0	726.5398414433084	0.0	0	0.0	1173.7791587535903	1	0	tensor(3, device='cuda:0')	1.182051283446061
56200.0	1000.0	973.7791587535953	0.0	0	83.86091784213932	1173.779158753583	1	0	tensor(3, device='cuda:0')	0.48890410288611624
57200.0	1000.0	973.7791587536012	0.0	0	81.7789698054039	1173.779158753583	1	0	tensor(3, device='cuda:0')	1.1820512834460615
58200.0	1000.0	973.7791587535976	0.0	0	68.86949756729155	1173.779158753583	1	0	tensor(3, device='cuda:0')	1.1820512834460615
59200.0	1000.0	973.7791587535971	0.0	0	273.8768088542056	1173.779158753583	1	0	tensor(3, device='cuda:0')	1.1820512834460615
60200.0	1000.0	973.7791587536108	0.0	0	582.4629489313011	1173.779158753583	1	0	tensor(3, device='cuda:0')	1.1820512834460615
61448.78933612409	2000.0	724.9898226295159	0.0	0	0.0	1173.779158753583	1	0	tensor(3, device='cuda:0')	1.1820512834460613
62417.76238927822	2000.0	756.0167694753825	0.0	0	0.0	1173.779158753583	1	0	tensor(3, device='cuda:0')	1.8751984640060066
63611.76822715339	2000.0	562.0109316002092	0.0	0	0.0	1173.7791587535758	1	0	tensor(3, device='cuda:0')	1.8751984640060069
65003.52042559318	2000.0	287.8900772093402	117.63134404891161	0	0.0	1291.4105028024933	1	0	tensor(3, device='cuda:0')	1.1654748155124446
65542.86154902742	1000.0	749.5884119543496	1.0394581792518807	0	0.0	1292.449960981743	1	0	tensor(3, device='cuda:0')	0.4786949247524285
66945.11323655726	2000.0	347.33672442451905	0.0	0	0.0	1292.449960981743	1	0	tensor(3, device='cuda:0')	1.178078854387885
67860.49264650911	1000.0	516.6568865881811	84.69957211551639	0	0.0	1377.1495330972684	1	0	tensor(3, device='cuda:0')	-0.026397973759545862
68899.5654793638	1000.0	477.5840537335032	0.0	0	0.0	1377.1495330972539	1	0	tensor(3, device='cuda:0')	1.1749466394934984
69501.85099372118	1000.0	875.2985393761273	0.0	0	0.0	1377.1495330972684	1	0	tensor(3, device='cuda:0')	1.1749466394934978
70200.0	1000.0	1177.149533097316	0.0	0	251.62002666566696	1377.1495330972684	1	0	tensor(3, device='cuda:0')	1.1749466394934978
71233.22756154969	2000.0	1143.9219715476097	0.0	0	0.0	1377.1495330972684	1	0	tensor(3, device='cuda:0')	1.174946639493498
72200.0	1000.0	935.4564234847257	0.0	0	354.6137484209321	1135.4564234846912	1	0	tensor(5, device='cuda:0')	-0.4963079566718164
73200.0	2000.0	935.4564234847105	0.0	0	219.88176566602488	1135.4564234846766	1	0	tensor(3, device='cuda:0')	0.6832381849577989
74200.0	2000.0	935.4564234847071	0.0	0	144.41042743917205	1135.4564234846766	1	0	tensor(3, device='cuda:0')	1.876385365517744
75200.0	2000.0	685.4564234847053	0.0	0	446.9675608680118	885.4564234846621	1	0	tensor(5, device='cuda:0')	0.8806658377975864
76200.0	2000.0	435.45642348471415	0.0	0	489.4509085560421	635.4564234846621	1	0	tensor(5, device='cuda:0')	1.386425591448548
77200.0	2000.0	435.456423484697	0.0	0	420.41214069766284	635.4564234846621	1	0	tensor(3, device='cuda:0')	1.3883792814539082
78200.0	2000.0	435.45642348471006	0.0	0	287.4696274722228	635.4564234846766	1	0	tensor(3, device='cuda:0')	1.8883792814539082
79200.0	2000.0	435.45642348470074	0.0	0	336.9420841006213	635.4564234846621	1	0	tensor(3, device='cuda:0')	1.8883792814539082
80340.62143670079	2000.0	294.8349867839115	0.0	0	0.0	635.4564234846621	1	0	tensor(3, device='cuda:0')	1.8883792814539082
81803.65840424816	2000.0	234.06056297101796	402.26254373448313	0	0.0	1037.718967219189	1	0	tensor(3, device='cuda:0')	-0.5343581137601374
82926.23398628677	2000.0	361.9760283216291	250.49104738920659	0	0.0	1288.2100146083976	1	0	tensor(3, device='cuda:0')	0.3684298047454968
83805.00854654665	1000.0	564.4288475344939	81.22737947273714	0	0.0	1369.4373940811347	1	0	tensor(3, device='cuda:0')	-0.0052687282445961214
84553.34858973185	1000.0	816.0888043493004	0.0	0	0.0	1369.4373940811347	1	0	tensor(3, device='cuda:0')	1.175242729151772
85200.0	1000.0	1169.4373940811536	0.0	0	186.74490628723288	1369.4373940811347	1	0	tensor(3, device='cuda:0')	1.175242729151772
86200.0	2000.0	1169.4373940811422	0.0	0	154.89619576191762	1369.4373940811347	1	0	tensor(3, device='cuda:0')	1.175242729151772
87200.0	1000.0	1169.4373940811488	0.0	0	161.0485980911908	1369.4373940811347	1	0	tensor(3, device='cuda:0')	0.4820955485918268
88200.0	1000.0	1169.4373940811445	0.0	0	521.9533093281352	1369.4373940811201	1	0	tensor(3, device='cuda:0')	1.1752427291517726
89200.0	1000.0	919.4373940811404	0.0	0	369.2998589741037	1119.4373940811056	1	0	tensor(5, device='cuda:0')	0.1807354303008518
90203.93943472496	2000.0	915.4979593561795	0.0	0	0.0	1119.437394081091	1	0	tensor(3, device='cuda:0')	0.6837211937201938
91200.0	2000.0	919.437394081149	0.0	0	298.1775280538277	1119.437394081091	1	0	tensor(3, device='cuda:0')	1.8768683742801389
92200.0	2000.0	919.4373940811413	0.0	0	114.3039125190844	1119.437394081091	1	0	tensor(3, device='cuda:0')	1.8768683742801389
93200.0	2000.0	919.4373940811515	0.0	0	322.77859000643366	1119.437394081091	1	0	tensor(3, device='cuda:0')	1.8768683742801389
94200.0	2000.0	919.4373940811535	0.0	0	260.590421859888	1119.4373940810765	1	0	tensor(3, device='cuda:0')	1.8768683742801395
95200.0	2000.0	919.4373940811377	0.0	0	309.54718662238156	1119.4373940810765	1	0	tensor(3, device='cuda:0')	1.8768683742801395
96227.05834034603	3000.0	635.6144686485814	0.0	0	0.0	862.6728089945536	1	0	tensor(5, device='cuda:0')	0.8683309213493433
97200.0	2000.0	662.6728089946241	0.0	0	95.47233405229053	862.6728089945536	1	0	tensor(3, device='cuda:0')	0.9781890808971503
98200.0	2000.0	662.6728089946271	0.0	0	376.5617539289815	862.6728089945391	1	0	tensor(3, device='cuda:0')	1.8836541890053151
99200.0	2000.0	662.6728089946324	0.0	0	266.0189361007215	862.6728089945391	1	0	tensor(3, device='cuda:0')	1.8836541890053151
100200.0	2000.0	662.6728089946428	0.0	0	507.1995765478641	862.6728089945391	1	0	tensor(3, device='cuda:0')	1.8836541890053151
101200.0	2000.0	662.6728089946615	0.0	0	505.38247135728307	862.6728089945391	1	0	tensor(3, device='cuda:0')	1.8836541890053151
102200.0	2000.0	662.6728089946629	0.0	0	420.9088207736786	862.6728089945536	1	0	tensor(3, device='cuda:0')	1.883654189005315
103200.0	2000.0	662.6728089946462	0.0	0	431.76148818276124	862.6728089945536	1	0	tensor(3, device='cuda:0')	1.883654189005315
104200.0	2000.0	662.672808994644	0.0	0	360.3650052959565	862.6728089945536	1	0	tensor(3, device='cuda:0')	1.883654189005315
105218.59813293828	2000.0	644.0746760563767	0.0	0	0.0	862.6728089945682	1	0	tensor(3, device='cuda:0')	1.8836541890053144
106200.0	2000.0	662.672808994648	0.0	0	154.9633823465556	862.6728089945682	1	0	tensor(3, device='cuda:0')	1.8836541890053144
107200.0	2000.0	662.6728089946525	0.0	0	268.6745722915075	862.6728089945682	1	0	tensor(3, device='cuda:0')	1.8836541890053144
108308.18678509384	2000.0	554.4860239008085	0.0	0	0.0	862.6728089945682	1	0	tensor(3, device='cuda:0')	1.8836541890053144
109200.0	2000.0	662.6728089946513	0.0	0	7.991717339406023	862.6728089945682	1	0	tensor(3, device='cuda:0')	1.8836541890053144
110552.59116961823	2000.0	310.08163937642354	0.0	0	0.0	862.6728089945682	1	0	tensor(3, device='cuda:0')	1.8836541890053144
112818.50455158623	2000.0	208.0238319985229	1163.855574590099	0	0.0	2026.5283835847513	1	0	tensor(3, device='cuda:0')	-5.145796192499577
113309.23229574505	1000.0	686.4988070919889	73.5077242336078	0	0.0	1995.7311028370314	1	0	tensor(5, device='cuda:0')	-0.7028204814726537
113803.03577301902	1000.0	1069.2444604995062	0.0	0	0.0	1872.280233518526	1	0	tensor(5, device='cuda:0')	0.9018512332235581
114209.85871978481	1000.0	1560.7157770422507	0.0	0	0.0	1770.5744968270737	1	0	tensor(5, device='cuda:0')	0.9515638466298482
115446.74022226846	3000.0	1014.6138989376857	0.0	0	0.0	1461.3541212061536	1	0	tensor(5, device='cuda:0')	0.5498035866549089
116213.93000783611	3000.0	1055.6266669781157	0.0	0	0.0	1269.55667481423	1	0	tensor(5, device='cuda:0')	1.8922816487894667
117212.41861361881	3000.0	807.5159097497555	0.0	0	0.0	1019.9345233685599	1	0	tensor(5, device='cuda:0')	1.7842587262454457
118200.0	3000.0	573.0391767732697	0.0	0	114.20862948418653	773.0391767732654	1	0	tensor(5, device='cuda:0')	1.7954316097229204
119200.0	2000.0	573.0391767732785	0.0	0	299.5261191808095	773.0391767732654	1	0	tensor(3, device='cuda:0')	0.98018081179411
120241.46749870997	2000.0	531.5716780633076	0.0	0	0.0	773.0391767732508	1	0	tensor(3, device='cuda:0')	1.8856459199022748
121200.0	2000.0	573.039176773288	0.0	0	191.2528969295672	773.0391767732362	1	0	tensor(3, device='cuda:0')	1.885645919902275
122200.0	2000.0	573.039176773291	0.0	0	394.20450691258884	773.0391767732362	1	0	tensor(3, device='cuda:0')	1.885645919902275
123200.0	2000.0	573.039176773293	0.0	0	237.40100627830543	773.0391767732362	1	0	tensor(3, device='cuda:0')	1.885645919902275
124200.0	2000.0	573.0391767732934	0.0	0	336.95726373628713	773.0391767732217	1	0	tensor(3, device='cuda:0')	1.8856459199022755
125806.93966095349	2000.0	200.0	233.90048418019	0	0.0	1006.939660953416	1	0	tensor(3, device='cuda:0')	0.4779793638533746
126742.73898166016	2000.0	502.5192595028142	238.31858020951572	0	0.0	1245.2582411629264	1	0	tensor(3, device='cuda:0')	0.4429499733275078
127441.55131076454	2000.0	803.7069303984289	0.0	0	0.0	1245.2582411629119	1	0	tensor(3, device='cuda:0')	1.8728614545846025
128200.0	2000.0	1045.258241162957	0.0	0	77.89678420398559	1245.2582411629119	1	0	tensor(3, device='cuda:0')	1.8728614545846025
129200.0	2000.0	1045.2582411629667	0.0	0	21.217166289003217	1245.2582411629119	1	0	tensor(3, device='cuda:0')	1.8728614545846025
130335.35684630324	2000.0	626.0621832839083	0.0	0	0.0	961.4190295871085	1	0	tensor(5, device='cuda:0')	0.8112176484619209
131200.0	2000.0	761.4190295871754	0.0	0	59.113337275746744	961.4190295871231	1	0	tensor(3, device='cuda:0')	1.381245743650367
132285.12498526578	2000.0	676.2940443214069	0.0	0	0.0	961.4190295871522	1	0	tensor(3, device='cuda:0')	1.8812457436503662
133284.25101767937	2000.0	677.1680119078285	0.0	0	0.0	961.4190295871522	1	0	tensor(3, device='cuda:0')	1.8812457436503658
134945.6834662263	2000.0	200.0	184.26443663909473	0	0.0	1145.683466226299	1	0	tensor(3, device='cuda:0')	0.7720101295160362
135592.07007290004	1000.0	688.0280597335644	134.41466640730718	0	0.0	1280.098132633604	1	0	tensor(3, device='cuda:0')	-0.3211209219668897
136213.52281152704	1000.0	1066.5753211065494	0.0	0	0.0	1280.098132633604	1	0	tensor(3, device='cuda:0')	1.1785142570368983
137200.0	2000.0	1080.098132633563	0.0	0	231.79982793104136	1280.098132633575	1	0	tensor(3, device='cuda:0')	1.1785142570368994
138200.0	2000.0	830.0981326335503	0.0	0	186.60524492527475	1030.0981326335168	1	0	tensor(5, device='cuda:0')	0.8770097258235068
139200.0	2000.0	830.0981326335502	0.0	0	51.41257378141745	1030.0981326335168	1	0	tensor(3, device='cuda:0')	1.3794266969093
140332.8711301441	2000.0	697.2270024894201	0.0	0	0.0	1030.0981326335168	1	0	tensor(3, device='cuda:0')	1.8794266969093
141200.0	2000.0	830.0981326335201	0.0	0	89.92257767289993	1030.0981326335168	1	0	tensor(3, device='cuda:0')	1.8794266969093
142200.0	2000.0	830.0981326335241	0.0	0	194.44230318756308	1030.0981326335168	1	0	tensor(3, device='cuda:0')	1.8794266969093
143319.05060798954	2000.0	711.0475246440076	0.0	0	0.0	1030.0981326334877	1	0	tensor(3, device='cuda:0')	1.879426696909301
144473.9592861791	1000.0	556.1388464544498	0.0	0	0.0	1030.0981326334586	1	0	tensor(3, device='cuda:0')	0.4931323357894115
145266.16219543281	1000.0	763.9359372007402	0.0	0	0.0	1030.0981326334586	1	0	tensor(3, device='cuda:0')	1.1862795163493567
146200.0	1000.0	830.098132633592	0.0	0	8.933767770038685	1030.0981326334586	1	0	tensor(3, device='cuda:0')	1.1862795163493567
147200.0	1000.0	830.0981326336017	0.0	0	237.6359727596573	1030.0981326334586	1	0	tensor(3, device='cuda:0')	1.1862795163493567
148282.6553571458	2000.0	747.4427754878207	0.0	0	0.0	1030.0981326334586	1	0	tensor(3, device='cuda:0')	1.1862795163493567
149200.0	1000.0	830.0981326336175	0.0	0	153.39653214719146	1030.0981326334586	1	0	tensor(3, device='cuda:0')	0.4931323357894115
150200.0	2000.0	830.0981326336146	0.0	0	212.21186934324214	1030.0981326334295	1	0	tensor(3, device='cuda:0')	1.1862795163493574
151200.0	2000.0	830.0981326336147	0.0	0	246.05592347015045	1030.0981326334295	1	0	tensor(3, device='cuda:0')	1.8794266969093028
152200.0	2000.0	830.0981326336135	0.0	0	144.4970601493842	1030.0981326334295	1	0	tensor(3, device='cuda:0')	1.8794266969093028
153200.0	2000.0	830.0981326336342	0.0	0	248.65505829986068	1030.0981326334295	1	0	tensor(3, device='cuda:0')	1.8794266969093028
154200.0	2000.0	830.098132633617	0.0	0	231.93604075920302	1030.0981326334295	1	0	tensor(3, device='cuda:0')	1.8794266969093028
155702.7805035989	2000.0	327.3176290347229	0.0	0	0.0	1030.0981326334295	1	0	tensor(3, device='cuda:0')	1.8794266969093028
156443.40247185854	1000.0	645.7710952503701	59.075434475280076	0	0.0	1089.1735671087226	1	0	tensor(3, device='cuda:0')	0.13701338566830407
157632.9202070323	2000.0	456.253360076608	0.0	0	0.0	1089.1735671087226	1	0	tensor(3, device='cuda:0')	1.1846131730799294
159476.5195544777	2000.0	200.0	587.3459873687962	0	0.0	1676.5195544775343	1	0	tensor(3, device='cuda:0')	-1.6637030754919964
160711.69991045084	1000.0	271.25161033230995	306.4319663054284	0	0.0	1982.9515207831282	1	0	tensor(3, device='cuda:0')	-1.3886258782058984
161368.87231233364	1000.0	592.4798986516605	114.15503253823533	0	0.0	1961.3522109852638	1	0	tensor(5, device='cuda:0')	-0.3147176931342391
161903.89931933463	1000.0	923.696139900439	0.0	0	0.0	1827.595459234988	1	0	tensor(5, device='cuda:0')	0.883982643080722
162453.2307205505	1000.0	1237.0318883806121	0.0	0	0.0	1690.2626089310215	1	0	tensor(5, device='cuda:0')	0.8843553003419645
163200.0	1000.0	1303.5702890687046	0.0	0	344.25912434011116	1503.5702890686516	1	0	tensor(5, device='cuda:0')	0.7927090132992902
164200.0	3000.0	1053.5702890687442	0.0	0	5.837632210808806	1253.570289068739	1	0	tensor(5, device='cuda:0')	0.6774671468511186
165520.12192255218	3000.0	403.4178858785566	0.0	0	0.0	923.539808430738	1	0	tensor(5, device='cuda:0')	1.6251457881682225
166278.24187078184	2000.0	645.2979376489	0.0	0	0.0	923.539808430709	1	0	tensor(3, device='cuda:0')	0.9767323898944653
167200.0	2000.0	723.539808430759	0.0	0	102.98698637521011	923.539808430709	1	0	tensor(3, device='cuda:0')	1.88219749800263
168543.97192069647	2000.0	379.5678877342988	0.0	0	0.0	923.539808430709	1	0	tensor(3, device='cuda:0')	1.88219749800263
169567.59191743773	2000.0	473.5138811126795	117.56599011961868	0	0.0	1041.1057985503576	1	0	tensor(3, device='cuda:0')	1.1737275744001923
170838.27715381383	2000.0	336.4128588151751	133.58421407859356	0	0.0	1174.6900126289402	1	0	tensor(3, device='cuda:0')	1.0736644209985515
172326.4610749285	2000.0	200.0	351.77106229950846	0	0.0	1526.461074928462	1	0	tensor(3, device='cuda:0')	-0.24780980826773197
173120.66279424253	1000.0	576.9128490399607	171.11456835397968	0	0.0	1697.575643282442	1	0	tensor(3, device='cuda:0')	-0.5593910352415201
173743.63127120765	1000.0	953.9443720748378	0.0	0	0.0	1697.575643282442	1	0	tensor(3, device='cuda:0')	1.160443555442303
174304.05670636843	1000.0	1393.5189369140653	0.0	0	0.0	1697.5756432824128	1	0	tensor(3, device='cuda:0')	1.1604435554423045
175200.0	1000.0	1273.5898198746113	0.0	0	269.2101467290486	1473.5898198745272	1	0	tensor(5, device='cuda:0')	0.2194840290411475
176200.0	1000.0	1023.5898198746142	0.0	0	583.8049901877821	1223.5898198745563	1	0	tensor(5, device='cuda:0')	0.6768829995500816
177200.0	1000.0	1023.5898198746409	0.0	0	323.89061069648596	1223.5898198745563	1	0	tensor(3, device='cuda:0')	0.6804401537956942
178200.0	2000.0	773.589819874644	0.0	0	85.63444300784613	973.5898198745563	1	0	tensor(5, device='cuda:0')	0.18592587690409662
179200.0	2000.0	773.5898198746116	0.0	0	229.90263881438295	973.5898198745272	1	0	tensor(3, device='cuda:0')	1.3809323073427053
180200.0	2000.0	773.5898198746189	0.0	0	418.4817942439113	973.5898198745272	1	0	tensor(3, device='cuda:0')	1.8809323073427053
181200.0	2000.0	773.5898198746073	0.0	0	260.804069015634	973.5898198745272	1	0	tensor(3, device='cuda:0')	1.8809323073427053
182200.0	2000.0	773.5898198746146	0.0	0	269.07120997816673	973.5898198745563	1	0	tensor(3, device='cuda:0')	1.8809323073427044
183200.0	2000.0	773.5898198746098	0.0	0	535.2632993581938	973.5898198745563	1	0	tensor(3, device='cuda:0')	1.8809323073427044
184200.0	2000.0	773.5898198746447	0.0	0	413.5357015985355	973.5898198745563	1	0	tensor(3, device='cuda:0')	1.8809323073427044
185200.0	2000.0	773.5898198746538	0.0	0	185.1248446496029	973.5898198745563	1	0	tensor(3, device='cuda:0')	1.8809323073427044
186340.4236099237	2000.0	633.1662099509622	0.0	0	0.0	973.5898198745563	1	0	tensor(3, device='cuda:0')	1.8809323073427044
187200.0	2000.0	773.5898198746539	0.0	0	81.74424599317717	973.5898198745563	1	0	tensor(3, device='cuda:0')	1.8809323073427044
188200.0	2000.0	773.5898198746892	0.0	0	126.98107954725856	973.5898198745854	1	0	tensor(3, device='cuda:0')	1.8809323073427038
189200.0	2000.0	773.5898198746826	0.0	0	280.0944399575528	973.5898198745854	1	0	tensor(3, device='cuda:0')	1.8809323073427038
190200.0	2000.0	773.5898198746803	0.0	0	134.10174995230045	973.5898198745563	1	0	tensor(3, device='cuda:0')	1.8809323073427044
191200.0	2000.0	773.5898198746953	0.0	0	334.50861789434566	973.5898198745563	1	0	tensor(3, device='cuda:0')	1.8809323073427044
192200.0	2000.0	773.5898198747398	0.0	0	538.5777189413784	973.5898198745563	1	0	tensor(3, device='cuda:0')	1.8809323073427044
193200.0	2000.0	773.5898198747459	0.0	0	291.66921537794406	973.5898198745563	1	0	tensor(3, device='cuda:0')	1.8809323073427044
194200.0	2000.0	773.5898198747449	0.0	0	62.52218436359544	973.5898198745563	1	0	tensor(3, device='cuda:0')	1.8809323073427044
195641.27414230042	2000.0	332.31567757432333	0.0	0	0.0	973.5898198745563	1	0	tensor(3, device='cuda:0')	1.8809323073427044
196941.27263770183	2000.0	284.12976933940104	251.8125871664762	0	0.0	1225.4024070410524	1	0	tensor(3, device='cuda:0')	0.3626516816416458
198243.49367886133	1000.0	250.65568130542934	268.7469531255275	0	0.0	1494.1493601665716	1	0	tensor(3, device='cuda:0')	-1.1354598014982011
199571.24454023404	1000.0	366.62648867603053	443.72166874327377	0	0.0	1937.8710289100418	1	0	tensor(3, device='cuda:0')	-1.5161510520586599
200236.98532341642	1000.0	700.8857054936161	0.0	0	0.0	1937.8710289100418	1	0	tensor(3, device='cuda:0')	1.1461789604009835
200950.90772031358	1000.0	808.4827093721269	0.0	0	0.0	1759.3904296857654	1	0	tensor(5, device='cuda:0')	0.29785100916813423
201357.17178961958	1000.0	1300.6526227396278	0.0	0	0.0	1657.824412359245	1	0	tensor(5, device='cuda:0')	0.9581005777079585
202200.0	1000.0	1247.117359764086	0.0	0	248.02219807173242	1447.1173597641464	1	0	tensor(5, device='cuda:0')	0.7473329627896048
203200.0	2000.0	997.1173597640579	0.0	0	243.4411843054113	1197.1173597641173	1	0	tensor(5, device='cuda:0')	0.6781255336886189
204241.35619970204	2000.0	955.7611600619875	0.0	0	0.0	1197.1173597641173	1	0	tensor(3, device='cuda:0')	1.3744534114417857
205200.0	1000.0	997.1173597640127	0.0	0	162.37350348825566	1197.1173597641173	1	0	tensor(3, device='cuda:0')	0.4881590503218953
206473.64898373405	2000.0	723.468376029956	0.0	0	0.0	1197.1173597641173	1	0	tensor(3, device='cuda:0')	1.1813062308818405
207420.34487217126	1000.0	776.7724875927305	0.0	0	0.0	1197.1173597641173	1	0	tensor(3, device='cuda:0')	0.4881590503218953
208421.20259823013	1000.0	775.9147615338777	0.0	0	0.0	1197.1173597641173	1	0	tensor(3, device='cuda:0')	1.1813062308818405
209272.99813817765	1000.0	924.1192215863765	0.0	0	0.0	1197.1173597641173	1	0	tensor(3, device='cuda:0')	1.1813062308818405
210200.0	1000.0	997.1173597640259	0.0	0	330.1772859230987	1197.1173597641173	1	0	tensor(3, device='cuda:0')	1.1813062308818405
211200.0	1000.0	997.1173597640282	0.0	0	51.57489516152418	1197.1173597641173	1	0	tensor(3, device='cuda:0')	1.1813062308818405
212200.0	1000.0	997.1173597640254	0.0	0	341.136525975744	1197.1173597640882	1	0	tensor(3, device='cuda:0')	1.1813062308818414
213200.0	1000.0	997.1173597640307	0.0	0	230.30432620548527	1197.1173597640882	1	0	tensor(3, device='cuda:0')	1.1813062308818414
214563.02756568824	2000.0	634.0897940757884	0.0	0	0.0	1197.1173597640882	1	0	tensor(3, device='cuda:0')	1.1813062308818414
215200.0	1000.0	997.1173597639845	0.0	0	9.93995689455187	1197.1173597640882	1	0	tensor(3, device='cuda:0')	0.48815905032189627
216200.0	2000.0	997.1173597640015	0.0	0	163.49222377553815	1197.1173597641173	1	0	tensor(3, device='cuda:0')	1.1813062308818405
217200.0	2000.0	997.1173597640005	0.0	0	3.5752195548266172	1197.1173597641173	1	0	tensor(3, device='cuda:0')	1.8744534114417857
218200.0	2000.0	997.1173597640263	0.0	0	293.8925748374895	1197.1173597641173	1	0	tensor(3, device='cuda:0')	1.8744534114417857
219212.8829552617	2000.0	731.0136656868756	0.0	0	0.0	943.8966209486534	1	0	tensor(5, device='cuda:0')	0.8732809738304574
220213.46096959783	2000.0	730.435651350754	0.0	0	0.0	943.8966209486825	1	0	tensor(3, device='cuda:0')	1.381690438656318
221252.79748084836	2000.0	691.0991401002343	0.0	0	0.0	943.8966209486825	1	0	tensor(3, device='cuda:0')	1.881690438656318
222986.03049935438	2000.0	206.44582217509915	248.57970058087525	0	0.0	1192.476321529568	1	0	tensor(3, device='cuda:0')	0.3850465255097234
224229.6961089216	2000.0	376.16719449103095	413.3869818831482	0	0.0	1605.8633034127124	1	0	tensor(3, device='cuda:0')	-0.6221069598678828
225004.7802271942	2000.0	601.0830762184386	0.0	0	0.0	1605.8633034127124	1	0	tensor(3, device='cuda:0')	1.8582149314310064
225565.234753594	1000.0	1040.6285498185998	0.0	0	0.0	1605.8633034127124	1	0	tensor(3, device='cuda:0')	0.47192057031111606
226449.67967667678	1000.0	1156.183626735813	0.0	0	0.0	1605.8633034126833	1	0	tensor(3, device='cuda:0')	1.1650677508710625
227231.9553994263	1000.0	1178.3389732989049	0.0	0	0.0	1410.2943727253296	1	0	tensor(5, device='cuda:0')	0.28064267015863475
228200.0	1000.0	968.2832225817533	0.0	0	328.9609675727843	1168.283222581871	1	0	tensor(5, device='cuda:0')	0.6950629980779557
229200.0	1000.0	968.2832225817178	0.0	0	498.9252625996305	1168.283222581871	1	0	tensor(3, device='cuda:0')	0.6822242615511769
230215.4843324643	2000.0	952.7988901174135	0.0	0	0.0	1168.283222581842	1	0	tensor(3, device='cuda:0')	1.182224261551178
231200.0	1000.0	968.2832225817426	0.0	0	472.0136021148064	1168.283222581842	1	0	tensor(3, device='cuda:0')	0.4890770809912327
232200.0	1000.0	968.2832225817708	0.0	0	93.39001499422011	1168.283222581842	1	0	tensor(3, device='cuda:0')	1.1822242615511778
233200.0	1000.0	968.2832225817781	0.0	0	374.8378901067481	1168.283222581842	1	0	tensor(3, device='cuda:0')	1.1822242615511778
234200.0	1000.0	968.2832225817829	0.0	0	96.78965275801602	1168.283222581842	1	0	tensor(3, device='cuda:0')	1.1822242615511778
235200.0	1000.0	968.2832225817813	0.0	0	60.58459107132512	1168.283222581842	1	0	tensor(3, device='cuda:0')	1.1822242615511778
236200.0	1000.0	968.2832225818006	0.0	0	131.80746466998244	1168.283222581871	1	0	tensor(3, device='cuda:0')	1.1822242615511769
237200.0	1000.0	968.2832225818024	0.0	0	208.82445505313808	1168.283222581871	1	0	tensor(3, device='cuda:0')	1.1822242615511769
238200.0	1000.0	968.283222581807	0.0	0	140.7822103969811	1168.283222581871	1	0	tensor(3, device='cuda:0')	1.1822242615511769
239200.0	1000.0	968.2832225818133	0.0	0	202.86242271217634	1168.283222581842	1	0	tensor(3, device='cuda:0')	1.1822242615511778
240200.0	2000.0	968.2832225817979	0.0	0	189.18352532136487	1168.283222581842	1	0	tensor(3, device='cuda:0')	1.182224261551178
241200.0	2000.0	968.2832225818149	0.0	0	221.96963196765864	1168.283222581842	1	0	tensor(3, device='cuda:0')	1.8753714421111232
242200.0	2000.0	968.2832225818274	0.0	0	250.12514434970217	1168.283222581842	1	0	tensor(3, device='cuda:0')	1.8753714421111232
243200.0	2000.0	968.2832225818436	0.0	0	219.6997795914649	1168.283222581842	1	0	tensor(3, device='cuda:0')	1.8753714421111232
244349.46236446127	3000.0	531.4552670052321	0.0	0	0.0	880.9176314664946	1	0	tensor(5, device='cuda:0')	0.8064889534134605
245200.0	2000.0	680.9176314664762	0.0	0	183.84042046946706	880.9176314664655	1	0	tensor(3, device='cuda:0')	0.9777615954728964
246200.0	2000.0	680.9176314664877	0.0	0	260.1048951454868	880.9176314664655	1	0	tensor(3, device='cuda:0')	1.883226703581061
247200.0	2000.0	680.917631466481	0.0	0	371.3109084831667	880.9176314664655	1	0	tensor(3, device='cuda:0')	1.883226703581061
248200.0	2000.0	680.917631466494	0.0	0	164.89956363214878	880.9176314664655	1	0	tensor(3, device='cuda:0')	1.883226703581061
249200.0	2000.0	680.9176314665012	0.0	0	243.55119098661817	880.9176314664655	1	0	tensor(3, device='cuda:0')	1.883226703581061
250200.0	2000.0	680.9176314665231	0.0	0	99.92558450851357	880.9176314664946	1	0	tensor(3, device='cuda:0')	1.8832267035810604
251200.0	2000.0	680.9176314665392	0.0	0	47.14703549150727	880.9176314664946	1	0	tensor(3, device='cuda:0')	1.8832267035810604
252452.2172436501	2000.0	428.70038781642216	0.0	0	0.0	880.9176314664946	1	0	tensor(3, device='cuda:0')	1.8832267035810604
253281.868846587	2000.0	599.0487848795267	0.0	0	0.0	880.9176314664946	1	0	tensor(3, device='cuda:0')	1.8832267035810604
254204.1718074523	2000.0	676.7458240142199	0.0	0	0.0	880.9176314664946	1	0	tensor(3, device='cuda:0')	1.8832267035810604
255200.0	2000.0	680.9176314665308	0.0	0	147.00377386127366	880.9176314664946	1	0	tensor(3, device='cuda:0')	1.8832267035810604
256210.38260791675	2000.0	670.5350235497898	0.0	0	0.0	880.9176314665237	1	0	tensor(3, device='cuda:0')	1.8832267035810597
258007.9751184592	2000.0	200.0	327.0574869926513	0	0.0	1207.9751184592023	1	0	tensor(3, device='cuda:0')	-0.08543517031166098
259139.04462327962	2000.0	418.2292042359145	349.2987090563274	0	0.0	1557.2738275155425	1	0	tensor(3, device='cuda:0')	-0.2352899609107102
259570.2630550683	1000.0	987.0107724472451	0.0	0	0.0	1557.2738275155716	1	0	tensor(3, device='cuda:0')	0.47420793230736247
260200.0	1000.0	1357.2738275155575	0.0	0	108.33727484510746	1557.2738275155716	1	0	tensor(3, device='cuda:0')	1.1673551128673076
261200.0	1000.0	1107.2738275155896	0.0	0	515.2656933316321	1307.2738275155716	1	0	tensor(5, device='cuda:0')	0.1737916485882557
262238.34369054006	2000.0	809.3442143405094	0.0	0	0.0	1047.6879048805858	1	0	tensor(5, device='cuda:0')	0.6645307076696346
263200.0	2000.0	847.6879048805419	0.0	0	144.10520380921662	1047.6879048805567	1	0	tensor(3, device='cuda:0')	1.3789406470870929
264200.0	2000.0	847.6879048805552	0.0	0	352.92519257380627	1047.6879048805567	1	0	tensor(3, device='cuda:0')	1.8789406470870937
265200.47608115646	2000.0	847.2118237241235	0.0	0	0.0	1047.6879048805567	1	0	tensor(3, device='cuda:0')	1.8789406470870937
266200.0	2000.0	847.6879048805622	0.0	0	370.0043528601527	1047.6879048804985	1	0	tensor(3, device='cuda:0')	1.8789406470870953
267200.0	2000.0	847.6879048805476	0.0	0	124.0998420448741	1047.6879048805567	1	0	tensor(3, device='cuda:0')	1.8789406470870937
268220.42442380317	2000.0	827.2634810773179	0.0	0	98.27349392831093	1047.6879048805567	1	0	tensor(3, device='cuda:0')	1.8789406470870937
269925.03446533415	2000.0	200.0	77.34656045365344	0	0.0	1125.0344653342036	1	0	tensor(3, device='cuda:0')	1.4137541138205711
270685.9235806859	1000.0	617.4884676571376	178.3775830088921	0	0.0	1303.4120483431034	1	0	tensor(3, device='cuda:0')	-0.585724687192364
271373.93702178984	1000.0	929.4750265532341	0.0	0	0.0	1303.4120483431034	1	0	tensor(3, device='cuda:0')	1.1776879914209335
272200.0	1000.0	1103.412048343126	0.0	0	199.17611167993164	1303.4120483431034	1	0	tensor(3, device='cuda:0')	1.1776879914209335
273200.0	1000.0	1103.4120483430563	0.0	0	501.1947968072491	1303.4120483430452	1	0	tensor(3, device='cuda:0')	1.1776879914209357
274200.0	1000.0	1103.412048343104	0.0	0	508.3831992064952	1303.4120483430452	1	0	tensor(3, device='cuda:0')	1.1776879914209357
275200.0	1000.0	1103.4120483431204	0.0	0	209.31494125392055	1303.4120483430452	1	0	tensor(3, device='cuda:0')	1.1776879914209357
276200.0	1000.0	1103.412048343077	0.0	0	515.4075860678568	1303.4120483431034	1	0	tensor(3, device='cuda:0')	1.1776879914209335
277276.25193759723	2000.0	758.097126346563	0.0	0	0.0	1034.3490639438387	1	0	tensor(5, device='cuda:0')	0.14593071197392005
278200.0	2000.0	834.3490639437891	0.0	0	173.5674857069971	1034.3490639438387	1	0	tensor(3, device='cuda:0')	1.3793100043192195
279200.0	2000.0	834.3490639438294	0.0	0	85.48470460512908	1034.3490639438387	1	0	tensor(3, device='cuda:0')	1.8793100043192195
280200.0	2000.0	834.3490639438404	0.0	0	199.8996307833586	1034.349063943897	1	0	tensor(3, device='cuda:0')	1.879310004319218
281200.0	2000.0	834.3490639438938	0.0	0	311.443094546441	1034.349063943897	1	0	tensor(3, device='cuda:0')	1.879310004319218
282200.0	2000.0	834.3490639438751	0.0	0	372.28199540107744	1034.349063943897	1	0	tensor(3, device='cuda:0')	1.879310004319218
283395.72837763827	2000.0	638.6206863055966	0.0	0	0.0	1034.3490639438387	1	0	tensor(3, device='cuda:0')	1.8793100043192195
284883.4916715301	2000.0	243.68098665708283	92.82359424338028	0	0.0	1127.1726581872208	1	0	tensor(3, device='cuda:0')	1.3196945249615806
285655.8618784818	1000.0	612.9949497758332	141.68417007040406	0	0.0	1268.8568282576161	1	0	tensor(3, device='cuda:0')	-0.36434625305583684
286224.9222683384	1000.0	1043.9345599192895	0.0	0	0.0	1268.8568282576161	1	0	tensor(3, device='cuda:0')	1.1789059479265327
287776.09625651623	2000.0	492.760571741483	0.0	0	0.0	1268.8568282576161	1	0	tensor(3, device='cuda:0')	1.1789059479265327
288227.4563840469	1000.0	1041.4004442108683	0.0	0	0.0	1268.8568282576161	1	0	tensor(3, device='cuda:0')	0.48575876736658746
289596.7000882587	2000.0	672.1567399990919	0.0	0	0.0	1268.8568282576161	1	0	tensor(3, device='cuda:0')	1.1789059479265327
290723.37021943	2000.0	545.4866088277581	0.0	0	0.0	1268.8568282576161	1	0	tensor(3, device='cuda:0')	1.8720531284864776
291979.06748225767	2000.0	302.6552845578692	12.86593855770542	0	0.0	1281.7227668153355	1	0	tensor(3, device='cuda:0')	1.7944088390643678
292771.0749435978	1000.0	611.0377957872777	100.38997256948073	0	0.0	1382.1127393848146	1	0	tensor(3, device='cuda:0')	-0.1207321148469094
293485.9807002538	1000.0	896.132039131276	0.0	0	0.0	1382.1127393848146	1	0	tensor(3, device='cuda:0')	1.17475490112992
294200.0	1000.0	1182.112739385076	0.0	0	176.7738729158882	1382.1127393847564	1	0	tensor(3, device='cuda:0')	1.1747549011299223
295200.0	2000.0	932.1127393851482	0.0	0	10.673623515816871	1132.1127393848728	1	0	tensor(5, device='cuda:0')	0.18139576830522963
296200.0	2000.0	932.1127393851589	0.0	0	212.54978171212133	1132.112739384931	1	0	tensor(3, device='cuda:0')	1.37648681510447
297207.53320386296	2000.0	924.5795355222112	0.0	0	0.0	1132.112739384931	1	0	tensor(3, device='cuda:0')	1.87648681510447
298523.0234578863	2000.0	609.0892814988807	0.0	0	0.0	1132.112739384931	1	0	tensor(3, device='cuda:0')	1.87648681510447
299403.1177642805	2000.0	728.9949751046156	0.0	0	0.0	1132.1127393848728	1	0	tensor(3, device='cuda:0')	1.8764868151044718
300200.0	2000.0	932.1127393851236	0.0	0	21.04124239832163	1132.1127393848146	1	0	tensor(3, device='cuda:0')	1.8764868151044736
1.81	2.37	2.95	2.87	3.13	3.52	3.1	3.56	3.03	2.4	2.11	2.48	2.35	2.07	2.41	3.04	3.6	4.18	4.3	4.19	4.83	5.05	4.88	3.72	3.76	3.71	2.53	2.37	1.93	2.28	2.44	2.79	3.04	2.85	1.82	1.8	2.27	2.78	2.54	2.87	1.42	1.55	2.15	2.18	1.52	1.14	1.52	2.09	1.6	1.27	1.17	1.62	1.81	2.03	2.04	2.31	1.97	1.98	1.91	1.39	1.23	1.2	1.46	2.07	2.13	2.37	2.77	3.35	3.95	2.7	2.58	2.85	2.44	1.46	1.78	1.87	1.2	1.55	1.96	1.52	1.64	2.22	2.17	2.49	2.25	2.69	2.94	2.77	3.29	2.83	3.27	3.56	3.65	3.63	4.15	3.02	2.8	2.39	2.65	2.42	2.15	2.36	2.0	1.49	0.95	1.32	1.92	2.48	3.1	3.67	4.22	3.26	2.65	2.51	2.68	2.51	2.71	1.82	1.41	1.92	2.5	2.47	2.48	1.74	2.09	1.7	1.76	1.37	1.45	2.04	2.68	3.06	2.37	2.25	2.61	1.7	1.08	1.04	1.01	1.56	1.69	1.44	1.88	2.49	2.72	2.68	2.9	1.63	1.33	1.55	1.76	1.56	1.37	0.95	1.49	2.09	2.68	3.29	2.83	3.2	2.09	1.46	1.55	2.15	1.68	1.36	1.33	1.51	1.97	1.99	2.34	2.85	3.08	2.93	3.49	3.79	3.51	2.02	2.31	2.34	2.56	2.98	3.26	3.2	3.7	4.05	3.45	2.02	1.26	1.52	1.01	0.637	1.08	1.63	2.25	2.32	2.14	1.42	1.62	1.47	1.37	1.29	1.75	1.12	1.63	1.58	1.71	2.02	2.15	2.4	2.81	3.06	2.03	1.93	1.67	1.29	1.83	2.32	1.84	1.46	1.84	1.81	2.18	1.74	1.25	1.52	1.1	0.961	1.47	1.56	1.09	1.32	1.9	2.55	3.13	2.71	3.19	2.92	3.37	3.74	2.93	2.33	2.13	2.58	1.96	1.97	1.78	1.99	2.32	1.84	1.19	1.66	1.92	2.09	2.49	2.44	2.55	2.37	2.9	3.48	2.58	1.09	1.11	1.26	1.41	1.45	1.92	1.54	1.63	2.2	2.03	2.05	2.22	2.78	3.34	2.7	1.53	1.39	1.52	1.75	1.78	1.96	2.07	2.27	1.81	1.27	1.69	1.66	2.26	2.84	2.5	2.1	2.11	2.34	2.43	2.46
1715.0	1716.0	1717.0	1718.0	1719.0	1720.0	1721.0	1722.0	1723.0	1724.0	1725.0	1726.0	1727.0	1728.0	1729.0	1730.0	1731.0	1732.0	1733.0	1734.0	1735.0	1736.0	1737.0	1738.0	1739.0	1740.0	1741.0	1742.0	1743.0	1744.0	1745.0	1746.0	1747.0	1748.0	1749.0	1750.0	1751.0	1752.0	1753.0	1754.0	1755.0	1756.0	1757.0	1758.0	1759.0	1760.0	1761.0	1762.0	1763.0	1764.0	1765.0	1766.0	1767.0	1768.0	1769.0	1770.0	1771.0	1772.0	1773.0	1774.0	1775.0	1776.0	1777.0	1778.0	1779.0	1780.0	1781.0	1782.0	1783.0	1784.0	1785.0	1786.0	1787.0	1788.0	1789.0	1790.0	1791.0	1792.0	1793.0	1794.0	1795.0	1796.0	1797.0	1798.0	1799.0	1800.0	1801.0	1802.0	1803.0	1804.0	1805.0	1806.0	1807.0	1808.0	1809.0	1810.0	1811.0	1812.0	1813.0	1814.0	1815.0	1816.0	1817.0	1818.0	1819.0	1820.0	1821.0	1822.0	1823.0	1824.0	1825.0	1826.0	1827.0	1828.0	1829.0	1830.0	1831.0	1832.0	1833.0	1834.0	1835.0	1836.0	1837.0	1838.0	1839.0	1840.0	1841.0	1842.0	1843.0	1844.0	1845.0	1846.0	1847.0	1848.0	1849.0	1850.0	1851.0	1852.0	1853.0	1854.0	1855.0	1856.0	1857.0	1858.0	1859.0	1860.0	1861.0	1862.0	1863.0	1864.0	1865.0	1866.0	1867.0	1868.0	1869.0	1870.0	1871.0	1872.0	1873.0	1874.0	1875.0	1876.0	1877.0	1878.0	1879.0	1880.0	1881.0	1882.0	1883.0	1884.0	1885.0	1886.0	1887.0	1888.0	1889.0	1890.0	1891.0	1892.0	1893.0	1894.0	1895.0	1896.0	1897.0	1898.0	1899.0	1900.0	1901.0	1902.0	1903.0	1904.0	1905.0	1906.0	1907.0	1908.0	1909.0	1910.0	1911.0	1912.0	1913.0	1914.0	1915.0	1916.0	1917.0	1918.0	1919.0	1920.0	1921.0	1922.0	1923.0	1924.0	1925.0	1926.0	1927.0	1928.0	1929.0	1930.0	1931.0	1932.0	1933.0	1934.0	1935.0	1936.0	1937.0	1938.0	1939.0	1940.0	1941.0	1942.0	1943.0	1944.0	1945.0	1946.0	1947.0	1948.0	1949.0	1950.0	1951.0	1952.0	1953.0	1954.0	1955.0	1956.0	1957.0	1958.0	1959.0	1960.0	1961.0	1962.0	1963.0	1964.0	1965.0	1966.0	1967.0	1968.0	1969.0	1970.0	1971.0	1972.0	1973.0	1974.0	1975.0	1976.0	1977.0	1978.0	1979.0	1980.0	1981.0	1982.0	1983.0	1984.0	1985.0	1986.0	1987.0	1988.0	1989.0	1990.0	1991.0	1992.0	1993.0	1994.0	1995.0	1996.0	1997.0	1998.0	1999.0	2000.0	2000.0	2001.0	2002.0	2003.0	2004.0	2005.0	2006.0	2007.0	2008.0	2009.0
6718.0
