9990.788745499993	300.0	2000.0	75.95101610413495	0	0.0	9990.788745499993	1	0	tensor(5, device='cuda:0')	-4.872519179205926
10401.810855100688	3000.0	2486.2223629991295	0.0	0	0.0	9888.033218099818	1	0	tensor(5, device='cuda:0')	-4.117293962802405
10906.186989605925	3000.0	2855.7521948675844	0.0	0	0.0	9761.93918447351	1	0	tensor(5, device='cuda:0')	-1.8518964105323126
11694.891766474837	3000.0	2869.8712237814466	0.0	0	0.0	9564.762990256284	1	0	tensor(5, device='cuda:0')	-1.9770101638869064
12064.241128177357	3000.0	3408.1845216532965	0.0	0	0.0	9472.425649830653	1	0	tensor(5, device='cuda:0')	-1.7539697293013496
12395.837017161764	3000.0	3993.6896604227836	0.0	0	0.0	9389.526677584548	1	0	tensor(5, device='cuda:0')	-1.7251727443000147
13137.324987198714	6000.0	4066.829697876598	0.0	0	0.0	9204.154685075311	1	0	tensor(5, device='cuda:0')	-1.9084062905328907
14185.684840754808	6000.0	3756.3798809314803	0.0	0	0.0	8942.064721686289	1	0	tensor(5, device='cuda:0')	-1.3312925520602754
15059.816538890853	6000.0	3663.7152582614276	0.0	0	0.0	8723.53179715228	1	0	tensor(5, device='cuda:0')	-1.1979676600026778
16045.717288074766	6000.0	3431.3393217815355	0.0	0	0.0	8477.056609856301	1	0	tensor(5, device='cuda:0')	-1.192927182123179
17046.651714340056	6000.0	3180.1712889499236	0.0	0	0.0	8226.82300328998	1	0	tensor(5, device='cuda:0')	-1.1301317510706266
17884.353537332136	6000.0	3133.0440102098205	0.0	0	0.0	8017.3975475419575	1	0	tensor(5, device='cuda:0')	-0.9658866050300743
18965.191236350438	6000.0	2781.9968864369475	0.0	0	0.0	7747.188122787387	1	0	tensor(5, device='cuda:0')	-0.9700473981448664
19796.08905797207	6000.0	2743.374609409905	0.0	0	0.0	7539.463667381975	1	0	tensor(5, device='cuda:0')	-0.7338758548172719
20796.127611390268	6000.0	2493.326417637157	0.0	0	0.0	7289.454029027425	1	0	tensor(5, device='cuda:0')	-0.6718122166849716
21691.50337762762	6000.0	2374.106709840466	0.0	0	0.0	7065.610087468087	1	0	tensor(5, device='cuda:0')	-0.46133345632669853
22320.75044532495	6000.0	2587.5478752188114	0.0	0	0.0	6908.2983205437595	1	0	tensor(5, device='cuda:0')	-0.19069802474835185
22963.87182685126	6000.0	2783.646148310926	0.0	0	0.0	6747.517975162187	1	0	tensor(5, device='cuda:0')	-0.06255444819585612
23668.17731090492	6000.0	2903.2642932438503	0.0	0	0.0	6571.441604148771	1	0	tensor(5, device='cuda:0')	0.05360809956087294
24914.183417735705	6000.0	2345.756659705372	0.0	0	0.0	6259.940077441082	1	0	tensor(5, device='cuda:0')	0.04908808366074706
25740.97407181636	6000.0	2312.2683421045526	0.0	0	0.0	6053.242413920918	1	0	tensor(5, device='cuda:0')	0.4870392437685971
26945.477661587924	6000.0	1806.6388548901004	0.0	0	0.0	5752.116516478029	1	0	tensor(5, device='cuda:0')	0.5849632138974088
27865.46524533712	6000.0	1656.6543752036036	0.0	0	0.0	5522.119620540729	1	0	tensor(5, device='cuda:0')	0.9560818212981255
28561.57769803411	6000.0	1786.5138093323653	0.0	0	0.0	5348.09150736648	1	0	tensor(5, device='cuda:0')	1.2461534080929617
29211.506871254343	6000.0	1974.10234280707	0.0	0	0.0	5185.609214061416	1	0	tensor(5, device='cuda:0')	1.4162390443404371
30014.288185159556	6000.0	1970.6257004255594	0.0	0	0.0	4984.913885585116	1	0	tensor(5, device='cuda:0')	1.495039336052335
31192.03060476365	6000.0	1498.447675920441	0.0	0	0.0	4690.478280684092	1	0	tensor(5, device='cuda:0')	1.5042877693078354
32398.93138533442	6000.0	989.8217002069788	0.0	0	0.0	4388.753085541401	1	0	tensor(5, device='cuda:0')	1.7000147186967132
33093.756674790624	6000.0	1121.2900883867273	0.0	0	0.0	4215.04676317735	1	0	tensor(5, device='cuda:0')	2.0631987471492756
33773.260846100115	6000.0	1271.9098742498684	0.0	0	0.0	4045.1707203499827	1	0	tensor(5, device='cuda:0')	2.150776783740608
34329.098737409135	6000.0	1577.1125101136035	0.0	0	0.0	3906.211247522737	1	0	tensor(5, device='cuda:0')	2.2745149144050254
34950.07615494049	6000.0	1800.8907381994081	0.0	0	0.0	3750.966893139899	1	0	tensor(5, device='cuda:0')	2.2986651951361905
35853.82093589659	6000.0	1671.2097620042891	0.0	0	0.0	3525.0306979008783	1	0	tensor(5, device='cuda:0')	2.225095565393145
36594.89651736037	6000.0	1744.8652851745655	0.0	0	0.0	3339.7618025349293	1	0	tensor(5, device='cuda:0')	2.361146860920253
37434.103139529514	6000.0	1695.8570074631489	0.0	0	0.0	3129.9601469926565	1	0	tensor(5, device='cuda:0')	2.3607346171584105
38288.501885655525	6000.0	1627.8585748056314	0.0	0	0.0	2916.3604604611537	1	0	tensor(5, device='cuda:0')	2.3953740965299124
39103.72426489732	6000.0	1608.8306007533856	0.0	0	0.0	2712.5548656506944	1	0	tensor(5, device='cuda:0')	2.4452000233033524
40198.3403739768	6000.0	1240.5604644040395	0.0	0	0.0	2438.900838380825	1	0	tensor(5, device='cuda:0')	2.338034426802661
41829.53299353039	6000.0	201.56968996204108	0.0	0	0.0	2031.1026834924123	1	0	tensor(5, device='cuda:0')	2.1064336149367393
42390.310578063945	3000.0	669.6786286597185	135.2647354917001	0	0.0	2059.9892067236506	1	0	tensor(5, device='cuda:0')	0.5161170979026815
42876.798802237	3000.0	1061.5683484433976	0.0	0	0.0	1938.3671506803876	1	0	tensor(5, device='cuda:0')	1.9997063532862986
43308.688196417956	3000.0	1521.7066057172008	0.0	0	0.0	1830.3948021351462	1	0	tensor(5, device='cuda:0')	2.0339808542705486
44200.0	6000.0	1407.5668512396455	0.0	0	54.27992675245332	1607.5668512396514	1	0	tensor(5, device='cuda:0')	1.8146040556341223
45392.26103980045	6000.0	917.2405514890795	0.0	0	0.0	1309.501591289525	1	0	tensor(5, device='cuda:0')	2.370254633547378
46200.0	6000.0	907.5668512396346	0.0	0	181.40536489367514	1107.5668512396296	1	0	tensor(5, device='cuda:0')	2.5700563566551575
47200.0	6000.0	657.5668512396317	0.0	0	543.217941662544	857.5668512396223	1	0	tensor(5, device='cuda:0')	2.479936721900122
48200.0	3000.0	407.56685123963473	0.0	0	731.2376436700797	607.5668512396442	1	0	tensor(5, device='cuda:0')	1.0992617237946631
49200.0	3000.0	157.56685123963268	0.0	0	545.3014804137711	357.56685123965144	1	0	tensor(5, device='cuda:0')	1.7968526579535613
50200.0	2000.0	157.5668512396366	0.0	0	769.3440944274116	357.56685123965144	1	0	tensor(3, device='cuda:0')	0.9874185013052903
51200.0	2000.0	157.56685123962745	0.0	0	700.0126615763729	357.56685123965144	1	0	tensor(3, device='cuda:0')	1.892883609413455
52200.0	2000.0	182.4829854782887	24.916134238660888	0	667.4736850506742	382.48298547831655	1	0	tensor(3, device='cuda:0')	1.743031685691264
53200.0	2000.0	197.54529138204316	15.062305903757903	0	599.9247629631136	397.54529138207727	1	0	tensor(3, device='cuda:0')	1.801935680282128
54200.0	2000.0	243.18531257706354	45.64002119501336	0	512.2611536775294	443.18531257708673	1	0	tensor(3, device='cuda:0')	1.6177855299896402
55200.0	2000.0	243.18531257707104	0.0	0	594.6464031273645	443.185312577094	1	0	tensor(3, device='cuda:0')	1.8916256571597203
56200.0	2000.0	243.18531257706604	0.0	0	746.8688777087518	443.185312577094	1	0	tensor(3, device='cuda:0')	1.8916256571597203
57200.0	2000.0	243.18531257706877	0.0	0	556.203880042689	443.1853125771013	1	0	tensor(3, device='cuda:0')	1.89162565715972
58200.0	2000.0	331.7680636535976	88.5827510765325	0	354.61968015388265	531.7680636536315	1	0	tensor(3, device='cuda:0')	1.3587101233021688
59200.0	2000.0	331.76806365360017	0.0	0	552.019919737766	531.7680636536315	1	0	tensor(3, device='cuda:0')	1.8902066297613638
60200.0	2000.0	331.7680636535922	0.0	0	610.7759966167505	531.7680636536243	1	0	tensor(3, device='cuda:0')	1.890206629761364
61200.0	2000.0	331.7680636535984	0.0	0	661.8109734826066	531.7680636536243	1	0	tensor(3, device='cuda:0')	1.890206629761364
62200.0	2000.0	331.7680636535936	0.0	0	690.7151754212609	531.7680636536243	1	0	tensor(3, device='cuda:0')	1.890206629761364
63200.0	2000.0	331.76806365359624	0.0	0	497.7303369271758	531.7680636536243	1	0	tensor(3, device='cuda:0')	1.890206629761364
64200.0	2000.0	331.76806365359187	0.0	0	551.4295213681908	531.7680636536243	1	0	tensor(3, device='cuda:0')	1.890206629761364
65200.0	2000.0	331.7680636535928	0.0	0	764.7070083551735	531.7680636536243	1	0	tensor(3, device='cuda:0')	1.890206629761364
66200.0	2000.0	331.7680636536003	0.0	0	702.2362149436594	531.7680636536388	1	0	tensor(3, device='cuda:0')	1.890206629761364
67200.0	2000.0	331.7680636535974	0.0	0	726.026175278108	531.7680636536243	1	0	tensor(3, device='cuda:0')	1.890206629761364
68200.0	2000.0	331.7680636535987	0.0	0	653.2541378673486	531.7680636536243	1	0	tensor(3, device='cuda:0')	1.890206629761364
69200.0	2000.0	331.76806365359425	0.0	0	648.7412494100863	531.7680636536243	1	0	tensor(3, device='cuda:0')	1.890206629761364
70200.0	2000.0	331.7680636535913	0.0	0	697.5092563701764	531.7680636536097	1	0	tensor(3, device='cuda:0')	1.8902066297613642
71200.0	2000.0	331.7680636535936	0.0	0	604.43363912715	531.7680636535952	1	0	tensor(3, device='cuda:0')	1.8902066297613644
72200.0	2000.0	331.7680636535947	0.0	0	812.7001958186738	531.7680636535952	1	0	tensor(3, device='cuda:0')	1.8902066297613644
73200.0	2000.0	331.76806365360244	0.0	0	776.773292461774	531.7680636535806	1	0	tensor(3, device='cuda:0')	1.8902066297613644
74200.0	2000.0	331.76806365362035	0.0	0	828.8162737134408	531.7680636535806	1	0	tensor(3, device='cuda:0')	1.8902066297613644
75200.0	2000.0	331.7680636536152	0.0	0	698.2797627138061	531.7680636535806	1	0	tensor(3, device='cuda:0')	1.8902066297613644
76200.0	2000.0	331.768063653641	0.0	0	580.2896814089909	531.7680636535806	1	0	tensor(3, device='cuda:0')	1.8902066297613644
77200.0	2000.0	331.7680636536359	0.0	0	669.8980894472334	531.7680636535661	1	0	tensor(3, device='cuda:0')	1.8902066297613649
78200.0	2000.0	331.76806365364666	0.0	0	684.2456950602646	531.7680636535661	1	0	tensor(3, device='cuda:0')	1.8902066297613649
79200.0	2000.0	331.7680636536429	0.0	0	678.6753046056838	531.7680636535661	1	0	tensor(3, device='cuda:0')	1.8902066297613649
80200.0	2000.0	331.76806365364064	0.0	0	699.6496547871502	531.7680636535661	1	0	tensor(3, device='cuda:0')	1.8902066297613649
81200.0	2000.0	331.76806365363103	0.0	0	651.6534887243324	531.7680636535515	1	0	tensor(3, device='cuda:0')	1.890206629761365
82200.0	2000.0	331.76806365362927	0.0	0	662.9008160767262	531.7680636535661	1	0	tensor(3, device='cuda:0')	1.8902066297613649
83200.0	2000.0	331.7680636536196	0.0	0	786.3295021220547	531.7680636535661	1	0	tensor(3, device='cuda:0')	1.8902066297613649
84200.0	2000.0	331.7680636536137	0.0	0	700.9889643936913	531.7680636535661	1	0	tensor(3, device='cuda:0')	1.8902066297613649
85200.0	2000.0	331.76806365360983	0.0	0	717.8356057586207	531.7680636535661	1	0	tensor(3, device='cuda:0')	1.8902066297613649
86200.0	2000.0	331.76806365362273	0.0	0	722.141689891112	531.7680636535661	1	0	tensor(3, device='cuda:0')	1.8902066297613649
87200.0	2000.0	331.76806365360915	0.0	0	655.7418688787002	531.7680636535515	1	0	tensor(3, device='cuda:0')	1.890206629761365
88200.0	2000.0	331.7680636536025	0.0	0	784.1508826920181	531.768063653537	1	0	tensor(3, device='cuda:0')	1.8902066297613653
89200.0	2000.0	331.7680636536029	0.0	0	637.2249872203829	531.768063653537	1	0	tensor(3, device='cuda:0')	1.8902066297613653
90200.0	2000.0	331.76806365359766	0.0	0	497.91862719671917	531.768063653537	1	0	tensor(3, device='cuda:0')	1.8902066297613653
91200.0	2000.0	331.7680636535961	0.0	0	562.3383418437006	531.768063653537	1	0	tensor(3, device='cuda:0')	1.8902066297613653
92200.0	2000.0	331.76806365359585	0.0	0	724.8274998431298	531.7680636535515	1	0	tensor(3, device='cuda:0')	1.890206629761365
93200.0	2000.0	331.7680636535878	0.0	0	726.2762381632492	531.7680636535515	1	0	tensor(3, device='cuda:0')	1.890206629761365
94200.0	2000.0	331.768063653587	0.0	0	635.4188773703645	531.7680636535515	1	0	tensor(3, device='cuda:0')	1.890206629761365
95200.0	2000.0	331.7680636535799	0.0	0	687.2218787431484	531.768063653537	1	0	tensor(3, device='cuda:0')	1.8902066297613653
96200.0	2000.0	331.7680636535732	0.0	0	680.4746740825067	531.768063653537	1	0	tensor(3, device='cuda:0')	1.8902066297613653
97200.0	2000.0	331.768063653577	0.0	0	621.045881086844	531.768063653537	1	0	tensor(3, device='cuda:0')	1.8902066297613653
98200.0	2000.0	331.76806365358243	0.0	0	527.602950489163	531.768063653537	1	0	tensor(3, device='cuda:0')	1.8902066297613653
99200.0	2000.0	331.7680636535705	0.0	0	507.62400035541214	531.768063653537	1	0	tensor(3, device='cuda:0')	1.8902066297613653
100200.0	2000.0	331.76806365357913	0.0	0	584.0909624020278	531.768063653537	1	0	tensor(3, device='cuda:0')	1.8902066297613653
101200.0	2000.0	331.7680636535678	0.0	0	589.858752529588	531.768063653537	1	0	tensor(3, device='cuda:0')	1.8902066297613653
102200.0	2000.0	331.7680636535604	0.0	0	662.0408191328461	531.768063653537	1	0	tensor(3, device='cuda:0')	1.8902066297613653
103200.0	2000.0	331.7680636535558	0.0	0	685.4334752347786	531.768063653537	1	0	tensor(3, device='cuda:0')	1.8902066297613653
104200.0	2000.0	331.7680636535491	0.0	0	576.1800320652692	531.768063653537	1	0	tensor(3, device='cuda:0')	1.8902066297613653
105200.0	2000.0	331.7680636535425	0.0	0	714.2084609715384	531.768063653537	1	0	tensor(3, device='cuda:0')	1.8902066297613653
106200.0	2000.0	331.7680636535483	0.0	0	648.4155088859407	531.768063653537	1	0	tensor(3, device='cuda:0')	1.8902066297613653
107200.0	2000.0	331.76806365356214	0.0	0	567.5550255010603	531.768063653537	1	0	tensor(3, device='cuda:0')	1.8902066297613653
108200.0	2000.0	331.7680636535689	0.0	0	721.2266344698146	531.768063653537	1	0	tensor(3, device='cuda:0')	1.8902066297613653
109200.0	2000.0	331.7680636535835	0.0	0	710.0648645798647	531.768063653537	1	0	tensor(3, device='cuda:0')	1.8902066297613653
110200.0	2000.0	331.76806365356896	0.0	0	790.9874310484738	531.768063653537	1	0	tensor(3, device='cuda:0')	1.8902066297613653
111200.0	2000.0	331.76806365359306	0.0	0	641.8474488636712	531.768063653537	1	0	tensor(3, device='cuda:0')	1.8902066297613653
112200.0	2000.0	331.7680636536058	0.0	0	583.4727898187994	531.768063653537	1	0	tensor(3, device='cuda:0')	1.8902066297613653
113200.0	2000.0	331.7680636536128	0.0	0	658.6116268778133	531.768063653537	1	0	tensor(3, device='cuda:0')	1.8902066297613653
114200.0	2000.0	331.7680636536303	0.0	0	564.6583213594131	531.768063653537	1	0	tensor(3, device='cuda:0')	1.8902066297613653
115200.0	2000.0	331.76806365364473	0.0	0	612.6660778747755	531.768063653537	1	0	tensor(3, device='cuda:0')	1.8902066297613653
116200.0	2000.0	331.7680636536495	0.0	0	721.7642381960468	531.7680636535224	1	0	tensor(3, device='cuda:0')	1.8902066297613658
117200.0	2000.0	331.76806365364627	0.0	0	750.1096288653935	531.768063653537	1	0	tensor(3, device='cuda:0')	1.8902066297613653
118200.0	2000.0	331.7680636536414	0.0	0	640.3839873676625	531.768063653537	1	0	tensor(3, device='cuda:0')	1.8902066297613653
119200.0	2000.0	331.76806365364797	0.0	0	593.8417668180482	531.768063653537	1	0	tensor(3, device='cuda:0')	1.8902066297613653
120200.0	2000.0	331.76806365363586	0.0	0	710.4414957727422	531.768063653537	1	0	tensor(3, device='cuda:0')	1.8902066297613653
121200.0	2000.0	331.7680636536424	0.0	0	723.9108316809434	531.768063653537	1	0	tensor(3, device='cuda:0')	1.8902066297613653
122200.0	2000.0	331.76806365362484	0.0	0	641.9274924039491	531.768063653537	1	0	tensor(3, device='cuda:0')	1.8902066297613653
123200.0	2000.0	331.7680636536195	0.0	0	627.6657318684156	531.768063653537	1	0	tensor(3, device='cuda:0')	1.8902066297613653
124200.0	2000.0	331.768063653633	0.0	0	708.5574547025899	531.768063653537	1	0	tensor(3, device='cuda:0')	1.8902066297613653
125200.0	2000.0	331.7680636536179	0.0	0	576.76726019739	531.7680636535224	1	0	tensor(3, device='cuda:0')	1.8902066297613658
126200.0	2000.0	331.7680636536122	0.0	0	737.2566607184563	531.7680636535224	1	0	tensor(3, device='cuda:0')	1.8902066297613658
127200.0	2000.0	331.768063653616	0.0	0	698.0711021287862	531.7680636535224	1	0	tensor(3, device='cuda:0')	1.8902066297613658
128200.0	2000.0	331.7680636536143	0.0	0	650.0341961426748	531.7680636535224	1	0	tensor(3, device='cuda:0')	1.8902066297613658
129200.0	2000.0	331.7680636536003	0.0	0	605.3524813891418	531.7680636535079	1	0	tensor(3, device='cuda:0')	1.890206629761366
130200.0	2000.0	331.7680636535992	0.0	0	606.64697009456	531.7680636535079	1	0	tensor(3, device='cuda:0')	1.890206629761366
131200.0	2000.0	331.7680636536084	0.0	0	677.4562230722076	531.7680636535079	1	0	tensor(3, device='cuda:0')	1.890206629761366
132200.0	2000.0	331.76806365360153	0.0	0	710.9734391082893	531.7680636534933	1	0	tensor(3, device='cuda:0')	1.8902066297613662
133200.0	2000.0	331.7680636536164	0.0	0	769.5629972738097	531.7680636534933	1	0	tensor(3, device='cuda:0')	1.8902066297613662
134200.0	2000.0	331.7680636536405	0.0	0	609.507617518364	531.7680636534933	1	0	tensor(3, device='cuda:0')	1.8902066297613662
135200.0	2000.0	331.7680636536663	0.0	0	695.5757015932759	531.7680636534933	1	0	tensor(3, device='cuda:0')	1.8902066297613662
136200.0	2000.0	331.76806365366957	0.0	0	682.7033945257426	531.7680636535224	1	0	tensor(3, device='cuda:0')	1.8902066297613658
137200.0	2000.0	331.7680636536999	0.0	0	655.4396328699077	531.7680636535515	1	0	tensor(3, device='cuda:0')	1.890206629761365
138200.0	2000.0	331.76806365370106	0.0	0	653.4443021432671	531.7680636535515	1	0	tensor(3, device='cuda:0')	1.890206629761365
139200.0	2000.0	331.76806365373056	0.0	0	651.877424710925	531.7680636535806	1	0	tensor(3, device='cuda:0')	1.8902066297613644
140200.0	2000.0	331.7680636537447	0.0	0	601.9231995517039	531.7680636535806	1	0	tensor(3, device='cuda:0')	1.8902066297613644
141200.0	2000.0	331.76806365375165	0.0	0	531.9737205833371	531.7680636536097	1	0	tensor(3, device='cuda:0')	1.8902066297613642
142200.0	2000.0	331.768063653729	0.0	0	664.5103501598351	531.7680636536097	1	0	tensor(3, device='cuda:0')	1.8902066297613642
143200.0	2000.0	331.7680636537312	0.0	0	770.6123368667322	531.7680636536097	1	0	tensor(3, device='cuda:0')	1.8902066297613642
144200.0	2000.0	331.76806365375705	0.0	0	729.4325679411704	531.7680636536097	1	0	tensor(3, device='cuda:0')	1.8902066297613642
145200.0	2000.0	331.7680636537412	0.0	0	667.5127063303953	531.7680636536388	1	0	tensor(3, device='cuda:0')	1.8902066297613638
146200.0	2000.0	331.7680636537511	0.0	0	679.8473097560345	531.7680636536097	1	0	tensor(3, device='cuda:0')	1.8902066297613642
147200.0	2000.0	331.7680636537401	0.0	0	724.4021086899447	531.7680636535806	1	0	tensor(3, device='cuda:0')	1.8902066297613644
148200.0	2000.0	331.76806365374847	0.0	0	736.6749157025479	531.7680636535806	1	0	tensor(3, device='cuda:0')	1.8902066297613644
149200.0	2000.0	331.76806365375893	0.0	0	688.9396488998609	531.7680636535806	1	0	tensor(3, device='cuda:0')	1.8902066297613644
150200.0	2000.0	331.76806365374216	0.0	0	610.3259848672315	531.7680636535806	1	0	tensor(3, device='cuda:0')	1.8902066297613644
151200.0	2000.0	331.7680636537414	0.0	0	630.6504696171032	531.7680636535806	1	0	tensor(3, device='cuda:0')	1.8902066297613644
152200.0	2000.0	331.76806365373017	0.0	0	641.9995079405489	531.7680636535806	1	0	tensor(3, device='cuda:0')	1.8902066297613644
153200.0	2000.0	331.768063653733	0.0	0	689.3822052656324	531.7680636535806	1	0	tensor(3, device='cuda:0')	1.8902066297613644
154200.0	2000.0	331.7680636537219	0.0	0	586.2043308661086	531.7680636535515	1	0	tensor(3, device='cuda:0')	1.890206629761365
155200.0	2000.0	331.7680636537192	0.0	0	597.2245608581288	531.7680636535515	1	0	tensor(3, device='cuda:0')	1.890206629761365
156200.0	2000.0	331.76806365371266	0.0	0	758.9352474043553	531.7680636535515	1	0	tensor(3, device='cuda:0')	1.890206629761365
157200.0	2000.0	331.7680636537375	0.0	0	628.9251345816301	531.7680636535515	1	0	tensor(3, device='cuda:0')	1.890206629761365
158200.0	2000.0	331.76806365374176	0.0	0	740.8454439792258	531.7680636535515	1	0	tensor(3, device='cuda:0')	1.890206629761365
159200.0	2000.0	331.768063653745	0.0	0	678.4422594204079	531.7680636535515	1	0	tensor(3, device='cuda:0')	1.890206629761365
160200.0	2000.0	331.76806365374824	0.0	0	589.2534031981777	531.7680636535515	1	0	tensor(3, device='cuda:0')	1.890206629761365
161200.0	2000.0	331.76806365375467	0.0	0	412.0706472330785	531.7680636535515	1	0	tensor(3, device='cuda:0')	1.890206629761365
162200.0	2000.0	331.7680636537069	0.0	0	674.9674564034794	531.7680636535515	1	0	tensor(3, device='cuda:0')	1.890206629761365
163200.0	2000.0	331.7680636537548	0.0	0	648.3211913501436	531.7680636535806	1	0	tensor(3, device='cuda:0')	1.8902066297613644
164200.0	2000.0	331.76806365372516	0.0	0	634.4149487801187	531.7680636535806	1	0	tensor(3, device='cuda:0')	1.8902066297613644
165200.0	2000.0	331.7680636537385	0.0	0	681.2376993487123	531.7680636535806	1	0	tensor(3, device='cuda:0')	1.8902066297613644
166200.0	2000.0	331.76806365373574	0.0	0	766.7989888189477	531.7680636535806	1	0	tensor(3, device='cuda:0')	1.8902066297613644
167200.0	2000.0	331.76806365373784	0.0	0	801.4845364829525	531.7680636535806	1	0	tensor(3, device='cuda:0')	1.8902066297613644
168200.0	2000.0	331.76806365377934	0.0	0	703.439040092926	531.7680636535806	1	0	tensor(3, device='cuda:0')	1.8902066297613644
169200.0	2000.0	331.768063653757	0.0	0	682.7761179522786	531.7680636535515	1	0	tensor(3, device='cuda:0')	1.890206629761365
170200.0	2000.0	331.7680636537681	0.0	0	476.03749251324916	531.7680636535515	1	0	tensor(3, device='cuda:0')	1.890206629761365
171200.0	2000.0	331.76806365374966	0.0	0	572.2466553289269	531.7680636535515	1	0	tensor(3, device='cuda:0')	1.890206629761365
172200.0	2000.0	331.76806365376	0.0	0	553.1561719117453	531.7680636535515	1	0	tensor(3, device='cuda:0')	1.890206629761365
173200.0	2000.0	331.76806365376837	0.0	0	718.9570840489469	531.7680636535515	1	0	tensor(3, device='cuda:0')	1.890206629761365
174200.0	2000.0	331.7680636537485	0.0	0	574.2520230710215	531.7680636535515	1	0	tensor(3, device='cuda:0')	1.890206629761365
175200.0	2000.0	331.76806365376456	0.0	0	670.8728632155107	531.7680636535806	1	0	tensor(3, device='cuda:0')	1.8902066297613644
176200.0	2000.0	331.7680636538084	0.0	0	691.4694824804901	531.7680636535806	1	0	tensor(3, device='cuda:0')	1.8902066297613644
177200.0	2000.0	331.76806365381066	0.0	0	638.811852624116	531.7680636535806	1	0	tensor(3, device='cuda:0')	1.8902066297613644
178200.0	2000.0	331.7680636538088	0.0	0	644.1336928293458	531.7680636535806	1	0	tensor(3, device='cuda:0')	1.8902066297613644
179200.0	2000.0	331.7680636538072	0.0	0	654.0456210464472	531.7680636535806	1	0	tensor(3, device='cuda:0')	1.8902066297613644
180200.0	2000.0	331.7680636537844	0.0	0	608.0898030744866	531.7680636535806	1	0	tensor(3, device='cuda:0')	1.8902066297613644
181200.0	2000.0	331.7680636538087	0.0	0	689.7535994767677	531.7680636535806	1	0	tensor(3, device='cuda:0')	1.8902066297613644
182200.0	2000.0	331.76806365380156	0.0	0	653.8183509411756	531.7680636535806	1	0	tensor(3, device='cuda:0')	1.8902066297613644
183200.0	2000.0	331.7680636537823	0.0	0	735.3578837289242	531.7680636535806	1	0	tensor(3, device='cuda:0')	1.8902066297613644
184200.0	2000.0	331.7680636537954	0.0	0	442.4447874799662	531.7680636535806	1	0	tensor(3, device='cuda:0')	1.8902066297613644
185200.0	2000.0	331.76806365378	0.0	0	365.5531092334131	531.7680636535515	1	0	tensor(3, device='cuda:0')	1.890206629761365
186200.0	2000.0	354.3055229980861	22.53745934429338	0	330.1344017308729	554.3055229978345	1	0	tensor(3, device='cuda:0')	1.7546005033224095
187200.0	2000.0	354.3055229980905	0.0	0	505.2260121666477	554.3055229978345	1	0	tensor(3, device='cuda:0')	1.8898252593881697
188200.0	2000.0	354.30552299808573	0.0	0	610.7304257194919	554.3055229978345	1	0	tensor(3, device='cuda:0')	1.8898252593881697
189200.0	2000.0	354.30552299808176	0.0	0	552.5131314591854	554.3055229978345	1	0	tensor(3, device='cuda:0')	1.8898252593881697
190200.0	2000.0	354.30552299810006	0.0	0	683.6574011394114	554.3055229978054	1	0	tensor(3, device='cuda:0')	1.8898252593881704
191200.0	2000.0	354.3055229981089	0.0	0	551.6031628903293	554.3055229978345	1	0	tensor(3, device='cuda:0')	1.8898252593881697
192200.0	2000.0	365.266584974674	10.961061976567635	0	303.6076220070536	565.2665849743935	1	0	tensor(3, device='cuda:0')	1.8238703058160213
193200.0	2000.0	365.2665849746636	0.0	0	401.6301057008386	565.2665849743935	1	0	tensor(3, device='cuda:0')	1.8896366776754272
194200.0	2000.0	365.2665849746552	0.0	0	759.9552937221597	565.2665849743935	1	0	tensor(3, device='cuda:0')	1.8896366776754272
195200.0	2000.0	365.2665849746261	0.0	0	757.0126248111774	565.2665849743935	1	0	tensor(3, device='cuda:0')	1.8896366776754272
196200.0	2000.0	365.26658497461153	0.0	0	764.6456989871513	565.2665849743935	1	0	tensor(3, device='cuda:0')	1.8896366776754272
197200.0	2000.0	365.26658497460676	0.0	0	615.3921269675484	565.2665849743935	1	0	tensor(3, device='cuda:0')	1.8896366776754272
198200.0	2000.0	365.26658497462995	0.0	0	671.8366992143565	565.2665849744226	1	0	tensor(3, device='cuda:0')	1.8896366776754268
199200.0	2000.0	365.2665849746137	0.0	0	643.104257205152	565.2665849744226	1	0	tensor(3, device='cuda:0')	1.8896366776754268
200200.0	2000.0	365.2665849746003	0.0	0	516.125057867408	565.2665849744226	1	0	tensor(3, device='cuda:0')	1.8896366776754268
201200.0	2000.0	365.2665849746134	0.0	0	502.3028011606948	565.2665849744517	1	0	tensor(3, device='cuda:0')	1.889636677675426
202200.0	2000.0	365.26658497459096	0.0	0	668.1851737756806	565.2665849744517	1	0	tensor(3, device='cuda:0')	1.889636677675426
203200.0	2000.0	365.2665849745993	0.0	0	621.0806356965622	565.2665849744226	1	0	tensor(3, device='cuda:0')	1.8896366776754268
204200.0	2000.0	365.266584974641	0.0	0	618.6648390314658	565.2665849744517	1	0	tensor(3, device='cuda:0')	1.889636677675426
205200.0	2000.0	365.2665849746404	0.0	0	565.7217827388376	565.2665849744517	1	0	tensor(3, device='cuda:0')	1.889636677675426
206200.0	2000.0	365.26658497463995	0.0	0	550.8264207683387	565.2665849744226	1	0	tensor(3, device='cuda:0')	1.8896366776754268
207200.0	2000.0	365.2665849745872	0.0	0	548.762780035875	565.2665849744226	1	0	tensor(3, device='cuda:0')	1.8896366776754268
208200.0	2000.0	365.26658497458794	0.0	0	555.6898253749241	565.2665849744226	1	0	tensor(3, device='cuda:0')	1.8896366776754268
209200.0	2000.0	365.26658497460016	0.0	0	655.092192260985	565.2665849744226	1	0	tensor(3, device='cuda:0')	1.8896366776754268
210200.0	2000.0	365.26658497460653	0.0	0	768.608054454322	565.2665849743935	1	0	tensor(3, device='cuda:0')	1.8896366776754272
211200.0	2000.0	365.26658497457163	0.0	0	716.1822735475143	565.2665849743935	1	0	tensor(3, device='cuda:0')	1.8896366776754272
212200.0	2000.0	365.2665849745624	0.0	0	744.0735780658142	565.2665849743935	1	0	tensor(3, device='cuda:0')	1.8896366776754272
213200.0	2000.0	365.26658497457356	0.0	0	600.2287553600036	565.2665849743644	1	0	tensor(3, device='cuda:0')	1.8896366776754279
214200.0	2000.0	365.26658497456646	0.0	0	538.744451090548	565.2665849743644	1	0	tensor(3, device='cuda:0')	1.8896366776754279
215200.0	2000.0	365.2665849745365	0.0	0	488.7747739102633	565.2665849743644	1	0	tensor(3, device='cuda:0')	1.8896366776754279
216200.0	2000.0	365.2665849745691	0.0	0	561.8505429513461	565.2665849743644	1	0	tensor(3, device='cuda:0')	1.8896366776754279
217200.0	2000.0	365.26658497457265	0.0	0	716.8224727724737	565.2665849743644	1	0	tensor(3, device='cuda:0')	1.8896366776754279
218200.0	2000.0	365.2665849745679	0.0	0	727.3531928519369	565.2665849743353	1	0	tensor(3, device='cuda:0')	1.889636677675428
219200.0	2000.0	365.2665849745699	0.0	0	762.0319735111552	565.2665849743353	1	0	tensor(3, device='cuda:0')	1.889636677675428
220200.0	2000.0	365.2665849745589	0.0	0	612.5593263602059	565.2665849743353	1	0	tensor(3, device='cuda:0')	1.889636677675428
221200.0	2000.0	365.2665849745728	0.0	0	420.9474571190076	565.2665849743353	1	0	tensor(3, device='cuda:0')	1.889636677675428
222200.0	2000.0	365.2665849745881	0.0	0	486.175388517644	565.2665849743353	1	0	tensor(3, device='cuda:0')	1.889636677675428
223200.0	2000.0	365.26658497457083	0.0	0	704.149088670325	565.2665849743353	1	0	tensor(3, device='cuda:0')	1.889636677675428
224200.0	2000.0	365.2665849745864	0.0	0	577.6151497622486	565.2665849743353	1	0	tensor(3, device='cuda:0')	1.889636677675428
225200.0	2000.0	365.2665849745926	0.0	0	503.99721003271407	565.2665849743062	1	0	tensor(3, device='cuda:0')	1.8896366776754285
226200.0	2000.0	365.2665849745913	0.0	0	625.8511001487495	565.2665849743062	1	0	tensor(3, device='cuda:0')	1.8896366776754285
227200.0	2000.0	365.266584974587	0.0	0	651.7057142106933	565.2665849743062	1	0	tensor(3, device='cuda:0')	1.8896366776754285
228200.0	2000.0	365.2665849745547	0.0	0	713.6890556821018	565.2665849743062	1	0	tensor(3, device='cuda:0')	1.8896366776754285
229200.0	2000.0	365.26658497454855	0.0	0	769.9193978224939	565.2665849743062	1	0	tensor(3, device='cuda:0')	1.8896366776754285
230200.0	2000.0	365.26658497454264	0.0	0	589.445788201032	565.2665849742771	1	0	tensor(3, device='cuda:0')	1.8896366776754292
231200.0	2000.0	365.26658497456367	0.0	0	634.8088940589223	565.2665849742771	1	0	tensor(3, device='cuda:0')	1.8896366776754292
232200.0	2000.0	365.2665849745679	0.0	0	511.7490327990381	565.2665849742771	1	0	tensor(3, device='cuda:0')	1.8896366776754292
233200.0	2000.0	365.2665849745503	0.0	0	617.2822526668024	565.266584974248	1	0	tensor(3, device='cuda:0')	1.8896366776754299
234200.0	2000.0	365.2665849745356	0.0	0	625.0527895393316	565.266584974248	1	0	tensor(3, device='cuda:0')	1.8896366776754299
235200.0	2000.0	365.2665849745148	0.0	0	716.4735427428386	565.2665849742189	1	0	tensor(3, device='cuda:0')	1.8896366776754303
236200.0	2000.0	365.2665849745222	0.0	0	637.4695257908024	565.2665849742189	1	0	tensor(3, device='cuda:0')	1.8896366776754303
237200.0	2000.0	365.266584974497	0.0	0	562.3995586044621	565.2665849741898	1	0	tensor(3, device='cuda:0')	1.8896366776754308
238200.0	2000.0	365.2665849744766	0.0	0	660.9537459647108	565.2665849741607	1	0	tensor(3, device='cuda:0')	1.8896366776754312
239200.0	2000.0	365.2665849744583	0.0	0	579.2348346347571	565.2665849741607	1	0	tensor(3, device='cuda:0')	1.8896366776754312
240200.0	2000.0	365.2665849744981	0.0	0	669.7244533899066	565.2665849741607	1	0	tensor(3, device='cuda:0')	1.8896366776754312
241200.0	2000.0	365.266584974487	0.0	0	520.8973679703777	565.2665849741315	1	0	tensor(3, device='cuda:0')	1.8896366776754316
242200.0	2000.0	365.26658497449375	0.0	0	552.1794245262863	565.2665849741607	1	0	tensor(3, device='cuda:0')	1.8896366776754312
243200.0	2000.0	365.26658497449137	0.0	0	774.7183600145217	565.2665849741607	1	0	tensor(3, device='cuda:0')	1.8896366776754312
244200.0	2000.0	365.2665849745156	0.0	0	702.6544936953578	565.2665849741607	1	0	tensor(3, device='cuda:0')	1.8896366776754312
245200.0	2000.0	365.26658497450956	0.0	0	706.1463412550511	565.2665849741607	1	0	tensor(3, device='cuda:0')	1.8896366776754312
246200.0	2000.0	434.7707593513808	69.50417437686474	0	274.59023845900083	634.7707593510277	1	0	tensor(3, device='cuda:0')	1.4713669461158236
247200.0	2000.0	434.7707593513977	0.0	0	675.4139466134657	634.7707593509986	1	0	tensor(3, device='cuda:0')	1.8883919923770125
248200.0	2000.0	434.77075935139635	0.0	0	720.0140621529426	634.7707593509986	1	0	tensor(3, device='cuda:0')	1.8883919923770125
249200.0	2000.0	434.7707593513712	0.0	0	596.8035826796258	634.7707593509986	1	0	tensor(3, device='cuda:0')	1.8883919923770125
250200.0	2000.0	434.7707593513974	0.0	0	687.7723641038465	634.7707593509986	1	0	tensor(3, device='cuda:0')	1.8883919923770125
251200.0	2000.0	434.77075935140874	0.0	0	666.115730044141	634.7707593509986	1	0	tensor(3, device='cuda:0')	1.8883919923770125
252200.0	2000.0	434.7707593514067	0.0	0	764.2273375119839	634.7707593509986	1	0	tensor(3, device='cuda:0')	1.8883919923770125
253200.0	2000.0	434.77075935139544	0.0	0	499.94307146032224	634.7707593509986	1	0	tensor(3, device='cuda:0')	1.8883919923770125
254200.0	2000.0	434.770759351425	0.0	0	533.982873584755	634.7707593509986	1	0	tensor(3, device='cuda:0')	1.8883919923770125
255200.0	2000.0	434.77075935145933	0.0	0	642.3466995683848	634.7707593509695	1	0	tensor(3, device='cuda:0')	1.8883919923770132
256200.0	2000.0	434.77075935146036	0.0	0	635.3982448563329	634.7707593509695	1	0	tensor(3, device='cuda:0')	1.8883919923770132
257200.0	2000.0	434.77075935143466	0.0	0	715.8392170187435	634.7707593509695	1	0	tensor(3, device='cuda:0')	1.8883919923770132
258200.0	2000.0	434.77075935144603	0.0	0	729.587711690343	634.7707593509695	1	0	tensor(3, device='cuda:0')	1.8883919923770132
259200.0	2000.0	434.77075935145115	0.0	0	796.5031397951243	634.7707593509986	1	0	tensor(3, device='cuda:0')	1.8883919923770125
260200.0	2000.0	434.7707593514584	0.0	0	781.1530518563522	634.7707593509986	1	0	tensor(3, device='cuda:0')	1.8883919923770125
261200.0	2000.0	434.7707593514259	0.0	0	638.9031011378684	634.7707593509986	1	0	tensor(3, device='cuda:0')	1.8883919923770125
262200.0	2000.0	434.77075935144717	0.0	0	619.0853193313524	634.7707593509986	1	0	tensor(3, device='cuda:0')	1.8883919923770125
263200.0	2000.0	434.7707593514192	0.0	0	633.8348958397983	634.7707593509695	1	0	tensor(3, device='cuda:0')	1.888391992377013
264200.0	2000.0	434.77075935142955	0.0	0	544.9404720271123	634.7707593509695	1	0	tensor(3, device='cuda:0')	1.8883919923770132
265200.0	2000.0	434.77075935140874	0.0	0	643.6722688096343	634.7707593509695	1	0	tensor(3, device='cuda:0')	1.8883919923770132
266200.0	2000.0	434.7707593513584	0.0	0	644.7571924903314	634.7707593509695	1	0	tensor(3, device='cuda:0')	1.8883919923770132
267200.0	2000.0	434.77075935140397	0.0	0	650.6810220853076	634.7707593510277	1	0	tensor(3, device='cuda:0')	1.888391992377012
268200.0	2000.0	434.77075935138487	0.0	0	659.7836065375013	634.7707593510277	1	0	tensor(3, device='cuda:0')	1.888391992377012
269200.0	2000.0	434.7707593513984	0.0	0	674.1611460553831	634.7707593510277	1	0	tensor(3, device='cuda:0')	1.888391992377012
270200.0	2000.0	434.7707593514008	0.0	0	546.8348138440633	634.7707593510277	1	0	tensor(3, device='cuda:0')	1.888391992377012
271200.0	2000.0	434.7707593514041	0.0	0	685.3347949346644	634.7707593510859	1	0	tensor(3, device='cuda:0')	1.8883919923770112
272200.0	2000.0	434.7707593514674	0.0	0	740.6812784758513	634.7707593510859	1	0	tensor(3, device='cuda:0')	1.8883919923770112
273200.0	2000.0	434.7707593514475	0.0	0	583.9185485828202	634.7707593510859	1	0	tensor(3, device='cuda:0')	1.8883919923770112
274200.0	2000.0	434.77075935146786	0.0	0	603.9718747834559	634.7707593510859	1	0	tensor(3, device='cuda:0')	1.8883919923770112
275200.0	2000.0	434.77075935148673	0.0	0	421.21825713606086	634.7707593510277	1	0	tensor(3, device='cuda:0')	1.888391992377012
276200.0	2000.0	434.7707593514915	0.0	0	692.4924458390451	634.7707593510277	1	0	tensor(3, device='cuda:0')	1.888391992377012
277200.0	2000.0	434.77075935148423	0.0	0	789.0321929719648	634.7707593510277	1	0	tensor(3, device='cuda:0')	1.888391992377012
278200.0	2000.0	434.7707593515298	0.0	0	775.8247135311831	634.7707593510859	1	0	tensor(3, device='cuda:0')	1.8883919923770112
279200.0	2000.0	434.7707593515511	0.0	0	660.2376102332491	634.7707593510859	1	0	tensor(3, device='cuda:0')	1.8883919923770112
280200.0	2000.0	434.7707593515979	0.0	0	428.76105051935883	634.7707593510859	1	0	tensor(3, device='cuda:0')	1.8883919923770112
281200.0	2000.0	434.77075935163646	0.0	0	598.9625632559764	634.7707593510859	1	0	tensor(3, device='cuda:0')	1.8883919923770112
282200.0	2000.0	434.77075935159905	0.0	0	766.5146656084689	634.7707593510859	1	0	tensor(3, device='cuda:0')	1.8883919923770112
283200.0	2000.0	434.77075935155347	0.0	0	709.0767141000833	634.7707593510859	1	0	tensor(3, device='cuda:0')	1.8883919923770112
284200.0	2000.0	434.7707593515149	0.0	0	594.1741821088362	634.7707593510859	1	0	tensor(3, device='cuda:0')	1.8883919923770112
285200.0	2000.0	434.77075935151265	0.0	0	680.2784697612515	634.7707593510859	1	0	tensor(3, device='cuda:0')	1.8883919923770112
286200.0	2000.0	434.77075935145626	0.0	0	684.7517318386235	634.7707593511441	1	0	tensor(3, device='cuda:0')	1.88839199237701
287200.0	2000.0	434.77075935141454	0.0	0	734.1979169767583	634.7707593511441	1	0	tensor(3, device='cuda:0')	1.88839199237701
288200.0	2000.0	434.7707593514808	0.0	0	749.8499518864555	634.7707593511441	1	0	tensor(3, device='cuda:0')	1.88839199237701
289200.0	2000.0	434.7707593514765	0.0	0	717.8411370374379	634.7707593511441	1	0	tensor(3, device='cuda:0')	1.88839199237701
290200.0	2000.0	434.77075935149605	0.0	0	631.5069695627317	634.7707593511441	1	0	tensor(3, device='cuda:0')	1.88839199237701
291200.0	2000.0	434.77075935146877	0.0	0	598.8352939523174	634.7707593510859	1	0	tensor(3, device='cuda:0')	1.8883919923770112
292200.0	2000.0	434.7707593514508	0.0	0	756.3116646602866	634.7707593510859	1	0	tensor(3, device='cuda:0')	1.8883919923770112
293200.0	2000.0	434.7707593515107	0.0	0	596.632381990843	634.7707593511441	1	0	tensor(3, device='cuda:0')	1.88839199237701
294200.0	2000.0	434.7707593515106	0.0	0	685.0739468293614	634.7707593511441	1	0	tensor(3, device='cuda:0')	1.88839199237701
295200.0	2000.0	434.77075935149855	0.0	0	697.036078849982	634.7707593511441	1	0	tensor(3, device='cuda:0')	1.88839199237701
296200.0	2000.0	434.77075935146945	0.0	0	586.4403677488444	634.7707593510859	1	0	tensor(3, device='cuda:0')	1.8883919923770112
297200.0	2000.0	434.77075935145444	0.0	0	608.3953845620272	634.7707593510859	1	0	tensor(3, device='cuda:0')	1.8883919923770112
298200.0	2000.0	434.77075935142216	0.0	0	523.9431739248103	634.7707593510859	1	0	tensor(3, device='cuda:0')	1.8883919923770112
299200.0	2000.0	434.7707593513462	0.0	0	790.5388955547241	634.7707593510277	1	0	tensor(3, device='cuda:0')	1.888391992377012
300200.0	2000.0	434.7707593513337	0.0	0	696.7381336574326	634.7707593510277	1	0	tensor(3, device='cuda:0')	1.888391992377012
6.68	5.25	7.71	8.31	6.99	7.21	8.79	5.77	6.26	9.29	7.97	5.18	8.28	8.44	6.05	7.4	3.68	8.28	8.33	8.75	7.46	4.17	6.41	8.0	10.7	7.37	6.73	7.3	10.6	7.34	4.95	3.85	5.03	5.88	5.91	6.06	12.3	14.1	7.81	8.19	7.03	4.77	6.31	4.59	3.93	6.9	6.96	3.74	5.32	4.85	6.07	8.5	5.41	4.76	7.75	10.4	8.1	5.49	4.47	5.87	6.53	12.4	8.68	12.2	7.77	5.54	7.7	8.31	5.06	5.87	5.41	6.6	8.29	10.3	7.46	5.97	7.15	9.37	6.74	4.99	4.69	9.15	9.08	7.4	6.63	5.28	5.27	4.93	4.17	6.09	4.12	6.65	8.28	6.48	8.55	7.41	4.92	7.04	8.99	11.9	7.92	4.26	5.73	5.76	5.94	6.67	9.33	7.07	5.21	8.11	6.65	5.07	5.53	5.95	4.78	7.92	7.16	7.8	6.87	5.33	5.56	7.97	8.54	8.12	6.48	5.1	6.48	5.9	7.96	8.2	4.53	6.35	7.24	9.9	7.46	7.67	9.92	8.99	5.19	5.53	6.14	5.69	9.99	6.99	5.44	9.37	7.6	7.33	7.71	6.63	4.51	5.24	6.77	6.79	5.55	7.05	8.77	10.9	6.8	4.03	5.66	5.34	6.92	5.43	6.63	7.02	8.34	5.26	7.26	5.98	4.98	8.22	8.39	5.19	4.04	3.41	5.63	4.33	5.88	6.78	4.41	3.7	3.97	7.32	11.2	7.44	7.11	7.68	8.06	5.39	5.54	5.22	6.74	5.2	7.34	3.95	5.26	6.54	5.26	8.04	9.49	9.42	5.8	6.24	4.24	6.61	5.69	6.65	8.38	8.87	3.97	3.87	6.65	5.61	5.43	5.26	7.67	10.5	9.39	5.51	7.61	5.54	7.82	5.85	7.65	8.07	5.36	5.36	5.78	5.56	5.14	5.66	9.83	8.02	7.48	2.88	7.92	8.09	6.31	8.14	5.91	8.57	4.8	3.85	7.1	7.84	6.02	7.01	8.27	9.41	6.13	4.26	5.15	5.02	7.85	5.04	7.66	8.24	5.99	5.42	8.16	7.16	6.19	4.21	4.37	7.51	9.37	8.87	6.86	3.75	5.47	7.63	5.99	6.45	8.32	9.05	8.64	8.49	6.22	6.96	6.16	8.91	6.87	6.52	6.31	6.12	6.73	4.08	9.45	8.44	7.02
532.0	533.0	534.0	535.0	536.0	537.0	538.0	539.0	540.0	541.0	542.0	543.0	544.0	545.0	546.0	547.0	548.0	549.0	550.0	551.0	552.0	553.0	554.0	555.0	556.0	557.0	558.0	559.0	560.0	561.0	562.0	563.0	564.0	565.0	566.0	567.0	568.0	569.0	570.0	571.0	572.0	573.0	574.0	575.0	576.0	577.0	578.0	579.0	580.0	581.0	582.0	583.0	584.0	585.0	586.0	587.0	588.0	589.0	590.0	591.0	592.0	593.0	594.0	595.0	596.0	597.0	598.0	599.0	600.0	601.0	602.0	603.0	604.0	605.0	606.0	607.0	608.0	609.0	610.0	611.0	612.0	613.0	614.0	615.0	616.0	617.0	618.0	619.0	620.0	621.0	622.0	623.0	624.0	625.0	626.0	627.0	628.0	629.0	630.0	631.0	632.0	633.0	634.0	635.0	636.0	637.0	638.0	639.0	640.0	641.0	642.0	643.0	644.0	645.0	646.0	647.0	648.0	649.0	650.0	651.0	652.0	653.0	654.0	655.0	656.0	657.0	658.0	659.0	660.0	661.0	662.0	663.0	664.0	665.0	666.0	667.0	668.0	669.0	670.0	671.0	672.0	673.0	674.0	675.0	676.0	677.0	678.0	679.0	680.0	681.0	682.0	683.0	684.0	685.0	686.0	687.0	688.0	689.0	690.0	691.0	692.0	693.0	694.0	695.0	696.0	697.0	698.0	699.0	700.0	701.0	702.0	703.0	704.0	705.0	706.0	707.0	708.0	709.0	710.0	711.0	712.0	713.0	714.0	715.0	716.0	717.0	718.0	719.0	720.0	721.0	722.0	723.0	724.0	725.0	726.0	727.0	728.0	729.0	730.0	731.0	732.0	733.0	734.0	735.0	736.0	737.0	738.0	739.0	740.0	741.0	742.0	743.0	744.0	745.0	746.0	747.0	748.0	749.0	750.0	751.0	752.0	753.0	754.0	755.0	756.0	757.0	758.0	759.0	760.0	761.0	762.0	763.0	764.0	765.0	766.0	767.0	768.0	769.0	770.0	771.0	772.0	773.0	774.0	775.0	776.0	777.0	778.0	779.0	780.0	781.0	782.0	783.0	784.0	785.0	786.0	787.0	788.0	789.0	790.0	791.0	792.0	793.0	794.0	795.0	796.0	797.0	798.0	799.0	800.0	801.0	802.0	803.0	804.0	805.0	806.0	807.0	808.0	809.0	810.0	811.0	812.0	813.0	814.0	815.0	816.0	817.0	818.0	819.0	820.0	821.0	822.0
9830.0
