5244.984464197949	6000.0	2000.0	382.6856738497451	0	0.0	5244.984464197949	1	0	tensor(5, device='cuda:0')	-3.9868405042742205
5741.328172350163	6000.0	2379.5703648097315	0.0	0	0.0	5120.898537159896	1	0	tensor(5, device='cuda:0')	1.5598180267602102
6125.142908017052	6000.0	2899.80194522612	0.0	0	0.0	5024.9448532431725	1	0	tensor(5, device='cuda:0')	1.6985853965224642
6736.277470919911	6000.0	3135.8837415975463	0.0	0	0.0	4872.161212517458	1	0	tensor(5, device='cuda:0')	1.6939010008750492
7289.752426954795	6000.0	3444.0400465539415	0.0	0	0.0	4733.792473508737	1	0	tensor(5, device='cuda:0')	1.8236839253001338
7815.785184733532	6000.0	3786.4990993305187	0.0	0	0.0	4602.2842840640515	1	0	tensor(5, device='cuda:0')	1.92810482003295
8545.180612790493	6000.0	3874.754814259317	0.0	0	0.0	4419.935427049811	1	0	tensor(5, device='cuda:0')	1.9311133261306306
9315.862307030651	6000.0	3911.4026964591194	0.0	0	0.0	4227.265003489771	1	0	tensor(5, device='cuda:0')	2.016189268755592
10200.0	6000.0	3806.2305802474334	0.0	0	251.22701947070345	4006.230580247435	1	0	tensor(5, device='cuda:0')	2.050888605844088
11200.0	6000.0	3556.2305802474334	0.0	0	479.75323334332825	3756.230580247435	1	0	tensor(5, device='cuda:0')	2.0862799605736893
12200.0	6000.0	3306.230580247436	0.0	0	553.3066778357952	3506.2305802474366	1	0	tensor(5, device='cuda:0')	2.171059958483081
13200.0	6000.0	3056.230580247436	0.0	0	399.58084631444217	3256.230580247433	1	0	tensor(5, device='cuda:0')	2.2405097859376943
14200.0	6000.0	2806.2305802474366	0.0	0	432.19435910642824	3006.230580247433	1	0	tensor(5, device='cuda:0')	2.296041063030596
15200.0	6000.0	2556.2305802474366	0.0	0	8.580413544865223	2756.230580247433	1	0	tensor(5, device='cuda:0')	2.343227016994708
16200.0	6000.0	2306.230580247437	0.0	0	23.044986282038735	2506.230580247435	1	0	tensor(5, device='cuda:0')	2.3804806501863798
17200.0	6000.0	2056.2305802474375	0.0	0	363.6530413256405	2256.2305802474366	1	0	tensor(5, device='cuda:0')	2.404193222838022
18200.0	6000.0	1806.2305802474289	0.0	0	351.1463773835894	2006.2305802474275	1	0	tensor(5, device='cuda:0')	2.4260385693443554
19200.0	6000.0	1556.23058024743	0.0	0	159.04601407600785	1756.2305802474293	1	0	tensor(5, device='cuda:0')	2.4444862439031
20200.0	6000.0	1306.230580247433	0.0	0	224.38103870980558	1506.2305802474257	1	0	tensor(5, device='cuda:0')	2.457373231380808
21200.0	6000.0	1056.2305802474325	0.0	0	439.79384495373233	1256.2305802474257	1	0	tensor(5, device='cuda:0')	2.467482025443661
22200.0	6000.0	806.2305802474251	0.0	0	197.61226224410711	1006.2305802474184	1	0	tensor(5, device='cuda:0')	2.4763497629671534
23200.0	6000.0	556.2305802474218	0.0	0	273.3409441470976	756.230580247422	1	0	tensor(5, device='cuda:0')	2.4826831652263808
24200.0	3000.0	306.2305802474177	0.0	0	766.2028155729713	506.2305802474184	1	0	tensor(5, device='cuda:0')	1.1011867534165778
25200.0	2000.0	306.2305802474187	0.0	0	796.8228501388548	506.2305802474184	1	0	tensor(3, device='cuda:0')	0.9851634813285907
26200.0	2000.0	306.23058024741835	0.0	0	740.9897067611855	506.2305802474184	1	0	tensor(3, device='cuda:0')	1.8906285894367554
27200.0	2000.0	306.2305802474191	0.0	0	737.8158153970435	506.2305802474184	1	0	tensor(3, device='cuda:0')	1.8906285894367554
28200.0	2000.0	306.2305802474194	0.0	0	748.3627436802235	506.2305802474184	1	0	tensor(3, device='cuda:0')	1.8906285894367554
29200.0	2000.0	306.2305802474176	0.0	0	714.0654338252207	506.2305802474184	1	0	tensor(3, device='cuda:0')	1.8906285894367554
30200.0	2000.0	306.2305802474211	0.0	0	653.6493758208344	506.23058024742204	1	0	tensor(3, device='cuda:0')	1.8906285894367554
31200.0	2000.0	306.23058024742113	0.0	0	703.5848381107062	506.23058024742204	1	0	tensor(3, device='cuda:0')	1.8906285894367554
32200.0	2000.0	306.2305802474228	0.0	0	796.9503499851162	506.23058024742204	1	0	tensor(3, device='cuda:0')	1.8906285894367554
33200.0	2000.0	306.2305802474176	0.0	0	761.1262610736485	506.2305802474184	1	0	tensor(3, device='cuda:0')	1.8906285894367554
34200.0	2000.0	306.2305802474168	0.0	0	673.3879822272647	506.23058024741476	1	0	tensor(3, device='cuda:0')	1.8906285894367554
35200.0	2000.0	306.230580247417	0.0	0	759.6402226227801	506.23058024741476	1	0	tensor(3, device='cuda:0')	1.8906285894367554
36200.0	2000.0	306.23058024741255	0.0	0	621.6195700606258	506.2305802474075	1	0	tensor(3, device='cuda:0')	1.8906285894367556
37200.0	2000.0	306.2305802474138	0.0	0	717.1870281676893	506.2305802474075	1	0	tensor(3, device='cuda:0')	1.8906285894367556
38200.0	2000.0	306.23058024741516	0.0	0	788.6774133994768	506.23058024741476	1	0	tensor(3, device='cuda:0')	1.8906285894367554
39200.0	2000.0	306.2305802474195	0.0	0	842.7294522325756	506.23058024742204	1	0	tensor(3, device='cuda:0')	1.8906285894367554
40200.0	2000.0	306.2305802474155	0.0	0	782.040546856806	506.23058024742204	1	0	tensor(3, device='cuda:0')	1.8906285894367554
41200.0	2000.0	306.2305802474175	0.0	0	715.1699123032304	506.23058024742204	1	0	tensor(3, device='cuda:0')	1.8906285894367554
42200.0	2000.0	306.23058024741766	0.0	0	712.2888842736938	506.23058024742204	1	0	tensor(3, device='cuda:0')	1.8906285894367554
43200.0	2000.0	306.23058024741516	0.0	0	748.5617660620774	506.23058024742204	1	0	tensor(3, device='cuda:0')	1.8906285894367554
44200.0	2000.0	306.23058024741187	0.0	0	792.8276982559473	506.23058024742204	1	0	tensor(3, device='cuda:0')	1.8906285894367554
45200.0	2000.0	306.2305802474161	0.0	0	741.4991589866986	506.23058024742204	1	0	tensor(3, device='cuda:0')	1.8906285894367554
46200.0	2000.0	306.2305802474186	0.0	0	792.964566806957	506.23058024742204	1	0	tensor(3, device='cuda:0')	1.8906285894367554
47200.0	2000.0	306.2305802474133	0.0	0	683.7796074233338	506.23058024742204	1	0	tensor(3, device='cuda:0')	1.8906285894367554
48200.0	2000.0	306.23058024741925	0.0	0	773.4941342529346	506.23058024742204	1	0	tensor(3, device='cuda:0')	1.8906285894367554
49200.0	2000.0	306.23058024741374	0.0	0	768.6634718865971	506.23058024742204	1	0	tensor(3, device='cuda:0')	1.8906285894367554
50200.0	2000.0	306.2305802474202	0.0	0	690.111347404476	506.23058024742204	1	0	tensor(3, device='cuda:0')	1.8906285894367554
51200.0	2000.0	306.23058024741823	0.0	0	779.1554344438046	506.23058024742204	1	0	tensor(3, device='cuda:0')	1.8906285894367554
52200.0	2000.0	306.23058024742045	0.0	0	785.2177954470026	506.23058024742204	1	0	tensor(3, device='cuda:0')	1.8906285894367554
53200.0	2000.0	306.23058024742045	0.0	0	804.9804908228107	506.23058024742204	1	0	tensor(3, device='cuda:0')	1.8906285894367554
54200.0	2000.0	306.2305802474217	0.0	0	712.1422801972731	506.23058024741476	1	0	tensor(3, device='cuda:0')	1.8906285894367554
55200.0	2000.0	306.23058024742477	0.0	0	774.3402491946617	506.23058024741476	1	0	tensor(3, device='cuda:0')	1.8906285894367554
56200.0	2000.0	306.2305802474231	0.0	0	633.7904721469022	506.23058024741476	1	0	tensor(3, device='cuda:0')	1.8906285894367554
57200.0	2000.0	306.23058024741994	0.0	0	639.0733463723882	506.23058024741476	1	0	tensor(3, device='cuda:0')	1.8906285894367554
58200.0	2000.0	306.23058024741687	0.0	0	663.6536382422128	506.23058024741476	1	0	tensor(3, device='cuda:0')	1.8906285894367554
59200.0	2000.0	306.2305802474194	0.0	0	632.0738525589768	506.23058024741476	1	0	tensor(3, device='cuda:0')	1.8906285894367554
60200.0	2000.0	306.2305802474193	0.0	0	522.8756514567576	506.23058024741476	1	0	tensor(3, device='cuda:0')	1.8906285894367554
61200.0	2000.0	306.23058024742215	0.0	0	783.791909540203	506.23058024741476	1	0	tensor(3, device='cuda:0')	1.8906285894367554
62200.0	2000.0	306.23058024741755	0.0	0	813.5709972284021	506.23058024741476	1	0	tensor(3, device='cuda:0')	1.8906285894367554
63200.0	2000.0	306.2305802474168	0.0	0	782.1282526931609	506.23058024741476	1	0	tensor(3, device='cuda:0')	1.8906285894367554
64200.0	2000.0	306.23058024741846	0.0	0	743.1036851176177	506.23058024742204	1	0	tensor(3, device='cuda:0')	1.8906285894367554
65200.0	2000.0	306.23058024741584	0.0	0	815.3154434862008	506.23058024742204	1	0	tensor(3, device='cuda:0')	1.8906285894367554
66200.0	2000.0	306.2305802474218	0.0	0	853.0533619764901	506.2305802474293	1	0	tensor(3, device='cuda:0')	1.890628589436755
67200.0	2000.0	306.2305802474228	0.0	0	864.9139626032847	506.23058024744387	1	0	tensor(3, device='cuda:0')	1.890628589436755
68200.0	2000.0	306.2305802474287	0.0	0	870.996707389495	506.23058024744387	1	0	tensor(3, device='cuda:0')	1.890628589436755
69200.0	2000.0	306.2305802474271	0.0	0	875.0703403561638	506.23058024744387	1	0	tensor(3, device='cuda:0')	1.890628589436755
70200.0	2000.0	306.23058024741925	0.0	0	776.9397214825585	506.23058024744387	1	0	tensor(3, device='cuda:0')	1.890628589436755
71200.0	2000.0	306.2305802474266	0.0	0	831.9296730336791	506.23058024744387	1	0	tensor(3, device='cuda:0')	1.890628589436755
72200.0	2000.0	306.23058024742187	0.0	0	834.9726133884687	506.23058024744387	1	0	tensor(3, device='cuda:0')	1.890628589436755
73200.0	2000.0	306.2305802474122	0.0	0	747.9007199306943	506.23058024744387	1	0	tensor(3, device='cuda:0')	1.890628589436755
74200.0	2000.0	306.23058024741385	0.0	0	788.2320361141756	506.23058024744387	1	0	tensor(3, device='cuda:0')	1.890628589436755
75200.0	2000.0	306.230580247411	0.0	0	687.188030874735	506.23058024744387	1	0	tensor(3, device='cuda:0')	1.890628589436755
76200.0	2000.0	306.2305802474205	0.0	0	631.9091901722277	506.23058024744387	1	0	tensor(3, device='cuda:0')	1.890628589436755
77200.0	2000.0	306.2305802474199	0.0	0	620.9788491410873	506.23058024744387	1	0	tensor(3, device='cuda:0')	1.890628589436755
78200.0	2000.0	306.23058024741766	0.0	0	756.2926655548945	506.23058024744387	1	0	tensor(3, device='cuda:0')	1.890628589436755
79200.0	2000.0	306.23058024740686	0.0	0	733.3389303142321	506.23058024744387	1	0	tensor(3, device='cuda:0')	1.890628589436755
80200.0	2000.0	306.2305802474229	0.0	0	813.7181810745387	506.2305802474584	1	0	tensor(3, device='cuda:0')	1.8906285894367547
81200.0	2000.0	306.2305802474302	0.0	0	826.6796528660489	506.230580247473	1	0	tensor(3, device='cuda:0')	1.8906285894367545
82200.0	2000.0	306.2305802474176	0.0	0	739.9472443258419	506.230580247473	1	0	tensor(3, device='cuda:0')	1.8906285894367545
83200.0	2000.0	306.23058024740976	0.0	0	684.9091287521587	506.2305802474584	1	0	tensor(3, device='cuda:0')	1.8906285894367547
84200.0	2000.0	306.2305802474079	0.0	0	825.9880054013483	506.2305802474584	1	0	tensor(3, device='cuda:0')	1.8906285894367547
85200.0	2000.0	306.2305802474037	0.0	0	812.7797501266614	506.2305802474584	1	0	tensor(3, device='cuda:0')	1.8906285894367547
86200.0	2000.0	306.2305802474102	0.0	0	604.3487237981171	506.2305802474584	1	0	tensor(3, device='cuda:0')	1.8906285894367547
87200.0	2000.0	306.2305802473936	0.0	0	621.8815965732938	506.2305802474584	1	0	tensor(3, device='cuda:0')	1.8906285894367547
88200.0	2000.0	306.23058024739885	0.0	0	733.8649715659121	506.2305802474584	1	0	tensor(3, device='cuda:0')	1.8906285894367547
89200.0	2000.0	306.23058024740766	0.0	0	777.3434460365679	506.2305802474584	1	0	tensor(3, device='cuda:0')	1.8906285894367547
90200.0	2000.0	306.2305802474218	0.0	0	803.797927351945	506.230580247473	1	0	tensor(3, device='cuda:0')	1.8906285894367545
91200.0	2000.0	306.2305802474353	0.0	0	773.5704768429569	506.230580247473	1	0	tensor(3, device='cuda:0')	1.8906285894367545
92200.0	2000.0	306.2305802474482	0.0	0	775.2704727497621	506.2305802474584	1	0	tensor(3, device='cuda:0')	1.8906285894367547
93200.0	2000.0	306.23058024743847	0.0	0	716.8826811900799	506.2305802474584	1	0	tensor(3, device='cuda:0')	1.8906285894367547
94200.0	2000.0	306.23058024743005	0.0	0	785.2906243627367	506.2305802474584	1	0	tensor(3, device='cuda:0')	1.8906285894367547
95200.0	2000.0	306.2305802474316	0.0	0	826.7962095229013	506.2305802474584	1	0	tensor(3, device='cuda:0')	1.8906285894367547
96200.0	2000.0	306.23058024742744	0.0	0	810.6761236600287	506.23058024744387	1	0	tensor(3, device='cuda:0')	1.890628589436755
97200.0	2000.0	306.2305802474151	0.0	0	774.4892999789008	506.23058024744387	1	0	tensor(3, device='cuda:0')	1.890628589436755
98200.0	2000.0	306.23058024741846	0.0	0	701.7244319784077	506.23058024744387	1	0	tensor(3, device='cuda:0')	1.890628589436755
99200.0	2000.0	306.23058024740715	0.0	0	714.2625765788252	506.23058024744387	1	0	tensor(3, device='cuda:0')	1.890628589436755
100200.0	2000.0	306.23058024741454	0.0	0	796.6896503135504	506.23058024744387	1	0	tensor(3, device='cuda:0')	1.890628589436755
101200.0	2000.0	306.230580247406	0.0	0	801.7194315586676	506.23058024744387	1	0	tensor(3, device='cuda:0')	1.890628589436755
102200.0	2000.0	306.23058024741374	0.0	0	792.0844807977119	506.2305802474584	1	0	tensor(3, device='cuda:0')	1.8906285894367547
103200.0	2000.0	306.23058024740345	0.0	0	676.5609807880392	506.2305802474584	1	0	tensor(3, device='cuda:0')	1.8906285894367547
104200.0	2000.0	306.2305802474092	0.0	0	744.4350566114445	506.230580247473	1	0	tensor(3, device='cuda:0')	1.8906285894367545
105200.0	2000.0	306.23058024740817	0.0	0	637.0105003489734	506.2305802474584	1	0	tensor(3, device='cuda:0')	1.8906285894367547
106200.0	2000.0	306.2305802474031	0.0	0	644.0634684270917	506.2305802474584	1	0	tensor(3, device='cuda:0')	1.8906285894367547
107200.0	2000.0	306.2305802474072	0.0	0	797.197065624161	506.2305802474584	1	0	tensor(3, device='cuda:0')	1.8906285894367547
108200.0	2000.0	306.2305802474036	0.0	0	832.2079929369065	506.230580247473	1	0	tensor(3, device='cuda:0')	1.8906285894367545
109200.0	2000.0	306.23058024739987	0.0	0	660.4786391991074	506.230580247473	1	0	tensor(3, device='cuda:0')	1.8906285894367545
110200.0	2000.0	306.23058024741204	0.0	0	837.4215906950412	506.230580247473	1	0	tensor(3, device='cuda:0')	1.8906285894367545
111200.0	2000.0	306.2305802474237	0.0	0	794.7379463643592	506.230580247473	1	0	tensor(3, device='cuda:0')	1.8906285894367545
112200.0	2000.0	306.23058024741334	0.0	0	797.5960087694984	506.2305802474584	1	0	tensor(3, device='cuda:0')	1.8906285894367547
113200.0	2000.0	306.2305802474025	0.0	0	794.9384449632344	506.23058024744387	1	0	tensor(3, device='cuda:0')	1.890628589436755
114200.0	2000.0	306.2305802474086	0.0	0	631.6326012373029	506.2305802474293	1	0	tensor(3, device='cuda:0')	1.890628589436755
115200.0	2000.0	306.2305802474091	0.0	0	724.2019190478895	506.23058024741476	1	0	tensor(3, device='cuda:0')	1.8906285894367554
116200.0	2000.0	306.2305802474304	0.0	0	670.0662535661249	506.23058024741476	1	0	tensor(3, device='cuda:0')	1.8906285894367554
117200.0	2000.0	306.23058024742056	0.0	0	765.4225069858221	506.23058024741476	1	0	tensor(3, device='cuda:0')	1.8906285894367554
118200.0	2000.0	306.23058024740624	0.0	0	661.7922850964678	506.23058024741476	1	0	tensor(3, device='cuda:0')	1.8906285894367554
119200.0	2000.0	306.2305802474233	0.0	0	682.1214608945593	506.23058024741476	1	0	tensor(3, device='cuda:0')	1.8906285894367554
120200.0	2000.0	306.23058024742875	0.0	0	695.9212808045122	506.23058024741476	1	0	tensor(3, device='cuda:0')	1.8906285894367554
121200.0	2000.0	306.23058024744194	0.0	0	795.9189017220342	506.23058024741476	1	0	tensor(3, device='cuda:0')	1.8906285894367554
122200.0	2000.0	306.23058024747223	0.0	0	817.0006110351678	506.2305802474293	1	0	tensor(3, device='cuda:0')	1.890628589436755
123200.0	2000.0	306.23058024745006	0.0	0	845.4537160546752	506.2305802474293	1	0	tensor(3, device='cuda:0')	1.890628589436755
124200.0	2000.0	306.2305802474617	0.0	0	833.8795150207734	506.2305802474293	1	0	tensor(3, device='cuda:0')	1.890628589436755
125200.0	2000.0	306.2305802474508	0.0	0	794.4443623278057	506.2305802474293	1	0	tensor(3, device='cuda:0')	1.890628589436755
126200.0	2000.0	306.2305802474482	0.0	0	799.1402453528281	506.2305802474293	1	0	tensor(3, device='cuda:0')	1.890628589436755
127200.0	2000.0	306.23058024743784	0.0	0	760.8711162229447	506.23058024741476	1	0	tensor(3, device='cuda:0')	1.8906285894367554
128200.0	2000.0	306.23058024745654	0.0	0	821.1494639404846	506.23058024741476	1	0	tensor(3, device='cuda:0')	1.8906285894367554
129200.0	2000.0	306.23058024745876	0.0	0	763.0777868534497	506.2305802474293	1	0	tensor(3, device='cuda:0')	1.890628589436755
130200.0	2000.0	306.23058024745006	0.0	0	742.6818927986315	506.2305802474293	1	0	tensor(3, device='cuda:0')	1.890628589436755
131200.0	2000.0	306.2305802474384	0.0	0	620.313413701384	506.2305802474293	1	0	tensor(3, device='cuda:0')	1.890628589436755
132200.0	2000.0	306.23058024747115	0.0	0	721.0765030993207	506.23058024744387	1	0	tensor(3, device='cuda:0')	1.890628589436755
133200.0	2000.0	306.23058024746115	0.0	0	630.1175725375942	506.23058024744387	1	0	tensor(3, device='cuda:0')	1.890628589436755
134200.0	2000.0	306.2305802474368	0.0	0	650.2211567620689	506.23058024744387	1	0	tensor(3, device='cuda:0')	1.890628589436755
135200.0	2000.0	306.2305802474669	0.0	0	672.8295124991855	506.23058024744387	1	0	tensor(3, device='cuda:0')	1.890628589436755
136200.0	2000.0	306.2305802474878	0.0	0	774.4641935105028	506.23058024744387	1	0	tensor(3, device='cuda:0')	1.890628589436755
137200.0	2000.0	306.23058024748457	0.0	0	701.7670407303667	506.230580247473	1	0	tensor(3, device='cuda:0')	1.8906285894367545
138200.0	2000.0	306.2305802474945	0.0	0	742.3910125578695	506.2305802475021	1	0	tensor(3, device='cuda:0')	1.8906285894367538
139200.0	2000.0	306.2305802475041	0.0	0	813.5245109065145	506.2305802475021	1	0	tensor(3, device='cuda:0')	1.8906285894367538
140200.0	2000.0	306.23058024750395	0.0	0	781.7144232925202	506.2305802475021	1	0	tensor(3, device='cuda:0')	1.8906285894367538
141200.0	2000.0	306.2305802475214	0.0	0	748.7067893886124	506.2305802475021	1	0	tensor(3, device='cuda:0')	1.8906285894367538
142200.0	2000.0	306.2305802475327	0.0	0	838.9837354732736	506.2305802475021	1	0	tensor(3, device='cuda:0')	1.8906285894367538
143200.0	2000.0	306.23058024755136	0.0	0	831.7895638647024	506.2305802475021	1	0	tensor(3, device='cuda:0')	1.8906285894367538
144200.0	2000.0	306.2305802475506	0.0	0	810.9659709042171	506.230580247473	1	0	tensor(3, device='cuda:0')	1.8906285894367545
145200.0	2000.0	306.2305802475346	0.0	0	801.7371489674551	506.23058024744387	1	0	tensor(3, device='cuda:0')	1.890628589436755
146200.0	2000.0	306.23058024755466	0.0	0	823.2674547624192	506.23058024744387	1	0	tensor(3, device='cuda:0')	1.890628589436755
147200.0	2000.0	306.23058024756693	0.0	0	767.90412498769	506.23058024741476	1	0	tensor(3, device='cuda:0')	1.8906285894367554
148200.0	2000.0	306.2305802475272	0.0	0	818.742162550363	506.23058024741476	1	0	tensor(3, device='cuda:0')	1.8906285894367554
149200.0	2000.0	306.230580247524	0.0	0	835.3110972623399	506.23058024741476	1	0	tensor(3, device='cuda:0')	1.8906285894367554
150200.0	2000.0	306.2305802475173	0.0	0	831.1436445973522	506.23058024741476	1	0	tensor(3, device='cuda:0')	1.8906285894367554
151200.0	2000.0	306.23058024749014	0.0	0	821.0461581075506	506.23058024738566	1	0	tensor(3, device='cuda:0')	1.8906285894367558
152200.0	2000.0	306.2305802474904	0.0	0	731.388081982208	506.23058024741476	1	0	tensor(3, device='cuda:0')	1.8906285894367554
153200.0	2000.0	306.2305802475091	0.0	0	759.6185340779193	506.23058024744387	1	0	tensor(3, device='cuda:0')	1.890628589436755
154200.0	2000.0	306.23058024753897	0.0	0	816.0819845679216	506.23058024744387	1	0	tensor(3, device='cuda:0')	1.890628589436755
155200.0	2000.0	306.23058024754647	0.0	0	601.3625107598782	506.230580247473	1	0	tensor(3, device='cuda:0')	1.8906285894367545
156200.0	2000.0	306.2305802475477	0.0	0	674.5382359823852	506.23058024744387	1	0	tensor(3, device='cuda:0')	1.890628589436755
157200.0	2000.0	306.2305802475608	0.0	0	609.7541849502304	506.23058024744387	1	0	tensor(3, device='cuda:0')	1.890628589436755
158200.0	2000.0	306.2305802475737	0.0	0	625.0776852729614	506.23058024744387	1	0	tensor(3, device='cuda:0')	1.890628589436755
159200.0	2000.0	306.23058024753533	0.0	0	743.8256958292332	506.23058024744387	1	0	tensor(3, device='cuda:0')	1.890628589436755
160200.0	2000.0	306.2305802475599	0.0	0	778.5996043964988	506.23058024744387	1	0	tensor(3, device='cuda:0')	1.890628589436755
161200.0	2000.0	306.23058024756426	0.0	0	819.2976408940449	506.23058024744387	1	0	tensor(3, device='cuda:0')	1.890628589436755
162200.0	2000.0	306.23058024760394	0.0	0	745.5432688581932	506.23058024744387	1	0	tensor(3, device='cuda:0')	1.890628589436755
163200.0	2000.0	306.2305802476012	0.0	0	817.3312997013272	506.230580247473	1	0	tensor(3, device='cuda:0')	1.8906285894367545
164200.0	2000.0	306.2305802476301	0.0	0	856.0331565050583	506.2305802475021	1	0	tensor(3, device='cuda:0')	1.8906285894367538
165200.0	2000.0	306.2305802476192	0.0	0	859.3576504832599	506.2305802475021	1	0	tensor(3, device='cuda:0')	1.8906285894367538
166200.0	2000.0	306.23058024759246	0.0	0	829.4330779394659	506.2305802475021	1	0	tensor(3, device='cuda:0')	1.8906285894367538
167200.0	2000.0	306.2305802476192	0.0	0	767.9969168337993	506.2305802475021	1	0	tensor(3, device='cuda:0')	1.8906285894367538
168200.0	2000.0	306.23058024763725	0.0	0	824.919757250027	506.2305802475021	1	0	tensor(3, device='cuda:0')	1.8906285894367538
169200.0	2000.0	306.2305802476506	0.0	0	802.8518287643383	506.2305802475021	1	0	tensor(3, device='cuda:0')	1.8906285894367538
170200.0	2000.0	306.23058024766084	0.0	0	788.0118354604056	506.2305802475021	1	0	tensor(3, device='cuda:0')	1.8906285894367538
171200.0	2000.0	306.23058024764816	0.0	0	731.3737299790955	506.230580247473	1	0	tensor(3, device='cuda:0')	1.8906285894367545
172200.0	2000.0	306.2305802476542	0.0	0	552.1415113582334	506.230580247473	1	0	tensor(3, device='cuda:0')	1.8906285894367545
173200.0	2000.0	306.23058024767846	0.0	0	697.5715182731219	506.230580247473	1	0	tensor(3, device='cuda:0')	1.8906285894367545
174200.0	2000.0	306.23058024770967	0.0	0	745.5503760610591	506.230580247473	1	0	tensor(3, device='cuda:0')	1.8906285894367545
175200.0	2000.0	306.2305802477071	0.0	0	693.666839072248	506.230580247473	1	0	tensor(3, device='cuda:0')	1.8906285894367545
176200.0	2000.0	306.2305802477047	0.0	0	774.9595983412582	506.230580247473	1	0	tensor(3, device='cuda:0')	1.8906285894367545
177200.0	2000.0	306.2305802477259	0.0	0	620.5366980202089	506.230580247473	1	0	tensor(3, device='cuda:0')	1.8906285894367545
178200.0	2000.0	306.2305802477375	0.0	0	710.0897415255022	506.230580247473	1	0	tensor(3, device='cuda:0')	1.8906285894367545
179200.0	2000.0	306.2305802477476	0.0	0	719.916260913189	506.230580247473	1	0	tensor(3, device='cuda:0')	1.8906285894367545
180200.0	2000.0	306.23058024777106	0.0	0	678.0764028877602	506.230580247473	1	0	tensor(3, device='cuda:0')	1.8906285894367545
181200.0	2000.0	306.2305802478007	0.0	0	771.5085793932958	506.230580247473	1	0	tensor(3, device='cuda:0')	1.8906285894367545
182200.0	2000.0	306.23058024780255	0.0	0	721.6693787731638	506.230580247473	1	0	tensor(3, device='cuda:0')	1.8906285894367545
183200.0	2000.0	306.2305802478226	0.0	0	824.098735954758	506.230580247473	1	0	tensor(3, device='cuda:0')	1.8906285894367545
184200.0	2000.0	306.23058024781835	0.0	0	724.4269702889433	506.230580247473	1	0	tensor(3, device='cuda:0')	1.8906285894367545
185200.0	2000.0	306.23058024781017	0.0	0	578.1377277954307	506.230580247473	1	0	tensor(3, device='cuda:0')	1.8906285894367545
186200.0	2000.0	306.2305802478137	0.0	0	665.2776960958145	506.230580247473	1	0	tensor(3, device='cuda:0')	1.8906285894367545
187200.0	2000.0	306.2305802478464	0.0	0	708.8330513732508	506.2305802475021	1	0	tensor(3, device='cuda:0')	1.8906285894367538
188200.0	2000.0	306.2305802478584	0.0	0	848.5705301486014	506.2305802475021	1	0	tensor(3, device='cuda:0')	1.8906285894367538
189200.0	2000.0	306.23058024787326	0.0	0	819.8156546336832	506.2305802475021	1	0	tensor(3, device='cuda:0')	1.8906285894367538
190200.0	2000.0	306.23058024784484	0.0	0	801.787426227238	506.2305802475021	1	0	tensor(3, device='cuda:0')	1.8906285894367538
191200.0	2000.0	306.2305802478207	0.0	0	771.9077305166575	506.230580247473	1	0	tensor(3, device='cuda:0')	1.8906285894367545
192200.0	2000.0	306.23058024782347	0.0	0	770.3003320145363	506.230580247473	1	0	tensor(3, device='cuda:0')	1.8906285894367545
193200.0	2000.0	306.23058024779283	0.0	0	822.961215631949	506.230580247473	1	0	tensor(3, device='cuda:0')	1.8906285894367545
194200.0	2000.0	306.2305802477832	0.0	0	774.7931857998192	506.230580247473	1	0	tensor(3, device='cuda:0')	1.8906285894367545
195200.0	2000.0	306.2305802477849	0.0	0	790.866536415444	506.230580247473	1	0	tensor(3, device='cuda:0')	1.8906285894367545
196200.0	2000.0	306.2305802477891	0.0	0	749.5969623120036	506.23058024744387	1	0	tensor(3, device='cuda:0')	1.890628589436755
197200.0	2000.0	306.2305802478036	0.0	0	762.7863106896984	506.23058024741476	1	0	tensor(3, device='cuda:0')	1.8906285894367554
198200.0	2000.0	306.23058024779704	0.0	0	789.6944936837535	506.23058024741476	1	0	tensor(3, device='cuda:0')	1.8906285894367554
199200.0	2000.0	306.230580247801	0.0	0	771.4028000381077	506.23058024741476	1	0	tensor(3, device='cuda:0')	1.8906285894367554
200200.0	2000.0	306.2305802477948	0.0	0	786.5888373740308	506.23058024741476	1	0	tensor(3, device='cuda:0')	1.8906285894367554
201200.0	2000.0	306.2305802478268	0.0	0	782.7153072224464	506.23058024741476	1	0	tensor(3, device='cuda:0')	1.8906285894367554
202200.0	2000.0	306.2305802478441	0.0	0	800.6262825528684	506.23058024741476	1	0	tensor(3, device='cuda:0')	1.8906285894367554
203200.0	2000.0	306.23058024784956	0.0	0	767.9917176145827	506.23058024741476	1	0	tensor(3, device='cuda:0')	1.8906285894367554
204200.0	2000.0	306.2305802478559	0.0	0	693.4384144289652	506.23058024741476	1	0	tensor(3, device='cuda:0')	1.8906285894367554
205200.0	2000.0	306.2305802478793	0.0	0	789.9466518935515	506.23058024744387	1	0	tensor(3, device='cuda:0')	1.890628589436755
206200.0	2000.0	306.2305802478578	0.0	0	780.0421281493909	506.23058024741476	1	0	tensor(3, device='cuda:0')	1.8906285894367554
207200.0	2000.0	306.23058024788793	0.0	0	820.8804225769709	506.23058024741476	1	0	tensor(3, device='cuda:0')	1.8906285894367554
208200.0	2000.0	306.2305802479052	0.0	0	807.4712593762088	506.23058024741476	1	0	tensor(3, device='cuda:0')	1.8906285894367554
209200.0	2000.0	306.2305802479132	0.0	0	850.3331599593512	506.23058024741476	1	0	tensor(3, device='cuda:0')	1.8906285894367554
210200.0	2000.0	306.2305802479216	0.0	0	730.8592551228357	506.23058024741476	1	0	tensor(3, device='cuda:0')	1.8906285894367554
211200.0	2000.0	306.2305802479103	0.0	0	599.5024164646456	506.23058024741476	1	0	tensor(3, device='cuda:0')	1.8906285894367554
212200.0	2000.0	306.23058024791965	0.0	0	645.30326386058	506.23058024741476	1	0	tensor(3, device='cuda:0')	1.8906285894367554
213200.0	2000.0	306.23058024790464	0.0	0	742.7304094422143	506.23058024744387	1	0	tensor(3, device='cuda:0')	1.890628589436755
214200.0	2000.0	306.2305802479181	0.0	0	772.9906904923264	506.23058024744387	1	0	tensor(3, device='cuda:0')	1.890628589436755
215200.0	2000.0	306.23058024788884	0.0	0	721.6142605313216	506.23058024744387	1	0	tensor(3, device='cuda:0')	1.890628589436755
216200.0	2000.0	306.2305802479008	0.0	0	812.0773197502713	506.23058024741476	1	0	tensor(3, device='cuda:0')	1.8906285894367554
217200.0	2000.0	306.23058024787235	0.0	0	832.96472237946	506.23058024738566	1	0	tensor(3, device='cuda:0')	1.8906285894367558
218200.0	2000.0	306.23058024789157	0.0	0	835.1211680894485	506.23058024738566	1	0	tensor(3, device='cuda:0')	1.8906285894367558
219200.0	2000.0	306.23058024790464	0.0	0	794.2611504223023	506.23058024738566	1	0	tensor(3, device='cuda:0')	1.8906285894367558
220200.0	2000.0	306.2305802479032	0.0	0	821.1315562319942	506.23058024738566	1	0	tensor(3, device='cuda:0')	1.8906285894367558
221200.0	2000.0	306.2305802478995	0.0	0	777.6265379775432	506.23058024738566	1	0	tensor(3, device='cuda:0')	1.8906285894367558
222200.0	2000.0	306.2305802479151	0.0	0	801.4219816203695	506.23058024735656	1	0	tensor(3, device='cuda:0')	1.8906285894367563
223200.0	2000.0	306.2305802479072	0.0	0	834.9407284834597	506.23058024732745	1	0	tensor(3, device='cuda:0')	1.8906285894367567
224200.0	2000.0	306.2305802479059	0.0	0	789.5428984556347	506.23058024732745	1	0	tensor(3, device='cuda:0')	1.8906285894367567
225200.0	2000.0	306.2305802478761	0.0	0	674.9167651429016	506.23058024732745	1	0	tensor(3, device='cuda:0')	1.8906285894367567
226200.0	2000.0	306.2305802479013	0.0	0	719.3978110773314	506.23058024735656	1	0	tensor(3, device='cuda:0')	1.8906285894367563
227200.0	2000.0	306.23058024788065	0.0	0	758.7684815287066	506.23058024735656	1	0	tensor(3, device='cuda:0')	1.8906285894367563
228200.0	2000.0	306.2305802478939	0.0	0	743.5860416260257	506.23058024738566	1	0	tensor(3, device='cuda:0')	1.8906285894367558
229200.0	2000.0	306.2305802478896	0.0	0	712.0309959030128	506.23058024738566	1	0	tensor(3, device='cuda:0')	1.8906285894367558
230200.0	2000.0	306.2305802478791	0.0	0	754.235640014027	506.23058024738566	1	0	tensor(3, device='cuda:0')	1.8906285894367558
231200.0	2000.0	306.23058024789	0.0	0	739.517098983546	506.23058024738566	1	0	tensor(3, device='cuda:0')	1.8906285894367558
232200.0	2000.0	306.23058024787684	0.0	0	768.4364173844515	506.23058024738566	1	0	tensor(3, device='cuda:0')	1.8906285894367558
233200.0	2000.0	306.23058024787224	0.0	0	767.1498641549842	506.23058024738566	1	0	tensor(3, device='cuda:0')	1.8906285894367558
234200.0	2000.0	306.2305802478861	0.0	0	727.5880965763936	506.23058024738566	1	0	tensor(3, device='cuda:0')	1.8906285894367558
235200.0	2000.0	306.2305802478888	0.0	0	716.8260414891411	506.23058024738566	1	0	tensor(3, device='cuda:0')	1.8906285894367558
236200.0	2000.0	306.23058024789503	0.0	0	711.35503397102	506.23058024741476	1	0	tensor(3, device='cuda:0')	1.8906285894367554
237200.0	2000.0	306.23058024787406	0.0	0	680.5944991020078	506.23058024741476	1	0	tensor(3, device='cuda:0')	1.8906285894367554
238200.0	2000.0	306.230580247871	0.0	0	627.9972742272657	506.23058024744387	1	0	tensor(3, device='cuda:0')	1.890628589436755
239200.0	2000.0	306.23058024790066	0.0	0	527.4268545840168	506.23058024744387	1	0	tensor(3, device='cuda:0')	1.890628589436755
240200.0	2000.0	306.23058024791055	0.0	0	711.1834463506821	506.23058024744387	1	0	tensor(3, device='cuda:0')	1.890628589436755
241200.0	2000.0	306.2305802479095	0.0	0	780.7955769862456	506.23058024744387	1	0	tensor(3, device='cuda:0')	1.890628589436755
242200.0	2000.0	306.23058024787815	0.0	0	676.601311821345	506.23058024744387	1	0	tensor(3, device='cuda:0')	1.890628589436755
243200.0	2000.0	306.2305802478898	0.0	0	691.6056766860711	506.230580247473	1	0	tensor(3, device='cuda:0')	1.8906285894367545
244200.0	2000.0	306.2305802478758	0.0	0	721.8983788005426	506.230580247473	1	0	tensor(3, device='cuda:0')	1.8906285894367545
245200.0	2000.0	306.2305802478436	0.0	0	745.0989057461265	506.23058024744387	1	0	tensor(3, device='cuda:0')	1.890628589436755
246200.0	2000.0	306.23058024785627	0.0	0	698.7000895024976	506.23058024744387	1	0	tensor(3, device='cuda:0')	1.890628589436755
247200.0	2000.0	306.230580247843	0.0	0	813.7725756293512	506.23058024744387	1	0	tensor(3, device='cuda:0')	1.890628589436755
248200.0	2000.0	306.2305802478561	0.0	0	812.1709408691968	506.23058024744387	1	0	tensor(3, device='cuda:0')	1.890628589436755
249200.0	2000.0	306.2305802478539	0.0	0	767.4016201205377	506.23058024744387	1	0	tensor(3, device='cuda:0')	1.890628589436755
250200.0	2000.0	306.23058024786275	0.0	0	661.4893244168488	506.23058024744387	1	0	tensor(3, device='cuda:0')	1.890628589436755
251200.0	2000.0	306.2305802478743	0.0	0	821.5089903748885	506.23058024744387	1	0	tensor(3, device='cuda:0')	1.890628589436755
252200.0	2000.0	306.23058024786303	0.0	0	719.2735033181089	506.23058024744387	1	0	tensor(3, device='cuda:0')	1.890628589436755
253200.0	2000.0	306.23058024785166	0.0	0	671.2950488797214	506.23058024744387	1	0	tensor(3, device='cuda:0')	1.890628589436755
254200.0	2000.0	306.23058024783785	0.0	0	806.404420297069	506.23058024744387	1	0	tensor(3, device='cuda:0')	1.890628589436755
255200.0	2000.0	306.23058024781363	0.0	0	698.1059368127317	506.23058024744387	1	0	tensor(3, device='cuda:0')	1.890628589436755
256200.0	2000.0	306.23058024783575	0.0	0	560.9711177515856	506.23058024744387	1	0	tensor(3, device='cuda:0')	1.890628589436755
257200.0	2000.0	306.23058024783353	0.0	0	678.1940762317681	506.23058024744387	1	0	tensor(3, device='cuda:0')	1.890628589436755
258200.0	2000.0	306.23058024782085	0.0	0	723.859135169012	506.23058024744387	1	0	tensor(3, device='cuda:0')	1.890628589436755
259200.0	2000.0	306.2305802478286	0.0	0	633.5156376007362	506.23058024744387	1	0	tensor(3, device='cuda:0')	1.890628589436755
260200.0	2000.0	306.2305802478004	0.0	0	572.3795817771461	506.23058024744387	1	0	tensor(3, device='cuda:0')	1.890628589436755
261200.0	2000.0	306.23058024783256	0.0	0	732.8433664299664	506.230580247473	1	0	tensor(3, device='cuda:0')	1.8906285894367545
262200.0	2000.0	306.2305802478541	0.0	0	746.8897472987301	506.2305802475021	1	0	tensor(3, device='cuda:0')	1.8906285894367538
263200.0	2000.0	306.230580247816	0.0	0	856.2089863053989	506.230580247473	1	0	tensor(3, device='cuda:0')	1.8906285894367543
264200.0	2000.0	306.23058024779573	0.0	0	850.0305128618493	506.23058024741476	1	0	tensor(3, device='cuda:0')	1.8906285894367554
265200.0	2000.0	306.230580247824	0.0	0	767.9291245635832	506.23058024741476	1	0	tensor(3, device='cuda:0')	1.8906285894367554
266200.0	2000.0	306.230580247769	0.0	0	733.3228697096347	506.23058024741476	1	0	tensor(3, device='cuda:0')	1.8906285894367554
267200.0	2000.0	306.23058024769716	0.0	0	763.5796674647136	506.23058024741476	1	0	tensor(3, device='cuda:0')	1.8906285894367554
268200.0	2000.0	306.2305802477183	0.0	0	748.4635553245898	506.23058024741476	1	0	tensor(3, device='cuda:0')	1.8906285894367554
269200.0	2000.0	306.23058024773957	0.0	0	662.8971489414689	506.23058024741476	1	0	tensor(3, device='cuda:0')	1.8906285894367554
270200.0	2000.0	306.2305802477098	0.0	0	775.5126851890818	506.230580247473	1	0	tensor(3, device='cuda:0')	1.8906285894367545
271200.0	2000.0	306.2305802476484	0.0	0	736.703144001367	506.23058024741476	1	0	tensor(3, device='cuda:0')	1.8906285894367554
272200.0	2000.0	306.2305802476189	0.0	0	807.9668334369198	506.23058024741476	1	0	tensor(3, device='cuda:0')	1.8906285894367554
273200.0	2000.0	306.230580247568	0.0	0	795.3837345858337	506.23058024741476	1	0	tensor(3, device='cuda:0')	1.8906285894367554
274200.0	2000.0	306.23058024762145	0.0	0	782.663566991454	506.23058024741476	1	0	tensor(3, device='cuda:0')	1.8906285894367554
275200.0	2000.0	306.2305802476305	0.0	0	735.2011764192721	506.23058024741476	1	0	tensor(3, device='cuda:0')	1.8906285894367554
276200.0	2000.0	306.230580247638	0.0	0	784.3232654375606	506.23058024741476	1	0	tensor(3, device='cuda:0')	1.8906285894367554
277200.0	2000.0	306.23058024766425	0.0	0	776.4624680930283	506.23058024741476	1	0	tensor(3, device='cuda:0')	1.8906285894367554
278200.0	2000.0	306.23058024769296	0.0	0	727.6528278228361	506.23058024741476	1	0	tensor(3, device='cuda:0')	1.8906285894367554
279200.0	2000.0	306.2305802477507	0.0	0	775.9185399045818	506.23058024741476	1	0	tensor(3, device='cuda:0')	1.8906285894367554
280200.0	2000.0	306.2305802477933	0.0	0	618.9485602814821	506.23058024741476	1	0	tensor(3, device='cuda:0')	1.8906285894367554
281200.0	2000.0	306.23058024778135	0.0	0	713.9739024957526	506.23058024741476	1	0	tensor(3, device='cuda:0')	1.8906285894367554
282200.0	2000.0	306.23058024781653	0.0	0	738.7194043016643	506.23058024741476	1	0	tensor(3, device='cuda:0')	1.8906285894367554
283200.0	2000.0	306.2305802478013	0.0	0	770.207182138518	506.23058024741476	1	0	tensor(3, device='cuda:0')	1.8906285894367554
284200.0	2000.0	306.2305802477865	0.0	0	809.7709347112104	506.23058024741476	1	0	tensor(3, device='cuda:0')	1.8906285894367554
285200.0	2000.0	306.2305802477576	0.0	0	836.7446430585696	506.23058024735656	1	0	tensor(3, device='cuda:0')	1.8906285894367563
286200.0	2000.0	306.2305802478394	0.0	0	810.8518137914361	506.23058024735656	1	0	tensor(3, device='cuda:0')	1.8906285894367563
287200.0	2000.0	306.23058024784086	0.0	0	761.8433341390919	506.23058024735656	1	0	tensor(3, device='cuda:0')	1.8906285894367563
288200.0	2000.0	306.2305802478253	0.0	0	660.9014455033466	506.23058024735656	1	0	tensor(3, device='cuda:0')	1.8906285894367563
289200.0	2000.0	306.2305802478253	0.0	0	751.8683873063419	506.23058024735656	1	0	tensor(3, device='cuda:0')	1.8906285894367563
290200.0	2000.0	306.23058024782017	0.0	0	831.1407741964795	506.23058024735656	1	0	tensor(3, device='cuda:0')	1.8906285894367563
291200.0	2000.0	306.2305802478031	0.0	0	838.2410212280229	506.23058024735656	1	0	tensor(3, device='cuda:0')	1.8906285894367563
292200.0	2000.0	306.230580247803	0.0	0	778.3378147587064	506.23058024735656	1	0	tensor(3, device='cuda:0')	1.8906285894367563
293200.0	2000.0	306.23058024777254	0.0	0	713.6658658950473	506.23058024735656	1	0	tensor(3, device='cuda:0')	1.8906285894367563
294200.0	2000.0	306.230580247703	0.0	0	808.0022000964964	506.23058024735656	1	0	tensor(3, device='cuda:0')	1.8906285894367563
295200.0	2000.0	306.23058024772655	0.0	0	742.9629317161744	506.23058024735656	1	0	tensor(3, device='cuda:0')	1.8906285894367563
296200.0	2000.0	306.2305802477358	0.0	0	849.117587273242	506.23058024735656	1	0	tensor(3, device='cuda:0')	1.8906285894367563
297200.0	2000.0	306.2305802476528	0.0	0	803.4960781321861	506.23058024729835	1	0	tensor(3, device='cuda:0')	1.8906285894367572
298200.0	2000.0	306.23058024763577	0.0	0	793.311147059605	506.23058024729835	1	0	tensor(3, device='cuda:0')	1.8906285894367572
299200.0	2000.0	306.23058024760644	0.0	0	723.0386147433892	506.23058024729835	1	0	tensor(3, device='cuda:0')	1.8906285894367572
300200.0	2000.0	306.23058024757466	0.0	0	787.0549694718211	506.23058024729835	1	0	tensor(3, device='cuda:0')	1.8906285894367572
12.8	12.7	14.1	10.4	10.1	15.4	15.5	15.2	11.0	9.66	5.39	7.19	7.31	7.71	9.34	10.4	7.52	10.6	13.8	11.4	10.5	10.7	10.7	8.0	8.87	8.4	10.9	12.0	8.42	8.87	7.11	7.04	9.61	11.0	14.6	7.04	7.02	11.5	12.7	10.9	9.22	7.92	10.1	9.87	7.99	8.4	13.2	13.9	6.36	10.9	6.17	6.92	7.56	7.53	5.11	10.4	12.4	12.6	9.07	11.7	18.8	25.0	20.1	19.6	13.8	11.1	12.2	11.3	13.6	10.5	4.8	6.89	9.74	9.23	11.4	17.7	15.4	7.55	12.5	14.4	7.62	5.05	7.71	9.66	8.77	10.7	8.16	8.16	10.7	15.4	11.8	8.75	6.44	9.34	13.8	13.0	8.63	9.31	10.2	5.84	5.99	11.4	13.6	7.87	12.2	12.4	10.9	10.9	7.08	9.33	7.29	9.53	6.82	7.04	8.41	14.0	12.1	12.4	13.5	13.4	11.3	11.1	14.0	9.73	9.51	5.8	7.34	5.48	7.19	9.46	8.18	8.32	7.63	10.1	12.3	10.8	13.1	19.8	17.6	16.9	12.7	12.6	10.7	13.1	18.0	19.4	9.22	8.13	11.9	7.21	6.95	6.96	5.88	9.94	9.97	11.5	11.2	13.8	14.3	15.0	15.8	10.3	13.0	9.33	9.14	8.4	4.19	6.74	11.9	8.35	8.02	7.15	9.38	7.18	8.61	9.09	7.23	12.6	13.1	6.79	5.15	9.22	12.3	14.5	10.0	9.73	11.3	12.5	10.9	9.96	13.0	10.4	9.94	10.9	9.77	10.8	13.8	11.2	8.76	10.9	10.9	11.1	13.0	12.8	14.1	6.17	5.29	8.21	11.8	9.55	14.3	18.0	12.1	16.0	13.2	12.1	13.8	14.2	10.2	8.43	9.36	7.82	11.1	8.65	8.18	11.2	9.17	10.7	10.9	9.92	10.3	8.92	11.1	4.4	6.19	9.48	7.88	10.1	7.32	10.6	9.27	11.2	12.8	10.4	7.08	11.0	9.13	7.94	10.8	11.2	6.44	4.77	6.6	7.98	3.74	6.35	10.5	16.2	22.2	14.8	7.65	9.46	9.38	7.96	11.0	9.75	9.36	12.5	12.5	11.1	12.1	14.1	11.4	8.72	6.58	8.68	8.44	9.13	12.3	12.3	18.8	13.2	7.16	8.42	12.4	17.3	12.1	10.2	9.7	10.6	16.8	15.7	11.4	11.3	10.2	13.2
1340.0	1341.0	1342.0	1343.0	1344.0	1345.0	1346.0	1347.0	1348.0	1349.0	1350.0	1351.0	1352.0	1353.0	1354.0	1355.0	1356.0	1357.0	1358.0	1359.0	1360.0	1361.0	1362.0	1363.0	1364.0	1365.0	1366.0	1367.0	1368.0	1369.0	1370.0	1371.0	1372.0	1373.0	1374.0	1375.0	1376.0	1377.0	1378.0	1379.0	1380.0	1381.0	1382.0	1383.0	1384.0	1385.0	1386.0	1387.0	1388.0	1389.0	1390.0	1391.0	1392.0	1393.0	1394.0	1395.0	1396.0	1397.0	1398.0	1399.0	1400.0	1401.0	1402.0	1403.0	1404.0	1405.0	1406.0	1407.0	1408.0	1409.0	1410.0	1411.0	1412.0	1413.0	1414.0	1415.0	1416.0	1417.0	1418.0	1419.0	1420.0	1421.0	1422.0	1423.0	1424.0	1425.0	1426.0	1427.0	1428.0	1429.0	1430.0	1431.0	1432.0	1433.0	1434.0	1435.0	1436.0	1437.0	1438.0	1439.0	1440.0	1441.0	1442.0	1443.0	1444.0	1445.0	1446.0	1447.0	1448.0	1449.0	1450.0	1451.0	1452.0	1453.0	1454.0	1455.0	1456.0	1457.0	1458.0	1459.0	1460.0	1461.0	1462.0	1463.0	1464.0	1465.0	1466.0	1467.0	1468.0	1469.0	1470.0	1471.0	1472.0	1473.0	1474.0	1475.0	1476.0	1477.0	1478.0	1479.0	1480.0	1481.0	1482.0	1483.0	1484.0	1485.0	1486.0	1487.0	1488.0	1489.0	1490.0	1491.0	1492.0	1493.0	1494.0	1495.0	1496.0	1497.0	1498.0	1499.0	1500.0	1501.0	1502.0	1503.0	1504.0	1505.0	1506.0	1507.0	1508.0	1509.0	1510.0	1511.0	1512.0	1513.0	1514.0	1515.0	1516.0	1517.0	1518.0	1519.0	1520.0	1521.0	1522.0	1523.0	1524.0	1525.0	1526.0	1527.0	1528.0	1529.0	1530.0	1531.0	1532.0	1533.0	1534.0	1535.0	1536.0	1537.0	1538.0	1539.0	1540.0	1541.0	1542.0	1543.0	1544.0	1545.0	1546.0	1547.0	1548.0	1549.0	1550.0	1551.0	1552.0	1553.0	1554.0	1555.0	1556.0	1557.0	1558.0	1559.0	1560.0	1561.0	1562.0	1563.0	1564.0	1565.0	1566.0	1567.0	1568.0	1569.0	1570.0	1571.0	1572.0	1573.0	1574.0	1575.0	1576.0	1577.0	1578.0	1579.0	1580.0	1581.0	1582.0	1583.0	1584.0	1585.0	1586.0	1587.0	1588.0	1589.0	1590.0	1591.0	1592.0	1593.0	1594.0	1595.0	1596.0	1597.0	1598.0	1599.0	1600.0	1601.0	1602.0	1603.0	1604.0	1605.0	1606.0	1607.0	1608.0	1609.0	1610.0	1611.0	1612.0	1613.0	1614.0	1615.0	1616.0	1617.0	1618.0	1619.0	1620.0	1621.0	1622.0	1623.0	1624.0	1625.0	1626.0	1627.0	1628.0	1629.0	1630.0	1631.0	1632.0	1633.0	1634.0	1635.0
4798.0
