4923.664741819174	300.0	2000.0	108.3319348655984	0	0.0	4923.664741819174	1	0	tensor(5, device='cuda:0')	-2.1440229155725654
6061.3856523061395	6000.0	1577.8488618912918	0.0	0	0.0	4639.234514197431	1	0	tensor(5, device='cuda:0')	-1.430531461116297
6987.689093665169	3000.0	1419.9695601925043	0.0	0	0.0	4407.658653857673	1	0	tensor(5, device='cuda:0')	0.4418382781854278
7861.166063174632	3000.0	1328.1233483056767	0.0	0	0.0	4189.2894114803075	1	0	tensor(5, device='cuda:0')	1.2933300096936833
8558.55205020976	3000.0	1456.390864511764	0.0	0	0.0	4014.942914721524	1	0	tensor(5, device='cuda:0')	1.4606178662616578
9917.926825525712	3000.0	757.1723953668275	0.0	0	0.0	3675.099220892538	1	0	tensor(5, device='cuda:0')	1.246858359965974
10843.856823352444	3000.0	599.7598980834096	0.0	0	0.0	3443.616721435852	1	0	tensor(5, device='cuda:0')	1.5474494733528235
11760.005219275075	3000.0	454.57440318012084	0.0	0	0.0	3214.579622455194	1	0	tensor(5, device='cuda:0')	1.6089408414429478
12260.374788380743	3000.0	829.1124417980377	0.0	0	0.0	3089.48723017878	1	0	tensor(5, device='cuda:0')	1.8497418756884503
13687.328590471741	6000.0	200.0	123.66384865256774	0	0.0	2887.3285904717395	1	0	tensor(5, device='cuda:0')	0.7465862122754756
14896.461623694635	3000.0	361.5197977086349	538.3488713898006	0	0.0	3257.9814214032685	1	0	tensor(5, device='cuda:0')	-2.1990241282635674
15694.702541132661	3000.0	527.7089825684188	131.19226532585358	0	0.0	3222.411523701081	1	0	tensor(5, device='cuda:0')	0.9468768217194751
17009.438148930585	3000.0	208.97008964088803	259.74449345589994	0	0.0	3218.408238571472	1	0	tensor(5, device='cuda:0')	-0.022504789369448663
17393.639623106952	1000.0	784.3903916787431	44.537715806653836	0	0.0	3178.030014785694	1	0	tensor(5, device='cuda:0')	-0.5510677307878948
18332.413918746297	3000.0	610.9225221295596	0.0	0	0.0	2943.336440875857	1	0	tensor(5, device='cuda:0')	0.554634620840335
19507.93059199119	3000.0	201.64172296576507	48.092033913852276	0	0.0	2709.572314956953	1	0	tensor(5, device='cuda:0')	1.304869677045859
19868.47988855204	1000.0	818.3014528493304	53.8770804677044	0	0.0	2686.7813414013726	1	0	tensor(5, device='cuda:0')	-0.5043026901228453
20707.48559283714	3000.0	769.544322492955	0.0	0	0.0	2477.0299153300984	1	0	tensor(5, device='cuda:0')	0.6734166664003622
21213.311673934862	3000.0	1137.2617211208033	0.0	0	0.0	2350.573395055664	1	0	tensor(5, device='cuda:0')	1.9548769424376367
22096.407696148766	6000.0	1033.391693353427	0.0	0	0.0	2129.7993895021864	1	0	tensor(5, device='cuda:0')	1.783710712710627
22912.105653274426	3000.0	1013.7692469463454	0.0	0	0.0	1925.8749002207624	1	0	tensor(5, device='cuda:0')	1.1407313826404786
23618.99296376458	3000.0	1130.1601088336529	0.0	0	0.0	1749.153072598223	1	0	tensor(5, device='cuda:0')	1.9003486820650153
24465.515437297487	3000.0	1072.0070169175185	0.0	0	0.0	1537.5224542149917	1	0	tensor(5, device='cuda:0')	1.841052051140485
25200.0	3000.0	1153.9013135393727	0.0	0	201.75088801478705	1353.9013135393616	1	0	tensor(5, device='cuda:0')	1.9047922981320677
26200.0	6000.0	903.9013135393725	0.0	0	210.47169024592222	1103.9013135393616	1	0	tensor(5, device='cuda:0')	1.7801809499871715
27200.0	6000.0	653.9013135393755	0.0	0	315.613603176007	853.9013135393652	1	0	tensor(5, device='cuda:0')	2.480108609941365
28200.0	3000.0	403.9013135393785	0.0	0	437.9959338078115	603.9013135393689	1	0	tensor(5, device='cuda:0')	1.0994151963536152
29200.0	2000.0	403.90131353937403	0.0	0	276.3196264461185	603.9013135393689	1	0	tensor(3, device='cuda:0')	0.9834902915575348
30200.0	2000.0	403.9013135393707	0.0	0	374.8973595929165	603.9013135393689	1	0	tensor(3, device='cuda:0')	1.8889553996656994
31200.0	2000.0	403.9013135393716	0.0	0	308.1223593865543	603.9013135393725	1	0	tensor(3, device='cuda:0')	1.8889553996656994
32200.0	2000.0	403.9013135393725	0.0	0	284.200786439098	603.9013135393761	1	0	tensor(3, device='cuda:0')	1.8889553996656991
33200.0	2000.0	403.9013135393751	0.0	0	355.7911757560323	603.9013135393761	1	0	tensor(3, device='cuda:0')	1.8889553996656991
34200.0	2000.0	417.47232731866416	13.571013779287	0	226.79391382520407	617.472327318661	1	0	tensor(3, device='cuda:0')	1.8072837497827754
35200.0	2000.0	417.47232731866734	0.0	0	263.72239005701704	617.472327318661	1	0	tensor(3, device='cuda:0')	1.8887098324584974
36200.0	2000.0	428.1290360586811	10.656708740017734	0	184.54325962899748	628.129036058679	1	0	tensor(3, device='cuda:0')	1.8245744191193185
37200.0	2000.0	428.12903605867496	0.0	0	559.1725752307393	628.129036058679	1	0	tensor(3, device='cuda:0')	1.888514671559425
38200.0	2000.0	428.1290360586718	0.0	0	402.3812592098766	628.129036058679	1	0	tensor(3, device='cuda:0')	1.888514671559425
39200.0	2000.0	428.1290360586638	0.0	0	403.5773648306058	628.1290360586718	1	0	tensor(3, device='cuda:0')	1.888514671559425
40200.0	2000.0	428.12903605867143	0.0	0	322.2483302832916	628.129036058679	1	0	tensor(3, device='cuda:0')	1.888514671559425
41200.0	2000.0	428.12903605867723	0.0	0	283.07428901036474	628.129036058679	1	0	tensor(3, device='cuda:0')	1.888514671559425
42200.0	2000.0	428.1290360586768	0.0	0	296.35670965519967	628.129036058679	1	0	tensor(3, device='cuda:0')	1.888514671559425
43200.0	2000.0	428.1290360586854	0.0	0	265.3516144653404	628.1290360586863	1	0	tensor(3, device='cuda:0')	1.8885146715594248
44200.0	2000.0	438.7490120015823	10.619975942890903	0	55.61684808827704	638.7490120015791	1	0	tensor(3, device='cuda:0')	1.8245982669741818
45200.0	2000.0	468.6880473917165	29.939035390134507	0	56.257066743251926	668.688047391719	1	0	tensor(3, device='cuda:0')	1.708118552617348
46200.0	2000.0	487.7174583478868	19.029410956165748	0	190.65490265253175	687.7174583478845	1	0	tensor(3, device='cuda:0')	1.773208142540499
47200.0	2000.0	487.7174583478818	0.0	0	635.2908636585635	687.7174583478845	1	0	tensor(3, device='cuda:0')	1.8873846082774934
48200.0	2000.0	487.71745834788476	0.0	0	557.1339212125604	687.7174583478845	1	0	tensor(3, device='cuda:0')	1.8873846082774934
49200.0	2000.0	487.7174583478776	0.0	0	569.128745872411	687.7174583478845	1	0	tensor(3, device='cuda:0')	1.8873846082774934
50200.0	2000.0	487.7174583478868	0.0	0	244.61577288594708	687.7174583478918	1	0	tensor(3, device='cuda:0')	1.8873846082774934
51200.0	2000.0	487.7174583478818	0.0	0	399.78263693558256	687.7174583478918	1	0	tensor(3, device='cuda:0')	1.8873846082774934
52200.0	2000.0	487.7174583478825	0.0	0	159.44614685708075	687.7174583478918	1	0	tensor(3, device='cuda:0')	1.8873846082774934
53200.0	2000.0	567.6657458098636	79.94828746197413	0	129.0285390258432	767.6657458098562	1	0	tensor(3, device='cuda:0')	1.406070079956173
54200.0	2000.0	567.6657458098615	0.0	0	294.87075154193735	767.6657458098562	1	0	tensor(3, device='cuda:0')	1.8857598047280177
55200.0	2000.0	567.6657458098582	0.0	0	10.540000324828725	767.6657458098562	1	0	tensor(3, device='cuda:0')	1.8857598047280177
56200.0	2000.0	567.6657458098641	0.0	0	12.40047284123284	767.6657458098562	1	0	tensor(3, device='cuda:0')	1.8857598047280177
57200.0	2000.0	567.6657458098673	0.0	0	411.13833102801436	767.6657458098562	1	0	tensor(3, device='cuda:0')	1.8857598047280177
58200.0	2000.0	567.6657458098721	0.0	0	377.75492056539224	767.6657458098562	1	0	tensor(3, device='cuda:0')	1.8857598047280177
59200.0	2000.0	567.6657458098705	0.0	0	466.2970526352583	767.6657458098562	1	0	tensor(3, device='cuda:0')	1.8857598047280177
60200.0	2000.0	567.6657458098748	0.0	0	411.34991293188796	767.6657458098634	1	0	tensor(3, device='cuda:0')	1.8857598047280175
61200.0	2000.0	567.6657458098728	0.0	0	500.9729543708745	767.6657458098707	1	0	tensor(3, device='cuda:0')	1.8857598047280175
62200.0	2000.0	567.6657458098707	0.0	0	386.3389639653615	767.6657458098707	1	0	tensor(3, device='cuda:0')	1.8857598047280175
63200.0	2000.0	567.6657458098632	0.0	0	97.1029397188322	767.6657458098707	1	0	tensor(3, device='cuda:0')	1.8857598047280175
64200.0	2000.0	567.6657458098634	0.0	0	202.9773508389626	767.6657458098707	1	0	tensor(3, device='cuda:0')	1.8857598047280175
65200.0	2000.0	567.6657458098622	0.0	0	438.81179947087367	767.6657458098707	1	0	tensor(3, device='cuda:0')	1.8857598047280175
66200.0	2000.0	567.6657458098598	0.0	0	654.4628825533218	767.6657458098634	1	0	tensor(3, device='cuda:0')	1.8857598047280175
67200.0	2000.0	567.6657458098601	0.0	0	234.40180450283515	767.665745809878	1	0	tensor(3, device='cuda:0')	1.8857598047280173
68200.0	2000.0	567.6657458098684	0.0	0	374.2524441259593	767.6657458098925	1	0	tensor(3, device='cuda:0')	1.8857598047280169
69200.0	2000.0	567.6657458098672	0.0	0	406.31564637538395	767.6657458099071	1	0	tensor(3, device='cuda:0')	1.8857598047280166
70200.0	2000.0	567.6657458098691	0.0	0	21.972111058421433	767.6657458098925	1	0	tensor(3, device='cuda:0')	1.8857598047280169
71200.0	2000.0	567.6657458098654	0.0	0	104.92705847816251	767.6657458099071	1	0	tensor(3, device='cuda:0')	1.8857598047280166
72200.0	2000.0	567.665745809868	0.0	0	327.0279673524201	767.6657458099071	1	0	tensor(3, device='cuda:0')	1.8857598047280166
73200.0	2000.0	567.6657458098716	0.0	0	141.00702732807258	767.6657458099071	1	0	tensor(3, device='cuda:0')	1.8857598047280166
74200.0	2000.0	567.66574580986	0.0	0	384.74296375019185	767.6657458098925	1	0	tensor(3, device='cuda:0')	1.8857598047280169
75200.0	2000.0	567.6657458098506	0.0	0	442.99793534199125	767.665745809878	1	0	tensor(3, device='cuda:0')	1.8857598047280173
76200.0	2000.0	567.665745809858	0.0	0	258.29060017144366	767.665745809878	1	0	tensor(3, device='cuda:0')	1.8857598047280173
77200.0	2000.0	567.6657458098487	0.0	0	608.7786395325529	767.665745809878	1	0	tensor(3, device='cuda:0')	1.8857598047280173
78200.0	2000.0	567.665745809854	0.0	0	560.716328867551	767.665745809878	1	0	tensor(3, device='cuda:0')	1.8857598047280173
79200.0	2000.0	567.6657458098528	0.0	0	257.6315267581376	767.665745809878	1	0	tensor(3, device='cuda:0')	1.8857598047280173
80200.0	2000.0	567.6657458098593	0.0	0	441.1651278386853	767.665745809878	1	0	tensor(3, device='cuda:0')	1.8857598047280173
81200.0	2000.0	567.665745809861	0.0	0	442.3400706175744	767.665745809878	1	0	tensor(3, device='cuda:0')	1.8857598047280173
82200.0	2000.0	567.6657458098434	0.0	0	288.5433885857783	767.665745809878	1	0	tensor(3, device='cuda:0')	1.8857598047280173
83200.0	3000.0	567.6657458098366	0.0	0	389.2234786141198	767.665745809878	1	0	tensor(3, device='cuda:0')	1.8857598047280173
84200.0	2000.0	567.6657458098266	0.0	0	298.18715008047	767.6657458098634	1	0	tensor(3, device='cuda:0')	1.480294696619853
85200.0	2000.0	567.6657458098181	0.0	0	310.1231744243123	767.6657458098634	1	0	tensor(3, device='cuda:0')	1.8857598047280175
86200.0	2000.0	567.6657458098158	0.0	0	343.0163527312252	767.6657458098634	1	0	tensor(3, device='cuda:0')	1.8857598047280175
87200.0	2000.0	567.6657458098036	0.0	0	639.8317224512139	767.6657458098634	1	0	tensor(3, device='cuda:0')	1.8857598047280175
88200.0	2000.0	567.6657458097984	0.0	0	147.38754443351354	767.6657458098634	1	0	tensor(3, device='cuda:0')	1.8857598047280175
89200.0	2000.0	567.6657458097948	0.0	0	315.0129066215595	767.6657458098634	1	0	tensor(3, device='cuda:0')	1.8857598047280175
90200.0	2000.0	567.6657458097891	0.0	0	135.4172877716337	767.6657458098634	1	0	tensor(3, device='cuda:0')	1.8857598047280175
91200.0	2000.0	567.665745809795	0.0	0	420.7122025746503	767.6657458098634	1	0	tensor(3, device='cuda:0')	1.8857598047280175
92200.0	2000.0	567.6657458097856	0.0	0	47.782049058703706	767.6657458098634	1	0	tensor(3, device='cuda:0')	1.8857598047280175
93200.0	2000.0	567.6657458098075	0.0	0	196.21761389939638	767.665745809878	1	0	tensor(3, device='cuda:0')	1.8857598047280173
94200.0	2000.0	567.6657458098088	0.0	0	304.5149350704014	767.665745809878	1	0	tensor(3, device='cuda:0')	1.8857598047280173
95200.0	2000.0	567.6657458098075	0.0	0	421.8625442971679	767.665745809878	1	0	tensor(3, device='cuda:0')	1.8857598047280173
96200.0	2000.0	567.665745809806	0.0	0	609.6861758246232	767.665745809878	1	0	tensor(3, device='cuda:0')	1.8857598047280173
97200.0	2000.0	567.6657458098101	0.0	0	672.6661145212129	767.665745809878	1	0	tensor(3, device='cuda:0')	1.8857598047280173
98200.0	2000.0	567.6657458097895	0.0	0	617.2356831593934	767.665745809878	1	0	tensor(3, device='cuda:0')	1.8857598047280173
99200.0	2000.0	567.6657458097993	0.0	0	435.2115354690177	767.6657458098925	1	0	tensor(3, device='cuda:0')	1.8857598047280169
100200.0	2000.0	567.6657458098144	0.0	0	290.22016352064384	767.6657458099071	1	0	tensor(3, device='cuda:0')	1.8857598047280166
101200.0	2000.0	567.6657458098075	0.0	0	401.210393997404	767.6657458099071	1	0	tensor(3, device='cuda:0')	1.8857598047280166
102200.0	2000.0	567.6657458098075	0.0	0	400.3498862699198	767.6657458099071	1	0	tensor(3, device='cuda:0')	1.8857598047280166
103200.0	2000.0	567.6657458098061	0.0	0	61.94248517953383	767.6657458099216	1	0	tensor(3, device='cuda:0')	1.8857598047280164
104200.0	2000.0	567.6657458098149	0.0	0	116.05778958725568	767.6657458099071	1	0	tensor(3, device='cuda:0')	1.8857598047280166
105200.0	2000.0	567.6657458098247	0.0	0	261.2292195757327	767.6657458099071	1	0	tensor(3, device='cuda:0')	1.8857598047280166
106240.17364861794	2000.0	527.492097191863	0.0	0	0.0	767.6657458099071	1	0	tensor(3, device='cuda:0')	1.8857598047280166
107200.0	2000.0	567.6657458098105	0.0	0	277.98783776421624	767.6657458099071	1	0	tensor(3, device='cuda:0')	1.8857598047280166
108200.0	2000.0	567.6657458098141	0.0	0	275.8519528689503	767.6657458099071	1	0	tensor(3, device='cuda:0')	1.8857598047280166
109200.0	2000.0	567.6657458098049	0.0	0	431.4196376232285	767.6657458099216	1	0	tensor(3, device='cuda:0')	1.8857598047280164
110200.0	2000.0	567.6657458098032	0.0	0	513.2956280127546	767.6657458099216	1	0	tensor(3, device='cuda:0')	1.8857598047280164
111200.0	2000.0	567.6657458098049	0.0	0	420.89849253359716	767.6657458099071	1	0	tensor(3, device='cuda:0')	1.8857598047280166
112200.0	2000.0	567.6657458098018	0.0	0	566.1168508344417	767.6657458099071	1	0	tensor(3, device='cuda:0')	1.8857598047280166
113200.0	2000.0	567.6657458098048	0.0	0	537.1603790775262	767.6657458099071	1	0	tensor(3, device='cuda:0')	1.8857598047280166
114200.0	2000.0	567.6657458098025	0.0	0	137.7072751338419	767.6657458099071	1	0	tensor(3, device='cuda:0')	1.8857598047280166
115200.0	2000.0	567.6657458098136	0.0	0	495.89556788005575	767.6657458099071	1	0	tensor(3, device='cuda:0')	1.8857598047280166
116200.0	2000.0	567.665745809815	0.0	0	341.6161378260149	767.6657458099216	1	0	tensor(3, device='cuda:0')	1.8857598047280164
117200.0	2000.0	567.6657458098005	0.0	0	575.4928573648067	767.6657458099216	1	0	tensor(3, device='cuda:0')	1.8857598047280164
118200.0	2000.0	567.6657458097914	0.0	0	695.6813666681846	767.6657458099071	1	0	tensor(3, device='cuda:0')	1.8857598047280166
119200.0	2000.0	567.6657458097958	0.0	0	308.4756618030078	767.6657458099071	1	0	tensor(3, device='cuda:0')	1.8857598047280166
120200.0	2000.0	567.6657458097802	0.0	0	478.17844827799127	767.6657458099071	1	0	tensor(3, device='cuda:0')	1.8857598047280166
121200.0	2000.0	567.6657458097793	0.0	0	458.6510363481211	767.6657458099071	1	0	tensor(3, device='cuda:0')	1.8857598047280166
122200.0	2000.0	567.6657458097623	0.0	0	106.90481713549525	767.6657458099071	1	0	tensor(3, device='cuda:0')	1.8857598047280166
123200.0	2000.0	567.6657458097591	0.0	0	280.5958600439044	767.6657458099071	1	0	tensor(3, device='cuda:0')	1.8857598047280166
124200.0	2000.0	567.6657458097432	0.0	0	426.75702166762494	767.6657458099071	1	0	tensor(3, device='cuda:0')	1.8857598047280166
125200.0	2000.0	567.6657458097544	0.0	0	514.4977025387052	767.6657458099071	1	0	tensor(3, device='cuda:0')	1.8857598047280166
126200.0	2000.0	567.6657458097553	0.0	0	422.4697514947038	767.6657458099216	1	0	tensor(3, device='cuda:0')	1.8857598047280164
127200.0	2000.0	567.6657458097577	0.0	0	82.44591700517049	767.6657458099216	1	0	tensor(3, device='cuda:0')	1.8857598047280164
128200.0	2000.0	567.6657458097638	0.0	0	296.44829354925605	767.6657458099216	1	0	tensor(3, device='cuda:0')	1.8857598047280164
129200.0	2000.0	567.6657458097636	0.0	0	353.1146307532472	767.6657458099071	1	0	tensor(3, device='cuda:0')	1.8857598047280166
130200.0	2000.0	567.6657458097787	0.0	0	382.70032263346366	767.6657458099071	1	0	tensor(3, device='cuda:0')	1.8857598047280166
131200.0	2000.0	567.6657458097754	0.0	0	446.7367960111442	767.6657458099216	1	0	tensor(3, device='cuda:0')	1.8857598047280164
132200.0	2000.0	567.6657458097608	0.0	0	444.6411871937744	767.6657458099071	1	0	tensor(3, device='cuda:0')	1.8857598047280166
133420.06111632808	2000.0	347.60462948168686	0.0	0	0.0	767.6657458099362	1	0	tensor(3, device='cuda:0')	1.885759804728016
134200.0	2000.0	661.9600344929929	94.29428868327759	0	19.187560381222283	861.9600344932114	1	0	tensor(3, device='cuda:0')	1.3179050016368579
135200.0	2000.0	661.9600344930006	0.0	0	504.1816463074065	861.9600344932114	1	0	tensor(3, device='cuda:0')	1.8836707337365235
136200.0	2000.0	661.9600344930038	0.0	0	498.57751527789515	861.9600344932405	1	0	tensor(3, device='cuda:0')	1.8836707337365226
137200.0	2000.0	661.9600344930069	0.0	0	120.70940722106025	861.9600344932405	1	0	tensor(3, device='cuda:0')	1.8836707337365226
138200.0	2000.0	661.9600344930328	0.0	0	228.78289080990362	861.9600344932405	1	0	tensor(3, device='cuda:0')	1.8836707337365226
139200.0	2000.0	661.9600344930118	0.0	0	481.63499201482045	861.9600344932405	1	0	tensor(3, device='cuda:0')	1.8836707337365226
140200.0	2000.0	661.9600344930168	0.0	0	421.32264083847986	861.9600344932405	1	0	tensor(3, device='cuda:0')	1.8836707337365226
141200.0	2000.0	661.9600344930074	0.0	0	477.32902755390387	861.9600344932696	1	0	tensor(3, device='cuda:0')	1.8836707337365222
142200.0	2000.0	661.9600344930151	0.0	0	462.3130881578836	861.9600344932696	1	0	tensor(3, device='cuda:0')	1.8836707337365222
143200.0	2000.0	661.9600344930241	0.0	0	556.1004628284718	861.9600344932696	1	0	tensor(3, device='cuda:0')	1.8836707337365222
144200.0	2000.0	661.9600344929914	0.0	0	286.8598890794092	861.9600344932696	1	0	tensor(3, device='cuda:0')	1.8836707337365222
145200.0	2000.0	661.960034492989	0.0	0	262.2110588942305	861.9600344932696	1	0	tensor(3, device='cuda:0')	1.8836707337365222
146200.0	2000.0	661.9600344930062	0.0	0	406.5330534404202	861.9600344932696	1	0	tensor(3, device='cuda:0')	1.8836707337365222
147200.0	2000.0	661.9600344930248	0.0	0	260.6007302480575	861.9600344932696	1	0	tensor(3, device='cuda:0')	1.8836707337365222
148200.0	2000.0	661.960034493059	0.0	0	179.16647638007998	861.9600344932987	1	0	tensor(3, device='cuda:0')	1.8836707337365213
149200.0	2000.0	661.9600344930598	0.0	0	336.3473942776327	861.9600344932987	1	0	tensor(3, device='cuda:0')	1.8836707337365213
150200.0	2000.0	661.9600344930574	0.0	0	488.1585658895783	861.9600344932987	1	0	tensor(3, device='cuda:0')	1.8836707337365213
151200.0	2000.0	661.960034493049	0.0	0	456.2333351400448	861.9600344932987	1	0	tensor(3, device='cuda:0')	1.8836707337365213
152200.0	2000.0	661.9600344930288	0.0	0	244.91620751671144	861.9600344932987	1	0	tensor(3, device='cuda:0')	1.8836707337365213
153200.0	2000.0	661.960034493042	0.0	0	259.21820537309395	861.9600344932987	1	0	tensor(3, device='cuda:0')	1.8836707337365213
154200.0	2000.0	661.96003449306	0.0	0	438.78648840411915	861.9600344932987	1	0	tensor(3, device='cuda:0')	1.8836707337365213
155200.0	2000.0	661.9600344930728	0.0	0	586.6924963165366	861.9600344932696	1	0	tensor(3, device='cuda:0')	1.8836707337365222
156200.0	2000.0	661.9600344930816	0.0	0	653.0292276548571	861.9600344932696	1	0	tensor(3, device='cuda:0')	1.8836707337365222
157200.0	2000.0	661.9600344930585	0.0	0	394.1834191274829	861.9600344932696	1	0	tensor(3, device='cuda:0')	1.8836707337365222
158200.0	2000.0	661.9600344930936	0.0	0	318.90895053048735	861.9600344932987	1	0	tensor(3, device='cuda:0')	1.8836707337365213
159200.0	2000.0	661.9600344930825	0.0	0	535.6089593220968	861.9600344932987	1	0	tensor(3, device='cuda:0')	1.8836707337365213
160200.0	2000.0	661.9600344930805	0.0	0	307.34357082354836	861.9600344932696	1	0	tensor(3, device='cuda:0')	1.8836707337365222
161200.0	3000.0	411.96003449308427	0.0	0	299.9694336486282	611.9600344932987	1	0	tensor(5, device='cuda:0')	0.8869472427811331
162200.0	2000.0	411.96003449308523	0.0	0	308.9028165071213	611.9600344932696	1	0	tensor(3, device='cuda:0')	0.9833448675918577
163200.0	2000.0	529.2692942497472	117.30925975663064	0	54.56345263379626	729.2692942497088	1	0	tensor(3, device='cuda:0')	1.1827006370645265
164200.0	2000.0	529.2692942497795	0.0	0	274.3296881435381	729.2692942497088	1	0	tensor(3, device='cuda:0')	1.8865561956043102
165200.0	2000.0	529.2692942497619	0.0	0	448.06236370201805	729.2692942496797	1	0	tensor(3, device='cuda:0')	1.8865561956043109
166200.0	2000.0	529.2692942497711	0.0	0	604.6061558066285	729.2692942496797	1	0	tensor(3, device='cuda:0')	1.8865561956043109
167200.0	2000.0	529.2692942497725	0.0	0	271.7557332718279	729.2692942496506	1	0	tensor(3, device='cuda:0')	1.8865561956043115
168200.0	2000.0	529.2692942497495	0.0	0	492.64485766913276	729.2692942496506	1	0	tensor(3, device='cuda:0')	1.8865561956043115
169200.0	2000.0	529.2692942497424	0.0	0	620.6164880656288	729.2692942496506	1	0	tensor(3, device='cuda:0')	1.8865561956043115
170200.0	2000.0	529.2692942497374	0.0	0	542.511325304542	729.2692942496506	1	0	tensor(3, device='cuda:0')	1.8865561956043115
171200.0	2000.0	529.2692942497506	0.0	0	205.6667842050665	729.2692942496797	1	0	tensor(3, device='cuda:0')	1.8865561956043109
172200.0	2000.0	529.2692942497515	0.0	0	521.9710513189493	729.2692942496797	1	0	tensor(3, device='cuda:0')	1.8865561956043109
173200.0	2000.0	529.2692942497622	0.0	0	592.5443379026547	729.2692942496797	1	0	tensor(3, device='cuda:0')	1.8865561956043109
174200.0	2000.0	529.2692942497399	0.0	0	482.3520038293791	729.2692942496797	1	0	tensor(3, device='cuda:0')	1.8865561956043109
175200.0	2000.0	529.2692942496981	0.0	0	281.51394558663014	729.2692942496797	1	0	tensor(3, device='cuda:0')	1.8865561956043109
176200.0	2000.0	529.2692942496965	0.0	0	415.8846431658021	729.2692942496506	1	0	tensor(3, device='cuda:0')	1.8865561956043115
177200.0	2000.0	529.2692942497138	0.0	0	511.35864982762723	729.2692942496506	1	0	tensor(3, device='cuda:0')	1.8865561956043115
178200.0	2000.0	529.2692942497132	0.0	0	479.315595802007	729.2692942496506	1	0	tensor(3, device='cuda:0')	1.8865561956043115
179200.0	2000.0	529.2692942497171	0.0	0	336.33394312055316	729.2692942496506	1	0	tensor(3, device='cuda:0')	1.8865561956043115
180200.0	2000.0	529.269294249687	0.0	0	241.7201467368577	729.2692942496506	1	0	tensor(3, device='cuda:0')	1.8865561956043115
181200.0	2000.0	529.2692942496815	0.0	0	580.9288417109346	729.2692942496506	1	0	tensor(3, device='cuda:0')	1.8865561956043115
182200.0	2000.0	529.2692942496952	0.0	0	499.26311448885826	729.2692942496506	1	0	tensor(3, device='cuda:0')	1.8865561956043115
183200.0	2000.0	529.2692942497217	0.0	0	583.4900377137237	729.2692942496506	1	0	tensor(3, device='cuda:0')	1.8865561956043115
184200.0	2000.0	529.2692942497165	0.0	0	488.4588065666903	729.2692942496506	1	0	tensor(3, device='cuda:0')	1.8865561956043115
185200.0	2000.0	529.2692942497258	0.0	0	242.66809991796617	729.2692942496506	1	0	tensor(3, device='cuda:0')	1.8865561956043115
186200.0	2000.0	529.2692942497549	0.0	0	376.38677853590343	729.2692942496506	1	0	tensor(3, device='cuda:0')	1.8865561956043115
187200.0	2000.0	529.269294249712	0.0	0	304.5421985073481	729.2692942496506	1	0	tensor(3, device='cuda:0')	1.8865561956043115
188200.0	2000.0	529.2692942497047	0.0	0	360.8816949685279	729.2692942496506	1	0	tensor(3, device='cuda:0')	1.8865561956043115
189200.0	2000.0	529.2692942497056	0.0	0	445.8324391832575	729.2692942496506	1	0	tensor(3, device='cuda:0')	1.8865561956043115
190200.0	2000.0	529.2692942497093	0.0	0	281.10759727621917	729.2692942496506	1	0	tensor(3, device='cuda:0')	1.8865561956043115
191200.0	2000.0	529.2692942497017	0.0	0	608.5937309161527	729.2692942496506	1	0	tensor(3, device='cuda:0')	1.8865561956043115
192200.0	2000.0	529.269294249719	0.0	0	539.2095619054453	729.2692942496797	1	0	tensor(3, device='cuda:0')	1.8865561956043109
193200.0	2000.0	529.2692942496932	0.0	0	497.20416131807724	729.2692942496797	1	0	tensor(3, device='cuda:0')	1.8865561956043109
194200.0	2000.0	529.2692942496865	0.0	0	385.6806008112908	729.2692942496797	1	0	tensor(3, device='cuda:0')	1.8865561956043109
195200.0	2000.0	529.2692942496615	0.0	0	432.39767412890797	729.2692942496506	1	0	tensor(3, device='cuda:0')	1.8865561956043115
196200.0	2000.0	529.2692942496345	0.0	0	559.1058891235152	729.2692942496215	1	0	tensor(3, device='cuda:0')	1.886556195604312
197200.0	2000.0	529.2692942496093	0.0	0	448.5540457320458	729.2692942495923	1	0	tensor(3, device='cuda:0')	1.8865561956043129
198200.0	2000.0	529.2692942496062	0.0	0	187.8604289968207	729.2692942495632	1	0	tensor(3, device='cuda:0')	1.8865561956043133
199200.0	2000.0	529.2692942496197	0.0	0	157.4319551337103	729.2692942495632	1	0	tensor(3, device='cuda:0')	1.8865561956043133
200200.0	2000.0	529.2692942496363	0.0	0	505.79930956373573	729.2692942495632	1	0	tensor(3, device='cuda:0')	1.8865561956043133
201200.0	2000.0	529.2692942496473	0.0	0	514.1365070325264	729.2692942495632	1	0	tensor(3, device='cuda:0')	1.8865561956043133
202200.0	2000.0	529.2692942496335	0.0	0	454.1039235253993	729.2692942495632	1	0	tensor(3, device='cuda:0')	1.8865561956043133
203200.0	2000.0	529.2692942496085	0.0	0	54.779512586974306	729.2692942495632	1	0	tensor(3, device='cuda:0')	1.8865561956043133
204200.0	2000.0	529.2692942495813	0.0	0	10.312420760979876	729.2692942495632	1	0	tensor(3, device='cuda:0')	1.8865561956043133
205200.0	2000.0	529.2692942495944	0.0	0	310.44076824749936	729.2692942495632	1	0	tensor(3, device='cuda:0')	1.8865561956043133
206200.0	2000.0	529.2692942495844	0.0	0	475.5565590011538	729.2692942495341	1	0	tensor(3, device='cuda:0')	1.886556195604314
207200.0	2000.0	529.2692942495589	0.0	0	533.4559994841984	729.2692942495341	1	0	tensor(3, device='cuda:0')	1.886556195604314
208200.0	2000.0	529.269294249545	0.0	0	526.1656882333627	729.2692942495341	1	0	tensor(3, device='cuda:0')	1.886556195604314
209200.0	2000.0	529.2692942495678	0.0	0	380.7011600031401	729.2692942495632	1	0	tensor(3, device='cuda:0')	1.8865561956043133
210200.0	2000.0	529.2692942495667	0.0	0	325.5183557760902	729.2692942495632	1	0	tensor(3, device='cuda:0')	1.8865561956043133
211200.0	2000.0	529.269294249547	0.0	0	513.8402417142934	729.2692942495632	1	0	tensor(3, device='cuda:0')	1.8865561956043133
212200.0	2000.0	529.2692942495574	0.0	0	489.69530316465534	729.2692942495632	1	0	tensor(3, device='cuda:0')	1.8865561956043133
213200.0	2000.0	529.2692942495682	0.0	0	446.6288761984615	729.2692942495632	1	0	tensor(3, device='cuda:0')	1.8865561956043133
214200.0	2000.0	529.2692942495755	0.0	0	476.95688614278333	729.2692942495923	1	0	tensor(3, device='cuda:0')	1.8865561956043129
215200.0	2000.0	529.2692942495728	0.0	0	495.33699856416206	729.2692942495632	1	0	tensor(3, device='cuda:0')	1.8865561956043133
216200.0	2000.0	529.2692942495567	0.0	0	323.5454604992119	729.2692942495632	1	0	tensor(3, device='cuda:0')	1.8865561956043133
217200.0	2000.0	529.26929424953	0.0	0	546.7094357810856	729.2692942495632	1	0	tensor(3, device='cuda:0')	1.8865561956043133
218200.0	2000.0	529.269294249548	0.0	0	535.4553218801157	729.2692942495632	1	0	tensor(3, device='cuda:0')	1.8865561956043133
219200.0	2000.0	529.2692942495537	0.0	0	449.4289028076746	729.2692942495341	1	0	tensor(3, device='cuda:0')	1.886556195604314
220200.0	2000.0	529.2692942495726	0.0	0	252.47270502947504	729.2692942495341	1	0	tensor(3, device='cuda:0')	1.886556195604314
221200.0	2000.0	529.2692942495407	0.0	0	499.56049662680016	729.2692942495341	1	0	tensor(3, device='cuda:0')	1.886556195604314
222200.0	2000.0	529.2692942495219	0.0	0	323.94799137028167	729.2692942495341	1	0	tensor(3, device='cuda:0')	1.886556195604314
223200.0	2000.0	529.2692942495281	0.0	0	339.60353411725373	729.2692942495632	1	0	tensor(3, device='cuda:0')	1.8865561956043133
224200.0	2000.0	529.269294249526	0.0	0	569.752930444607	729.2692942495341	1	0	tensor(3, device='cuda:0')	1.886556195604314
225200.0	2000.0	529.2692942495274	0.0	0	204.21313616237603	729.2692942495341	1	0	tensor(3, device='cuda:0')	1.886556195604314
226200.0	2000.0	529.2692942495022	0.0	0	278.5101391009521	729.2692942495341	1	0	tensor(3, device='cuda:0')	1.886556195604314
227200.0	2000.0	529.2692942494839	0.0	0	461.28696886333637	729.269294249505	1	0	tensor(3, device='cuda:0')	1.8865561956043144
228200.0	2000.0	529.2692942494742	0.0	0	455.14494958362775	729.269294249505	1	0	tensor(3, device='cuda:0')	1.8865561956043144
229200.0	2000.0	529.2692942494766	0.0	0	254.76222967437934	729.269294249505	1	0	tensor(3, device='cuda:0')	1.8865561956043144
230472.44287803938	2000.0	256.82641621006087	0.0	0	0.0	729.269294249505	1	0	tensor(3, device='cuda:0')	1.8865561956043144
231467.71058699253	2000.0	525.7227461196835	264.16403886278835	0	0.0	993.4333331122762	1	0	tensor(3, device='cuda:0')	0.2954288984674214
232200.0	2000.0	793.4333331121932	0.0	0	130.9291903897829	993.433333112247	1	0	tensor(3, device='cuda:0')	1.880413131644152
233200.0	2000.0	793.4333331121851	0.0	0	490.84634482325055	993.4333331122762	1	0	tensor(3, device='cuda:0')	1.8804131316441515
234200.0	2000.0	793.4333331121951	0.0	0	604.7003623815253	993.4333331123053	1	0	tensor(3, device='cuda:0')	1.8804131316441506
235213.1001672947	3000.0	527.0581239938165	0.0	0	0.0	740.1582912886515	1	0	tensor(5, device='cuda:0')	0.8782848024894412
236200.0	2000.0	540.1582912885303	0.0	0	305.93487981910584	740.1582912886515	1	0	tensor(3, device='cuda:0')	0.9808683014574074
237200.0	2000.0	540.1582912884887	0.0	0	545.2214153870882	740.1582912886515	1	0	tensor(3, device='cuda:0')	1.8863334095655722
238200.0	2000.0	540.1582912884528	0.0	0	504.80940211747657	740.1582912886515	1	0	tensor(3, device='cuda:0')	1.8863334095655722
239200.0	2000.0	540.1582912884378	0.0	0	342.8277363901434	740.1582912886515	1	0	tensor(3, device='cuda:0')	1.8863334095655722
240200.0	2000.0	540.1582912883966	0.0	0	369.31922989108716	740.1582912886224	1	0	tensor(3, device='cuda:0')	1.8863334095655726
241200.0	2000.0	540.15829128839	0.0	0	648.6648185463564	740.1582912886224	1	0	tensor(3, device='cuda:0')	1.8863334095655726
242200.0	2000.0	540.1582912883744	0.0	0	532.5447203996591	740.1582912886224	1	0	tensor(3, device='cuda:0')	1.8863334095655726
243200.0	2000.0	540.1582912883774	0.0	0	314.7395599479496	740.1582912885933	1	0	tensor(3, device='cuda:0')	1.886333409565573
244200.0	2000.0	540.1582912884119	0.0	0	267.2106618594262	740.1582912885933	1	0	tensor(3, device='cuda:0')	1.886333409565573
245200.0	2000.0	540.1582912883946	0.0	0	497.2772027516912	740.1582912885933	1	0	tensor(3, device='cuda:0')	1.886333409565573
246200.0	2000.0	540.1582912883875	0.0	0	233.23914630533545	740.1582912885933	1	0	tensor(3, device='cuda:0')	1.886333409565573
247200.0	2000.0	540.1582912883605	0.0	0	261.73185112394276	740.1582912885933	1	0	tensor(3, device='cuda:0')	1.886333409565573
248200.0	2000.0	547.3534269182045	7.1951356298207365	0	95.093559323519	747.3534269184165	1	0	tensor(3, device='cuda:0')	1.8430140623386002
249200.0	2000.0	547.3534269181937	0.0	0	224.6651954667759	747.3534269184165	1	0	tensor(3, device='cuda:0')	1.8861848761175244
250200.0	2000.0	547.3534269181952	0.0	0	589.7616909597709	747.3534269184165	1	0	tensor(3, device='cuda:0')	1.8861848761175244
251200.0	2000.0	547.3534269182313	0.0	0	510.9735775803856	747.3534269184165	1	0	tensor(3, device='cuda:0')	1.8861848761175244
252200.0	2000.0	547.3534269181929	0.0	0	450.9811363114277	747.3534269183874	1	0	tensor(3, device='cuda:0')	1.8861848761175248
253200.0	2000.0	547.3534269181612	0.0	0	270.06585163404816	747.3534269183583	1	0	tensor(3, device='cuda:0')	1.8861848761175253
254200.0	2000.0	547.3534269181516	0.0	0	261.6431668471487	747.3534269183583	1	0	tensor(3, device='cuda:0')	1.8861848761175253
255200.0	2000.0	547.3534269181839	0.0	0	644.5306586947409	747.3534269183583	1	0	tensor(3, device='cuda:0')	1.8861848761175253
256200.0	2000.0	547.3534269182039	0.0	0	674.1181669659854	747.3534269183583	1	0	tensor(3, device='cuda:0')	1.8861848761175253
257200.0	2000.0	547.3534269182171	0.0	0	156.72065781374113	747.3534269183583	1	0	tensor(3, device='cuda:0')	1.8861848761175253
258200.0	2000.0	547.3534269181939	0.0	0	287.49363966533565	747.3534269183583	1	0	tensor(3, device='cuda:0')	1.8861848761175253
259200.0	2000.0	547.353426918211	0.0	0	497.97736600245116	747.3534269183583	1	0	tensor(3, device='cuda:0')	1.8861848761175253
260200.0	2000.0	547.3534269182001	0.0	0	126.31340842909412	747.3534269183583	1	0	tensor(3, device='cuda:0')	1.8861848761175253
261200.0	2000.0	555.9978500633224	8.644423145103804	0	93.67300121954759	755.9978500634606	1	0	tensor(3, device='cuda:0')	1.8341384810581942
262200.0	2000.0	555.9978500633177	0.0	0	461.84164434150443	755.9978500634606	1	0	tensor(3, device='cuda:0')	1.8860050199288172
263200.0	2000.0	555.9978500633292	0.0	0	396.19096884242026	755.9978500634898	1	0	tensor(3, device='cuda:0')	1.886005019928817
264200.0	2000.0	555.9978500633603	0.0	0	217.97448797267862	755.9978500634315	1	0	tensor(3, device='cuda:0')	1.8860050199288179
265200.0	2000.0	555.9978500633968	0.0	0	480.59503477381077	755.9978500633733	1	0	tensor(3, device='cuda:0')	1.8860050199288192
266200.0	2000.0	555.9978500633771	0.0	0	284.2755147749558	755.9978500633733	1	0	tensor(3, device='cuda:0')	1.8860050199288192
267200.0	2000.0	555.9978500634245	0.0	0	373.83801132562803	755.9978500634315	1	0	tensor(3, device='cuda:0')	1.8860050199288179
268200.0	2000.0	555.9978500633756	0.0	0	262.9469024153077	755.9978500634315	1	0	tensor(3, device='cuda:0')	1.8860050199288179
269200.0	2000.0	555.997850063334	0.0	0	540.3719635238522	755.9978500634315	1	0	tensor(3, device='cuda:0')	1.8860050199288179
270200.0	2000.0	555.9978500633043	0.0	0	613.8934250986204	755.9978500633733	1	0	tensor(3, device='cuda:0')	1.8860050199288192
271200.0	2000.0	555.9978500632998	0.0	0	497.57152454101015	755.9978500633733	1	0	tensor(3, device='cuda:0')	1.8860050199288192
272200.0	2000.0	555.9978500632183	0.0	0	436.1184919263469	755.9978500633733	1	0	tensor(3, device='cuda:0')	1.8860050199288192
273200.0	2000.0	555.9978500632002	0.0	0	185.55222175596282	755.9978500633733	1	0	tensor(3, device='cuda:0')	1.8860050199288192
274200.0	2000.0	555.9978500631935	0.0	0	446.3578133059782	755.9978500633733	1	0	tensor(3, device='cuda:0')	1.8860050199288192
275200.0	2000.0	555.9978500632271	0.0	0	438.4946904956596	755.9978500634315	1	0	tensor(3, device='cuda:0')	1.8860050199288179
276200.0	2000.0	555.9978500632201	0.0	0	585.2062579905032	755.9978500634315	1	0	tensor(3, device='cuda:0')	1.8860050199288179
277200.0	2000.0	555.9978500631893	0.0	0	344.32286317349644	755.9978500634315	1	0	tensor(3, device='cuda:0')	1.8860050199288179
278200.0	2000.0	555.9978500631122	0.0	0	431.2945381521131	755.9978500634315	1	0	tensor(3, device='cuda:0')	1.8860050199288179
279200.0	2000.0	555.9978500631004	0.0	0	82.80339299031766	755.9978500633733	1	0	tensor(3, device='cuda:0')	1.8860050199288192
280200.0	2000.0	555.9978500631528	0.0	0	81.33795943146106	755.9978500633733	1	0	tensor(3, device='cuda:0')	1.8860050199288192
281444.22069820925	2000.0	352.3450546393245	40.56790278547692	0	0.0	796.5657528488664	1	0	tensor(3, device='cuda:0')	1.6417326898042304
282200.0	2000.0	596.5657528484746	0.0	0	249.73496605840046	796.5657528488082	1	0	tensor(3, device='cuda:0')	1.8851401065170934
283200.0	2000.0	596.5657528484375	0.0	0	471.8850864057895	796.5657528488082	1	0	tensor(3, device='cuda:0')	1.8851401065170934
284200.0	2000.0	596.5657528484238	0.0	0	426.45724927634	796.5657528488082	1	0	tensor(3, device='cuda:0')	1.8851401065170934
285200.0	2000.0	596.5657528483978	0.0	0	240.97682494105538	796.5657528488082	1	0	tensor(3, device='cuda:0')	1.8851401065170934
286778.13726615295	2000.0	227.55149965066616	209.12301295516488	0	0.0	1005.6887658039923	1	0	tensor(3, device='cuda:0')	0.6267119555388543
287581.1289604658	2000.0	585.4191502502193	160.8593449124563	0	0.0	1166.5481107164524	1	0	tensor(3, device='cuda:0')	0.9102697892017497
288200.0	2000.0	966.5481107160313	0.0	0	102.09317553712754	1166.5481107165106	1	0	tensor(3, device='cuda:0')	1.8754258586764858
289200.0	2000.0	716.5481107159762	0.0	0	613.407212682534	916.5481107163941	1	0	tensor(5, device='cuda:0')	0.8797716291687668
290200.0	3000.0	466.54811071602984	0.0	0	314.1969810850569	666.5481107163941	1	0	tensor(5, device='cuda:0')	1.3857448514894721
291570.43562245416	2000.0	275.1428761049089	179.03038784309797	0	0.0	845.5784985591308	1	0	tensor(3, device='cuda:0')	-0.09559965222732669
292200.0	2000.0	646.1335741688345	0.5550756097991041	0	112.58868101064581	846.1335741688963	1	0	tensor(3, device='cuda:0')	1.8807046529423028
293200.0	2000.0	646.1335741688575	0.0	0	436.7067437513033	846.1335741688381	1	0	tensor(3, device='cuda:0')	1.884035106601099
294209.03629877075	2000.0	637.0972753981068	0.0	0	0.0	846.1335741688381	1	0	tensor(3, device='cuda:0')	1.884035106601099
295200.0	2000.0	646.1335741688821	0.0	0	336.003621966287	846.1335741688381	1	0	tensor(3, device='cuda:0')	1.884035106601099
296200.0	2000.0	646.1335741688008	0.0	0	229.88491360045737	846.1335741687799	1	0	tensor(3, device='cuda:0')	1.8840351066011005
297200.0	2000.0	646.1335741687344	0.0	0	80.05426087981323	846.1335741687217	1	0	tensor(3, device='cuda:0')	1.8840351066011018
298200.0	2000.0	646.1335741687335	0.0	0	325.96581372682704	846.1335741686635	1	0	tensor(3, device='cuda:0')	1.884035106601103
299200.0	2000.0	646.133574168713	0.0	0	174.28029843553668	846.1335741686053	1	0	tensor(3, device='cuda:0')	1.8840351066011043
300200.0	2000.0	646.1335741687506	0.0	0	243.45682389300782	846.1335741686053	1	0	tensor(3, device='cuda:0')	1.8840351066011043
4.18	3.51	2.63	4.87	2.26	3.35	4.45	6.85	3.12	2.57	5.27	2.8	3.27	4.02	3.02	3.76	6.2	4.6	3.65	3.26	7.9	9.2	5.4	3.93	3.43	3.23	3.36	3.52	2.76	3.72	2.81	3.71	3.64	3.41	2.83	3.83	3.72	2.87	3.12	2.63	2.95	4.51	5.48	6.71	3.19	4.17	2.54	2.14	4.17	2.14	2.78	2.58	2.85	2.98	4.51	4.47	3.64	3.26	2.36	2.83	6.22	3.0	4.67	3.01	2.93	2.46	3.0	3.0	2.86	4.09	3.24	4.33	4.85	2.69	4.19	4.96	3.24	5.64	3.27	3.83	3.78	4.89	3.22	2.14	3.16	2.86	2.27	2.87	4.33	2.91	6.48	5.1	4.9	3.3	2.54	4.14	4.99	2.22	2.87	2.99	2.71	1.75	3.3	3.96	5.86	4.99	4.68	4.21	2.83	2.79	4.14	4.04	6.58	4.62	2.91	4.22	2.84	3.06	3.98	4.98	5.58	2.73	2.06	3.49	3.35	3.83	4.23	2.2	2.0	3.82	4.84	2.65	3.21	3.28	2.93	2.69	3.74	3.41	3.78	4.0	3.74	3.13	2.99	2.75	4.03	3.34	2.47	2.81	4.24	3.63	5.5	4.54	2.62	4.59	3.26	5.27	2.58	2.34	2.9	4.4	4.77	3.07	4.53	7.73	4.93	2.42	3.78	6.04	5.88	3.45	2.69	3.51	3.57	3.27	3.24	4.78	5.42	6.29	5.92	3.23	4.56	3.37	4.46	3.29	2.92	4.38	4.18	4.63	3.07	3.06	5.09	4.46	3.12	2.83	3.57	4.44	4.44	2.63	3.14	1.97	4.18	4.63	6.1	3.22	2.68	3.27	5.03	5.12	4.31	4.03	2.49	4.75	3.89	3.02	3.06	3.24	3.59	3.45	4.54	3.1	3.38	3.04	3.39	4.48	2.49	1.45	2.13	5.12	4.77	4.4	3.83	3.46	5.87	3.88	3.3	6.19	4.32	4.55	2.66	3.52	3.64	2.41	1.99	3.0	4.05	4.68	3.68	2.93	3.16	4.81	6.73	3.73	2.54	4.11	4.03	1.95	3.68	3.72	3.0	3.54	3.94	3.01	2.36	4.24	5.02	3.16	5.2	2.63	3.32	5.14	4.33	4.02	3.56	2.62	3.29	2.07	2.13	5.55	4.99	4.71	1.71	1.08	2.93	3.88	6.06	1.78	1.98	4.2	1.62	3.75	4.34	2.17	2.41	2.97	3.67	1.95	3.5
807.0	808.0	809.0	810.0	811.0	812.0	813.0	814.0	815.0	816.0	817.0	818.0	819.0	820.0	821.0	822.0	823.0	824.0	825.0	826.0	827.0	828.0	829.0	830.0	831.0	832.0	833.0	834.0	835.0	836.0	837.0	838.0	839.0	840.0	841.0	842.0	843.0	844.0	845.0	846.0	847.0	848.0	849.0	850.0	851.0	852.0	853.0	854.0	855.0	856.0	857.0	858.0	859.0	860.0	861.0	862.0	863.0	864.0	865.0	866.0	867.0	868.0	869.0	870.0	871.0	872.0	873.0	874.0	875.0	876.0	877.0	878.0	879.0	880.0	881.0	882.0	883.0	884.0	885.0	886.0	887.0	888.0	889.0	890.0	891.0	892.0	893.0	894.0	895.0	896.0	897.0	898.0	899.0	900.0	901.0	902.0	903.0	904.0	905.0	906.0	907.0	908.0	909.0	910.0	911.0	912.0	913.0	914.0	915.0	916.0	917.0	918.0	919.0	920.0	921.0	922.0	923.0	924.0	925.0	926.0	927.0	928.0	929.0	930.0	931.0	932.0	933.0	934.0	935.0	936.0	937.0	938.0	939.0	940.0	941.0	942.0	943.0	944.0	945.0	946.0	947.0	948.0	949.0	950.0	951.0	952.0	953.0	954.0	955.0	956.0	957.0	958.0	959.0	960.0	961.0	962.0	963.0	964.0	965.0	966.0	967.0	968.0	969.0	970.0	971.0	972.0	973.0	974.0	975.0	976.0	977.0	978.0	979.0	980.0	981.0	982.0	983.0	984.0	985.0	986.0	987.0	988.0	989.0	990.0	991.0	992.0	993.0	994.0	995.0	996.0	997.0	998.0	999.0	1000.0	1001.0	1002.0	1003.0	1004.0	1005.0	1006.0	1007.0	1008.0	1009.0	1010.0	1011.0	1012.0	1013.0	1014.0	1015.0	1016.0	1017.0	1018.0	1019.0	1020.0	1021.0	1022.0	1023.0	1024.0	1025.0	1026.0	1027.0	1028.0	1029.0	1030.0	1031.0	1032.0	1033.0	1034.0	1035.0	1036.0	1037.0	1038.0	1039.0	1040.0	1041.0	1042.0	1043.0	1044.0	1045.0	1046.0	1047.0	1048.0	1049.0	1050.0	1051.0	1052.0	1053.0	1054.0	1055.0	1056.0	1057.0	1058.0	1059.0	1060.0	1061.0	1062.0	1063.0	1064.0	1065.0	1066.0	1067.0	1068.0	1069.0	1070.0	1071.0	1072.0	1073.0	1074.0	1075.0	1076.0	1077.0	1078.0	1079.0	1080.0	1081.0	1082.0	1083.0	1084.0	1085.0	1086.0	1087.0	1088.0	1089.0	1090.0	1091.0	1092.0	1093.0	1094.0	1095.0	1096.0	1097.0	1098.0	1099.0	1100.0	1101.0	1102.0	1103.0
4724.0
