2200.0	2000.0	1871.0352099186155	809.3373687028399	0	103.17183206510754	2071.0352099186157	0	0	tensor(5, device='cuda:0')	-5.462594853132903
3426.3350893924066	3000.0	2048.5492133301823	568.3462921216604	0	0.0	2474.8843027225894	1	0	tensor(5, device='cuda:0')	-1.9561506106341116
4278.549062250966	3000.0	1983.281747256984	0.0	0	0.0	2261.8308095079506	1	0	tensor(5, device='cuda:0')	1.7882971721497234
5200.0	3000.0	1831.4680750706918	0.0	0	77.72275850889946	2031.468075070692	1	0	tensor(5, device='cuda:0')	1.7723861875739328
6200.0	3000.0	1581.4680750706927	0.0	0	112.96181222813084	1781.468075070692	1	0	tensor(5, device='cuda:0')	1.74976750291584
7200.0	3000.0	1331.4680750706927	0.0	0	518.1492872381314	1531.468075070692	1	0	tensor(5, device='cuda:0')	1.7623862009282023
8200.0	3000.0	1081.4680750706918	0.0	0	647.5557327725328	1281.468075070692	1	0	tensor(5, device='cuda:0')	1.773297224634563
9200.0	3000.0	831.4680750706887	0.0	0	323.82416418506	1031.4680750706884	1	0	tensor(5, device='cuda:0')	1.7822413426963086
10200.0	3000.0	581.4680750706876	0.0	0	152.41947967205124	781.4680750706884	1	0	tensor(5, device='cuda:0')	1.789029322525248
11253.602349988048	2000.0	286.6675910379629	17.76196276186903	0	0.0	540.2699410260138	1	0	tensor(5, device='cuda:0')	0.8588469311674849
12219.182825731627	2000.0	498.7219140861902	177.63479879180505	0	0.0	717.9047398178191	1	0	tensor(3, device='cuda:0')	0.3209773721247591
13200.0	2000.0	517.9047398178174	0.0	0	401.5852684338897	717.9047398178191	1	0	tensor(3, device='cuda:0')	1.8867861648755895
14200.0	2000.0	517.9047398178164	0.0	0	351.07036122291174	717.9047398178191	1	0	tensor(3, device='cuda:0')	1.8867861648755895
15546.963432685017	2000.0	306.3770658226272	135.43575868982987	0	0.0	853.3404985076486	1	0	tensor(3, device='cuda:0')	1.0712553359737291
16456.395544753745	2000.0	591.4514230390449	194.50646928514436	0	0.0	1047.8469677927933	1	0	tensor(3, device='cuda:0')	0.711897397491608
17200.0	2000.0	847.8469677927967	0.0	0	226.79000197670393	1047.8469677928006	1	0	tensor(3, device='cuda:0')	1.8789362132024743
18200.0	2000.0	847.8469677927973	0.0	0	49.114806130575744	1047.8469677928006	1	0	tensor(3, device='cuda:0')	1.8789362132024743
19218.99479937183	2000.0	828.852168420969	0.0	0	0.0	1047.8469677928006	1	0	tensor(3, device='cuda:0')	1.8789362132024743
20200.0	2000.0	847.8469677928032	0.0	0	389.80408693647405	1047.8469677928006	1	0	tensor(3, device='cuda:0')	1.8789362132024743
21200.0	2000.0	847.8469677928063	0.0	0	485.4208366044586	1047.8469677928006	1	0	tensor(3, device='cuda:0')	1.8789362132024743
22416.46060917767	3000.0	327.27120632071575	0.0	0	0.0	743.7318154983805	1	0	tensor(5, device='cuda:0')	0.7762838347536468
23200.0	2000.0	596.7096105002056	52.97779500182543	0	14.832690084851492	796.7096105002056	1	0	tensor(3, device='cuda:0')	0.6618050991574045
24200.0	2000.0	596.7096105002032	0.0	0	512.1375514457068	796.7096105002056	1	0	tensor(3, device='cuda:0')	1.8851369772765216
25200.0	2000.0	596.7096105002057	0.0	0	500.4219296309202	796.7096105002056	1	0	tensor(3, device='cuda:0')	1.8851369772765216
26243.564631861173	2000.0	553.1449786390331	0.0	0	0.0	796.709610500202	1	0	tensor(3, device='cuda:0')	1.8851369772765216
27200.0	2000.0	596.7096105002075	0.0	0	480.81839111256704	796.709610500202	1	0	tensor(3, device='cuda:0')	1.8851369772765216
28200.0	2000.0	596.7096105002116	0.0	0	414.3684924970221	796.709610500202	1	0	tensor(3, device='cuda:0')	1.8851369772765216
29200.0	2000.0	596.7096105002146	0.0	0	391.3365229564697	796.709610500202	1	0	tensor(3, device='cuda:0')	1.8851369772765216
30200.0	2000.0	596.7096105002125	0.0	0	497.6251256493597	796.7096105001983	1	0	tensor(3, device='cuda:0')	1.8851369772765216
31200.0	2000.0	596.7096105002151	0.0	0	346.26447188785096	796.7096105001983	1	0	tensor(3, device='cuda:0')	1.8851369772765216
32200.0	2000.0	596.7096105002192	0.0	0	63.107101894391235	796.7096105001983	1	0	tensor(3, device='cuda:0')	1.8851369772765216
33454.000845529896	2000.0	342.7087649703233	0.0	0	0.0	796.7096105001983	1	0	tensor(3, device='cuda:0')	1.8851369772765216
34643.633886108495	2000.0	500.7771580179537	347.7014336262241	0	0.0	1144.4110441264202	1	0	tensor(3, device='cuda:0')	-0.21009657613168986
35318.5268871618	2000.0	825.8841569646471	0.0	0	0.0	1144.4110441264202	1	0	tensor(3, device='cuda:0')	1.8761120256256554
36320.51290526744	2000.0	823.8981388590162	0.0	0	0.0	1144.4110441264202	1	0	tensor(3, device='cuda:0')	1.8761120256256554
37200.0	2000.0	944.4110441264556	0.0	0	217.3282403841513	1144.4110441264274	1	0	tensor(3, device='cuda:0')	1.876112025625655
38200.0	2000.0	944.4110441264497	0.0	0	135.70381902474765	1144.4110441264274	1	0	tensor(3, device='cuda:0')	1.876112025625655
39200.0	2000.0	944.4110441264579	0.0	0	377.26615989903075	1144.4110441264347	1	0	tensor(3, device='cuda:0')	1.8761120256256547
40241.14696665517	2000.0	642.9773358074979	0.0	0	0.0	884.1243024626456	1	0	tensor(5, device='cuda:0')	0.8609432909333549
41200.0	2000.0	684.1243024626646	0.0	0	109.53018690663885	884.1243024626456	1	0	tensor(3, device='cuda:0')	1.3831507700867298
42200.0	2000.0	684.1243024626689	0.0	0	384.56962683182064	884.1243024626456	1	0	tensor(3, device='cuda:0')	1.8831507700867298
43200.0	2000.0	684.1243024626687	0.0	0	154.29270277263277	884.1243024626456	1	0	tensor(3, device='cuda:0')	1.8831507700867298
44200.0	2000.0	684.1243024626618	0.0	0	188.75318376383802	884.1243024626456	1	0	tensor(3, device='cuda:0')	1.8831507700867298
45200.0	2000.0	684.1243024626584	0.0	0	400.2337477300971	884.1243024626383	1	0	tensor(3, device='cuda:0')	1.8831507700867298
46200.0	2000.0	684.1243024626539	0.0	0	124.65643399065448	884.1243024626383	1	0	tensor(3, device='cuda:0')	1.8831507700867298
47200.0	2000.0	684.1243024626577	0.0	0	336.7911617831851	884.1243024626456	1	0	tensor(3, device='cuda:0')	1.8831507700867298
48200.0	2000.0	684.1243024626577	0.0	0	335.58704807837785	884.1243024626528	1	0	tensor(3, device='cuda:0')	1.8831507700867296
49200.0	2000.0	684.1243024626608	0.0	0	530.5457398229264	884.1243024626528	1	0	tensor(3, device='cuda:0')	1.8831507700867296
50200.0	2000.0	684.1243024626648	0.0	0	605.7627179686242	884.1243024626601	1	0	tensor(3, device='cuda:0')	1.8831507700867292
51200.0	3000.0	434.1243024626639	0.0	0	454.69909070278663	634.1243024626528	1	0	tensor(5, device='cuda:0')	0.8864705597814335
52200.0	2000.0	434.1243024626622	0.0	0	494.0287630969178	634.1243024626528	1	0	tensor(3, device='cuda:0')	0.9829388604581438
53200.0	2000.0	434.1243024626658	0.0	0	276.37574641458923	634.1243024626528	1	0	tensor(3, device='cuda:0')	1.8884039685663083
54200.0	2000.0	465.9476385736499	31.823336110976925	0	14.909464850010409	665.947638573627	1	0	tensor(3, device='cuda:0')	1.6968651970146258
55200.0	2000.0	465.9476385736448	0.0	0	114.90382250578841	665.9476385736343	1	0	tensor(3, device='cuda:0')	1.887805213680487
56200.0	2000.0	465.947638573645	0.0	0	188.51896500092698	665.9476385736343	1	0	tensor(3, device='cuda:0')	1.887805213680487
57200.0	2000.0	465.9476385736426	0.0	0	284.2653088607258	665.9476385736343	1	0	tensor(3, device='cuda:0')	1.887805213680487
58200.0	2000.0	465.9476385736468	0.0	0	394.269804474352	665.9476385736416	1	0	tensor(3, device='cuda:0')	1.887805213680487
59200.0	2000.0	465.9476385736489	0.0	0	569.4841563338632	665.9476385736416	1	0	tensor(3, device='cuda:0')	1.887805213680487
60200.0	2000.0	465.9476385736516	0.0	0	549.0196838789925	665.9476385736489	1	0	tensor(3, device='cuda:0')	1.8878052136804868
61200.0	2000.0	465.94763857365456	0.0	0	570.8643694749335	665.9476385736489	1	0	tensor(3, device='cuda:0')	1.8878052136804868
62200.0	2000.0	465.94763857365524	0.0	0	467.9436946673086	665.9476385736416	1	0	tensor(3, device='cuda:0')	1.887805213680487
63200.0	2000.0	465.94763857365695	0.0	0	393.6731162220458	665.9476385736416	1	0	tensor(3, device='cuda:0')	1.887805213680487
64200.0	2000.0	465.9476385736573	0.0	0	369.0852111477798	665.9476385736416	1	0	tensor(3, device='cuda:0')	1.887805213680487
65200.0	2000.0	465.9476385736634	0.0	0	464.89910374748433	665.9476385736489	1	0	tensor(3, device='cuda:0')	1.8878052136804868
66200.0	2000.0	465.9476385736589	0.0	0	437.8751416471787	665.9476385736416	1	0	tensor(3, device='cuda:0')	1.8878052136804868
67200.0	2000.0	465.9476385736416	0.0	0	534.3643908888916	665.9476385736343	1	0	tensor(3, device='cuda:0')	1.887805213680487
68200.0	2000.0	465.94763857363523	0.0	0	657.2983062344138	665.9476385736343	1	0	tensor(3, device='cuda:0')	1.887805213680487
69200.0	2000.0	465.9476385736334	0.0	0	271.58771086689376	665.9476385736343	1	0	tensor(3, device='cuda:0')	1.887805213680487
70200.0	2000.0	465.94763857362193	0.0	0	438.4965505622531	665.9476385736343	1	0	tensor(3, device='cuda:0')	1.887805213680487
71200.0	2000.0	465.94763857362955	0.0	0	375.3128903603065	665.9476385736343	1	0	tensor(3, device='cuda:0')	1.887805213680487
72200.0	2000.0	465.94763857363967	0.0	0	631.9454369152954	665.9476385736343	1	0	tensor(3, device='cuda:0')	1.887805213680487
73200.0	2000.0	465.9476385736356	0.0	0	497.9644120330777	665.9476385736343	1	0	tensor(3, device='cuda:0')	1.887805213680487
74436.50735485794	2000.0	352.3185799395533	122.87829622385851	0	0.0	788.8259347974963	1	0	tensor(3, device='cuda:0')	1.1480380336108567
75419.08345088568	2000.0	510.386944301216	140.6444603893907	0	0.0	929.4703951868869	1	0	tensor(3, device='cuda:0')	1.038184063881308
76268.24106754179	2000.0	661.2293276451045	0.0	0	0.0	929.4703951868723	1	0	tensor(3, device='cuda:0')	1.8820508262176525
77200.0	2000.0	729.4703951868935	0.0	0	28.56559982195904	929.4703951868723	1	0	tensor(3, device='cuda:0')	1.8820508262176525
78200.0	2000.0	729.4703951869024	0.0	0	306.73567943174567	929.4703951868723	1	0	tensor(3, device='cuda:0')	1.8820508262176525
79200.0	2000.0	729.4703951869146	0.0	0	179.22465535675292	929.4703951868578	1	0	tensor(3, device='cuda:0')	1.8820508262176527
80200.0	2000.0	729.4703951869157	0.0	0	166.1564225199545	929.4703951868578	1	0	tensor(3, device='cuda:0')	1.8820508262176527
81200.0	2000.0	729.4703951869117	0.0	0	620.0995629553508	929.4703951868578	1	0	tensor(3, device='cuda:0')	1.8820508262176527
82200.0	2000.0	729.4703951869037	0.0	0	568.6181177502731	929.4703951868578	1	0	tensor(3, device='cuda:0')	1.8820508262176527
83200.0	3000.0	479.47039518687495	0.0	0	162.9549995474954	679.4703951868141	1	0	tensor(5, device='cuda:0')	0.8858675494242422
84200.0	2000.0	479.470395186891	0.0	0	418.405528718431	679.4703951868141	1	0	tensor(3, device='cuda:0')	0.982079905955564
85200.0	2000.0	479.4703951868926	0.0	0	340.57076989486814	679.4703951868141	1	0	tensor(3, device='cuda:0')	1.8875450140637287
86200.0	2000.0	479.47039518689473	0.0	0	277.57948667983874	679.4703951868141	1	0	tensor(3, device='cuda:0')	1.8875450140637287
87200.0	2000.0	479.47039518689576	0.0	0	434.0668003320752	679.4703951868141	1	0	tensor(3, device='cuda:0')	1.8875450140637287
88200.0	2000.0	512.7908273211062	33.32043213420633	0	30.25008088602044	712.7908273210196	1	0	tensor(3, device='cuda:0')	1.6869662144868507
89200.0	2000.0	512.7908273211141	0.0	0	264.4258424267755	712.7908273210196	1	0	tensor(3, device='cuda:0')	1.8868888072920889
90200.0	2000.0	512.7908273211178	0.0	0	496.2411122424819	712.7908273210196	1	0	tensor(3, device='cuda:0')	1.8868888072920889
91200.0	2000.0	512.790827321108	0.0	0	445.16610643293825	712.790827321005	1	0	tensor(3, device='cuda:0')	1.886888807292089
92200.0	2000.0	512.7908273211054	0.0	0	326.63181342832104	712.790827321005	1	0	tensor(3, device='cuda:0')	1.886888807292089
93200.0	2000.0	512.7908273210908	0.0	0	505.04801990250417	712.7908273209905	1	0	tensor(3, device='cuda:0')	1.8868888072920895
94200.0	2000.0	512.7908273210974	0.0	0	507.9849475069059	712.790827321005	1	0	tensor(3, device='cuda:0')	1.886888807292089
95200.0	2000.0	512.7908273210996	0.0	0	479.54652540842653	712.7908273209905	1	0	tensor(3, device='cuda:0')	1.8868888072920895
96200.0	2000.0	512.7908273210962	0.0	0	422.12497290103056	712.790827321005	1	0	tensor(3, device='cuda:0')	1.886888807292089
97200.0	2000.0	512.7908273211054	0.0	0	544.4001401284622	712.790827321005	1	0	tensor(3, device='cuda:0')	1.886888807292089
98244.36615567551	2000.0	468.76598935701537	0.3413177114192649	0	0.0	713.1321450324176	1	0	tensor(3, device='cuda:0')	1.8848340665348957
99652.69384954474	2000.0	272.52722638645093	212.08893089866604	0	0.0	925.2210759310838	1	0	tensor(3, device='cuda:0')	0.6096224196991256
100444.61765091517	2000.0	667.5292633550761	186.92583833905252	0	0.0	1112.146914270139	1	0	tensor(3, device='cuda:0')	0.7555306575232282
101431.1850473198	2000.0	680.9618669504396	0.0	0	0.0	1112.146914270139	1	0	tensor(3, device='cuda:0')	1.8770856875575435
102200.0	2000.0	912.146914270239	0.0	0	139.99259711212653	1112.146914270139	1	0	tensor(3, device='cuda:0')	1.8770856875575435
103232.43314495761	2000.0	879.7137693126251	0.0	0	0.0	1112.1469142701244	1	0	tensor(3, device='cuda:0')	1.8770856875575437
104200.0	2000.0	912.1469142702488	0.0	0	337.6062138623238	1112.1469142701244	1	0	tensor(3, device='cuda:0')	1.8770856875575437
105200.0	2000.0	662.1469142702653	0.0	0	302.7557441111567	862.1469142701535	1	0	tensor(5, device='cuda:0')	0.8813584909829235
106200.0	2000.0	662.1469142702658	0.0	0	409.18699493200984	862.1469142701535	1	0	tensor(3, device='cuda:0')	1.3836663970603282
107200.0	2000.0	662.1469142702792	0.0	0	202.85166057170136	862.146914270168	1	0	tensor(3, device='cuda:0')	1.883666397060328
108200.0	2000.0	662.146914270286	0.0	0	366.34222729290195	862.146914270168	1	0	tensor(3, device='cuda:0')	1.883666397060328
109200.0	2000.0	662.1469142702836	0.0	0	493.24134162177506	862.146914270168	1	0	tensor(3, device='cuda:0')	1.883666397060328
110532.271476362	2000.0	367.6959812254529	37.82054331717461	0	0.0	899.9674575873505	1	0	tensor(3, device='cuda:0')	1.6558487956526917
111285.5724697735	2000.0	624.7070636484465	10.312075834482982	0	0.0	910.279533421839	1	0	tensor(3, device='cuda:0')	1.8206498970276788
112200.0	2000.0	710.2795334219437	0.0	0	49.78821834581322	910.279533421839	1	0	tensor(3, device='cuda:0')	1.8825223520345766
113200.0	2000.0	710.2795334219502	0.0	0	560.1605293588218	910.279533421839	1	0	tensor(3, device='cuda:0')	1.8825223520345766
114200.0	2000.0	710.2795334219595	0.0	0	433.4109389734949	910.279533421839	1	0	tensor(3, device='cuda:0')	1.8825223520345766
115200.0	2000.0	710.2795334219701	0.0	0	64.24051354643598	910.279533421839	1	0	tensor(3, device='cuda:0')	1.8825223520345766
116200.0	2000.0	710.2795334219684	0.0	0	253.14709021513409	910.279533421839	1	0	tensor(3, device='cuda:0')	1.8825223520345766
117200.0	2000.0	710.2795334219651	0.0	0	352.33411781390896	910.279533421839	1	0	tensor(3, device='cuda:0')	1.8825223520345766
118200.0	2000.0	710.2795334219616	0.0	0	233.95001422493078	910.279533421839	1	0	tensor(3, device='cuda:0')	1.8825223520345766
119227.43432582055	2000.0	682.8452076014094	0.0	0	0.0	910.279533421839	1	0	tensor(3, device='cuda:0')	1.8825223520345766
120452.78627776486	2000.0	457.4932556570993	0.0	0	0.0	910.279533421839	1	0	tensor(3, device='cuda:0')	1.8825223520345766
121497.89835315145	2000.0	451.56120200965034	39.18002173916375	0	0.0	949.4595551609964	1	0	tensor(3, device='cuda:0')	1.6464699610492781
122505.91258486029	2000.0	474.6517428347722	31.104772533936682	0	0.0	980.5643276949413	1	0	tensor(3, device='cuda:0')	1.6941223521984112
123407.77401212452	2000.0	572.7903155705347	0.0	0	0.0	980.5643276949268	1	0	tensor(3, device='cuda:0')	1.880750987402032
124620.74865099037	2000.0	392.1232546376728	32.30757793298369	0	0.0	1012.8719056279078	1	0	tensor(3, device='cuda:0')	1.6860491309914434
125757.66569475064	2000.0	373.39815113254076	118.19194025513002	0	0.0	1131.0638458830363	1	0	tensor(3, device='cuda:0')	1.1673669289301722
127448.94305848418	2000.0	308.9034153542212	626.7826279552268	0	0.0	1757.8464738384064	1	0	tensor(3, device='cuda:0')	-1.9085404901863314
128055.86013693351	1000.0	701.9863369049091	0.0	0	0.0	1757.8464738384064	1	0	tensor(3, device='cuda:0')	0.4640247529326617
128423.08047719313	1000.0	1334.765996645277	0.0	0	0.0	1757.8464738384064	1	0	tensor(3, device='cuda:0')	1.157171933492607
129200.0	1000.0	1363.6165931367016	0.0	0	345.3759068594518	1563.6165931366995	1	0	tensor(5, device='cuda:0')	0.2744967570346184
130211.55311733513	1000.0	1099.1751964677846	0.0	0	0.0	1310.7283138029015	1	0	tensor(5, device='cuda:0')	0.6693155192841134
131200.0	2000.0	863.6165931366824	0.0	0	66.55460390035296	1063.6165931366559	1	0	tensor(5, device='cuda:0')	0.6890767435864317
132200.0	2000.0	863.616593136669	0.0	0	188.28294079357875	1063.6165931366268	1	0	tensor(3, device='cuda:0')	1.378493164700174
133200.0	2000.0	863.6165931366953	0.0	0	298.2795324837207	1063.6165931366268	1	0	tensor(3, device='cuda:0')	1.8784931647001746
134200.0	2000.0	863.616593136736	0.0	0	511.80269246181706	1063.6165931366268	1	0	tensor(3, device='cuda:0')	1.8784931647001746
135200.0	3000.0	613.6165931367105	0.0	0	321.78734361368697	813.6165931365686	1	0	tensor(5, device='cuda:0')	0.8825565297987975
136200.0	2000.0	613.6165931367213	0.0	0	229.94715179226478	813.6165931365977	1	0	tensor(3, device='cuda:0')	0.9793009844194762
137200.0	2000.0	613.6165931367128	0.0	0	329.78597909596283	813.6165931365977	1	0	tensor(3, device='cuda:0')	1.8847660925276408
138200.0	2000.0	613.6165931367367	0.0	0	546.156881533534	813.6165931365686	1	0	tensor(3, device='cuda:0')	1.8847660925276413
139200.0	2000.0	613.6165931367153	0.0	0	485.5898889529344	813.6165931365686	1	0	tensor(3, device='cuda:0')	1.8847660925276413
140200.0	2000.0	613.6165931366885	0.0	0	527.2198906520207	813.6165931365686	1	0	tensor(3, device='cuda:0')	1.8847660925276413
141200.0	2000.0	613.6165931366768	0.0	0	347.50334326253505	813.6165931365394	1	0	tensor(3, device='cuda:0')	1.884766092527642
142200.0	2000.0	613.6165931366809	0.0	0	537.130711184087	813.6165931365103	1	0	tensor(3, device='cuda:0')	1.8847660925276428
143200.0	2000.0	613.61659313666	0.0	0	352.6744012986892	813.6165931364812	1	0	tensor(3, device='cuda:0')	1.8847660925276433
144702.85516713993	2000.0	200.0	89.23857400327356	0	0.0	902.8551671397581	1	0	tensor(3, device='cuda:0')	1.3475411836050664
145620.89817005154	2000.0	586.4027076382489	304.4457105498993	0	0.0	1207.3008776898205	1	0	tensor(3, device='cuda:0')	0.047448648639631386
146512.996731878	2000.0	694.3041458117706	0.0	0	0.0	1207.3008776898205	1	0	tensor(3, device='cuda:0')	1.8741229119390272
147211.0420812104	2000.0	996.2587964793507	0.0	0	0.0	1207.3008776898205	1	0	tensor(3, device='cuda:0')	1.8741229119390272
148200.0	2000.0	1007.3008776897686	0.0	0	127.62998843521927	1207.3008776898496	1	0	tensor(3, device='cuda:0')	1.8741229119390266
149200.0	2000.0	1007.3008776897927	0.0	0	505.09739496876136	1207.3008776898496	1	0	tensor(3, device='cuda:0')	1.8741229119390266
150200.0	2000.0	757.3008776897486	0.0	0	382.66477760931593	957.3008776897623	1	0	tensor(5, device='cuda:0')	0.8787476261632201
151200.0	2000.0	757.3008776897434	0.0	0	480.9869251647615	957.3008776897623	1	0	tensor(3, device='cuda:0')	1.3813509493240577
152200.0	2000.0	757.3008776897274	0.0	0	32.87106967749423	957.3008776897623	1	0	tensor(3, device='cuda:0')	1.8813509493240577
153348.33601002785	2000.0	608.9648676618838	0.0	0	0.0	957.3008776897623	1	0	tensor(3, device='cuda:0')	1.8813509493240577
154200.0	2000.0	757.3008776896979	0.0	0	230.30972889612895	957.3008776897623	1	0	tensor(3, device='cuda:0')	1.8813509493240577
155200.0	2000.0	757.3008776896619	0.0	0	311.4866442014754	957.3008776897623	1	0	tensor(3, device='cuda:0')	1.8813509493240577
156200.0	2000.0	757.300877689653	0.0	0	194.98024443080067	957.3008776897623	1	0	tensor(3, device='cuda:0')	1.8813509493240577
157200.0	2000.0	757.3008776896496	0.0	0	192.3284257047926	957.3008776897623	1	0	tensor(3, device='cuda:0')	1.8813509493240577
158200.0	2000.0	757.3008776896313	0.0	0	469.2656375107181	957.3008776897623	1	0	tensor(3, device='cuda:0')	1.8813509493240577
159200.0	2000.0	757.3008776896571	0.0	0	501.46662352685235	957.3008776897623	1	0	tensor(3, device='cuda:0')	1.8813509493240577
160200.0	2000.0	507.3008776896554	0.0	0	395.6726664453163	707.3008776897332	1	0	tensor(5, device='cuda:0')	0.884977887668724
161200.0	2000.0	507.3008776896577	0.0	0	535.2024049026368	707.3008776897332	1	0	tensor(3, device='cuda:0')	1.386998420419756
162200.0	2000.0	507.3008776896638	0.0	0	557.8395178115752	707.3008776897332	1	0	tensor(3, device='cuda:0')	1.886998420419756
163200.0	2000.0	507.30087768964256	0.0	0	421.32564798230305	707.3008776897041	1	0	tensor(3, device='cuda:0')	1.8869984204197565
164200.0	2000.0	507.30087768965336	0.0	0	390.47897606756305	707.3008776897041	1	0	tensor(3, device='cuda:0')	1.8869984204197565
165200.0	2000.0	507.30087768967053	0.0	0	526.3822141471028	707.300877689675	1	0	tensor(3, device='cuda:0')	1.886998420419757
166200.0	2000.0	507.3008776896386	0.0	0	446.4139810477791	707.3008776896459	1	0	tensor(3, device='cuda:0')	1.8869984204197576
167200.0	2000.0	507.3008776896578	0.0	0	193.11096628583618	707.3008776896459	1	0	tensor(3, device='cuda:0')	1.8869984204197576
168200.0	2000.0	507.30087768966746	0.0	0	353.18664088871446	707.3008776896459	1	0	tensor(3, device='cuda:0')	1.8869984204197576
169200.0	2000.0	507.30087768967496	0.0	0	42.27905567610287	707.3008776896459	1	0	tensor(3, device='cuda:0')	1.8869984204197576
170464.20431825635	2000.0	483.70823465867085	240.61167522534004	0	0.0	947.9125529149896	1	0	tensor(3, device='cuda:0')	0.4379191468309891
171200.0	2000.0	747.9125529150176	0.0	0	57.73885707673617	947.9125529149896	1	0	tensor(3, device='cuda:0')	1.8815891981830295
172200.0	2000.0	747.9125529150018	0.0	0	365.88902850818704	947.9125529149605	1	0	tensor(3, device='cuda:0')	1.8815891981830304
173200.0	2000.0	747.9125529149914	0.0	0	289.9813737189688	947.9125529149605	1	0	tensor(3, device='cuda:0')	1.8815891981830304
174200.0	2000.0	747.9125529150006	0.0	0	362.51014699201914	947.9125529149605	1	0	tensor(3, device='cuda:0')	1.8815891981830304
175200.0	2000.0	747.9125529150128	0.0	0	493.8091701318044	947.9125529149605	1	0	tensor(3, device='cuda:0')	1.8815891981830304
176200.0	2000.0	747.9125529149844	0.0	0	86.78898483209196	947.9125529149605	1	0	tensor(3, device='cuda:0')	1.8815891981830304
177200.0	2000.0	747.9125529149688	0.0	0	97.59998118618387	947.9125529149605	1	0	tensor(3, device='cuda:0')	1.8815891981830304
178200.0	2000.0	747.9125529149652	0.0	0	72.06985444121528	947.9125529149605	1	0	tensor(3, device='cuda:0')	1.8815891981830304
179200.0	2000.0	747.9125529149901	0.0	0	333.0904319875117	947.9125529149605	1	0	tensor(3, device='cuda:0')	1.8815891981830304
180200.0	2000.0	747.9125529149894	0.0	0	220.78133023786359	947.9125529149605	1	0	tensor(3, device='cuda:0')	1.8815891981830304
181208.95694857676	2000.0	738.955604338217	0.0	0	0.0	947.9125529149605	1	0	tensor(3, device='cuda:0')	1.8815891981830304
182200.0	2000.0	747.9125529149889	0.0	0	21.947512668790296	947.9125529149605	1	0	tensor(3, device='cuda:0')	1.8815891981830304
183200.0	2000.0	747.9125529149792	0.0	0	287.47335070808185	947.9125529149605	1	0	tensor(3, device='cuda:0')	1.8815891981830304
184200.0	2000.0	747.9125529149569	0.0	0	495.9055576171959	947.9125529149605	1	0	tensor(3, device='cuda:0')	1.8815891981830304
185200.0	2000.0	747.912552914955	0.0	0	584.2768236855336	947.9125529149314	1	0	tensor(3, device='cuda:0')	1.881589198183031
186200.0	2000.0	497.912552914957	0.0	0	326.84529154127813	697.9125529149314	1	0	tensor(5, device='cuda:0')	0.8852465505305374
187287.0349531422	2000.0	411.706587373189	0.8289876004736811	0	0.0	698.7415405153879	1	0	tensor(3, device='cuda:0')	1.382194207711543
188480.03002784945	2000.0	477.6839436729151	258.97243100694976	0	0.0	957.7139715223457	1	0	tensor(3, device='cuda:0')	0.3275058293382487
189271.13888367912	2000.0	686.5750878432307	0.0	0	0.0	957.7139715223457	1	0	tensor(3, device='cuda:0')	1.8813404153799473
190200.0	2000.0	757.7139715223375	0.0	0	226.48604603952845	957.7139715223457	1	0	tensor(3, device='cuda:0')	1.8813404153799473
191200.0	2000.0	757.7139715222996	0.0	0	360.60008019630914	957.7139715223457	1	0	tensor(3, device='cuda:0')	1.8813404153799473
192200.0	2000.0	757.7139715222941	0.0	0	71.776445014606	957.7139715223457	1	0	tensor(3, device='cuda:0')	1.8813404153799473
193200.0	2000.0	757.7139715222778	0.0	0	355.77419545841985	957.7139715223457	1	0	tensor(3, device='cuda:0')	1.8813404153799473
194200.0	2000.0	757.7139715222387	0.0	0	562.7031494411349	957.7139715223457	1	0	tensor(3, device='cuda:0')	1.8813404153799473
195200.0	2000.0	757.7139715222419	0.0	0	364.08825089698075	957.7139715223457	1	0	tensor(3, device='cuda:0')	1.8813404153799473
196200.0	2000.0	757.7139715222588	0.0	0	73.23275086813373	957.7139715223748	1	0	tensor(3, device='cuda:0')	1.8813404153799467
197200.0	2000.0	757.7139715222756	0.0	0	220.5396712460788	957.7139715224039	1	0	tensor(3, device='cuda:0')	1.881340415379946
198200.0	2000.0	757.7139715222669	0.0	0	150.37354637862882	957.7139715224039	1	0	tensor(3, device='cuda:0')	1.881340415379946
199498.24377304377	2000.0	459.4701984784705	0.0	0	0.0	957.7139715224039	1	0	tensor(3, device='cuda:0')	1.881340415379946
200501.3002208494	2000.0	552.7088516438885	96.29510097109909	0	0.0	1054.0090724934998	1	0	tensor(3, device='cuda:0')	1.300993302123341
201357.77903603954	2000.0	696.2300364537334	0.0	0	0.0	1054.0090724934998	1	0	tensor(3, device='cuda:0')	1.8787639079499359
202200.0	2000.0	854.009072493261	0.0	0	0.3915431809728034	1054.0090724934707	1	0	tensor(3, device='cuda:0')	1.8787639079499365
203200.0	2000.0	854.0090724932555	0.0	0	303.4733191696869	1054.0090724934707	1	0	tensor(3, device='cuda:0')	1.8787639079499365
204200.0	2000.0	854.009072493241	0.0	0	163.6934253743966	1054.0090724934998	1	0	tensor(3, device='cuda:0')	1.8787639079499359
205256.4354692225	2000.0	797.5736032707857	0.0	0	0.0	1054.0090724934998	1	0	tensor(3, device='cuda:0')	1.8787639079499359
206200.0	2000.0	854.0090724932422	0.0	0	216.98068328588852	1054.0090724934707	1	0	tensor(3, device='cuda:0')	1.8787639079499365
207200.0	2000.0	854.0090724932652	0.0	0	184.96819443194545	1054.0090724934707	1	0	tensor(3, device='cuda:0')	1.8787639079499365
208200.0	2000.0	854.0090724932655	0.0	0	540.112861731468	1054.0090724934707	1	0	tensor(3, device='cuda:0')	1.8787639079499365
209372.72087230813	2000.0	681.2882001851174	0.0	0	0.0	1054.0090724934416	1	0	tensor(3, device='cuda:0')	1.8787639079499374
210494.3340704879	2000.0	559.6750020053271	0.0	0	0.0	1054.0090724934707	1	0	tensor(3, device='cuda:0')	1.8787639079499365
211220.38996854922	2000.0	833.6191039440158	0.0	0	0.0	1054.0090724934707	1	0	tensor(3, device='cuda:0')	1.8787639079499365
212200.0	2000.0	854.00907249323	0.0	0	301.53751638453105	1054.0090724934707	1	0	tensor(3, device='cuda:0')	1.8787639079499365
213200.0	2000.0	854.0090724932055	0.0	0	402.4139847800543	1054.0090724934416	1	0	tensor(3, device='cuda:0')	1.8787639079499374
214200.0	2000.0	854.0090724931999	0.0	0	187.13574297449668	1054.0090724934416	1	0	tensor(3, device='cuda:0')	1.8787639079499374
215200.0	2000.0	854.0090724932165	0.0	0	289.69743210749584	1054.0090724934416	1	0	tensor(3, device='cuda:0')	1.8787639079499374
216200.0	2000.0	854.0090724932269	0.0	0	492.6337063071551	1054.0090724934416	1	0	tensor(3, device='cuda:0')	1.8787639079499374
217272.59155330944	3000.0	513.2696308564524	0.0	0	0.0	785.8611841661332	1	0	tensor(5, device='cuda:0')	0.8474609396092139
218200.0	2000.0	585.8611841658922	0.0	0	287.88615229071	785.8611841661332	1	0	tensor(3, device='cuda:0')	0.979906602993661
219200.0	2000.0	585.8611841658947	0.0	0	418.18795096769463	785.8611841661332	1	0	tensor(3, device='cuda:0')	1.8853717111018256
220200.0	2000.0	585.8611841658786	0.0	0	470.45607157508493	785.8611841661332	1	0	tensor(3, device='cuda:0')	1.8853717111018256
221200.0	2000.0	585.8611841659015	0.0	0	390.29956269368995	785.8611841661332	1	0	tensor(3, device='cuda:0')	1.8853717111018256
222200.0	2000.0	585.8611841658574	0.0	0	345.74846706871176	785.8611841661332	1	0	tensor(3, device='cuda:0')	1.8853717111018256
223200.0	2000.0	585.8611841658292	0.0	0	247.42653014851385	785.8611841661332	1	0	tensor(3, device='cuda:0')	1.8853717111018256
224367.4429697157	2000.0	418.41821445016456	0.0	0	0.0	785.8611841661332	1	0	tensor(3, device='cuda:0')	1.8853717111018256
225728.66426293965	2000.0	426.1029623716743	368.9060411454805	0	0.0	1154.7672253113415	1	0	tensor(3, device='cuda:0')	-0.3376433635796388
226906.2940513819	2000.0	403.14730071928795	154.67412678990448	0	0.0	1309.4413521012466	1	0	tensor(3, device='cuda:0')	0.9425736308619905
227686.07051987466	2000.0	653.3735623744094	30.00273014788374	0	0.0	1339.4440822491306	1	0	tensor(3, device='cuda:0')	1.6895039928840592
228479.47769973826	2000.0	859.9663825108138	0.0	0	0.0	1339.4440822491306	1	0	tensor(3, device='cuda:0')	1.8695203737713615
229531.81535680883	2000.0	807.6287254402184	0.0	0	0.0	1339.4440822491306	1	0	tensor(3, device='cuda:0')	1.8695203737713615
230366.13364074266	2000.0	973.3104415063685	0.0	0	0.0	1339.4440822491015	1	0	tensor(3, device='cuda:0')	1.8695203737713626
231215.352423421	2000.0	1124.0916588280159	0.0	0	0.0	1339.4440822490724	1	0	tensor(3, device='cuda:0')	1.8695203737713637
232200.0	2000.0	893.2821881042327	0.0	0	190.5667193781992	1093.2821881043492	1	0	tensor(5, device='cuda:0')	0.8827884230642546
233200.0	3000.0	643.2821881042094	0.0	0	158.1699857217027	843.2821881043201	1	0	tensor(5, device='cuda:0')	1.3821698783328435
234200.0	2000.0	643.2821881042288	0.0	0	465.06043530779425	843.2821881043201	1	0	tensor(3, device='cuda:0')	0.9786350421456772
235200.0	2000.0	643.2821881042145	0.0	0	641.8049687442544	843.282188104291	1	0	tensor(3, device='cuda:0')	1.8841001502538424
236200.0	2000.0	643.2821881042235	0.0	0	689.6199353479024	843.282188104291	1	0	tensor(3, device='cuda:0')	1.8841001502538424
237200.0	3000.0	643.2821881042191	0.0	0	613.129033214238	843.282188104291	1	0	tensor(3, device='cuda:0')	1.8841001502538426
238200.0	3000.0	393.2821881042064	0.0	0	398.6084779309458	593.282188104291	1	0	tensor(5, device='cuda:0')	1.2927804904236377
239200.0	2000.0	393.2821881041989	0.0	0	484.601631236932	593.282188104291	1	0	tensor(3, device='cuda:0')	0.9836801545000043
240200.0	2000.0	393.28218810416774	0.0	0	566.5627493196807	593.2821881042619	1	0	tensor(3, device='cuda:0')	1.8891452626081695
241200.0	2000.0	409.65594136501414	16.373753260845717	0	133.894860326458	609.6559413651121	1	0	tensor(3, device='cuda:0')	1.790609153355193
242200.0	2000.0	409.65594136503194	0.0	0	535.2261601712962	609.6559413651121	1	0	tensor(3, device='cuda:0')	1.8888516729202673
243200.0	2000.0	409.6559413650184	0.0	0	468.8171610827558	609.6559413651121	1	0	tensor(3, device='cuda:0')	1.8888516729202673
244200.0	2000.0	409.65594136498817	0.0	0	559.5494355330593	609.6559413651121	1	0	tensor(3, device='cuda:0')	1.8888516729202673
245200.0	2000.0	409.65594136497543	0.0	0	430.4251539649267	609.6559413651121	1	0	tensor(3, device='cuda:0')	1.8888516729202673
246200.0	2000.0	443.56492846495007	33.90898710000096	0	90.89453158387914	643.5649284650863	1	0	tensor(3, device='cuda:0')	1.6847743858131756
247200.0	2000.0	443.56492846494393	0.0	0	170.40375230417703	643.5649284650572	1	0	tensor(3, device='cuda:0')	1.8882283084131821
248200.0	2000.0	443.56492846493427	0.0	0	213.59803502008435	643.5649284650572	1	0	tensor(3, device='cuda:0')	1.8882283084131821
249200.0	2000.0	443.5649284649421	0.0	0	559.8742421475472	643.5649284650572	1	0	tensor(3, device='cuda:0')	1.8882283084131821
250200.0	2000.0	443.56492846492574	0.0	0	543.1731077662844	643.5649284650572	1	0	tensor(3, device='cuda:0')	1.8882283084131821
251200.0	2000.0	443.56492846493404	0.0	0	348.1635668222734	643.5649284650572	1	0	tensor(3, device='cuda:0')	1.8882283084131821
252200.0	2000.0	443.5649284649751	0.0	0	417.9699818644731	643.5649284650572	1	0	tensor(3, device='cuda:0')	1.8882283084131821
253200.0	2000.0	443.5649284649496	0.0	0	228.6923154211836	643.5649284650281	1	0	tensor(3, device='cuda:0')	1.8882283084131826
254200.0	2000.0	449.2001837245947	5.635255259642463	0	139.63708038744517	649.2001837246935	1	0	tensor(3, device='cuda:0')	1.8543111369461238
255200.0	2000.0	449.2001837246029	0.0	0	438.47122404476977	649.2001837246935	1	0	tensor(3, device='cuda:0')	1.8881226685039785
256200.0	2000.0	449.2001837245973	0.0	0	338.0677082093607	649.2001837246935	1	0	tensor(3, device='cuda:0')	1.8881226685039785
257200.0	2000.0	449.2001837245897	0.0	0	536.9407864999957	649.2001837246935	1	0	tensor(3, device='cuda:0')	1.8881226685039785
258200.0	2000.0	449.2001837245566	0.0	0	613.3830718208337	649.2001837246644	1	0	tensor(3, device='cuda:0')	1.888122668503979
259200.0	2000.0	449.2001837245813	0.0	0	516.687552676216	649.2001837246644	1	0	tensor(3, device='cuda:0')	1.888122668503979
260200.0	2000.0	449.2001837245966	0.0	0	231.57764253715868	649.2001837246644	1	0	tensor(3, device='cuda:0')	1.888122668503979
261200.0	2000.0	479.7644764606438	30.564292736027767	0	9.714531417906983	679.7644764607248	1	0	tensor(3, device='cuda:0')	1.7041535602468816
262200.0	2000.0	479.76447646064173	0.0	0	93.0646601737244	679.7644764607248	1	0	tensor(3, device='cuda:0')	1.887539316663048
263200.0	2000.0	479.7644764606481	0.0	0	385.57442336005624	679.7644764606957	1	0	tensor(3, device='cuda:0')	1.8875393166630483
264200.0	2000.0	479.76447646066663	0.0	0	486.67616758780787	679.7644764606957	1	0	tensor(3, device='cuda:0')	1.8875393166630485
265200.0	2000.0	479.76447646067277	0.0	0	296.01023024326423	679.7644764607539	1	0	tensor(3, device='cuda:0')	1.8875393166630474
266200.0	2000.0	479.7644764606489	0.0	0	281.60801818291657	679.7644764606957	1	0	tensor(3, device='cuda:0')	1.8875393166630485
267200.0	2000.0	479.76447646063	0.0	0	332.45432451728266	679.7644764606957	1	0	tensor(3, device='cuda:0')	1.8875393166630485
268200.0	2000.0	479.7644764606239	0.0	0	227.40574938437203	679.7644764606957	1	0	tensor(3, device='cuda:0')	1.8875393166630485
269200.0	2000.0	479.76447646062	0.0	0	316.8162659817026	679.7644764606957	1	0	tensor(3, device='cuda:0')	1.8875393166630485
270200.0	2000.0	479.7644764605966	0.0	0	437.31947177258553	679.7644764606957	1	0	tensor(3, device='cuda:0')	1.8875393166630485
271200.0	2000.0	479.7644764605823	0.0	0	429.17157275794307	679.7644764606957	1	0	tensor(3, device='cuda:0')	1.8875393166630485
272200.0	2000.0	479.76447646054817	0.0	0	404.67754994391	679.7644764606957	1	0	tensor(3, device='cuda:0')	1.8875393166630485
273553.3536277545	2000.0	296.16774985469965	169.75690114861845	0	0.0	849.5213776093442	1	0	tensor(3, device='cuda:0')	0.8654161810202814
274568.3723687254	2000.0	580.2635907659904	299.1145818822292	0	0.0	1148.6359594915411	1	0	tensor(3, device='cuda:0')	0.08129472960733541
275452.991941692	2000.0	695.6440177993798	0.0	0	0.0	1148.6359594915411	1	0	tensor(3, device='cuda:0')	1.8759822209007104
276540.5783021894	2000.0	608.0576573019653	0.0	0	0.0	1148.6359594915411	1	0	tensor(3, device='cuda:0')	1.8759822209007104
278141.30850039364	2000.0	200.0	192.67254090225984	0	0.0	1341.3085003938177	1	0	tensor(3, device='cuda:0')	0.7169350947366507
278838.01030017046	1000.0	614.8474804797329	111.54928025655263	0	0.0	1452.8577806503745	1	0	tensor(3, device='cuda:0')	-0.19052483768399797
279475.6255076478	1000.0	977.2322730023866	0.0	0	0.0	1452.8577806503745	1	0	tensor(3, device='cuda:0')	1.171918024415263
280200.0	1000.0	1252.8577806501987	0.0	0	25.81810675759334	1452.8577806503745	1	0	tensor(3, device='cuda:0')	1.171918024415263
281200.0	1000.0	1252.8577806502255	0.0	0	346.0057481805561	1452.8577806503745	1	0	tensor(3, device='cuda:0')	1.171918024415263
282200.0	1000.0	1252.8577806502183	0.0	0	476.48083079460775	1452.8577806503745	1	0	tensor(3, device='cuda:0')	1.171918024415263
283200.0	1000.0	1002.8577806501701	0.0	0	608.0387078658678	1202.8577806503745	1	0	tensor(5, device='cuda:0')	0.17762819142340042
284200.0	2000.0	752.8577806501778	0.0	0	392.4713463393855	952.8577806503745	1	0	tensor(5, device='cuda:0')	0.6857555256324879
285238.37801646534	2000.0	714.4797641848663	0.0	0	0.0	952.8577806504327	1	0	tensor(3, device='cuda:0')	1.3814639776889504
286658.84645041457	2000.0	324.4052002690995	30.393870033512826	0	0.0	983.2516506839311	1	0	tensor(3, device='cuda:0')	1.6983175696966448
287647.7708204526	2000.0	575.2422666019303	239.7614363709598	0	0.0	1223.0130870545981	1	0	tensor(3, device='cuda:0')	0.43503782586644496
288269.45395315276	2000.0	953.5591339018182	0.0	0	0.0	1223.0130870546564	1	0	tensor(3, device='cuda:0')	1.8736064440922018
289200.0	2000.0	1023.0130870545927	0.0	0	469.50453552167164	1223.0130870546564	1	0	tensor(3, device='cuda:0')	1.8736064440922018
290200.0	3000.0	773.0130870546673	0.0	0	183.42764256038936	973.0130870547146	1	0	tensor(5, device='cuda:0')	0.8786157816665565
291200.0	3000.0	523.0130870546964	0.0	0	124.94723891699687	723.0130870547146	1	0	tensor(5, device='cuda:0')	1.7904628595281853
292200.0	2000.0	523.0130870547262	0.0	0	292.9581170960446	723.0130870547146	1	0	tensor(3, device='cuda:0')	0.9812180059896314
293443.8575172848	2000.0	283.88690055968084	4.731330789807544	0	0.0	727.7444178445148	1	0	tensor(3, device='cuda:0')	1.8581992182183642
294759.15601576306	2000.0	269.46209893854893	300.8736968571675	0	0.0	1028.618114701705	1	0	tensor(3, device='cuda:0')	0.07422502915858742
295473.7843584961	1000.0	670.8117976324756	115.97804142691791	0	0.0	1144.596156128624	1	0	tensor(3, device='cuda:0')	-0.20605626006498234
296294.98464586504	1000.0	849.6115102635682	0.0	0	0.0	1144.5961561286822	1	0	tensor(3, device='cuda:0')	1.1829591690564685
297281.3093361904	2000.0	863.2868199381735	0.0	0	0.0	1144.596156128624	1	0	tensor(3, device='cuda:0')	1.1829591690564702
298223.29223163374	2000.0	921.3039244947963	0.0	0	0.0	1144.596156128624	1	0	tensor(3, device='cuda:0')	1.8761063496164154
299200.0	2000.0	944.596156128511	0.0	0	207.60595031629782	1144.596156128624	1	0	tensor(3, device='cuda:0')	1.8761063496164154
300200.0	2000.0	944.5961561284926	0.0	0	351.6329967658967	1144.596156128624	1	0	tensor(3, device='cuda:0')	1.8761063496164154
2.86	3.04	3.23	3.29	4.45	5.53	7.04	6.21	4.09	2.37	2.76	3.2	2.54	1.96	1.97	3.04	2.78	2.8	2.71	3.87	2.97	2.51	3.63	3.3	2.13	3.24	4.43	4.41	4.47	2.59	2.5	2.05	1.98	2.72	2.78	2.84	2.81	2.92	2.39	2.92	3.96	3.13	3.38	3.31	3.08	3.41	3.92	4.69	5.79	6.04	4.69	3.85	2.46	2.46	2.49	3.65	4.49	4.11	3.85	5.12	4.45	4.17	3.41	3.35	4.31	4.1	4.81	3.7	4.34	4.02	5.12	4.76	2.28	1.62	1.98	1.73	2.34	3.13	3.28	4.58	5.73	4.45	2.87	3.0	2.94	3.63	2.77	2.35	3.48	4.23	3.34	3.81	5.12	4.83	3.72	3.63	2.17	1.9	1.78	2.46	2.68	2.53	3.56	3.44	2.95	2.85	3.82	3.36	1.73	2.13	2.9	4.0	3.12	2.1	2.54	3.53	2.95	2.31	2.15	2.35	2.39	2.5	2.27	2.12	1.67	1.25	2.19	2.27	1.25	2.19	2.34	3.43	4.07	3.59	2.47	2.84	4.15	4.1	3.78	2.93	4.1	2.85	1.86	1.73	2.35	2.68	2.46	3.15	3.08	3.65	2.21	1.83	2.93	3.0	2.97	2.65	3.98	4.74	4.55	4.29	5.0	4.52	4.46	4.33	3.19	2.25	2.36	2.34	1.4	2.44	2.56	2.42	3.66	4.47	2.71	2.72	1.9	2.63	3.09	1.97	2.57	3.8	4.95	4.36	3.85	2.22	1.71	2.76	4.05	2.99	2.54	3.22	4.49	3.75	2.7	3.15	2.87	1.87	1.73	2.35	1.81	2.95	3.0	2.57	2.88	2.9	3.48	2.35	2.11	2.65	3.76	3.58	2.54	3.29	4.22	3.8	3.41	3.67	4.76	4.0	2.28	2.59	1.9	1.49	1.98	2.49	3.59	2.07	1.77	2.43	3.42	2.77	3.49	4.65	5.71	6.8	4.24	5.24	4.69	3.17	3.6	4.78	4.58	4.03	2.75	2.49	3.31	4.26	4.12	3.74	4.76	3.35	3.06	3.15	3.58	4.67	4.67	3.59	2.35	2.18	2.17	2.59	3.85	4.04	3.98	3.44	2.25	2.92	3.89	3.73	3.75	1.91	2.24	3.15	2.48	2.09	1.34	1.4	1.27	1.23	1.99	2.5	2.88	2.53	1.93	2.05	3.34	3.86	3.52	3.27	3.52	1.59	1.23	1.11	1.42	2.54	2.73	2.53	2.39	2.1
793.0	794.0	795.0	796.0	797.0	798.0	799.0	800.0	801.0	802.0	803.0	804.0	805.0	806.0	807.0	808.0	809.0	810.0	811.0	812.0	813.0	814.0	815.0	816.0	817.0	818.0	819.0	820.0	821.0	822.0	823.0	824.0	825.0	826.0	827.0	828.0	829.0	830.0	831.0	832.0	833.0	834.0	835.0	836.0	837.0	838.0	839.0	840.0	841.0	842.0	843.0	844.0	845.0	846.0	847.0	848.0	849.0	850.0	851.0	852.0	853.0	854.0	855.0	856.0	857.0	858.0	859.0	860.0	861.0	862.0	863.0	864.0	865.0	866.0	867.0	868.0	869.0	870.0	871.0	872.0	873.0	874.0	875.0	876.0	877.0	878.0	879.0	880.0	881.0	882.0	883.0	884.0	885.0	886.0	887.0	888.0	889.0	890.0	891.0	892.0	893.0	894.0	895.0	896.0	897.0	898.0	899.0	900.0	901.0	902.0	903.0	904.0	905.0	906.0	907.0	908.0	909.0	910.0	911.0	912.0	913.0	914.0	915.0	916.0	917.0	918.0	919.0	920.0	921.0	922.0	923.0	924.0	925.0	926.0	927.0	928.0	929.0	930.0	931.0	932.0	933.0	934.0	935.0	936.0	937.0	938.0	939.0	940.0	941.0	942.0	943.0	944.0	945.0	946.0	947.0	948.0	949.0	950.0	951.0	952.0	953.0	954.0	955.0	956.0	957.0	958.0	959.0	960.0	961.0	962.0	963.0	964.0	965.0	966.0	967.0	968.0	969.0	970.0	971.0	972.0	973.0	974.0	975.0	976.0	977.0	978.0	979.0	980.0	981.0	982.0	983.0	984.0	985.0	986.0	987.0	988.0	989.0	990.0	991.0	992.0	993.0	994.0	995.0	996.0	997.0	998.0	999.0	1000.0	1001.0	1002.0	1003.0	1004.0	1005.0	1006.0	1007.0	1008.0	1009.0	1010.0	1011.0	1012.0	1013.0	1014.0	1015.0	1016.0	1017.0	1018.0	1019.0	1020.0	1021.0	1022.0	1023.0	1024.0	1025.0	1026.0	1027.0	1028.0	1029.0	1030.0	1031.0	1032.0	1033.0	1034.0	1035.0	1036.0	1037.0	1038.0	1039.0	1040.0	1041.0	1042.0	1043.0	1044.0	1045.0	1046.0	1047.0	1048.0	1049.0	1050.0	1051.0	1052.0	1053.0	1054.0	1055.0	1056.0	1057.0	1058.0	1059.0	1060.0	1061.0	1062.0	1063.0	1064.0	1065.0	1066.0	1067.0	1068.0	1069.0	1070.0	1071.0	1072.0	1073.0	1074.0	1075.0	1076.0	1077.0	1078.0	1079.0	1080.0	1081.0	1082.0	1083.0	1084.0	1085.0	1086.0	1087.0	1088.0	1089.0	1090.0	1091.0	1092.0
1150.0
